3.885000e+02 1.776000e+02
3.885000e+02 1.776000e+02
3.885000e+02 1.764000e+02
3.880000e+02 1.758000e+02
3.870000e+02 1.746000e+02
3.860000e+02 1.740000e+02
3.845000e+02 1.728000e+02
3.820000e+02 1.722000e+02
3.790000e+02 1.710000e+02
3.775000e+02 1.710000e+02
3.740000e+02 1.704000e+02
3.710000e+02 1.704000e+02
3.690000e+02 1.704000e+02
3.650000e+02 1.710000e+02
3.615000e+02 1.710000e+02
3.595000e+02 1.710000e+02
3.555000e+02 1.716000e+02
3.535000e+02 1.716000e+02
3.500000e+02 1.728000e+02
3.465000e+02 1.734000e+02
3.450000e+02 1.740000e+02
3.415000e+02 1.758000e+02
3.385000e+02 1.776000e+02
3.370000e+02 1.788000e+02
3.345000e+02 1.806000e+02
3.315000e+02 1.824000e+02
3.305000e+02 1.830000e+02
3.275000e+02 1.848000e+02
3.250000e+02 1.872000e+02
3.235000e+02 1.878000e+02
3.210000e+02 1.908000e+02
3.185000e+02 1.938000e+02
3.160000e+02 1.968000e+02
3.150000e+02 1.980000e+02
3.125000e+02 2.010000e+02
3.115000e+02 2.028000e+02
3.095000e+02 2.064000e+02
3.075000e+02 2.100000e+02
3.070000e+02 2.118000e+02
3.055000e+02 2.148000e+02
3.045000e+02 2.178000e+02
3.040000e+02 2.196000e+02
3.030000e+02 2.238000e+02
3.020000e+02 2.268000e+02
3.015000e+02 2.298000e+02
3.010000e+02 2.334000e+02
3.005000e+02 2.376000e+02
3.005000e+02 2.412000e+02
3.005000e+02 2.430000e+02
3.005000e+02 2.472000e+02
3.005000e+02 2.508000e+02
3.005000e+02 2.532000e+02
3.005000e+02 2.568000e+02
3.005000e+02 2.586000e+02
3.010000e+02 2.628000e+02
3.015000e+02 2.670000e+02
3.020000e+02 2.688000e+02
3.025000e+02 2.724000e+02
3.035000e+02 2.760000e+02
3.035000e+02 2.784000e+02
3.045000e+02 2.826000e+02
3.055000e+02 2.868000e+02
3.065000e+02 2.898000e+02
3.070000e+02 2.922000e+02
3.085000e+02 2.958000e+02
3.090000e+02 2.976000e+02
3.105000e+02 3.012000e+02
3.120000e+02 3.042000e+02
3.135000e+02 3.078000e+02
3.145000e+02 3.090000e+02
3.160000e+02 3.126000e+02
3.175000e+02 3.162000e+02
3.185000e+02 3.174000e+02
3.200000e+02 3.204000e+02
3.215000e+02 3.228000e+02
3.225000e+02 3.240000e+02
3.245000e+02 3.270000e+02
3.255000e+02 3.282000e+02
3.275000e+02 3.312000e+02
3.290000e+02 3.336000e+02
3.310000e+02 3.360000e+02
3.320000e+02 3.372000e+02
3.345000e+02 3.384000e+02
3.370000e+02 3.402000e+02
3.385000e+02 3.408000e+02
3.405000e+02 3.426000e+02
3.415000e+02 3.432000e+02
3.440000e+02 3.444000e+02
3.470000e+02 3.462000e+02
3.485000e+02 3.468000e+02
3.515000e+02 3.480000e+02
3.540000e+02 3.486000e+02
3.570000e+02 3.492000e+02
3.590000e+02 3.492000e+02
3.620000e+02 3.492000e+02
3.650000e+02 3.486000e+02
3.700000e+02 3.468000e+02
3.715000e+02 3.462000e+02
3.750000e+02 3.444000e+02
3.780000e+02 3.432000e+02
3.800000e+02 3.420000e+02
3.840000e+02 3.408000e+02
3.870000e+02 3.384000e+02
3.890000e+02 3.378000e+02
3.925000e+02 3.342000e+02
3.960000e+02 3.312000e+02
3.980000e+02 3.300000e+02
4.015000e+02 3.270000e+02
4.050000e+02 3.228000e+02
4.070000e+02 3.210000e+02
4.110000e+02 3.168000e+02
4.145000e+02 3.126000e+02
4.165000e+02 3.102000e+02
4.205000e+02 3.054000e+02
4.240000e+02 3.006000e+02
4.255000e+02 2.982000e+02
4.285000e+02 2.934000e+02
4.310000e+02 2.886000e+02
4.325000e+02 2.862000e+02
4.345000e+02 2.820000e+02
4.360000e+02 2.772000e+02
4.365000e+02 2.748000e+02
4.370000e+02 2.700000e+02
4.375000e+02 2.664000e+02
4.375000e+02 2.640000e+02
4.370000e+02 2.598000e+02
4.360000e+02 2.562000e+02
4.360000e+02 2.538000e+02
4.350000e+02 2.508000e+02
4.340000e+02 2.472000e+02
4.335000e+02 2.454000e+02
4.320000e+02 2.418000e+02
4.310000e+02 2.388000e+02
4.305000e+02 2.376000e+02
4.295000e+02 2.346000e+02
4.280000e+02 2.316000e+02
4.270000e+02 2.298000e+02
4.250000e+02 2.262000e+02
4.235000e+02 2.232000e+02
4.225000e+02 2.220000e+02
4.210000e+02 2.196000e+02
4.195000e+02 2.172000e+02
4.185000e+02 2.154000e+02
4.170000e+02 2.124000e+02
4.160000e+02 2.106000e+02
4.140000e+02 2.082000e+02
4.120000e+02 2.058000e+02
4.115000e+02 2.046000e+02
4.095000e+02 2.022000e+02
4.075000e+02 1.992000e+02
4.070000e+02 1.980000e+02
4.050000e+02 1.950000e+02
4.030000e+02 1.926000e+02
4.020000e+02 1.914000e+02
4.000000e+02 1.890000e+02
3.985000e+02 1.878000e+02
3.965000e+02 1.860000e+02
3.945000e+02 1.836000e+02
3.915000e+02 1.812000e+02
3.900000e+02 1.800000e+02
3.870000e+02 1.776000e+02
3.840000e+02 1.752000e+02
3.795000e+02 1.728000e+02
3.780000e+02 1.722000e+02
3.750000e+02 1.710000e+02
3.725000e+02 1.698000e+02
3.710000e+02 1.698000e+02
3.685000e+02 1.692000e+02
3.655000e+02 1.692000e+02
3.635000e+02 1.692000e+02
3.625000e+02 1.692000e+02
3.610000e+02 1.698000e+02
3.605000e+02 1.704000e+02
3.600000e+02 1.704000e+02
3.600000e+02 1.704000e+02
