2.410000e+02 3.480000e+02
2.410000e+02 3.480000e+02
2.420000e+02 3.438000e+02
2.420000e+02 3.420000e+02
2.430000e+02 3.372000e+02
2.440000e+02 3.342000e+02
2.450000e+02 3.282000e+02
2.470000e+02 3.210000e+02
2.480000e+02 3.168000e+02
2.505000e+02 3.084000e+02
2.530000e+02 2.988000e+02
2.545000e+02 2.934000e+02
2.580000e+02 2.826000e+02
2.640000e+02 2.640000e+02
2.660000e+02 2.574000e+02
2.700000e+02 2.442000e+02
2.740000e+02 2.316000e+02
2.775000e+02 2.196000e+02
2.810000e+02 2.076000e+02
2.845000e+02 1.968000e+02
2.860000e+02 1.914000e+02
2.890000e+02 1.800000e+02
2.920000e+02 1.698000e+02
2.950000e+02 1.596000e+02
2.980000e+02 1.494000e+02
2.995000e+02 1.446000e+02
3.025000e+02 1.362000e+02
3.055000e+02 1.272000e+02
3.070000e+02 1.236000e+02
3.105000e+02 1.158000e+02
3.115000e+02 1.116000e+02
3.150000e+02 1.050000e+02
3.175000e+02 9.960000e+01
3.200000e+02 9.480000e+01
3.210000e+02 9.240000e+01
3.230000e+02 8.880000e+01
3.235000e+02 8.760000e+01
3.255000e+02 8.580000e+01
3.270000e+02 8.520000e+01
3.285000e+02 8.520000e+01
3.295000e+02 8.580000e+01
3.310000e+02 8.820000e+01
3.330000e+02 9.060000e+01
3.350000e+02 9.420000e+01
3.375000e+02 9.840000e+01
3.405000e+02 1.032000e+02
3.435000e+02 1.092000e+02
3.450000e+02 1.128000e+02
3.485000e+02 1.188000e+02
3.525000e+02 1.266000e+02
3.550000e+02 1.302000e+02
3.590000e+02 1.380000e+02
3.635000e+02 1.464000e+02
3.660000e+02 1.506000e+02
3.680000e+02 1.554000e+02
3.725000e+02 1.644000e+02
3.770000e+02 1.734000e+02
3.795000e+02 1.782000e+02
3.840000e+02 1.884000e+02
3.885000e+02 1.986000e+02
3.910000e+02 2.034000e+02
3.955000e+02 2.142000e+02
3.975000e+02 2.190000e+02
4.015000e+02 2.292000e+02
4.055000e+02 2.394000e+02
4.070000e+02 2.448000e+02
4.115000e+02 2.550000e+02
4.155000e+02 2.646000e+02
4.195000e+02 2.742000e+02
4.235000e+02 2.826000e+02
4.270000e+02 2.916000e+02
4.290000e+02 2.964000e+02
4.330000e+02 3.048000e+02
4.365000e+02 3.126000e+02
4.390000e+02 3.192000e+02
4.420000e+02 3.252000e+02
4.440000e+02 3.294000e+02
4.445000e+02 3.318000e+02
4.460000e+02 3.342000e+02
4.465000e+02 3.366000e+02
4.465000e+02 3.372000e+02
4.465000e+02 3.378000e+02
4.465000e+02 3.378000e+02
4.445000e+02 3.378000e+02
4.420000e+02 3.372000e+02
4.385000e+02 3.348000e+02
4.360000e+02 3.330000e+02
4.300000e+02 3.300000e+02
4.260000e+02 3.282000e+02
4.175000e+02 3.240000e+02
4.075000e+02 3.192000e+02
3.955000e+02 3.144000e+02
3.890000e+02 3.120000e+02
3.760000e+02 3.060000e+02
3.680000e+02 3.024000e+02
3.520000e+02 2.970000e+02
3.355000e+02 2.910000e+02
3.185000e+02 2.856000e+02
3.100000e+02 2.826000e+02
2.935000e+02 2.784000e+02
2.845000e+02 2.754000e+02
2.680000e+02 2.706000e+02
2.525000e+02 2.664000e+02
2.450000e+02 2.646000e+02
2.310000e+02 2.622000e+02
2.170000e+02 2.592000e+02
2.045000e+02 2.568000e+02
1.990000e+02 2.556000e+02
1.880000e+02 2.538000e+02
1.790000e+02 2.526000e+02
1.750000e+02 2.520000e+02
1.690000e+02 2.508000e+02
1.670000e+02 2.508000e+02
1.635000e+02 2.502000e+02
1.615000e+02 2.496000e+02
1.610000e+02 2.490000e+02
1.625000e+02 2.484000e+02
1.660000e+02 2.472000e+02
1.690000e+02 2.466000e+02
1.770000e+02 2.430000e+02
1.890000e+02 2.394000e+02
2.035000e+02 2.352000e+02
2.210000e+02 2.298000e+02
2.410000e+02 2.238000e+02
2.615000e+02 2.184000e+02
2.835000e+02 2.118000e+02
3.070000e+02 2.058000e+02
3.315000e+02 1.986000e+02
3.440000e+02 1.950000e+02
3.710000e+02 1.884000e+02
3.955000e+02 1.824000e+02
4.075000e+02 1.794000e+02
4.300000e+02 1.746000e+02
4.515000e+02 1.704000e+02
4.615000e+02 1.686000e+02
4.805000e+02 1.644000e+02
4.885000e+02 1.632000e+02
4.960000e+02 1.614000e+02
5.085000e+02 1.596000e+02
5.185000e+02 1.584000e+02
5.260000e+02 1.578000e+02
5.315000e+02 1.578000e+02
5.355000e+02 1.578000e+02
5.380000e+02 1.578000e+02
5.390000e+02 1.578000e+02
5.395000e+02 1.584000e+02
5.385000e+02 1.596000e+02
5.370000e+02 1.602000e+02
5.355000e+02 1.614000e+02
5.305000e+02 1.644000e+02
5.245000e+02 1.674000e+02
5.210000e+02 1.698000e+02
5.125000e+02 1.746000e+02
5.020000e+02 1.800000e+02
4.970000e+02 1.830000e+02
4.845000e+02 1.902000e+02
4.710000e+02 1.968000e+02
4.585000e+02 2.046000e+02
4.515000e+02 2.082000e+02
4.375000e+02 2.172000e+02
4.240000e+02 2.256000e+02
4.175000e+02 2.310000e+02
4.035000e+02 2.400000e+02
3.890000e+02 2.508000e+02
3.825000e+02 2.556000e+02
3.670000e+02 2.670000e+02
3.530000e+02 2.778000e+02
3.400000e+02 2.880000e+02
3.340000e+02 2.934000e+02
3.215000e+02 3.030000e+02
3.100000e+02 3.120000e+02
2.990000e+02 3.216000e+02
2.940000e+02 3.258000e+02
2.840000e+02 3.330000e+02
2.745000e+02 3.408000e+02
2.650000e+02 3.480000e+02
2.605000e+02 3.522000e+02
2.520000e+02 3.588000e+02
2.420000e+02 3.672000e+02
2.385000e+02 3.702000e+02
2.335000e+02 3.744000e+02
2.315000e+02 3.762000e+02
2.275000e+02 3.792000e+02
2.245000e+02 3.810000e+02
2.225000e+02 3.828000e+02
2.215000e+02 3.834000e+02
2.210000e+02 3.834000e+02
2.200000e+02 3.840000e+02
2.195000e+02 3.846000e+02
2.195000e+02 3.846000e+02
2.195000e+02 3.846000e+02
2.195000e+02 3.846000e+02
2.200000e+02 3.840000e+02
2.210000e+02 3.834000e+02
2.220000e+02 3.828000e+02
2.225000e+02 3.822000e+02
2.225000e+02 3.810000e+02
2.225000e+02 3.810000e+02
