1.650000e+02 3.390000e+02
1.650000e+02 3.390000e+02
1.650000e+02 3.384000e+02
1.655000e+02 3.384000e+02
1.665000e+02 3.372000e+02
1.675000e+02 3.348000e+02
1.690000e+02 3.318000e+02
1.710000e+02 3.288000e+02
1.730000e+02 3.252000e+02
1.755000e+02 3.210000e+02
1.785000e+02 3.156000e+02
1.815000e+02 3.108000e+02
1.845000e+02 3.060000e+02
1.895000e+02 2.982000e+02
1.935000e+02 2.922000e+02
1.980000e+02 2.862000e+02
2.015000e+02 2.802000e+02
2.070000e+02 2.730000e+02
2.115000e+02 2.664000e+02
2.165000e+02 2.592000e+02
2.215000e+02 2.520000e+02
2.265000e+02 2.442000e+02
2.315000e+02 2.376000e+02
2.360000e+02 2.304000e+02
2.405000e+02 2.226000e+02
2.460000e+02 2.142000e+02
2.505000e+02 2.070000e+02
2.555000e+02 1.980000e+02
2.600000e+02 1.908000e+02
2.650000e+02 1.824000e+02
2.705000e+02 1.734000e+02
2.755000e+02 1.644000e+02
2.810000e+02 1.554000e+02
2.860000e+02 1.470000e+02
2.940000e+02 1.350000e+02
3.025000e+02 1.206000e+02
3.065000e+02 1.146000e+02
3.095000e+02 1.092000e+02
3.130000e+02 1.044000e+02
3.155000e+02 1.002000e+02
3.185000e+02 9.600000e+01
3.205000e+02 9.300000e+01
3.230000e+02 9.000000e+01
3.250000e+02 8.760000e+01
3.270000e+02 8.580000e+01
3.305000e+02 8.280000e+01
3.325000e+02 8.220000e+01
3.345000e+02 8.100000e+01
3.365000e+02 8.100000e+01
3.385000e+02 8.100000e+01
3.410000e+02 8.100000e+01
3.430000e+02 8.220000e+01
3.450000e+02 8.340000e+01
3.475000e+02 8.520000e+01
3.495000e+02 8.760000e+01
3.515000e+02 9.000000e+01
3.535000e+02 9.240000e+01
3.575000e+02 9.780000e+01
3.600000e+02 1.014000e+02
3.610000e+02 1.032000e+02
3.650000e+02 1.092000e+02
3.685000e+02 1.140000e+02
3.715000e+02 1.182000e+02
3.745000e+02 1.230000e+02
3.780000e+02 1.284000e+02
3.840000e+02 1.368000e+02
3.875000e+02 1.428000e+02
3.915000e+02 1.494000e+02
3.955000e+02 1.560000e+02
3.995000e+02 1.632000e+02
4.035000e+02 1.698000e+02
4.080000e+02 1.776000e+02
4.120000e+02 1.848000e+02
4.165000e+02 1.926000e+02
4.205000e+02 1.998000e+02
4.265000e+02 2.106000e+02
4.310000e+02 2.190000e+02
4.345000e+02 2.256000e+02
4.385000e+02 2.328000e+02
4.415000e+02 2.394000e+02
4.450000e+02 2.454000e+02
4.480000e+02 2.526000e+02
4.510000e+02 2.580000e+02
4.540000e+02 2.646000e+02
4.565000e+02 2.706000e+02
4.590000e+02 2.760000e+02
4.615000e+02 2.820000e+02
4.635000e+02 2.868000e+02
4.655000e+02 2.916000e+02
4.690000e+02 2.988000e+02
4.705000e+02 3.024000e+02
4.720000e+02 3.054000e+02
4.735000e+02 3.084000e+02
4.750000e+02 3.114000e+02
4.765000e+02 3.144000e+02
4.775000e+02 3.168000e+02
4.790000e+02 3.192000e+02
4.800000e+02 3.216000e+02
4.810000e+02 3.240000e+02
4.825000e+02 3.270000e+02
4.830000e+02 3.288000e+02
4.835000e+02 3.306000e+02
4.845000e+02 3.330000e+02
4.850000e+02 3.348000e+02
4.855000e+02 3.354000e+02
4.855000e+02 3.372000e+02
4.860000e+02 3.378000e+02
4.865000e+02 3.378000e+02
4.865000e+02 3.378000e+02
1.37936781247
1.19693613766
1.31214086363
1.36284043555
1.56124959872
1.63125901441
1.45176571061
1.4187501248
1.54449412556
1.30855276396
1.6964860892
1.40899267481
1.6327174479
1.64733787887
1.70540718634
1.78786128677
1.86109400176
1.89206593748
2.04014263311
1.95737826036
2.10104586347
1.85510666763
1.82776583963
1.92322526538
1.84835978072
1.98637797005
1.96172514481
1.79323575627
1.42339115355
1.45440225731
1.21228540138
1.49449804237
1.3635746443
1.54660305572
1.39035943973
1.65319618887
1.76529204766
1.97241878776
1.65731036909
1.74018686995
2.16654250654
1.68068293702
2.12097625188
1.93735340785
1.94497504765
1.82999457791
1.7318371654
1.89874600832
1.71311100223
2.0235346161
1.82388897166
1.91472119267
2.03136131211
1.74663961256
1.68132652168
1.78220342498
1.54578974289
1.87999834112
1.88384218505
1.8653325981
1.69213843675
1.6086928473
1.71369698683
1.83116193911
1.73840894813
1.70186823871
1.65213865179
1.90397993368
1.77026485275
1.91555447353
2.15860982642
2.07195015368
2.06434387389
2.05561400895
2.1407253921
2.26832488276
1.99691186884
2.10774052633
2.01599668838
2.02259995914
2.37706765012
1.69668884141
2.01602587241
2.18429561272
2.01262593293
2.01811483455
1.93393426835
1.38686503615
1.49564313154
2.1014621199
2.04592491103
1.3899431833
1.18902265756
1.37914432424
1.69258925321
1.58835849048
1.59071548489
1.56527315484
1.36775333658
1.21688649409
