3.555000e+02 9.540000e+01
3.555000e+02 9.540000e+01
3.530000e+02 1.098000e+02
3.515000e+02 1.170000e+02
3.500000e+02 1.248000e+02
3.490000e+02 1.320000e+02
3.475000e+02 1.392000e+02
3.460000e+02 1.470000e+02
3.445000e+02 1.548000e+02
3.430000e+02 1.626000e+02
3.420000e+02 1.722000e+02
3.405000e+02 1.800000e+02
3.395000e+02 1.896000e+02
3.390000e+02 1.968000e+02
3.375000e+02 2.088000e+02
3.365000e+02 2.160000e+02
3.355000e+02 2.238000e+02
3.350000e+02 2.316000e+02
3.340000e+02 2.388000e+02
3.330000e+02 2.454000e+02
3.320000e+02 2.520000e+02
3.315000e+02 2.586000e+02
3.310000e+02 2.652000e+02
3.305000e+02 2.712000e+02
3.295000e+02 2.778000e+02
3.290000e+02 2.838000e+02
3.290000e+02 2.904000e+02
3.280000e+02 2.964000e+02
3.275000e+02 3.042000e+02
3.270000e+02 3.102000e+02
3.265000e+02 3.150000e+02
3.260000e+02 3.198000e+02
3.255000e+02 3.252000e+02
3.255000e+02 3.300000e+02
3.250000e+02 3.342000e+02
3.245000e+02 3.384000e+02
3.240000e+02 3.432000e+02
3.240000e+02 3.468000e+02
3.235000e+02 3.510000e+02
3.235000e+02 3.552000e+02
3.235000e+02 3.588000e+02
3.235000e+02 3.624000e+02
3.235000e+02 3.654000e+02
3.235000e+02 3.684000e+02
3.230000e+02 3.714000e+02
3.230000e+02 3.744000e+02
3.225000e+02 3.786000e+02
3.225000e+02 3.798000e+02
3.225000e+02 3.828000e+02
3.225000e+02 3.882000e+02
3.220000e+02 3.918000e+02
3.220000e+02 3.948000e+02
3.220000e+02 3.978000e+02
3.215000e+02 4.032000e+02
3.215000e+02 4.056000e+02
3.215000e+02 4.056000e+02
