2.140000e+02 8.280000e+01
2.140000e+02 8.280000e+01
2.160000e+02 8.460000e+01
2.165000e+02 8.520000e+01
2.180000e+02 8.700000e+01
2.205000e+02 8.940000e+01
2.235000e+02 9.180000e+01
2.245000e+02 9.300000e+01
2.275000e+02 9.660000e+01
2.310000e+02 1.008000e+02
2.330000e+02 1.032000e+02
2.365000e+02 1.074000e+02
2.385000e+02 1.098000e+02
2.420000e+02 1.152000e+02
2.460000e+02 1.200000e+02
2.480000e+02 1.224000e+02
2.520000e+02 1.290000e+02
2.560000e+02 1.344000e+02
2.585000e+02 1.380000e+02
2.625000e+02 1.452000e+02
2.670000e+02 1.524000e+02
2.690000e+02 1.554000e+02
2.735000e+02 1.626000e+02
2.780000e+02 1.704000e+02
2.800000e+02 1.746000e+02
2.850000e+02 1.830000e+02
2.895000e+02 1.908000e+02
2.920000e+02 1.950000e+02
2.965000e+02 2.034000e+02
3.010000e+02 2.124000e+02
3.035000e+02 2.172000e+02
3.090000e+02 2.262000e+02
3.135000e+02 2.346000e+02
3.175000e+02 2.436000e+02
3.215000e+02 2.520000e+02
3.255000e+02 2.610000e+02
3.275000e+02 2.658000e+02
3.315000e+02 2.754000e+02
3.360000e+02 2.850000e+02
3.375000e+02 2.892000e+02
3.415000e+02 2.976000e+02
3.455000e+02 3.060000e+02
3.475000e+02 3.102000e+02
3.510000e+02 3.168000e+02
3.535000e+02 3.234000e+02
3.560000e+02 3.294000e+02
3.570000e+02 3.318000e+02
3.590000e+02 3.354000e+02
3.605000e+02 3.390000e+02
3.620000e+02 3.420000e+02
3.630000e+02 3.438000e+02
3.635000e+02 3.444000e+02
3.635000e+02 3.456000e+02
3.640000e+02 3.468000e+02
3.640000e+02 3.468000e+02
3.635000e+02 3.468000e+02
3.630000e+02 3.474000e+02
3.620000e+02 3.474000e+02
3.615000e+02 3.474000e+02
3.595000e+02 3.468000e+02
3.585000e+02 3.468000e+02
3.575000e+02 3.468000e+02
3.550000e+02 3.462000e+02
3.515000e+02 3.462000e+02
3.495000e+02 3.462000e+02
3.455000e+02 3.468000e+02
3.405000e+02 3.468000e+02
3.355000e+02 3.474000e+02
3.330000e+02 3.480000e+02
3.270000e+02 3.492000e+02
3.235000e+02 3.492000e+02
3.170000e+02 3.504000e+02
3.100000e+02 3.516000e+02
3.065000e+02 3.522000e+02
2.985000e+02 3.534000e+02
2.910000e+02 3.546000e+02
2.865000e+02 3.552000e+02
2.785000e+02 3.564000e+02
2.705000e+02 3.582000e+02
2.665000e+02 3.594000e+02
2.580000e+02 3.612000e+02
2.500000e+02 3.636000e+02
2.460000e+02 3.648000e+02
2.380000e+02 3.666000e+02
2.305000e+02 3.684000e+02
2.225000e+02 3.702000e+02
2.190000e+02 3.720000e+02
2.105000e+02 3.750000e+02
2.035000e+02 3.786000e+02
1.960000e+02 3.822000e+02
1.925000e+02 3.834000e+02
1.890000e+02 3.852000e+02
1.825000e+02 3.882000e+02
1.770000e+02 3.912000e+02
1.745000e+02 3.924000e+02
1.695000e+02 3.948000e+02
1.660000e+02 3.960000e+02
1.645000e+02 3.966000e+02
1.635000e+02 3.972000e+02
1.615000e+02 3.972000e+02
1.610000e+02 3.972000e+02
1.610000e+02 3.966000e+02
1.620000e+02 3.948000e+02
1.640000e+02 3.924000e+02
1.650000e+02 3.912000e+02
1.675000e+02 3.882000e+02
1.710000e+02 3.846000e+02
1.730000e+02 3.828000e+02
1.770000e+02 3.780000e+02
1.820000e+02 3.738000e+02
1.845000e+02 3.708000e+02
1.895000e+02 3.654000e+02
1.950000e+02 3.594000e+02
1.980000e+02 3.564000e+02
2.050000e+02 3.492000e+02
2.120000e+02 3.414000e+02
2.160000e+02 3.378000e+02
2.235000e+02 3.300000e+02
2.315000e+02 3.216000e+02
2.360000e+02 3.174000e+02
2.445000e+02 3.078000e+02
2.540000e+02 2.988000e+02
2.585000e+02 2.940000e+02
2.680000e+02 2.850000e+02
2.780000e+02 2.766000e+02
2.825000e+02 2.718000e+02
2.925000e+02 2.628000e+02
3.020000e+02 2.544000e+02
3.065000e+02 2.502000e+02
3.160000e+02 2.424000e+02
3.250000e+02 2.340000e+02
3.290000e+02 2.304000e+02
3.385000e+02 2.226000e+02
3.460000e+02 2.148000e+02
3.545000e+02 2.076000e+02
3.580000e+02 2.040000e+02
3.615000e+02 2.004000e+02
3.690000e+02 1.944000e+02
3.770000e+02 1.872000e+02
3.805000e+02 1.842000e+02
3.875000e+02 1.782000e+02
3.945000e+02 1.716000e+02
3.975000e+02 1.686000e+02
4.040000e+02 1.632000e+02
4.065000e+02 1.608000e+02
4.125000e+02 1.548000e+02
4.180000e+02 1.494000e+02
4.205000e+02 1.470000e+02
4.255000e+02 1.422000e+02
4.305000e+02 1.374000e+02
4.330000e+02 1.350000e+02
4.355000e+02 1.332000e+02
4.400000e+02 1.290000e+02
4.450000e+02 1.248000e+02
4.470000e+02 1.230000e+02
4.515000e+02 1.188000e+02
4.535000e+02 1.170000e+02
4.580000e+02 1.140000e+02
4.620000e+02 1.110000e+02
4.660000e+02 1.074000e+02
4.680000e+02 1.056000e+02
4.700000e+02 1.038000e+02
4.730000e+02 1.014000e+02
4.745000e+02 1.002000e+02
4.765000e+02 9.840000e+01
4.775000e+02 9.720000e+01
4.785000e+02 9.660000e+01
4.795000e+02 9.600000e+01
4.805000e+02 9.480000e+01
4.810000e+02 9.480000e+01
4.810000e+02 9.420000e+01
4.815000e+02 9.360000e+01
4.815000e+02 9.360000e+01
4.815000e+02 9.360000e+01
4.820000e+02 9.360000e+01
4.820000e+02 9.360000e+01
4.820000e+02 9.360000e+01
4.820000e+02 9.300000e+01
4.820000e+02 9.300000e+01
4.820000e+02 9.300000e+01
4.820000e+02 9.360000e+01
4.820000e+02 9.360000e+01
4.820000e+02 9.360000e+01
