2.135000e+02 2.082000e+02
2.135000e+02 2.082000e+02
2.135000e+02 2.076000e+02
2.135000e+02 2.070000e+02
2.135000e+02 2.064000e+02
2.135000e+02 2.052000e+02
2.140000e+02 2.034000e+02
2.160000e+02 1.998000e+02
2.205000e+02 1.914000e+02
2.250000e+02 1.842000e+02
2.290000e+02 1.788000e+02
2.335000e+02 1.728000e+02
2.385000e+02 1.668000e+02
2.440000e+02 1.608000e+02
2.485000e+02 1.560000e+02
2.515000e+02 1.524000e+02
2.600000e+02 1.440000e+02
2.625000e+02 1.422000e+02
2.690000e+02 1.362000e+02
2.750000e+02 1.314000e+02
2.815000e+02 1.272000e+02
2.880000e+02 1.230000e+02
2.960000e+02 1.182000e+02
3.045000e+02 1.140000e+02
3.160000e+02 1.098000e+02
3.195000e+02 1.092000e+02
3.310000e+02 1.062000e+02
3.420000e+02 1.038000e+02
3.485000e+02 1.032000e+02
3.555000e+02 1.026000e+02
3.615000e+02 1.026000e+02
3.685000e+02 1.026000e+02
3.790000e+02 1.044000e+02
3.815000e+02 1.050000e+02
3.875000e+02 1.068000e+02
3.935000e+02 1.080000e+02
3.985000e+02 1.098000e+02
4.040000e+02 1.122000e+02
4.110000e+02 1.158000e+02
4.155000e+02 1.188000e+02
4.205000e+02 1.218000e+02
4.230000e+02 1.242000e+02
4.250000e+02 1.260000e+02
4.265000e+02 1.284000e+02
4.275000e+02 1.302000e+02
4.280000e+02 1.320000e+02
4.285000e+02 1.338000e+02
4.290000e+02 1.356000e+02
4.290000e+02 1.374000e+02
4.285000e+02 1.398000e+02
4.285000e+02 1.428000e+02
4.275000e+02 1.470000e+02
4.265000e+02 1.500000e+02
4.255000e+02 1.530000e+02
4.230000e+02 1.602000e+02
4.215000e+02 1.626000e+02
4.195000e+02 1.662000e+02
4.170000e+02 1.704000e+02
4.145000e+02 1.752000e+02
4.115000e+02 1.800000e+02
4.080000e+02 1.836000e+02
4.045000e+02 1.884000e+02
3.985000e+02 1.950000e+02
3.940000e+02 1.986000e+02
3.920000e+02 2.004000e+02
3.865000e+02 2.052000e+02
3.815000e+02 2.094000e+02
3.765000e+02 2.130000e+02
3.710000e+02 2.160000e+02
3.630000e+02 2.214000e+02
3.605000e+02 2.226000e+02
3.525000e+02 2.274000e+02
3.500000e+02 2.286000e+02
3.450000e+02 2.316000e+02
3.405000e+02 2.340000e+02
3.350000e+02 2.370000e+02
3.300000e+02 2.400000e+02
3.250000e+02 2.430000e+02
3.205000e+02 2.454000e+02
3.165000e+02 2.478000e+02
3.125000e+02 2.502000e+02
3.065000e+02 2.550000e+02
3.045000e+02 2.562000e+02
3.005000e+02 2.592000e+02
2.970000e+02 2.616000e+02
2.935000e+02 2.646000e+02
2.905000e+02 2.676000e+02
2.880000e+02 2.706000e+02
2.860000e+02 2.724000e+02
2.840000e+02 2.754000e+02
2.835000e+02 2.760000e+02
2.825000e+02 2.778000e+02
2.815000e+02 2.796000e+02
2.810000e+02 2.814000e+02
2.805000e+02 2.832000e+02
2.800000e+02 2.850000e+02
2.800000e+02 2.862000e+02
2.800000e+02 2.874000e+02
2.800000e+02 2.892000e+02
2.800000e+02 2.904000e+02
2.800000e+02 2.922000e+02
2.805000e+02 2.946000e+02
2.805000e+02 2.976000e+02
2.805000e+02 3.012000e+02
2.810000e+02 3.072000e+02
2.810000e+02 3.102000e+02
2.810000e+02 3.162000e+02
2.800000e+02 3.222000e+02
2.795000e+02 3.288000e+02
2.790000e+02 3.348000e+02
2.785000e+02 3.420000e+02
2.775000e+02 3.480000e+02
2.770000e+02 3.552000e+02
2.755000e+02 3.642000e+02
2.755000e+02 3.672000e+02
2.745000e+02 3.738000e+02
2.735000e+02 3.792000e+02
2.725000e+02 3.852000e+02
2.720000e+02 3.882000e+02
2.710000e+02 3.930000e+02
2.705000e+02 3.966000e+02
2.695000e+02 4.002000e+02
2.690000e+02 4.038000e+02
2.685000e+02 4.062000e+02
2.680000e+02 4.092000e+02
2.680000e+02 4.104000e+02
2.675000e+02 4.122000e+02
2.675000e+02 4.128000e+02
2.675000e+02 4.134000e+02
2.675000e+02 4.140000e+02
2.675000e+02 4.146000e+02
2.675000e+02 4.152000e+02
2.670000e+02 4.152000e+02
2.670000e+02 4.152000e+02
2.670000e+02 4.158000e+02
2.670000e+02 4.158000e+02
2.670000e+02 4.158000e+02
2.670000e+02 4.158000e+02
2.670000e+02 4.158000e+02
2.670000e+02 4.164000e+02
2.670000e+02 4.164000e+02
2.670000e+02 4.164000e+02
