5.200000e+02 1.884000e+02
5.200000e+02 1.884000e+02
5.200000e+02 1.884000e+02
5.200000e+02 1.890000e+02
5.205000e+02 1.890000e+02
5.205000e+02 1.896000e+02
5.205000e+02 1.908000e+02
5.210000e+02 1.926000e+02
5.210000e+02 1.944000e+02
5.210000e+02 1.974000e+02
5.210000e+02 2.016000e+02
5.210000e+02 2.052000e+02
5.215000e+02 2.112000e+02
5.215000e+02 2.184000e+02
5.215000e+02 2.232000e+02
5.215000e+02 2.292000e+02
5.210000e+02 2.322000e+02
5.210000e+02 2.406000e+02
5.210000e+02 2.466000e+02
5.210000e+02 2.532000e+02
5.215000e+02 2.598000e+02
5.215000e+02 2.664000e+02
5.215000e+02 2.730000e+02
5.215000e+02 2.838000e+02
5.215000e+02 2.916000e+02
5.215000e+02 2.958000e+02
5.215000e+02 3.072000e+02
5.215000e+02 3.144000e+02
5.215000e+02 3.228000e+02
5.215000e+02 3.300000e+02
5.215000e+02 3.342000e+02
5.215000e+02 3.450000e+02
5.215000e+02 3.516000e+02
5.215000e+02 3.588000e+02
5.215000e+02 3.654000e+02
5.215000e+02 3.726000e+02
5.220000e+02 3.792000e+02
5.220000e+02 3.858000e+02
5.225000e+02 3.954000e+02
5.225000e+02 4.020000e+02
5.225000e+02 4.080000e+02
5.230000e+02 4.134000e+02
5.230000e+02 4.188000e+02
5.230000e+02 4.230000e+02
5.235000e+02 4.266000e+02
5.235000e+02 4.302000e+02
5.235000e+02 4.326000e+02
5.235000e+02 4.350000e+02
5.235000e+02 4.374000e+02
5.235000e+02 4.392000e+02
5.235000e+02 4.410000e+02
5.240000e+02 4.422000e+02
5.240000e+02 4.428000e+02
5.240000e+02 4.440000e+02
5.240000e+02 4.446000e+02
5.240000e+02 4.452000e+02
5.240000e+02 4.458000e+02
5.240000e+02 4.464000e+02
5.240000e+02 4.464000e+02
5.240000e+02 4.470000e+02
5.240000e+02 4.470000e+02
5.240000e+02 4.470000e+02
5.240000e+02 4.470000e+02
5.240000e+02 4.476000e+02
5.240000e+02 4.476000e+02
5.240000e+02 4.476000e+02
