1.130000e+02 1.926000e+02
1.130000e+02 1.926000e+02
1.125000e+02 1.920000e+02
1.125000e+02 1.914000e+02
1.125000e+02 1.914000e+02
1.125000e+02 1.908000e+02
1.125000e+02 1.908000e+02
1.125000e+02 1.908000e+02
1.130000e+02 1.908000e+02
1.140000e+02 1.926000e+02
1.155000e+02 1.944000e+02
1.170000e+02 1.980000e+02
1.200000e+02 2.022000e+02
1.230000e+02 2.076000e+02
1.255000e+02 2.130000e+02
1.290000e+02 2.190000e+02
1.330000e+02 2.262000e+02
1.375000e+02 2.334000e+02
1.425000e+02 2.418000e+02
1.475000e+02 2.502000e+02
1.555000e+02 2.628000e+02
1.585000e+02 2.676000e+02
1.670000e+02 2.814000e+02
1.725000e+02 2.898000e+02
1.780000e+02 2.982000e+02
1.835000e+02 3.066000e+02
1.885000e+02 3.150000e+02
1.935000e+02 3.240000e+02
2.005000e+02 3.348000e+02
2.075000e+02 3.462000e+02
2.120000e+02 3.534000e+02
2.185000e+02 3.642000e+02
2.220000e+02 3.702000e+02
2.255000e+02 3.768000e+02
2.285000e+02 3.828000e+02
2.315000e+02 3.888000e+02
2.340000e+02 3.936000e+02
2.365000e+02 3.978000e+02
2.385000e+02 4.020000e+02
2.400000e+02 4.050000e+02
2.415000e+02 4.080000e+02
2.430000e+02 4.110000e+02
2.440000e+02 4.128000e+02
2.460000e+02 4.152000e+02
2.465000e+02 4.158000e+02
2.470000e+02 4.170000e+02
2.480000e+02 4.176000e+02
2.485000e+02 4.182000e+02
2.485000e+02 4.182000e+02
2.490000e+02 4.182000e+02
2.490000e+02 4.188000e+02
2.495000e+02 4.188000e+02
2.500000e+02 4.182000e+02
2.505000e+02 4.182000e+02
2.510000e+02 4.176000e+02
2.515000e+02 4.164000e+02
2.535000e+02 4.146000e+02
2.560000e+02 4.104000e+02
2.595000e+02 4.062000e+02
2.635000e+02 4.008000e+02
2.685000e+02 3.948000e+02
2.735000e+02 3.882000e+02
2.790000e+02 3.810000e+02
2.845000e+02 3.738000e+02
2.910000e+02 3.648000e+02
2.975000e+02 3.564000e+02
3.085000e+02 3.420000e+02
3.160000e+02 3.318000e+02
3.240000e+02 3.210000e+02
3.335000e+02 3.084000e+02
3.430000e+02 2.958000e+02
3.520000e+02 2.838000e+02
3.620000e+02 2.712000e+02
3.720000e+02 2.592000e+02
3.830000e+02 2.454000e+02
3.930000e+02 2.340000e+02
4.025000e+02 2.238000e+02
4.180000e+02 2.070000e+02
4.225000e+02 2.028000e+02
4.335000e+02 1.902000e+02
4.465000e+02 1.764000e+02
4.645000e+02 1.572000e+02
4.735000e+02 1.470000e+02
4.825000e+02 1.380000e+02
4.905000e+02 1.302000e+02
4.980000e+02 1.224000e+02
5.060000e+02 1.146000e+02
5.135000e+02 1.074000e+02
5.200000e+02 1.014000e+02
5.285000e+02 9.420000e+01
5.310000e+02 9.180000e+01
5.355000e+02 8.760000e+01
5.405000e+02 8.400000e+01
5.460000e+02 7.920000e+01
5.485000e+02 7.680000e+01
5.500000e+02 7.500000e+01
5.530000e+02 7.260000e+01
5.565000e+02 6.960000e+01
5.580000e+02 6.780000e+01
5.595000e+02 6.660000e+01
5.605000e+02 6.540000e+01
5.615000e+02 6.420000e+01
5.620000e+02 6.360000e+01
5.625000e+02 6.300000e+01
5.630000e+02 6.300000e+01
5.635000e+02 6.240000e+01
5.635000e+02 6.240000e+01
5.640000e+02 6.240000e+01
5.640000e+02 6.180000e+01
5.640000e+02 6.180000e+01
5.640000e+02 6.180000e+01
5.640000e+02 6.180000e+01
5.640000e+02 6.180000e+01
5.640000e+02 6.180000e+01
5.640000e+02 6.180000e+01
5.640000e+02 6.180000e+01
5.640000e+02 6.240000e+01
5.640000e+02 6.300000e+01
5.625000e+02 6.480000e+01
5.625000e+02 6.480000e+01
