2.295000e+02 2.166000e+02
2.295000e+02 2.166000e+02
2.295000e+02 2.154000e+02
2.300000e+02 2.142000e+02
2.300000e+02 2.130000e+02
2.300000e+02 2.118000e+02
2.300000e+02 2.112000e+02
2.300000e+02 2.100000e+02
2.295000e+02 2.094000e+02
2.295000e+02 2.094000e+02
2.295000e+02 2.088000e+02
2.295000e+02 2.088000e+02
2.300000e+02 2.094000e+02
2.300000e+02 2.106000e+02
2.310000e+02 2.124000e+02
2.315000e+02 2.148000e+02
2.330000e+02 2.190000e+02
2.340000e+02 2.232000e+02
2.355000e+02 2.280000e+02
2.370000e+02 2.340000e+02
2.385000e+02 2.394000e+02
2.405000e+02 2.460000e+02
2.420000e+02 2.520000e+02
2.440000e+02 2.580000e+02
2.465000e+02 2.646000e+02
2.485000e+02 2.712000e+02
2.510000e+02 2.778000e+02
2.530000e+02 2.844000e+02
2.550000e+02 2.904000e+02
2.585000e+02 2.988000e+02
2.605000e+02 3.042000e+02
2.620000e+02 3.096000e+02
2.640000e+02 3.138000e+02
2.655000e+02 3.180000e+02
2.665000e+02 3.228000e+02
2.680000e+02 3.264000e+02
2.695000e+02 3.300000e+02
2.705000e+02 3.324000e+02
2.710000e+02 3.348000e+02
2.715000e+02 3.366000e+02
2.720000e+02 3.378000e+02
2.725000e+02 3.390000e+02
2.730000e+02 3.402000e+02
2.735000e+02 3.414000e+02
2.735000e+02 3.420000e+02
2.740000e+02 3.420000e+02
2.740000e+02 3.426000e+02
2.740000e+02 3.426000e+02
2.740000e+02 3.426000e+02
2.740000e+02 3.426000e+02
2.745000e+02 3.426000e+02
2.745000e+02 3.426000e+02
2.760000e+02 3.408000e+02
2.790000e+02 3.366000e+02
2.835000e+02 3.300000e+02
2.875000e+02 3.246000e+02
2.920000e+02 3.180000e+02
2.970000e+02 3.114000e+02
3.020000e+02 3.042000e+02
3.080000e+02 2.958000e+02
3.135000e+02 2.874000e+02
3.230000e+02 2.748000e+02
3.295000e+02 2.664000e+02
3.330000e+02 2.622000e+02
3.440000e+02 2.490000e+02
3.505000e+02 2.412000e+02
3.570000e+02 2.340000e+02
3.635000e+02 2.262000e+02
3.705000e+02 2.190000e+02
3.775000e+02 2.118000e+02
3.840000e+02 2.052000e+02
3.895000e+02 1.998000e+02
3.945000e+02 1.950000e+02
3.985000e+02 1.914000e+02
4.025000e+02 1.878000e+02
4.060000e+02 1.842000e+02
4.080000e+02 1.824000e+02
4.095000e+02 1.806000e+02
4.105000e+02 1.794000e+02
4.110000e+02 1.788000e+02
4.115000e+02 1.788000e+02
4.115000e+02 1.794000e+02
4.115000e+02 1.794000e+02
