2.485000e+02 2.454000e+02
2.485000e+02 2.454000e+02
2.485000e+02 2.448000e+02
2.485000e+02 2.448000e+02
2.485000e+02 2.448000e+02
2.485000e+02 2.448000e+02
2.485000e+02 2.454000e+02
2.490000e+02 2.454000e+02
2.495000e+02 2.466000e+02
2.505000e+02 2.484000e+02
2.525000e+02 2.520000e+02
2.550000e+02 2.550000e+02
2.580000e+02 2.592000e+02
2.615000e+02 2.646000e+02
2.665000e+02 2.724000e+02
2.705000e+02 2.784000e+02
2.740000e+02 2.838000e+02
2.775000e+02 2.898000e+02
2.820000e+02 2.958000e+02
2.855000e+02 3.012000e+02
2.885000e+02 3.060000e+02
2.915000e+02 3.108000e+02
2.945000e+02 3.150000e+02
2.970000e+02 3.192000e+02
3.005000e+02 3.246000e+02
3.025000e+02 3.288000e+02
3.045000e+02 3.324000e+02
3.065000e+02 3.354000e+02
3.085000e+02 3.390000e+02
3.105000e+02 3.426000e+02
3.120000e+02 3.450000e+02
3.130000e+02 3.474000e+02
3.145000e+02 3.498000e+02
3.150000e+02 3.516000e+02
3.165000e+02 3.534000e+02
3.170000e+02 3.552000e+02
3.180000e+02 3.564000e+02
3.185000e+02 3.576000e+02
3.190000e+02 3.582000e+02
3.190000e+02 3.588000e+02
3.195000e+02 3.594000e+02
3.195000e+02 3.600000e+02
3.200000e+02 3.606000e+02
3.200000e+02 3.606000e+02
3.205000e+02 3.612000e+02
3.205000e+02 3.612000e+02
3.205000e+02 3.612000e+02
3.210000e+02 3.618000e+02
3.210000e+02 3.618000e+02
3.210000e+02 3.618000e+02
3.210000e+02 3.618000e+02
3.210000e+02 3.624000e+02
3.210000e+02 3.624000e+02
3.215000e+02 3.624000e+02
3.215000e+02 3.624000e+02
3.215000e+02 3.624000e+02
3.215000e+02 3.624000e+02
3.215000e+02 3.624000e+02
3.215000e+02 3.618000e+02
3.215000e+02 3.618000e+02
3.220000e+02 3.618000e+02
3.220000e+02 3.618000e+02
3.220000e+02 3.618000e+02
3.220000e+02 3.612000e+02
3.220000e+02 3.612000e+02
3.225000e+02 3.606000e+02
3.225000e+02 3.600000e+02
3.225000e+02 3.600000e+02
3.230000e+02 3.594000e+02
3.230000e+02 3.594000e+02
3.235000e+02 3.588000e+02
3.240000e+02 3.576000e+02
3.245000e+02 3.570000e+02
3.255000e+02 3.558000e+02
3.265000e+02 3.540000e+02
3.275000e+02 3.522000e+02
3.290000e+02 3.504000e+02
3.305000e+02 3.474000e+02
3.320000e+02 3.450000e+02
3.335000e+02 3.426000e+02
3.355000e+02 3.402000e+02
3.370000e+02 3.372000e+02
3.390000e+02 3.336000e+02
3.410000e+02 3.300000e+02
3.430000e+02 3.264000e+02
3.455000e+02 3.228000e+02
3.485000e+02 3.162000e+02
3.500000e+02 3.126000e+02
3.525000e+02 3.078000e+02
3.535000e+02 3.060000e+02
3.570000e+02 2.988000e+02
3.595000e+02 2.940000e+02
3.625000e+02 2.874000e+02
3.655000e+02 2.820000e+02
3.690000e+02 2.760000e+02
3.720000e+02 2.706000e+02
3.745000e+02 2.658000e+02
3.775000e+02 2.610000e+02
3.805000e+02 2.556000e+02
3.830000e+02 2.508000e+02
3.855000e+02 2.454000e+02
3.895000e+02 2.382000e+02
3.920000e+02 2.328000e+02
3.950000e+02 2.280000e+02
3.975000e+02 2.232000e+02
3.995000e+02 2.196000e+02
4.020000e+02 2.154000e+02
4.045000e+02 2.112000e+02
4.070000e+02 2.070000e+02
4.090000e+02 2.034000e+02
4.110000e+02 2.004000e+02
4.135000e+02 1.968000e+02
4.155000e+02 1.926000e+02
4.180000e+02 1.890000e+02
4.200000e+02 1.854000e+02
4.225000e+02 1.818000e+02
4.240000e+02 1.782000e+02
4.260000e+02 1.752000e+02
4.275000e+02 1.722000e+02
4.290000e+02 1.698000e+02
4.310000e+02 1.662000e+02
4.320000e+02 1.638000e+02
4.340000e+02 1.614000e+02
4.350000e+02 1.590000e+02
4.355000e+02 1.578000e+02
4.360000e+02 1.572000e+02
4.365000e+02 1.560000e+02
4.370000e+02 1.554000e+02
4.370000e+02 1.548000e+02
4.375000e+02 1.542000e+02
4.375000e+02 1.542000e+02
4.375000e+02 1.542000e+02
4.380000e+02 1.536000e+02
4.380000e+02 1.536000e+02
4.380000e+02 1.536000e+02
4.380000e+02 1.542000e+02
4.385000e+02 1.542000e+02
4.385000e+02 1.548000e+02
4.385000e+02 1.554000e+02
4.385000e+02 1.554000e+02
