1.210000e+02 2.844000e+02
1.210000e+02 2.844000e+02
1.210000e+02 2.844000e+02
1.205000e+02 2.850000e+02
1.205000e+02 2.850000e+02
1.215000e+02 2.862000e+02
1.230000e+02 2.868000e+02
1.260000e+02 2.874000e+02
1.295000e+02 2.874000e+02
1.340000e+02 2.874000e+02
1.390000e+02 2.868000e+02
1.440000e+02 2.862000e+02
1.500000e+02 2.856000e+02
1.565000e+02 2.844000e+02
1.625000e+02 2.832000e+02
1.695000e+02 2.826000e+02
1.770000e+02 2.820000e+02
1.850000e+02 2.814000e+02
1.970000e+02 2.814000e+02
2.090000e+02 2.814000e+02
2.210000e+02 2.814000e+02
2.290000e+02 2.808000e+02
2.410000e+02 2.790000e+02
2.485000e+02 2.784000e+02
2.570000e+02 2.778000e+02
2.655000e+02 2.766000e+02
2.730000e+02 2.760000e+02
2.810000e+02 2.754000e+02
2.885000e+02 2.748000e+02
2.960000e+02 2.742000e+02
3.080000e+02 2.754000e+02
3.110000e+02 2.754000e+02
3.225000e+02 2.772000e+02
3.335000e+02 2.790000e+02
3.405000e+02 2.802000e+02
3.470000e+02 2.808000e+02
3.570000e+02 2.814000e+02
3.670000e+02 2.808000e+02
3.775000e+02 2.808000e+02
3.810000e+02 2.808000e+02
3.870000e+02 2.802000e+02
3.940000e+02 2.802000e+02
4.000000e+02 2.796000e+02
4.065000e+02 2.796000e+02
4.130000e+02 2.790000e+02
4.195000e+02 2.784000e+02
4.260000e+02 2.784000e+02
4.325000e+02 2.784000e+02
4.390000e+02 2.778000e+02
4.450000e+02 2.778000e+02
4.515000e+02 2.778000e+02
4.575000e+02 2.778000e+02
4.665000e+02 2.778000e+02
4.755000e+02 2.772000e+02
4.810000e+02 2.772000e+02
4.865000e+02 2.766000e+02
4.920000e+02 2.766000e+02
4.970000e+02 2.766000e+02
5.025000e+02 2.760000e+02
5.050000e+02 2.760000e+02
5.090000e+02 2.760000e+02
5.160000e+02 2.754000e+02
5.205000e+02 2.754000e+02
5.240000e+02 2.748000e+02
5.285000e+02 2.742000e+02
5.315000e+02 2.736000e+02
5.345000e+02 2.730000e+02
5.370000e+02 2.724000e+02
5.400000e+02 2.718000e+02
5.425000e+02 2.712000e+02
5.445000e+02 2.712000e+02
5.460000e+02 2.712000e+02
5.475000e+02 2.706000e+02
5.485000e+02 2.706000e+02
5.500000e+02 2.700000e+02
5.505000e+02 2.700000e+02
5.515000e+02 2.694000e+02
5.515000e+02 2.694000e+02
