1.410000e+02 2.460000e+02
1.410000e+02 2.460000e+02
1.410000e+02 2.460000e+02
1.410000e+02 2.454000e+02
1.410000e+02 2.454000e+02
1.410000e+02 2.460000e+02
1.410000e+02 2.460000e+02
1.420000e+02 2.466000e+02
1.435000e+02 2.478000e+02
1.465000e+02 2.520000e+02
1.495000e+02 2.550000e+02
1.525000e+02 2.592000e+02
1.565000e+02 2.646000e+02
1.600000e+02 2.694000e+02
1.645000e+02 2.754000e+02
1.690000e+02 2.814000e+02
1.735000e+02 2.874000e+02
1.785000e+02 2.934000e+02
1.835000e+02 3.000000e+02
1.885000e+02 3.066000e+02
1.935000e+02 3.132000e+02
2.005000e+02 3.234000e+02
2.050000e+02 3.300000e+02
2.075000e+02 3.324000e+02
2.120000e+02 3.390000e+02
2.190000e+02 3.474000e+02
2.225000e+02 3.522000e+02
2.260000e+02 3.564000e+02
2.300000e+02 3.612000e+02
2.335000e+02 3.642000e+02
2.360000e+02 3.672000e+02
2.385000e+02 3.696000e+02
2.405000e+02 3.714000e+02
2.425000e+02 3.732000e+02
2.445000e+02 3.744000e+02
2.460000e+02 3.762000e+02
2.470000e+02 3.768000e+02
2.480000e+02 3.768000e+02
2.485000e+02 3.774000e+02
2.490000e+02 3.774000e+02
2.495000e+02 3.774000e+02
2.495000e+02 3.774000e+02
2.500000e+02 3.768000e+02
2.505000e+02 3.762000e+02
2.515000e+02 3.744000e+02
2.535000e+02 3.702000e+02
2.555000e+02 3.654000e+02
2.565000e+02 3.630000e+02
2.605000e+02 3.540000e+02
2.630000e+02 3.474000e+02
2.660000e+02 3.396000e+02
2.695000e+02 3.312000e+02
2.735000e+02 3.210000e+02
2.770000e+02 3.114000e+02
2.810000e+02 3.012000e+02
2.870000e+02 2.862000e+02
2.890000e+02 2.814000e+02
2.970000e+02 2.640000e+02
3.010000e+02 2.532000e+02
3.065000e+02 2.418000e+02
3.115000e+02 2.310000e+02
3.170000e+02 2.202000e+02
3.235000e+02 2.076000e+02
3.290000e+02 1.974000e+02
3.345000e+02 1.866000e+02
3.395000e+02 1.764000e+02
3.450000e+02 1.668000e+02
3.500000e+02 1.572000e+02
3.580000e+02 1.434000e+02
3.670000e+02 1.266000e+02
3.720000e+02 1.182000e+02
3.760000e+02 1.104000e+02
3.800000e+02 1.032000e+02
3.835000e+02 9.720000e+01
3.865000e+02 9.180000e+01
3.895000e+02 8.640000e+01
3.925000e+02 7.980000e+01
3.945000e+02 7.680000e+01
3.950000e+02 7.500000e+01
3.965000e+02 7.260000e+01
3.980000e+02 6.900000e+01
3.985000e+02 6.780000e+01
3.995000e+02 6.600000e+01
4.000000e+02 6.480000e+01
4.005000e+02 6.420000e+01
4.005000e+02 6.300000e+01
4.010000e+02 6.240000e+01
4.010000e+02 6.180000e+01
4.015000e+02 6.180000e+01
4.015000e+02 6.120000e+01
4.015000e+02 6.060000e+01
4.015000e+02 6.060000e+01
4.020000e+02 6.000000e+01
4.020000e+02 6.000000e+01
4.020000e+02 5.940000e+01
4.020000e+02 5.940000e+01
4.020000e+02 5.940000e+01
4.020000e+02 5.940000e+01
4.025000e+02 5.940000e+01
4.025000e+02 5.940000e+01
4.025000e+02 5.940000e+01
4.025000e+02 5.940000e+01
4.025000e+02 5.940000e+01
4.025000e+02 5.940000e+01
4.025000e+02 5.940000e+01
4.025000e+02 5.940000e+01
4.025000e+02 5.940000e+01
4.025000e+02 5.940000e+01
4.025000e+02 6.000000e+01
4.025000e+02 6.000000e+01
4.025000e+02 6.060000e+01
4.025000e+02 6.120000e+01
4.020000e+02 6.180000e+01
4.020000e+02 6.180000e+01
