2.840000e+02 1.554000e+02
2.840000e+02 1.554000e+02
2.840000e+02 1.548000e+02
2.840000e+02 1.536000e+02
2.840000e+02 1.530000e+02
2.845000e+02 1.512000e+02
2.860000e+02 1.488000e+02
2.880000e+02 1.464000e+02
2.910000e+02 1.434000e+02
2.945000e+02 1.410000e+02
2.980000e+02 1.386000e+02
3.020000e+02 1.368000e+02
3.060000e+02 1.344000e+02
3.105000e+02 1.326000e+02
3.155000e+02 1.302000e+02
3.205000e+02 1.284000e+02
3.285000e+02 1.260000e+02
3.310000e+02 1.248000e+02
3.400000e+02 1.230000e+02
3.455000e+02 1.218000e+02
3.505000e+02 1.212000e+02
3.555000e+02 1.212000e+02
3.600000e+02 1.212000e+02
3.650000e+02 1.212000e+02
3.700000e+02 1.212000e+02
3.750000e+02 1.218000e+02
3.800000e+02 1.224000e+02
3.845000e+02 1.224000e+02
3.920000e+02 1.242000e+02
3.985000e+02 1.260000e+02
4.030000e+02 1.272000e+02
4.095000e+02 1.302000e+02
4.140000e+02 1.326000e+02
4.185000e+02 1.350000e+02
4.220000e+02 1.374000e+02
4.255000e+02 1.404000e+02
4.300000e+02 1.434000e+02
4.340000e+02 1.470000e+02
4.370000e+02 1.500000e+02
4.410000e+02 1.536000e+02
4.445000e+02 1.572000e+02
4.475000e+02 1.608000e+02
4.505000e+02 1.644000e+02
4.530000e+02 1.674000e+02
4.555000e+02 1.716000e+02
4.580000e+02 1.758000e+02
4.600000e+02 1.794000e+02
4.625000e+02 1.860000e+02
4.640000e+02 1.914000e+02
4.650000e+02 1.956000e+02
4.660000e+02 2.004000e+02
4.665000e+02 2.058000e+02
4.665000e+02 2.106000e+02
4.665000e+02 2.160000e+02
4.665000e+02 2.214000e+02
4.660000e+02 2.268000e+02
4.650000e+02 2.328000e+02
4.640000e+02 2.382000e+02
4.630000e+02 2.430000e+02
4.615000e+02 2.490000e+02
4.600000e+02 2.544000e+02
4.580000e+02 2.598000e+02
4.560000e+02 2.658000e+02
4.540000e+02 2.712000e+02
4.515000e+02 2.760000e+02
4.485000e+02 2.814000e+02
4.455000e+02 2.868000e+02
4.425000e+02 2.916000e+02
4.375000e+02 2.994000e+02
4.335000e+02 3.036000e+02
4.315000e+02 3.060000e+02
4.250000e+02 3.138000e+02
4.205000e+02 3.186000e+02
4.155000e+02 3.228000e+02
4.095000e+02 3.276000e+02
4.040000e+02 3.324000e+02
3.975000e+02 3.360000e+02
3.915000e+02 3.396000e+02
3.850000e+02 3.432000e+02
3.790000e+02 3.468000e+02
3.720000e+02 3.498000e+02
3.650000e+02 3.528000e+02
3.580000e+02 3.552000e+02
3.510000e+02 3.570000e+02
3.440000e+02 3.588000e+02
3.360000e+02 3.612000e+02
3.290000e+02 3.630000e+02
3.210000e+02 3.642000e+02
3.135000e+02 3.654000e+02
3.070000e+02 3.666000e+02
3.000000e+02 3.666000e+02
2.910000e+02 3.672000e+02
2.825000e+02 3.666000e+02
2.740000e+02 3.654000e+02
2.690000e+02 3.648000e+02
2.640000e+02 3.636000e+02
2.590000e+02 3.624000e+02
2.550000e+02 3.612000e+02
2.500000e+02 3.600000e+02
2.455000e+02 3.582000e+02
2.410000e+02 3.564000e+02
2.365000e+02 3.552000e+02
2.325000e+02 3.528000e+02
2.285000e+02 3.510000e+02
2.240000e+02 3.480000e+02
2.185000e+02 3.438000e+02
2.135000e+02 3.390000e+02
2.080000e+02 3.330000e+02
2.055000e+02 3.294000e+02
2.015000e+02 3.228000e+02
1.980000e+02 3.150000e+02
1.960000e+02 3.096000e+02
1.945000e+02 3.036000e+02
1.935000e+02 2.982000e+02
1.930000e+02 2.928000e+02
1.925000e+02 2.868000e+02
1.920000e+02 2.814000e+02
1.920000e+02 2.748000e+02
1.925000e+02 2.688000e+02
1.930000e+02 2.634000e+02
1.940000e+02 2.574000e+02
1.950000e+02 2.520000e+02
1.965000e+02 2.460000e+02
1.985000e+02 2.412000e+02
2.000000e+02 2.364000e+02
2.015000e+02 2.328000e+02
2.040000e+02 2.274000e+02
2.065000e+02 2.232000e+02
2.090000e+02 2.196000e+02
2.120000e+02 2.154000e+02
2.150000e+02 2.112000e+02
2.185000e+02 2.064000e+02
2.235000e+02 2.010000e+02
2.270000e+02 1.974000e+02
2.305000e+02 1.932000e+02
2.320000e+02 1.914000e+02
2.375000e+02 1.866000e+02
2.415000e+02 1.830000e+02
2.450000e+02 1.800000e+02
2.490000e+02 1.770000e+02
2.530000e+02 1.746000e+02
2.570000e+02 1.722000e+02
2.615000e+02 1.698000e+02
2.665000e+02 1.674000e+02
2.715000e+02 1.650000e+02
2.770000e+02 1.632000e+02
2.820000e+02 1.608000e+02
2.865000e+02 1.596000e+02
2.910000e+02 1.578000e+02
2.955000e+02 1.566000e+02
2.995000e+02 1.554000e+02
3.045000e+02 1.542000e+02
3.090000e+02 1.530000e+02
3.145000e+02 1.518000e+02
3.205000e+02 1.506000e+02
3.285000e+02 1.482000e+02
3.365000e+02 1.452000e+02
3.365000e+02 1.452000e+02
