2.465000e+02 1.836000e+02
2.470000e+02 1.824000e+02
2.475000e+02 1.818000e+02
2.490000e+02 1.788000e+02
2.545000e+02 1.728000e+02
2.630000e+02 1.650000e+02
2.735000e+02 1.578000e+02
2.810000e+02 1.542000e+02
2.885000e+02 1.512000e+02
2.950000e+02 1.488000e+02
3.015000e+02 1.470000e+02
3.085000e+02 1.452000e+02
3.145000e+02 1.446000e+02
3.210000e+02 1.440000e+02
3.270000e+02 1.434000e+02
3.325000e+02 1.434000e+02
3.385000e+02 1.440000e+02
3.440000e+02 1.446000e+02
3.490000e+02 1.458000e+02
3.545000e+02 1.464000e+02
3.615000e+02 1.482000e+02
3.670000e+02 1.494000e+02
3.715000e+02 1.512000e+02
3.765000e+02 1.524000e+02
3.810000e+02 1.542000e+02
3.850000e+02 1.560000e+02
3.895000e+02 1.584000e+02
3.935000e+02 1.608000e+02
3.970000e+02 1.638000e+02
4.005000e+02 1.662000e+02
4.040000e+02 1.692000e+02
4.075000e+02 1.728000e+02
4.100000e+02 1.758000e+02
4.125000e+02 1.782000e+02
4.150000e+02 1.812000e+02
4.175000e+02 1.842000e+02
4.195000e+02 1.866000e+02
4.215000e+02 1.896000e+02
4.240000e+02 1.938000e+02
4.255000e+02 1.962000e+02
4.265000e+02 1.992000e+02
4.285000e+02 2.028000e+02
4.295000e+02 2.064000e+02
4.305000e+02 2.100000e+02
4.310000e+02 2.142000e+02
4.315000e+02 2.196000e+02
4.310000e+02 2.244000e+02
4.310000e+02 2.298000e+02
4.295000e+02 2.358000e+02
4.285000e+02 2.412000e+02
4.270000e+02 2.484000e+02
4.250000e+02 2.544000e+02
4.225000e+02 2.604000e+02
4.200000e+02 2.670000e+02
4.170000e+02 2.724000e+02
4.120000e+02 2.802000e+02
4.100000e+02 2.832000e+02
4.045000e+02 2.898000e+02
4.000000e+02 2.940000e+02
3.955000e+02 2.982000e+02
3.930000e+02 3.006000e+02
3.860000e+02 3.060000e+02
3.810000e+02 3.090000e+02
3.760000e+02 3.126000e+02
3.715000e+02 3.156000e+02
3.670000e+02 3.180000e+02
3.620000e+02 3.210000e+02
3.580000e+02 3.228000e+02
3.530000e+02 3.252000e+02
3.480000e+02 3.270000e+02
3.420000e+02 3.294000e+02
3.340000e+02 3.318000e+02
3.250000e+02 3.336000e+02
3.160000e+02 3.342000e+02
3.070000e+02 3.348000e+02
2.970000e+02 3.348000e+02
2.885000e+02 3.342000e+02
2.765000e+02 3.330000e+02
2.685000e+02 3.312000e+02
2.605000e+02 3.294000e+02
2.535000e+02 3.276000e+02
2.465000e+02 3.258000e+02
2.405000e+02 3.234000e+02
2.345000e+02 3.210000e+02
2.300000e+02 3.180000e+02
2.250000e+02 3.144000e+02
2.215000e+02 3.108000e+02
2.180000e+02 3.066000e+02
2.150000e+02 3.018000e+02
2.125000e+02 2.964000e+02
2.090000e+02 2.874000e+02
2.075000e+02 2.826000e+02
2.060000e+02 2.778000e+02
2.050000e+02 2.724000e+02
2.040000e+02 2.670000e+02
2.040000e+02 2.610000e+02
2.040000e+02 2.550000e+02
2.045000e+02 2.484000e+02
2.050000e+02 2.412000e+02
2.060000e+02 2.352000e+02
2.075000e+02 2.286000e+02
2.085000e+02 2.232000e+02
2.105000e+02 2.154000e+02
2.135000e+02 2.064000e+02
2.175000e+02 1.962000e+02
2.205000e+02 1.902000e+02
2.240000e+02 1.830000e+02
2.270000e+02 1.764000e+02
2.315000e+02 1.698000e+02
2.350000e+02 1.626000e+02
2.390000e+02 1.572000e+02
2.440000e+02 1.500000e+02
2.485000e+02 1.452000e+02
2.530000e+02 1.398000e+02
2.580000e+02 1.350000e+02
2.650000e+02 1.290000e+02
2.720000e+02 1.242000e+02
2.800000e+02 1.188000e+02
2.840000e+02 1.164000e+02
2.885000e+02 1.140000e+02
2.930000e+02 1.122000e+02
2.965000e+02 1.104000e+02
2.995000e+02 1.098000e+02
3.025000e+02 1.086000e+02
3.055000e+02 1.074000e+02
3.085000e+02 1.068000e+02
3.110000e+02 1.062000e+02
3.130000e+02 1.056000e+02
3.150000e+02 1.050000e+02
3.165000e+02 1.050000e+02
3.175000e+02 1.044000e+02
3.185000e+02 1.044000e+02
3.190000e+02 1.050000e+02
3.195000e+02 1.050000e+02
3.200000e+02 1.050000e+02
3.210000e+02 1.056000e+02
3.210000e+02 1.056000e+02
