1.380000e+02 2.070000e+02
1.380000e+02 2.070000e+02
1.375000e+02 2.076000e+02
1.375000e+02 2.076000e+02
1.375000e+02 2.076000e+02
1.375000e+02 2.082000e+02
1.385000e+02 2.082000e+02
1.400000e+02 2.088000e+02
1.435000e+02 2.094000e+02
1.470000e+02 2.094000e+02
1.510000e+02 2.094000e+02
1.560000e+02 2.088000e+02
1.605000e+02 2.082000e+02
1.660000e+02 2.076000e+02
1.710000e+02 2.076000e+02
1.760000e+02 2.076000e+02
1.815000e+02 2.076000e+02
1.865000e+02 2.082000e+02
1.925000e+02 2.088000e+02
1.985000e+02 2.100000e+02
2.045000e+02 2.112000e+02
2.105000e+02 2.124000e+02
2.170000e+02 2.136000e+02
2.235000e+02 2.148000e+02
2.270000e+02 2.148000e+02
2.370000e+02 2.160000e+02
2.410000e+02 2.160000e+02
2.480000e+02 2.160000e+02
2.560000e+02 2.160000e+02
2.675000e+02 2.166000e+02
2.745000e+02 2.166000e+02
2.830000e+02 2.166000e+02
2.905000e+02 2.166000e+02
2.985000e+02 2.166000e+02
3.065000e+02 2.166000e+02
3.135000e+02 2.160000e+02
3.250000e+02 2.154000e+02
3.370000e+02 2.142000e+02
3.450000e+02 2.136000e+02
3.530000e+02 2.130000e+02
3.600000e+02 2.124000e+02
3.680000e+02 2.118000e+02
3.760000e+02 2.112000e+02
3.835000e+02 2.112000e+02
3.910000e+02 2.106000e+02
4.015000e+02 2.100000e+02
4.085000e+02 2.100000e+02
4.120000e+02 2.094000e+02
4.190000e+02 2.088000e+02
4.250000e+02 2.082000e+02
4.310000e+02 2.076000e+02
4.370000e+02 2.070000e+02
4.430000e+02 2.070000e+02
4.485000e+02 2.058000e+02
4.545000e+02 2.058000e+02
4.595000e+02 2.052000e+02
4.670000e+02 2.046000e+02
4.715000e+02 2.040000e+02
4.790000e+02 2.034000e+02
4.830000e+02 2.034000e+02
4.865000e+02 2.034000e+02
4.900000e+02 2.034000e+02
4.930000e+02 2.034000e+02
4.960000e+02 2.034000e+02
4.980000e+02 2.034000e+02
4.995000e+02 2.034000e+02
5.015000e+02 2.034000e+02
5.025000e+02 2.034000e+02
5.035000e+02 2.034000e+02
5.045000e+02 2.028000e+02
5.045000e+02 2.028000e+02
5.045000e+02 2.028000e+02
