2.680000e+02 3.270000e+02
2.680000e+02 3.270000e+02
2.680000e+02 3.258000e+02
2.685000e+02 3.234000e+02
2.695000e+02 3.198000e+02
2.710000e+02 3.156000e+02
2.725000e+02 3.114000e+02
2.750000e+02 3.030000e+02
2.765000e+02 2.976000e+02
2.785000e+02 2.928000e+02
2.815000e+02 2.868000e+02
2.840000e+02 2.814000e+02
2.865000e+02 2.754000e+02
2.890000e+02 2.694000e+02
2.915000e+02 2.640000e+02
2.945000e+02 2.574000e+02
2.975000e+02 2.520000e+02
3.005000e+02 2.454000e+02
3.035000e+02 2.388000e+02
3.075000e+02 2.316000e+02
3.105000e+02 2.244000e+02
3.135000e+02 2.172000e+02
3.175000e+02 2.094000e+02
3.210000e+02 2.016000e+02
3.240000e+02 1.944000e+02
3.280000e+02 1.872000e+02
3.320000e+02 1.794000e+02
3.360000e+02 1.722000e+02
3.415000e+02 1.614000e+02
3.435000e+02 1.584000e+02
3.495000e+02 1.488000e+02
3.530000e+02 1.428000e+02
3.570000e+02 1.374000e+02
3.605000e+02 1.320000e+02
3.635000e+02 1.272000e+02
3.670000e+02 1.224000e+02
3.705000e+02 1.176000e+02
3.735000e+02 1.128000e+02
3.765000e+02 1.092000e+02
3.795000e+02 1.050000e+02
3.825000e+02 1.020000e+02
3.845000e+02 9.840000e+01
3.865000e+02 9.660000e+01
3.880000e+02 9.420000e+01
3.895000e+02 9.240000e+01
3.905000e+02 9.120000e+01
3.920000e+02 8.940000e+01
3.930000e+02 8.880000e+01
3.940000e+02 8.760000e+01
3.950000e+02 8.700000e+01
3.955000e+02 8.700000e+01
3.960000e+02 8.640000e+01
3.980000e+02 8.700000e+01
3.985000e+02 8.700000e+01
4.000000e+02 8.760000e+01
4.015000e+02 8.820000e+01
4.025000e+02 8.940000e+01
4.045000e+02 9.060000e+01
4.060000e+02 9.240000e+01
4.080000e+02 9.420000e+01
4.100000e+02 9.660000e+01
4.120000e+02 9.960000e+01
4.140000e+02 1.020000e+02
4.160000e+02 1.056000e+02
4.185000e+02 1.086000e+02
4.205000e+02 1.122000e+02
4.230000e+02 1.158000e+02
4.250000e+02 1.194000e+02
4.270000e+02 1.236000e+02
4.300000e+02 1.278000e+02
4.325000e+02 1.320000e+02
4.350000e+02 1.362000e+02
4.390000e+02 1.428000e+02
4.420000e+02 1.470000e+02
4.455000e+02 1.512000e+02
4.480000e+02 1.560000e+02
4.510000e+02 1.602000e+02
4.540000e+02 1.650000e+02
4.570000e+02 1.698000e+02
4.600000e+02 1.746000e+02
4.630000e+02 1.794000e+02
4.665000e+02 1.848000e+02
4.695000e+02 1.902000e+02
4.725000e+02 1.950000e+02
4.755000e+02 1.998000e+02
4.790000e+02 2.052000e+02
4.820000e+02 2.100000e+02
4.865000e+02 2.178000e+02
4.905000e+02 2.250000e+02
4.935000e+02 2.298000e+02
4.970000e+02 2.370000e+02
5.010000e+02 2.436000e+02
5.035000e+02 2.484000e+02
5.070000e+02 2.550000e+02
5.095000e+02 2.592000e+02
5.115000e+02 2.628000e+02
5.135000e+02 2.670000e+02
5.155000e+02 2.700000e+02
5.175000e+02 2.730000e+02
5.190000e+02 2.760000e+02
5.210000e+02 2.790000e+02
5.220000e+02 2.814000e+02
5.230000e+02 2.838000e+02
5.245000e+02 2.868000e+02
5.260000e+02 2.892000e+02
5.270000e+02 2.922000e+02
5.280000e+02 2.934000e+02
5.290000e+02 2.952000e+02
5.295000e+02 2.970000e+02
5.305000e+02 2.988000e+02
5.310000e+02 3.000000e+02
5.315000e+02 3.018000e+02
5.320000e+02 3.030000e+02
5.325000e+02 3.042000e+02
5.330000e+02 3.054000e+02
5.335000e+02 3.066000e+02
5.335000e+02 3.078000e+02
5.340000e+02 3.084000e+02
5.345000e+02 3.102000e+02
5.350000e+02 3.114000e+02
5.360000e+02 3.132000e+02
5.365000e+02 3.138000e+02
5.365000e+02 3.138000e+02
