1.085000e+02 1.422000e+02
1.085000e+02 1.422000e+02
1.085000e+02 1.422000e+02
1.085000e+02 1.422000e+02
1.090000e+02 1.422000e+02
1.095000e+02 1.428000e+02
1.100000e+02 1.434000e+02
1.115000e+02 1.458000e+02
1.120000e+02 1.470000e+02
1.145000e+02 1.518000e+02
1.160000e+02 1.548000e+02
1.170000e+02 1.572000e+02
1.200000e+02 1.632000e+02
1.220000e+02 1.680000e+02
1.245000e+02 1.734000e+02
1.265000e+02 1.782000e+02
1.295000e+02 1.842000e+02
1.320000e+02 1.908000e+02
1.350000e+02 1.962000e+02
1.375000e+02 2.022000e+02
1.400000e+02 2.082000e+02
1.425000e+02 2.136000e+02
1.455000e+02 2.202000e+02
1.490000e+02 2.280000e+02
1.510000e+02 2.334000e+02
1.530000e+02 2.388000e+02
1.540000e+02 2.412000e+02
1.570000e+02 2.490000e+02
1.590000e+02 2.532000e+02
1.600000e+02 2.556000e+02
1.625000e+02 2.610000e+02
1.640000e+02 2.646000e+02
1.650000e+02 2.676000e+02
1.655000e+02 2.688000e+02
1.670000e+02 2.712000e+02
1.680000e+02 2.730000e+02
1.685000e+02 2.748000e+02
1.695000e+02 2.754000e+02
1.705000e+02 2.766000e+02
1.710000e+02 2.772000e+02
1.720000e+02 2.778000e+02
1.730000e+02 2.778000e+02
1.735000e+02 2.778000e+02
1.745000e+02 2.778000e+02
1.755000e+02 2.766000e+02
1.775000e+02 2.748000e+02
1.805000e+02 2.712000e+02
1.840000e+02 2.670000e+02
1.880000e+02 2.628000e+02
1.920000e+02 2.574000e+02
1.965000e+02 2.520000e+02
2.010000e+02 2.466000e+02
2.080000e+02 2.388000e+02
2.155000e+02 2.304000e+02
2.215000e+02 2.250000e+02
2.305000e+02 2.166000e+02
2.405000e+02 2.076000e+02
2.500000e+02 1.998000e+02
2.575000e+02 1.944000e+02
2.650000e+02 1.890000e+02
2.720000e+02 1.842000e+02
2.795000e+02 1.788000e+02
2.865000e+02 1.740000e+02
2.950000e+02 1.692000e+02
3.065000e+02 1.620000e+02
3.190000e+02 1.554000e+02
3.275000e+02 1.518000e+02
3.365000e+02 1.470000e+02
3.460000e+02 1.434000e+02
3.550000e+02 1.398000e+02
3.635000e+02 1.368000e+02
3.715000e+02 1.338000e+02
3.850000e+02 1.302000e+02
3.895000e+02 1.290000e+02
4.025000e+02 1.260000e+02
4.105000e+02 1.248000e+02
4.185000e+02 1.242000e+02
4.270000e+02 1.236000e+02
4.345000e+02 1.230000e+02
4.415000e+02 1.230000e+02
4.475000e+02 1.230000e+02
4.530000e+02 1.230000e+02
4.580000e+02 1.236000e+02
4.615000e+02 1.242000e+02
4.645000e+02 1.242000e+02
4.670000e+02 1.248000e+02
4.685000e+02 1.254000e+02
4.705000e+02 1.260000e+02
4.710000e+02 1.260000e+02
4.715000e+02 1.260000e+02
4.720000e+02 1.266000e+02
4.725000e+02 1.266000e+02
4.725000e+02 1.266000e+02
4.730000e+02 1.266000e+02
4.730000e+02 1.272000e+02
4.730000e+02 1.272000e+02
4.730000e+02 1.272000e+02
4.730000e+02 1.278000e+02
4.730000e+02 1.278000e+02
4.730000e+02 1.278000e+02
