1.540000e+02 3.480000e+02
1.545000e+02 3.468000e+02
1.545000e+02 3.462000e+02
1.545000e+02 3.450000e+02
1.550000e+02 3.438000e+02
1.550000e+02 3.426000e+02
1.560000e+02 3.396000e+02
1.565000e+02 3.372000e+02
1.570000e+02 3.348000e+02
1.580000e+02 3.318000e+02
1.590000e+02 3.294000e+02
1.600000e+02 3.264000e+02
1.610000e+02 3.228000e+02
1.625000e+02 3.192000e+02
1.635000e+02 3.156000e+02
1.650000e+02 3.120000e+02
1.665000e+02 3.078000e+02
1.680000e+02 3.030000e+02
1.695000e+02 2.982000e+02
1.715000e+02 2.934000e+02
1.735000e+02 2.880000e+02
1.765000e+02 2.796000e+02
1.775000e+02 2.766000e+02
1.800000e+02 2.706000e+02
1.820000e+02 2.640000e+02
1.840000e+02 2.580000e+02
1.860000e+02 2.526000e+02
1.885000e+02 2.460000e+02
1.905000e+02 2.400000e+02
1.925000e+02 2.334000e+02
1.945000e+02 2.268000e+02
1.970000e+02 2.202000e+02
1.990000e+02 2.130000e+02
2.015000e+02 2.064000e+02
2.035000e+02 1.998000e+02
2.060000e+02 1.932000e+02
2.090000e+02 1.872000e+02
2.110000e+02 1.812000e+02
2.135000e+02 1.746000e+02
2.170000e+02 1.650000e+02
2.195000e+02 1.590000e+02
2.220000e+02 1.530000e+02
2.240000e+02 1.476000e+02
2.260000e+02 1.422000e+02
2.280000e+02 1.362000e+02
2.305000e+02 1.290000e+02
2.315000e+02 1.266000e+02
2.335000e+02 1.218000e+02
2.355000e+02 1.170000e+02
2.380000e+02 1.110000e+02
2.395000e+02 1.068000e+02
2.410000e+02 1.026000e+02
2.425000e+02 9.900000e+01
2.435000e+02 9.600000e+01
2.450000e+02 9.360000e+01
2.460000e+02 9.120000e+01
2.470000e+02 8.880000e+01
2.475000e+02 8.700000e+01
2.485000e+02 8.580000e+01
2.490000e+02 8.400000e+01
2.495000e+02 8.280000e+01
2.500000e+02 8.220000e+01
2.505000e+02 8.160000e+01
2.510000e+02 8.100000e+01
2.515000e+02 8.040000e+01
2.515000e+02 7.980000e+01
2.520000e+02 7.980000e+01
2.520000e+02 7.920000e+01
2.525000e+02 7.920000e+01
2.530000e+02 7.920000e+01
2.530000e+02 7.920000e+01
2.535000e+02 7.920000e+01
2.545000e+02 7.920000e+01
2.550000e+02 7.920000e+01
2.560000e+02 8.040000e+01
2.580000e+02 8.100000e+01
2.600000e+02 8.280000e+01
2.610000e+02 8.400000e+01
2.625000e+02 8.520000e+01
2.635000e+02 8.640000e+01
2.650000e+02 8.760000e+01
2.660000e+02 8.940000e+01
2.675000e+02 9.060000e+01
2.690000e+02 9.240000e+01
2.710000e+02 9.420000e+01
2.725000e+02 9.600000e+01
2.740000e+02 9.840000e+01
2.755000e+02 1.008000e+02
2.770000e+02 1.026000e+02
2.790000e+02 1.050000e+02
2.810000e+02 1.074000e+02
2.840000e+02 1.116000e+02
2.865000e+02 1.152000e+02
2.885000e+02 1.176000e+02
2.915000e+02 1.224000e+02
2.940000e+02 1.254000e+02
2.965000e+02 1.284000e+02
2.975000e+02 1.296000e+02
3.005000e+02 1.344000e+02
3.025000e+02 1.380000e+02
3.055000e+02 1.416000e+02
3.080000e+02 1.458000e+02
3.100000e+02 1.494000e+02
3.130000e+02 1.536000e+02
3.155000e+02 1.572000e+02
3.185000e+02 1.620000e+02
3.210000e+02 1.662000e+02
3.235000e+02 1.704000e+02
3.265000e+02 1.752000e+02
3.295000e+02 1.800000e+02
3.330000e+02 1.848000e+02
3.375000e+02 1.920000e+02
3.390000e+02 1.938000e+02
3.445000e+02 2.022000e+02
3.460000e+02 2.046000e+02
3.490000e+02 2.088000e+02
3.535000e+02 2.166000e+02
3.570000e+02 2.214000e+02
3.600000e+02 2.262000e+02
3.615000e+02 2.286000e+02
3.655000e+02 2.352000e+02
3.680000e+02 2.394000e+02
3.710000e+02 2.442000e+02
3.735000e+02 2.484000e+02
3.765000e+02 2.526000e+02
3.790000e+02 2.568000e+02
3.815000e+02 2.610000e+02
3.845000e+02 2.652000e+02
3.870000e+02 2.694000e+02
3.895000e+02 2.730000e+02
3.920000e+02 2.772000e+02
3.955000e+02 2.832000e+02
3.980000e+02 2.874000e+02
4.000000e+02 2.910000e+02
4.015000e+02 2.946000e+02
4.035000e+02 2.982000e+02
4.055000e+02 3.018000e+02
4.075000e+02 3.054000e+02
4.090000e+02 3.084000e+02
4.105000e+02 3.120000e+02
4.120000e+02 3.150000e+02
4.130000e+02 3.174000e+02
4.140000e+02 3.198000e+02
4.155000e+02 3.222000e+02
4.165000e+02 3.246000e+02
4.180000e+02 3.276000e+02
4.195000e+02 3.306000e+02
4.200000e+02 3.318000e+02
4.215000e+02 3.348000e+02
4.225000e+02 3.366000e+02
4.230000e+02 3.384000e+02
4.240000e+02 3.396000e+02
4.245000e+02 3.414000e+02
4.250000e+02 3.426000e+02
4.250000e+02 3.438000e+02
4.255000e+02 3.450000e+02
4.260000e+02 3.462000e+02
4.260000e+02 3.468000e+02
4.265000e+02 3.474000e+02
4.265000e+02 3.480000e+02
4.265000e+02 3.486000e+02
4.265000e+02 3.492000e+02
4.265000e+02 3.504000e+02
4.265000e+02 3.510000e+02
4.265000e+02 3.516000e+02
4.265000e+02 3.528000e+02
4.270000e+02 3.540000e+02
4.270000e+02 3.564000e+02
4.270000e+02 3.564000e+02
