2.260000e+02 1.104000e+02
2.260000e+02 1.104000e+02
2.270000e+02 1.122000e+02
2.290000e+02 1.164000e+02
2.300000e+02 1.182000e+02
2.330000e+02 1.254000e+02
2.360000e+02 1.332000e+02
2.400000e+02 1.434000e+02
2.420000e+02 1.494000e+02
2.465000e+02 1.608000e+02
2.485000e+02 1.662000e+02
2.530000e+02 1.782000e+02
2.585000e+02 1.902000e+02
2.610000e+02 1.968000e+02
2.660000e+02 2.088000e+02
2.685000e+02 2.142000e+02
2.735000e+02 2.262000e+02
2.780000e+02 2.382000e+02
2.830000e+02 2.496000e+02
2.855000e+02 2.562000e+02
2.900000e+02 2.688000e+02
2.950000e+02 2.808000e+02
2.990000e+02 2.922000e+02
3.010000e+02 2.982000e+02
3.035000e+02 3.036000e+02
3.075000e+02 3.138000e+02
3.115000e+02 3.234000e+02
3.135000e+02 3.282000e+02
3.175000e+02 3.372000e+02
3.215000e+02 3.444000e+02
3.235000e+02 3.480000e+02
3.265000e+02 3.552000e+02
3.285000e+02 3.600000e+02
3.290000e+02 3.624000e+02
3.305000e+02 3.666000e+02
3.310000e+02 3.684000e+02
3.315000e+02 3.726000e+02
3.320000e+02 3.768000e+02
3.320000e+02 3.780000e+02
3.315000e+02 3.810000e+02
3.305000e+02 3.834000e+02
3.280000e+02 3.864000e+02
3.255000e+02 3.888000e+02
3.240000e+02 3.894000e+02
3.210000e+02 3.912000e+02
3.170000e+02 3.930000e+02
3.145000e+02 3.936000e+02
3.100000e+02 3.942000e+02
3.050000e+02 3.948000e+02
3.020000e+02 3.948000e+02
2.960000e+02 3.954000e+02
2.895000e+02 3.954000e+02
2.865000e+02 3.954000e+02
2.790000e+02 3.954000e+02
2.710000e+02 3.948000e+02
2.670000e+02 3.948000e+02
2.625000e+02 3.942000e+02
2.540000e+02 3.936000e+02
2.500000e+02 3.936000e+02
2.415000e+02 3.942000e+02
2.335000e+02 3.954000e+02
2.255000e+02 3.966000e+02
2.215000e+02 3.972000e+02
2.145000e+02 3.984000e+02
2.075000e+02 4.002000e+02
2.020000e+02 4.020000e+02
1.970000e+02 4.038000e+02
1.935000e+02 4.050000e+02
1.915000e+02 4.050000e+02
1.895000e+02 4.056000e+02
1.880000e+02 4.050000e+02
1.875000e+02 4.038000e+02
1.885000e+02 4.014000e+02
1.890000e+02 4.002000e+02
1.910000e+02 3.960000e+02
1.935000e+02 3.906000e+02
1.970000e+02 3.840000e+02
1.990000e+02 3.798000e+02
2.040000e+02 3.708000e+02
2.095000e+02 3.606000e+02
2.125000e+02 3.552000e+02
2.190000e+02 3.444000e+02
2.220000e+02 3.390000e+02
2.290000e+02 3.282000e+02
2.370000e+02 3.174000e+02
2.455000e+02 3.066000e+02
2.540000e+02 2.946000e+02
2.635000e+02 2.838000e+02
2.725000e+02 2.730000e+02
2.825000e+02 2.628000e+02
2.925000e+02 2.538000e+02
3.025000e+02 2.454000e+02
3.070000e+02 2.412000e+02
3.170000e+02 2.322000e+02
3.280000e+02 2.220000e+02
3.335000e+02 2.166000e+02
3.445000e+02 2.052000e+02
3.500000e+02 2.004000e+02
3.615000e+02 1.884000e+02
3.715000e+02 1.782000e+02
3.770000e+02 1.728000e+02
3.870000e+02 1.632000e+02
3.965000e+02 1.536000e+02
4.055000e+02 1.458000e+02
4.135000e+02 1.380000e+02
4.205000e+02 1.320000e+02
4.235000e+02 1.296000e+02
4.285000e+02 1.248000e+02
4.335000e+02 1.212000e+02
4.380000e+02 1.176000e+02
4.400000e+02 1.164000e+02
4.440000e+02 1.134000e+02
4.455000e+02 1.122000e+02
4.485000e+02 1.098000e+02
4.510000e+02 1.086000e+02
4.520000e+02 1.080000e+02
4.530000e+02 1.074000e+02
4.540000e+02 1.068000e+02
4.540000e+02 1.068000e+02
4.540000e+02 1.062000e+02
4.545000e+02 1.062000e+02
4.545000e+02 1.062000e+02
4.550000e+02 1.062000e+02
4.550000e+02 1.056000e+02
4.545000e+02 1.056000e+02
4.540000e+02 1.050000e+02
4.525000e+02 1.044000e+02
4.500000e+02 1.044000e+02
4.500000e+02 1.044000e+02
