2.240000e+02 3.720000e+02
2.240000e+02 3.720000e+02
2.245000e+02 3.678000e+02
2.260000e+02 3.612000e+02
2.265000e+02 3.570000e+02
2.290000e+02 3.474000e+02
2.305000e+02 3.420000e+02
2.335000e+02 3.294000e+02
2.355000e+02 3.228000e+02
2.385000e+02 3.096000e+02
2.400000e+02 3.024000e+02
2.430000e+02 2.874000e+02
2.445000e+02 2.796000e+02
2.490000e+02 2.622000e+02
2.525000e+02 2.448000e+02
2.560000e+02 2.298000e+02
2.580000e+02 2.220000e+02
2.600000e+02 2.142000e+02
2.630000e+02 1.992000e+02
2.665000e+02 1.842000e+02
2.680000e+02 1.770000e+02
2.720000e+02 1.632000e+02
2.760000e+02 1.512000e+02
2.775000e+02 1.452000e+02
2.815000e+02 1.356000e+02
2.855000e+02 1.272000e+02
2.870000e+02 1.230000e+02
2.905000e+02 1.170000e+02
2.935000e+02 1.110000e+02
2.950000e+02 1.092000e+02
2.980000e+02 1.050000e+02
3.010000e+02 1.032000e+02
3.040000e+02 1.038000e+02
3.060000e+02 1.044000e+02
3.095000e+02 1.074000e+02
3.135000e+02 1.116000e+02
3.150000e+02 1.146000e+02
3.195000e+02 1.212000e+02
3.220000e+02 1.248000e+02
3.300000e+02 1.386000e+02
3.360000e+02 1.506000e+02
3.425000e+02 1.632000e+02
3.490000e+02 1.764000e+02
3.560000e+02 1.890000e+02
3.660000e+02 2.076000e+02
3.730000e+02 2.196000e+02
3.765000e+02 2.256000e+02
3.835000e+02 2.376000e+02
3.905000e+02 2.496000e+02
3.940000e+02 2.556000e+02
3.975000e+02 2.610000e+02
4.045000e+02 2.712000e+02
4.075000e+02 2.760000e+02
4.135000e+02 2.850000e+02
4.195000e+02 2.934000e+02
4.250000e+02 3.006000e+02
4.300000e+02 3.078000e+02
4.340000e+02 3.132000e+02
4.370000e+02 3.174000e+02
4.385000e+02 3.210000e+02
4.385000e+02 3.234000e+02
4.375000e+02 3.252000e+02
4.355000e+02 3.258000e+02
4.340000e+02 3.258000e+02
4.300000e+02 3.252000e+02
4.240000e+02 3.240000e+02
4.210000e+02 3.228000e+02
4.135000e+02 3.192000e+02
4.035000e+02 3.150000e+02
3.975000e+02 3.132000e+02
3.845000e+02 3.084000e+02
3.700000e+02 3.030000e+02
3.545000e+02 2.982000e+02
3.375000e+02 2.934000e+02
3.290000e+02 2.904000e+02
3.110000e+02 2.850000e+02
2.930000e+02 2.808000e+02
2.840000e+02 2.784000e+02
2.665000e+02 2.742000e+02
2.490000e+02 2.706000e+02
2.410000e+02 2.694000e+02
2.250000e+02 2.670000e+02
2.090000e+02 2.646000e+02
1.885000e+02 2.628000e+02
1.765000e+02 2.616000e+02
1.670000e+02 2.604000e+02
1.595000e+02 2.592000e+02
1.540000e+02 2.574000e+02
1.500000e+02 2.556000e+02
1.485000e+02 2.544000e+02
1.465000e+02 2.526000e+02
1.460000e+02 2.508000e+02
1.465000e+02 2.496000e+02
1.490000e+02 2.478000e+02
1.530000e+02 2.442000e+02
1.590000e+02 2.406000e+02
1.670000e+02 2.370000e+02
1.770000e+02 2.328000e+02
1.895000e+02 2.286000e+02
2.030000e+02 2.238000e+02
2.100000e+02 2.220000e+02
2.245000e+02 2.172000e+02
2.405000e+02 2.118000e+02
2.575000e+02 2.064000e+02
2.665000e+02 2.028000e+02
2.840000e+02 1.968000e+02
3.020000e+02 1.914000e+02
3.210000e+02 1.848000e+02
3.305000e+02 1.818000e+02
3.495000e+02 1.758000e+02
3.590000e+02 1.728000e+02
3.770000e+02 1.662000e+02
3.940000e+02 1.614000e+02
4.085000e+02 1.572000e+02
4.210000e+02 1.536000e+02
4.310000e+02 1.512000e+02
4.355000e+02 1.506000e+02
4.390000e+02 1.500000e+02
4.450000e+02 1.488000e+02
4.495000e+02 1.488000e+02
4.525000e+02 1.488000e+02
4.545000e+02 1.494000e+02
4.550000e+02 1.500000e+02
4.550000e+02 1.518000e+02
4.535000e+02 1.536000e+02
4.520000e+02 1.554000e+02
4.480000e+02 1.608000e+02
4.425000e+02 1.674000e+02
4.390000e+02 1.716000e+02
4.315000e+02 1.818000e+02
4.225000e+02 1.938000e+02
4.175000e+02 2.004000e+02
4.065000e+02 2.148000e+02
3.945000e+02 2.304000e+02
3.885000e+02 2.382000e+02
3.760000e+02 2.532000e+02
3.630000e+02 2.688000e+02
3.565000e+02 2.754000e+02
3.430000e+02 2.904000e+02
3.300000e+02 3.054000e+02
3.185000e+02 3.192000e+02
3.070000e+02 3.312000e+02
2.965000e+02 3.420000e+02
2.870000e+02 3.528000e+02
2.785000e+02 3.624000e+02
2.745000e+02 3.672000e+02
2.675000e+02 3.756000e+02
2.610000e+02 3.834000e+02
2.580000e+02 3.864000e+02
2.525000e+02 3.924000e+02
2.485000e+02 3.972000e+02
2.465000e+02 3.996000e+02
2.435000e+02 4.032000e+02
2.410000e+02 4.056000e+02
2.400000e+02 4.068000e+02
2.390000e+02 4.080000e+02
2.380000e+02 4.092000e+02
2.375000e+02 4.092000e+02
2.375000e+02 4.098000e+02
2.370000e+02 4.098000e+02
2.370000e+02 4.068000e+02
2.375000e+02 4.056000e+02
2.375000e+02 4.056000e+02
