1.040000e+02 1.308000e+02
1.040000e+02 1.308000e+02
1.040000e+02 1.302000e+02
1.040000e+02 1.302000e+02
1.040000e+02 1.308000e+02
1.045000e+02 1.314000e+02
1.055000e+02 1.332000e+02
1.085000e+02 1.392000e+02
1.105000e+02 1.440000e+02
1.130000e+02 1.506000e+02
1.155000e+02 1.572000e+02
1.180000e+02 1.638000e+02
1.205000e+02 1.704000e+02
1.230000e+02 1.776000e+02
1.255000e+02 1.848000e+02
1.275000e+02 1.932000e+02
1.310000e+02 2.052000e+02
1.335000e+02 2.124000e+02
1.355000e+02 2.208000e+02
1.375000e+02 2.292000e+02
1.395000e+02 2.376000e+02
1.415000e+02 2.454000e+02
1.440000e+02 2.526000e+02
1.465000e+02 2.586000e+02
1.495000e+02 2.658000e+02
1.525000e+02 2.718000e+02
1.580000e+02 2.802000e+02
1.595000e+02 2.826000e+02
1.650000e+02 2.892000e+02
1.695000e+02 2.928000e+02
1.735000e+02 2.958000e+02
1.790000e+02 2.988000e+02
1.845000e+02 3.006000e+02
1.915000e+02 3.018000e+02
2.005000e+02 3.018000e+02
2.070000e+02 3.012000e+02
2.180000e+02 2.994000e+02
2.260000e+02 2.970000e+02
2.385000e+02 2.940000e+02
2.465000e+02 2.916000e+02
2.550000e+02 2.898000e+02
2.640000e+02 2.874000e+02
2.730000e+02 2.850000e+02
2.815000e+02 2.826000e+02
2.940000e+02 2.802000e+02
3.065000e+02 2.778000e+02
3.190000e+02 2.754000e+02
3.270000e+02 2.736000e+02
3.340000e+02 2.718000e+02
3.420000e+02 2.694000e+02
3.500000e+02 2.670000e+02
3.580000e+02 2.652000e+02
3.665000e+02 2.628000e+02
3.740000e+02 2.610000e+02
3.865000e+02 2.574000e+02
3.915000e+02 2.562000e+02
4.030000e+02 2.526000e+02
4.100000e+02 2.508000e+02
4.180000e+02 2.490000e+02
4.295000e+02 2.460000e+02
4.395000e+02 2.436000e+02
4.480000e+02 2.412000e+02
4.540000e+02 2.394000e+02
4.625000e+02 2.370000e+02
4.695000e+02 2.352000e+02
4.735000e+02 2.340000e+02
4.775000e+02 2.334000e+02
4.810000e+02 2.328000e+02
4.840000e+02 2.322000e+02
4.865000e+02 2.316000e+02
4.900000e+02 2.310000e+02
4.935000e+02 2.304000e+02
4.965000e+02 2.298000e+02
4.995000e+02 2.292000e+02
5.025000e+02 2.280000e+02
5.055000e+02 2.274000e+02
5.090000e+02 2.268000e+02
5.125000e+02 2.256000e+02
5.135000e+02 2.250000e+02
5.145000e+02 2.250000e+02
5.155000e+02 2.244000e+02
5.160000e+02 2.244000e+02
5.165000e+02 2.244000e+02
5.180000e+02 2.238000e+02
5.180000e+02 2.238000e+02
