4.510000e+02 3.252000e+02
4.510000e+02 3.252000e+02
4.505000e+02 3.252000e+02
4.500000e+02 3.246000e+02
4.480000e+02 3.246000e+02
4.460000e+02 3.246000e+02
4.435000e+02 3.240000e+02
4.410000e+02 3.240000e+02
4.375000e+02 3.240000e+02
4.340000e+02 3.240000e+02
4.310000e+02 3.240000e+02
4.275000e+02 3.240000e+02
4.230000e+02 3.240000e+02
4.190000e+02 3.234000e+02
4.145000e+02 3.234000e+02
4.100000e+02 3.234000e+02
4.030000e+02 3.234000e+02
4.005000e+02 3.234000e+02
3.930000e+02 3.234000e+02
3.850000e+02 3.234000e+02
3.800000e+02 3.234000e+02
3.745000e+02 3.234000e+02
3.695000e+02 3.234000e+02
3.645000e+02 3.234000e+02
3.595000e+02 3.234000e+02
3.545000e+02 3.234000e+02
3.495000e+02 3.240000e+02
3.445000e+02 3.240000e+02
3.395000e+02 3.240000e+02
3.350000e+02 3.240000e+02
3.305000e+02 3.240000e+02
3.260000e+02 3.240000e+02
3.210000e+02 3.240000e+02
3.165000e+02 3.240000e+02
3.135000e+02 3.240000e+02
3.090000e+02 3.240000e+02
3.050000e+02 3.240000e+02
3.000000e+02 3.246000e+02
2.960000e+02 3.246000e+02
2.915000e+02 3.246000e+02
2.875000e+02 3.246000e+02
2.835000e+02 3.252000e+02
2.795000e+02 3.252000e+02
2.740000e+02 3.252000e+02
2.720000e+02 3.252000e+02
2.670000e+02 3.258000e+02
2.655000e+02 3.258000e+02
2.620000e+02 3.258000e+02
2.590000e+02 3.252000e+02
2.565000e+02 3.252000e+02
2.540000e+02 3.252000e+02
2.510000e+02 3.252000e+02
2.480000e+02 3.252000e+02
2.450000e+02 3.252000e+02
2.425000e+02 3.252000e+02
2.400000e+02 3.252000e+02
2.370000e+02 3.252000e+02
2.340000e+02 3.252000e+02
2.310000e+02 3.252000e+02
2.275000e+02 3.252000e+02
2.255000e+02 3.252000e+02
2.230000e+02 3.252000e+02
2.215000e+02 3.252000e+02
2.195000e+02 3.252000e+02
2.185000e+02 3.252000e+02
2.170000e+02 3.252000e+02
2.160000e+02 3.258000e+02
2.155000e+02 3.258000e+02
2.145000e+02 3.258000e+02
2.140000e+02 3.258000e+02
2.135000e+02 3.258000e+02
2.130000e+02 3.258000e+02
2.130000e+02 3.258000e+02
2.130000e+02 3.252000e+02
2.135000e+02 3.252000e+02
2.135000e+02 3.252000e+02
2.135000e+02 3.252000e+02
