2.285000e+02 1.332000e+02
2.285000e+02 1.332000e+02
2.280000e+02 1.320000e+02
2.280000e+02 1.320000e+02
2.280000e+02 1.314000e+02
2.285000e+02 1.290000e+02
2.305000e+02 1.230000e+02
2.345000e+02 1.152000e+02
2.395000e+02 1.068000e+02
2.450000e+02 9.900000e+01
2.505000e+02 9.180000e+01
2.560000e+02 8.640000e+01
2.605000e+02 8.220000e+01
2.680000e+02 7.740000e+01
2.735000e+02 7.500000e+01
2.805000e+02 7.320000e+01
2.875000e+02 7.260000e+01
2.955000e+02 7.320000e+01
3.030000e+02 7.500000e+01
3.105000e+02 7.800000e+01
3.175000e+02 8.280000e+01
3.250000e+02 9.000000e+01
3.300000e+02 9.540000e+01
3.320000e+02 9.780000e+01
3.365000e+02 1.038000e+02
3.405000e+02 1.098000e+02
3.445000e+02 1.152000e+02
3.475000e+02 1.206000e+02
3.505000e+02 1.260000e+02
3.525000e+02 1.308000e+02
3.540000e+02 1.362000e+02
3.550000e+02 1.422000e+02
3.550000e+02 1.452000e+02
3.545000e+02 1.482000e+02
3.535000e+02 1.518000e+02
3.520000e+02 1.548000e+02
3.485000e+02 1.596000e+02
3.450000e+02 1.632000e+02
3.405000e+02 1.668000e+02
3.355000e+02 1.704000e+02
3.300000e+02 1.740000e+02
3.280000e+02 1.752000e+02
3.245000e+02 1.776000e+02
3.215000e+02 1.800000e+02
3.190000e+02 1.818000e+02
3.165000e+02 1.830000e+02
3.145000e+02 1.848000e+02
3.115000e+02 1.872000e+02
3.085000e+02 1.896000e+02
3.060000e+02 1.920000e+02
3.035000e+02 1.944000e+02
3.010000e+02 1.968000e+02
2.980000e+02 1.998000e+02
2.950000e+02 2.022000e+02
2.925000e+02 2.046000e+02
2.905000e+02 2.070000e+02
2.880000e+02 2.088000e+02
2.860000e+02 2.112000e+02
2.840000e+02 2.124000e+02
2.820000e+02 2.142000e+02
2.810000e+02 2.154000e+02
2.795000e+02 2.166000e+02
2.785000e+02 2.178000e+02
2.775000e+02 2.184000e+02
2.760000e+02 2.202000e+02
2.755000e+02 2.208000e+02
2.745000e+02 2.220000e+02
2.740000e+02 2.226000e+02
2.730000e+02 2.238000e+02
2.725000e+02 2.244000e+02
2.715000e+02 2.256000e+02
2.710000e+02 2.268000e+02
2.705000e+02 2.280000e+02
2.695000e+02 2.298000e+02
2.690000e+02 2.334000e+02
2.685000e+02 2.370000e+02
2.680000e+02 2.406000e+02
2.675000e+02 2.448000e+02
2.675000e+02 2.502000e+02
2.675000e+02 2.556000e+02
2.670000e+02 2.598000e+02
2.670000e+02 2.676000e+02
2.670000e+02 2.718000e+02
2.670000e+02 2.766000e+02
2.670000e+02 2.820000e+02
2.670000e+02 2.868000e+02
2.670000e+02 2.916000e+02
2.670000e+02 2.970000e+02
2.675000e+02 3.018000e+02
2.675000e+02 3.060000e+02
2.675000e+02 3.138000e+02
2.675000e+02 3.162000e+02
2.670000e+02 3.234000e+02
2.670000e+02 3.300000e+02
2.670000e+02 3.360000e+02
2.665000e+02 3.402000e+02
2.665000e+02 3.444000e+02
2.665000e+02 3.486000e+02
2.665000e+02 3.528000e+02
2.665000e+02 3.570000e+02
2.660000e+02 3.600000e+02
2.660000e+02 3.642000e+02
2.665000e+02 3.696000e+02
2.665000e+02 3.726000e+02
2.665000e+02 3.726000e+02
