2.655000e+02 7.620000e+01
2.655000e+02 7.620000e+01
2.660000e+02 7.680000e+01
2.660000e+02 7.680000e+01
2.660000e+02 7.680000e+01
2.660000e+02 7.740000e+01
2.665000e+02 7.800000e+01
2.670000e+02 8.040000e+01
2.680000e+02 8.340000e+01
2.685000e+02 8.760000e+01
2.700000e+02 9.240000e+01
2.710000e+02 9.840000e+01
2.720000e+02 1.038000e+02
2.730000e+02 1.104000e+02
2.740000e+02 1.170000e+02
2.750000e+02 1.236000e+02
2.760000e+02 1.308000e+02
2.770000e+02 1.380000e+02
2.780000e+02 1.452000e+02
2.790000e+02 1.536000e+02
2.800000e+02 1.620000e+02
2.810000e+02 1.704000e+02
2.825000e+02 1.788000e+02
2.840000e+02 1.884000e+02
2.850000e+02 1.974000e+02
2.870000e+02 2.118000e+02
2.880000e+02 2.208000e+02
2.890000e+02 2.298000e+02
2.895000e+02 2.382000e+02
2.905000e+02 2.478000e+02
2.910000e+02 2.550000e+02
2.915000e+02 2.628000e+02
2.920000e+02 2.700000e+02
2.925000e+02 2.784000e+02
2.930000e+02 2.850000e+02
2.935000e+02 2.922000e+02
2.940000e+02 2.988000e+02
2.945000e+02 3.048000e+02
2.950000e+02 3.120000e+02
2.955000e+02 3.180000e+02
2.965000e+02 3.282000e+02
2.970000e+02 3.336000e+02
2.975000e+02 3.402000e+02
2.985000e+02 3.462000e+02
2.990000e+02 3.516000e+02
3.000000e+02 3.570000e+02
3.005000e+02 3.618000e+02
3.015000e+02 3.666000e+02
3.020000e+02 3.720000e+02
3.030000e+02 3.768000e+02
3.035000e+02 3.804000e+02
3.040000e+02 3.852000e+02
3.045000e+02 3.894000e+02
3.055000e+02 3.930000e+02
3.060000e+02 3.990000e+02
3.065000e+02 4.032000e+02
3.065000e+02 4.068000e+02
3.070000e+02 4.104000e+02
3.070000e+02 4.128000e+02
3.070000e+02 4.152000e+02
3.070000e+02 4.170000e+02
3.070000e+02 4.182000e+02
3.070000e+02 4.188000e+02
3.070000e+02 4.194000e+02
3.070000e+02 4.194000e+02
3.070000e+02 4.200000e+02
3.070000e+02 4.200000e+02
3.065000e+02 4.200000e+02
3.065000e+02 4.200000e+02
