2.825000e+02 1.734000e+02
2.825000e+02 1.734000e+02
2.825000e+02 1.734000e+02
2.825000e+02 1.734000e+02
2.825000e+02 1.734000e+02
2.825000e+02 1.728000e+02
2.825000e+02 1.728000e+02
2.830000e+02 1.728000e+02
2.835000e+02 1.728000e+02
2.845000e+02 1.728000e+02
2.865000e+02 1.728000e+02
2.940000e+02 1.728000e+02
3.005000e+02 1.722000e+02
3.080000e+02 1.710000e+02
3.205000e+02 1.698000e+02
3.240000e+02 1.692000e+02
3.330000e+02 1.680000e+02
3.420000e+02 1.674000e+02
3.515000e+02 1.662000e+02
3.615000e+02 1.656000e+02
3.705000e+02 1.644000e+02
3.830000e+02 1.638000e+02
3.865000e+02 1.638000e+02
3.940000e+02 1.638000e+02
3.970000e+02 1.638000e+02
4.055000e+02 1.644000e+02
4.115000e+02 1.644000e+02
4.140000e+02 1.650000e+02
4.155000e+02 1.650000e+02
4.165000e+02 1.656000e+02
4.175000e+02 1.662000e+02
4.185000e+02 1.668000e+02
4.185000e+02 1.668000e+02
4.190000e+02 1.680000e+02
4.190000e+02 1.680000e+02
4.190000e+02 1.698000e+02
4.195000e+02 1.716000e+02
4.195000e+02 1.740000e+02
4.200000e+02 1.776000e+02
4.200000e+02 1.818000e+02
4.205000e+02 1.872000e+02
4.210000e+02 1.926000e+02
4.215000e+02 1.980000e+02
4.225000e+02 2.058000e+02
4.230000e+02 2.118000e+02
4.240000e+02 2.202000e+02
4.245000e+02 2.274000e+02
4.255000e+02 2.394000e+02
4.255000e+02 2.430000e+02
4.260000e+02 2.538000e+02
4.260000e+02 2.586000e+02
4.265000e+02 2.646000e+02
4.265000e+02 2.688000e+02
4.265000e+02 2.718000e+02
4.265000e+02 2.742000e+02
4.260000e+02 2.772000e+02
4.260000e+02 2.784000e+02
4.260000e+02 2.796000e+02
4.255000e+02 2.802000e+02
4.255000e+02 2.802000e+02
4.250000e+02 2.808000e+02
4.250000e+02 2.814000e+02
4.245000e+02 2.820000e+02
4.225000e+02 2.832000e+02
4.215000e+02 2.838000e+02
4.185000e+02 2.850000e+02
4.140000e+02 2.868000e+02
4.070000e+02 2.892000e+02
3.975000e+02 2.916000e+02
3.870000e+02 2.946000e+02
3.775000e+02 2.970000e+02
3.690000e+02 3.000000e+02
3.600000e+02 3.024000e+02
3.540000e+02 3.036000e+02
3.490000e+02 3.048000e+02
3.435000e+02 3.054000e+02
3.415000e+02 3.054000e+02
3.390000e+02 3.054000e+02
3.370000e+02 3.054000e+02
3.350000e+02 3.048000e+02
3.335000e+02 3.048000e+02
3.320000e+02 3.048000e+02
3.310000e+02 3.042000e+02
3.305000e+02 3.036000e+02
3.295000e+02 3.030000e+02
3.290000e+02 3.024000e+02
3.280000e+02 3.018000e+02
3.270000e+02 3.006000e+02
3.265000e+02 2.988000e+02
3.250000e+02 2.964000e+02
3.240000e+02 2.940000e+02
3.210000e+02 2.898000e+02
3.195000e+02 2.862000e+02
3.175000e+02 2.826000e+02
3.160000e+02 2.784000e+02
3.135000e+02 2.730000e+02
3.115000e+02 2.682000e+02
3.095000e+02 2.634000e+02
3.070000e+02 2.580000e+02
3.050000e+02 2.526000e+02
3.030000e+02 2.478000e+02
3.010000e+02 2.424000e+02
2.990000e+02 2.376000e+02
2.955000e+02 2.298000e+02
2.945000e+02 2.268000e+02
2.925000e+02 2.208000e+02
2.905000e+02 2.148000e+02
2.890000e+02 2.088000e+02
2.880000e+02 2.034000e+02
2.865000e+02 1.986000e+02
2.860000e+02 1.938000e+02
2.850000e+02 1.902000e+02
2.845000e+02 1.872000e+02
2.835000e+02 1.842000e+02
2.830000e+02 1.812000e+02
2.830000e+02 1.794000e+02
2.825000e+02 1.776000e+02
2.825000e+02 1.764000e+02
2.820000e+02 1.758000e+02
2.820000e+02 1.752000e+02
2.820000e+02 1.752000e+02
2.820000e+02 1.746000e+02
2.820000e+02 1.746000e+02
2.820000e+02 1.752000e+02
2.825000e+02 1.752000e+02
2.830000e+02 1.764000e+02
2.835000e+02 1.776000e+02
2.835000e+02 1.776000e+02
