1.935000e+02 2.058000e+02
1.935000e+02 2.058000e+02
1.935000e+02 2.046000e+02
1.935000e+02 2.034000e+02
1.935000e+02 2.028000e+02
1.935000e+02 2.010000e+02
1.930000e+02 1.992000e+02
1.930000e+02 1.968000e+02
1.930000e+02 1.932000e+02
1.930000e+02 1.908000e+02
1.935000e+02 1.872000e+02
1.940000e+02 1.836000e+02
1.945000e+02 1.806000e+02
1.955000e+02 1.770000e+02
1.965000e+02 1.740000e+02
1.975000e+02 1.710000e+02
1.985000e+02 1.674000e+02
2.005000e+02 1.626000e+02
2.010000e+02 1.608000e+02
2.030000e+02 1.560000e+02
2.050000e+02 1.524000e+02
2.070000e+02 1.488000e+02
2.090000e+02 1.452000e+02
2.110000e+02 1.422000e+02
2.125000e+02 1.398000e+02
2.145000e+02 1.368000e+02
2.165000e+02 1.332000e+02
2.185000e+02 1.308000e+02
2.200000e+02 1.278000e+02
2.220000e+02 1.254000e+02
2.240000e+02 1.230000e+02
2.260000e+02 1.200000e+02
2.285000e+02 1.170000e+02
2.310000e+02 1.146000e+02
2.335000e+02 1.122000e+02
2.375000e+02 1.092000e+02
2.400000e+02 1.074000e+02
2.430000e+02 1.050000e+02
2.460000e+02 1.032000e+02
2.490000e+02 1.008000e+02
2.540000e+02 9.780000e+01
2.585000e+02 9.600000e+01
2.620000e+02 9.420000e+01
2.650000e+02 9.300000e+01
2.685000e+02 9.240000e+01
2.715000e+02 9.180000e+01
2.745000e+02 9.120000e+01
2.785000e+02 9.060000e+01
2.825000e+02 9.000000e+01
2.865000e+02 8.940000e+01
2.930000e+02 8.940000e+01
2.950000e+02 8.940000e+01
3.010000e+02 8.940000e+01
3.050000e+02 9.000000e+01
3.090000e+02 9.060000e+01
3.125000e+02 9.180000e+01
3.170000e+02 9.240000e+01
3.225000e+02 9.420000e+01
3.290000e+02 9.720000e+01
3.330000e+02 9.900000e+01
3.365000e+02 1.014000e+02
3.410000e+02 1.038000e+02
3.445000e+02 1.062000e+02
3.480000e+02 1.086000e+02
3.515000e+02 1.110000e+02
3.555000e+02 1.146000e+02
3.590000e+02 1.176000e+02
3.635000e+02 1.224000e+02
3.670000e+02 1.266000e+02
3.700000e+02 1.308000e+02
3.735000e+02 1.350000e+02
3.765000e+02 1.392000e+02
3.795000e+02 1.440000e+02
3.830000e+02 1.488000e+02
3.860000e+02 1.536000e+02
3.890000e+02 1.590000e+02
3.925000e+02 1.644000e+02
3.955000e+02 1.692000e+02
3.985000e+02 1.746000e+02
4.010000e+02 1.800000e+02
4.050000e+02 1.884000e+02
4.080000e+02 1.962000e+02
4.115000e+02 2.040000e+02
4.130000e+02 2.094000e+02
4.145000e+02 2.154000e+02
4.160000e+02 2.214000e+02
4.170000e+02 2.274000e+02
4.185000e+02 2.334000e+02
4.190000e+02 2.394000e+02
4.195000e+02 2.460000e+02
4.200000e+02 2.556000e+02
4.200000e+02 2.622000e+02
4.195000e+02 2.682000e+02
4.190000e+02 2.742000e+02
4.175000e+02 2.862000e+02
4.165000e+02 2.916000e+02
4.155000e+02 2.976000e+02
4.140000e+02 3.030000e+02
4.120000e+02 3.090000e+02
4.100000e+02 3.144000e+02
4.070000e+02 3.216000e+02
4.060000e+02 3.240000e+02
4.030000e+02 3.318000e+02
4.000000e+02 3.378000e+02
3.960000e+02 3.450000e+02
3.935000e+02 3.486000e+02
3.910000e+02 3.522000e+02
3.880000e+02 3.564000e+02
3.845000e+02 3.600000e+02
3.815000e+02 3.636000e+02
3.785000e+02 3.672000e+02
3.750000e+02 3.696000e+02
3.715000e+02 3.726000e+02
3.685000e+02 3.744000e+02
3.650000e+02 3.768000e+02
3.595000e+02 3.798000e+02
3.540000e+02 3.822000e+02
3.485000e+02 3.834000e+02
3.450000e+02 3.846000e+02
3.415000e+02 3.858000e+02
3.370000e+02 3.864000e+02
3.330000e+02 3.870000e+02
3.295000e+02 3.876000e+02
3.255000e+02 3.876000e+02
3.210000e+02 3.882000e+02
3.175000e+02 3.882000e+02
3.135000e+02 3.888000e+02
3.100000e+02 3.888000e+02
3.065000e+02 3.882000e+02
3.010000e+02 3.882000e+02
2.970000e+02 3.876000e+02
2.935000e+02 3.870000e+02
2.900000e+02 3.864000e+02
2.860000e+02 3.858000e+02
2.825000e+02 3.852000e+02
2.795000e+02 3.840000e+02
2.760000e+02 3.834000e+02
2.725000e+02 3.822000e+02
2.690000e+02 3.810000e+02
2.655000e+02 3.798000e+02
2.615000e+02 3.780000e+02
2.580000e+02 3.768000e+02
2.550000e+02 3.750000e+02
2.510000e+02 3.732000e+02
2.475000e+02 3.714000e+02
2.440000e+02 3.696000e+02
2.395000e+02 3.672000e+02
2.360000e+02 3.648000e+02
2.315000e+02 3.618000e+02
2.270000e+02 3.588000e+02
2.235000e+02 3.564000e+02
2.205000e+02 3.540000e+02
2.170000e+02 3.510000e+02
2.135000e+02 3.474000e+02
2.105000e+02 3.444000e+02
2.070000e+02 3.414000e+02
2.045000e+02 3.384000e+02
2.015000e+02 3.348000e+02
1.990000e+02 3.312000e+02
1.960000e+02 3.282000e+02
1.935000e+02 3.246000e+02
1.915000e+02 3.216000e+02
1.890000e+02 3.174000e+02
1.870000e+02 3.138000e+02
1.835000e+02 3.084000e+02
1.825000e+02 3.060000e+02
1.810000e+02 3.018000e+02
1.795000e+02 2.976000e+02
1.775000e+02 2.922000e+02
1.760000e+02 2.874000e+02
1.750000e+02 2.838000e+02
1.740000e+02 2.802000e+02
1.730000e+02 2.766000e+02
1.720000e+02 2.724000e+02
1.715000e+02 2.688000e+02
1.715000e+02 2.658000e+02
1.710000e+02 2.622000e+02
1.705000e+02 2.580000e+02
1.705000e+02 2.550000e+02
1.700000e+02 2.520000e+02
1.700000e+02 2.490000e+02
1.695000e+02 2.466000e+02
1.690000e+02 2.436000e+02
1.690000e+02 2.406000e+02
1.690000e+02 2.376000e+02
1.690000e+02 2.376000e+02
