1.355000e+02 1.554000e+02
1.355000e+02 1.554000e+02
1.350000e+02 1.554000e+02
1.350000e+02 1.554000e+02
1.350000e+02 1.560000e+02
1.350000e+02 1.560000e+02
1.365000e+02 1.566000e+02
1.405000e+02 1.578000e+02
1.465000e+02 1.584000e+02
1.540000e+02 1.596000e+02
1.615000e+02 1.602000e+02
1.705000e+02 1.602000e+02
1.835000e+02 1.596000e+02
1.880000e+02 1.590000e+02
2.025000e+02 1.584000e+02
2.075000e+02 1.578000e+02
2.275000e+02 1.572000e+02
2.380000e+02 1.572000e+02
2.490000e+02 1.572000e+02
2.655000e+02 1.566000e+02
2.745000e+02 1.560000e+02
2.845000e+02 1.554000e+02
2.960000e+02 1.542000e+02
3.060000e+02 1.536000e+02
3.215000e+02 1.524000e+02
3.270000e+02 1.524000e+02
3.365000e+02 1.518000e+02
3.475000e+02 1.512000e+02
3.575000e+02 1.506000e+02
3.670000e+02 1.494000e+02
3.815000e+02 1.482000e+02
3.955000e+02 1.470000e+02
4.090000e+02 1.464000e+02
4.190000e+02 1.458000e+02
4.280000e+02 1.452000e+02
4.365000e+02 1.452000e+02
4.460000e+02 1.452000e+02
4.565000e+02 1.446000e+02
4.625000e+02 1.440000e+02
4.680000e+02 1.440000e+02
4.730000e+02 1.440000e+02
4.785000e+02 1.434000e+02
4.845000e+02 1.428000e+02
4.885000e+02 1.428000e+02
4.925000e+02 1.422000e+02
4.965000e+02 1.422000e+02
4.980000e+02 1.422000e+02
4.990000e+02 1.422000e+02
5.000000e+02 1.422000e+02
5.005000e+02 1.422000e+02
5.005000e+02 1.422000e+02
5.005000e+02 1.422000e+02
