1.390000e+02 1.818000e+02
1.390000e+02 1.818000e+02
1.400000e+02 1.824000e+02
1.405000e+02 1.824000e+02
1.425000e+02 1.824000e+02
1.450000e+02 1.824000e+02
1.485000e+02 1.818000e+02
1.545000e+02 1.800000e+02
1.595000e+02 1.782000e+02
1.645000e+02 1.776000e+02
1.700000e+02 1.764000e+02
1.760000e+02 1.752000e+02
1.820000e+02 1.740000e+02
1.885000e+02 1.728000e+02
1.950000e+02 1.716000e+02
2.020000e+02 1.704000e+02
2.090000e+02 1.698000e+02
2.160000e+02 1.692000e+02
2.235000e+02 1.686000e+02
2.310000e+02 1.692000e+02
2.415000e+02 1.698000e+02
2.485000e+02 1.704000e+02
2.560000e+02 1.710000e+02
2.640000e+02 1.722000e+02
2.710000e+02 1.728000e+02
2.785000e+02 1.734000e+02
2.855000e+02 1.740000e+02
2.935000e+02 1.746000e+02
3.020000e+02 1.752000e+02
3.095000e+02 1.752000e+02
3.175000e+02 1.752000e+02
3.285000e+02 1.752000e+02
3.360000e+02 1.746000e+02
3.470000e+02 1.734000e+02
3.575000e+02 1.710000e+02
3.640000e+02 1.692000e+02
3.715000e+02 1.668000e+02
3.785000e+02 1.632000e+02
3.855000e+02 1.596000e+02
3.935000e+02 1.560000e+02
4.005000e+02 1.524000e+02
4.090000e+02 1.488000e+02
4.175000e+02 1.458000e+02
4.295000e+02 1.422000e+02
4.330000e+02 1.410000e+02
4.450000e+02 1.392000e+02
4.565000e+02 1.374000e+02
4.635000e+02 1.368000e+02
4.735000e+02 1.350000e+02
4.840000e+02 1.338000e+02
4.945000e+02 1.326000e+02
4.975000e+02 1.320000e+02
5.050000e+02 1.320000e+02
5.110000e+02 1.314000e+02
5.180000e+02 1.308000e+02
5.205000e+02 1.302000e+02
5.285000e+02 1.290000e+02
5.325000e+02 1.284000e+02
5.360000e+02 1.272000e+02
5.405000e+02 1.266000e+02
5.435000e+02 1.254000e+02
5.460000e+02 1.248000e+02
5.480000e+02 1.236000e+02
5.500000e+02 1.224000e+02
5.520000e+02 1.206000e+02
5.535000e+02 1.194000e+02
5.535000e+02 1.194000e+02
