2.025000e+02 3.606000e+02
2.025000e+02 3.606000e+02
2.035000e+02 3.582000e+02
2.055000e+02 3.546000e+02
2.075000e+02 3.498000e+02
2.085000e+02 3.474000e+02
2.110000e+02 3.414000e+02
2.135000e+02 3.354000e+02
2.145000e+02 3.324000e+02
2.165000e+02 3.252000e+02
2.190000e+02 3.186000e+02
2.205000e+02 3.144000e+02
2.235000e+02 3.066000e+02
2.265000e+02 2.970000e+02
2.280000e+02 2.922000e+02
2.315000e+02 2.826000e+02
2.335000e+02 2.778000e+02
2.370000e+02 2.676000e+02
2.410000e+02 2.580000e+02
2.455000e+02 2.472000e+02
2.480000e+02 2.412000e+02
2.500000e+02 2.358000e+02
2.545000e+02 2.256000e+02
2.595000e+02 2.160000e+02
2.615000e+02 2.106000e+02
2.665000e+02 2.010000e+02
2.715000e+02 1.920000e+02
2.740000e+02 1.878000e+02
2.815000e+02 1.752000e+02
2.860000e+02 1.680000e+02
2.880000e+02 1.644000e+02
2.930000e+02 1.566000e+02
2.970000e+02 1.500000e+02
2.990000e+02 1.464000e+02
3.025000e+02 1.398000e+02
3.055000e+02 1.344000e+02
3.065000e+02 1.326000e+02
3.090000e+02 1.284000e+02
3.105000e+02 1.266000e+02
3.125000e+02 1.230000e+02
3.145000e+02 1.200000e+02
3.150000e+02 1.188000e+02
3.160000e+02 1.176000e+02
3.175000e+02 1.158000e+02
3.185000e+02 1.146000e+02
3.190000e+02 1.146000e+02
3.200000e+02 1.140000e+02
3.210000e+02 1.146000e+02
3.220000e+02 1.164000e+02
3.230000e+02 1.188000e+02
3.245000e+02 1.212000e+02
3.265000e+02 1.242000e+02
3.275000e+02 1.284000e+02
3.285000e+02 1.308000e+02
3.300000e+02 1.344000e+02
3.320000e+02 1.398000e+02
3.335000e+02 1.428000e+02
3.360000e+02 1.482000e+02
3.390000e+02 1.542000e+02
3.425000e+02 1.608000e+02
3.465000e+02 1.686000e+02
3.500000e+02 1.758000e+02
3.520000e+02 1.800000e+02
3.560000e+02 1.884000e+02
3.605000e+02 1.974000e+02
3.630000e+02 2.010000e+02
3.680000e+02 2.106000e+02
3.730000e+02 2.196000e+02
3.755000e+02 2.238000e+02
3.810000e+02 2.334000e+02
3.860000e+02 2.430000e+02
3.885000e+02 2.472000e+02
3.940000e+02 2.574000e+02
3.990000e+02 2.670000e+02
4.015000e+02 2.718000e+02
4.070000e+02 2.808000e+02
4.120000e+02 2.898000e+02
4.140000e+02 2.934000e+02
4.195000e+02 3.012000e+02
4.245000e+02 3.090000e+02
4.290000e+02 3.156000e+02
4.335000e+02 3.222000e+02
4.355000e+02 3.252000e+02
4.390000e+02 3.306000e+02
4.430000e+02 3.348000e+02
4.445000e+02 3.366000e+02
4.465000e+02 3.384000e+02
4.490000e+02 3.414000e+02
4.510000e+02 3.438000e+02
4.515000e+02 3.444000e+02
4.530000e+02 3.462000e+02
4.535000e+02 3.474000e+02
4.540000e+02 3.480000e+02
4.540000e+02 3.480000e+02
4.540000e+02 3.486000e+02
4.535000e+02 3.480000e+02
4.530000e+02 3.480000e+02
4.515000e+02 3.474000e+02
4.495000e+02 3.462000e+02
4.480000e+02 3.450000e+02
4.450000e+02 3.438000e+02
4.415000e+02 3.426000e+02
4.395000e+02 3.420000e+02
4.350000e+02 3.408000e+02
4.295000e+02 3.396000e+02
4.270000e+02 3.390000e+02
4.205000e+02 3.372000e+02
4.130000e+02 3.354000e+02
4.050000e+02 3.330000e+02
3.960000e+02 3.306000e+02
3.910000e+02 3.294000e+02
3.815000e+02 3.276000e+02
3.715000e+02 3.252000e+02
3.665000e+02 3.246000e+02
3.555000e+02 3.222000e+02
3.435000e+02 3.198000e+02
3.380000e+02 3.180000e+02
3.260000e+02 3.162000e+02
3.145000e+02 3.138000e+02
3.025000e+02 3.126000e+02
2.910000e+02 3.108000e+02
2.795000e+02 3.096000e+02
2.690000e+02 3.084000e+02
2.640000e+02 3.078000e+02
2.540000e+02 3.072000e+02
2.440000e+02 3.066000e+02
2.340000e+02 3.054000e+02
2.250000e+02 3.054000e+02
2.160000e+02 3.060000e+02
2.115000e+02 3.060000e+02
2.040000e+02 3.066000e+02
1.995000e+02 3.072000e+02
1.920000e+02 3.078000e+02
1.850000e+02 3.078000e+02
1.820000e+02 3.078000e+02
1.790000e+02 3.078000e+02
1.740000e+02 3.084000e+02
1.690000e+02 3.084000e+02
1.665000e+02 3.084000e+02
1.650000e+02 3.084000e+02
1.615000e+02 3.084000e+02
1.595000e+02 3.078000e+02
1.585000e+02 3.078000e+02
1.580000e+02 3.078000e+02
1.575000e+02 3.072000e+02
1.575000e+02 3.060000e+02
1.590000e+02 3.036000e+02
1.620000e+02 3.012000e+02
1.640000e+02 2.994000e+02
1.685000e+02 2.958000e+02
1.740000e+02 2.916000e+02
1.775000e+02 2.892000e+02
1.850000e+02 2.838000e+02
1.935000e+02 2.778000e+02
1.985000e+02 2.742000e+02
2.080000e+02 2.676000e+02
2.135000e+02 2.634000e+02
2.255000e+02 2.562000e+02
2.380000e+02 2.472000e+02
2.510000e+02 2.388000e+02
2.640000e+02 2.298000e+02
2.785000e+02 2.202000e+02
2.930000e+02 2.112000e+02
3.070000e+02 2.010000e+02
3.140000e+02 1.974000e+02
3.280000e+02 1.884000e+02
3.410000e+02 1.812000e+02
3.475000e+02 1.776000e+02
3.545000e+02 1.734000e+02
3.670000e+02 1.662000e+02
3.780000e+02 1.608000e+02
3.885000e+02 1.548000e+02
3.985000e+02 1.494000e+02
4.070000e+02 1.452000e+02
4.150000e+02 1.416000e+02
4.215000e+02 1.380000e+02
4.270000e+02 1.350000e+02
4.315000e+02 1.326000e+02
4.340000e+02 1.320000e+02
4.370000e+02 1.302000e+02
4.390000e+02 1.296000e+02
4.400000e+02 1.290000e+02
4.410000e+02 1.290000e+02
4.415000e+02 1.290000e+02
4.420000e+02 1.290000e+02
4.415000e+02 1.302000e+02
4.405000e+02 1.320000e+02
4.400000e+02 1.338000e+02
4.380000e+02 1.362000e+02
4.360000e+02 1.386000e+02
4.345000e+02 1.404000e+02
4.310000e+02 1.452000e+02
4.275000e+02 1.500000e+02
4.230000e+02 1.554000e+02
4.205000e+02 1.590000e+02
4.145000e+02 1.668000e+02
4.075000e+02 1.752000e+02
4.040000e+02 1.806000e+02
3.955000e+02 1.908000e+02
3.865000e+02 2.022000e+02
3.820000e+02 2.076000e+02
3.725000e+02 2.190000e+02
3.630000e+02 2.310000e+02
3.585000e+02 2.370000e+02
3.490000e+02 2.478000e+02
3.385000e+02 2.598000e+02
3.335000e+02 2.658000e+02
3.235000e+02 2.772000e+02
3.135000e+02 2.892000e+02
3.090000e+02 2.946000e+02
3.000000e+02 3.054000e+02
2.920000e+02 3.156000e+02
2.880000e+02 3.204000e+02
2.810000e+02 3.300000e+02
2.740000e+02 3.396000e+02
2.710000e+02 3.438000e+02
2.650000e+02 3.522000e+02
2.600000e+02 3.594000e+02
2.555000e+02 3.642000e+02
2.535000e+02 3.666000e+02
2.505000e+02 3.708000e+02
2.480000e+02 3.738000e+02
2.470000e+02 3.750000e+02
2.455000e+02 3.762000e+02
2.445000e+02 3.762000e+02
2.445000e+02 3.756000e+02
2.440000e+02 3.732000e+02
2.440000e+02 3.720000e+02
2.440000e+02 3.720000e+02
2.91355459948
2.74263986446
2.55764537103
2.73050084403
2.36299710771
2.3928731063
2.34773078808
2.36364299637
2.37345420642
2.47776484123
2.47340950877
2.47672880817
2.42168542381
2.54786564901
2.43539961385
2.28381392263
2.51715252956
2.57731079917
2.2269488404
2.06634067593
2.18985977842
2.325193805
2.39468482016
2.19386029451
2.34320342344
2.45099847782
2.37005580294
2.11080254546
2.34804106039
3.04722436836
2.31666899627
2.56710176471
2.55704325841
2.37153190045
2.47996209148
2.63966555102
2.72990410742
2.65721744099
2.05965753309
2.44943022022
2.52076981327
2.53174915251
3.37449561548
2.69656288928
2.53037903911
2.59660067492
2.36317067589
2.26027393052
2.28273180952
2.5708941526
2.52253851908
2.63386637708
2.20560225854
2.56509651466
2.67022046231
2.716798942
2.32342049118
2.3539070504
2.19851591528
2.34752112386
2.27152744604
2.4632811144
2.20558613052
2.21522838039
2.20356552045
1.97673572018
2.03228368106
2.17249988864
2.33312034112
2.01499982336
1.92981471213
2.02778319645
2.10758078216
2.26683572924
2.33026261019
2.32092525663
2.17250987265
2.10814603074
2.29700971214
2.1238309108
2.06713555675
2.12873689983
2.15364546933
2.07733307119
2.03245110523
2.11763775246
2.12415884714
2.14008487945
2.10544497198
2.4312470336
2.25238272244
2.0497103869
1.92790315817
1.93330604371
1.75687706304
1.91626333825
1.6695307976
2.21274850585
2.00026496027
1.67654571678
