3.045000e+02 3.636000e+02
3.045000e+02 3.636000e+02
3.040000e+02 3.624000e+02
3.040000e+02 3.612000e+02
3.035000e+02 3.606000e+02
3.035000e+02 3.576000e+02
3.030000e+02 3.552000e+02
3.030000e+02 3.522000e+02
3.025000e+02 3.462000e+02
3.025000e+02 3.402000e+02
3.025000e+02 3.342000e+02
3.025000e+02 3.318000e+02
3.030000e+02 3.264000e+02
3.030000e+02 3.204000e+02
3.030000e+02 3.144000e+02
3.035000e+02 3.090000e+02
3.035000e+02 3.030000e+02
3.035000e+02 2.976000e+02
3.035000e+02 2.922000e+02
3.035000e+02 2.856000e+02
3.040000e+02 2.766000e+02
3.040000e+02 2.736000e+02
3.040000e+02 2.646000e+02
3.040000e+02 2.550000e+02
3.040000e+02 2.490000e+02
3.040000e+02 2.430000e+02
3.040000e+02 2.376000e+02
3.045000e+02 2.310000e+02
3.045000e+02 2.256000e+02
3.045000e+02 2.208000e+02
3.045000e+02 2.130000e+02
3.045000e+02 2.088000e+02
3.045000e+02 2.040000e+02
3.045000e+02 1.998000e+02
3.045000e+02 1.950000e+02
3.045000e+02 1.914000e+02
3.045000e+02 1.890000e+02
3.045000e+02 1.854000e+02
3.045000e+02 1.806000e+02
3.045000e+02 1.770000e+02
3.045000e+02 1.734000e+02
3.045000e+02 1.674000e+02
3.045000e+02 1.638000e+02
3.045000e+02 1.608000e+02
3.045000e+02 1.572000e+02
3.045000e+02 1.536000e+02
3.050000e+02 1.506000e+02
3.050000e+02 1.470000e+02
3.050000e+02 1.440000e+02
3.055000e+02 1.410000e+02
3.055000e+02 1.386000e+02
3.055000e+02 1.356000e+02
3.055000e+02 1.344000e+02
3.060000e+02 1.320000e+02
3.060000e+02 1.302000e+02
3.060000e+02 1.278000e+02
3.060000e+02 1.248000e+02
3.060000e+02 1.230000e+02
3.060000e+02 1.212000e+02
3.060000e+02 1.194000e+02
3.060000e+02 1.176000e+02
3.060000e+02 1.164000e+02
3.060000e+02 1.152000e+02
3.060000e+02 1.140000e+02
3.060000e+02 1.134000e+02
3.060000e+02 1.128000e+02
3.060000e+02 1.122000e+02
3.060000e+02 1.122000e+02
3.060000e+02 1.122000e+02
3.055000e+02 1.128000e+02
3.055000e+02 1.128000e+02
