3.095000e+02 4.026000e+02
3.095000e+02 4.026000e+02
3.095000e+02 4.026000e+02
3.095000e+02 4.032000e+02
3.095000e+02 4.032000e+02
3.090000e+02 4.032000e+02
3.090000e+02 4.032000e+02
3.090000e+02 4.032000e+02
3.085000e+02 4.026000e+02
3.080000e+02 4.014000e+02
3.070000e+02 3.990000e+02
3.060000e+02 3.954000e+02
3.050000e+02 3.918000e+02
3.040000e+02 3.876000e+02
3.030000e+02 3.804000e+02
3.020000e+02 3.768000e+02
3.010000e+02 3.726000e+02
3.005000e+02 3.684000e+02
2.995000e+02 3.630000e+02
2.985000e+02 3.582000e+02
2.970000e+02 3.528000e+02
2.955000e+02 3.474000e+02
2.940000e+02 3.414000e+02
2.920000e+02 3.342000e+02
2.905000e+02 3.276000e+02
2.880000e+02 3.162000e+02
2.850000e+02 3.036000e+02
2.830000e+02 2.958000e+02
2.805000e+02 2.850000e+02
2.790000e+02 2.784000e+02
2.780000e+02 2.718000e+02
2.765000e+02 2.640000e+02
2.750000e+02 2.568000e+02
2.735000e+02 2.490000e+02
2.720000e+02 2.412000e+02
2.705000e+02 2.340000e+02
2.690000e+02 2.262000e+02
2.675000e+02 2.190000e+02
2.660000e+02 2.082000e+02
2.635000e+02 1.938000e+02
2.620000e+02 1.848000e+02
2.605000e+02 1.764000e+02
2.585000e+02 1.668000e+02
2.570000e+02 1.590000e+02
2.555000e+02 1.506000e+02
2.540000e+02 1.374000e+02
2.535000e+02 1.332000e+02
2.525000e+02 1.224000e+02
2.525000e+02 1.194000e+02
2.520000e+02 1.134000e+02
2.515000e+02 1.074000e+02
2.510000e+02 1.026000e+02
2.510000e+02 9.840000e+01
2.505000e+02 9.360000e+01
2.505000e+02 8.940000e+01
2.505000e+02 8.640000e+01
2.505000e+02 8.340000e+01
2.505000e+02 8.160000e+01
2.505000e+02 8.100000e+01
2.510000e+02 8.040000e+01
2.510000e+02 7.980000e+01
2.510000e+02 7.980000e+01
2.510000e+02 7.980000e+01
