1.585000e+02 3.456000e+02
1.585000e+02 3.456000e+02
1.590000e+02 3.444000e+02
1.590000e+02 3.426000e+02
1.600000e+02 3.396000e+02
1.610000e+02 3.360000e+02
1.620000e+02 3.324000e+02
1.645000e+02 3.258000e+02
1.660000e+02 3.210000e+02
1.680000e+02 3.156000e+02
1.700000e+02 3.102000e+02
1.720000e+02 3.048000e+02
1.740000e+02 2.994000e+02
1.760000e+02 2.934000e+02
1.775000e+02 2.874000e+02
1.795000e+02 2.820000e+02
1.815000e+02 2.748000e+02
1.835000e+02 2.682000e+02
1.855000e+02 2.616000e+02
1.870000e+02 2.550000e+02
1.890000e+02 2.490000e+02
1.905000e+02 2.424000e+02
1.930000e+02 2.334000e+02
1.950000e+02 2.274000e+02
1.970000e+02 2.208000e+02
1.990000e+02 2.142000e+02
2.010000e+02 2.070000e+02
2.030000e+02 1.998000e+02
2.045000e+02 1.926000e+02
2.065000e+02 1.860000e+02
2.080000e+02 1.794000e+02
2.095000e+02 1.728000e+02
2.110000e+02 1.656000e+02
2.125000e+02 1.590000e+02
2.135000e+02 1.524000e+02
2.150000e+02 1.464000e+02
2.160000e+02 1.404000e+02
2.180000e+02 1.314000e+02
2.190000e+02 1.260000e+02
2.205000e+02 1.206000e+02
2.215000e+02 1.158000e+02
2.225000e+02 1.116000e+02
2.235000e+02 1.068000e+02
2.245000e+02 1.026000e+02
2.255000e+02 9.840000e+01
2.260000e+02 9.480000e+01
2.275000e+02 9.120000e+01
2.290000e+02 8.580000e+01
2.300000e+02 8.280000e+01
2.305000e+02 8.160000e+01
2.320000e+02 7.800000e+01
2.325000e+02 7.620000e+01
2.335000e+02 7.440000e+01
2.345000e+02 7.260000e+01
2.350000e+02 7.140000e+01
2.355000e+02 7.080000e+01
2.360000e+02 6.960000e+01
2.365000e+02 6.900000e+01
2.375000e+02 6.840000e+01
2.380000e+02 6.840000e+01
2.395000e+02 6.840000e+01
2.420000e+02 6.900000e+01
2.440000e+02 6.960000e+01
2.465000e+02 7.080000e+01
2.490000e+02 7.260000e+01
2.515000e+02 7.440000e+01
2.560000e+02 7.800000e+01
2.580000e+02 7.920000e+01
2.610000e+02 8.220000e+01
2.655000e+02 8.700000e+01
2.700000e+02 9.120000e+01
2.725000e+02 9.420000e+01
2.755000e+02 9.780000e+01
2.785000e+02 1.008000e+02
2.820000e+02 1.044000e+02
2.850000e+02 1.080000e+02
2.880000e+02 1.116000e+02
2.935000e+02 1.176000e+02
2.965000e+02 1.212000e+02
2.995000e+02 1.248000e+02
3.025000e+02 1.284000e+02
3.060000e+02 1.326000e+02
3.090000e+02 1.368000e+02
3.120000e+02 1.404000e+02
3.155000e+02 1.446000e+02
3.190000e+02 1.488000e+02
3.220000e+02 1.536000e+02
3.255000e+02 1.578000e+02
3.285000e+02 1.626000e+02
3.315000e+02 1.668000e+02
3.350000e+02 1.710000e+02
3.385000e+02 1.764000e+02
3.425000e+02 1.812000e+02
3.475000e+02 1.890000e+02
3.510000e+02 1.938000e+02
3.545000e+02 1.992000e+02
3.585000e+02 2.046000e+02
3.615000e+02 2.100000e+02
3.645000e+02 2.148000e+02
3.680000e+02 2.202000e+02
3.710000e+02 2.244000e+02
3.740000e+02 2.298000e+02
3.770000e+02 2.352000e+02
3.800000e+02 2.400000e+02
3.830000e+02 2.448000e+02
3.860000e+02 2.496000e+02
3.885000e+02 2.550000e+02
3.915000e+02 2.598000e+02
3.945000e+02 2.652000e+02
3.985000e+02 2.724000e+02
4.030000e+02 2.796000e+02
4.070000e+02 2.868000e+02
4.095000e+02 2.916000e+02
4.115000e+02 2.958000e+02
4.140000e+02 3.000000e+02
4.160000e+02 3.042000e+02
4.185000e+02 3.084000e+02
4.205000e+02 3.120000e+02
4.225000e+02 3.156000e+02
4.240000e+02 3.186000e+02
4.255000e+02 3.210000e+02
4.270000e+02 3.240000e+02
4.290000e+02 3.288000e+02
4.300000e+02 3.312000e+02
4.320000e+02 3.354000e+02
4.335000e+02 3.390000e+02
4.345000e+02 3.414000e+02
4.350000e+02 3.438000e+02
4.360000e+02 3.462000e+02
4.365000e+02 3.480000e+02
4.370000e+02 3.504000e+02
4.375000e+02 3.522000e+02
4.380000e+02 3.540000e+02
4.385000e+02 3.558000e+02
4.385000e+02 3.558000e+02
