1.855000e+02 1.098000e+02
1.855000e+02 1.098000e+02
1.860000e+02 1.098000e+02
1.865000e+02 1.110000e+02
1.880000e+02 1.134000e+02
1.905000e+02 1.176000e+02
1.940000e+02 1.224000e+02
1.995000e+02 1.320000e+02
2.070000e+02 1.446000e+02
2.110000e+02 1.518000e+02
2.185000e+02 1.662000e+02
2.235000e+02 1.770000e+02
2.290000e+02 1.878000e+02
2.345000e+02 1.974000e+02
2.405000e+02 2.076000e+02
2.490000e+02 2.232000e+02
2.560000e+02 2.334000e+02
2.655000e+02 2.502000e+02
2.685000e+02 2.550000e+02
2.745000e+02 2.646000e+02
2.810000e+02 2.754000e+02
2.900000e+02 2.904000e+02
2.965000e+02 3.018000e+02
2.985000e+02 3.054000e+02
3.050000e+02 3.162000e+02
3.105000e+02 3.246000e+02
3.155000e+02 3.330000e+02
3.210000e+02 3.420000e+02
3.250000e+02 3.486000e+02
3.295000e+02 3.564000e+02
3.335000e+02 3.624000e+02
3.365000e+02 3.678000e+02
3.395000e+02 3.738000e+02
3.420000e+02 3.792000e+02
3.455000e+02 3.852000e+02
3.475000e+02 3.894000e+02
3.485000e+02 3.930000e+02
3.495000e+02 3.954000e+02
3.500000e+02 3.972000e+02
3.510000e+02 3.984000e+02
3.510000e+02 3.996000e+02
3.515000e+02 4.002000e+02
3.515000e+02 4.008000e+02
3.515000e+02 4.008000e+02
3.515000e+02 4.008000e+02
3.515000e+02 4.008000e+02
3.510000e+02 4.008000e+02
3.505000e+02 4.008000e+02
3.495000e+02 4.002000e+02
3.475000e+02 3.990000e+02
3.440000e+02 3.978000e+02
3.265000e+02 3.924000e+02
2.985000e+02 3.900000e+02
2.905000e+02 3.894000e+02
2.755000e+02 3.876000e+02
2.685000e+02 3.864000e+02
2.635000e+02 3.846000e+02
2.565000e+02 3.828000e+02
2.540000e+02 3.828000e+02
2.485000e+02 3.816000e+02
2.410000e+02 3.804000e+02
2.320000e+02 3.798000e+02
2.230000e+02 3.798000e+02
2.140000e+02 3.792000e+02
2.060000e+02 3.792000e+02
1.980000e+02 3.792000e+02
1.910000e+02 3.792000e+02
1.845000e+02 3.792000e+02
1.785000e+02 3.786000e+02
1.725000e+02 3.792000e+02
1.700000e+02 3.792000e+02
1.650000e+02 3.792000e+02
1.625000e+02 3.792000e+02
1.585000e+02 3.792000e+02
1.535000e+02 3.786000e+02
1.500000e+02 3.786000e+02
1.470000e+02 3.786000e+02
1.440000e+02 3.780000e+02
1.430000e+02 3.780000e+02
1.415000e+02 3.780000e+02
1.400000e+02 3.774000e+02
1.385000e+02 3.774000e+02
1.380000e+02 3.774000e+02
1.370000e+02 3.774000e+02
1.360000e+02 3.768000e+02
1.355000e+02 3.768000e+02
1.350000e+02 3.768000e+02
1.345000e+02 3.762000e+02
1.340000e+02 3.762000e+02
1.340000e+02 3.756000e+02
1.340000e+02 3.750000e+02
1.340000e+02 3.750000e+02
1.340000e+02 3.738000e+02
1.345000e+02 3.732000e+02
1.350000e+02 3.720000e+02
1.375000e+02 3.684000e+02
1.420000e+02 3.612000e+02
1.475000e+02 3.540000e+02
1.540000e+02 3.456000e+02
1.610000e+02 3.378000e+02
1.700000e+02 3.276000e+02
1.785000e+02 3.180000e+02
1.860000e+02 3.096000e+02
1.950000e+02 3.000000e+02
2.085000e+02 2.850000e+02
2.215000e+02 2.712000e+02
2.295000e+02 2.628000e+02
2.380000e+02 2.538000e+02
2.460000e+02 2.466000e+02
2.560000e+02 2.370000e+02
2.630000e+02 2.304000e+02
2.720000e+02 2.220000e+02
2.810000e+02 2.142000e+02
2.890000e+02 2.064000e+02
2.975000e+02 1.992000e+02
3.090000e+02 1.884000e+02
3.130000e+02 1.848000e+02
3.215000e+02 1.770000e+02
3.300000e+02 1.698000e+02
3.430000e+02 1.578000e+02
3.510000e+02 1.506000e+02
3.585000e+02 1.440000e+02
3.660000e+02 1.380000e+02
3.735000e+02 1.308000e+02
3.805000e+02 1.254000e+02
3.870000e+02 1.194000e+02
3.965000e+02 1.122000e+02
3.990000e+02 1.098000e+02
4.050000e+02 1.056000e+02
4.095000e+02 1.014000e+02
4.135000e+02 9.840000e+01
4.170000e+02 9.600000e+01
4.195000e+02 9.420000e+01
4.215000e+02 9.300000e+01
4.235000e+02 9.180000e+01
4.245000e+02 9.120000e+01
4.255000e+02 9.060000e+01
4.255000e+02 9.000000e+01
4.260000e+02 9.000000e+01
4.260000e+02 9.000000e+01
