2.320000e+02 1.632000e+02
2.320000e+02 1.632000e+02
2.325000e+02 1.614000e+02
2.330000e+02 1.602000e+02
2.340000e+02 1.578000e+02
2.360000e+02 1.542000e+02
2.385000e+02 1.506000e+02
2.420000e+02 1.470000e+02
2.460000e+02 1.428000e+02
2.500000e+02 1.386000e+02
2.550000e+02 1.344000e+02
2.605000e+02 1.308000e+02
2.670000e+02 1.272000e+02
2.770000e+02 1.224000e+02
2.870000e+02 1.188000e+02
2.940000e+02 1.170000e+02
3.005000e+02 1.152000e+02
3.115000e+02 1.128000e+02
3.225000e+02 1.110000e+02
3.335000e+02 1.104000e+02
3.410000e+02 1.104000e+02
3.475000e+02 1.116000e+02
3.550000e+02 1.128000e+02
3.645000e+02 1.146000e+02
3.685000e+02 1.164000e+02
3.755000e+02 1.194000e+02
3.820000e+02 1.230000e+02
3.880000e+02 1.272000e+02
3.935000e+02 1.320000e+02
3.985000e+02 1.368000e+02
4.040000e+02 1.428000e+02
4.080000e+02 1.482000e+02
4.135000e+02 1.566000e+02
4.170000e+02 1.626000e+02
4.200000e+02 1.686000e+02
4.235000e+02 1.758000e+02
4.275000e+02 1.860000e+02
4.310000e+02 1.968000e+02
4.330000e+02 2.040000e+02
4.340000e+02 2.118000e+02
4.355000e+02 2.190000e+02
4.360000e+02 2.262000e+02
4.365000e+02 2.340000e+02
4.365000e+02 2.418000e+02
4.360000e+02 2.520000e+02
4.355000e+02 2.598000e+02
4.350000e+02 2.688000e+02
4.340000e+02 2.772000e+02
4.320000e+02 2.844000e+02
4.295000e+02 2.928000e+02
4.260000e+02 3.030000e+02
4.230000e+02 3.096000e+02
4.200000e+02 3.144000e+02
4.170000e+02 3.180000e+02
4.145000e+02 3.216000e+02
4.120000e+02 3.240000e+02
4.095000e+02 3.270000e+02
4.070000e+02 3.288000e+02
4.045000e+02 3.306000e+02
4.015000e+02 3.324000e+02
3.985000e+02 3.348000e+02
3.955000e+02 3.360000e+02
3.920000e+02 3.378000e+02
3.875000e+02 3.396000e+02
3.825000e+02 3.414000e+02
3.755000e+02 3.444000e+02
3.685000e+02 3.468000e+02
3.605000e+02 3.492000e+02
3.530000e+02 3.510000e+02
3.460000e+02 3.522000e+02
3.365000e+02 3.534000e+02
3.300000e+02 3.534000e+02
3.265000e+02 3.534000e+02
3.200000e+02 3.534000e+02
3.130000e+02 3.534000e+02
3.035000e+02 3.534000e+02
2.970000e+02 3.540000e+02
2.915000e+02 3.540000e+02
2.850000e+02 3.546000e+02
2.795000e+02 3.546000e+02
2.740000e+02 3.546000e+02
2.685000e+02 3.546000e+02
2.625000e+02 3.546000e+02
2.570000e+02 3.540000e+02
2.520000e+02 3.534000e+02
2.445000e+02 3.528000e+02
2.400000e+02 3.522000e+02
2.350000e+02 3.510000e+02
2.305000e+02 3.498000e+02
2.265000e+02 3.486000e+02
2.225000e+02 3.468000e+02
2.190000e+02 3.444000e+02
2.145000e+02 3.420000e+02
2.110000e+02 3.390000e+02
2.070000e+02 3.360000e+02
2.035000e+02 3.312000e+02
2.010000e+02 3.270000e+02
1.975000e+02 3.216000e+02
1.950000e+02 3.162000e+02
1.920000e+02 3.084000e+02
1.895000e+02 3.000000e+02
1.880000e+02 2.928000e+02
1.865000e+02 2.820000e+02
1.860000e+02 2.748000e+02
1.855000e+02 2.682000e+02
1.855000e+02 2.604000e+02
1.860000e+02 2.532000e+02
1.870000e+02 2.454000e+02
1.880000e+02 2.394000e+02
1.890000e+02 2.334000e+02
1.910000e+02 2.262000e+02
1.930000e+02 2.196000e+02
1.955000e+02 2.124000e+02
1.990000e+02 2.040000e+02
2.030000e+02 1.962000e+02
2.075000e+02 1.884000e+02
2.105000e+02 1.830000e+02
2.135000e+02 1.788000e+02
2.160000e+02 1.752000e+02
2.190000e+02 1.722000e+02
2.215000e+02 1.692000e+02
2.240000e+02 1.662000e+02
2.265000e+02 1.632000e+02
2.290000e+02 1.614000e+02
2.315000e+02 1.596000e+02
2.340000e+02 1.584000e+02
2.365000e+02 1.566000e+02
2.385000e+02 1.560000e+02
2.400000e+02 1.554000e+02
2.430000e+02 1.542000e+02
2.450000e+02 1.536000e+02
2.450000e+02 1.536000e+02
