2.735000e+02 1.560000e+02
2.735000e+02 1.560000e+02
2.735000e+02 1.554000e+02
2.740000e+02 1.542000e+02
2.745000e+02 1.524000e+02
2.750000e+02 1.500000e+02
2.760000e+02 1.476000e+02
2.770000e+02 1.446000e+02
2.785000e+02 1.410000e+02
2.800000e+02 1.368000e+02
2.825000e+02 1.326000e+02
2.840000e+02 1.296000e+02
2.860000e+02 1.266000e+02
2.880000e+02 1.236000e+02
2.905000e+02 1.206000e+02
2.925000e+02 1.176000e+02
2.960000e+02 1.134000e+02
2.975000e+02 1.116000e+02
3.005000e+02 1.086000e+02
3.040000e+02 1.056000e+02
3.060000e+02 1.038000e+02
3.085000e+02 1.026000e+02
3.105000e+02 1.014000e+02
3.125000e+02 1.002000e+02
3.145000e+02 9.900000e+01
3.170000e+02 9.840000e+01
3.195000e+02 9.840000e+01
3.225000e+02 9.780000e+01
3.250000e+02 9.780000e+01
3.285000e+02 9.780000e+01
3.335000e+02 9.840000e+01
3.365000e+02 9.900000e+01
3.405000e+02 9.960000e+01
3.445000e+02 1.002000e+02
3.475000e+02 1.008000e+02
3.485000e+02 1.014000e+02
3.515000e+02 1.020000e+02
3.550000e+02 1.026000e+02
3.585000e+02 1.038000e+02
3.635000e+02 1.056000e+02
3.675000e+02 1.074000e+02
3.690000e+02 1.080000e+02
3.740000e+02 1.104000e+02
3.800000e+02 1.134000e+02
3.835000e+02 1.158000e+02
3.900000e+02 1.200000e+02
3.940000e+02 1.230000e+02
3.960000e+02 1.242000e+02
4.015000e+02 1.290000e+02
4.035000e+02 1.302000e+02
4.085000e+02 1.350000e+02
4.130000e+02 1.398000e+02
4.160000e+02 1.434000e+02
4.210000e+02 1.494000e+02
4.260000e+02 1.554000e+02
4.305000e+02 1.620000e+02
4.330000e+02 1.662000e+02
4.355000e+02 1.704000e+02
4.375000e+02 1.752000e+02
4.390000e+02 1.794000e+02
4.405000e+02 1.842000e+02
4.420000e+02 1.890000e+02
4.430000e+02 1.944000e+02
4.440000e+02 1.992000e+02
4.450000e+02 2.046000e+02
4.455000e+02 2.088000e+02
4.460000e+02 2.166000e+02
4.460000e+02 2.238000e+02
4.455000e+02 2.316000e+02
4.450000e+02 2.370000e+02
4.440000e+02 2.418000e+02
4.430000e+02 2.466000e+02
4.415000e+02 2.514000e+02
4.405000e+02 2.550000e+02
4.390000e+02 2.592000e+02
4.380000e+02 2.628000e+02
4.365000e+02 2.664000e+02
4.345000e+02 2.700000e+02
4.325000e+02 2.736000e+02
4.305000e+02 2.778000e+02
4.280000e+02 2.820000e+02
4.245000e+02 2.874000e+02
4.235000e+02 2.898000e+02
4.195000e+02 2.946000e+02
4.175000e+02 2.982000e+02
4.150000e+02 3.012000e+02
4.125000e+02 3.042000e+02
4.095000e+02 3.078000e+02
4.065000e+02 3.108000e+02
4.035000e+02 3.132000e+02
4.005000e+02 3.162000e+02
3.970000e+02 3.186000e+02
3.940000e+02 3.210000e+02
3.910000e+02 3.228000e+02
3.885000e+02 3.240000e+02
3.860000e+02 3.252000e+02
3.835000e+02 3.264000e+02
3.810000e+02 3.270000e+02
3.785000e+02 3.276000e+02
3.755000e+02 3.282000e+02
3.715000e+02 3.288000e+02
3.680000e+02 3.294000e+02
3.640000e+02 3.306000e+02
3.605000e+02 3.312000e+02
3.565000e+02 3.318000e+02
3.530000e+02 3.318000e+02
3.475000e+02 3.324000e+02
3.460000e+02 3.324000e+02
3.415000e+02 3.324000e+02
3.400000e+02 3.324000e+02
3.340000e+02 3.324000e+02
3.325000e+02 3.318000e+02
3.275000e+02 3.312000e+02
3.245000e+02 3.306000e+02
3.210000e+02 3.300000e+02
3.190000e+02 3.294000e+02
3.165000e+02 3.282000e+02
3.145000e+02 3.276000e+02
3.125000e+02 3.270000e+02
3.105000e+02 3.258000e+02
3.090000e+02 3.252000e+02
3.070000e+02 3.240000e+02
3.055000e+02 3.234000e+02
3.040000e+02 3.222000e+02
3.025000e+02 3.210000e+02
3.010000e+02 3.198000e+02
2.990000e+02 3.174000e+02
2.975000e+02 3.162000e+02
2.965000e+02 3.150000e+02
2.950000e+02 3.138000e+02
2.945000e+02 3.132000e+02
2.930000e+02 3.114000e+02
2.910000e+02 3.090000e+02
2.895000e+02 3.066000e+02
2.880000e+02 3.042000e+02
2.865000e+02 3.024000e+02
2.855000e+02 3.006000e+02
2.840000e+02 2.982000e+02
2.830000e+02 2.964000e+02
2.815000e+02 2.940000e+02
2.800000e+02 2.922000e+02
2.785000e+02 2.892000e+02
2.770000e+02 2.868000e+02
2.755000e+02 2.844000e+02
2.740000e+02 2.820000e+02
2.725000e+02 2.790000e+02
2.700000e+02 2.754000e+02
2.690000e+02 2.736000e+02
2.665000e+02 2.694000e+02
2.655000e+02 2.670000e+02
2.640000e+02 2.646000e+02
2.630000e+02 2.622000e+02
2.615000e+02 2.592000e+02
2.600000e+02 2.568000e+02
2.585000e+02 2.544000e+02
2.575000e+02 2.514000e+02
2.560000e+02 2.490000e+02
2.550000e+02 2.466000e+02
2.540000e+02 2.430000e+02
2.530000e+02 2.406000e+02
2.525000e+02 2.376000e+02
2.515000e+02 2.352000e+02
2.510000e+02 2.322000e+02
2.495000e+02 2.274000e+02
2.490000e+02 2.244000e+02
2.485000e+02 2.220000e+02
2.480000e+02 2.190000e+02
2.470000e+02 2.160000e+02
2.465000e+02 2.130000e+02
2.460000e+02 2.100000e+02
2.455000e+02 2.064000e+02
2.450000e+02 2.046000e+02
2.450000e+02 2.004000e+02
2.450000e+02 1.980000e+02
2.450000e+02 1.932000e+02
2.450000e+02 1.914000e+02
2.450000e+02 1.890000e+02
2.450000e+02 1.878000e+02
2.450000e+02 1.860000e+02
2.455000e+02 1.842000e+02
2.455000e+02 1.818000e+02
2.460000e+02 1.800000e+02
2.460000e+02 1.782000e+02
2.460000e+02 1.770000e+02
2.460000e+02 1.752000e+02
2.460000e+02 1.740000e+02
2.465000e+02 1.728000e+02
2.465000e+02 1.716000e+02
2.465000e+02 1.704000e+02
2.460000e+02 1.692000e+02
2.460000e+02 1.686000e+02
2.460000e+02 1.686000e+02
2.460000e+02 1.686000e+02
