2.700000e+02 2.052000e+02
2.700000e+02 2.052000e+02
2.695000e+02 2.052000e+02
2.695000e+02 2.052000e+02
2.690000e+02 2.046000e+02
2.685000e+02 2.046000e+02
2.685000e+02 2.040000e+02
2.680000e+02 2.028000e+02
2.670000e+02 2.016000e+02
2.665000e+02 1.998000e+02
2.655000e+02 1.968000e+02
2.645000e+02 1.938000e+02
2.635000e+02 1.914000e+02
2.630000e+02 1.890000e+02
2.620000e+02 1.860000e+02
2.615000e+02 1.818000e+02
2.610000e+02 1.782000e+02
2.605000e+02 1.734000e+02
2.600000e+02 1.698000e+02
2.600000e+02 1.680000e+02
2.600000e+02 1.644000e+02
2.600000e+02 1.614000e+02
2.605000e+02 1.584000e+02
2.610000e+02 1.554000e+02
2.615000e+02 1.506000e+02
2.620000e+02 1.476000e+02
2.620000e+02 1.464000e+02
2.630000e+02 1.434000e+02
2.635000e+02 1.410000e+02
2.640000e+02 1.386000e+02
2.645000e+02 1.356000e+02
2.655000e+02 1.332000e+02
2.665000e+02 1.308000e+02
2.675000e+02 1.284000e+02
2.685000e+02 1.272000e+02
2.700000e+02 1.248000e+02
2.715000e+02 1.218000e+02
2.730000e+02 1.200000e+02
2.740000e+02 1.182000e+02
2.750000e+02 1.164000e+02
2.760000e+02 1.146000e+02
2.770000e+02 1.134000e+02
2.785000e+02 1.122000e+02
2.805000e+02 1.098000e+02
2.825000e+02 1.086000e+02
2.830000e+02 1.074000e+02
2.850000e+02 1.062000e+02
2.865000e+02 1.050000e+02
2.885000e+02 1.038000e+02
2.910000e+02 1.026000e+02
2.935000e+02 1.014000e+02
2.960000e+02 1.002000e+02
2.990000e+02 9.900000e+01
3.030000e+02 9.840000e+01
3.060000e+02 9.780000e+01
3.085000e+02 9.780000e+01
3.105000e+02 9.780000e+01
3.130000e+02 9.780000e+01
3.150000e+02 9.780000e+01
3.175000e+02 9.780000e+01
3.195000e+02 9.840000e+01
3.215000e+02 9.900000e+01
3.245000e+02 1.002000e+02
3.255000e+02 1.002000e+02
3.275000e+02 1.014000e+02
3.295000e+02 1.026000e+02
3.315000e+02 1.038000e+02
3.335000e+02 1.050000e+02
3.350000e+02 1.062000e+02
3.365000e+02 1.074000e+02
3.385000e+02 1.086000e+02
3.400000e+02 1.110000e+02
3.420000e+02 1.134000e+02
3.440000e+02 1.164000e+02
3.465000e+02 1.194000e+02
3.470000e+02 1.206000e+02
3.500000e+02 1.254000e+02
3.510000e+02 1.284000e+02
3.515000e+02 1.308000e+02
3.525000e+02 1.332000e+02
3.535000e+02 1.362000e+02
3.545000e+02 1.392000e+02
3.550000e+02 1.416000e+02
3.555000e+02 1.446000e+02
3.555000e+02 1.470000e+02
3.560000e+02 1.494000e+02
3.560000e+02 1.518000e+02
3.560000e+02 1.542000e+02
3.560000e+02 1.596000e+02
3.560000e+02 1.626000e+02
3.555000e+02 1.644000e+02
3.550000e+02 1.698000e+02
3.545000e+02 1.734000e+02
3.540000e+02 1.770000e+02
3.535000e+02 1.806000e+02
3.525000e+02 1.836000e+02
3.520000e+02 1.878000e+02
3.510000e+02 1.914000e+02
3.495000e+02 1.962000e+02
3.485000e+02 1.986000e+02
3.480000e+02 2.004000e+02
3.455000e+02 2.052000e+02
3.435000e+02 2.094000e+02
3.420000e+02 2.118000e+02
3.410000e+02 2.142000e+02
3.395000e+02 2.172000e+02
3.380000e+02 2.202000e+02
3.365000e+02 2.232000e+02
3.350000e+02 2.256000e+02
3.335000e+02 2.280000e+02
3.320000e+02 2.304000e+02
3.300000e+02 2.352000e+02
3.290000e+02 2.376000e+02
3.275000e+02 2.406000e+02
3.270000e+02 2.418000e+02
3.260000e+02 2.448000e+02
3.250000e+02 2.478000e+02
3.235000e+02 2.520000e+02
3.225000e+02 2.550000e+02
3.215000e+02 2.580000e+02
3.205000e+02 2.616000e+02
3.190000e+02 2.676000e+02
3.180000e+02 2.712000e+02
3.165000e+02 2.760000e+02
3.160000e+02 2.802000e+02
3.150000e+02 2.844000e+02
3.140000e+02 2.880000e+02
3.130000e+02 2.946000e+02
3.125000e+02 2.970000e+02
3.110000e+02 3.054000e+02
3.105000e+02 3.102000e+02
3.095000e+02 3.144000e+02
3.090000e+02 3.186000e+02
3.080000e+02 3.234000e+02
3.065000e+02 3.312000e+02
3.060000e+02 3.348000e+02
3.055000e+02 3.402000e+02
3.045000e+02 3.444000e+02
3.040000e+02 3.486000e+02
3.035000e+02 3.528000e+02
3.030000e+02 3.576000e+02
3.025000e+02 3.618000e+02
3.025000e+02 3.654000e+02
3.020000e+02 3.696000e+02
3.015000e+02 3.738000e+02
3.010000e+02 3.792000e+02
3.010000e+02 3.804000e+02
3.010000e+02 3.834000e+02
3.010000e+02 3.876000e+02
3.005000e+02 3.912000e+02
3.005000e+02 3.942000e+02
3.000000e+02 3.984000e+02
3.000000e+02 4.026000e+02
3.000000e+02 4.050000e+02
3.000000e+02 4.068000e+02
3.000000e+02 4.080000e+02
2.995000e+02 4.092000e+02
2.995000e+02 4.098000e+02
2.995000e+02 4.098000e+02
2.995000e+02 4.104000e+02
2.995000e+02 4.104000e+02
2.995000e+02 4.110000e+02
2.995000e+02 4.110000e+02
