1.905000e+02 1.626000e+02
1.905000e+02 1.626000e+02
1.905000e+02 1.620000e+02
1.910000e+02 1.620000e+02
1.915000e+02 1.620000e+02
1.925000e+02 1.614000e+02
1.950000e+02 1.608000e+02
1.990000e+02 1.602000e+02
2.050000e+02 1.590000e+02
2.120000e+02 1.584000e+02
2.200000e+02 1.578000e+02
2.335000e+02 1.560000e+02
2.430000e+02 1.548000e+02
2.585000e+02 1.530000e+02
2.695000e+02 1.524000e+02
2.865000e+02 1.506000e+02
2.930000e+02 1.500000e+02
3.095000e+02 1.488000e+02
3.215000e+02 1.482000e+02
3.315000e+02 1.476000e+02
3.420000e+02 1.470000e+02
3.515000e+02 1.470000e+02
3.595000e+02 1.470000e+02
3.690000e+02 1.470000e+02
3.760000e+02 1.464000e+02
3.830000e+02 1.470000e+02
3.895000e+02 1.470000e+02
3.950000e+02 1.476000e+02
4.010000e+02 1.476000e+02
4.080000e+02 1.494000e+02
4.140000e+02 1.512000e+02
4.175000e+02 1.524000e+02
4.215000e+02 1.548000e+02
4.240000e+02 1.566000e+02
4.255000e+02 1.596000e+02
4.270000e+02 1.626000e+02
4.285000e+02 1.656000e+02
4.290000e+02 1.692000e+02
4.300000e+02 1.740000e+02
4.305000e+02 1.782000e+02
4.310000e+02 1.818000e+02
4.310000e+02 1.872000e+02
4.315000e+02 1.920000e+02
4.320000e+02 1.962000e+02
4.325000e+02 2.016000e+02
4.330000e+02 2.058000e+02
4.335000e+02 2.106000e+02
4.340000e+02 2.178000e+02
4.345000e+02 2.250000e+02
4.350000e+02 2.316000e+02
4.350000e+02 2.358000e+02
4.350000e+02 2.400000e+02
4.345000e+02 2.436000e+02
4.340000e+02 2.472000e+02
4.340000e+02 2.508000e+02
4.330000e+02 2.544000e+02
4.315000e+02 2.574000e+02
4.300000e+02 2.604000e+02
4.280000e+02 2.640000e+02
4.245000e+02 2.682000e+02
4.200000e+02 2.724000e+02
4.145000e+02 2.760000e+02
4.085000e+02 2.796000e+02
4.030000e+02 2.838000e+02
3.960000e+02 2.874000e+02
3.885000e+02 2.904000e+02
3.815000e+02 2.934000e+02
3.735000e+02 2.964000e+02
3.615000e+02 3.018000e+02
3.500000e+02 3.054000e+02
3.435000e+02 3.072000e+02
3.330000e+02 3.096000e+02
3.270000e+02 3.102000e+02
3.245000e+02 3.108000e+02
3.195000e+02 3.114000e+02
3.125000e+02 3.114000e+02
3.080000e+02 3.114000e+02
3.040000e+02 3.108000e+02
2.990000e+02 3.108000e+02
2.950000e+02 3.102000e+02
2.905000e+02 3.096000e+02
2.860000e+02 3.090000e+02
2.820000e+02 3.078000e+02
2.780000e+02 3.072000e+02
2.735000e+02 3.066000e+02
2.695000e+02 3.054000e+02
2.640000e+02 3.042000e+02
2.570000e+02 3.024000e+02
2.500000e+02 3.000000e+02
2.455000e+02 2.988000e+02
2.405000e+02 2.976000e+02
2.360000e+02 2.958000e+02
2.315000e+02 2.946000e+02
2.260000e+02 2.934000e+02
2.220000e+02 2.922000e+02
2.175000e+02 2.910000e+02
2.130000e+02 2.892000e+02
2.085000e+02 2.874000e+02
2.030000e+02 2.850000e+02
1.995000e+02 2.832000e+02
1.950000e+02 2.802000e+02
1.910000e+02 2.772000e+02
1.880000e+02 2.730000e+02
1.855000e+02 2.694000e+02
1.835000e+02 2.652000e+02
1.825000e+02 2.622000e+02
1.810000e+02 2.550000e+02
1.800000e+02 2.424000e+02
1.805000e+02 2.292000e+02
1.810000e+02 2.214000e+02
1.830000e+02 2.082000e+02
1.845000e+02 1.998000e+02
1.855000e+02 1.926000e+02
1.870000e+02 1.854000e+02
1.875000e+02 1.788000e+02
1.885000e+02 1.734000e+02
1.890000e+02 1.674000e+02
1.900000e+02 1.626000e+02
1.900000e+02 1.596000e+02
1.905000e+02 1.572000e+02
1.910000e+02 1.542000e+02
1.910000e+02 1.524000e+02
1.910000e+02 1.506000e+02
1.910000e+02 1.494000e+02
1.910000e+02 1.482000e+02
1.910000e+02 1.476000e+02
1.910000e+02 1.464000e+02
1.910000e+02 1.464000e+02
