1.770000e+02 1.200000e+02
1.770000e+02 1.200000e+02
1.785000e+02 1.218000e+02
1.805000e+02 1.242000e+02
1.835000e+02 1.290000e+02
1.855000e+02 1.314000e+02
1.890000e+02 1.362000e+02
1.935000e+02 1.416000e+02
1.955000e+02 1.446000e+02
2.000000e+02 1.512000e+02
2.050000e+02 1.584000e+02
2.100000e+02 1.656000e+02
2.150000e+02 1.734000e+02
2.205000e+02 1.824000e+02
2.260000e+02 1.908000e+02
2.315000e+02 2.004000e+02
2.340000e+02 2.046000e+02
2.395000e+02 2.148000e+02
2.455000e+02 2.238000e+02
2.510000e+02 2.334000e+02
2.570000e+02 2.436000e+02
2.625000e+02 2.526000e+02
2.655000e+02 2.574000e+02
2.710000e+02 2.664000e+02
2.770000e+02 2.760000e+02
2.795000e+02 2.808000e+02
2.850000e+02 2.898000e+02
2.905000e+02 2.976000e+02
2.930000e+02 3.024000e+02
2.980000e+02 3.102000e+02
3.030000e+02 3.186000e+02
3.050000e+02 3.228000e+02
3.095000e+02 3.300000e+02
3.140000e+02 3.372000e+02
3.160000e+02 3.408000e+02
3.205000e+02 3.474000e+02
3.250000e+02 3.546000e+02
3.290000e+02 3.612000e+02
3.330000e+02 3.672000e+02
3.365000e+02 3.726000e+02
3.380000e+02 3.750000e+02
3.410000e+02 3.792000e+02
3.435000e+02 3.828000e+02
3.445000e+02 3.846000e+02
3.465000e+02 3.876000e+02
3.485000e+02 3.906000e+02
3.495000e+02 3.918000e+02
3.510000e+02 3.936000e+02
3.515000e+02 3.948000e+02
3.520000e+02 3.954000e+02
3.525000e+02 3.960000e+02
3.530000e+02 3.966000e+02
3.530000e+02 3.966000e+02
3.525000e+02 3.972000e+02
3.515000e+02 3.978000e+02
3.510000e+02 3.978000e+02
3.490000e+02 3.978000e+02
3.465000e+02 3.978000e+02
3.445000e+02 3.984000e+02
3.410000e+02 3.978000e+02
3.385000e+02 3.978000e+02
3.335000e+02 3.978000e+02
3.275000e+02 3.978000e+02
3.210000e+02 3.978000e+02
3.140000e+02 3.972000e+02
3.065000e+02 3.966000e+02
3.020000e+02 3.960000e+02
2.935000e+02 3.954000e+02
2.850000e+02 3.948000e+02
2.805000e+02 3.942000e+02
2.720000e+02 3.942000e+02
2.630000e+02 3.936000e+02
2.585000e+02 3.930000e+02
2.540000e+02 3.930000e+02
2.450000e+02 3.930000e+02
2.400000e+02 3.936000e+02
2.305000e+02 3.942000e+02
2.210000e+02 3.948000e+02
2.160000e+02 3.948000e+02
2.115000e+02 3.954000e+02
2.025000e+02 3.960000e+02
1.935000e+02 3.972000e+02
1.890000e+02 3.978000e+02
1.850000e+02 3.984000e+02
1.775000e+02 3.990000e+02
1.735000e+02 3.996000e+02
1.670000e+02 4.002000e+02
1.620000e+02 4.008000e+02
1.590000e+02 4.008000e+02
1.550000e+02 4.014000e+02
1.530000e+02 4.014000e+02
1.505000e+02 4.008000e+02
1.485000e+02 4.008000e+02
1.475000e+02 4.008000e+02
1.465000e+02 4.008000e+02
1.460000e+02 4.008000e+02
1.460000e+02 4.008000e+02
1.460000e+02 4.002000e+02
1.465000e+02 4.002000e+02
1.465000e+02 3.996000e+02
1.480000e+02 3.990000e+02
1.495000e+02 3.972000e+02
1.510000e+02 3.960000e+02
1.525000e+02 3.942000e+02
1.555000e+02 3.912000e+02
1.595000e+02 3.882000e+02
1.635000e+02 3.846000e+02
1.690000e+02 3.798000e+02
1.750000e+02 3.750000e+02
1.815000e+02 3.690000e+02
1.880000e+02 3.624000e+02
1.915000e+02 3.588000e+02
1.990000e+02 3.516000e+02
2.070000e+02 3.432000e+02
2.115000e+02 3.384000e+02
2.210000e+02 3.300000e+02
2.305000e+02 3.210000e+02
2.360000e+02 3.162000e+02
2.460000e+02 3.072000e+02
2.565000e+02 2.976000e+02
2.670000e+02 2.874000e+02
2.775000e+02 2.778000e+02
2.880000e+02 2.682000e+02
2.975000e+02 2.592000e+02
3.065000e+02 2.496000e+02
3.115000e+02 2.448000e+02
3.165000e+02 2.406000e+02
3.265000e+02 2.310000e+02
3.360000e+02 2.220000e+02
3.405000e+02 2.178000e+02
3.500000e+02 2.088000e+02
3.595000e+02 1.998000e+02
3.690000e+02 1.908000e+02
3.785000e+02 1.824000e+02
3.875000e+02 1.740000e+02
3.915000e+02 1.698000e+02
3.985000e+02 1.632000e+02
4.025000e+02 1.596000e+02
4.100000e+02 1.530000e+02
4.140000e+02 1.500000e+02
4.205000e+02 1.440000e+02
4.270000e+02 1.386000e+02
4.300000e+02 1.356000e+02
4.325000e+02 1.332000e+02
4.380000e+02 1.296000e+02
4.420000e+02 1.266000e+02
4.460000e+02 1.236000e+02
4.485000e+02 1.212000e+02
4.510000e+02 1.188000e+02
4.530000e+02 1.164000e+02
4.540000e+02 1.146000e+02
4.555000e+02 1.134000e+02
4.560000e+02 1.128000e+02
4.565000e+02 1.122000e+02
4.565000e+02 1.116000e+02
4.570000e+02 1.110000e+02
4.570000e+02 1.110000e+02
4.570000e+02 1.110000e+02
4.560000e+02 1.122000e+02
4.555000e+02 1.128000e+02
4.555000e+02 1.128000e+02
