4.385000e+02 3.420000e+02
4.385000e+02 3.420000e+02
4.385000e+02 3.390000e+02
4.385000e+02 3.366000e+02
4.390000e+02 3.312000e+02
4.395000e+02 3.252000e+02
4.410000e+02 3.180000e+02
4.445000e+02 3.048000e+02
4.470000e+02 2.946000e+02
4.495000e+02 2.838000e+02
4.515000e+02 2.724000e+02
4.540000e+02 2.604000e+02
4.565000e+02 2.490000e+02
4.590000e+02 2.364000e+02
4.610000e+02 2.244000e+02
4.635000e+02 2.124000e+02
4.665000e+02 2.004000e+02
4.695000e+02 1.878000e+02
4.730000e+02 1.734000e+02
4.760000e+02 1.614000e+02
4.790000e+02 1.488000e+02
4.825000e+02 1.368000e+02
4.870000e+02 1.200000e+02
4.900000e+02 1.092000e+02
4.930000e+02 1.002000e+02
4.960000e+02 9.120000e+01
4.985000e+02 8.280000e+01
5.010000e+02 7.560000e+01
5.030000e+02 6.840000e+01
5.055000e+02 6.180000e+01
5.080000e+02 5.640000e+01
5.105000e+02 5.160000e+01
5.125000e+02 4.740000e+01
5.140000e+02 4.440000e+01
5.150000e+02 4.260000e+01
5.160000e+02 4.080000e+01
5.165000e+02 4.020000e+01
5.175000e+02 4.020000e+01
5.185000e+02 4.020000e+01
5.200000e+02 4.140000e+01
5.220000e+02 4.440000e+01
5.245000e+02 4.920000e+01
5.270000e+02 5.580000e+01
5.300000e+02 6.420000e+01
5.330000e+02 7.380000e+01
5.360000e+02 8.400000e+01
5.405000e+02 1.008000e+02
5.425000e+02 1.068000e+02
5.480000e+02 1.266000e+02
5.540000e+02 1.518000e+02
5.570000e+02 1.644000e+02
5.600000e+02 1.788000e+02
5.630000e+02 1.920000e+02
5.655000e+02 2.052000e+02
5.680000e+02 2.184000e+02
5.710000e+02 2.316000e+02
5.745000e+02 2.520000e+02
5.765000e+02 2.634000e+02
5.785000e+02 2.760000e+02
5.810000e+02 2.868000e+02
5.830000e+02 2.976000e+02
5.850000e+02 3.078000e+02
5.865000e+02 3.162000e+02
5.875000e+02 3.228000e+02
5.885000e+02 3.294000e+02
5.890000e+02 3.336000e+02
5.895000e+02 3.372000e+02
5.895000e+02 3.396000e+02
5.895000e+02 3.408000e+02
5.895000e+02 3.420000e+02
5.895000e+02 3.426000e+02
5.890000e+02 3.426000e+02
5.885000e+02 3.426000e+02
5.865000e+02 3.402000e+02
5.820000e+02 3.354000e+02
5.755000e+02 3.282000e+02
5.685000e+02 3.216000e+02
5.605000e+02 3.138000e+02
5.525000e+02 3.060000e+02
5.435000e+02 2.976000e+02
5.335000e+02 2.880000e+02
5.245000e+02 2.802000e+02
5.150000e+02 2.718000e+02
5.005000e+02 2.580000e+02
4.955000e+02 2.532000e+02
4.800000e+02 2.382000e+02
4.705000e+02 2.292000e+02
4.565000e+02 2.160000e+02
4.435000e+02 2.028000e+02
4.340000e+02 1.932000e+02
4.265000e+02 1.854000e+02
4.185000e+02 1.770000e+02
4.115000e+02 1.698000e+02
4.050000e+02 1.626000e+02
3.980000e+02 1.554000e+02
3.930000e+02 1.494000e+02
3.880000e+02 1.434000e+02
3.835000e+02 1.386000e+02
3.795000e+02 1.338000e+02
3.765000e+02 1.302000e+02
3.745000e+02 1.272000e+02
3.730000e+02 1.248000e+02
3.720000e+02 1.224000e+02
3.710000e+02 1.206000e+02
3.705000e+02 1.188000e+02
3.705000e+02 1.176000e+02
3.710000e+02 1.170000e+02
3.715000e+02 1.164000e+02
3.780000e+02 1.140000e+02
3.835000e+02 1.128000e+02
3.915000e+02 1.122000e+02
3.990000e+02 1.116000e+02
4.040000e+02 1.110000e+02
4.185000e+02 1.110000e+02
4.285000e+02 1.104000e+02
4.385000e+02 1.110000e+02
4.485000e+02 1.104000e+02
4.600000e+02 1.110000e+02
4.710000e+02 1.110000e+02
4.820000e+02 1.104000e+02
4.935000e+02 1.104000e+02
5.040000e+02 1.104000e+02
5.160000e+02 1.104000e+02
5.260000e+02 1.104000e+02
5.360000e+02 1.098000e+02
5.460000e+02 1.098000e+02
5.555000e+02 1.092000e+02
5.650000e+02 1.098000e+02
5.730000e+02 1.092000e+02
5.840000e+02 1.092000e+02
5.910000e+02 1.092000e+02
5.965000e+02 1.086000e+02
6.020000e+02 1.086000e+02
6.065000e+02 1.086000e+02
6.095000e+02 1.086000e+02
6.120000e+02 1.086000e+02
6.135000e+02 1.086000e+02
6.145000e+02 1.086000e+02
6.155000e+02 1.086000e+02
6.160000e+02 1.086000e+02
6.160000e+02 1.086000e+02
6.165000e+02 1.092000e+02
6.165000e+02 1.092000e+02
6.165000e+02 1.098000e+02
6.160000e+02 1.104000e+02
6.155000e+02 1.122000e+02
6.140000e+02 1.146000e+02
6.115000e+02 1.188000e+02
6.080000e+02 1.230000e+02
6.040000e+02 1.284000e+02
6.000000e+02 1.344000e+02
5.945000e+02 1.416000e+02
5.860000e+02 1.524000e+02
5.795000e+02 1.608000e+02
5.720000e+02 1.698000e+02
5.645000e+02 1.782000e+02
5.560000e+02 1.890000e+02
5.485000e+02 1.980000e+02
5.405000e+02 2.082000e+02
5.285000e+02 2.238000e+02
5.190000e+02 2.352000e+02
5.060000e+02 2.508000e+02
4.935000e+02 2.652000e+02
4.850000e+02 2.748000e+02
4.810000e+02 2.796000e+02
4.690000e+02 2.940000e+02
4.625000e+02 3.024000e+02
4.565000e+02 3.102000e+02
4.505000e+02 3.174000e+02
4.450000e+02 3.240000e+02
4.405000e+02 3.306000e+02
4.360000e+02 3.360000e+02
4.320000e+02 3.414000e+02
4.285000e+02 3.456000e+02
4.260000e+02 3.498000e+02
4.225000e+02 3.546000e+02
4.205000e+02 3.570000e+02
4.190000e+02 3.588000e+02
4.185000e+02 3.594000e+02
4.175000e+02 3.612000e+02
4.170000e+02 3.618000e+02
4.165000e+02 3.624000e+02
4.165000e+02 3.630000e+02
4.160000e+02 3.630000e+02
4.160000e+02 3.636000e+02
4.160000e+02 3.636000e+02
4.160000e+02 3.642000e+02
4.160000e+02 3.648000e+02
4.160000e+02 3.648000e+02
