2.755000e+02 3.408000e+02
2.755000e+02 3.408000e+02
2.755000e+02 3.396000e+02
2.755000e+02 3.378000e+02
2.755000e+02 3.348000e+02
2.755000e+02 3.318000e+02
2.760000e+02 3.282000e+02
2.765000e+02 3.252000e+02
2.765000e+02 3.222000e+02
2.770000e+02 3.180000e+02
2.770000e+02 3.138000e+02
2.770000e+02 3.078000e+02
2.775000e+02 2.976000e+02
2.775000e+02 2.892000e+02
2.780000e+02 2.814000e+02
2.785000e+02 2.730000e+02
2.785000e+02 2.646000e+02
2.785000e+02 2.568000e+02
2.785000e+02 2.484000e+02
2.790000e+02 2.406000e+02
2.790000e+02 2.328000e+02
2.795000e+02 2.256000e+02
2.800000e+02 2.178000e+02
2.805000e+02 2.100000e+02
2.810000e+02 2.028000e+02
2.820000e+02 1.926000e+02
2.820000e+02 1.896000e+02
2.820000e+02 1.824000e+02
2.825000e+02 1.758000e+02
2.825000e+02 1.692000e+02
2.825000e+02 1.632000e+02
2.825000e+02 1.572000e+02
2.830000e+02 1.512000e+02
2.830000e+02 1.458000e+02
2.830000e+02 1.410000e+02
2.830000e+02 1.362000e+02
2.830000e+02 1.314000e+02
2.830000e+02 1.278000e+02
2.830000e+02 1.212000e+02
2.830000e+02 1.194000e+02
2.830000e+02 1.164000e+02
2.830000e+02 1.134000e+02
2.830000e+02 1.110000e+02
2.830000e+02 1.080000e+02
2.830000e+02 1.062000e+02
2.830000e+02 1.038000e+02
2.830000e+02 1.026000e+02
2.825000e+02 1.014000e+02
2.825000e+02 9.960000e+01
2.825000e+02 9.840000e+01
2.825000e+02 9.780000e+01
2.825000e+02 9.780000e+01
2.825000e+02 9.720000e+01
2.825000e+02 9.720000e+01
2.825000e+02 9.660000e+01
2.825000e+02 9.660000e+01
2.825000e+02 9.660000e+01
2.825000e+02 9.720000e+01
2.830000e+02 9.720000e+01
2.830000e+02 9.840000e+01
2.830000e+02 9.840000e+01
