9.650000e+01 3.306000e+02
9.650000e+01 3.306000e+02
9.600000e+01 3.306000e+02
9.600000e+01 3.306000e+02
9.600000e+01 3.306000e+02
9.600000e+01 3.306000e+02
9.600000e+01 3.306000e+02
9.650000e+01 3.306000e+02
9.800000e+01 3.306000e+02
1.010000e+02 3.300000e+02
1.055000e+02 3.294000e+02
1.120000e+02 3.282000e+02
1.150000e+02 3.276000e+02
1.205000e+02 3.270000e+02
1.295000e+02 3.252000e+02
1.355000e+02 3.246000e+02
1.425000e+02 3.234000e+02
1.490000e+02 3.222000e+02
1.570000e+02 3.210000e+02
1.655000e+02 3.198000e+02
1.765000e+02 3.180000e+02
1.800000e+02 3.174000e+02
1.910000e+02 3.144000e+02
2.025000e+02 3.126000e+02
2.095000e+02 3.114000e+02
2.170000e+02 3.102000e+02
2.235000e+02 3.096000e+02
2.315000e+02 3.090000e+02
2.385000e+02 3.084000e+02
2.495000e+02 3.084000e+02
2.600000e+02 3.084000e+02
2.680000e+02 3.090000e+02
2.710000e+02 3.096000e+02
2.825000e+02 3.108000e+02
2.895000e+02 3.114000e+02
2.965000e+02 3.120000e+02
3.035000e+02 3.132000e+02
3.095000e+02 3.138000e+02
3.170000e+02 3.144000e+02
3.225000e+02 3.156000e+02
3.295000e+02 3.162000e+02
3.350000e+02 3.168000e+02
3.425000e+02 3.180000e+02
3.485000e+02 3.180000e+02
3.555000e+02 3.192000e+02
3.615000e+02 3.198000e+02
3.685000e+02 3.204000e+02
3.750000e+02 3.204000e+02
3.815000e+02 3.210000e+02
3.870000e+02 3.210000e+02
3.960000e+02 3.210000e+02
3.985000e+02 3.210000e+02
4.050000e+02 3.204000e+02
4.080000e+02 3.204000e+02
4.140000e+02 3.198000e+02
4.195000e+02 3.192000e+02
4.245000e+02 3.186000e+02
4.305000e+02 3.180000e+02
4.355000e+02 3.168000e+02
4.435000e+02 3.156000e+02
4.460000e+02 3.150000e+02
4.510000e+02 3.138000e+02
4.565000e+02 3.132000e+02
4.610000e+02 3.126000e+02
4.660000e+02 3.126000e+02
4.705000e+02 3.120000e+02
4.745000e+02 3.120000e+02
4.790000e+02 3.120000e+02
4.835000e+02 3.120000e+02
4.870000e+02 3.120000e+02
4.930000e+02 3.120000e+02
4.950000e+02 3.120000e+02
4.980000e+02 3.120000e+02
5.015000e+02 3.120000e+02
5.050000e+02 3.120000e+02
5.080000e+02 3.114000e+02
5.105000e+02 3.114000e+02
5.125000e+02 3.114000e+02
5.145000e+02 3.108000e+02
5.160000e+02 3.108000e+02
5.180000e+02 3.102000e+02
5.190000e+02 3.102000e+02
5.200000e+02 3.102000e+02
5.200000e+02 3.102000e+02
