1.650000e+02 1.992000e+02
1.650000e+02 1.992000e+02
1.650000e+02 1.992000e+02
1.650000e+02 1.992000e+02
1.655000e+02 1.992000e+02
1.665000e+02 1.992000e+02
1.700000e+02 1.986000e+02
1.735000e+02 1.980000e+02
1.775000e+02 1.980000e+02
1.820000e+02 1.980000e+02
1.860000e+02 1.980000e+02
1.905000e+02 1.974000e+02
1.955000e+02 1.974000e+02
2.000000e+02 1.974000e+02
2.055000e+02 1.974000e+02
2.105000e+02 1.968000e+02
2.160000e+02 1.968000e+02
2.220000e+02 1.962000e+02
2.280000e+02 1.962000e+02
2.365000e+02 1.956000e+02
2.400000e+02 1.956000e+02
2.430000e+02 1.950000e+02
2.520000e+02 1.944000e+02
2.610000e+02 1.944000e+02
2.700000e+02 1.944000e+02
2.730000e+02 1.944000e+02
2.790000e+02 1.938000e+02
2.855000e+02 1.938000e+02
2.950000e+02 1.938000e+02
3.010000e+02 1.932000e+02
3.100000e+02 1.932000e+02
3.140000e+02 1.932000e+02
3.205000e+02 1.926000e+02
3.300000e+02 1.926000e+02
3.365000e+02 1.926000e+02
3.435000e+02 1.920000e+02
3.510000e+02 1.920000e+02
3.575000e+02 1.914000e+02
3.640000e+02 1.914000e+02
3.705000e+02 1.908000e+02
3.765000e+02 1.902000e+02
3.830000e+02 1.902000e+02
3.895000e+02 1.902000e+02
3.950000e+02 1.896000e+02
4.015000e+02 1.896000e+02
4.075000e+02 1.890000e+02
4.140000e+02 1.884000e+02
4.230000e+02 1.884000e+02
4.260000e+02 1.884000e+02
4.340000e+02 1.878000e+02
4.425000e+02 1.878000e+02
4.475000e+02 1.872000e+02
4.530000e+02 1.872000e+02
4.575000e+02 1.872000e+02
4.620000e+02 1.866000e+02
4.670000e+02 1.866000e+02
4.715000e+02 1.860000e+02
4.765000e+02 1.860000e+02
4.805000e+02 1.860000e+02
4.845000e+02 1.860000e+02
4.885000e+02 1.854000e+02
4.925000e+02 1.854000e+02
4.980000e+02 1.848000e+02
5.040000e+02 1.842000e+02
5.085000e+02 1.842000e+02
5.135000e+02 1.836000e+02
5.180000e+02 1.830000e+02
5.225000e+02 1.824000e+02
5.275000e+02 1.824000e+02
5.340000e+02 1.818000e+02
5.405000e+02 1.812000e+02
5.440000e+02 1.812000e+02
5.475000e+02 1.806000e+02
5.515000e+02 1.806000e+02
5.555000e+02 1.806000e+02
5.585000e+02 1.806000e+02
5.600000e+02 1.806000e+02
5.630000e+02 1.806000e+02
5.655000e+02 1.806000e+02
5.680000e+02 1.806000e+02
5.695000e+02 1.806000e+02
5.715000e+02 1.806000e+02
5.725000e+02 1.806000e+02
5.735000e+02 1.812000e+02
5.740000e+02 1.812000e+02
5.745000e+02 1.812000e+02
5.750000e+02 1.812000e+02
5.755000e+02 1.812000e+02
5.755000e+02 1.812000e+02
5.760000e+02 1.818000e+02
5.765000e+02 1.818000e+02
5.765000e+02 1.818000e+02
