4.145000e+02 1.968000e+02
4.145000e+02 1.968000e+02
4.145000e+02 1.962000e+02
4.145000e+02 1.956000e+02
4.145000e+02 1.938000e+02
4.145000e+02 1.908000e+02
4.145000e+02 1.884000e+02
4.140000e+02 1.860000e+02
4.130000e+02 1.806000e+02
4.105000e+02 1.740000e+02
4.080000e+02 1.692000e+02
4.060000e+02 1.650000e+02
4.035000e+02 1.608000e+02
4.005000e+02 1.560000e+02
3.970000e+02 1.512000e+02
3.935000e+02 1.470000e+02
3.870000e+02 1.404000e+02
3.820000e+02 1.356000e+02
3.735000e+02 1.284000e+02
3.680000e+02 1.248000e+02
3.620000e+02 1.212000e+02
3.565000e+02 1.182000e+02
3.505000e+02 1.158000e+02
3.445000e+02 1.134000e+02
3.390000e+02 1.116000e+02
3.310000e+02 1.098000e+02
3.255000e+02 1.092000e+02
3.200000e+02 1.086000e+02
3.145000e+02 1.080000e+02
3.090000e+02 1.080000e+02
3.035000e+02 1.086000e+02
2.975000e+02 1.092000e+02
2.925000e+02 1.104000e+02
2.870000e+02 1.110000e+02
2.820000e+02 1.122000e+02
2.750000e+02 1.146000e+02
2.700000e+02 1.164000e+02
2.625000e+02 1.188000e+02
2.605000e+02 1.200000e+02
2.515000e+02 1.236000e+02
2.465000e+02 1.266000e+02
2.420000e+02 1.290000e+02
2.380000e+02 1.320000e+02
2.340000e+02 1.350000e+02
2.300000e+02 1.380000e+02
2.265000e+02 1.416000e+02
2.230000e+02 1.452000e+02
2.180000e+02 1.506000e+02
2.150000e+02 1.542000e+02
2.120000e+02 1.584000e+02
2.075000e+02 1.650000e+02
2.045000e+02 1.686000e+02
2.035000e+02 1.704000e+02
1.995000e+02 1.764000e+02
1.965000e+02 1.806000e+02
1.955000e+02 1.824000e+02
1.935000e+02 1.866000e+02
1.915000e+02 1.908000e+02
1.900000e+02 1.938000e+02
1.885000e+02 1.980000e+02
1.870000e+02 2.022000e+02
1.860000e+02 2.058000e+02
1.845000e+02 2.100000e+02
1.840000e+02 2.136000e+02
1.835000e+02 2.172000e+02
1.825000e+02 2.208000e+02
1.825000e+02 2.244000e+02
1.820000e+02 2.292000e+02
1.815000e+02 2.310000e+02
1.815000e+02 2.340000e+02
1.815000e+02 2.388000e+02
1.820000e+02 2.424000e+02
1.825000e+02 2.454000e+02
1.835000e+02 2.484000e+02
1.840000e+02 2.514000e+02
1.855000e+02 2.544000e+02
1.870000e+02 2.580000e+02
1.895000e+02 2.628000e+02
1.915000e+02 2.664000e+02
1.940000e+02 2.694000e+02
1.960000e+02 2.724000e+02
1.995000e+02 2.760000e+02
2.005000e+02 2.772000e+02
2.055000e+02 2.820000e+02
2.080000e+02 2.844000e+02
2.120000e+02 2.874000e+02
2.135000e+02 2.886000e+02
2.190000e+02 2.922000e+02
2.225000e+02 2.934000e+02
2.260000e+02 2.952000e+02
2.300000e+02 2.970000e+02
2.340000e+02 2.976000e+02
2.380000e+02 2.988000e+02
2.425000e+02 2.994000e+02
2.460000e+02 2.994000e+02
2.500000e+02 2.988000e+02
2.550000e+02 2.982000e+02
2.590000e+02 2.976000e+02
2.635000e+02 2.964000e+02
2.700000e+02 2.952000e+02
2.720000e+02 2.946000e+02
2.770000e+02 2.928000e+02
2.825000e+02 2.916000e+02
2.875000e+02 2.898000e+02
2.925000e+02 2.880000e+02
2.995000e+02 2.850000e+02
3.075000e+02 2.820000e+02
3.150000e+02 2.796000e+02
3.195000e+02 2.778000e+02
3.235000e+02 2.760000e+02
3.285000e+02 2.736000e+02
3.325000e+02 2.718000e+02
3.360000e+02 2.700000e+02
3.400000e+02 2.676000e+02
3.435000e+02 2.658000e+02
3.465000e+02 2.640000e+02
3.495000e+02 2.622000e+02
3.520000e+02 2.604000e+02
3.540000e+02 2.586000e+02
3.560000e+02 2.562000e+02
3.580000e+02 2.544000e+02
3.605000e+02 2.514000e+02
3.610000e+02 2.502000e+02
3.620000e+02 2.478000e+02
3.635000e+02 2.454000e+02
3.645000e+02 2.430000e+02
3.655000e+02 2.400000e+02
3.665000e+02 2.376000e+02
3.680000e+02 2.352000e+02
3.690000e+02 2.328000e+02
3.705000e+02 2.298000e+02
3.720000e+02 2.268000e+02
3.730000e+02 2.244000e+02
3.745000e+02 2.214000e+02
3.760000e+02 2.184000e+02
3.770000e+02 2.160000e+02
3.780000e+02 2.130000e+02
3.795000e+02 2.088000e+02
3.805000e+02 2.064000e+02
3.815000e+02 2.040000e+02
3.820000e+02 2.010000e+02
3.830000e+02 1.974000e+02
3.835000e+02 1.950000e+02
3.840000e+02 1.926000e+02
3.845000e+02 1.902000e+02
3.845000e+02 1.890000e+02
3.845000e+02 1.878000e+02
3.850000e+02 1.848000e+02
3.855000e+02 1.836000e+02
3.855000e+02 1.818000e+02
3.855000e+02 1.794000e+02
3.855000e+02 1.776000e+02
3.855000e+02 1.758000e+02
3.855000e+02 1.746000e+02
3.850000e+02 1.728000e+02
3.850000e+02 1.710000e+02
3.845000e+02 1.698000e+02
3.845000e+02 1.680000e+02
3.840000e+02 1.656000e+02
3.835000e+02 1.650000e+02
3.830000e+02 1.626000e+02
3.820000e+02 1.608000e+02
3.820000e+02 1.602000e+02
3.810000e+02 1.578000e+02
3.810000e+02 1.578000e+02
3.805000e+02 1.566000e+02
3.800000e+02 1.560000e+02
3.795000e+02 1.554000e+02
3.790000e+02 1.548000e+02
3.790000e+02 1.542000e+02
3.785000e+02 1.542000e+02
3.780000e+02 1.536000e+02
3.780000e+02 1.536000e+02
3.780000e+02 1.530000e+02
3.780000e+02 1.530000e+02
3.780000e+02 1.530000e+02
3.780000e+02 1.536000e+02
3.780000e+02 1.536000e+02
