7.700000e+01 1.674000e+02
7.700000e+01 1.674000e+02
7.700000e+01 1.674000e+02
7.750000e+01 1.668000e+02
7.750000e+01 1.668000e+02
7.800000e+01 1.668000e+02
7.850000e+01 1.668000e+02
8.050000e+01 1.668000e+02
8.350000e+01 1.674000e+02
8.650000e+01 1.674000e+02
9.050000e+01 1.674000e+02
9.500000e+01 1.674000e+02
9.950000e+01 1.668000e+02
1.045000e+02 1.668000e+02
1.095000e+02 1.662000e+02
1.145000e+02 1.662000e+02
1.200000e+02 1.656000e+02
1.255000e+02 1.650000e+02
1.345000e+02 1.644000e+02
1.405000e+02 1.644000e+02
1.500000e+02 1.632000e+02
1.605000e+02 1.620000e+02
1.640000e+02 1.620000e+02
1.710000e+02 1.614000e+02
1.775000e+02 1.602000e+02
1.840000e+02 1.596000e+02
1.915000e+02 1.590000e+02
1.985000e+02 1.584000e+02
2.090000e+02 1.578000e+02
2.160000e+02 1.572000e+02
2.230000e+02 1.572000e+02
2.305000e+02 1.566000e+02
2.370000e+02 1.560000e+02
2.440000e+02 1.554000e+02
2.505000e+02 1.554000e+02
2.575000e+02 1.548000e+02
2.645000e+02 1.548000e+02
2.710000e+02 1.548000e+02
2.780000e+02 1.548000e+02
2.840000e+02 1.548000e+02
2.910000e+02 1.548000e+02
3.015000e+02 1.542000e+02
3.080000e+02 1.542000e+02
3.150000e+02 1.542000e+02
3.210000e+02 1.542000e+02
3.280000e+02 1.542000e+02
3.310000e+02 1.542000e+02
3.370000e+02 1.542000e+02
3.435000e+02 1.542000e+02
3.495000e+02 1.542000e+02
3.555000e+02 1.542000e+02
3.615000e+02 1.542000e+02
3.700000e+02 1.542000e+02
3.725000e+02 1.542000e+02
3.805000e+02 1.542000e+02
3.855000e+02 1.542000e+02
3.910000e+02 1.542000e+02
3.960000e+02 1.542000e+02
4.010000e+02 1.542000e+02
4.060000e+02 1.542000e+02
4.140000e+02 1.536000e+02
4.210000e+02 1.536000e+02
4.275000e+02 1.530000e+02
4.315000e+02 1.524000e+02
4.335000e+02 1.524000e+02
4.390000e+02 1.518000e+02
4.430000e+02 1.518000e+02
4.465000e+02 1.512000e+02
4.500000e+02 1.512000e+02
4.540000e+02 1.506000e+02
4.570000e+02 1.506000e+02
4.600000e+02 1.506000e+02
4.630000e+02 1.506000e+02
4.660000e+02 1.506000e+02
4.695000e+02 1.506000e+02
4.725000e+02 1.500000e+02
4.770000e+02 1.500000e+02
4.790000e+02 1.500000e+02
4.820000e+02 1.500000e+02
4.850000e+02 1.500000e+02
4.875000e+02 1.500000e+02
4.925000e+02 1.500000e+02
4.950000e+02 1.500000e+02
4.980000e+02 1.500000e+02
5.010000e+02 1.506000e+02
5.045000e+02 1.506000e+02
5.075000e+02 1.506000e+02
5.090000e+02 1.506000e+02
5.120000e+02 1.500000e+02
5.160000e+02 1.500000e+02
5.190000e+02 1.500000e+02
5.230000e+02 1.500000e+02
5.260000e+02 1.500000e+02
5.290000e+02 1.500000e+02
5.315000e+02 1.506000e+02
5.340000e+02 1.506000e+02
5.360000e+02 1.506000e+02
5.385000e+02 1.506000e+02
5.410000e+02 1.506000e+02
5.435000e+02 1.512000e+02
5.455000e+02 1.512000e+02
5.475000e+02 1.512000e+02
5.500000e+02 1.512000e+02
5.520000e+02 1.512000e+02
5.540000e+02 1.512000e+02
5.550000e+02 1.512000e+02
5.560000e+02 1.512000e+02
5.570000e+02 1.512000e+02
5.575000e+02 1.512000e+02
5.580000e+02 1.518000e+02
5.585000e+02 1.518000e+02
5.595000e+02 1.524000e+02
5.595000e+02 1.524000e+02
5.595000e+02 1.524000e+02
