2.475000e+02 1.554000e+02
2.480000e+02 1.542000e+02
2.480000e+02 1.536000e+02
2.490000e+02 1.518000e+02
2.505000e+02 1.488000e+02
2.540000e+02 1.446000e+02
2.560000e+02 1.416000e+02
2.590000e+02 1.392000e+02
2.625000e+02 1.368000e+02
2.665000e+02 1.338000e+02
2.710000e+02 1.314000e+02
2.750000e+02 1.290000e+02
2.810000e+02 1.272000e+02
2.860000e+02 1.254000e+02
2.920000e+02 1.242000e+02
2.975000e+02 1.230000e+02
3.030000e+02 1.224000e+02
3.080000e+02 1.212000e+02
3.130000e+02 1.206000e+02
3.180000e+02 1.200000e+02
3.250000e+02 1.200000e+02
3.270000e+02 1.200000e+02
3.320000e+02 1.200000e+02
3.365000e+02 1.212000e+02
3.410000e+02 1.218000e+02
3.470000e+02 1.230000e+02
3.510000e+02 1.242000e+02
3.555000e+02 1.260000e+02
3.595000e+02 1.272000e+02
3.635000e+02 1.290000e+02
3.680000e+02 1.314000e+02
3.715000e+02 1.332000e+02
3.760000e+02 1.356000e+02
3.800000e+02 1.380000e+02
3.835000e+02 1.404000e+02
3.870000e+02 1.434000e+02
3.905000e+02 1.464000e+02
3.940000e+02 1.494000e+02
3.970000e+02 1.524000e+02
4.005000e+02 1.572000e+02
4.030000e+02 1.602000e+02
4.050000e+02 1.638000e+02
4.085000e+02 1.710000e+02
4.100000e+02 1.746000e+02
4.110000e+02 1.788000e+02
4.115000e+02 1.830000e+02
4.120000e+02 1.878000e+02
4.120000e+02 1.926000e+02
4.120000e+02 1.980000e+02
4.115000e+02 2.034000e+02
4.110000e+02 2.094000e+02
4.105000e+02 2.148000e+02
4.100000e+02 2.232000e+02
4.095000e+02 2.256000e+02
4.090000e+02 2.340000e+02
4.085000e+02 2.400000e+02
4.080000e+02 2.448000e+02
4.070000e+02 2.508000e+02
4.060000e+02 2.556000e+02
4.055000e+02 2.604000e+02
4.040000e+02 2.658000e+02
4.030000e+02 2.706000e+02
4.015000e+02 2.748000e+02
3.995000e+02 2.802000e+02
3.980000e+02 2.850000e+02
3.955000e+02 2.892000e+02
3.930000e+02 2.940000e+02
3.890000e+02 3.006000e+02
3.860000e+02 3.048000e+02
3.840000e+02 3.066000e+02
3.810000e+02 3.102000e+02
3.765000e+02 3.156000e+02
3.730000e+02 3.180000e+02
3.700000e+02 3.210000e+02
3.660000e+02 3.234000e+02
3.625000e+02 3.264000e+02
3.585000e+02 3.294000e+02
3.545000e+02 3.312000e+02
3.510000e+02 3.330000e+02
3.470000e+02 3.348000e+02
3.435000e+02 3.360000e+02
3.380000e+02 3.378000e+02
3.335000e+02 3.390000e+02
3.285000e+02 3.402000e+02
3.210000e+02 3.414000e+02
3.135000e+02 3.420000e+02
3.065000e+02 3.420000e+02
2.985000e+02 3.420000e+02
2.905000e+02 3.414000e+02
2.825000e+02 3.408000e+02
2.745000e+02 3.396000e+02
2.685000e+02 3.378000e+02
2.615000e+02 3.366000e+02
2.550000e+02 3.348000e+02
2.475000e+02 3.318000e+02
2.410000e+02 3.288000e+02
2.315000e+02 3.240000e+02
2.260000e+02 3.210000e+02
2.185000e+02 3.162000e+02
2.140000e+02 3.126000e+02
2.085000e+02 3.078000e+02
2.055000e+02 3.042000e+02
2.020000e+02 2.988000e+02
1.995000e+02 2.946000e+02
1.965000e+02 2.874000e+02
1.950000e+02 2.826000e+02
1.940000e+02 2.766000e+02
1.935000e+02 2.700000e+02
1.935000e+02 2.634000e+02
1.935000e+02 2.568000e+02
1.940000e+02 2.508000e+02
1.950000e+02 2.430000e+02
1.960000e+02 2.370000e+02
1.975000e+02 2.298000e+02
1.990000e+02 2.238000e+02
2.005000e+02 2.178000e+02
2.020000e+02 2.112000e+02
2.040000e+02 2.058000e+02
2.060000e+02 1.998000e+02
2.080000e+02 1.944000e+02
2.100000e+02 1.902000e+02
2.130000e+02 1.848000e+02
2.160000e+02 1.794000e+02
2.210000e+02 1.728000e+02
2.260000e+02 1.668000e+02
2.330000e+02 1.596000e+02
2.370000e+02 1.560000e+02
2.420000e+02 1.518000e+02
2.465000e+02 1.476000e+02
2.515000e+02 1.440000e+02
2.560000e+02 1.410000e+02
2.605000e+02 1.386000e+02
2.645000e+02 1.362000e+02
2.685000e+02 1.338000e+02
2.725000e+02 1.320000e+02
2.765000e+02 1.296000e+02
2.800000e+02 1.278000e+02
2.835000e+02 1.266000e+02
2.865000e+02 1.260000e+02
2.895000e+02 1.248000e+02
2.925000e+02 1.236000e+02
2.950000e+02 1.236000e+02
2.965000e+02 1.230000e+02
2.990000e+02 1.224000e+02
3.005000e+02 1.224000e+02
3.015000e+02 1.224000e+02
3.025000e+02 1.224000e+02
3.035000e+02 1.224000e+02
3.040000e+02 1.230000e+02
3.055000e+02 1.230000e+02
3.075000e+02 1.236000e+02
3.075000e+02 1.236000e+02
