4.080000e+02 1.308000e+02
4.080000e+02 1.308000e+02
4.045000e+02 1.278000e+02
4.020000e+02 1.260000e+02
3.965000e+02 1.218000e+02
3.915000e+02 1.170000e+02
3.850000e+02 1.128000e+02
3.740000e+02 1.074000e+02
3.635000e+02 1.026000e+02
3.560000e+02 9.900000e+01
3.515000e+02 9.780000e+01
3.430000e+02 9.540000e+01
3.335000e+02 9.360000e+01
3.245000e+02 9.240000e+01
3.155000e+02 9.120000e+01
3.065000e+02 9.060000e+01
3.010000e+02 9.000000e+01
2.910000e+02 8.940000e+01
2.815000e+02 9.000000e+01
2.710000e+02 9.060000e+01
2.610000e+02 9.180000e+01
2.460000e+02 9.540000e+01
2.410000e+02 9.720000e+01
2.270000e+02 1.026000e+02
2.135000e+02 1.098000e+02
2.060000e+02 1.152000e+02
1.980000e+02 1.218000e+02
1.920000e+02 1.278000e+02
1.860000e+02 1.344000e+02
1.810000e+02 1.416000e+02
1.765000e+02 1.482000e+02
1.700000e+02 1.608000e+02
1.685000e+02 1.644000e+02
1.660000e+02 1.728000e+02
1.635000e+02 1.812000e+02
1.615000e+02 1.902000e+02
1.600000e+02 1.992000e+02
1.585000e+02 2.088000e+02
1.575000e+02 2.178000e+02
1.570000e+02 2.316000e+02
1.580000e+02 2.418000e+02
1.605000e+02 2.550000e+02
1.630000e+02 2.646000e+02
1.665000e+02 2.736000e+02
1.715000e+02 2.838000e+02
1.820000e+02 2.988000e+02
1.900000e+02 3.078000e+02
1.990000e+02 3.174000e+02
2.135000e+02 3.300000e+02
2.245000e+02 3.384000e+02
2.460000e+02 3.534000e+02
2.570000e+02 3.600000e+02
2.675000e+02 3.654000e+02
2.790000e+02 3.702000e+02
2.890000e+02 3.732000e+02
3.050000e+02 3.768000e+02
3.095000e+02 3.774000e+02
3.195000e+02 3.774000e+02
3.295000e+02 3.762000e+02
3.375000e+02 3.744000e+02
3.455000e+02 3.714000e+02
3.535000e+02 3.678000e+02
3.650000e+02 3.624000e+02
3.760000e+02 3.558000e+02
3.865000e+02 3.474000e+02
3.935000e+02 3.408000e+02
3.965000e+02 3.378000e+02
4.055000e+02 3.234000e+02
4.105000e+02 3.132000e+02
4.140000e+02 3.030000e+02
4.160000e+02 2.916000e+02
4.175000e+02 2.790000e+02
4.175000e+02 2.676000e+02
4.165000e+02 2.562000e+02
4.155000e+02 2.454000e+02
4.145000e+02 2.400000e+02
4.130000e+02 2.292000e+02
4.095000e+02 2.130000e+02
4.085000e+02 2.076000e+02
4.050000e+02 1.926000e+02
4.030000e+02 1.824000e+02
4.005000e+02 1.722000e+02
3.980000e+02 1.620000e+02
3.950000e+02 1.518000e+02
3.925000e+02 1.428000e+02
3.900000e+02 1.332000e+02
3.875000e+02 1.236000e+02
3.845000e+02 1.152000e+02
3.815000e+02 1.068000e+02
3.795000e+02 1.026000e+02
3.795000e+02 1.026000e+02
