2.945000e+02 3.828000e+02
2.945000e+02 3.828000e+02
2.945000e+02 3.834000e+02
2.945000e+02 3.834000e+02
2.945000e+02 3.834000e+02
2.940000e+02 3.840000e+02
2.940000e+02 3.840000e+02
2.940000e+02 3.840000e+02
2.940000e+02 3.834000e+02
2.935000e+02 3.828000e+02
2.920000e+02 3.792000e+02
2.905000e+02 3.750000e+02
2.885000e+02 3.696000e+02
2.855000e+02 3.630000e+02
2.825000e+02 3.564000e+02
2.800000e+02 3.498000e+02
2.780000e+02 3.438000e+02
2.755000e+02 3.366000e+02
2.725000e+02 3.300000e+02
2.700000e+02 3.228000e+02
2.660000e+02 3.114000e+02
2.635000e+02 3.030000e+02
2.605000e+02 2.958000e+02
2.575000e+02 2.880000e+02
2.555000e+02 2.820000e+02
2.535000e+02 2.760000e+02
2.520000e+02 2.700000e+02
2.500000e+02 2.634000e+02
2.480000e+02 2.568000e+02
2.455000e+02 2.502000e+02
2.430000e+02 2.424000e+02
2.395000e+02 2.304000e+02
2.370000e+02 2.226000e+02
2.345000e+02 2.148000e+02
2.320000e+02 2.076000e+02
2.300000e+02 2.004000e+02
2.275000e+02 1.932000e+02
2.250000e+02 1.848000e+02
2.225000e+02 1.770000e+02
2.200000e+02 1.686000e+02
2.180000e+02 1.620000e+02
2.160000e+02 1.548000e+02
2.140000e+02 1.476000e+02
2.125000e+02 1.416000e+02
2.110000e+02 1.332000e+02
2.100000e+02 1.290000e+02
2.090000e+02 1.254000e+02
2.090000e+02 1.224000e+02
2.085000e+02 1.194000e+02
2.085000e+02 1.170000e+02
2.085000e+02 1.170000e+02
