6.950000e+01 2.430000e+02
6.950000e+01 2.430000e+02
6.950000e+01 2.430000e+02
6.950000e+01 2.424000e+02
7.000000e+01 2.424000e+02
7.050000e+01 2.424000e+02
7.150000e+01 2.418000e+02
7.350000e+01 2.412000e+02
7.600000e+01 2.412000e+02
7.950000e+01 2.400000e+02
8.350000e+01 2.394000e+02
8.750000e+01 2.388000e+02
9.200000e+01 2.382000e+02
9.600000e+01 2.376000e+02
1.005000e+02 2.370000e+02
1.055000e+02 2.364000e+02
1.100000e+02 2.352000e+02
1.150000e+02 2.346000e+02
1.200000e+02 2.340000e+02
1.250000e+02 2.334000e+02
1.300000e+02 2.328000e+02
1.380000e+02 2.322000e+02
1.410000e+02 2.322000e+02
1.465000e+02 2.316000e+02
1.515000e+02 2.316000e+02
1.565000e+02 2.310000e+02
1.615000e+02 2.304000e+02
1.665000e+02 2.304000e+02
1.715000e+02 2.304000e+02
1.790000e+02 2.304000e+02
1.815000e+02 2.298000e+02
1.900000e+02 2.298000e+02
1.975000e+02 2.292000e+02
2.030000e+02 2.292000e+02
2.085000e+02 2.292000e+02
2.140000e+02 2.292000e+02
2.190000e+02 2.292000e+02
2.240000e+02 2.292000e+02
2.295000e+02 2.298000e+02
2.345000e+02 2.298000e+02
2.430000e+02 2.298000e+02
2.480000e+02 2.304000e+02
2.505000e+02 2.304000e+02
2.535000e+02 2.304000e+02
2.605000e+02 2.310000e+02
2.665000e+02 2.310000e+02
2.710000e+02 2.316000e+02
2.755000e+02 2.316000e+02
2.810000e+02 2.322000e+02
2.855000e+02 2.328000e+02
2.910000e+02 2.328000e+02
2.980000e+02 2.334000e+02
3.060000e+02 2.346000e+02
3.135000e+02 2.352000e+02
3.160000e+02 2.352000e+02
3.210000e+02 2.358000e+02
3.260000e+02 2.364000e+02
3.310000e+02 2.370000e+02
3.365000e+02 2.376000e+02
3.435000e+02 2.376000e+02
3.500000e+02 2.382000e+02
3.560000e+02 2.382000e+02
3.620000e+02 2.388000e+02
3.700000e+02 2.388000e+02
3.780000e+02 2.394000e+02
3.835000e+02 2.394000e+02
3.895000e+02 2.394000e+02
3.950000e+02 2.394000e+02
4.010000e+02 2.394000e+02
4.065000e+02 2.394000e+02
4.115000e+02 2.394000e+02
4.170000e+02 2.394000e+02
4.210000e+02 2.394000e+02
4.260000e+02 2.394000e+02
4.305000e+02 2.400000e+02
4.340000e+02 2.400000e+02
4.410000e+02 2.406000e+02
4.430000e+02 2.406000e+02
4.475000e+02 2.406000e+02
4.500000e+02 2.406000e+02
4.545000e+02 2.412000e+02
4.585000e+02 2.412000e+02
4.625000e+02 2.412000e+02
4.690000e+02 2.418000e+02
4.730000e+02 2.418000e+02
4.770000e+02 2.418000e+02
4.790000e+02 2.418000e+02
4.825000e+02 2.418000e+02
4.860000e+02 2.418000e+02
4.890000e+02 2.418000e+02
4.920000e+02 2.418000e+02
4.945000e+02 2.418000e+02
4.965000e+02 2.418000e+02
4.990000e+02 2.418000e+02
5.015000e+02 2.418000e+02
5.040000e+02 2.418000e+02
5.065000e+02 2.418000e+02
5.085000e+02 2.424000e+02
5.110000e+02 2.424000e+02
5.125000e+02 2.424000e+02
5.140000e+02 2.424000e+02
5.145000e+02 2.424000e+02
5.155000e+02 2.424000e+02
5.160000e+02 2.424000e+02
5.160000e+02 2.424000e+02
5.160000e+02 2.424000e+02
5.165000e+02 2.430000e+02
5.165000e+02 2.430000e+02
5.165000e+02 2.430000e+02
