1.315000e+02 3.030000e+02
1.315000e+02 3.030000e+02
1.315000e+02 3.030000e+02
1.330000e+02 3.036000e+02
1.345000e+02 3.042000e+02
1.420000e+02 3.072000e+02
1.445000e+02 3.078000e+02
1.510000e+02 3.084000e+02
1.585000e+02 3.090000e+02
1.670000e+02 3.096000e+02
1.755000e+02 3.096000e+02
1.845000e+02 3.096000e+02
1.940000e+02 3.090000e+02
2.040000e+02 3.084000e+02
2.150000e+02 3.084000e+02
2.245000e+02 3.084000e+02
2.410000e+02 3.090000e+02
2.460000e+02 3.096000e+02
2.560000e+02 3.102000e+02
2.670000e+02 3.108000e+02
2.765000e+02 3.120000e+02
2.865000e+02 3.132000e+02
3.015000e+02 3.156000e+02
3.170000e+02 3.180000e+02
3.315000e+02 3.198000e+02
3.415000e+02 3.210000e+02
3.555000e+02 3.228000e+02
3.650000e+02 3.234000e+02
3.785000e+02 3.240000e+02
3.915000e+02 3.252000e+02
4.005000e+02 3.258000e+02
4.050000e+02 3.264000e+02
4.185000e+02 3.270000e+02
4.215000e+02 3.276000e+02
4.330000e+02 3.270000e+02
4.430000e+02 3.258000e+02
4.495000e+02 3.252000e+02
4.555000e+02 3.246000e+02
4.605000e+02 3.240000e+02
4.680000e+02 3.234000e+02
4.700000e+02 3.234000e+02
4.745000e+02 3.234000e+02
4.765000e+02 3.234000e+02
4.820000e+02 3.234000e+02
4.845000e+02 3.234000e+02
4.870000e+02 3.234000e+02
4.890000e+02 3.228000e+02
4.910000e+02 3.228000e+02
4.915000e+02 3.228000e+02
4.915000e+02 3.228000e+02
