2.235000e+02 1.674000e+02
2.235000e+02 1.674000e+02
2.235000e+02 1.674000e+02
2.235000e+02 1.674000e+02
2.235000e+02 1.674000e+02
2.240000e+02 1.674000e+02
2.260000e+02 1.668000e+02
2.300000e+02 1.662000e+02
2.400000e+02 1.644000e+02
2.445000e+02 1.638000e+02
2.595000e+02 1.626000e+02
2.710000e+02 1.614000e+02
2.835000e+02 1.602000e+02
2.965000e+02 1.596000e+02
3.110000e+02 1.590000e+02
3.240000e+02 1.590000e+02
3.370000e+02 1.584000e+02
3.500000e+02 1.584000e+02
3.625000e+02 1.578000e+02
3.765000e+02 1.572000e+02
3.925000e+02 1.560000e+02
3.975000e+02 1.560000e+02
4.105000e+02 1.560000e+02
4.185000e+02 1.554000e+02
4.250000e+02 1.554000e+02
4.305000e+02 1.554000e+02
4.345000e+02 1.560000e+02
4.385000e+02 1.560000e+02
4.420000e+02 1.560000e+02
4.440000e+02 1.560000e+02
4.455000e+02 1.560000e+02
4.465000e+02 1.560000e+02
4.470000e+02 1.554000e+02
4.475000e+02 1.554000e+02
4.480000e+02 1.554000e+02
4.485000e+02 1.554000e+02
4.485000e+02 1.554000e+02
4.485000e+02 1.554000e+02
4.485000e+02 1.554000e+02
4.485000e+02 1.548000e+02
4.485000e+02 1.548000e+02
4.485000e+02 1.548000e+02
4.480000e+02 1.554000e+02
4.480000e+02 1.560000e+02
4.480000e+02 1.566000e+02
4.480000e+02 1.572000e+02
4.475000e+02 1.584000e+02
4.475000e+02 1.620000e+02
4.470000e+02 1.674000e+02
4.465000e+02 1.746000e+02
4.450000e+02 1.890000e+02
4.425000e+02 2.058000e+02
4.410000e+02 2.160000e+02
4.390000e+02 2.328000e+02
4.365000e+02 2.484000e+02
4.340000e+02 2.670000e+02
4.325000e+02 2.784000e+02
4.310000e+02 2.880000e+02
4.300000e+02 2.976000e+02
4.295000e+02 3.060000e+02
4.290000e+02 3.126000e+02
4.290000e+02 3.180000e+02
4.290000e+02 3.240000e+02
4.290000e+02 3.288000e+02
4.290000e+02 3.306000e+02
4.290000e+02 3.354000e+02
4.285000e+02 3.378000e+02
4.285000e+02 3.396000e+02
4.285000e+02 3.408000e+02
4.285000e+02 3.414000e+02
4.285000e+02 3.420000e+02
4.285000e+02 3.426000e+02
4.285000e+02 3.426000e+02
4.285000e+02 3.426000e+02
4.280000e+02 3.426000e+02
4.280000e+02 3.426000e+02
4.275000e+02 3.426000e+02
4.270000e+02 3.420000e+02
4.265000e+02 3.420000e+02
4.265000e+02 3.414000e+02
4.255000e+02 3.408000e+02
4.245000e+02 3.402000e+02
4.220000e+02 3.396000e+02
4.170000e+02 3.390000e+02
4.080000e+02 3.384000e+02
3.980000e+02 3.378000e+02
3.885000e+02 3.372000e+02
3.785000e+02 3.366000e+02
3.675000e+02 3.360000e+02
3.550000e+02 3.360000e+02
3.430000e+02 3.360000e+02
3.240000e+02 3.360000e+02
3.125000e+02 3.366000e+02
3.000000e+02 3.378000e+02
2.885000e+02 3.384000e+02
2.735000e+02 3.396000e+02
2.605000e+02 3.408000e+02
2.525000e+02 3.414000e+02
2.460000e+02 3.426000e+02
2.400000e+02 3.432000e+02
2.350000e+02 3.438000e+02
2.315000e+02 3.444000e+02
2.285000e+02 3.450000e+02
2.260000e+02 3.450000e+02
2.240000e+02 3.456000e+02
2.230000e+02 3.456000e+02
2.215000e+02 3.456000e+02
2.210000e+02 3.456000e+02
2.205000e+02 3.456000e+02
2.200000e+02 3.456000e+02
2.195000e+02 3.456000e+02
2.195000e+02 3.456000e+02
2.195000e+02 3.456000e+02
2.195000e+02 3.456000e+02
2.195000e+02 3.450000e+02
2.195000e+02 3.438000e+02
2.200000e+02 3.396000e+02
2.190000e+02 3.270000e+02
2.180000e+02 3.162000e+02
2.180000e+02 3.066000e+02
2.180000e+02 2.976000e+02
2.190000e+02 2.862000e+02
2.195000e+02 2.778000e+02
2.210000e+02 2.652000e+02
2.215000e+02 2.598000e+02
2.225000e+02 2.520000e+02
2.235000e+02 2.412000e+02
2.245000e+02 2.316000e+02
2.255000e+02 2.226000e+02
2.265000e+02 2.148000e+02
2.275000e+02 2.076000e+02
2.285000e+02 1.962000e+02
2.290000e+02 1.902000e+02
2.295000e+02 1.872000e+02
2.295000e+02 1.794000e+02
2.295000e+02 1.776000e+02
2.295000e+02 1.728000e+02
2.295000e+02 1.698000e+02
2.295000e+02 1.674000e+02
2.295000e+02 1.650000e+02
2.295000e+02 1.632000e+02
2.295000e+02 1.614000e+02
2.295000e+02 1.590000e+02
2.300000e+02 1.584000e+02
2.300000e+02 1.578000e+02
2.300000e+02 1.572000e+02
2.300000e+02 1.572000e+02
2.300000e+02 1.566000e+02
2.300000e+02 1.560000e+02
2.300000e+02 1.560000e+02
2.300000e+02 1.554000e+02
2.300000e+02 1.554000e+02
2.300000e+02 1.554000e+02
2.300000e+02 1.554000e+02
2.300000e+02 1.548000e+02
2.300000e+02 1.548000e+02
2.300000e+02 1.554000e+02
2.300000e+02 1.554000e+02
2.300000e+02 1.554000e+02
