2.390000e+02 3.696000e+02
2.390000e+02 3.696000e+02
2.415000e+02 3.612000e+02
2.440000e+02 3.540000e+02
2.450000e+02 3.504000e+02
2.475000e+02 3.420000e+02
2.505000e+02 3.324000e+02
2.515000e+02 3.270000e+02
2.535000e+02 3.156000e+02
2.555000e+02 3.030000e+02
2.560000e+02 2.964000e+02
2.580000e+02 2.826000e+02
2.600000e+02 2.676000e+02
2.610000e+02 2.598000e+02
2.635000e+02 2.448000e+02
2.660000e+02 2.304000e+02
2.670000e+02 2.232000e+02
2.695000e+02 2.094000e+02
2.705000e+02 2.034000e+02
2.730000e+02 1.920000e+02
2.750000e+02 1.818000e+02
2.770000e+02 1.722000e+02
2.780000e+02 1.680000e+02
2.795000e+02 1.602000e+02
2.805000e+02 1.530000e+02
2.815000e+02 1.464000e+02
2.820000e+02 1.398000e+02
2.825000e+02 1.368000e+02
2.835000e+02 1.320000e+02
2.840000e+02 1.272000e+02
2.845000e+02 1.248000e+02
2.850000e+02 1.206000e+02
2.860000e+02 1.176000e+02
2.860000e+02 1.164000e+02
2.865000e+02 1.140000e+02
2.875000e+02 1.128000e+02
2.880000e+02 1.128000e+02
2.895000e+02 1.116000e+02
2.910000e+02 1.116000e+02
2.920000e+02 1.116000e+02
2.940000e+02 1.128000e+02
2.970000e+02 1.146000e+02
2.985000e+02 1.164000e+02
3.020000e+02 1.200000e+02
3.060000e+02 1.236000e+02
3.080000e+02 1.260000e+02
3.125000e+02 1.314000e+02
3.170000e+02 1.374000e+02
3.200000e+02 1.410000e+02
3.255000e+02 1.482000e+02
3.315000e+02 1.560000e+02
3.345000e+02 1.602000e+02
3.375000e+02 1.644000e+02
3.440000e+02 1.734000e+02
3.470000e+02 1.776000e+02
3.535000e+02 1.872000e+02
3.600000e+02 1.962000e+02
3.635000e+02 2.004000e+02
3.700000e+02 2.094000e+02
3.770000e+02 2.184000e+02
3.840000e+02 2.274000e+02
3.915000e+02 2.364000e+02
3.950000e+02 2.406000e+02
4.025000e+02 2.502000e+02
4.100000e+02 2.592000e+02
4.140000e+02 2.634000e+02
4.215000e+02 2.724000e+02
4.285000e+02 2.814000e+02
4.315000e+02 2.850000e+02
4.370000e+02 2.934000e+02
4.420000e+02 3.000000e+02
4.445000e+02 3.036000e+02
4.485000e+02 3.096000e+02
4.515000e+02 3.150000e+02
4.545000e+02 3.192000e+02
4.570000e+02 3.234000e+02
4.590000e+02 3.264000e+02
4.595000e+02 3.276000e+02
4.610000e+02 3.294000e+02
4.615000e+02 3.312000e+02
4.620000e+02 3.312000e+02
4.615000e+02 3.318000e+02
4.605000e+02 3.318000e+02
4.595000e+02 3.312000e+02
4.570000e+02 3.294000e+02
4.535000e+02 3.282000e+02
4.510000e+02 3.270000e+02
4.460000e+02 3.252000e+02
4.430000e+02 3.240000e+02
4.360000e+02 3.210000e+02
4.315000e+02 3.192000e+02
4.215000e+02 3.150000e+02
4.160000e+02 3.132000e+02
4.040000e+02 3.102000e+02
3.915000e+02 3.066000e+02
3.845000e+02 3.048000e+02
3.700000e+02 3.018000e+02
3.555000e+02 2.982000e+02
3.485000e+02 2.970000e+02
3.345000e+02 2.946000e+02
3.200000e+02 2.916000e+02
3.125000e+02 2.898000e+02
2.975000e+02 2.868000e+02
2.825000e+02 2.838000e+02
2.680000e+02 2.808000e+02
2.540000e+02 2.784000e+02
2.400000e+02 2.754000e+02
2.335000e+02 2.736000e+02
2.195000e+02 2.700000e+02
2.070000e+02 2.670000e+02
1.950000e+02 2.646000e+02
1.890000e+02 2.634000e+02
1.785000e+02 2.616000e+02
1.735000e+02 2.610000e+02
1.640000e+02 2.592000e+02
1.560000e+02 2.574000e+02
1.485000e+02 2.562000e+02
1.420000e+02 2.544000e+02
1.375000e+02 2.538000e+02
1.335000e+02 2.526000e+02
1.305000e+02 2.514000e+02
1.290000e+02 2.508000e+02
1.285000e+02 2.502000e+02
1.285000e+02 2.496000e+02
1.295000e+02 2.484000e+02
1.325000e+02 2.472000e+02
1.345000e+02 2.460000e+02
1.400000e+02 2.436000e+02
1.435000e+02 2.424000e+02
1.510000e+02 2.394000e+02
1.610000e+02 2.364000e+02
1.670000e+02 2.352000e+02
1.795000e+02 2.322000e+02
1.935000e+02 2.280000e+02
2.080000e+02 2.238000e+02
2.230000e+02 2.202000e+02
2.405000e+02 2.166000e+02
2.580000e+02 2.118000e+02
2.670000e+02 2.100000e+02
2.845000e+02 2.064000e+02
3.025000e+02 2.028000e+02
3.115000e+02 2.010000e+02
3.305000e+02 1.974000e+02
3.480000e+02 1.932000e+02
3.570000e+02 1.920000e+02
3.740000e+02 1.890000e+02
3.900000e+02 1.866000e+02
3.975000e+02 1.854000e+02
4.130000e+02 1.830000e+02
4.265000e+02 1.800000e+02
4.325000e+02 1.788000e+02
4.440000e+02 1.770000e+02
4.540000e+02 1.752000e+02
4.590000e+02 1.740000e+02
4.680000e+02 1.734000e+02
4.760000e+02 1.722000e+02
4.825000e+02 1.722000e+02
4.870000e+02 1.722000e+02
4.890000e+02 1.722000e+02
4.905000e+02 1.722000e+02
4.930000e+02 1.722000e+02
4.940000e+02 1.728000e+02
4.945000e+02 1.728000e+02
4.945000e+02 1.746000e+02
4.930000e+02 1.782000e+02
4.920000e+02 1.800000e+02
4.890000e+02 1.842000e+02
4.845000e+02 1.902000e+02
4.815000e+02 1.932000e+02
4.755000e+02 2.010000e+02
4.675000e+02 2.094000e+02
4.625000e+02 2.148000e+02
4.510000e+02 2.250000e+02
4.370000e+02 2.364000e+02
4.225000e+02 2.484000e+02
4.145000e+02 2.544000e+02
4.060000e+02 2.604000e+02
3.905000e+02 2.718000e+02
3.745000e+02 2.826000e+02
3.660000e+02 2.886000e+02
3.505000e+02 2.994000e+02
3.350000e+02 3.108000e+02
3.275000e+02 3.168000e+02
3.125000e+02 3.276000e+02
2.975000e+02 3.396000e+02
2.905000e+02 3.450000e+02
2.775000e+02 3.552000e+02
2.665000e+02 3.630000e+02
2.615000e+02 3.672000e+02
2.525000e+02 3.744000e+02
2.450000e+02 3.798000e+02
2.415000e+02 3.822000e+02
2.385000e+02 3.840000e+02
2.330000e+02 3.888000e+02
2.280000e+02 3.918000e+02
2.260000e+02 3.930000e+02
2.225000e+02 3.948000e+02
2.195000e+02 3.966000e+02
2.170000e+02 3.972000e+02
2.155000e+02 3.954000e+02
2.145000e+02 3.936000e+02
2.145000e+02 3.936000e+02
