1.740000e+02 1.560000e+02
1.740000e+02 1.560000e+02
1.740000e+02 1.560000e+02
1.740000e+02 1.560000e+02
1.750000e+02 1.560000e+02
1.795000e+02 1.554000e+02
1.860000e+02 1.554000e+02
1.960000e+02 1.542000e+02
2.085000e+02 1.530000e+02
2.270000e+02 1.512000e+02
2.475000e+02 1.482000e+02
2.625000e+02 1.458000e+02
2.865000e+02 1.428000e+02
3.030000e+02 1.410000e+02
3.190000e+02 1.398000e+02
3.360000e+02 1.380000e+02
3.530000e+02 1.368000e+02
3.700000e+02 1.356000e+02
3.860000e+02 1.350000e+02
4.020000e+02 1.344000e+02
4.165000e+02 1.344000e+02
4.300000e+02 1.338000e+02
4.400000e+02 1.332000e+02
4.520000e+02 1.326000e+02
4.605000e+02 1.320000e+02
4.650000e+02 1.320000e+02
4.685000e+02 1.314000e+02
4.710000e+02 1.314000e+02
4.735000e+02 1.314000e+02
4.745000e+02 1.314000e+02
4.755000e+02 1.320000e+02
4.760000e+02 1.320000e+02
4.765000e+02 1.320000e+02
4.765000e+02 1.326000e+02
4.770000e+02 1.332000e+02
4.770000e+02 1.338000e+02
4.765000e+02 1.350000e+02
4.765000e+02 1.368000e+02
4.750000e+02 1.398000e+02
4.730000e+02 1.440000e+02
4.705000e+02 1.488000e+02
4.680000e+02 1.542000e+02
4.655000e+02 1.608000e+02
4.630000e+02 1.674000e+02
4.610000e+02 1.752000e+02
4.585000e+02 1.842000e+02
4.565000e+02 1.926000e+02
4.545000e+02 2.022000e+02
4.520000e+02 2.166000e+02
4.505000e+02 2.268000e+02
4.485000e+02 2.406000e+02
4.470000e+02 2.532000e+02
4.460000e+02 2.604000e+02
4.450000e+02 2.688000e+02
4.440000e+02 2.748000e+02
4.425000e+02 2.844000e+02
4.420000e+02 2.868000e+02
4.415000e+02 2.910000e+02
4.410000e+02 2.952000e+02
4.405000e+02 2.988000e+02
4.405000e+02 3.018000e+02
4.405000e+02 3.030000e+02
4.405000e+02 3.036000e+02
4.405000e+02 3.048000e+02
4.405000e+02 3.054000e+02
4.400000e+02 3.054000e+02
4.400000e+02 3.060000e+02
4.400000e+02 3.060000e+02
4.400000e+02 3.060000e+02
4.400000e+02 3.060000e+02
4.395000e+02 3.060000e+02
4.390000e+02 3.054000e+02
4.385000e+02 3.048000e+02
4.365000e+02 3.042000e+02
4.315000e+02 3.036000e+02
4.220000e+02 3.024000e+02
4.100000e+02 3.018000e+02
3.985000e+02 3.012000e+02
3.855000e+02 3.012000e+02
3.715000e+02 3.012000e+02
3.590000e+02 3.018000e+02
3.450000e+02 3.024000e+02
3.240000e+02 3.042000e+02
3.090000e+02 3.060000e+02
2.945000e+02 3.078000e+02
2.800000e+02 3.102000e+02
2.650000e+02 3.126000e+02
2.515000e+02 3.156000e+02
2.395000e+02 3.186000e+02
2.305000e+02 3.204000e+02
2.215000e+02 3.228000e+02
2.135000e+02 3.246000e+02
2.070000e+02 3.264000e+02
2.010000e+02 3.282000e+02
1.965000e+02 3.294000e+02
1.930000e+02 3.306000e+02
1.890000e+02 3.324000e+02
1.875000e+02 3.324000e+02
1.850000e+02 3.330000e+02
1.845000e+02 3.336000e+02
1.835000e+02 3.336000e+02
1.830000e+02 3.336000e+02
1.825000e+02 3.336000e+02
1.820000e+02 3.336000e+02
1.820000e+02 3.336000e+02
1.815000e+02 3.336000e+02
1.815000e+02 3.330000e+02
1.815000e+02 3.330000e+02
1.810000e+02 3.324000e+02
1.810000e+02 3.312000e+02
1.800000e+02 3.294000e+02
1.790000e+02 3.264000e+02
1.775000e+02 3.204000e+02
1.755000e+02 3.138000e+02
1.735000e+02 3.036000e+02
1.725000e+02 2.892000e+02
1.720000e+02 2.790000e+02
1.720000e+02 2.676000e+02
1.715000e+02 2.562000e+02
1.715000e+02 2.460000e+02
1.715000e+02 2.370000e+02
1.715000e+02 2.274000e+02
1.715000e+02 2.190000e+02
1.715000e+02 2.100000e+02
1.720000e+02 2.028000e+02
1.725000e+02 1.956000e+02
1.725000e+02 1.896000e+02
1.730000e+02 1.842000e+02
1.730000e+02 1.800000e+02
1.730000e+02 1.770000e+02
1.730000e+02 1.752000e+02
1.725000e+02 1.734000e+02
1.725000e+02 1.728000e+02
1.725000e+02 1.722000e+02
1.725000e+02 1.710000e+02
1.725000e+02 1.710000e+02
1.725000e+02 1.710000e+02
1.725000e+02 1.704000e+02
1.730000e+02 1.704000e+02
1.730000e+02 1.704000e+02
