1.895000e+02 3.222000e+02
1.895000e+02 3.222000e+02
1.920000e+02 3.174000e+02
1.945000e+02 3.138000e+02
1.960000e+02 3.120000e+02
1.990000e+02 3.072000e+02
2.040000e+02 2.988000e+02
2.080000e+02 2.934000e+02
2.120000e+02 2.874000e+02
2.165000e+02 2.814000e+02
2.210000e+02 2.742000e+02
2.250000e+02 2.682000e+02
2.290000e+02 2.616000e+02
2.335000e+02 2.550000e+02
2.375000e+02 2.472000e+02
2.415000e+02 2.394000e+02
2.455000e+02 2.328000e+02
2.495000e+02 2.244000e+02
2.525000e+02 2.172000e+02
2.565000e+02 2.088000e+02
2.595000e+02 2.022000e+02
2.620000e+02 1.950000e+02
2.645000e+02 1.884000e+02
2.670000e+02 1.812000e+02
2.705000e+02 1.716000e+02
2.730000e+02 1.644000e+02
2.755000e+02 1.578000e+02
2.785000e+02 1.506000e+02
2.815000e+02 1.446000e+02
2.845000e+02 1.374000e+02
2.885000e+02 1.284000e+02
2.915000e+02 1.224000e+02
2.940000e+02 1.170000e+02
2.965000e+02 1.110000e+02
2.985000e+02 1.056000e+02
3.005000e+02 1.008000e+02
3.025000e+02 9.660000e+01
3.040000e+02 9.240000e+01
3.060000e+02 8.820000e+01
3.075000e+02 8.520000e+01
3.090000e+02 8.280000e+01
3.100000e+02 8.040000e+01
3.110000e+02 7.920000e+01
3.120000e+02 7.740000e+01
3.130000e+02 7.680000e+01
3.140000e+02 7.560000e+01
3.160000e+02 7.500000e+01
3.175000e+02 7.440000e+01
3.180000e+02 7.440000e+01
3.200000e+02 7.440000e+01
3.215000e+02 7.500000e+01
3.235000e+02 7.620000e+01
3.265000e+02 7.740000e+01
3.290000e+02 8.040000e+01
3.315000e+02 8.280000e+01
3.335000e+02 8.520000e+01
3.350000e+02 8.760000e+01
3.370000e+02 8.940000e+01
3.385000e+02 9.240000e+01
3.405000e+02 9.480000e+01
3.425000e+02 9.780000e+01
3.445000e+02 1.002000e+02
3.465000e+02 1.032000e+02
3.485000e+02 1.068000e+02
3.515000e+02 1.122000e+02
3.540000e+02 1.158000e+02
3.565000e+02 1.200000e+02
3.590000e+02 1.236000e+02
3.615000e+02 1.278000e+02
3.635000e+02 1.320000e+02
3.660000e+02 1.362000e+02
3.685000e+02 1.404000e+02
3.715000e+02 1.452000e+02
3.735000e+02 1.494000e+02
3.775000e+02 1.560000e+02
3.800000e+02 1.608000e+02
3.840000e+02 1.674000e+02
3.880000e+02 1.740000e+02
3.905000e+02 1.782000e+02
3.935000e+02 1.818000e+02
3.960000e+02 1.860000e+02
3.985000e+02 1.902000e+02
4.015000e+02 1.944000e+02
4.040000e+02 1.986000e+02
4.070000e+02 2.028000e+02
4.100000e+02 2.070000e+02
4.120000e+02 2.112000e+02
4.150000e+02 2.154000e+02
4.190000e+02 2.220000e+02
4.225000e+02 2.280000e+02
4.265000e+02 2.346000e+02
4.285000e+02 2.388000e+02
4.310000e+02 2.430000e+02
4.340000e+02 2.478000e+02
4.360000e+02 2.526000e+02
4.380000e+02 2.568000e+02
4.405000e+02 2.610000e+02
4.430000e+02 2.658000e+02
4.450000e+02 2.700000e+02
4.470000e+02 2.742000e+02
4.490000e+02 2.778000e+02
4.510000e+02 2.820000e+02
4.530000e+02 2.862000e+02
4.555000e+02 2.898000e+02
4.575000e+02 2.934000e+02
4.595000e+02 2.976000e+02
4.610000e+02 3.006000e+02
4.625000e+02 3.036000e+02
4.645000e+02 3.066000e+02
4.665000e+02 3.096000e+02
4.690000e+02 3.138000e+02
4.705000e+02 3.162000e+02
4.720000e+02 3.180000e+02
4.730000e+02 3.198000e+02
4.740000e+02 3.216000e+02
4.750000e+02 3.228000e+02
4.760000e+02 3.240000e+02
4.765000e+02 3.252000e+02
4.770000e+02 3.258000e+02
4.780000e+02 3.276000e+02
4.785000e+02 3.282000e+02
4.790000e+02 3.288000e+02
4.795000e+02 3.294000e+02
4.800000e+02 3.300000e+02
4.805000e+02 3.306000e+02
4.810000e+02 3.312000e+02
4.815000e+02 3.318000e+02
4.830000e+02 3.330000e+02
4.830000e+02 3.330000e+02
