4.585000e+02 1.740000e+02
4.585000e+02 1.740000e+02
4.585000e+02 1.722000e+02
4.585000e+02 1.704000e+02
4.585000e+02 1.674000e+02
4.585000e+02 1.644000e+02
4.590000e+02 1.614000e+02
4.590000e+02 1.578000e+02
4.585000e+02 1.548000e+02
4.580000e+02 1.506000e+02
4.565000e+02 1.470000e+02
4.555000e+02 1.428000e+02
4.530000e+02 1.386000e+02
4.505000e+02 1.338000e+02
4.470000e+02 1.290000e+02
4.415000e+02 1.224000e+02
4.400000e+02 1.200000e+02
4.330000e+02 1.128000e+02
4.260000e+02 1.050000e+02
4.210000e+02 1.002000e+02
4.165000e+02 9.600000e+01
4.110000e+02 9.180000e+01
4.050000e+02 8.820000e+01
3.945000e+02 8.400000e+01
3.910000e+02 8.280000e+01
3.825000e+02 8.040000e+01
3.735000e+02 7.920000e+01
3.645000e+02 7.860000e+01
3.560000e+02 7.860000e+01
3.465000e+02 7.920000e+01
3.370000e+02 8.040000e+01
3.265000e+02 8.220000e+01
3.170000e+02 8.520000e+01
3.070000e+02 8.820000e+01
2.925000e+02 9.360000e+01
2.875000e+02 9.540000e+01
2.775000e+02 1.008000e+02
2.690000e+02 1.050000e+02
2.600000e+02 1.110000e+02
2.520000e+02 1.164000e+02
2.445000e+02 1.218000e+02
2.360000e+02 1.290000e+02
2.295000e+02 1.344000e+02
2.205000e+02 1.434000e+02
2.150000e+02 1.494000e+02
2.095000e+02 1.548000e+02
2.070000e+02 1.578000e+02
2.030000e+02 1.632000e+02
1.990000e+02 1.692000e+02
1.955000e+02 1.752000e+02
1.925000e+02 1.800000e+02
1.900000e+02 1.854000e+02
1.880000e+02 1.914000e+02
1.865000e+02 1.968000e+02
1.855000e+02 2.022000e+02
1.845000e+02 2.076000e+02
1.845000e+02 2.130000e+02
1.845000e+02 2.214000e+02
1.850000e+02 2.238000e+02
1.855000e+02 2.286000e+02
1.865000e+02 2.334000e+02
1.880000e+02 2.388000e+02
1.900000e+02 2.466000e+02
1.920000e+02 2.514000e+02
1.945000e+02 2.568000e+02
1.970000e+02 2.622000e+02
2.000000e+02 2.670000e+02
2.035000e+02 2.724000e+02
2.070000e+02 2.778000e+02
2.090000e+02 2.802000e+02
2.125000e+02 2.844000e+02
2.170000e+02 2.898000e+02
2.210000e+02 2.940000e+02
2.250000e+02 2.982000e+02
2.300000e+02 3.030000e+02
2.340000e+02 3.072000e+02
2.385000e+02 3.114000e+02
2.460000e+02 3.174000e+02
2.510000e+02 3.204000e+02
2.560000e+02 3.240000e+02
2.585000e+02 3.258000e+02
2.645000e+02 3.294000e+02
2.700000e+02 3.324000e+02
2.755000e+02 3.348000e+02
2.810000e+02 3.378000e+02
2.865000e+02 3.396000e+02
2.930000e+02 3.414000e+02
2.985000e+02 3.426000e+02
3.045000e+02 3.444000e+02
3.130000e+02 3.456000e+02
3.160000e+02 3.462000e+02
3.215000e+02 3.462000e+02
3.270000e+02 3.462000e+02
3.330000e+02 3.462000e+02
3.385000e+02 3.456000e+02
3.440000e+02 3.450000e+02
3.495000e+02 3.438000e+02
3.550000e+02 3.426000e+02
3.595000e+02 3.408000e+02
3.650000e+02 3.390000e+02
3.700000e+02 3.372000e+02
3.780000e+02 3.330000e+02
3.805000e+02 3.318000e+02
3.855000e+02 3.288000e+02
3.910000e+02 3.258000e+02
3.960000e+02 3.228000e+02
4.015000e+02 3.198000e+02
4.065000e+02 3.162000e+02
4.115000e+02 3.132000e+02
4.160000e+02 3.102000e+02
4.205000e+02 3.072000e+02
4.250000e+02 3.036000e+02
4.295000e+02 3.000000e+02
4.350000e+02 2.952000e+02
4.380000e+02 2.922000e+02
4.400000e+02 2.904000e+02
4.450000e+02 2.850000e+02
4.475000e+02 2.814000e+02
4.500000e+02 2.784000e+02
4.525000e+02 2.742000e+02
4.545000e+02 2.706000e+02
4.570000e+02 2.670000e+02
4.590000e+02 2.628000e+02
4.610000e+02 2.592000e+02
4.625000e+02 2.550000e+02
4.640000e+02 2.520000e+02
4.655000e+02 2.466000e+02
4.665000e+02 2.454000e+02
4.675000e+02 2.406000e+02
4.690000e+02 2.364000e+02
4.695000e+02 2.334000e+02
4.705000e+02 2.310000e+02
4.710000e+02 2.280000e+02
4.710000e+02 2.256000e+02
4.715000e+02 2.232000e+02
4.715000e+02 2.208000e+02
4.720000e+02 2.184000e+02
4.720000e+02 2.148000e+02
4.720000e+02 2.124000e+02
4.720000e+02 2.094000e+02
4.720000e+02 2.070000e+02
4.720000e+02 2.046000e+02
4.720000e+02 2.022000e+02
4.720000e+02 2.004000e+02
4.720000e+02 1.986000e+02
4.720000e+02 1.968000e+02
4.720000e+02 1.956000e+02
4.720000e+02 1.950000e+02
4.720000e+02 1.944000e+02
4.720000e+02 1.944000e+02
