2.305000e+02 1.458000e+02
2.305000e+02 1.458000e+02
2.305000e+02 1.446000e+02
2.305000e+02 1.440000e+02
2.305000e+02 1.422000e+02
2.305000e+02 1.398000e+02
2.310000e+02 1.362000e+02
2.325000e+02 1.302000e+02
2.350000e+02 1.242000e+02
2.370000e+02 1.200000e+02
2.400000e+02 1.140000e+02
2.425000e+02 1.098000e+02
2.455000e+02 1.056000e+02
2.490000e+02 1.002000e+02
2.530000e+02 9.600000e+01
2.570000e+02 9.180000e+01
2.615000e+02 8.760000e+01
2.665000e+02 8.340000e+01
2.725000e+02 7.980000e+01
2.785000e+02 7.680000e+01
2.845000e+02 7.380000e+01
2.915000e+02 7.200000e+01
2.985000e+02 7.020000e+01
3.065000e+02 6.900000e+01
3.135000e+02 6.840000e+01
3.235000e+02 6.960000e+01
3.275000e+02 7.020000e+01
3.390000e+02 7.260000e+01
3.460000e+02 7.440000e+01
3.530000e+02 7.740000e+01
3.590000e+02 8.040000e+01
3.660000e+02 8.400000e+01
3.720000e+02 8.820000e+01
3.785000e+02 9.300000e+01
3.840000e+02 9.780000e+01
3.890000e+02 1.026000e+02
3.940000e+02 1.080000e+02
3.985000e+02 1.140000e+02
4.020000e+02 1.200000e+02
4.055000e+02 1.260000e+02
4.095000e+02 1.356000e+02
4.110000e+02 1.392000e+02
4.140000e+02 1.500000e+02
4.150000e+02 1.578000e+02
4.160000e+02 1.656000e+02
4.160000e+02 1.740000e+02
4.155000e+02 1.812000e+02
4.140000e+02 1.908000e+02
4.120000e+02 1.980000e+02
4.070000e+02 2.112000e+02
4.035000e+02 2.196000e+02
3.955000e+02 2.340000e+02
3.860000e+02 2.472000e+02
3.765000e+02 2.592000e+02
3.690000e+02 2.676000e+02
3.615000e+02 2.748000e+02
3.540000e+02 2.814000e+02
3.460000e+02 2.880000e+02
3.375000e+02 2.928000e+02
3.290000e+02 2.976000e+02
3.200000e+02 3.018000e+02
3.120000e+02 3.042000e+02
3.050000e+02 3.060000e+02
2.975000e+02 3.072000e+02
2.910000e+02 3.078000e+02
2.835000e+02 3.078000e+02
2.770000e+02 3.078000e+02
2.680000e+02 3.066000e+02
2.620000e+02 3.048000e+02
2.570000e+02 3.024000e+02
2.520000e+02 3.000000e+02
2.475000e+02 2.970000e+02
2.435000e+02 2.940000e+02
2.400000e+02 2.910000e+02
2.360000e+02 2.868000e+02
2.325000e+02 2.826000e+02
2.295000e+02 2.784000e+02
2.265000e+02 2.730000e+02
2.240000e+02 2.676000e+02
2.210000e+02 2.616000e+02
2.190000e+02 2.562000e+02
2.175000e+02 2.514000e+02
2.155000e+02 2.430000e+02
2.150000e+02 2.406000e+02
2.140000e+02 2.364000e+02
2.130000e+02 2.286000e+02
2.120000e+02 2.238000e+02
2.120000e+02 2.196000e+02
2.115000e+02 2.142000e+02
2.115000e+02 2.094000e+02
2.120000e+02 2.052000e+02
2.120000e+02 2.016000e+02
2.125000e+02 1.986000e+02
2.130000e+02 1.962000e+02
2.135000e+02 1.944000e+02
2.155000e+02 1.908000e+02
2.155000e+02 1.908000e+02
