2.170000e+02 3.420000e+02
2.170000e+02 3.420000e+02
2.175000e+02 3.414000e+02
2.175000e+02 3.408000e+02
2.180000e+02 3.402000e+02
2.185000e+02 3.378000e+02
2.190000e+02 3.342000e+02
2.190000e+02 3.324000e+02
2.200000e+02 3.282000e+02
2.205000e+02 3.222000e+02
2.210000e+02 3.192000e+02
2.220000e+02 3.126000e+02
2.230000e+02 3.054000e+02
2.240000e+02 3.018000e+02
2.260000e+02 2.934000e+02
2.280000e+02 2.856000e+02
2.290000e+02 2.814000e+02
2.315000e+02 2.724000e+02
2.350000e+02 2.640000e+02
2.380000e+02 2.550000e+02
2.410000e+02 2.466000e+02
2.420000e+02 2.424000e+02
2.450000e+02 2.346000e+02
2.475000e+02 2.274000e+02
2.505000e+02 2.196000e+02
2.515000e+02 2.160000e+02
2.540000e+02 2.094000e+02
2.560000e+02 2.022000e+02
2.570000e+02 1.992000e+02
2.580000e+02 1.962000e+02
2.600000e+02 1.902000e+02
2.610000e+02 1.878000e+02
2.630000e+02 1.824000e+02
2.650000e+02 1.782000e+02
2.655000e+02 1.770000e+02
2.665000e+02 1.740000e+02
2.680000e+02 1.722000e+02
2.685000e+02 1.710000e+02
2.695000e+02 1.692000e+02
2.710000e+02 1.686000e+02
2.715000e+02 1.680000e+02
2.725000e+02 1.680000e+02
2.740000e+02 1.686000e+02
2.750000e+02 1.692000e+02
2.765000e+02 1.704000e+02
2.780000e+02 1.722000e+02
2.785000e+02 1.734000e+02
2.800000e+02 1.770000e+02
2.815000e+02 1.806000e+02
2.825000e+02 1.824000e+02
2.845000e+02 1.860000e+02
2.870000e+02 1.908000e+02
2.890000e+02 1.950000e+02
2.905000e+02 1.974000e+02
2.915000e+02 1.998000e+02
2.940000e+02 2.052000e+02
2.970000e+02 2.100000e+02
3.000000e+02 2.160000e+02
3.030000e+02 2.220000e+02
3.055000e+02 2.274000e+02
3.085000e+02 2.334000e+02
3.105000e+02 2.370000e+02
3.135000e+02 2.430000e+02
3.160000e+02 2.496000e+02
3.175000e+02 2.526000e+02
3.200000e+02 2.592000e+02
3.230000e+02 2.658000e+02
3.245000e+02 2.682000e+02
3.270000e+02 2.748000e+02
3.295000e+02 2.808000e+02
3.325000e+02 2.862000e+02
3.350000e+02 2.922000e+02
3.375000e+02 2.982000e+02
3.390000e+02 3.006000e+02
3.415000e+02 3.060000e+02
3.435000e+02 3.120000e+02
3.460000e+02 3.174000e+02
3.475000e+02 3.198000e+02
3.495000e+02 3.246000e+02
3.510000e+02 3.276000e+02
3.525000e+02 3.318000e+02
3.540000e+02 3.348000e+02
3.545000e+02 3.366000e+02
3.560000e+02 3.390000e+02
3.565000e+02 3.414000e+02
3.570000e+02 3.420000e+02
3.580000e+02 3.438000e+02
3.585000e+02 3.444000e+02
3.585000e+02 3.450000e+02
3.590000e+02 3.444000e+02
3.590000e+02 3.432000e+02
3.590000e+02 3.432000e+02
