1.370000e+02 1.734000e+02
1.370000e+02 1.734000e+02
1.370000e+02 1.734000e+02
1.375000e+02 1.734000e+02
1.380000e+02 1.728000e+02
1.385000e+02 1.728000e+02
1.405000e+02 1.728000e+02
1.430000e+02 1.722000e+02
1.475000e+02 1.722000e+02
1.510000e+02 1.716000e+02
1.545000e+02 1.722000e+02
1.585000e+02 1.722000e+02
1.640000e+02 1.716000e+02
1.680000e+02 1.722000e+02
1.730000e+02 1.722000e+02
1.780000e+02 1.722000e+02
1.830000e+02 1.716000e+02
1.885000e+02 1.716000e+02
1.940000e+02 1.716000e+02
1.995000e+02 1.710000e+02
2.055000e+02 1.710000e+02
2.110000e+02 1.704000e+02
2.165000e+02 1.704000e+02
2.215000e+02 1.704000e+02
2.280000e+02 1.704000e+02
2.330000e+02 1.704000e+02
2.355000e+02 1.704000e+02
2.415000e+02 1.710000e+02
2.490000e+02 1.710000e+02
2.520000e+02 1.716000e+02
2.600000e+02 1.716000e+02
2.660000e+02 1.722000e+02
2.710000e+02 1.722000e+02
2.765000e+02 1.728000e+02
2.820000e+02 1.728000e+02
2.870000e+02 1.728000e+02
2.945000e+02 1.728000e+02
2.990000e+02 1.734000e+02
3.040000e+02 1.734000e+02
3.090000e+02 1.734000e+02
3.135000e+02 1.740000e+02
3.185000e+02 1.740000e+02
3.225000e+02 1.746000e+02
3.275000e+02 1.746000e+02
3.320000e+02 1.752000e+02
3.365000e+02 1.752000e+02
3.415000e+02 1.758000e+02
3.455000e+02 1.758000e+02
3.495000e+02 1.764000e+02
3.545000e+02 1.770000e+02
3.585000e+02 1.770000e+02
3.630000e+02 1.770000e+02
3.675000e+02 1.776000e+02
3.740000e+02 1.782000e+02
3.815000e+02 1.782000e+02
3.855000e+02 1.782000e+02
3.895000e+02 1.782000e+02
3.935000e+02 1.788000e+02
3.975000e+02 1.788000e+02
4.015000e+02 1.788000e+02
4.060000e+02 1.788000e+02
4.120000e+02 1.788000e+02
4.165000e+02 1.788000e+02
4.225000e+02 1.788000e+02
4.265000e+02 1.788000e+02
4.305000e+02 1.788000e+02
4.340000e+02 1.782000e+02
4.375000e+02 1.782000e+02
4.415000e+02 1.782000e+02
4.450000e+02 1.782000e+02
4.480000e+02 1.782000e+02
4.515000e+02 1.782000e+02
4.550000e+02 1.776000e+02
4.585000e+02 1.776000e+02
4.630000e+02 1.776000e+02
4.665000e+02 1.776000e+02
4.695000e+02 1.776000e+02
4.710000e+02 1.770000e+02
4.735000e+02 1.770000e+02
4.760000e+02 1.770000e+02
4.790000e+02 1.764000e+02
4.815000e+02 1.764000e+02
4.845000e+02 1.764000e+02
4.885000e+02 1.758000e+02
4.895000e+02 1.758000e+02
4.925000e+02 1.758000e+02
4.955000e+02 1.752000e+02
4.980000e+02 1.752000e+02
5.010000e+02 1.752000e+02
5.035000e+02 1.746000e+02
5.060000e+02 1.746000e+02
5.085000e+02 1.746000e+02
5.115000e+02 1.740000e+02
5.130000e+02 1.740000e+02
5.155000e+02 1.740000e+02
5.175000e+02 1.734000e+02
5.200000e+02 1.734000e+02
5.210000e+02 1.734000e+02
5.235000e+02 1.734000e+02
5.255000e+02 1.728000e+02
5.275000e+02 1.728000e+02
5.300000e+02 1.728000e+02
5.310000e+02 1.728000e+02
5.330000e+02 1.728000e+02
5.350000e+02 1.728000e+02
5.370000e+02 1.728000e+02
5.390000e+02 1.728000e+02
5.415000e+02 1.728000e+02
5.440000e+02 1.728000e+02
5.460000e+02 1.728000e+02
5.485000e+02 1.728000e+02
5.505000e+02 1.728000e+02
5.530000e+02 1.728000e+02
5.550000e+02 1.728000e+02
5.570000e+02 1.728000e+02
5.585000e+02 1.728000e+02
5.600000e+02 1.728000e+02
5.615000e+02 1.734000e+02
5.635000e+02 1.734000e+02
5.655000e+02 1.734000e+02
5.685000e+02 1.740000e+02
5.700000e+02 1.746000e+02
5.715000e+02 1.752000e+02
5.715000e+02 1.752000e+02
