2.185000e+02 1.776000e+02
2.185000e+02 1.776000e+02
2.190000e+02 1.770000e+02
2.195000e+02 1.758000e+02
2.205000e+02 1.740000e+02
2.215000e+02 1.716000e+02
2.230000e+02 1.692000e+02
2.245000e+02 1.662000e+02
2.260000e+02 1.632000e+02
2.285000e+02 1.584000e+02
2.305000e+02 1.548000e+02
2.315000e+02 1.530000e+02
2.345000e+02 1.488000e+02
2.365000e+02 1.458000e+02
2.380000e+02 1.434000e+02
2.405000e+02 1.410000e+02
2.430000e+02 1.374000e+02
2.460000e+02 1.344000e+02
2.485000e+02 1.314000e+02
2.520000e+02 1.284000e+02
2.555000e+02 1.254000e+02
2.590000e+02 1.230000e+02
2.635000e+02 1.200000e+02
2.700000e+02 1.158000e+02
2.745000e+02 1.128000e+02
2.795000e+02 1.104000e+02
2.845000e+02 1.080000e+02
2.900000e+02 1.050000e+02
2.950000e+02 1.032000e+02
3.005000e+02 1.008000e+02
3.060000e+02 9.900000e+01
3.090000e+02 9.840000e+01
3.180000e+02 9.600000e+01
3.270000e+02 9.420000e+01
3.320000e+02 9.360000e+01
3.375000e+02 9.360000e+01
3.460000e+02 9.360000e+01
3.575000e+02 9.420000e+01
3.625000e+02 9.540000e+01
3.685000e+02 9.660000e+01
3.735000e+02 9.780000e+01
3.790000e+02 9.900000e+01
3.840000e+02 1.014000e+02
3.885000e+02 1.032000e+02
3.935000e+02 1.056000e+02
3.980000e+02 1.080000e+02
4.020000e+02 1.104000e+02
4.065000e+02 1.134000e+02
4.105000e+02 1.164000e+02
4.150000e+02 1.200000e+02
4.195000e+02 1.230000e+02
4.255000e+02 1.284000e+02
4.295000e+02 1.326000e+02
4.330000e+02 1.362000e+02
4.365000e+02 1.404000e+02
4.430000e+02 1.494000e+02
4.460000e+02 1.536000e+02
4.480000e+02 1.578000e+02
4.505000e+02 1.626000e+02
4.525000e+02 1.668000e+02
4.545000e+02 1.716000e+02
4.565000e+02 1.758000e+02
4.580000e+02 1.806000e+02
4.600000e+02 1.854000e+02
4.620000e+02 1.926000e+02
4.625000e+02 1.950000e+02
4.635000e+02 2.022000e+02
4.645000e+02 2.070000e+02
4.650000e+02 2.142000e+02
4.655000e+02 2.214000e+02
4.655000e+02 2.262000e+02
4.655000e+02 2.280000e+02
4.650000e+02 2.358000e+02
4.650000e+02 2.400000e+02
4.645000e+02 2.442000e+02
4.640000e+02 2.490000e+02
4.635000e+02 2.532000e+02
4.630000e+02 2.580000e+02
4.620000e+02 2.622000e+02
4.610000e+02 2.664000e+02
4.595000e+02 2.706000e+02
4.580000e+02 2.748000e+02
4.555000e+02 2.808000e+02
4.540000e+02 2.850000e+02
4.520000e+02 2.886000e+02
4.500000e+02 2.928000e+02
4.470000e+02 2.976000e+02
4.440000e+02 3.018000e+02
4.410000e+02 3.060000e+02
4.380000e+02 3.102000e+02
4.340000e+02 3.144000e+02
4.295000e+02 3.186000e+02
4.250000e+02 3.228000e+02
4.195000e+02 3.276000e+02
4.110000e+02 3.342000e+02
4.085000e+02 3.360000e+02
3.990000e+02 3.414000e+02
3.935000e+02 3.444000e+02
3.870000e+02 3.474000e+02
3.810000e+02 3.498000e+02
3.740000e+02 3.516000e+02
3.680000e+02 3.534000e+02
3.615000e+02 3.546000e+02
3.555000e+02 3.552000e+02
3.490000e+02 3.558000e+02
3.435000e+02 3.564000e+02
3.375000e+02 3.564000e+02
3.320000e+02 3.564000e+02
3.235000e+02 3.564000e+02
3.185000e+02 3.558000e+02
3.125000e+02 3.558000e+02
3.070000e+02 3.552000e+02
3.025000e+02 3.552000e+02
2.975000e+02 3.546000e+02
2.930000e+02 3.540000e+02
2.880000e+02 3.528000e+02
2.835000e+02 3.522000e+02
2.795000e+02 3.516000e+02
2.750000e+02 3.504000e+02
2.710000e+02 3.492000e+02
2.675000e+02 3.480000e+02
2.640000e+02 3.468000e+02
2.605000e+02 3.450000e+02
2.570000e+02 3.438000e+02
2.540000e+02 3.420000e+02
2.505000e+02 3.402000e+02
2.470000e+02 3.384000e+02
2.425000e+02 3.360000e+02
2.375000e+02 3.324000e+02
2.330000e+02 3.288000e+02
2.300000e+02 3.264000e+02
2.275000e+02 3.234000e+02
2.245000e+02 3.210000e+02
2.215000e+02 3.174000e+02
2.190000e+02 3.144000e+02
2.165000e+02 3.114000e+02
2.130000e+02 3.060000e+02
2.090000e+02 3.000000e+02
2.065000e+02 2.970000e+02
2.035000e+02 2.916000e+02
2.015000e+02 2.874000e+02
1.990000e+02 2.838000e+02
1.970000e+02 2.808000e+02
1.950000e+02 2.772000e+02
1.930000e+02 2.736000e+02
1.915000e+02 2.706000e+02
1.895000e+02 2.670000e+02
1.875000e+02 2.640000e+02
1.860000e+02 2.604000e+02
1.840000e+02 2.562000e+02
1.825000e+02 2.526000e+02
1.810000e+02 2.496000e+02
1.790000e+02 2.430000e+02
1.775000e+02 2.394000e+02
1.765000e+02 2.364000e+02
1.755000e+02 2.328000e+02
1.740000e+02 2.298000e+02
1.730000e+02 2.262000e+02
1.720000e+02 2.232000e+02
1.710000e+02 2.196000e+02
1.700000e+02 2.160000e+02
1.690000e+02 2.118000e+02
1.685000e+02 2.082000e+02
1.675000e+02 2.052000e+02
1.665000e+02 2.004000e+02
1.660000e+02 1.950000e+02
1.655000e+02 1.914000e+02
1.655000e+02 1.890000e+02
1.655000e+02 1.872000e+02
1.650000e+02 1.854000e+02
1.650000e+02 1.836000e+02
1.645000e+02 1.818000e+02
1.645000e+02 1.788000e+02
1.640000e+02 1.776000e+02
1.640000e+02 1.758000e+02
1.635000e+02 1.740000e+02
1.635000e+02 1.734000e+02
1.635000e+02 1.728000e+02
1.635000e+02 1.728000e+02
1.635000e+02 1.722000e+02
1.635000e+02 1.722000e+02
