3.765000e+02 1.728000e+02
3.765000e+02 1.728000e+02
3.755000e+02 1.722000e+02
3.725000e+02 1.722000e+02
3.690000e+02 1.722000e+02
3.675000e+02 1.722000e+02
3.630000e+02 1.722000e+02
3.585000e+02 1.722000e+02
3.560000e+02 1.722000e+02
3.510000e+02 1.728000e+02
3.455000e+02 1.740000e+02
3.430000e+02 1.752000e+02
3.380000e+02 1.770000e+02
3.330000e+02 1.800000e+02
3.305000e+02 1.812000e+02
3.265000e+02 1.836000e+02
3.225000e+02 1.860000e+02
3.205000e+02 1.872000e+02
3.170000e+02 1.914000e+02
3.135000e+02 1.950000e+02
3.120000e+02 1.968000e+02
3.095000e+02 2.010000e+02
3.065000e+02 2.064000e+02
3.055000e+02 2.088000e+02
3.025000e+02 2.130000e+02
3.000000e+02 2.190000e+02
2.990000e+02 2.214000e+02
2.975000e+02 2.268000e+02
2.960000e+02 2.328000e+02
2.950000e+02 2.358000e+02
2.940000e+02 2.412000e+02
2.935000e+02 2.436000e+02
2.930000e+02 2.484000e+02
2.925000e+02 2.538000e+02
2.920000e+02 2.562000e+02
2.920000e+02 2.604000e+02
2.920000e+02 2.658000e+02
2.925000e+02 2.676000e+02
2.930000e+02 2.718000e+02
2.935000e+02 2.760000e+02
2.940000e+02 2.802000e+02
2.945000e+02 2.826000e+02
2.960000e+02 2.868000e+02
2.965000e+02 2.880000e+02
2.980000e+02 2.916000e+02
2.995000e+02 2.946000e+02
3.005000e+02 2.964000e+02
3.020000e+02 3.000000e+02
3.030000e+02 3.012000e+02
3.050000e+02 3.042000e+02
3.070000e+02 3.066000e+02
3.095000e+02 3.090000e+02
3.105000e+02 3.102000e+02
3.130000e+02 3.132000e+02
3.150000e+02 3.156000e+02
3.165000e+02 3.168000e+02
3.185000e+02 3.192000e+02
3.215000e+02 3.216000e+02
3.230000e+02 3.222000e+02
3.255000e+02 3.234000e+02
3.270000e+02 3.246000e+02
3.300000e+02 3.258000e+02
3.325000e+02 3.270000e+02
3.360000e+02 3.282000e+02
3.370000e+02 3.282000e+02
3.400000e+02 3.288000e+02
3.410000e+02 3.294000e+02
3.440000e+02 3.294000e+02
3.470000e+02 3.288000e+02
3.490000e+02 3.282000e+02
3.515000e+02 3.276000e+02
3.545000e+02 3.264000e+02
3.560000e+02 3.258000e+02
3.590000e+02 3.246000e+02
3.615000e+02 3.228000e+02
3.645000e+02 3.210000e+02
3.660000e+02 3.192000e+02
3.695000e+02 3.162000e+02
3.715000e+02 3.150000e+02
3.745000e+02 3.120000e+02
3.775000e+02 3.102000e+02
3.805000e+02 3.072000e+02
3.845000e+02 3.030000e+02
3.855000e+02 3.018000e+02
3.880000e+02 2.988000e+02
3.905000e+02 2.958000e+02
3.920000e+02 2.940000e+02
3.950000e+02 2.898000e+02
3.980000e+02 2.862000e+02
3.990000e+02 2.844000e+02
4.015000e+02 2.808000e+02
4.030000e+02 2.790000e+02
4.050000e+02 2.748000e+02
4.075000e+02 2.706000e+02
4.105000e+02 2.664000e+02
4.125000e+02 2.622000e+02
4.145000e+02 2.580000e+02
4.160000e+02 2.544000e+02
4.170000e+02 2.508000e+02
4.170000e+02 2.490000e+02
4.180000e+02 2.454000e+02
4.180000e+02 2.412000e+02
4.180000e+02 2.394000e+02
4.180000e+02 2.364000e+02
4.175000e+02 2.328000e+02
4.175000e+02 2.310000e+02
4.165000e+02 2.274000e+02
4.160000e+02 2.256000e+02
4.150000e+02 2.220000e+02
4.140000e+02 2.196000e+02
4.135000e+02 2.178000e+02
4.120000e+02 2.148000e+02
4.105000e+02 2.112000e+02
4.095000e+02 2.094000e+02
4.085000e+02 2.064000e+02
4.070000e+02 2.040000e+02
4.060000e+02 2.028000e+02
4.045000e+02 1.998000e+02
4.025000e+02 1.968000e+02
4.015000e+02 1.950000e+02
3.990000e+02 1.920000e+02
3.970000e+02 1.896000e+02
3.940000e+02 1.866000e+02
3.925000e+02 1.854000e+02
3.890000e+02 1.824000e+02
3.860000e+02 1.800000e+02
3.830000e+02 1.770000e+02
3.810000e+02 1.758000e+02
3.775000e+02 1.740000e+02
3.755000e+02 1.734000e+02
3.720000e+02 1.716000e+02
3.685000e+02 1.704000e+02
3.650000e+02 1.686000e+02
3.630000e+02 1.680000e+02
3.595000e+02 1.674000e+02
3.560000e+02 1.674000e+02
3.490000e+02 1.680000e+02
3.440000e+02 1.698000e+02
3.415000e+02 1.704000e+02
3.390000e+02 1.716000e+02
3.390000e+02 1.716000e+02
