4.215000e+02 3.036000e+02
4.215000e+02 3.036000e+02
4.190000e+02 3.030000e+02
4.160000e+02 3.012000e+02
4.120000e+02 2.994000e+02
4.080000e+02 2.982000e+02
4.035000e+02 2.970000e+02
3.985000e+02 2.958000e+02
3.930000e+02 2.946000e+02
3.840000e+02 2.928000e+02
3.780000e+02 2.916000e+02
3.675000e+02 2.904000e+02
3.590000e+02 2.892000e+02
3.510000e+02 2.880000e+02
3.425000e+02 2.874000e+02
3.300000e+02 2.874000e+02
3.255000e+02 2.874000e+02
3.160000e+02 2.874000e+02
3.075000e+02 2.880000e+02
2.990000e+02 2.886000e+02
2.910000e+02 2.898000e+02
2.830000e+02 2.904000e+02
2.750000e+02 2.916000e+02
2.650000e+02 2.928000e+02
2.615000e+02 2.934000e+02
2.525000e+02 2.940000e+02
2.440000e+02 2.946000e+02
2.385000e+02 2.952000e+02
2.335000e+02 2.958000e+02
2.290000e+02 2.958000e+02
2.250000e+02 2.964000e+02
2.210000e+02 2.970000e+02
2.165000e+02 2.970000e+02
2.135000e+02 2.976000e+02
2.105000e+02 2.976000e+02
2.085000e+02 2.976000e+02
2.070000e+02 2.976000e+02
2.055000e+02 2.976000e+02
2.040000e+02 2.976000e+02
2.035000e+02 2.976000e+02
2.030000e+02 2.982000e+02
2.030000e+02 2.982000e+02
2.030000e+02 2.982000e+02
