2.710000e+02 3.822000e+02
2.710000e+02 3.822000e+02
2.710000e+02 3.810000e+02
2.705000e+02 3.798000e+02
2.700000e+02 3.780000e+02
2.695000e+02 3.756000e+02
2.690000e+02 3.732000e+02
2.685000e+02 3.702000e+02
2.685000e+02 3.666000e+02
2.680000e+02 3.630000e+02
2.680000e+02 3.588000e+02
2.675000e+02 3.546000e+02
2.675000e+02 3.498000e+02
2.675000e+02 3.444000e+02
2.675000e+02 3.396000e+02
2.675000e+02 3.336000e+02
2.675000e+02 3.282000e+02
2.670000e+02 3.222000e+02
2.670000e+02 3.132000e+02
2.665000e+02 3.096000e+02
2.665000e+02 3.030000e+02
2.665000e+02 2.958000e+02
2.665000e+02 2.886000e+02
2.665000e+02 2.820000e+02
2.665000e+02 2.748000e+02
2.670000e+02 2.676000e+02
2.670000e+02 2.604000e+02
2.675000e+02 2.532000e+02
2.680000e+02 2.472000e+02
2.680000e+02 2.406000e+02
2.685000e+02 2.340000e+02
2.690000e+02 2.280000e+02
2.695000e+02 2.220000e+02
2.700000e+02 2.136000e+02
2.700000e+02 2.106000e+02
2.705000e+02 2.022000e+02
2.710000e+02 1.974000e+02
2.710000e+02 1.926000e+02
2.710000e+02 1.878000e+02
2.710000e+02 1.824000e+02
2.710000e+02 1.776000e+02
2.710000e+02 1.734000e+02
2.710000e+02 1.692000e+02
2.710000e+02 1.656000e+02
2.710000e+02 1.620000e+02
2.710000e+02 1.566000e+02
2.710000e+02 1.536000e+02
2.705000e+02 1.488000e+02
2.705000e+02 1.464000e+02
2.705000e+02 1.440000e+02
2.700000e+02 1.416000e+02
2.700000e+02 1.392000e+02
2.695000e+02 1.374000e+02
2.695000e+02 1.356000e+02
2.695000e+02 1.338000e+02
2.690000e+02 1.326000e+02
2.690000e+02 1.314000e+02
2.690000e+02 1.302000e+02
2.690000e+02 1.296000e+02
2.685000e+02 1.290000e+02
2.685000e+02 1.290000e+02
2.685000e+02 1.290000e+02
2.685000e+02 1.290000e+02
2.685000e+02 1.290000e+02
