9.350000e+01 9.000000e+01
9.350000e+01 9.000000e+01
9.400000e+01 8.940000e+01
9.400000e+01 8.940000e+01
9.450000e+01 8.940000e+01
9.500000e+01 8.940000e+01
9.600000e+01 8.880000e+01
9.700000e+01 8.820000e+01
9.900000e+01 8.820000e+01
1.030000e+02 8.760000e+01
1.060000e+02 8.700000e+01
1.085000e+02 8.640000e+01
1.130000e+02 8.640000e+01
1.160000e+02 8.580000e+01
1.190000e+02 8.520000e+01
1.220000e+02 8.520000e+01
1.260000e+02 8.460000e+01
1.300000e+02 8.460000e+01
1.340000e+02 8.400000e+01
1.385000e+02 8.340000e+01
1.430000e+02 8.280000e+01
1.470000e+02 8.280000e+01
1.530000e+02 8.160000e+01
1.570000e+02 8.160000e+01
1.610000e+02 8.100000e+01
1.625000e+02 8.100000e+01
1.695000e+02 8.100000e+01
1.740000e+02 8.100000e+01
1.790000e+02 8.040000e+01
1.840000e+02 8.040000e+01
1.885000e+02 8.040000e+01
1.940000e+02 7.980000e+01
1.990000e+02 7.980000e+01
2.040000e+02 7.980000e+01
2.115000e+02 7.920000e+01
2.175000e+02 7.860000e+01
2.200000e+02 7.860000e+01
2.255000e+02 7.860000e+01
2.340000e+02 7.800000e+01
2.365000e+02 7.740000e+01
2.430000e+02 7.740000e+01
2.455000e+02 7.740000e+01
2.515000e+02 7.740000e+01
2.570000e+02 7.680000e+01
2.625000e+02 7.680000e+01
2.685000e+02 7.620000e+01
2.740000e+02 7.620000e+01
2.805000e+02 7.620000e+01
2.860000e+02 7.620000e+01
2.920000e+02 7.560000e+01
2.975000e+02 7.560000e+01
3.035000e+02 7.560000e+01
3.090000e+02 7.560000e+01
3.145000e+02 7.560000e+01
3.200000e+02 7.560000e+01
3.250000e+02 7.500000e+01
3.310000e+02 7.500000e+01
3.360000e+02 7.500000e+01
3.440000e+02 7.500000e+01
3.465000e+02 7.500000e+01
3.525000e+02 7.500000e+01
3.580000e+02 7.440000e+01
3.635000e+02 7.440000e+01
3.690000e+02 7.380000e+01
3.745000e+02 7.380000e+01
3.800000e+02 7.380000e+01
3.855000e+02 7.380000e+01
3.905000e+02 7.320000e+01
3.960000e+02 7.320000e+01
4.010000e+02 7.320000e+01
4.060000e+02 7.320000e+01
4.110000e+02 7.320000e+01
4.160000e+02 7.320000e+01
4.225000e+02 7.320000e+01
4.250000e+02 7.260000e+01
4.295000e+02 7.260000e+01
4.340000e+02 7.260000e+01
4.385000e+02 7.200000e+01
4.430000e+02 7.200000e+01
4.465000e+02 7.140000e+01
4.505000e+02 7.140000e+01
4.545000e+02 7.140000e+01
4.580000e+02 7.080000e+01
4.610000e+02 7.020000e+01
4.660000e+02 7.020000e+01
4.675000e+02 7.020000e+01
4.720000e+02 6.900000e+01
4.765000e+02 6.840000e+01
4.800000e+02 6.840000e+01
4.830000e+02 6.780000e+01
4.860000e+02 6.720000e+01
4.890000e+02 6.660000e+01
4.920000e+02 6.600000e+01
4.930000e+02 6.600000e+01
4.950000e+02 6.600000e+01
4.970000e+02 6.540000e+01
4.980000e+02 6.540000e+01
4.995000e+02 6.480000e+01
5.005000e+02 6.480000e+01
5.020000e+02 6.480000e+01
5.035000e+02 6.480000e+01
5.055000e+02 6.420000e+01
5.065000e+02 6.420000e+01
5.075000e+02 6.420000e+01
5.080000e+02 6.420000e+01
5.085000e+02 6.420000e+01
5.095000e+02 6.480000e+01
5.105000e+02 6.540000e+01
5.115000e+02 6.540000e+01
5.115000e+02 6.540000e+01
