2.510000e+02 1.866000e+02
2.510000e+02 1.866000e+02
2.510000e+02 1.860000e+02
2.505000e+02 1.854000e+02
2.505000e+02 1.848000e+02
2.505000e+02 1.836000e+02
2.500000e+02 1.824000e+02
2.500000e+02 1.812000e+02
2.500000e+02 1.800000e+02
2.500000e+02 1.782000e+02
2.505000e+02 1.764000e+02
2.510000e+02 1.746000e+02
2.515000e+02 1.728000e+02
2.520000e+02 1.698000e+02
2.530000e+02 1.668000e+02
2.540000e+02 1.638000e+02
2.560000e+02 1.596000e+02
2.570000e+02 1.572000e+02
2.575000e+02 1.560000e+02
2.595000e+02 1.506000e+02
2.610000e+02 1.470000e+02
2.625000e+02 1.434000e+02
2.645000e+02 1.404000e+02
2.665000e+02 1.368000e+02
2.685000e+02 1.332000e+02
2.700000e+02 1.302000e+02
2.730000e+02 1.260000e+02
2.760000e+02 1.218000e+02
2.785000e+02 1.188000e+02
2.820000e+02 1.146000e+02
2.835000e+02 1.128000e+02
2.860000e+02 1.104000e+02
2.900000e+02 1.068000e+02
2.925000e+02 1.038000e+02
2.955000e+02 1.014000e+02
2.980000e+02 9.960000e+01
3.005000e+02 9.780000e+01
3.035000e+02 9.600000e+01
3.070000e+02 9.420000e+01
3.100000e+02 9.300000e+01
3.130000e+02 9.180000e+01
3.160000e+02 9.060000e+01
3.190000e+02 8.940000e+01
3.220000e+02 8.820000e+01
3.255000e+02 8.700000e+01
3.295000e+02 8.640000e+01
3.335000e+02 8.580000e+01
3.380000e+02 8.520000e+01
3.425000e+02 8.520000e+01
3.460000e+02 8.460000e+01
3.495000e+02 8.520000e+01
3.535000e+02 8.580000e+01
3.570000e+02 8.580000e+01
3.600000e+02 8.700000e+01
3.650000e+02 8.820000e+01
3.685000e+02 8.940000e+01
3.720000e+02 9.120000e+01
3.760000e+02 9.300000e+01
3.795000e+02 9.480000e+01
3.835000e+02 9.660000e+01
3.870000e+02 9.840000e+01
3.910000e+02 1.008000e+02
3.945000e+02 1.032000e+02
3.980000e+02 1.056000e+02
4.015000e+02 1.086000e+02
4.050000e+02 1.116000e+02
4.085000e+02 1.152000e+02
4.115000e+02 1.188000e+02
4.150000e+02 1.224000e+02
4.200000e+02 1.290000e+02
4.215000e+02 1.308000e+02
4.260000e+02 1.380000e+02
4.305000e+02 1.452000e+02
4.340000e+02 1.524000e+02
4.360000e+02 1.566000e+02
4.375000e+02 1.608000e+02
4.390000e+02 1.644000e+02
4.405000e+02 1.686000e+02
4.420000e+02 1.722000e+02
4.440000e+02 1.758000e+02
4.460000e+02 1.812000e+02
4.480000e+02 1.860000e+02
4.495000e+02 1.920000e+02
4.505000e+02 1.962000e+02
4.515000e+02 2.010000e+02
4.525000e+02 2.058000e+02
4.530000e+02 2.106000e+02
4.540000e+02 2.154000e+02
4.540000e+02 2.208000e+02
4.545000e+02 2.250000e+02
4.545000e+02 2.298000e+02
4.545000e+02 2.340000e+02
4.545000e+02 2.382000e+02
4.545000e+02 2.424000e+02
4.540000e+02 2.466000e+02
4.540000e+02 2.508000e+02
4.530000e+02 2.550000e+02
4.520000e+02 2.610000e+02
4.510000e+02 2.676000e+02
4.495000e+02 2.736000e+02
4.480000e+02 2.784000e+02
4.465000e+02 2.826000e+02
4.445000e+02 2.874000e+02
4.425000e+02 2.922000e+02
4.400000e+02 2.970000e+02
4.375000e+02 3.018000e+02
4.345000e+02 3.060000e+02
4.310000e+02 3.114000e+02
4.255000e+02 3.186000e+02
4.210000e+02 3.234000e+02
4.160000e+02 3.288000e+02
4.135000e+02 3.312000e+02
4.080000e+02 3.366000e+02
4.010000e+02 3.432000e+02
3.960000e+02 3.468000e+02
3.925000e+02 3.498000e+02
3.885000e+02 3.522000e+02
3.845000e+02 3.540000e+02
3.815000e+02 3.552000e+02
3.780000e+02 3.564000e+02
3.735000e+02 3.576000e+02
3.675000e+02 3.594000e+02
3.600000e+02 3.612000e+02
3.530000e+02 3.624000e+02
3.480000e+02 3.630000e+02
3.440000e+02 3.624000e+02
3.405000e+02 3.624000e+02
3.375000e+02 3.612000e+02
3.345000e+02 3.600000e+02
3.320000e+02 3.594000e+02
3.290000e+02 3.582000e+02
3.255000e+02 3.570000e+02
3.195000e+02 3.552000e+02
3.150000e+02 3.540000e+02
3.105000e+02 3.528000e+02
3.045000e+02 3.504000e+02
3.015000e+02 3.486000e+02
2.985000e+02 3.468000e+02
2.965000e+02 3.450000e+02
2.940000e+02 3.432000e+02
2.925000e+02 3.420000e+02
2.900000e+02 3.396000e+02
2.880000e+02 3.378000e+02
2.860000e+02 3.360000e+02
2.835000e+02 3.336000e+02
2.815000e+02 3.318000e+02
2.790000e+02 3.294000e+02
2.775000e+02 3.270000e+02
2.755000e+02 3.252000e+02
2.730000e+02 3.228000e+02
2.710000e+02 3.204000e+02
2.685000e+02 3.168000e+02
2.665000e+02 3.144000e+02
2.640000e+02 3.108000e+02
2.610000e+02 3.072000e+02
2.590000e+02 3.048000e+02
2.575000e+02 3.018000e+02
2.555000e+02 2.988000e+02
2.540000e+02 2.964000e+02
2.530000e+02 2.946000e+02
2.520000e+02 2.922000e+02
2.505000e+02 2.892000e+02
2.490000e+02 2.856000e+02
2.475000e+02 2.826000e+02
2.460000e+02 2.802000e+02
2.445000e+02 2.766000e+02
2.430000e+02 2.730000e+02
2.415000e+02 2.700000e+02
2.405000e+02 2.670000e+02
2.385000e+02 2.634000e+02
2.375000e+02 2.598000e+02
2.360000e+02 2.568000e+02
2.345000e+02 2.538000e+02
2.335000e+02 2.508000e+02
2.320000e+02 2.484000e+02
2.305000e+02 2.460000e+02
2.295000e+02 2.436000e+02
2.285000e+02 2.412000e+02
2.275000e+02 2.388000e+02
2.260000e+02 2.364000e+02
2.250000e+02 2.340000e+02
2.235000e+02 2.316000e+02
2.230000e+02 2.304000e+02
2.220000e+02 2.280000e+02
2.210000e+02 2.262000e+02
2.205000e+02 2.238000e+02
2.200000e+02 2.220000e+02
2.190000e+02 2.196000e+02
2.185000e+02 2.166000e+02
2.180000e+02 2.124000e+02
2.175000e+02 2.094000e+02
2.175000e+02 2.082000e+02
2.175000e+02 2.076000e+02
2.175000e+02 2.076000e+02
2.175000e+02 2.076000e+02
