1.530000e+02 3.072000e+02
1.530000e+02 3.072000e+02
1.530000e+02 3.048000e+02
1.535000e+02 3.012000e+02
1.540000e+02 2.964000e+02
1.555000e+02 2.880000e+02
1.565000e+02 2.814000e+02
1.580000e+02 2.742000e+02
1.600000e+02 2.670000e+02
1.615000e+02 2.598000e+02
1.630000e+02 2.526000e+02
1.650000e+02 2.436000e+02
1.665000e+02 2.358000e+02
1.680000e+02 2.268000e+02
1.700000e+02 2.190000e+02
1.725000e+02 2.100000e+02
1.745000e+02 2.010000e+02
1.770000e+02 1.926000e+02
1.795000e+02 1.842000e+02
1.820000e+02 1.764000e+02
1.845000e+02 1.686000e+02
1.870000e+02 1.608000e+02
1.910000e+02 1.494000e+02
1.950000e+02 1.386000e+02
1.985000e+02 1.284000e+02
2.010000e+02 1.218000e+02
2.030000e+02 1.164000e+02
2.050000e+02 1.116000e+02
2.070000e+02 1.068000e+02
2.085000e+02 1.032000e+02
2.100000e+02 1.002000e+02
2.115000e+02 9.660000e+01
2.125000e+02 9.420000e+01
2.130000e+02 9.240000e+01
2.135000e+02 9.180000e+01
2.135000e+02 9.120000e+01
2.140000e+02 9.060000e+01
2.140000e+02 9.060000e+01
2.140000e+02 9.000000e+01
2.145000e+02 9.000000e+01
2.145000e+02 9.000000e+01
2.150000e+02 9.060000e+01
2.160000e+02 9.120000e+01
2.170000e+02 9.240000e+01
2.190000e+02 9.420000e+01
2.210000e+02 9.660000e+01
2.230000e+02 9.900000e+01
2.245000e+02 1.020000e+02
2.265000e+02 1.050000e+02
2.285000e+02 1.080000e+02
2.320000e+02 1.128000e+02
2.340000e+02 1.164000e+02
2.355000e+02 1.182000e+02
2.390000e+02 1.236000e+02
2.400000e+02 1.254000e+02
2.440000e+02 1.314000e+02
2.465000e+02 1.350000e+02
2.495000e+02 1.386000e+02
2.520000e+02 1.428000e+02
2.550000e+02 1.464000e+02
2.580000e+02 1.506000e+02
2.610000e+02 1.542000e+02
2.640000e+02 1.590000e+02
2.675000e+02 1.638000e+02
2.710000e+02 1.680000e+02
2.760000e+02 1.740000e+02
2.775000e+02 1.758000e+02
2.835000e+02 1.824000e+02
2.870000e+02 1.860000e+02
2.910000e+02 1.902000e+02
2.955000e+02 1.944000e+02
2.975000e+02 1.962000e+02
3.035000e+02 2.022000e+02
3.080000e+02 2.064000e+02
3.115000e+02 2.100000e+02
3.175000e+02 2.160000e+02
3.240000e+02 2.220000e+02
3.305000e+02 2.280000e+02
3.345000e+02 2.322000e+02
3.385000e+02 2.364000e+02
3.430000e+02 2.406000e+02
3.470000e+02 2.448000e+02
3.505000e+02 2.484000e+02
3.550000e+02 2.532000e+02
3.590000e+02 2.574000e+02
3.625000e+02 2.616000e+02
3.665000e+02 2.658000e+02
3.705000e+02 2.700000e+02
3.735000e+02 2.736000e+02
3.770000e+02 2.778000e+02
3.810000e+02 2.820000e+02
3.845000e+02 2.862000e+02
3.890000e+02 2.916000e+02
3.925000e+02 2.952000e+02
3.940000e+02 2.964000e+02
3.985000e+02 3.018000e+02
4.010000e+02 3.048000e+02
4.035000e+02 3.072000e+02
4.060000e+02 3.102000e+02
4.080000e+02 3.126000e+02
4.095000e+02 3.144000e+02
4.110000e+02 3.162000e+02
4.120000e+02 3.174000e+02
4.130000e+02 3.180000e+02
4.140000e+02 3.192000e+02
4.145000e+02 3.198000e+02
4.150000e+02 3.204000e+02
4.155000e+02 3.222000e+02
4.155000e+02 3.222000e+02
