2.010000e+02 1.596000e+02
2.010000e+02 1.596000e+02
2.010000e+02 1.590000e+02
2.010000e+02 1.590000e+02
2.025000e+02 1.584000e+02
2.060000e+02 1.578000e+02
2.110000e+02 1.566000e+02
2.175000e+02 1.554000e+02
2.240000e+02 1.542000e+02
2.325000e+02 1.530000e+02
2.410000e+02 1.518000e+02
2.535000e+02 1.488000e+02
2.620000e+02 1.470000e+02
2.720000e+02 1.446000e+02
2.820000e+02 1.428000e+02
2.920000e+02 1.410000e+02
3.015000e+02 1.392000e+02
3.115000e+02 1.374000e+02
3.225000e+02 1.356000e+02
3.330000e+02 1.338000e+02
3.430000e+02 1.320000e+02
3.530000e+02 1.308000e+02
3.620000e+02 1.290000e+02
3.720000e+02 1.284000e+02
3.815000e+02 1.272000e+02
3.900000e+02 1.260000e+02
3.980000e+02 1.254000e+02
4.060000e+02 1.242000e+02
4.140000e+02 1.230000e+02
4.205000e+02 1.224000e+02
4.265000e+02 1.218000e+02
4.320000e+02 1.206000e+02
4.365000e+02 1.200000e+02
4.415000e+02 1.200000e+02
4.475000e+02 1.194000e+02
4.490000e+02 1.194000e+02
4.525000e+02 1.188000e+02
4.550000e+02 1.188000e+02
4.575000e+02 1.188000e+02
4.590000e+02 1.194000e+02
4.605000e+02 1.194000e+02
4.610000e+02 1.194000e+02
4.620000e+02 1.200000e+02
4.630000e+02 1.200000e+02
4.630000e+02 1.206000e+02
4.635000e+02 1.206000e+02
4.640000e+02 1.212000e+02
4.640000e+02 1.218000e+02
4.645000e+02 1.230000e+02
4.650000e+02 1.248000e+02
4.650000e+02 1.278000e+02
4.650000e+02 1.308000e+02
4.650000e+02 1.344000e+02
4.645000e+02 1.410000e+02
4.640000e+02 1.482000e+02
4.635000e+02 1.560000e+02
4.635000e+02 1.614000e+02
4.630000e+02 1.674000e+02
4.630000e+02 1.740000e+02
4.625000e+02 1.806000e+02
4.620000e+02 1.878000e+02
4.610000e+02 1.950000e+02
4.605000e+02 2.028000e+02
4.600000e+02 2.100000e+02
4.590000e+02 2.178000e+02
4.580000e+02 2.292000e+02
4.575000e+02 2.370000e+02
4.570000e+02 2.436000e+02
4.560000e+02 2.514000e+02
4.555000e+02 2.574000e+02
4.550000e+02 2.634000e+02
4.540000e+02 2.688000e+02
4.535000e+02 2.736000e+02
4.530000e+02 2.784000e+02
4.525000e+02 2.826000e+02
4.520000e+02 2.868000e+02
4.520000e+02 2.898000e+02
4.520000e+02 2.934000e+02
4.525000e+02 2.988000e+02
4.525000e+02 3.012000e+02
4.530000e+02 3.030000e+02
4.530000e+02 3.048000e+02
4.530000e+02 3.060000e+02
4.530000e+02 3.072000e+02
4.530000e+02 3.078000e+02
4.530000e+02 3.084000e+02
4.530000e+02 3.084000e+02
4.525000e+02 3.090000e+02
4.525000e+02 3.090000e+02
4.525000e+02 3.090000e+02
4.525000e+02 3.090000e+02
4.520000e+02 3.096000e+02
4.515000e+02 3.096000e+02
4.510000e+02 3.090000e+02
4.510000e+02 3.090000e+02
4.500000e+02 3.090000e+02
4.480000e+02 3.084000e+02
4.460000e+02 3.084000e+02
4.430000e+02 3.084000e+02
4.390000e+02 3.084000e+02
4.340000e+02 3.078000e+02
4.280000e+02 3.078000e+02
4.210000e+02 3.078000e+02
4.145000e+02 3.078000e+02
4.045000e+02 3.078000e+02
3.965000e+02 3.078000e+02
3.895000e+02 3.078000e+02
3.825000e+02 3.072000e+02
3.745000e+02 3.072000e+02
3.670000e+02 3.072000e+02
3.585000e+02 3.072000e+02
3.500000e+02 3.078000e+02
3.420000e+02 3.078000e+02
3.335000e+02 3.078000e+02
3.205000e+02 3.084000e+02
3.165000e+02 3.084000e+02
3.085000e+02 3.090000e+02
2.965000e+02 3.102000e+02
2.885000e+02 3.108000e+02
2.805000e+02 3.114000e+02
2.725000e+02 3.120000e+02
2.655000e+02 3.132000e+02
2.585000e+02 3.138000e+02
2.520000e+02 3.150000e+02
2.460000e+02 3.162000e+02
2.400000e+02 3.174000e+02
2.345000e+02 3.180000e+02
2.300000e+02 3.192000e+02
2.260000e+02 3.198000e+02
2.225000e+02 3.204000e+02
2.195000e+02 3.210000e+02
2.175000e+02 3.210000e+02
2.160000e+02 3.210000e+02
2.145000e+02 3.210000e+02
2.130000e+02 3.210000e+02
2.125000e+02 3.210000e+02
2.120000e+02 3.210000e+02
2.115000e+02 3.210000e+02
2.115000e+02 3.210000e+02
2.110000e+02 3.204000e+02
2.105000e+02 3.204000e+02
2.105000e+02 3.204000e+02
2.105000e+02 3.198000e+02
2.105000e+02 3.198000e+02
2.100000e+02 3.192000e+02
2.100000e+02 3.186000e+02
2.100000e+02 3.180000e+02
2.100000e+02 3.174000e+02
2.100000e+02 3.162000e+02
2.100000e+02 3.144000e+02
2.100000e+02 3.120000e+02
2.095000e+02 3.090000e+02
2.090000e+02 3.054000e+02
2.085000e+02 3.012000e+02
2.075000e+02 2.976000e+02
2.070000e+02 2.940000e+02
2.065000e+02 2.892000e+02
2.060000e+02 2.844000e+02
2.050000e+02 2.772000e+02
2.040000e+02 2.700000e+02
2.035000e+02 2.634000e+02
2.025000e+02 2.568000e+02
2.015000e+02 2.508000e+02
2.010000e+02 2.436000e+02
2.000000e+02 2.346000e+02
1.995000e+02 2.304000e+02
1.990000e+02 2.178000e+02
1.980000e+02 2.058000e+02
1.980000e+02 1.776000e+02
1.985000e+02 1.638000e+02
1.985000e+02 1.512000e+02
1.990000e+02 1.446000e+02
1.990000e+02 1.374000e+02
1.995000e+02 1.326000e+02
2.000000e+02 1.296000e+02
2.005000e+02 1.278000e+02
2.005000e+02 1.254000e+02
2.010000e+02 1.242000e+02
2.010000e+02 1.230000e+02
2.010000e+02 1.218000e+02
2.010000e+02 1.212000e+02
2.010000e+02 1.206000e+02
2.010000e+02 1.200000e+02
2.010000e+02 1.194000e+02
2.010000e+02 1.188000e+02
2.010000e+02 1.188000e+02
2.005000e+02 1.182000e+02
2.005000e+02 1.176000e+02
2.005000e+02 1.170000e+02
2.005000e+02 1.164000e+02
2.005000e+02 1.164000e+02
2.005000e+02 1.164000e+02
2.005000e+02 1.158000e+02
2.005000e+02 1.158000e+02
2.005000e+02 1.158000e+02
2.005000e+02 1.158000e+02
2.010000e+02 1.158000e+02
2.010000e+02 1.158000e+02
