2.755000e+02 3.228000e+02
2.755000e+02 3.228000e+02
2.755000e+02 3.210000e+02
2.760000e+02 3.192000e+02
2.770000e+02 3.156000e+02
2.785000e+02 3.114000e+02
2.790000e+02 3.084000e+02
2.805000e+02 3.024000e+02
2.815000e+02 2.964000e+02
2.820000e+02 2.928000e+02
2.830000e+02 2.856000e+02
2.840000e+02 2.778000e+02
2.850000e+02 2.694000e+02
2.865000e+02 2.598000e+02
2.885000e+02 2.502000e+02
2.895000e+02 2.454000e+02
2.915000e+02 2.352000e+02
2.940000e+02 2.256000e+02
2.950000e+02 2.208000e+02
2.975000e+02 2.112000e+02
2.985000e+02 2.064000e+02
3.015000e+02 1.974000e+02
3.035000e+02 1.878000e+02
3.060000e+02 1.800000e+02
3.070000e+02 1.758000e+02
3.090000e+02 1.680000e+02
3.110000e+02 1.608000e+02
3.120000e+02 1.572000e+02
3.145000e+02 1.512000e+02
3.165000e+02 1.458000e+02
3.175000e+02 1.428000e+02
3.190000e+02 1.380000e+02
3.210000e+02 1.338000e+02
3.220000e+02 1.320000e+02
3.235000e+02 1.296000e+02
3.250000e+02 1.278000e+02
3.255000e+02 1.272000e+02
3.270000e+02 1.254000e+02
3.280000e+02 1.248000e+02
3.285000e+02 1.248000e+02
3.295000e+02 1.248000e+02
3.310000e+02 1.248000e+02
3.320000e+02 1.254000e+02
3.335000e+02 1.272000e+02
3.355000e+02 1.296000e+02
3.375000e+02 1.326000e+02
3.395000e+02 1.362000e+02
3.405000e+02 1.380000e+02
3.430000e+02 1.428000e+02
3.455000e+02 1.476000e+02
3.485000e+02 1.524000e+02
3.500000e+02 1.560000e+02
3.525000e+02 1.620000e+02
3.540000e+02 1.656000e+02
3.570000e+02 1.728000e+02
3.605000e+02 1.812000e+02
3.615000e+02 1.854000e+02
3.630000e+02 1.890000e+02
3.645000e+02 1.932000e+02
3.670000e+02 2.016000e+02
3.700000e+02 2.100000e+02
3.715000e+02 2.142000e+02
3.750000e+02 2.232000e+02
3.765000e+02 2.274000e+02
3.780000e+02 2.322000e+02
3.810000e+02 2.406000e+02
3.840000e+02 2.496000e+02
3.860000e+02 2.538000e+02
3.885000e+02 2.628000e+02
3.915000e+02 2.712000e+02
3.930000e+02 2.754000e+02
3.955000e+02 2.826000e+02
3.980000e+02 2.898000e+02
3.995000e+02 2.934000e+02
4.015000e+02 3.000000e+02
4.040000e+02 3.072000e+02
4.055000e+02 3.132000e+02
4.075000e+02 3.186000e+02
4.080000e+02 3.210000e+02
4.095000e+02 3.258000e+02
4.110000e+02 3.300000e+02
4.125000e+02 3.330000e+02
4.135000e+02 3.354000e+02
4.145000e+02 3.372000e+02
4.150000e+02 3.378000e+02
4.160000e+02 3.384000e+02
4.170000e+02 3.390000e+02
4.175000e+02 3.390000e+02
4.175000e+02 3.396000e+02
4.170000e+02 3.390000e+02
4.170000e+02 3.390000e+02
