4.535000e+02 9.780000e+01
4.535000e+02 9.780000e+01
4.535000e+02 9.660000e+01
4.545000e+02 9.300000e+01
4.570000e+02 8.700000e+01
4.635000e+02 7.560000e+01
4.685000e+02 6.840000e+01
4.725000e+02 6.300000e+01
4.770000e+02 5.880000e+01
4.810000e+02 5.520000e+01
4.845000e+02 5.340000e+01
4.885000e+02 5.160000e+01
4.925000e+02 5.040000e+01
4.960000e+02 5.040000e+01
5.015000e+02 5.160000e+01
5.035000e+02 5.220000e+01
5.065000e+02 5.460000e+01
5.095000e+02 5.700000e+01
5.115000e+02 6.060000e+01
5.135000e+02 6.540000e+01
5.150000e+02 7.020000e+01
5.160000e+02 7.500000e+01
5.165000e+02 8.400000e+01
5.170000e+02 9.000000e+01
5.165000e+02 1.002000e+02
5.160000e+02 1.092000e+02
5.150000e+02 1.152000e+02
5.135000e+02 1.254000e+02
5.125000e+02 1.314000e+02
5.110000e+02 1.374000e+02
5.090000e+02 1.446000e+02
5.065000e+02 1.500000e+02
5.035000e+02 1.566000e+02
5.010000e+02 1.620000e+02
4.985000e+02 1.674000e+02
4.950000e+02 1.734000e+02
4.920000e+02 1.782000e+02
4.890000e+02 1.830000e+02
4.860000e+02 1.884000e+02
4.830000e+02 1.932000e+02
4.800000e+02 1.974000e+02
4.780000e+02 2.004000e+02
4.760000e+02 2.046000e+02
4.735000e+02 2.082000e+02
4.720000e+02 2.112000e+02
4.705000e+02 2.142000e+02
4.690000e+02 2.172000e+02
4.675000e+02 2.208000e+02
4.665000e+02 2.232000e+02
4.655000e+02 2.262000e+02
4.650000e+02 2.286000e+02
4.640000e+02 2.328000e+02
4.635000e+02 2.340000e+02
4.630000e+02 2.376000e+02
4.625000e+02 2.400000e+02
4.620000e+02 2.430000e+02
4.615000e+02 2.460000e+02
4.615000e+02 2.496000e+02
4.610000e+02 2.532000e+02
4.605000e+02 2.574000e+02
4.605000e+02 2.628000e+02
4.605000e+02 2.670000e+02
4.605000e+02 2.700000e+02
4.600000e+02 2.730000e+02
4.600000e+02 2.760000e+02
4.600000e+02 2.796000e+02
4.605000e+02 2.832000e+02
4.605000e+02 2.862000e+02
4.610000e+02 2.904000e+02
4.610000e+02 2.940000e+02
4.610000e+02 2.976000e+02
4.615000e+02 3.006000e+02
4.620000e+02 3.036000e+02
4.625000e+02 3.078000e+02
4.630000e+02 3.120000e+02
4.635000e+02 3.156000e+02
4.635000e+02 3.192000e+02
4.640000e+02 3.228000e+02
4.645000e+02 3.264000e+02
4.650000e+02 3.294000e+02
4.655000e+02 3.324000e+02
4.655000e+02 3.348000e+02
4.665000e+02 3.378000e+02
4.665000e+02 3.390000e+02
4.665000e+02 3.408000e+02
4.670000e+02 3.426000e+02
4.670000e+02 3.444000e+02
4.670000e+02 3.456000e+02
4.670000e+02 3.462000e+02
4.675000e+02 3.474000e+02
4.675000e+02 3.474000e+02
4.675000e+02 3.480000e+02
4.675000e+02 3.486000e+02
4.675000e+02 3.486000e+02
4.675000e+02 3.492000e+02
4.675000e+02 3.492000e+02
4.675000e+02 3.492000e+02
4.680000e+02 3.486000e+02
4.680000e+02 3.480000e+02
4.680000e+02 3.480000e+02
