1.350000e+02 2.052000e+02
1.345000e+02 2.058000e+02
1.340000e+02 2.070000e+02
1.340000e+02 2.076000e+02
1.340000e+02 2.082000e+02
1.345000e+02 2.088000e+02
1.355000e+02 2.094000e+02
1.365000e+02 2.100000e+02
1.385000e+02 2.106000e+02
1.415000e+02 2.106000e+02
1.450000e+02 2.112000e+02
1.490000e+02 2.112000e+02
1.530000e+02 2.112000e+02
1.555000e+02 2.112000e+02
1.605000e+02 2.112000e+02
1.685000e+02 2.112000e+02
1.735000e+02 2.106000e+02
1.795000e+02 2.106000e+02
1.890000e+02 2.100000e+02
1.985000e+02 2.100000e+02
2.050000e+02 2.100000e+02
2.110000e+02 2.094000e+02
2.175000e+02 2.088000e+02
2.235000e+02 2.082000e+02
2.295000e+02 2.082000e+02
2.325000e+02 2.082000e+02
2.385000e+02 2.088000e+02
2.445000e+02 2.106000e+02
2.505000e+02 2.124000e+02
2.565000e+02 2.136000e+02
2.620000e+02 2.154000e+02
2.710000e+02 2.172000e+02
2.735000e+02 2.178000e+02
2.825000e+02 2.178000e+02
2.905000e+02 2.184000e+02
2.985000e+02 2.178000e+02
3.040000e+02 2.178000e+02
3.115000e+02 2.172000e+02
3.170000e+02 2.166000e+02
3.245000e+02 2.160000e+02
3.270000e+02 2.154000e+02
3.350000e+02 2.148000e+02
3.405000e+02 2.142000e+02
3.455000e+02 2.142000e+02
3.480000e+02 2.142000e+02
3.530000e+02 2.136000e+02
3.585000e+02 2.136000e+02
3.660000e+02 2.130000e+02
3.710000e+02 2.130000e+02
3.790000e+02 2.124000e+02
3.845000e+02 2.118000e+02
3.900000e+02 2.112000e+02
3.955000e+02 2.112000e+02
4.005000e+02 2.106000e+02
4.060000e+02 2.100000e+02
4.140000e+02 2.100000e+02
4.190000e+02 2.094000e+02
4.265000e+02 2.100000e+02
4.320000e+02 2.100000e+02
4.370000e+02 2.106000e+02
4.420000e+02 2.112000e+02
4.470000e+02 2.118000e+02
4.540000e+02 2.130000e+02
4.585000e+02 2.136000e+02
4.655000e+02 2.148000e+02
4.700000e+02 2.154000e+02
4.735000e+02 2.160000e+02
4.785000e+02 2.172000e+02
4.825000e+02 2.178000e+02
4.860000e+02 2.184000e+02
4.895000e+02 2.190000e+02
4.935000e+02 2.196000e+02
4.965000e+02 2.202000e+02
4.995000e+02 2.214000e+02
5.025000e+02 2.226000e+02
5.055000e+02 2.232000e+02
5.080000e+02 2.238000e+02
5.105000e+02 2.244000e+02
5.130000e+02 2.250000e+02
5.175000e+02 2.250000e+02
5.195000e+02 2.250000e+02
5.220000e+02 2.250000e+02
5.240000e+02 2.244000e+02
5.270000e+02 2.238000e+02
5.280000e+02 2.232000e+02
5.300000e+02 2.232000e+02
5.325000e+02 2.226000e+02
5.340000e+02 2.220000e+02
5.360000e+02 2.214000e+02
5.375000e+02 2.208000e+02
5.390000e+02 2.202000e+02
5.410000e+02 2.196000e+02
5.425000e+02 2.190000e+02
5.435000e+02 2.184000e+02
5.445000e+02 2.178000e+02
5.455000e+02 2.172000e+02
5.460000e+02 2.172000e+02
5.465000e+02 2.166000e+02
5.470000e+02 2.166000e+02
5.475000e+02 2.160000e+02
5.480000e+02 2.160000e+02
5.485000e+02 2.160000e+02
5.485000e+02 2.160000e+02
5.485000e+02 2.160000e+02
5.485000e+02 2.160000e+02
