2.330000e+02 9.180000e+01
2.330000e+02 9.180000e+01
2.325000e+02 9.180000e+01
2.325000e+02 9.180000e+01
2.325000e+02 9.240000e+01
2.335000e+02 9.300000e+01
2.340000e+02 9.600000e+01
2.360000e+02 1.002000e+02
2.380000e+02 1.056000e+02
2.410000e+02 1.128000e+02
2.445000e+02 1.194000e+02
2.480000e+02 1.272000e+02
2.520000e+02 1.350000e+02
2.595000e+02 1.488000e+02
2.645000e+02 1.584000e+02
2.725000e+02 1.728000e+02
2.780000e+02 1.818000e+02
2.840000e+02 1.920000e+02
2.895000e+02 2.028000e+02
2.955000e+02 2.124000e+02
3.015000e+02 2.232000e+02
3.080000e+02 2.334000e+02
3.135000e+02 2.424000e+02
3.210000e+02 2.544000e+02
3.300000e+02 2.688000e+02
3.355000e+02 2.784000e+02
3.410000e+02 2.880000e+02
3.470000e+02 2.982000e+02
3.515000e+02 3.060000e+02
3.570000e+02 3.144000e+02
3.615000e+02 3.222000e+02
3.665000e+02 3.300000e+02
3.710000e+02 3.372000e+02
3.750000e+02 3.444000e+02
3.810000e+02 3.528000e+02
3.845000e+02 3.582000e+02
3.870000e+02 3.624000e+02
3.895000e+02 3.660000e+02
3.920000e+02 3.690000e+02
3.940000e+02 3.714000e+02
3.955000e+02 3.732000e+02
3.965000e+02 3.750000e+02
3.975000e+02 3.762000e+02
3.980000e+02 3.768000e+02
3.985000e+02 3.774000e+02
3.985000e+02 3.774000e+02
3.985000e+02 3.774000e+02
3.985000e+02 3.780000e+02
3.985000e+02 3.780000e+02
3.985000e+02 3.780000e+02
3.985000e+02 3.774000e+02
3.980000e+02 3.774000e+02
3.975000e+02 3.768000e+02
3.965000e+02 3.768000e+02
3.955000e+02 3.756000e+02
3.910000e+02 3.744000e+02
3.800000e+02 3.732000e+02
3.670000e+02 3.738000e+02
3.590000e+02 3.744000e+02
3.505000e+02 3.738000e+02
3.410000e+02 3.726000e+02
3.310000e+02 3.726000e+02
3.220000e+02 3.720000e+02
3.125000e+02 3.720000e+02
3.035000e+02 3.720000e+02
2.945000e+02 3.726000e+02
2.845000e+02 3.732000e+02
2.760000e+02 3.744000e+02
2.680000e+02 3.756000e+02
2.595000e+02 3.768000e+02
2.525000e+02 3.780000e+02
2.455000e+02 3.792000e+02
2.390000e+02 3.804000e+02
2.340000e+02 3.816000e+02
2.295000e+02 3.822000e+02
2.255000e+02 3.828000e+02
2.225000e+02 3.828000e+02
2.200000e+02 3.834000e+02
2.185000e+02 3.834000e+02
2.175000e+02 3.834000e+02
2.165000e+02 3.834000e+02
2.160000e+02 3.828000e+02
2.160000e+02 3.828000e+02
2.160000e+02 3.828000e+02
2.160000e+02 3.822000e+02
2.160000e+02 3.810000e+02
2.195000e+02 3.768000e+02
2.215000e+02 3.744000e+02
2.285000e+02 3.678000e+02
2.325000e+02 3.636000e+02
2.365000e+02 3.594000e+02
2.410000e+02 3.558000e+02
2.465000e+02 3.516000e+02
2.520000e+02 3.462000e+02
2.580000e+02 3.414000e+02
2.645000e+02 3.360000e+02
2.685000e+02 3.318000e+02
2.750000e+02 3.264000e+02
2.820000e+02 3.192000e+02
2.885000e+02 3.132000e+02
2.955000e+02 3.072000e+02
3.040000e+02 2.988000e+02
3.075000e+02 2.958000e+02
3.145000e+02 2.892000e+02
3.240000e+02 2.796000e+02
3.280000e+02 2.760000e+02
3.350000e+02 2.682000e+02
3.390000e+02 2.646000e+02
3.470000e+02 2.556000e+02
3.540000e+02 2.478000e+02
3.615000e+02 2.394000e+02
3.685000e+02 2.316000e+02
3.790000e+02 2.190000e+02
3.880000e+02 2.082000e+02
3.970000e+02 1.980000e+02
4.065000e+02 1.884000e+02
4.130000e+02 1.812000e+02
4.190000e+02 1.746000e+02
4.245000e+02 1.686000e+02
4.310000e+02 1.620000e+02
4.365000e+02 1.560000e+02
4.425000e+02 1.482000e+02
4.475000e+02 1.428000e+02
4.540000e+02 1.356000e+02
4.585000e+02 1.296000e+02
4.640000e+02 1.236000e+02
4.715000e+02 1.146000e+02
4.755000e+02 1.104000e+02
4.820000e+02 1.032000e+02
4.850000e+02 9.960000e+01
4.875000e+02 9.660000e+01
4.900000e+02 9.420000e+01
4.920000e+02 9.240000e+01
4.935000e+02 9.060000e+01
4.960000e+02 8.760000e+01
4.975000e+02 8.580000e+01
4.985000e+02 8.400000e+01
4.990000e+02 8.340000e+01
4.995000e+02 8.220000e+01
5.000000e+02 8.100000e+01
5.005000e+02 8.040000e+01
5.010000e+02 7.980000e+01
5.015000e+02 7.920000e+01
5.015000e+02 7.860000e+01
5.020000e+02 7.860000e+01
5.025000e+02 7.800000e+01
5.025000e+02 7.800000e+01
5.025000e+02 7.740000e+01
5.025000e+02 7.740000e+01
5.025000e+02 7.740000e+01
5.025000e+02 7.740000e+01
