2.890000e+02 1.278000e+02
2.890000e+02 1.278000e+02
2.885000e+02 1.272000e+02
2.875000e+02 1.254000e+02
2.860000e+02 1.236000e+02
2.845000e+02 1.194000e+02
2.830000e+02 1.140000e+02
2.815000e+02 1.068000e+02
2.810000e+02 1.008000e+02
2.810000e+02 9.480000e+01
2.810000e+02 8.880000e+01
2.820000e+02 8.280000e+01
2.840000e+02 7.560000e+01
2.865000e+02 6.900000e+01
2.900000e+02 6.120000e+01
2.950000e+02 5.340000e+01
2.995000e+02 4.740000e+01
3.060000e+02 4.140000e+01
3.140000e+02 3.600000e+01
3.220000e+02 3.360000e+01
3.280000e+02 3.300000e+01
3.345000e+02 3.300000e+01
3.410000e+02 3.360000e+01
3.465000e+02 3.540000e+01
3.550000e+02 4.020000e+01
3.575000e+02 4.200000e+01
3.650000e+02 4.740000e+01
3.695000e+02 5.280000e+01
3.730000e+02 5.760000e+01
3.760000e+02 6.360000e+01
3.785000e+02 7.020000e+01
3.810000e+02 7.560000e+01
3.825000e+02 8.280000e+01
3.835000e+02 8.880000e+01
3.840000e+02 9.600000e+01
3.835000e+02 1.026000e+02
3.825000e+02 1.122000e+02
3.820000e+02 1.152000e+02
3.810000e+02 1.206000e+02
3.795000e+02 1.266000e+02
3.780000e+02 1.326000e+02
3.765000e+02 1.374000e+02
3.745000e+02 1.428000e+02
3.720000e+02 1.482000e+02
3.700000e+02 1.524000e+02
3.670000e+02 1.578000e+02
3.650000e+02 1.620000e+02
3.620000e+02 1.656000e+02
3.580000e+02 1.710000e+02
3.550000e+02 1.740000e+02
3.535000e+02 1.758000e+02
3.505000e+02 1.788000e+02
3.475000e+02 1.812000e+02
3.445000e+02 1.830000e+02
3.420000e+02 1.854000e+02
3.390000e+02 1.872000e+02
3.360000e+02 1.896000e+02
3.320000e+02 1.932000e+02
3.285000e+02 1.962000e+02
3.270000e+02 1.980000e+02
3.250000e+02 2.004000e+02
3.230000e+02 2.040000e+02
3.210000e+02 2.076000e+02
3.195000e+02 2.112000e+02
3.180000e+02 2.154000e+02
3.165000e+02 2.202000e+02
3.160000e+02 2.244000e+02
3.150000e+02 2.280000e+02
3.145000e+02 2.298000e+02
3.140000e+02 2.352000e+02
3.135000e+02 2.388000e+02
3.135000e+02 2.412000e+02
3.130000e+02 2.454000e+02
3.125000e+02 2.502000e+02
3.120000e+02 2.544000e+02
3.115000e+02 2.592000e+02
3.115000e+02 2.646000e+02
3.110000e+02 2.688000e+02
3.110000e+02 2.760000e+02
3.105000e+02 2.820000e+02
3.100000e+02 2.868000e+02
3.100000e+02 2.892000e+02
3.095000e+02 2.988000e+02
3.090000e+02 3.036000e+02
3.085000e+02 3.096000e+02
3.080000e+02 3.144000e+02
3.075000e+02 3.186000e+02
3.070000e+02 3.228000e+02
3.065000e+02 3.294000e+02
3.065000e+02 3.324000e+02
3.065000e+02 3.360000e+02
3.060000e+02 3.384000e+02
3.060000e+02 3.414000e+02
3.060000e+02 3.432000e+02
3.060000e+02 3.450000e+02
3.060000e+02 3.468000e+02
3.065000e+02 3.480000e+02
3.065000e+02 3.492000e+02
3.065000e+02 3.492000e+02
3.065000e+02 3.498000e+02
3.065000e+02 3.504000e+02
3.065000e+02 3.504000e+02
3.065000e+02 3.510000e+02
3.065000e+02 3.510000e+02
3.065000e+02 3.510000e+02
3.065000e+02 3.510000e+02
3.065000e+02 3.516000e+02
3.070000e+02 3.516000e+02
3.070000e+02 3.516000e+02
3.070000e+02 3.516000e+02
3.070000e+02 3.516000e+02
3.070000e+02 3.522000e+02
3.070000e+02 3.522000e+02
3.070000e+02 3.522000e+02
3.070000e+02 3.522000e+02
3.070000e+02 3.528000e+02
3.075000e+02 3.528000e+02
3.075000e+02 3.528000e+02
3.075000e+02 3.528000e+02
3.075000e+02 3.528000e+02
3.075000e+02 3.528000e+02
3.075000e+02 3.528000e+02
3.080000e+02 3.534000e+02
3.080000e+02 3.534000e+02
3.080000e+02 3.534000e+02
3.080000e+02 3.534000e+02
3.080000e+02 3.534000e+02
3.080000e+02 3.534000e+02
3.085000e+02 3.534000e+02
3.085000e+02 3.534000e+02
3.085000e+02 3.534000e+02
3.085000e+02 3.534000e+02
3.085000e+02 3.534000e+02
3.085000e+02 3.540000e+02
3.085000e+02 3.540000e+02
3.085000e+02 3.540000e+02
3.085000e+02 3.540000e+02
3.085000e+02 3.540000e+02
3.085000e+02 3.540000e+02
3.085000e+02 3.540000e+02
3.085000e+02 3.540000e+02
3.085000e+02 3.540000e+02
3.085000e+02 3.540000e+02
3.085000e+02 3.540000e+02
3.085000e+02 3.540000e+02
3.085000e+02 3.540000e+02
3.085000e+02 3.540000e+02
3.085000e+02 3.540000e+02
3.085000e+02 3.540000e+02
3.085000e+02 3.540000e+02
3.090000e+02 3.540000e+02
3.090000e+02 3.540000e+02
3.090000e+02 3.540000e+02
