2.250000e+02 1.122000e+02
2.250000e+02 1.122000e+02
2.250000e+02 1.116000e+02
2.245000e+02 1.116000e+02
2.245000e+02 1.110000e+02
2.245000e+02 1.110000e+02
2.245000e+02 1.110000e+02
2.245000e+02 1.116000e+02
2.245000e+02 1.128000e+02
2.250000e+02 1.152000e+02
2.250000e+02 1.200000e+02
2.255000e+02 1.272000e+02
2.255000e+02 1.332000e+02
2.250000e+02 1.416000e+02
2.240000e+02 1.524000e+02
2.230000e+02 1.650000e+02
2.215000e+02 1.764000e+02
2.205000e+02 1.842000e+02
2.190000e+02 1.914000e+02
2.175000e+02 1.998000e+02
2.160000e+02 2.076000e+02
2.145000e+02 2.154000e+02
2.135000e+02 2.226000e+02
2.120000e+02 2.304000e+02
2.105000e+02 2.382000e+02
2.090000e+02 2.466000e+02
2.080000e+02 2.538000e+02
2.070000e+02 2.610000e+02
2.060000e+02 2.676000e+02
2.050000e+02 2.736000e+02
2.040000e+02 2.790000e+02
2.035000e+02 2.838000e+02
2.030000e+02 2.874000e+02
2.025000e+02 2.910000e+02
2.015000e+02 2.946000e+02
2.015000e+02 2.976000e+02
2.010000e+02 2.994000e+02
2.005000e+02 3.018000e+02
2.005000e+02 3.024000e+02
2.000000e+02 3.030000e+02
2.000000e+02 3.036000e+02
2.000000e+02 3.042000e+02
1.995000e+02 3.042000e+02
1.995000e+02 3.048000e+02
1.995000e+02 3.048000e+02
2.000000e+02 3.048000e+02
2.000000e+02 3.048000e+02
2.000000e+02 3.048000e+02
