2.355000e+02 2.346000e+02
2.355000e+02 2.346000e+02
2.355000e+02 2.340000e+02
2.355000e+02 2.340000e+02
2.355000e+02 2.340000e+02
2.355000e+02 2.340000e+02
2.355000e+02 2.340000e+02
2.355000e+02 2.340000e+02
2.360000e+02 2.346000e+02
2.360000e+02 2.358000e+02
2.370000e+02 2.376000e+02
2.380000e+02 2.400000e+02
2.400000e+02 2.454000e+02
2.420000e+02 2.496000e+02
2.440000e+02 2.544000e+02
2.460000e+02 2.592000e+02
2.480000e+02 2.646000e+02
2.500000e+02 2.700000e+02
2.520000e+02 2.760000e+02
2.540000e+02 2.820000e+02
2.565000e+02 2.874000e+02
2.600000e+02 2.970000e+02
2.620000e+02 3.024000e+02
2.640000e+02 3.090000e+02
2.660000e+02 3.144000e+02
2.680000e+02 3.204000e+02
2.700000e+02 3.258000e+02
2.715000e+02 3.306000e+02
2.735000e+02 3.348000e+02
2.745000e+02 3.390000e+02
2.760000e+02 3.438000e+02
2.770000e+02 3.468000e+02
2.780000e+02 3.498000e+02
2.790000e+02 3.528000e+02
2.800000e+02 3.546000e+02
2.805000e+02 3.558000e+02
2.810000e+02 3.570000e+02
2.810000e+02 3.576000e+02
2.815000e+02 3.582000e+02
2.815000e+02 3.588000e+02
2.815000e+02 3.588000e+02
2.820000e+02 3.594000e+02
2.820000e+02 3.594000e+02
2.825000e+02 3.594000e+02
2.825000e+02 3.594000e+02
2.830000e+02 3.594000e+02
2.830000e+02 3.594000e+02
2.840000e+02 3.588000e+02
2.845000e+02 3.588000e+02
2.865000e+02 3.582000e+02
2.885000e+02 3.576000e+02
2.920000e+02 3.564000e+02
2.960000e+02 3.546000e+02
3.000000e+02 3.528000e+02
3.045000e+02 3.498000e+02
3.090000e+02 3.474000e+02
3.135000e+02 3.444000e+02
3.190000e+02 3.408000e+02
3.265000e+02 3.360000e+02
3.365000e+02 3.294000e+02
3.425000e+02 3.252000e+02
3.480000e+02 3.222000e+02
3.545000e+02 3.180000e+02
3.600000e+02 3.144000e+02
3.665000e+02 3.108000e+02
3.725000e+02 3.072000e+02
3.795000e+02 3.036000e+02
3.890000e+02 2.982000e+02
3.980000e+02 2.934000e+02
4.080000e+02 2.892000e+02
4.145000e+02 2.862000e+02
4.210000e+02 2.832000e+02
4.280000e+02 2.802000e+02
4.340000e+02 2.772000e+02
4.415000e+02 2.742000e+02
4.475000e+02 2.712000e+02
4.540000e+02 2.688000e+02
4.600000e+02 2.658000e+02
4.665000e+02 2.634000e+02
4.730000e+02 2.604000e+02
4.795000e+02 2.580000e+02
4.855000e+02 2.556000e+02
4.915000e+02 2.532000e+02
4.970000e+02 2.508000e+02
5.035000e+02 2.484000e+02
5.085000e+02 2.466000e+02
5.170000e+02 2.430000e+02
5.215000e+02 2.412000e+02
5.270000e+02 2.394000e+02
5.315000e+02 2.376000e+02
5.350000e+02 2.364000e+02
5.380000e+02 2.352000e+02
5.410000e+02 2.340000e+02
5.430000e+02 2.334000e+02
5.445000e+02 2.328000e+02
5.460000e+02 2.328000e+02
5.470000e+02 2.322000e+02
5.480000e+02 2.322000e+02
5.485000e+02 2.316000e+02
5.490000e+02 2.316000e+02
5.495000e+02 2.310000e+02
5.495000e+02 2.310000e+02
5.500000e+02 2.310000e+02
5.500000e+02 2.310000e+02
5.505000e+02 2.310000e+02
5.505000e+02 2.310000e+02
5.505000e+02 2.310000e+02
5.505000e+02 2.310000e+02
5.505000e+02 2.310000e+02
5.505000e+02 2.310000e+02
5.510000e+02 2.304000e+02
5.510000e+02 2.304000e+02
5.510000e+02 2.304000e+02
5.510000e+02 2.304000e+02
5.510000e+02 2.304000e+02
5.505000e+02 2.310000e+02
5.505000e+02 2.310000e+02
5.505000e+02 2.310000e+02
