2.890000e+02 4.146000e+02
2.890000e+02 4.146000e+02
2.885000e+02 4.152000e+02
2.885000e+02 4.152000e+02
2.885000e+02 4.152000e+02
2.880000e+02 4.146000e+02
2.870000e+02 4.134000e+02
2.830000e+02 4.062000e+02
2.800000e+02 3.990000e+02
2.770000e+02 3.912000e+02
2.735000e+02 3.828000e+02
2.695000e+02 3.744000e+02
2.660000e+02 3.648000e+02
2.625000e+02 3.558000e+02
2.590000e+02 3.468000e+02
2.560000e+02 3.390000e+02
2.535000e+02 3.312000e+02
2.510000e+02 3.228000e+02
2.475000e+02 3.132000e+02
2.440000e+02 3.030000e+02
2.410000e+02 2.940000e+02
2.380000e+02 2.850000e+02
2.340000e+02 2.754000e+02
2.305000e+02 2.664000e+02
2.275000e+02 2.574000e+02
2.230000e+02 2.448000e+02
2.200000e+02 2.370000e+02
2.170000e+02 2.280000e+02
2.140000e+02 2.184000e+02
2.105000e+02 2.082000e+02
2.075000e+02 1.992000e+02
2.050000e+02 1.908000e+02
2.030000e+02 1.818000e+02
2.010000e+02 1.734000e+02
1.995000e+02 1.656000e+02
1.965000e+02 1.530000e+02
1.945000e+02 1.440000e+02
1.930000e+02 1.338000e+02
1.920000e+02 1.254000e+02
1.910000e+02 1.176000e+02
1.900000e+02 1.104000e+02
1.890000e+02 1.038000e+02
1.880000e+02 9.900000e+01
1.870000e+02 9.480000e+01
1.865000e+02 9.180000e+01
1.860000e+02 8.880000e+01
1.855000e+02 8.700000e+01
1.855000e+02 8.460000e+01
1.850000e+02 8.340000e+01
1.850000e+02 8.280000e+01
1.855000e+02 8.160000e+01
1.860000e+02 8.040000e+01
1.865000e+02 7.920000e+01
1.865000e+02 7.920000e+01
