1.385000e+02 2.658000e+02
1.385000e+02 2.658000e+02
1.395000e+02 2.658000e+02
1.425000e+02 2.664000e+02
1.455000e+02 2.670000e+02
1.490000e+02 2.670000e+02
1.535000e+02 2.670000e+02
1.580000e+02 2.670000e+02
1.625000e+02 2.664000e+02
1.685000e+02 2.664000e+02
1.710000e+02 2.664000e+02
1.830000e+02 2.664000e+02
1.900000e+02 2.664000e+02
1.970000e+02 2.664000e+02
2.045000e+02 2.658000e+02
2.115000e+02 2.658000e+02
2.195000e+02 2.664000e+02
2.265000e+02 2.664000e+02
2.350000e+02 2.670000e+02
2.430000e+02 2.676000e+02
2.505000e+02 2.682000e+02
2.590000e+02 2.688000e+02
2.715000e+02 2.706000e+02
2.800000e+02 2.712000e+02
2.915000e+02 2.718000e+02
2.985000e+02 2.724000e+02
3.055000e+02 2.724000e+02
3.120000e+02 2.724000e+02
3.190000e+02 2.724000e+02
3.245000e+02 2.724000e+02
3.335000e+02 2.724000e+02
3.425000e+02 2.718000e+02
3.510000e+02 2.718000e+02
3.540000e+02 2.712000e+02
3.570000e+02 2.712000e+02
3.625000e+02 2.712000e+02
3.685000e+02 2.712000e+02
3.770000e+02 2.700000e+02
3.795000e+02 2.694000e+02
3.850000e+02 2.682000e+02
3.880000e+02 2.676000e+02
3.935000e+02 2.664000e+02
3.985000e+02 2.640000e+02
4.045000e+02 2.622000e+02
4.095000e+02 2.604000e+02
4.155000e+02 2.580000e+02
4.205000e+02 2.562000e+02
4.260000e+02 2.538000e+02
4.310000e+02 2.520000e+02
4.360000e+02 2.514000e+02
4.385000e+02 2.508000e+02
4.435000e+02 2.502000e+02
4.510000e+02 2.502000e+02
4.535000e+02 2.508000e+02
4.600000e+02 2.520000e+02
4.620000e+02 2.526000e+02
4.670000e+02 2.538000e+02
4.710000e+02 2.550000e+02
4.770000e+02 2.574000e+02
4.810000e+02 2.586000e+02
4.825000e+02 2.592000e+02
4.855000e+02 2.604000e+02
4.905000e+02 2.622000e+02
4.935000e+02 2.628000e+02
4.965000e+02 2.640000e+02
4.980000e+02 2.646000e+02
4.995000e+02 2.646000e+02
5.005000e+02 2.652000e+02
5.025000e+02 2.652000e+02
5.030000e+02 2.652000e+02
5.040000e+02 2.652000e+02
5.040000e+02 2.652000e+02
