2.725000e+02 1.092000e+02
2.725000e+02 1.092000e+02
2.725000e+02 1.086000e+02
2.725000e+02 1.086000e+02
2.725000e+02 1.086000e+02
2.725000e+02 1.080000e+02
2.725000e+02 1.074000e+02
2.730000e+02 1.044000e+02
2.745000e+02 9.780000e+01
2.765000e+02 9.180000e+01
2.780000e+02 8.640000e+01
2.785000e+02 8.340000e+01
2.805000e+02 7.860000e+01
2.830000e+02 7.320000e+01
2.855000e+02 6.900000e+01
2.890000e+02 6.300000e+01
2.940000e+02 5.700000e+01
3.015000e+02 4.800000e+01
3.050000e+02 4.500000e+01
3.105000e+02 4.080000e+01
3.165000e+02 3.660000e+01
3.215000e+02 3.420000e+01
3.265000e+02 3.240000e+01
3.320000e+02 3.120000e+01
3.370000e+02 3.120000e+01
3.425000e+02 3.180000e+01
3.470000e+02 3.300000e+01
3.520000e+02 3.480000e+01
3.570000e+02 3.780000e+01
3.610000e+02 4.080000e+01
3.650000e+02 4.500000e+01
3.690000e+02 4.920000e+01
3.720000e+02 5.340000e+01
3.740000e+02 5.820000e+01
3.760000e+02 6.240000e+01
3.765000e+02 6.540000e+01
3.775000e+02 7.080000e+01
3.780000e+02 7.320000e+01
3.785000e+02 7.920000e+01
3.790000e+02 8.460000e+01
3.790000e+02 9.000000e+01
3.785000e+02 9.600000e+01
3.780000e+02 1.014000e+02
3.770000e+02 1.086000e+02
3.770000e+02 1.110000e+02
3.765000e+02 1.134000e+02
3.760000e+02 1.176000e+02
3.750000e+02 1.224000e+02
3.740000e+02 1.272000e+02
3.730000e+02 1.314000e+02
3.715000e+02 1.368000e+02
3.700000e+02 1.422000e+02
3.685000e+02 1.464000e+02
3.670000e+02 1.500000e+02
3.660000e+02 1.536000e+02
3.645000e+02 1.572000e+02
3.630000e+02 1.608000e+02
3.615000e+02 1.638000e+02
3.605000e+02 1.668000e+02
3.575000e+02 1.704000e+02
3.560000e+02 1.728000e+02
3.540000e+02 1.752000e+02
3.515000e+02 1.788000e+02
3.490000e+02 1.806000e+02
3.470000e+02 1.830000e+02
3.445000e+02 1.848000e+02
3.420000e+02 1.872000e+02
3.400000e+02 1.896000e+02
3.380000e+02 1.920000e+02
3.360000e+02 1.938000e+02
3.345000e+02 1.956000e+02
3.320000e+02 1.980000e+02
3.315000e+02 1.986000e+02
3.305000e+02 2.004000e+02
3.295000e+02 2.022000e+02
3.290000e+02 2.034000e+02
3.280000e+02 2.046000e+02
3.275000e+02 2.064000e+02
3.270000e+02 2.082000e+02
3.265000e+02 2.106000e+02
3.265000e+02 2.118000e+02
3.260000e+02 2.142000e+02
3.260000e+02 2.166000e+02
3.260000e+02 2.202000e+02
3.260000e+02 2.232000e+02
3.260000e+02 2.268000e+02
3.260000e+02 2.310000e+02
3.255000e+02 2.358000e+02
3.255000e+02 2.400000e+02
3.255000e+02 2.442000e+02
3.250000e+02 2.496000e+02
3.250000e+02 2.538000e+02
3.245000e+02 2.586000e+02
3.245000e+02 2.634000e+02
3.240000e+02 2.682000e+02
3.240000e+02 2.730000e+02
3.235000e+02 2.808000e+02
3.235000e+02 2.832000e+02
3.235000e+02 2.874000e+02
3.230000e+02 2.922000e+02
3.230000e+02 2.976000e+02
3.230000e+02 3.018000e+02
3.230000e+02 3.066000e+02
3.225000e+02 3.114000e+02
3.225000e+02 3.156000e+02
3.225000e+02 3.216000e+02
3.225000e+02 3.258000e+02
3.225000e+02 3.300000e+02
3.225000e+02 3.330000e+02
3.225000e+02 3.360000e+02
3.225000e+02 3.402000e+02
3.225000e+02 3.438000e+02
3.220000e+02 3.468000e+02
3.220000e+02 3.498000e+02
3.220000e+02 3.522000e+02
3.220000e+02 3.546000e+02
3.220000e+02 3.570000e+02
3.220000e+02 3.588000e+02
3.220000e+02 3.606000e+02
3.220000e+02 3.618000e+02
3.220000e+02 3.630000e+02
3.220000e+02 3.642000e+02
3.215000e+02 3.648000e+02
3.215000e+02 3.666000e+02
3.215000e+02 3.666000e+02
3.215000e+02 3.678000e+02
3.215000e+02 3.684000e+02
3.215000e+02 3.684000e+02
3.215000e+02 3.690000e+02
3.215000e+02 3.696000e+02
3.215000e+02 3.696000e+02
3.210000e+02 3.702000e+02
3.210000e+02 3.702000e+02
3.210000e+02 3.702000e+02
3.210000e+02 3.702000e+02
3.210000e+02 3.702000e+02
3.210000e+02 3.708000e+02
3.210000e+02 3.708000e+02
3.210000e+02 3.708000e+02
3.210000e+02 3.708000e+02
3.210000e+02 3.708000e+02
3.210000e+02 3.708000e+02
3.210000e+02 3.708000e+02
3.210000e+02 3.708000e+02
3.210000e+02 3.702000e+02
3.210000e+02 3.702000e+02
3.210000e+02 3.702000e+02
3.210000e+02 3.708000e+02
3.210000e+02 3.708000e+02
3.210000e+02 3.708000e+02
3.210000e+02 3.708000e+02
3.210000e+02 3.708000e+02
3.210000e+02 3.708000e+02
3.210000e+02 3.714000e+02
3.210000e+02 3.714000e+02
3.210000e+02 3.714000e+02
3.210000e+02 3.720000e+02
3.210000e+02 3.720000e+02
3.210000e+02 3.720000e+02
3.210000e+02 3.720000e+02
3.215000e+02 3.720000e+02
3.220000e+02 3.714000e+02
3.220000e+02 3.714000e+02
3.220000e+02 3.714000e+02
