2.240000e+02 1.560000e+02
2.240000e+02 1.560000e+02
2.240000e+02 1.566000e+02
2.240000e+02 1.566000e+02
2.240000e+02 1.560000e+02
2.250000e+02 1.560000e+02
2.275000e+02 1.554000e+02
2.320000e+02 1.548000e+02
2.385000e+02 1.542000e+02
2.490000e+02 1.530000e+02
2.625000e+02 1.512000e+02
2.765000e+02 1.482000e+02
2.870000e+02 1.464000e+02
2.965000e+02 1.446000e+02
3.065000e+02 1.428000e+02
3.170000e+02 1.416000e+02
3.270000e+02 1.404000e+02
3.375000e+02 1.398000e+02
3.515000e+02 1.392000e+02
3.635000e+02 1.398000e+02
3.710000e+02 1.398000e+02
3.830000e+02 1.404000e+02
3.900000e+02 1.416000e+02
3.935000e+02 1.422000e+02
4.030000e+02 1.434000e+02
4.060000e+02 1.440000e+02
4.150000e+02 1.476000e+02
4.195000e+02 1.500000e+02
4.240000e+02 1.518000e+02
4.280000e+02 1.542000e+02
4.320000e+02 1.566000e+02
4.350000e+02 1.596000e+02
4.375000e+02 1.626000e+02
4.395000e+02 1.662000e+02
4.415000e+02 1.698000e+02
4.430000e+02 1.752000e+02
4.440000e+02 1.794000e+02
4.450000e+02 1.848000e+02
4.455000e+02 1.914000e+02
4.460000e+02 1.974000e+02
4.450000e+02 2.082000e+02
4.440000e+02 2.184000e+02
4.420000e+02 2.280000e+02
4.410000e+02 2.346000e+02
4.400000e+02 2.412000e+02
4.390000e+02 2.478000e+02
4.385000e+02 2.538000e+02
4.385000e+02 2.586000e+02
4.380000e+02 2.634000e+02
4.375000e+02 2.688000e+02
4.375000e+02 2.718000e+02
4.370000e+02 2.760000e+02
4.365000e+02 2.790000e+02
4.360000e+02 2.814000e+02
4.355000e+02 2.832000e+02
4.340000e+02 2.862000e+02
4.310000e+02 2.898000e+02
4.285000e+02 2.928000e+02
4.245000e+02 2.958000e+02
4.205000e+02 2.988000e+02
4.160000e+02 3.018000e+02
4.100000e+02 3.042000e+02
4.030000e+02 3.072000e+02
3.935000e+02 3.102000e+02
3.840000e+02 3.132000e+02
3.740000e+02 3.162000e+02
3.645000e+02 3.186000e+02
3.540000e+02 3.210000e+02
3.425000e+02 3.234000e+02
3.320000e+02 3.246000e+02
3.180000e+02 3.270000e+02
3.085000e+02 3.294000e+02
2.990000e+02 3.312000e+02
2.895000e+02 3.336000e+02
2.815000e+02 3.348000e+02
2.730000e+02 3.366000e+02
2.650000e+02 3.378000e+02
2.580000e+02 3.390000e+02
2.520000e+02 3.396000e+02
2.470000e+02 3.396000e+02
2.435000e+02 3.396000e+02
2.400000e+02 3.396000e+02
2.370000e+02 3.396000e+02
2.345000e+02 3.396000e+02
2.325000e+02 3.390000e+02
2.305000e+02 3.378000e+02
2.295000e+02 3.372000e+02
2.280000e+02 3.354000e+02
2.265000e+02 3.324000e+02
2.255000e+02 3.294000e+02
2.245000e+02 3.258000e+02
2.235000e+02 3.198000e+02
2.225000e+02 3.144000e+02
2.215000e+02 3.078000e+02
2.200000e+02 3.000000e+02
2.190000e+02 2.886000e+02
2.185000e+02 2.796000e+02
2.180000e+02 2.688000e+02
2.170000e+02 2.580000e+02
2.160000e+02 2.424000e+02
2.160000e+02 2.340000e+02
2.155000e+02 2.244000e+02
2.155000e+02 2.160000e+02
2.160000e+02 2.088000e+02
2.160000e+02 2.022000e+02
2.160000e+02 1.962000e+02
2.165000e+02 1.914000e+02
2.170000e+02 1.830000e+02
2.170000e+02 1.794000e+02
2.170000e+02 1.770000e+02
2.170000e+02 1.752000e+02
2.170000e+02 1.734000e+02
2.170000e+02 1.722000e+02
2.170000e+02 1.716000e+02
2.170000e+02 1.704000e+02
2.170000e+02 1.698000e+02
2.170000e+02 1.698000e+02
2.170000e+02 1.692000e+02
2.170000e+02 1.692000e+02
