5.700000e+02 2.226000e+02
5.700000e+02 2.226000e+02
5.675000e+02 2.214000e+02
5.630000e+02 2.190000e+02
5.560000e+02 2.166000e+02
5.425000e+02 2.130000e+02
5.300000e+02 2.112000e+02
5.155000e+02 2.094000e+02
4.995000e+02 2.082000e+02
4.820000e+02 2.070000e+02
4.640000e+02 2.064000e+02
4.465000e+02 2.052000e+02
4.285000e+02 2.046000e+02
4.105000e+02 2.040000e+02
3.900000e+02 2.028000e+02
3.695000e+02 2.022000e+02
3.485000e+02 2.022000e+02
3.260000e+02 2.028000e+02
2.915000e+02 2.040000e+02
2.595000e+02 2.058000e+02
2.290000e+02 2.094000e+02
2.100000e+02 2.118000e+02
1.905000e+02 2.148000e+02
1.740000e+02 2.172000e+02
1.585000e+02 2.196000e+02
1.415000e+02 2.244000e+02
1.240000e+02 2.298000e+02
1.075000e+02 2.364000e+02
1.075000e+02 2.364000e+02
