1.450000e+02 3.342000e+02
1.450000e+02 3.342000e+02
1.450000e+02 3.342000e+02
1.450000e+02 3.336000e+02
1.450000e+02 3.330000e+02
1.445000e+02 3.324000e+02
1.445000e+02 3.312000e+02
1.445000e+02 3.306000e+02
1.445000e+02 3.294000e+02
1.440000e+02 3.270000e+02
1.440000e+02 3.246000e+02
1.445000e+02 3.222000e+02
1.450000e+02 3.186000e+02
1.465000e+02 3.144000e+02
1.475000e+02 3.102000e+02
1.490000e+02 3.042000e+02
1.510000e+02 2.988000e+02
1.535000e+02 2.922000e+02
1.570000e+02 2.850000e+02
1.595000e+02 2.778000e+02
1.625000e+02 2.706000e+02
1.650000e+02 2.634000e+02
1.680000e+02 2.556000e+02
1.710000e+02 2.484000e+02
1.735000e+02 2.406000e+02
1.775000e+02 2.298000e+02
1.800000e+02 2.214000e+02
1.820000e+02 2.172000e+02
1.870000e+02 2.052000e+02
1.900000e+02 1.968000e+02
1.935000e+02 1.890000e+02
1.970000e+02 1.818000e+02
2.000000e+02 1.740000e+02
2.030000e+02 1.668000e+02
2.060000e+02 1.596000e+02
2.090000e+02 1.524000e+02
2.135000e+02 1.410000e+02
2.150000e+02 1.374000e+02
2.190000e+02 1.278000e+02
2.215000e+02 1.212000e+02
2.235000e+02 1.152000e+02
2.255000e+02 1.098000e+02
2.270000e+02 1.044000e+02
2.285000e+02 1.002000e+02
2.295000e+02 9.660000e+01
2.310000e+02 9.240000e+01
2.320000e+02 8.940000e+01
2.325000e+02 8.700000e+01
2.335000e+02 8.460000e+01
2.340000e+02 8.280000e+01
2.345000e+02 8.100000e+01
2.350000e+02 7.920000e+01
2.355000e+02 7.800000e+01
2.355000e+02 7.740000e+01
2.360000e+02 7.560000e+01
2.365000e+02 7.440000e+01
2.365000e+02 7.320000e+01
2.370000e+02 7.200000e+01
2.375000e+02 7.140000e+01
2.375000e+02 7.080000e+01
2.380000e+02 7.020000e+01
2.380000e+02 6.960000e+01
2.385000e+02 6.960000e+01
2.385000e+02 6.900000e+01
2.390000e+02 6.900000e+01
2.390000e+02 6.900000e+01
2.395000e+02 6.900000e+01
2.410000e+02 6.900000e+01
2.420000e+02 7.020000e+01
2.430000e+02 7.020000e+01
2.445000e+02 7.140000e+01
2.465000e+02 7.260000e+01
2.485000e+02 7.440000e+01
2.510000e+02 7.620000e+01
2.540000e+02 7.800000e+01
2.570000e+02 8.100000e+01
2.615000e+02 8.520000e+01
2.640000e+02 8.820000e+01
2.670000e+02 9.120000e+01
2.705000e+02 9.480000e+01
2.740000e+02 9.840000e+01
2.770000e+02 1.020000e+02
2.805000e+02 1.050000e+02
2.840000e+02 1.092000e+02
2.875000e+02 1.134000e+02
2.915000e+02 1.176000e+02
2.950000e+02 1.218000e+02
2.985000e+02 1.254000e+02
3.025000e+02 1.302000e+02
3.065000e+02 1.350000e+02
3.105000e+02 1.398000e+02
3.145000e+02 1.446000e+02
3.185000e+02 1.494000e+02
3.225000e+02 1.536000e+02
3.265000e+02 1.590000e+02
3.310000e+02 1.644000e+02
3.365000e+02 1.716000e+02
3.425000e+02 1.788000e+02
3.485000e+02 1.872000e+02
3.520000e+02 1.920000e+02
3.560000e+02 1.968000e+02
3.595000e+02 2.016000e+02
3.630000e+02 2.070000e+02
3.665000e+02 2.124000e+02
3.705000e+02 2.178000e+02
3.740000e+02 2.232000e+02
3.780000e+02 2.286000e+02
3.825000e+02 2.340000e+02
3.885000e+02 2.424000e+02
3.925000e+02 2.478000e+02
3.965000e+02 2.532000e+02
4.005000e+02 2.586000e+02
4.045000e+02 2.646000e+02
4.085000e+02 2.700000e+02
4.120000e+02 2.754000e+02
4.160000e+02 2.808000e+02
4.190000e+02 2.862000e+02
4.225000e+02 2.916000e+02
4.265000e+02 2.988000e+02
4.310000e+02 3.054000e+02
4.335000e+02 3.102000e+02
4.360000e+02 3.138000e+02
4.385000e+02 3.198000e+02
4.410000e+02 3.246000e+02
4.430000e+02 3.282000e+02
4.440000e+02 3.306000e+02
4.455000e+02 3.324000e+02
4.460000e+02 3.342000e+02
4.470000e+02 3.360000e+02
4.475000e+02 3.378000e+02
4.480000e+02 3.390000e+02
4.485000e+02 3.402000e+02
4.490000e+02 3.408000e+02
4.495000e+02 3.420000e+02
4.495000e+02 3.426000e+02
4.500000e+02 3.432000e+02
4.500000e+02 3.438000e+02
4.505000e+02 3.444000e+02
4.505000e+02 3.450000e+02
4.505000e+02 3.450000e+02
4.505000e+02 3.450000e+02
4.505000e+02 3.450000e+02
4.505000e+02 3.456000e+02
4.510000e+02 3.462000e+02
4.510000e+02 3.468000e+02
4.510000e+02 3.468000e+02
