3.040000e+02 5.640000e+01
3.040000e+02 5.640000e+01
3.040000e+02 5.700000e+01
3.040000e+02 5.760000e+01
3.035000e+02 5.820000e+01
3.035000e+02 5.940000e+01
3.030000e+02 6.240000e+01
3.015000e+02 6.900000e+01
3.015000e+02 7.140000e+01
3.010000e+02 7.860000e+01
3.005000e+02 8.340000e+01
3.000000e+02 8.820000e+01
3.000000e+02 9.420000e+01
3.000000e+02 1.002000e+02
2.995000e+02 1.062000e+02
2.990000e+02 1.134000e+02
2.985000e+02 1.206000e+02
2.980000e+02 1.284000e+02
2.975000e+02 1.368000e+02
2.965000e+02 1.452000e+02
2.960000e+02 1.524000e+02
2.950000e+02 1.596000e+02
2.940000e+02 1.668000e+02
2.935000e+02 1.752000e+02
2.930000e+02 1.818000e+02
2.925000e+02 1.884000e+02
2.915000e+02 1.980000e+02
2.915000e+02 2.016000e+02
2.910000e+02 2.118000e+02
2.905000e+02 2.154000e+02
2.900000e+02 2.250000e+02
2.895000e+02 2.322000e+02
2.885000e+02 2.382000e+02
2.885000e+02 2.448000e+02
2.880000e+02 2.514000e+02
2.875000e+02 2.574000e+02
2.870000e+02 2.646000e+02
2.865000e+02 2.712000e+02
2.860000e+02 2.784000e+02
2.855000e+02 2.850000e+02
2.855000e+02 2.916000e+02
2.850000e+02 2.982000e+02
2.845000e+02 3.048000e+02
2.845000e+02 3.120000e+02
2.840000e+02 3.210000e+02
2.840000e+02 3.276000e+02
2.840000e+02 3.336000e+02
2.840000e+02 3.402000e+02
2.840000e+02 3.456000e+02
2.840000e+02 3.510000e+02
2.835000e+02 3.570000e+02
2.835000e+02 3.618000e+02
2.835000e+02 3.672000e+02
2.835000e+02 3.720000e+02
2.830000e+02 3.768000e+02
2.830000e+02 3.810000e+02
2.830000e+02 3.852000e+02
2.830000e+02 3.894000e+02
2.830000e+02 3.924000e+02
2.825000e+02 3.960000e+02
2.825000e+02 3.990000e+02
2.825000e+02 4.026000e+02
2.825000e+02 4.056000e+02
2.825000e+02 4.086000e+02
2.825000e+02 4.104000e+02
2.825000e+02 4.116000e+02
2.825000e+02 4.128000e+02
2.820000e+02 4.134000e+02
2.820000e+02 4.134000e+02
2.820000e+02 4.140000e+02
2.820000e+02 4.140000e+02
2.820000e+02 4.140000e+02
