5.780000e+02 2.082000e+02
5.780000e+02 2.082000e+02
5.775000e+02 2.082000e+02
5.770000e+02 2.082000e+02
5.765000e+02 2.082000e+02
5.760000e+02 2.082000e+02
5.745000e+02 2.076000e+02
5.730000e+02 2.076000e+02
5.710000e+02 2.082000e+02
5.685000e+02 2.082000e+02
5.660000e+02 2.082000e+02
5.620000e+02 2.094000e+02
5.565000e+02 2.100000e+02
5.525000e+02 2.112000e+02
5.485000e+02 2.118000e+02
5.445000e+02 2.118000e+02
5.410000e+02 2.124000e+02
5.365000e+02 2.124000e+02
5.325000e+02 2.130000e+02
5.275000e+02 2.130000e+02
5.225000e+02 2.130000e+02
5.180000e+02 2.130000e+02
5.130000e+02 2.124000e+02
5.085000e+02 2.124000e+02
5.030000e+02 2.124000e+02
4.940000e+02 2.124000e+02
4.880000e+02 2.118000e+02
4.820000e+02 2.118000e+02
4.745000e+02 2.118000e+02
4.680000e+02 2.112000e+02
4.610000e+02 2.112000e+02
4.550000e+02 2.112000e+02
4.485000e+02 2.106000e+02
4.420000e+02 2.100000e+02
4.350000e+02 2.094000e+02
4.285000e+02 2.088000e+02
4.210000e+02 2.088000e+02
4.140000e+02 2.076000e+02
4.030000e+02 2.070000e+02
3.960000e+02 2.064000e+02
3.885000e+02 2.052000e+02
3.820000e+02 2.052000e+02
3.745000e+02 2.046000e+02
3.675000e+02 2.040000e+02
3.600000e+02 2.034000e+02
3.530000e+02 2.028000e+02
3.460000e+02 2.022000e+02
3.385000e+02 2.016000e+02
3.310000e+02 2.010000e+02
3.235000e+02 2.004000e+02
3.175000e+02 1.998000e+02
3.100000e+02 1.998000e+02
3.035000e+02 1.992000e+02
2.960000e+02 1.986000e+02
2.885000e+02 1.986000e+02
2.825000e+02 1.980000e+02
2.725000e+02 1.980000e+02
2.650000e+02 1.980000e+02
2.585000e+02 1.980000e+02
2.520000e+02 1.986000e+02
2.460000e+02 1.986000e+02
2.390000e+02 1.992000e+02
2.325000e+02 1.998000e+02
2.260000e+02 1.998000e+02
2.200000e+02 2.004000e+02
2.105000e+02 2.010000e+02
2.045000e+02 2.016000e+02
1.975000e+02 2.028000e+02
1.915000e+02 2.034000e+02
1.800000e+02 2.046000e+02
1.740000e+02 2.058000e+02
1.685000e+02 2.064000e+02
1.630000e+02 2.070000e+02
1.580000e+02 2.076000e+02
1.525000e+02 2.076000e+02
1.475000e+02 2.082000e+02
1.425000e+02 2.088000e+02
1.375000e+02 2.088000e+02
1.335000e+02 2.082000e+02
1.295000e+02 2.082000e+02
1.250000e+02 2.076000e+02
1.210000e+02 2.070000e+02
1.175000e+02 2.070000e+02
1.115000e+02 2.058000e+02
1.085000e+02 2.058000e+02
1.050000e+02 2.052000e+02
1.020000e+02 2.046000e+02
9.850000e+01 2.034000e+02
9.600000e+01 2.028000e+02
9.350000e+01 2.028000e+02
9.100000e+01 2.016000e+02
8.800000e+01 2.010000e+02
8.500000e+01 2.004000e+02
8.250000e+01 1.998000e+02
8.000000e+01 1.992000e+02
7.700000e+01 1.986000e+02
7.400000e+01 1.980000e+02
7.050000e+01 1.974000e+02
6.750000e+01 1.974000e+02
6.400000e+01 1.974000e+02
6.100000e+01 1.974000e+02
5.850000e+01 1.974000e+02
5.650000e+01 1.968000e+02
5.500000e+01 1.968000e+02
5.400000e+01 1.968000e+02
5.300000e+01 1.968000e+02
5.200000e+01 1.974000e+02
4.900000e+01 1.980000e+02
4.600000e+01 2.004000e+02
4.600000e+01 2.004000e+02
