2.920000e+02 3.990000e+02
2.920000e+02 3.990000e+02
2.920000e+02 3.990000e+02
2.920000e+02 3.990000e+02
2.915000e+02 3.990000e+02
2.915000e+02 3.978000e+02
2.910000e+02 3.936000e+02
2.910000e+02 3.870000e+02
2.910000e+02 3.780000e+02
2.910000e+02 3.684000e+02
2.910000e+02 3.576000e+02
2.910000e+02 3.462000e+02
2.910000e+02 3.342000e+02
2.910000e+02 3.156000e+02
2.910000e+02 3.096000e+02
2.910000e+02 2.964000e+02
2.910000e+02 2.838000e+02
2.910000e+02 2.718000e+02
2.905000e+02 2.604000e+02
2.905000e+02 2.490000e+02
2.910000e+02 2.298000e+02
2.915000e+02 2.178000e+02
2.925000e+02 2.058000e+02
2.935000e+02 1.932000e+02
2.945000e+02 1.794000e+02
2.960000e+02 1.668000e+02
2.975000e+02 1.560000e+02
2.985000e+02 1.464000e+02
2.995000e+02 1.356000e+02
3.005000e+02 1.260000e+02
3.010000e+02 1.164000e+02
3.020000e+02 1.074000e+02
3.025000e+02 9.960000e+01
3.035000e+02 9.180000e+01
3.035000e+02 8.460000e+01
3.040000e+02 7.800000e+01
3.045000e+02 7.200000e+01
3.050000e+02 6.660000e+01
3.055000e+02 6.120000e+01
3.060000e+02 5.400000e+01
3.065000e+02 5.220000e+01
3.070000e+02 4.800000e+01
3.075000e+02 4.260000e+01
3.075000e+02 4.260000e+01
