1.125000e+02 1.404000e+02
1.125000e+02 1.404000e+02
1.125000e+02 1.404000e+02
1.125000e+02 1.404000e+02
1.125000e+02 1.404000e+02
1.125000e+02 1.404000e+02
1.125000e+02 1.410000e+02
1.130000e+02 1.416000e+02
1.140000e+02 1.440000e+02
1.155000e+02 1.482000e+02
1.185000e+02 1.554000e+02
1.200000e+02 1.584000e+02
1.220000e+02 1.644000e+02
1.245000e+02 1.704000e+02
1.265000e+02 1.776000e+02
1.305000e+02 1.890000e+02
1.330000e+02 1.974000e+02
1.360000e+02 2.070000e+02
1.385000e+02 2.160000e+02
1.410000e+02 2.262000e+02
1.445000e+02 2.364000e+02
1.475000e+02 2.460000e+02
1.505000e+02 2.556000e+02
1.535000e+02 2.658000e+02
1.565000e+02 2.760000e+02
1.595000e+02 2.856000e+02
1.625000e+02 2.946000e+02
1.645000e+02 3.024000e+02
1.680000e+02 3.150000e+02
1.695000e+02 3.186000e+02
1.725000e+02 3.294000e+02
1.745000e+02 3.354000e+02
1.760000e+02 3.408000e+02
1.770000e+02 3.456000e+02
1.785000e+02 3.492000e+02
1.795000e+02 3.528000e+02
1.800000e+02 3.558000e+02
1.810000e+02 3.588000e+02
1.815000e+02 3.606000e+02
1.825000e+02 3.618000e+02
1.830000e+02 3.636000e+02
1.835000e+02 3.636000e+02
1.840000e+02 3.642000e+02
1.845000e+02 3.642000e+02
1.850000e+02 3.642000e+02
1.855000e+02 3.636000e+02
1.865000e+02 3.624000e+02
1.880000e+02 3.612000e+02
1.895000e+02 3.594000e+02
1.940000e+02 3.558000e+02
1.975000e+02 3.528000e+02
2.045000e+02 3.468000e+02
2.130000e+02 3.402000e+02
2.205000e+02 3.354000e+02
2.280000e+02 3.300000e+02
2.360000e+02 3.252000e+02
2.470000e+02 3.180000e+02
2.570000e+02 3.120000e+02
2.665000e+02 3.066000e+02
2.760000e+02 3.006000e+02
2.845000e+02 2.952000e+02
2.945000e+02 2.898000e+02
3.045000e+02 2.838000e+02
3.130000e+02 2.784000e+02
3.220000e+02 2.730000e+02
3.310000e+02 2.670000e+02
3.400000e+02 2.616000e+02
3.490000e+02 2.556000e+02
3.580000e+02 2.502000e+02
3.675000e+02 2.448000e+02
3.825000e+02 2.364000e+02
3.935000e+02 2.310000e+02
4.035000e+02 2.262000e+02
4.130000e+02 2.220000e+02
4.220000e+02 2.178000e+02
4.310000e+02 2.148000e+02
4.420000e+02 2.106000e+02
4.515000e+02 2.076000e+02
4.615000e+02 2.040000e+02
4.725000e+02 2.010000e+02
4.820000e+02 1.986000e+02
4.925000e+02 1.962000e+02
5.060000e+02 1.920000e+02
5.135000e+02 1.896000e+02
5.165000e+02 1.884000e+02
5.225000e+02 1.866000e+02
5.290000e+02 1.842000e+02
5.355000e+02 1.806000e+02
5.415000e+02 1.776000e+02
5.445000e+02 1.758000e+02
5.485000e+02 1.734000e+02
5.520000e+02 1.722000e+02
5.545000e+02 1.710000e+02
5.550000e+02 1.710000e+02
5.560000e+02 1.710000e+02
5.575000e+02 1.710000e+02
5.585000e+02 1.710000e+02
5.585000e+02 1.710000e+02
