3.385000e+02 8.700000e+01
3.385000e+02 8.700000e+01
3.375000e+02 9.000000e+01
3.370000e+02 9.420000e+01
3.360000e+02 9.900000e+01
3.350000e+02 1.038000e+02
3.335000e+02 1.092000e+02
3.325000e+02 1.146000e+02
3.315000e+02 1.194000e+02
3.305000e+02 1.242000e+02
3.295000e+02 1.296000e+02
3.285000e+02 1.338000e+02
3.270000e+02 1.392000e+02
3.260000e+02 1.452000e+02
3.240000e+02 1.506000e+02
3.225000e+02 1.572000e+02
3.210000e+02 1.632000e+02
3.190000e+02 1.704000e+02
3.170000e+02 1.776000e+02
3.155000e+02 1.860000e+02
3.140000e+02 1.926000e+02
3.120000e+02 2.010000e+02
3.105000e+02 2.076000e+02
3.085000e+02 2.154000e+02
3.070000e+02 2.220000e+02
3.045000e+02 2.304000e+02
3.035000e+02 2.358000e+02
3.020000e+02 2.406000e+02
3.010000e+02 2.454000e+02
2.995000e+02 2.508000e+02
2.980000e+02 2.556000e+02
2.965000e+02 2.604000e+02
2.950000e+02 2.658000e+02
2.935000e+02 2.700000e+02
2.920000e+02 2.748000e+02
2.910000e+02 2.796000e+02
2.895000e+02 2.838000e+02
2.885000e+02 2.880000e+02
2.870000e+02 2.928000e+02
2.860000e+02 2.970000e+02
2.840000e+02 3.030000e+02
2.825000e+02 3.090000e+02
2.810000e+02 3.144000e+02
2.800000e+02 3.180000e+02
2.790000e+02 3.216000e+02
2.780000e+02 3.264000e+02
2.770000e+02 3.312000e+02
2.765000e+02 3.366000e+02
2.755000e+02 3.420000e+02
2.745000e+02 3.504000e+02
2.730000e+02 3.582000e+02
2.720000e+02 3.642000e+02
2.710000e+02 3.678000e+02
2.705000e+02 3.714000e+02
2.700000e+02 3.744000e+02
2.690000e+02 3.774000e+02
2.685000e+02 3.804000e+02
2.680000e+02 3.828000e+02
2.675000e+02 3.858000e+02
2.670000e+02 3.882000e+02
2.665000e+02 3.906000e+02
2.665000e+02 3.924000e+02
2.660000e+02 3.948000e+02
2.655000e+02 3.954000e+02
2.655000e+02 3.972000e+02
2.650000e+02 3.984000e+02
2.645000e+02 4.008000e+02
2.645000e+02 4.020000e+02
2.640000e+02 4.038000e+02
2.640000e+02 4.050000e+02
2.640000e+02 4.062000e+02
2.635000e+02 4.074000e+02
2.635000e+02 4.086000e+02
2.635000e+02 4.098000e+02
2.630000e+02 4.116000e+02
2.630000e+02 4.140000e+02
2.625000e+02 4.164000e+02
2.625000e+02 4.194000e+02
2.620000e+02 4.218000e+02
2.605000e+02 4.260000e+02
2.595000e+02 4.290000e+02
2.595000e+02 4.290000e+02
