1.785000e+02 2.820000e+02
1.785000e+02 2.820000e+02
1.785000e+02 2.820000e+02
1.785000e+02 2.820000e+02
1.785000e+02 2.820000e+02
1.785000e+02 2.820000e+02
1.785000e+02 2.820000e+02
1.785000e+02 2.814000e+02
1.785000e+02 2.814000e+02
1.790000e+02 2.808000e+02
1.805000e+02 2.784000e+02
1.815000e+02 2.772000e+02
1.840000e+02 2.730000e+02
1.865000e+02 2.688000e+02
1.905000e+02 2.622000e+02
1.935000e+02 2.568000e+02
1.960000e+02 2.520000e+02
1.985000e+02 2.466000e+02
2.010000e+02 2.406000e+02
2.035000e+02 2.346000e+02
2.070000e+02 2.274000e+02
2.100000e+02 2.214000e+02
2.130000e+02 2.136000e+02
2.160000e+02 2.052000e+02
2.200000e+02 1.968000e+02
2.245000e+02 1.848000e+02
2.275000e+02 1.776000e+02
2.310000e+02 1.692000e+02
2.340000e+02 1.620000e+02
2.370000e+02 1.554000e+02
2.400000e+02 1.482000e+02
2.430000e+02 1.416000e+02
2.465000e+02 1.344000e+02
2.490000e+02 1.284000e+02
2.520000e+02 1.224000e+02
2.550000e+02 1.170000e+02
2.580000e+02 1.128000e+02
2.610000e+02 1.080000e+02
2.640000e+02 1.032000e+02
2.685000e+02 9.780000e+01
2.710000e+02 9.420000e+01
2.720000e+02 9.240000e+01
2.760000e+02 8.820000e+01
2.780000e+02 8.580000e+01
2.805000e+02 8.340000e+01
2.830000e+02 8.220000e+01
2.850000e+02 8.100000e+01
2.880000e+02 7.980000e+01
2.910000e+02 7.860000e+01
2.940000e+02 7.800000e+01
2.975000e+02 7.740000e+01
3.005000e+02 7.740000e+01
3.045000e+02 7.740000e+01
3.080000e+02 7.740000e+01
3.110000e+02 7.800000e+01
3.140000e+02 7.860000e+01
3.175000e+02 7.920000e+01
3.205000e+02 8.040000e+01
3.250000e+02 8.280000e+01
3.280000e+02 8.460000e+01
3.310000e+02 8.640000e+01
3.335000e+02 8.880000e+01
3.365000e+02 9.120000e+01
3.395000e+02 9.360000e+01
3.425000e+02 9.660000e+01
3.455000e+02 9.960000e+01
3.480000e+02 1.026000e+02
3.505000e+02 1.056000e+02
3.530000e+02 1.086000e+02
3.560000e+02 1.128000e+02
3.590000e+02 1.170000e+02
3.615000e+02 1.206000e+02
3.640000e+02 1.248000e+02
3.665000e+02 1.290000e+02
3.690000e+02 1.332000e+02
3.715000e+02 1.374000e+02
3.745000e+02 1.416000e+02
3.790000e+02 1.488000e+02
3.820000e+02 1.536000e+02
3.850000e+02 1.584000e+02
3.865000e+02 1.608000e+02
3.915000e+02 1.680000e+02
3.930000e+02 1.704000e+02
3.980000e+02 1.782000e+02
4.010000e+02 1.830000e+02
4.025000e+02 1.854000e+02
4.085000e+02 1.938000e+02
4.115000e+02 1.980000e+02
4.155000e+02 2.034000e+02
4.195000e+02 2.082000e+02
4.230000e+02 2.124000e+02
4.265000e+02 2.184000e+02
4.310000e+02 2.238000e+02
4.340000e+02 2.280000e+02
4.375000e+02 2.328000e+02
4.410000e+02 2.370000e+02
4.450000e+02 2.418000e+02
4.480000e+02 2.448000e+02
4.510000e+02 2.484000e+02
4.540000e+02 2.526000e+02
4.570000e+02 2.556000e+02
4.600000e+02 2.586000e+02
4.625000e+02 2.622000e+02
4.650000e+02 2.646000e+02
4.685000e+02 2.694000e+02
4.695000e+02 2.706000e+02
4.720000e+02 2.736000e+02
4.740000e+02 2.760000e+02
4.765000e+02 2.790000e+02
4.765000e+02 2.790000e+02
