8.300000e+01 1.698000e+02
8.300000e+01 1.698000e+02
8.300000e+01 1.698000e+02
8.300000e+01 1.698000e+02
8.350000e+01 1.698000e+02
8.400000e+01 1.698000e+02
8.600000e+01 1.698000e+02
8.850000e+01 1.692000e+02
9.200000e+01 1.680000e+02
9.600000e+01 1.674000e+02
1.030000e+02 1.656000e+02
1.080000e+02 1.650000e+02
1.135000e+02 1.638000e+02
1.200000e+02 1.626000e+02
1.260000e+02 1.620000e+02
1.330000e+02 1.614000e+02
1.400000e+02 1.608000e+02
1.470000e+02 1.602000e+02
1.555000e+02 1.590000e+02
1.625000e+02 1.584000e+02
1.700000e+02 1.578000e+02
1.810000e+02 1.560000e+02
1.875000e+02 1.548000e+02
1.955000e+02 1.542000e+02
2.030000e+02 1.530000e+02
2.100000e+02 1.524000e+02
2.180000e+02 1.518000e+02
2.255000e+02 1.512000e+02
2.340000e+02 1.512000e+02
2.420000e+02 1.518000e+02
2.490000e+02 1.524000e+02
2.565000e+02 1.530000e+02
2.635000e+02 1.536000e+02
2.710000e+02 1.542000e+02
2.780000e+02 1.542000e+02
2.845000e+02 1.542000e+02
2.915000e+02 1.542000e+02
2.980000e+02 1.542000e+02
3.060000e+02 1.536000e+02
3.125000e+02 1.536000e+02
3.195000e+02 1.536000e+02
3.260000e+02 1.542000e+02
3.330000e+02 1.542000e+02
3.405000e+02 1.548000e+02
3.470000e+02 1.554000e+02
3.505000e+02 1.554000e+02
3.575000e+02 1.560000e+02
3.645000e+02 1.560000e+02
3.755000e+02 1.566000e+02
3.795000e+02 1.566000e+02
3.860000e+02 1.572000e+02
3.930000e+02 1.578000e+02
3.990000e+02 1.578000e+02
4.060000e+02 1.578000e+02
4.120000e+02 1.578000e+02
4.180000e+02 1.578000e+02
4.235000e+02 1.572000e+02
4.325000e+02 1.572000e+02
4.415000e+02 1.578000e+02
4.465000e+02 1.578000e+02
4.495000e+02 1.584000e+02
4.550000e+02 1.584000e+02
4.595000e+02 1.590000e+02
4.640000e+02 1.590000e+02
4.710000e+02 1.596000e+02
4.755000e+02 1.602000e+02
4.795000e+02 1.602000e+02
4.830000e+02 1.608000e+02
4.860000e+02 1.608000e+02
4.880000e+02 1.608000e+02
4.900000e+02 1.614000e+02
4.920000e+02 1.614000e+02
4.930000e+02 1.614000e+02
4.940000e+02 1.614000e+02
4.945000e+02 1.614000e+02
4.950000e+02 1.614000e+02
4.950000e+02 1.614000e+02
4.950000e+02 1.614000e+02
4.950000e+02 1.614000e+02
4.945000e+02 1.614000e+02
4.945000e+02 1.614000e+02
