2.725000e+02 1.188000e+02
2.725000e+02 1.188000e+02
2.715000e+02 1.170000e+02
2.705000e+02 1.152000e+02
2.700000e+02 1.128000e+02
2.695000e+02 1.080000e+02
2.695000e+02 1.020000e+02
2.705000e+02 9.420000e+01
2.720000e+02 8.700000e+01
2.735000e+02 8.100000e+01
2.750000e+02 7.440000e+01
2.785000e+02 6.600000e+01
2.800000e+02 6.240000e+01
2.860000e+02 5.340000e+01
2.940000e+02 4.620000e+01
2.985000e+02 4.200000e+01
3.045000e+02 3.840000e+01
3.120000e+02 3.540000e+01
3.165000e+02 3.420000e+01
3.225000e+02 3.420000e+01
3.275000e+02 3.480000e+01
3.320000e+02 3.660000e+01
3.365000e+02 3.900000e+01
3.410000e+02 4.260000e+01
3.450000e+02 4.620000e+01
3.490000e+02 4.980000e+01
3.525000e+02 5.580000e+01
3.560000e+02 6.060000e+01
3.590000e+02 6.660000e+01
3.610000e+02 7.260000e+01
3.625000e+02 7.920000e+01
3.635000e+02 8.580000e+01
3.635000e+02 9.240000e+01
3.635000e+02 9.900000e+01
3.635000e+02 1.050000e+02
3.630000e+02 1.116000e+02
3.620000e+02 1.176000e+02
3.615000e+02 1.206000e+02
3.605000e+02 1.272000e+02
3.580000e+02 1.362000e+02
3.575000e+02 1.386000e+02
3.555000e+02 1.452000e+02
3.540000e+02 1.506000e+02
3.525000e+02 1.560000e+02
3.510000e+02 1.608000e+02
3.490000e+02 1.650000e+02
3.455000e+02 1.722000e+02
3.445000e+02 1.740000e+02
3.425000e+02 1.782000e+02
3.400000e+02 1.818000e+02
3.375000e+02 1.848000e+02
3.350000e+02 1.878000e+02
3.320000e+02 1.914000e+02
3.300000e+02 1.932000e+02
3.295000e+02 1.944000e+02
3.285000e+02 1.956000e+02
3.280000e+02 1.962000e+02
3.280000e+02 1.968000e+02
3.275000e+02 1.974000e+02
3.270000e+02 1.980000e+02
3.270000e+02 1.992000e+02
3.265000e+02 2.004000e+02
3.265000e+02 2.022000e+02
3.265000e+02 2.052000e+02
3.265000e+02 2.088000e+02
3.265000e+02 2.124000e+02
3.265000e+02 2.178000e+02
3.265000e+02 2.232000e+02
3.270000e+02 2.322000e+02
3.270000e+02 2.406000e+02
3.270000e+02 2.460000e+02
3.270000e+02 2.520000e+02
3.270000e+02 2.568000e+02
3.270000e+02 2.622000e+02
3.265000e+02 2.676000e+02
3.265000e+02 2.724000e+02
3.265000e+02 2.778000e+02
3.265000e+02 2.832000e+02
3.265000e+02 2.880000e+02
3.265000e+02 2.958000e+02
3.270000e+02 3.000000e+02
3.270000e+02 3.042000e+02
3.275000e+02 3.096000e+02
3.280000e+02 3.138000e+02
3.285000e+02 3.180000e+02
3.285000e+02 3.228000e+02
3.290000e+02 3.276000e+02
3.295000e+02 3.336000e+02
3.300000e+02 3.354000e+02
3.300000e+02 3.402000e+02
3.305000e+02 3.438000e+02
3.305000e+02 3.468000e+02
3.310000e+02 3.492000e+02
3.310000e+02 3.510000e+02
3.310000e+02 3.522000e+02
3.310000e+02 3.540000e+02
3.310000e+02 3.540000e+02
3.310000e+02 3.546000e+02
3.310000e+02 3.546000e+02
3.310000e+02 3.552000e+02
3.310000e+02 3.552000e+02
3.310000e+02 3.552000e+02
