3.760000e+02 1.638000e+02
3.760000e+02 1.638000e+02
3.745000e+02 1.614000e+02
3.730000e+02 1.602000e+02
3.715000e+02 1.584000e+02
3.705000e+02 1.578000e+02
3.685000e+02 1.572000e+02
3.675000e+02 1.560000e+02
3.645000e+02 1.548000e+02
3.615000e+02 1.524000e+02
3.590000e+02 1.494000e+02
3.535000e+02 1.464000e+02
3.500000e+02 1.446000e+02
3.480000e+02 1.440000e+02
3.440000e+02 1.428000e+02
3.400000e+02 1.422000e+02
3.380000e+02 1.422000e+02
3.335000e+02 1.416000e+02
3.290000e+02 1.410000e+02
3.270000e+02 1.410000e+02
3.225000e+02 1.404000e+02
3.205000e+02 1.404000e+02
3.155000e+02 1.404000e+02
3.110000e+02 1.404000e+02
3.085000e+02 1.404000e+02
3.040000e+02 1.410000e+02
2.995000e+02 1.410000e+02
2.975000e+02 1.416000e+02
2.930000e+02 1.422000e+02
2.885000e+02 1.434000e+02
2.870000e+02 1.446000e+02
2.830000e+02 1.470000e+02
2.790000e+02 1.500000e+02
2.770000e+02 1.512000e+02
2.740000e+02 1.542000e+02
2.720000e+02 1.554000e+02
2.685000e+02 1.590000e+02
2.655000e+02 1.632000e+02
2.635000e+02 1.656000e+02
2.605000e+02 1.698000e+02
2.570000e+02 1.752000e+02
2.535000e+02 1.800000e+02
2.515000e+02 1.824000e+02
2.500000e+02 1.854000e+02
2.475000e+02 1.914000e+02
2.450000e+02 1.968000e+02
2.440000e+02 1.992000e+02
2.425000e+02 2.052000e+02
2.410000e+02 2.106000e+02
2.400000e+02 2.136000e+02
2.390000e+02 2.202000e+02
2.380000e+02 2.262000e+02
2.375000e+02 2.298000e+02
2.370000e+02 2.364000e+02
2.365000e+02 2.424000e+02
2.365000e+02 2.460000e+02
2.365000e+02 2.526000e+02
2.370000e+02 2.598000e+02
2.375000e+02 2.628000e+02
2.385000e+02 2.694000e+02
2.395000e+02 2.754000e+02
2.400000e+02 2.790000e+02
2.415000e+02 2.850000e+02
2.430000e+02 2.904000e+02
2.450000e+02 2.964000e+02
2.460000e+02 2.988000e+02
2.485000e+02 3.036000e+02
2.500000e+02 3.066000e+02
2.530000e+02 3.114000e+02
2.560000e+02 3.162000e+02
2.580000e+02 3.180000e+02
2.615000e+02 3.216000e+02
2.650000e+02 3.252000e+02
2.670000e+02 3.270000e+02
2.715000e+02 3.306000e+02
2.755000e+02 3.330000e+02
2.775000e+02 3.342000e+02
2.825000e+02 3.366000e+02
2.850000e+02 3.372000e+02
2.895000e+02 3.384000e+02
2.945000e+02 3.396000e+02
2.970000e+02 3.402000e+02
3.020000e+02 3.408000e+02
3.070000e+02 3.414000e+02
3.095000e+02 3.414000e+02
3.150000e+02 3.414000e+02
3.205000e+02 3.408000e+02
3.230000e+02 3.402000e+02
3.280000e+02 3.402000e+02
3.335000e+02 3.390000e+02
3.360000e+02 3.384000e+02
3.415000e+02 3.378000e+02
3.465000e+02 3.366000e+02
3.490000e+02 3.360000e+02
3.545000e+02 3.342000e+02
3.595000e+02 3.324000e+02
3.615000e+02 3.312000e+02
3.665000e+02 3.294000e+02
3.690000e+02 3.282000e+02
3.760000e+02 3.258000e+02
3.800000e+02 3.246000e+02
3.840000e+02 3.228000e+02
3.880000e+02 3.204000e+02
3.900000e+02 3.192000e+02
3.935000e+02 3.174000e+02
3.970000e+02 3.150000e+02
4.000000e+02 3.126000e+02
4.015000e+02 3.120000e+02
4.040000e+02 3.096000e+02
4.050000e+02 3.090000e+02
4.075000e+02 3.066000e+02
4.100000e+02 3.036000e+02
4.115000e+02 3.024000e+02
4.135000e+02 2.994000e+02
4.145000e+02 2.982000e+02
4.165000e+02 2.958000e+02
4.185000e+02 2.928000e+02
4.205000e+02 2.886000e+02
4.210000e+02 2.868000e+02
4.230000e+02 2.832000e+02
4.245000e+02 2.802000e+02
4.255000e+02 2.784000e+02
4.265000e+02 2.748000e+02
4.275000e+02 2.712000e+02
4.280000e+02 2.694000e+02
4.285000e+02 2.664000e+02
4.285000e+02 2.622000e+02
4.285000e+02 2.604000e+02
4.285000e+02 2.562000e+02
4.280000e+02 2.520000e+02
4.275000e+02 2.502000e+02
4.265000e+02 2.454000e+02
4.250000e+02 2.412000e+02
4.245000e+02 2.394000e+02
4.230000e+02 2.358000e+02
4.215000e+02 2.316000e+02
4.200000e+02 2.274000e+02
4.190000e+02 2.256000e+02
4.175000e+02 2.226000e+02
4.170000e+02 2.208000e+02
4.155000e+02 2.178000e+02
4.140000e+02 2.142000e+02
4.130000e+02 2.124000e+02
4.115000e+02 2.094000e+02
4.100000e+02 2.070000e+02
4.090000e+02 2.058000e+02
4.075000e+02 2.034000e+02
4.070000e+02 2.022000e+02
4.055000e+02 1.998000e+02
4.040000e+02 1.968000e+02
4.030000e+02 1.950000e+02
4.015000e+02 1.926000e+02
3.995000e+02 1.908000e+02
3.985000e+02 1.896000e+02
3.965000e+02 1.878000e+02
3.945000e+02 1.866000e+02
3.940000e+02 1.854000e+02
3.920000e+02 1.836000e+02
3.910000e+02 1.824000e+02
3.890000e+02 1.800000e+02
3.870000e+02 1.782000e+02
3.860000e+02 1.770000e+02
3.840000e+02 1.752000e+02
3.825000e+02 1.740000e+02
3.820000e+02 1.734000e+02
3.805000e+02 1.722000e+02
3.790000e+02 1.710000e+02
3.790000e+02 1.704000e+02
3.775000e+02 1.692000e+02
3.765000e+02 1.686000e+02
3.760000e+02 1.680000e+02
3.755000e+02 1.674000e+02
3.745000e+02 1.662000e+02
3.745000e+02 1.662000e+02
3.740000e+02 1.650000e+02
3.735000e+02 1.650000e+02
3.730000e+02 1.650000e+02
3.730000e+02 1.644000e+02
3.725000e+02 1.644000e+02
3.720000e+02 1.644000e+02
3.720000e+02 1.638000e+02
3.720000e+02 1.632000e+02
3.720000e+02 1.620000e+02
3.720000e+02 1.620000e+02
