2.010000e+02 3.924000e+02
2.010000e+02 3.924000e+02
2.010000e+02 3.924000e+02
2.005000e+02 3.924000e+02
2.005000e+02 3.924000e+02
2.005000e+02 3.924000e+02
2.000000e+02 3.918000e+02
1.990000e+02 3.882000e+02
1.975000e+02 3.816000e+02
1.960000e+02 3.738000e+02
1.945000e+02 3.636000e+02
1.935000e+02 3.492000e+02
1.935000e+02 3.444000e+02
1.935000e+02 3.330000e+02
1.935000e+02 3.174000e+02
1.940000e+02 3.072000e+02
1.940000e+02 3.018000e+02
1.945000e+02 2.910000e+02
1.955000e+02 2.802000e+02
1.960000e+02 2.694000e+02
1.970000e+02 2.598000e+02
1.975000e+02 2.502000e+02
1.985000e+02 2.400000e+02
1.990000e+02 2.292000e+02
1.995000e+02 2.142000e+02
2.000000e+02 2.046000e+02
2.005000e+02 1.950000e+02
2.010000e+02 1.860000e+02
2.010000e+02 1.770000e+02
2.015000e+02 1.680000e+02
2.015000e+02 1.602000e+02
2.020000e+02 1.512000e+02
2.020000e+02 1.434000e+02
2.020000e+02 1.344000e+02
2.015000e+02 1.278000e+02
2.015000e+02 1.212000e+02
2.015000e+02 1.128000e+02
2.015000e+02 1.098000e+02
2.020000e+02 1.014000e+02
2.020000e+02 9.600000e+01
2.025000e+02 9.060000e+01
2.025000e+02 8.640000e+01
2.030000e+02 8.220000e+01
2.035000e+02 7.680000e+01
2.035000e+02 7.260000e+01
2.040000e+02 6.840000e+01
2.045000e+02 6.480000e+01
2.050000e+02 6.120000e+01
2.060000e+02 5.760000e+01
2.060000e+02 5.580000e+01
2.060000e+02 5.580000e+01
