2.200000e+02 1.728000e+02
2.200000e+02 1.728000e+02
2.200000e+02 1.728000e+02
2.200000e+02 1.728000e+02
2.200000e+02 1.728000e+02
2.200000e+02 1.722000e+02
2.200000e+02 1.722000e+02
2.200000e+02 1.728000e+02
2.200000e+02 1.728000e+02
2.205000e+02 1.734000e+02
2.210000e+02 1.740000e+02
2.215000e+02 1.758000e+02
2.220000e+02 1.782000e+02
2.230000e+02 1.812000e+02
2.245000e+02 1.872000e+02
2.255000e+02 1.920000e+02
2.270000e+02 1.968000e+02
2.285000e+02 2.016000e+02
2.295000e+02 2.070000e+02
2.315000e+02 2.130000e+02
2.335000e+02 2.184000e+02
2.350000e+02 2.244000e+02
2.365000e+02 2.298000e+02
2.385000e+02 2.358000e+02
2.405000e+02 2.448000e+02
2.425000e+02 2.514000e+02
2.445000e+02 2.574000e+02
2.465000e+02 2.628000e+02
2.480000e+02 2.682000e+02
2.495000e+02 2.724000e+02
2.510000e+02 2.766000e+02
2.525000e+02 2.808000e+02
2.540000e+02 2.844000e+02
2.555000e+02 2.892000e+02
2.570000e+02 2.916000e+02
2.580000e+02 2.940000e+02
2.585000e+02 2.958000e+02
2.590000e+02 2.976000e+02
2.600000e+02 2.982000e+02
2.600000e+02 2.994000e+02
2.605000e+02 3.000000e+02
2.610000e+02 3.006000e+02
2.610000e+02 3.012000e+02
2.610000e+02 3.018000e+02
2.610000e+02 3.018000e+02
2.610000e+02 3.018000e+02
2.610000e+02 3.018000e+02
2.610000e+02 3.018000e+02
2.615000e+02 3.018000e+02
2.615000e+02 3.018000e+02
2.615000e+02 3.018000e+02
2.615000e+02 3.018000e+02
2.615000e+02 3.018000e+02
2.620000e+02 3.012000e+02
2.625000e+02 3.006000e+02
2.635000e+02 3.000000e+02
2.650000e+02 2.982000e+02
2.675000e+02 2.958000e+02
2.705000e+02 2.928000e+02
2.735000e+02 2.898000e+02
2.770000e+02 2.856000e+02
2.810000e+02 2.814000e+02
2.850000e+02 2.766000e+02
2.900000e+02 2.712000e+02
2.975000e+02 2.634000e+02
3.025000e+02 2.574000e+02
3.050000e+02 2.544000e+02
3.130000e+02 2.460000e+02
3.190000e+02 2.394000e+02
3.255000e+02 2.328000e+02
3.325000e+02 2.262000e+02
3.390000e+02 2.196000e+02
3.460000e+02 2.136000e+02
3.525000e+02 2.076000e+02
3.630000e+02 1.980000e+02
3.705000e+02 1.920000e+02
3.780000e+02 1.854000e+02
3.855000e+02 1.794000e+02
3.930000e+02 1.740000e+02
3.995000e+02 1.692000e+02
4.060000e+02 1.638000e+02
4.130000e+02 1.590000e+02
4.195000e+02 1.542000e+02
4.260000e+02 1.500000e+02
4.320000e+02 1.452000e+02
4.375000e+02 1.416000e+02
4.440000e+02 1.374000e+02
4.490000e+02 1.332000e+02
4.540000e+02 1.302000e+02
4.600000e+02 1.260000e+02
4.620000e+02 1.248000e+02
4.660000e+02 1.224000e+02
4.690000e+02 1.200000e+02
4.725000e+02 1.176000e+02
4.740000e+02 1.170000e+02
4.750000e+02 1.158000e+02
4.765000e+02 1.152000e+02
4.770000e+02 1.146000e+02
4.775000e+02 1.140000e+02
4.785000e+02 1.134000e+02
4.790000e+02 1.128000e+02
4.790000e+02 1.128000e+02
4.790000e+02 1.128000e+02
4.795000e+02 1.128000e+02
4.795000e+02 1.122000e+02
4.795000e+02 1.122000e+02
4.795000e+02 1.122000e+02
4.795000e+02 1.122000e+02
4.795000e+02 1.122000e+02
4.795000e+02 1.122000e+02
4.795000e+02 1.128000e+02
4.795000e+02 1.128000e+02
