2.485000e+02 1.764000e+02
2.485000e+02 1.764000e+02
2.485000e+02 1.758000e+02
2.485000e+02 1.758000e+02
2.485000e+02 1.752000e+02
2.485000e+02 1.746000e+02
2.485000e+02 1.740000e+02
2.490000e+02 1.734000e+02
2.490000e+02 1.722000e+02
2.490000e+02 1.716000e+02
2.495000e+02 1.698000e+02
2.495000e+02 1.680000e+02
2.505000e+02 1.644000e+02
2.505000e+02 1.632000e+02
2.515000e+02 1.602000e+02
2.515000e+02 1.584000e+02
2.525000e+02 1.566000e+02
2.530000e+02 1.542000e+02
2.540000e+02 1.512000e+02
2.550000e+02 1.482000e+02
2.555000e+02 1.458000e+02
2.565000e+02 1.434000e+02
2.575000e+02 1.410000e+02
2.585000e+02 1.392000e+02
2.595000e+02 1.362000e+02
2.615000e+02 1.320000e+02
2.625000e+02 1.308000e+02
2.640000e+02 1.278000e+02
2.660000e+02 1.254000e+02
2.680000e+02 1.224000e+02
2.695000e+02 1.194000e+02
2.715000e+02 1.170000e+02
2.735000e+02 1.146000e+02
2.760000e+02 1.122000e+02
2.775000e+02 1.104000e+02
2.795000e+02 1.086000e+02
2.810000e+02 1.074000e+02
2.840000e+02 1.050000e+02
2.890000e+02 1.008000e+02
2.930000e+02 9.840000e+01
2.960000e+02 9.660000e+01
2.985000e+02 9.480000e+01
3.015000e+02 9.360000e+01
3.040000e+02 9.240000e+01
3.070000e+02 9.120000e+01
3.100000e+02 9.000000e+01
3.130000e+02 8.820000e+01
3.165000e+02 8.760000e+01
3.200000e+02 8.640000e+01
3.230000e+02 8.580000e+01
3.265000e+02 8.520000e+01
3.305000e+02 8.460000e+01
3.345000e+02 8.460000e+01
3.400000e+02 8.460000e+01
3.440000e+02 8.520000e+01
3.460000e+02 8.520000e+01
3.495000e+02 8.580000e+01
3.550000e+02 8.700000e+01
3.565000e+02 8.760000e+01
3.615000e+02 8.880000e+01
3.645000e+02 8.940000e+01
3.680000e+02 9.060000e+01
3.715000e+02 9.180000e+01
3.745000e+02 9.300000e+01
3.780000e+02 9.480000e+01
3.810000e+02 9.600000e+01
3.840000e+02 9.780000e+01
3.865000e+02 1.002000e+02
3.890000e+02 1.020000e+02
3.915000e+02 1.032000e+02
3.940000e+02 1.050000e+02
3.965000e+02 1.068000e+02
3.985000e+02 1.086000e+02
4.010000e+02 1.098000e+02
4.030000e+02 1.116000e+02
4.065000e+02 1.140000e+02
4.085000e+02 1.158000e+02
4.100000e+02 1.176000e+02
4.115000e+02 1.194000e+02
4.135000e+02 1.212000e+02
4.150000e+02 1.230000e+02
4.170000e+02 1.248000e+02
4.185000e+02 1.266000e+02
4.205000e+02 1.290000e+02
4.220000e+02 1.314000e+02
4.235000e+02 1.332000e+02
4.255000e+02 1.368000e+02
4.265000e+02 1.392000e+02
4.280000e+02 1.410000e+02
4.295000e+02 1.440000e+02
4.310000e+02 1.464000e+02
4.325000e+02 1.494000e+02
4.335000e+02 1.518000e+02
4.345000e+02 1.548000e+02
4.350000e+02 1.560000e+02
4.365000e+02 1.608000e+02
4.375000e+02 1.644000e+02
4.385000e+02 1.674000e+02
4.395000e+02 1.710000e+02
4.405000e+02 1.746000e+02
4.420000e+02 1.806000e+02
4.430000e+02 1.842000e+02
4.440000e+02 1.884000e+02
4.445000e+02 1.926000e+02
4.455000e+02 1.968000e+02
4.465000e+02 2.010000e+02
4.470000e+02 2.058000e+02
4.475000e+02 2.100000e+02
4.480000e+02 2.142000e+02
4.485000e+02 2.184000e+02
4.490000e+02 2.232000e+02
4.495000e+02 2.292000e+02
4.500000e+02 2.340000e+02
4.500000e+02 2.406000e+02
4.490000e+02 2.478000e+02
4.485000e+02 2.526000e+02
4.475000e+02 2.574000e+02
4.465000e+02 2.616000e+02
4.450000e+02 2.664000e+02
4.440000e+02 2.706000e+02
4.425000e+02 2.748000e+02
4.410000e+02 2.790000e+02
4.400000e+02 2.832000e+02
4.385000e+02 2.868000e+02
4.375000e+02 2.910000e+02
4.350000e+02 2.976000e+02
4.330000e+02 3.012000e+02
4.310000e+02 3.054000e+02
4.290000e+02 3.096000e+02
4.265000e+02 3.144000e+02
4.240000e+02 3.186000e+02
4.210000e+02 3.228000e+02
4.180000e+02 3.270000e+02
4.150000e+02 3.312000e+02
4.120000e+02 3.348000e+02
4.085000e+02 3.384000e+02
4.055000e+02 3.420000e+02
4.015000e+02 3.456000e+02
3.970000e+02 3.492000e+02
3.930000e+02 3.522000e+02
3.890000e+02 3.546000e+02
3.845000e+02 3.570000e+02
3.800000e+02 3.594000e+02
3.725000e+02 3.624000e+02
3.680000e+02 3.636000e+02
3.660000e+02 3.642000e+02
3.605000e+02 3.660000e+02
3.560000e+02 3.666000e+02
3.490000e+02 3.684000e+02
3.425000e+02 3.690000e+02
3.380000e+02 3.696000e+02
3.315000e+02 3.702000e+02
3.270000e+02 3.702000e+02
3.225000e+02 3.696000e+02
3.185000e+02 3.696000e+02
3.140000e+02 3.690000e+02
3.090000e+02 3.684000e+02
3.045000e+02 3.684000e+02
3.000000e+02 3.678000e+02
2.955000e+02 3.666000e+02
2.915000e+02 3.654000e+02
2.875000e+02 3.642000e+02
2.835000e+02 3.624000e+02
2.800000e+02 3.606000e+02
2.770000e+02 3.588000e+02
2.735000e+02 3.570000e+02
2.700000e+02 3.552000e+02
2.670000e+02 3.528000e+02
2.620000e+02 3.486000e+02
2.590000e+02 3.456000e+02
2.560000e+02 3.426000e+02
2.540000e+02 3.396000e+02
2.515000e+02 3.366000e+02
2.495000e+02 3.330000e+02
2.470000e+02 3.300000e+02
2.450000e+02 3.270000e+02
2.430000e+02 3.240000e+02
2.415000e+02 3.204000e+02
2.395000e+02 3.162000e+02
2.375000e+02 3.126000e+02
2.350000e+02 3.072000e+02
2.325000e+02 3.018000e+02
2.305000e+02 2.970000e+02
2.295000e+02 2.940000e+02
2.285000e+02 2.904000e+02
2.275000e+02 2.868000e+02
2.265000e+02 2.832000e+02
2.260000e+02 2.802000e+02
2.250000e+02 2.766000e+02
2.240000e+02 2.730000e+02
2.235000e+02 2.694000e+02
2.230000e+02 2.670000e+02
2.225000e+02 2.640000e+02
2.215000e+02 2.610000e+02
2.210000e+02 2.568000e+02
2.200000e+02 2.538000e+02
2.195000e+02 2.508000e+02
2.190000e+02 2.472000e+02
2.185000e+02 2.430000e+02
2.185000e+02 2.388000e+02
2.180000e+02 2.358000e+02
2.180000e+02 2.328000e+02
2.175000e+02 2.286000e+02
2.175000e+02 2.250000e+02
2.175000e+02 2.220000e+02
2.175000e+02 2.196000e+02
2.175000e+02 2.154000e+02
2.175000e+02 2.106000e+02
2.175000e+02 2.076000e+02
2.170000e+02 2.046000e+02
2.170000e+02 2.028000e+02
2.170000e+02 2.016000e+02
2.170000e+02 1.998000e+02
2.170000e+02 1.980000e+02
2.170000e+02 1.968000e+02
2.170000e+02 1.950000e+02
2.170000e+02 1.938000e+02
2.170000e+02 1.926000e+02
2.170000e+02 1.920000e+02
2.170000e+02 1.914000e+02
2.175000e+02 1.908000e+02
2.175000e+02 1.908000e+02
