2.190000e+02 2.034000e+02
2.190000e+02 2.034000e+02
2.190000e+02 2.028000e+02
2.190000e+02 2.028000e+02
2.190000e+02 2.010000e+02
2.200000e+02 1.974000e+02
2.220000e+02 1.926000e+02
2.245000e+02 1.872000e+02
2.270000e+02 1.806000e+02
2.300000e+02 1.752000e+02
2.335000e+02 1.692000e+02
2.365000e+02 1.632000e+02
2.400000e+02 1.584000e+02
2.445000e+02 1.518000e+02
2.485000e+02 1.464000e+02
2.555000e+02 1.392000e+02
2.595000e+02 1.344000e+02
2.665000e+02 1.278000e+02
2.735000e+02 1.224000e+02
2.785000e+02 1.194000e+02
2.835000e+02 1.164000e+02
2.880000e+02 1.140000e+02
2.930000e+02 1.122000e+02
2.975000e+02 1.104000e+02
3.025000e+02 1.092000e+02
3.065000e+02 1.086000e+02
3.105000e+02 1.080000e+02
3.175000e+02 1.074000e+02
3.215000e+02 1.074000e+02
3.255000e+02 1.074000e+02
3.295000e+02 1.080000e+02
3.335000e+02 1.086000e+02
3.370000e+02 1.098000e+02
3.410000e+02 1.104000e+02
3.450000e+02 1.122000e+02
3.485000e+02 1.134000e+02
3.530000e+02 1.152000e+02
3.570000e+02 1.176000e+02
3.630000e+02 1.206000e+02
3.670000e+02 1.224000e+02
3.705000e+02 1.248000e+02
3.760000e+02 1.284000e+02
3.815000e+02 1.332000e+02
3.845000e+02 1.362000e+02
3.875000e+02 1.392000e+02
3.905000e+02 1.428000e+02
3.930000e+02 1.470000e+02
3.955000e+02 1.500000e+02
3.975000e+02 1.536000e+02
3.990000e+02 1.578000e+02
4.010000e+02 1.620000e+02
4.020000e+02 1.662000e+02
4.030000e+02 1.704000e+02
4.040000e+02 1.752000e+02
4.050000e+02 1.800000e+02
4.060000e+02 1.854000e+02
4.070000e+02 1.932000e+02
4.070000e+02 2.004000e+02
4.070000e+02 2.058000e+02
4.065000e+02 2.130000e+02
4.065000e+02 2.184000e+02
4.060000e+02 2.232000e+02
4.055000e+02 2.280000e+02
4.050000e+02 2.304000e+02
4.035000e+02 2.394000e+02
4.025000e+02 2.436000e+02
4.015000e+02 2.502000e+02
4.000000e+02 2.556000e+02
3.985000e+02 2.604000e+02
3.965000e+02 2.670000e+02
3.945000e+02 2.724000e+02
3.925000e+02 2.772000e+02
3.900000e+02 2.832000e+02
3.875000e+02 2.886000e+02
3.840000e+02 2.952000e+02
3.805000e+02 3.006000e+02
3.775000e+02 3.054000e+02
3.735000e+02 3.108000e+02
3.695000e+02 3.162000e+02
3.665000e+02 3.198000e+02
3.605000e+02 3.258000e+02
3.565000e+02 3.300000e+02
3.545000e+02 3.318000e+02
3.495000e+02 3.354000e+02
3.450000e+02 3.384000e+02
3.385000e+02 3.426000e+02
3.340000e+02 3.456000e+02
3.305000e+02 3.474000e+02
3.225000e+02 3.510000e+02
3.190000e+02 3.516000e+02
3.150000e+02 3.528000e+02
3.110000e+02 3.534000e+02
3.070000e+02 3.540000e+02
3.030000e+02 3.540000e+02
2.970000e+02 3.546000e+02
2.930000e+02 3.546000e+02
2.880000e+02 3.546000e+02
2.855000e+02 3.546000e+02
2.785000e+02 3.540000e+02
2.735000e+02 3.534000e+02
2.685000e+02 3.528000e+02
2.635000e+02 3.510000e+02
2.585000e+02 3.498000e+02
2.540000e+02 3.474000e+02
2.490000e+02 3.450000e+02
2.450000e+02 3.426000e+02
2.410000e+02 3.396000e+02
2.370000e+02 3.366000e+02
2.330000e+02 3.324000e+02
2.300000e+02 3.288000e+02
2.270000e+02 3.246000e+02
2.240000e+02 3.192000e+02
2.215000e+02 3.150000e+02
2.195000e+02 3.108000e+02
2.170000e+02 3.036000e+02
2.145000e+02 2.976000e+02
2.125000e+02 2.904000e+02
2.115000e+02 2.856000e+02
2.105000e+02 2.808000e+02
2.100000e+02 2.754000e+02
2.090000e+02 2.706000e+02
2.090000e+02 2.652000e+02
2.090000e+02 2.592000e+02
2.095000e+02 2.544000e+02
2.100000e+02 2.502000e+02
2.105000e+02 2.442000e+02
2.110000e+02 2.388000e+02
2.120000e+02 2.334000e+02
2.135000e+02 2.274000e+02
2.145000e+02 2.226000e+02
2.165000e+02 2.172000e+02
2.185000e+02 2.118000e+02
2.210000e+02 2.052000e+02
2.225000e+02 2.028000e+02
2.230000e+02 2.010000e+02
2.245000e+02 1.980000e+02
2.255000e+02 1.968000e+02
2.260000e+02 1.962000e+02
2.270000e+02 1.944000e+02
2.270000e+02 1.944000e+02
