3.160000e+02 1.404000e+02
3.160000e+02 1.404000e+02
3.155000e+02 1.404000e+02
3.140000e+02 1.398000e+02
3.120000e+02 1.386000e+02
3.100000e+02 1.380000e+02
3.090000e+02 1.374000e+02
3.055000e+02 1.380000e+02
3.035000e+02 1.386000e+02
2.990000e+02 1.398000e+02
2.935000e+02 1.410000e+02
2.880000e+02 1.434000e+02
2.845000e+02 1.452000e+02
2.775000e+02 1.494000e+02
2.740000e+02 1.512000e+02
2.660000e+02 1.566000e+02
2.580000e+02 1.626000e+02
2.545000e+02 1.656000e+02
2.465000e+02 1.728000e+02
2.400000e+02 1.800000e+02
2.365000e+02 1.842000e+02
2.310000e+02 1.920000e+02
2.265000e+02 1.998000e+02
2.245000e+02 2.034000e+02
2.215000e+02 2.106000e+02
2.205000e+02 2.142000e+02
2.190000e+02 2.220000e+02
2.185000e+02 2.298000e+02
2.190000e+02 2.382000e+02
2.190000e+02 2.424000e+02
2.210000e+02 2.508000e+02
2.240000e+02 2.598000e+02
2.260000e+02 2.640000e+02
2.305000e+02 2.718000e+02
2.360000e+02 2.790000e+02
2.395000e+02 2.826000e+02
2.470000e+02 2.880000e+02
2.560000e+02 2.928000e+02
2.610000e+02 2.946000e+02
2.720000e+02 2.982000e+02
2.775000e+02 3.000000e+02
2.885000e+02 3.024000e+02
3.000000e+02 3.042000e+02
3.050000e+02 3.048000e+02
3.160000e+02 3.060000e+02
3.265000e+02 3.060000e+02
3.310000e+02 3.054000e+02
3.400000e+02 3.024000e+02
3.490000e+02 2.994000e+02
3.535000e+02 2.976000e+02
3.615000e+02 2.928000e+02
3.655000e+02 2.904000e+02
3.730000e+02 2.856000e+02
3.800000e+02 2.808000e+02
3.830000e+02 2.778000e+02
3.890000e+02 2.730000e+02
3.920000e+02 2.712000e+02
3.975000e+02 2.676000e+02
4.020000e+02 2.640000e+02
4.040000e+02 2.622000e+02
4.085000e+02 2.586000e+02
4.115000e+02 2.562000e+02
4.130000e+02 2.544000e+02
4.150000e+02 2.526000e+02
4.165000e+02 2.508000e+02
4.175000e+02 2.490000e+02
4.180000e+02 2.490000e+02
4.185000e+02 2.478000e+02
4.185000e+02 2.472000e+02
4.185000e+02 2.466000e+02
4.185000e+02 2.460000e+02
4.180000e+02 2.448000e+02
4.180000e+02 2.442000e+02
4.175000e+02 2.430000e+02
4.175000e+02 2.418000e+02
4.175000e+02 2.400000e+02
4.175000e+02 2.388000e+02
4.175000e+02 2.370000e+02
4.175000e+02 2.364000e+02
4.175000e+02 2.346000e+02
4.180000e+02 2.328000e+02
4.180000e+02 2.310000e+02
4.185000e+02 2.280000e+02
4.185000e+02 2.262000e+02
4.185000e+02 2.226000e+02
4.190000e+02 2.196000e+02
4.190000e+02 2.178000e+02
4.195000e+02 2.124000e+02
4.195000e+02 2.070000e+02
4.195000e+02 2.040000e+02
4.185000e+02 1.974000e+02
4.170000e+02 1.902000e+02
4.140000e+02 1.830000e+02
4.115000e+02 1.788000e+02
4.050000e+02 1.698000e+02
4.000000e+02 1.644000e+02
3.845000e+02 1.536000e+02
3.620000e+02 1.458000e+02
3.480000e+02 1.434000e+02
3.175000e+02 1.452000e+02
3.175000e+02 1.452000e+02
