3.025000e+02 1.152000e+02
3.025000e+02 1.152000e+02
3.025000e+02 1.152000e+02
3.020000e+02 1.152000e+02
3.020000e+02 1.152000e+02
3.020000e+02 1.146000e+02
3.015000e+02 1.140000e+02
3.000000e+02 1.110000e+02
2.985000e+02 1.074000e+02
2.965000e+02 1.026000e+02
2.950000e+02 9.840000e+01
2.940000e+02 9.360000e+01
2.935000e+02 8.880000e+01
2.930000e+02 8.340000e+01
2.930000e+02 7.680000e+01
2.940000e+02 6.840000e+01
2.955000e+02 5.940000e+01
2.970000e+02 5.520000e+01
2.985000e+02 5.040000e+01
3.005000e+02 4.560000e+01
3.025000e+02 4.140000e+01
3.050000e+02 3.720000e+01
3.080000e+02 3.420000e+01
3.110000e+02 3.060000e+01
3.160000e+02 2.700000e+01
3.175000e+02 2.580000e+01
3.220000e+02 2.340000e+01
3.250000e+02 2.220000e+01
3.270000e+02 2.160000e+01
3.310000e+02 2.100000e+01
3.325000e+02 2.100000e+01
3.360000e+02 2.160000e+01
3.400000e+02 2.220000e+01
3.440000e+02 2.340000e+01
3.475000e+02 2.460000e+01
3.510000e+02 2.640000e+01
3.545000e+02 2.880000e+01
3.580000e+02 3.060000e+01
3.590000e+02 3.180000e+01
3.640000e+02 3.540000e+01
3.675000e+02 3.840000e+01
3.705000e+02 4.140000e+01
3.750000e+02 4.620000e+01
3.795000e+02 5.220000e+01
3.820000e+02 5.640000e+01
3.850000e+02 6.180000e+01
3.870000e+02 6.660000e+01
3.885000e+02 7.140000e+01
3.900000e+02 7.620000e+01
3.910000e+02 8.160000e+01
3.920000e+02 8.820000e+01
3.925000e+02 9.360000e+01
3.930000e+02 1.014000e+02
3.925000e+02 1.068000e+02
3.915000e+02 1.122000e+02
3.910000e+02 1.176000e+02
3.900000e+02 1.236000e+02
3.885000e+02 1.296000e+02
3.870000e+02 1.344000e+02
3.855000e+02 1.404000e+02
3.835000e+02 1.458000e+02
3.815000e+02 1.500000e+02
3.795000e+02 1.542000e+02
3.775000e+02 1.584000e+02
3.760000e+02 1.620000e+02
3.740000e+02 1.650000e+02
3.720000e+02 1.680000e+02
3.700000e+02 1.710000e+02
3.680000e+02 1.734000e+02
3.665000e+02 1.764000e+02
3.650000e+02 1.782000e+02
3.620000e+02 1.818000e+02
3.590000e+02 1.842000e+02
3.570000e+02 1.860000e+02
3.550000e+02 1.878000e+02
3.535000e+02 1.902000e+02
3.515000e+02 1.920000e+02
3.495000e+02 1.938000e+02
3.475000e+02 1.956000e+02
3.460000e+02 1.974000e+02
3.440000e+02 1.992000e+02
3.425000e+02 2.004000e+02
3.400000e+02 2.028000e+02
3.390000e+02 2.040000e+02
3.380000e+02 2.058000e+02
3.360000e+02 2.076000e+02
3.345000e+02 2.094000e+02
3.335000e+02 2.106000e+02
3.325000e+02 2.118000e+02
3.310000e+02 2.130000e+02
3.305000e+02 2.142000e+02
3.295000e+02 2.154000e+02
3.285000e+02 2.166000e+02
3.280000e+02 2.178000e+02
3.270000e+02 2.190000e+02
3.265000e+02 2.202000e+02
3.255000e+02 2.220000e+02
3.250000e+02 2.220000e+02
3.245000e+02 2.232000e+02
3.240000e+02 2.244000e+02
3.235000e+02 2.250000e+02
3.230000e+02 2.262000e+02
3.220000e+02 2.268000e+02
3.215000e+02 2.274000e+02
3.210000e+02 2.286000e+02
3.205000e+02 2.292000e+02
3.195000e+02 2.298000e+02
3.190000e+02 2.310000e+02
3.185000e+02 2.316000e+02
3.180000e+02 2.322000e+02
3.170000e+02 2.334000e+02
3.165000e+02 2.346000e+02
3.160000e+02 2.352000e+02
3.155000e+02 2.370000e+02
3.145000e+02 2.382000e+02
3.145000e+02 2.388000e+02
3.135000e+02 2.406000e+02
3.130000e+02 2.424000e+02
3.125000e+02 2.430000e+02
3.120000e+02 2.448000e+02
3.110000e+02 2.466000e+02
3.100000e+02 2.490000e+02
3.095000e+02 2.514000e+02
3.090000e+02 2.532000e+02
3.085000e+02 2.556000e+02
3.080000e+02 2.574000e+02
3.070000e+02 2.592000e+02
3.065000e+02 2.634000e+02
3.055000e+02 2.688000e+02
3.045000e+02 2.724000e+02
3.040000e+02 2.766000e+02
3.035000e+02 2.814000e+02
3.025000e+02 2.862000e+02
3.020000e+02 2.916000e+02
3.010000e+02 2.982000e+02
3.005000e+02 3.042000e+02
2.995000e+02 3.120000e+02
2.985000e+02 3.186000e+02
2.975000e+02 3.312000e+02
2.965000e+02 3.396000e+02
2.955000e+02 3.504000e+02
2.945000e+02 3.582000e+02
2.940000e+02 3.654000e+02
2.935000e+02 3.732000e+02
2.935000e+02 3.792000e+02
2.930000e+02 3.858000e+02
2.930000e+02 3.882000e+02
2.925000e+02 3.924000e+02
2.925000e+02 3.960000e+02
2.925000e+02 3.984000e+02
2.925000e+02 4.008000e+02
2.925000e+02 4.020000e+02
2.925000e+02 4.026000e+02
2.925000e+02 4.038000e+02
2.925000e+02 4.050000e+02
2.925000e+02 4.050000e+02
2.930000e+02 4.056000e+02
2.930000e+02 4.062000e+02
2.930000e+02 4.068000e+02
2.930000e+02 4.068000e+02
