2.865000e+02 1.224000e+02
2.865000e+02 1.224000e+02
2.865000e+02 1.218000e+02
2.865000e+02 1.218000e+02
2.870000e+02 1.212000e+02
2.890000e+02 1.200000e+02
2.920000e+02 1.188000e+02
2.960000e+02 1.176000e+02
3.000000e+02 1.164000e+02
3.050000e+02 1.152000e+02
3.090000e+02 1.146000e+02
3.140000e+02 1.140000e+02
3.185000e+02 1.134000e+02
3.220000e+02 1.134000e+02
3.260000e+02 1.134000e+02
3.300000e+02 1.134000e+02
3.340000e+02 1.134000e+02
3.380000e+02 1.140000e+02
3.445000e+02 1.152000e+02
3.485000e+02 1.164000e+02
3.525000e+02 1.182000e+02
3.565000e+02 1.194000e+02
3.605000e+02 1.212000e+02
3.640000e+02 1.236000e+02
3.675000e+02 1.254000e+02
3.715000e+02 1.284000e+02
3.745000e+02 1.314000e+02
3.780000e+02 1.344000e+02
3.830000e+02 1.392000e+02
3.875000e+02 1.458000e+02
3.925000e+02 1.524000e+02
3.955000e+02 1.566000e+02
3.985000e+02 1.614000e+02
4.005000e+02 1.656000e+02
4.035000e+02 1.704000e+02
4.060000e+02 1.758000e+02
4.085000e+02 1.806000e+02
4.105000e+02 1.860000e+02
4.120000e+02 1.908000e+02
4.135000e+02 1.956000e+02
4.145000e+02 2.010000e+02
4.160000e+02 2.082000e+02
4.165000e+02 2.124000e+02
4.170000e+02 2.172000e+02
4.170000e+02 2.220000e+02
4.170000e+02 2.268000e+02
4.165000e+02 2.310000e+02
4.160000e+02 2.364000e+02
4.150000e+02 2.412000e+02
4.140000e+02 2.460000e+02
4.125000e+02 2.514000e+02
4.095000e+02 2.592000e+02
4.075000e+02 2.640000e+02
4.040000e+02 2.706000e+02
4.010000e+02 2.766000e+02
3.980000e+02 2.808000e+02
3.955000e+02 2.850000e+02
3.925000e+02 2.880000e+02
3.895000e+02 2.922000e+02
3.860000e+02 2.958000e+02
3.830000e+02 2.988000e+02
3.805000e+02 3.012000e+02
3.780000e+02 3.030000e+02
3.750000e+02 3.048000e+02
3.715000e+02 3.060000e+02
3.655000e+02 3.090000e+02
3.630000e+02 3.096000e+02
3.560000e+02 3.126000e+02
3.505000e+02 3.150000e+02
3.455000e+02 3.174000e+02
3.410000e+02 3.192000e+02
3.360000e+02 3.204000e+02
3.320000e+02 3.210000e+02
3.290000e+02 3.222000e+02
3.255000e+02 3.222000e+02
3.230000e+02 3.228000e+02
3.205000e+02 3.228000e+02
3.185000e+02 3.228000e+02
3.155000e+02 3.228000e+02
3.130000e+02 3.228000e+02
3.105000e+02 3.228000e+02
3.085000e+02 3.228000e+02
3.060000e+02 3.222000e+02
3.040000e+02 3.222000e+02
3.020000e+02 3.216000e+02
3.000000e+02 3.216000e+02
2.975000e+02 3.216000e+02
2.955000e+02 3.210000e+02
2.935000e+02 3.210000e+02
2.920000e+02 3.210000e+02
2.900000e+02 3.210000e+02
2.880000e+02 3.204000e+02
2.860000e+02 3.204000e+02
2.840000e+02 3.204000e+02
2.825000e+02 3.198000e+02
2.805000e+02 3.198000e+02
2.780000e+02 3.192000e+02
2.755000e+02 3.186000e+02
2.725000e+02 3.180000e+02
2.695000e+02 3.174000e+02
2.670000e+02 3.174000e+02
2.645000e+02 3.162000e+02
2.615000e+02 3.156000e+02
2.590000e+02 3.150000e+02
2.565000e+02 3.138000e+02
2.540000e+02 3.132000e+02
2.515000e+02 3.126000e+02
2.485000e+02 3.114000e+02
2.450000e+02 3.102000e+02
2.415000e+02 3.084000e+02
2.370000e+02 3.060000e+02
2.340000e+02 3.036000e+02
2.315000e+02 3.012000e+02
2.285000e+02 2.988000e+02
2.260000e+02 2.958000e+02
2.235000e+02 2.928000e+02
2.205000e+02 2.892000e+02
2.185000e+02 2.862000e+02
2.160000e+02 2.826000e+02
2.135000e+02 2.784000e+02
2.115000e+02 2.736000e+02
2.095000e+02 2.694000e+02
2.080000e+02 2.646000e+02
2.065000e+02 2.598000e+02
2.060000e+02 2.550000e+02
2.050000e+02 2.502000e+02
2.045000e+02 2.430000e+02
2.040000e+02 2.388000e+02
2.040000e+02 2.370000e+02
2.045000e+02 2.292000e+02
2.050000e+02 2.244000e+02
2.060000e+02 2.202000e+02
2.070000e+02 2.142000e+02
2.080000e+02 2.088000e+02
2.095000e+02 2.040000e+02
2.115000e+02 1.974000e+02
2.130000e+02 1.926000e+02
2.140000e+02 1.884000e+02
2.160000e+02 1.824000e+02
2.190000e+02 1.758000e+02
2.210000e+02 1.716000e+02
2.230000e+02 1.668000e+02
2.250000e+02 1.626000e+02
2.270000e+02 1.596000e+02
2.290000e+02 1.566000e+02
2.315000e+02 1.530000e+02
2.330000e+02 1.512000e+02
2.365000e+02 1.458000e+02
2.395000e+02 1.428000e+02
2.425000e+02 1.404000e+02
2.455000e+02 1.380000e+02
2.480000e+02 1.350000e+02
2.510000e+02 1.326000e+02
2.540000e+02 1.308000e+02
2.565000e+02 1.284000e+02
2.595000e+02 1.272000e+02
2.620000e+02 1.254000e+02
2.645000e+02 1.242000e+02
2.680000e+02 1.224000e+02
2.720000e+02 1.206000e+02
2.750000e+02 1.194000e+02
2.775000e+02 1.182000e+02
2.805000e+02 1.170000e+02
2.835000e+02 1.158000e+02
2.860000e+02 1.146000e+02
2.885000e+02 1.140000e+02
2.910000e+02 1.134000e+02
2.940000e+02 1.128000e+02
2.965000e+02 1.122000e+02
2.985000e+02 1.122000e+02
3.010000e+02 1.116000e+02
3.040000e+02 1.116000e+02
3.095000e+02 1.110000e+02
3.165000e+02 1.104000e+02
3.165000e+02 1.104000e+02
