3.410000e+02 2.022000e+02
3.410000e+02 2.022000e+02
3.420000e+02 2.022000e+02
3.440000e+02 2.022000e+02
3.465000e+02 2.022000e+02
3.500000e+02 2.028000e+02
3.545000e+02 2.040000e+02
3.585000e+02 2.058000e+02
3.625000e+02 2.076000e+02
3.675000e+02 2.094000e+02
3.720000e+02 2.112000e+02
3.770000e+02 2.124000e+02
3.815000e+02 2.142000e+02
3.865000e+02 2.154000e+02
3.925000e+02 2.160000e+02
3.985000e+02 2.172000e+02
4.045000e+02 2.178000e+02
4.105000e+02 2.184000e+02
4.205000e+02 2.190000e+02
4.280000e+02 2.196000e+02
4.375000e+02 2.196000e+02
4.410000e+02 2.196000e+02
4.470000e+02 2.190000e+02
4.540000e+02 2.190000e+02
4.595000e+02 2.184000e+02
4.665000e+02 2.184000e+02
4.750000e+02 2.178000e+02
4.780000e+02 2.172000e+02
4.895000e+02 2.172000e+02
4.945000e+02 2.172000e+02
5.000000e+02 2.172000e+02
5.075000e+02 2.172000e+02
5.120000e+02 2.172000e+02
5.190000e+02 2.178000e+02
5.235000e+02 2.184000e+02
5.280000e+02 2.190000e+02
5.320000e+02 2.196000e+02
5.360000e+02 2.202000e+02
5.380000e+02 2.202000e+02
5.420000e+02 2.214000e+02
5.450000e+02 2.220000e+02
5.475000e+02 2.226000e+02
5.500000e+02 2.232000e+02
5.520000e+02 2.232000e+02
5.540000e+02 2.238000e+02
5.555000e+02 2.244000e+02
5.570000e+02 2.244000e+02
5.580000e+02 2.250000e+02
5.590000e+02 2.250000e+02
5.600000e+02 2.250000e+02
5.610000e+02 2.256000e+02
5.615000e+02 2.256000e+02
5.620000e+02 2.256000e+02
5.625000e+02 2.256000e+02
5.630000e+02 2.256000e+02
5.630000e+02 2.256000e+02
5.635000e+02 2.256000e+02
5.635000e+02 2.256000e+02
5.635000e+02 2.256000e+02
5.635000e+02 2.256000e+02
5.635000e+02 2.250000e+02
5.635000e+02 2.250000e+02
5.635000e+02 2.250000e+02
5.635000e+02 2.250000e+02
5.635000e+02 2.250000e+02
