1.905000e+02 1.362000e+02
1.905000e+02 1.362000e+02
1.905000e+02 1.362000e+02
1.905000e+02 1.362000e+02
1.905000e+02 1.356000e+02
1.905000e+02 1.356000e+02
1.905000e+02 1.362000e+02
1.905000e+02 1.362000e+02
1.905000e+02 1.368000e+02
1.905000e+02 1.386000e+02
1.905000e+02 1.422000e+02
1.900000e+02 1.482000e+02
1.900000e+02 1.524000e+02
1.895000e+02 1.584000e+02
1.890000e+02 1.632000e+02
1.890000e+02 1.686000e+02
1.885000e+02 1.746000e+02
1.885000e+02 1.800000e+02
1.880000e+02 1.872000e+02
1.875000e+02 1.932000e+02
1.875000e+02 2.022000e+02
1.870000e+02 2.082000e+02
1.865000e+02 2.124000e+02
1.865000e+02 2.184000e+02
1.865000e+02 2.226000e+02
1.860000e+02 2.262000e+02
1.860000e+02 2.292000e+02
1.860000e+02 2.334000e+02
1.855000e+02 2.382000e+02
1.855000e+02 2.418000e+02
1.855000e+02 2.430000e+02
1.855000e+02 2.454000e+02
1.855000e+02 2.472000e+02
1.855000e+02 2.490000e+02
1.855000e+02 2.496000e+02
1.855000e+02 2.502000e+02
1.855000e+02 2.508000e+02
1.855000e+02 2.508000e+02
1.855000e+02 2.514000e+02
1.855000e+02 2.514000e+02
1.855000e+02 2.520000e+02
1.855000e+02 2.520000e+02
1.855000e+02 2.520000e+02
1.855000e+02 2.520000e+02
1.860000e+02 2.514000e+02
1.865000e+02 2.508000e+02
1.875000e+02 2.502000e+02
1.900000e+02 2.484000e+02
1.935000e+02 2.454000e+02
1.980000e+02 2.412000e+02
2.030000e+02 2.370000e+02
2.085000e+02 2.334000e+02
2.135000e+02 2.292000e+02
2.190000e+02 2.250000e+02
2.240000e+02 2.214000e+02
2.325000e+02 2.154000e+02
2.415000e+02 2.088000e+02
2.520000e+02 2.028000e+02
2.585000e+02 1.986000e+02
2.665000e+02 1.944000e+02
2.730000e+02 1.908000e+02
2.800000e+02 1.878000e+02
2.870000e+02 1.848000e+02
2.945000e+02 1.812000e+02
3.015000e+02 1.776000e+02
3.085000e+02 1.746000e+02
3.160000e+02 1.710000e+02
3.235000e+02 1.674000e+02
3.320000e+02 1.632000e+02
3.400000e+02 1.590000e+02
3.480000e+02 1.554000e+02
3.560000e+02 1.518000e+02
3.645000e+02 1.470000e+02
3.750000e+02 1.422000e+02
3.815000e+02 1.392000e+02
3.875000e+02 1.368000e+02
3.940000e+02 1.338000e+02
4.000000e+02 1.308000e+02
4.060000e+02 1.284000e+02
4.115000e+02 1.266000e+02
4.170000e+02 1.242000e+02
4.220000e+02 1.224000e+02
4.275000e+02 1.194000e+02
4.320000e+02 1.176000e+02
4.360000e+02 1.164000e+02
4.395000e+02 1.146000e+02
4.430000e+02 1.134000e+02
4.465000e+02 1.122000e+02
4.475000e+02 1.116000e+02
4.490000e+02 1.110000e+02
4.500000e+02 1.110000e+02
4.510000e+02 1.104000e+02
4.520000e+02 1.098000e+02
4.525000e+02 1.098000e+02
4.530000e+02 1.098000e+02
4.535000e+02 1.098000e+02
4.535000e+02 1.098000e+02
4.540000e+02 1.092000e+02
4.540000e+02 1.092000e+02
4.540000e+02 1.092000e+02
4.540000e+02 1.092000e+02
4.540000e+02 1.092000e+02
4.540000e+02 1.092000e+02
