1.885000e+02 3.054000e+02
1.885000e+02 3.054000e+02
1.885000e+02 3.042000e+02
1.885000e+02 3.024000e+02
1.885000e+02 3.006000e+02
1.890000e+02 2.982000e+02
1.890000e+02 2.964000e+02
1.890000e+02 2.934000e+02
1.895000e+02 2.904000e+02
1.900000e+02 2.850000e+02
1.910000e+02 2.796000e+02
1.920000e+02 2.730000e+02
1.930000e+02 2.688000e+02
1.940000e+02 2.652000e+02
1.950000e+02 2.598000e+02
1.960000e+02 2.550000e+02
1.975000e+02 2.496000e+02
1.985000e+02 2.442000e+02
2.000000e+02 2.382000e+02
2.010000e+02 2.328000e+02
2.025000e+02 2.256000e+02
2.045000e+02 2.160000e+02
2.055000e+02 2.100000e+02
2.065000e+02 2.040000e+02
2.085000e+02 1.950000e+02
2.100000e+02 1.860000e+02
2.115000e+02 1.806000e+02
2.125000e+02 1.752000e+02
2.135000e+02 1.692000e+02
2.145000e+02 1.632000e+02
2.160000e+02 1.578000e+02
2.175000e+02 1.488000e+02
2.185000e+02 1.458000e+02
2.200000e+02 1.398000e+02
2.215000e+02 1.338000e+02
2.225000e+02 1.290000e+02
2.240000e+02 1.218000e+02
2.260000e+02 1.158000e+02
2.270000e+02 1.098000e+02
2.280000e+02 1.062000e+02
2.285000e+02 1.026000e+02
2.300000e+02 9.840000e+01
2.310000e+02 9.480000e+01
2.315000e+02 9.300000e+01
2.320000e+02 9.180000e+01
2.325000e+02 9.120000e+01
2.330000e+02 9.060000e+01
2.335000e+02 9.000000e+01
2.340000e+02 8.940000e+01
2.350000e+02 8.940000e+01
2.360000e+02 8.940000e+01
2.375000e+02 9.000000e+01
2.390000e+02 9.060000e+01
2.400000e+02 9.120000e+01
2.420000e+02 9.240000e+01
2.445000e+02 9.360000e+01
2.470000e+02 9.540000e+01
2.500000e+02 9.780000e+01
2.530000e+02 1.002000e+02
2.575000e+02 1.044000e+02
2.605000e+02 1.074000e+02
2.640000e+02 1.104000e+02
2.675000e+02 1.134000e+02
2.705000e+02 1.164000e+02
2.740000e+02 1.194000e+02
2.770000e+02 1.224000e+02
2.805000e+02 1.260000e+02
2.840000e+02 1.296000e+02
2.875000e+02 1.326000e+02
2.910000e+02 1.362000e+02
2.950000e+02 1.398000e+02
2.985000e+02 1.440000e+02
3.015000e+02 1.476000e+02
3.055000e+02 1.512000e+02
3.090000e+02 1.542000e+02
3.125000e+02 1.590000e+02
3.160000e+02 1.632000e+02
3.200000e+02 1.674000e+02
3.230000e+02 1.722000e+02
3.265000e+02 1.764000e+02
3.300000e+02 1.812000e+02
3.335000e+02 1.860000e+02
3.385000e+02 1.926000e+02
3.415000e+02 1.968000e+02
3.450000e+02 2.022000e+02
3.480000e+02 2.064000e+02
3.510000e+02 2.106000e+02
3.540000e+02 2.148000e+02
3.570000e+02 2.190000e+02
3.605000e+02 2.238000e+02
3.635000e+02 2.274000e+02
3.665000e+02 2.322000e+02
3.695000e+02 2.364000e+02
3.725000e+02 2.406000e+02
3.760000e+02 2.448000e+02
3.805000e+02 2.520000e+02
3.840000e+02 2.562000e+02
3.865000e+02 2.604000e+02
3.880000e+02 2.622000e+02
3.915000e+02 2.670000e+02
3.955000e+02 2.730000e+02
3.985000e+02 2.772000e+02
4.010000e+02 2.814000e+02
4.035000e+02 2.856000e+02
4.060000e+02 2.892000e+02
4.080000e+02 2.928000e+02
4.100000e+02 2.964000e+02
4.120000e+02 3.000000e+02
4.135000e+02 3.024000e+02
4.150000e+02 3.060000e+02
4.160000e+02 3.078000e+02
4.180000e+02 3.120000e+02
4.195000e+02 3.144000e+02
4.205000e+02 3.168000e+02
4.215000e+02 3.180000e+02
4.220000e+02 3.192000e+02
4.230000e+02 3.204000e+02
4.250000e+02 3.222000e+02
4.260000e+02 3.234000e+02
4.260000e+02 3.234000e+02
