4.745000e+02 2.268000e+02
4.745000e+02 2.268000e+02
4.745000e+02 2.268000e+02
4.740000e+02 2.268000e+02
4.740000e+02 2.262000e+02
4.730000e+02 2.262000e+02
4.715000e+02 2.262000e+02
4.695000e+02 2.256000e+02
4.655000e+02 2.256000e+02
4.620000e+02 2.256000e+02
4.585000e+02 2.250000e+02
4.545000e+02 2.250000e+02
4.475000e+02 2.250000e+02
4.430000e+02 2.244000e+02
4.375000e+02 2.244000e+02
4.315000e+02 2.238000e+02
4.245000e+02 2.238000e+02
4.175000e+02 2.232000e+02
4.100000e+02 2.232000e+02
3.980000e+02 2.238000e+02
3.895000e+02 2.238000e+02
3.810000e+02 2.238000e+02
3.725000e+02 2.238000e+02
3.635000e+02 2.244000e+02
3.550000e+02 2.244000e+02
3.450000e+02 2.250000e+02
3.360000e+02 2.250000e+02
3.275000e+02 2.262000e+02
3.190000e+02 2.262000e+02
3.110000e+02 2.274000e+02
3.025000e+02 2.274000e+02
2.950000e+02 2.280000e+02
2.880000e+02 2.286000e+02
2.815000e+02 2.292000e+02
2.755000e+02 2.298000e+02
2.690000e+02 2.304000e+02
2.635000e+02 2.310000e+02
2.560000e+02 2.322000e+02
2.515000e+02 2.328000e+02
2.470000e+02 2.328000e+02
2.425000e+02 2.334000e+02
2.385000e+02 2.340000e+02
2.345000e+02 2.346000e+02
2.310000e+02 2.346000e+02
2.260000e+02 2.352000e+02
2.225000e+02 2.358000e+02
2.195000e+02 2.358000e+02
2.180000e+02 2.364000e+02
2.155000e+02 2.370000e+02
2.130000e+02 2.370000e+02
2.105000e+02 2.370000e+02
2.080000e+02 2.376000e+02
2.050000e+02 2.376000e+02
2.040000e+02 2.376000e+02
2.020000e+02 2.376000e+02
2.005000e+02 2.376000e+02
1.985000e+02 2.376000e+02
1.970000e+02 2.376000e+02
1.960000e+02 2.376000e+02
1.950000e+02 2.376000e+02
1.935000e+02 2.376000e+02
1.930000e+02 2.376000e+02
1.920000e+02 2.376000e+02
1.915000e+02 2.376000e+02
1.910000e+02 2.376000e+02
1.905000e+02 2.376000e+02
1.900000e+02 2.376000e+02
1.900000e+02 2.376000e+02
1.900000e+02 2.376000e+02
1.900000e+02 2.376000e+02
1.900000e+02 2.376000e+02
1.900000e+02 2.376000e+02
