2.535000e+02 9.780000e+01
2.535000e+02 9.780000e+01
2.525000e+02 1.020000e+02
2.515000e+02 1.092000e+02
2.505000e+02 1.158000e+02
2.495000e+02 1.224000e+02
2.490000e+02 1.302000e+02
2.485000e+02 1.374000e+02
2.485000e+02 1.458000e+02
2.480000e+02 1.536000e+02
2.480000e+02 1.620000e+02
2.475000e+02 1.740000e+02
2.475000e+02 1.818000e+02
2.475000e+02 1.902000e+02
2.470000e+02 1.974000e+02
2.470000e+02 2.046000e+02
2.470000e+02 2.112000e+02
2.465000e+02 2.184000e+02
2.465000e+02 2.256000e+02
2.465000e+02 2.328000e+02
2.465000e+02 2.400000e+02
2.470000e+02 2.472000e+02
2.470000e+02 2.538000e+02
2.470000e+02 2.616000e+02
2.475000e+02 2.688000e+02
2.475000e+02 2.802000e+02
2.475000e+02 2.874000e+02
2.480000e+02 2.958000e+02
2.480000e+02 3.024000e+02
2.485000e+02 3.102000e+02
2.485000e+02 3.162000e+02
2.490000e+02 3.228000e+02
2.490000e+02 3.288000e+02
2.495000e+02 3.348000e+02
2.495000e+02 3.408000e+02
2.500000e+02 3.462000e+02
2.500000e+02 3.516000e+02
2.500000e+02 3.576000e+02
2.500000e+02 3.648000e+02
2.500000e+02 3.720000e+02
2.500000e+02 3.780000e+02
2.500000e+02 3.822000e+02
2.500000e+02 3.852000e+02
2.500000e+02 3.888000e+02
2.500000e+02 3.912000e+02
2.500000e+02 3.936000e+02
2.500000e+02 3.954000e+02
2.500000e+02 3.978000e+02
2.500000e+02 3.990000e+02
2.500000e+02 4.002000e+02
2.500000e+02 4.008000e+02
2.500000e+02 4.014000e+02
2.500000e+02 4.026000e+02
2.500000e+02 4.044000e+02
2.500000e+02 4.044000e+02
