3.420000e+02 4.008000e+02
3.420000e+02 4.008000e+02
3.420000e+02 4.008000e+02
3.420000e+02 3.996000e+02
3.420000e+02 3.972000e+02
3.425000e+02 3.924000e+02
3.450000e+02 3.804000e+02
3.475000e+02 3.708000e+02
3.520000e+02 3.528000e+02
3.570000e+02 3.354000e+02
3.605000e+02 3.216000e+02
3.635000e+02 3.084000e+02
3.675000e+02 2.922000e+02
3.715000e+02 2.772000e+02
3.755000e+02 2.622000e+02
3.800000e+02 2.460000e+02
3.845000e+02 2.310000e+02
3.890000e+02 2.130000e+02
3.930000e+02 1.986000e+02
3.970000e+02 1.836000e+02
4.010000e+02 1.692000e+02
4.050000e+02 1.554000e+02
4.090000e+02 1.404000e+02
4.130000e+02 1.272000e+02
4.180000e+02 1.080000e+02
4.215000e+02 9.660000e+01
4.255000e+02 8.460000e+01
4.285000e+02 7.380000e+01
4.315000e+02 6.540000e+01
4.340000e+02 5.760000e+01
4.365000e+02 5.040000e+01
4.385000e+02 4.440000e+01
4.400000e+02 3.960000e+01
4.410000e+02 3.660000e+01
4.420000e+02 3.420000e+01
4.430000e+02 3.240000e+01
4.435000e+02 3.180000e+01
4.435000e+02 3.120000e+01
4.445000e+02 3.120000e+01
4.450000e+02 3.180000e+01
4.470000e+02 3.300000e+01
4.500000e+02 3.720000e+01
4.550000e+02 4.560000e+01
4.585000e+02 5.280000e+01
4.615000e+02 6.060000e+01
4.645000e+02 7.020000e+01
4.685000e+02 8.100000e+01
4.720000e+02 9.180000e+01
4.760000e+02 1.038000e+02
4.800000e+02 1.170000e+02
4.845000e+02 1.296000e+02
4.885000e+02 1.440000e+02
4.925000e+02 1.572000e+02
4.985000e+02 1.776000e+02
5.025000e+02 1.920000e+02
5.045000e+02 1.998000e+02
5.115000e+02 2.208000e+02
5.160000e+02 2.352000e+02
5.200000e+02 2.484000e+02
5.240000e+02 2.616000e+02
5.285000e+02 2.754000e+02
5.325000e+02 2.868000e+02
5.360000e+02 2.988000e+02
5.390000e+02 3.102000e+02
5.440000e+02 3.258000e+02
5.455000e+02 3.312000e+02
5.490000e+02 3.444000e+02
5.510000e+02 3.528000e+02
5.525000e+02 3.600000e+02
5.540000e+02 3.660000e+02
5.545000e+02 3.720000e+02
5.550000e+02 3.768000e+02
5.555000e+02 3.804000e+02
5.555000e+02 3.828000e+02
5.550000e+02 3.852000e+02
5.545000e+02 3.864000e+02
5.540000e+02 3.876000e+02
5.535000e+02 3.882000e+02
5.530000e+02 3.882000e+02
5.515000e+02 3.882000e+02
5.440000e+02 3.840000e+02
5.375000e+02 3.798000e+02
5.305000e+02 3.744000e+02
5.220000e+02 3.690000e+02
5.185000e+02 3.660000e+02
5.090000e+02 3.588000e+02
4.950000e+02 3.480000e+02
4.855000e+02 3.408000e+02
4.760000e+02 3.324000e+02
4.660000e+02 3.234000e+02
4.560000e+02 3.144000e+02
4.455000e+02 3.060000e+02
4.350000e+02 2.970000e+02
4.240000e+02 2.874000e+02
4.120000e+02 2.778000e+02
4.015000e+02 2.682000e+02
3.905000e+02 2.598000e+02
3.795000e+02 2.502000e+02
3.690000e+02 2.418000e+02
3.580000e+02 2.328000e+02
3.480000e+02 2.244000e+02
3.390000e+02 2.166000e+02
3.305000e+02 2.094000e+02
3.220000e+02 2.022000e+02
3.135000e+02 1.950000e+02
3.040000e+02 1.866000e+02
2.975000e+02 1.812000e+02
2.925000e+02 1.764000e+02
2.875000e+02 1.722000e+02
2.835000e+02 1.680000e+02
2.800000e+02 1.650000e+02
2.780000e+02 1.620000e+02
2.760000e+02 1.596000e+02
2.745000e+02 1.578000e+02
2.740000e+02 1.560000e+02
2.735000e+02 1.542000e+02
2.735000e+02 1.530000e+02
2.735000e+02 1.512000e+02
2.750000e+02 1.494000e+02
2.790000e+02 1.464000e+02
2.840000e+02 1.434000e+02
2.915000e+02 1.410000e+02
2.995000e+02 1.392000e+02
3.095000e+02 1.368000e+02
3.195000e+02 1.344000e+02
3.295000e+02 1.326000e+02
3.400000e+02 1.308000e+02
3.505000e+02 1.284000e+02
3.615000e+02 1.266000e+02
3.730000e+02 1.242000e+02
3.910000e+02 1.206000e+02
4.085000e+02 1.170000e+02
4.215000e+02 1.134000e+02
4.385000e+02 1.098000e+02
4.555000e+02 1.068000e+02
4.665000e+02 1.044000e+02
4.835000e+02 1.008000e+02
4.985000e+02 9.840000e+01
5.130000e+02 9.600000e+01
5.215000e+02 9.480000e+01
5.310000e+02 9.360000e+01
5.385000e+02 9.240000e+01
5.460000e+02 9.180000e+01
5.530000e+02 9.180000e+01
5.585000e+02 9.180000e+01
5.640000e+02 9.180000e+01
5.700000e+02 9.180000e+01
5.745000e+02 9.300000e+01
5.790000e+02 9.480000e+01
5.815000e+02 9.600000e+01
5.835000e+02 9.780000e+01
5.850000e+02 9.960000e+01
5.865000e+02 1.020000e+02
5.875000e+02 1.050000e+02
5.880000e+02 1.086000e+02
5.885000e+02 1.128000e+02
5.880000e+02 1.176000e+02
5.870000e+02 1.230000e+02
5.850000e+02 1.302000e+02
5.815000e+02 1.380000e+02
5.780000e+02 1.458000e+02
5.735000e+02 1.536000e+02
5.685000e+02 1.620000e+02
5.590000e+02 1.770000e+02
5.490000e+02 1.914000e+02
5.370000e+02 2.064000e+02
5.290000e+02 2.166000e+02
5.195000e+02 2.280000e+02
5.115000e+02 2.388000e+02
5.030000e+02 2.484000e+02
4.935000e+02 2.586000e+02
4.835000e+02 2.694000e+02
4.720000e+02 2.814000e+02
4.620000e+02 2.910000e+02
4.515000e+02 3.012000e+02
4.415000e+02 3.114000e+02
4.315000e+02 3.210000e+02
4.205000e+02 3.324000e+02
4.110000e+02 3.414000e+02
3.975000e+02 3.558000e+02
3.890000e+02 3.642000e+02
3.845000e+02 3.684000e+02
3.760000e+02 3.774000e+02
3.690000e+02 3.840000e+02
3.590000e+02 3.942000e+02
3.540000e+02 3.996000e+02
3.490000e+02 4.056000e+02
3.450000e+02 4.098000e+02
3.415000e+02 4.128000e+02
3.390000e+02 4.158000e+02
3.370000e+02 4.182000e+02
3.350000e+02 4.200000e+02
3.340000e+02 4.212000e+02
3.330000e+02 4.218000e+02
3.325000e+02 4.224000e+02
3.320000e+02 4.230000e+02
3.315000e+02 4.230000e+02
3.315000e+02 4.236000e+02
3.310000e+02 4.236000e+02
3.310000e+02 4.236000e+02
3.310000e+02 4.236000e+02
3.310000e+02 4.242000e+02
3.310000e+02 4.242000e+02
3.310000e+02 4.242000e+02
3.305000e+02 4.242000e+02
3.305000e+02 4.242000e+02
3.305000e+02 4.242000e+02
3.305000e+02 4.242000e+02
3.305000e+02 4.242000e+02
3.305000e+02 4.242000e+02
3.305000e+02 4.242000e+02
3.305000e+02 4.242000e+02
3.305000e+02 4.242000e+02
3.305000e+02 4.242000e+02
3.305000e+02 4.248000e+02
3.305000e+02 4.248000e+02
3.305000e+02 4.248000e+02
