9.600000e+01 2.478000e+02
9.600000e+01 2.478000e+02
9.600000e+01 2.478000e+02
9.600000e+01 2.478000e+02
9.650000e+01 2.478000e+02
9.750000e+01 2.478000e+02
1.000000e+02 2.484000e+02
1.040000e+02 2.484000e+02
1.090000e+02 2.484000e+02
1.140000e+02 2.478000e+02
1.195000e+02 2.466000e+02
1.250000e+02 2.454000e+02
1.310000e+02 2.442000e+02
1.375000e+02 2.430000e+02
1.435000e+02 2.418000e+02
1.495000e+02 2.406000e+02
1.560000e+02 2.394000e+02
1.585000e+02 2.394000e+02
1.640000e+02 2.388000e+02
1.700000e+02 2.388000e+02
1.770000e+02 2.394000e+02
1.815000e+02 2.406000e+02
1.860000e+02 2.424000e+02
1.885000e+02 2.442000e+02
1.910000e+02 2.466000e+02
1.935000e+02 2.490000e+02
1.950000e+02 2.520000e+02
1.975000e+02 2.556000e+02
1.995000e+02 2.592000e+02
2.020000e+02 2.634000e+02
2.050000e+02 2.676000e+02
2.100000e+02 2.742000e+02
2.140000e+02 2.778000e+02
2.160000e+02 2.796000e+02
2.210000e+02 2.826000e+02
2.255000e+02 2.856000e+02
2.315000e+02 2.880000e+02
2.370000e+02 2.904000e+02
2.445000e+02 2.928000e+02
2.505000e+02 2.952000e+02
2.605000e+02 2.982000e+02
2.670000e+02 3.012000e+02
2.700000e+02 3.024000e+02
2.765000e+02 3.042000e+02
2.825000e+02 3.066000e+02
2.885000e+02 3.084000e+02
2.945000e+02 3.096000e+02
3.000000e+02 3.114000e+02
3.065000e+02 3.126000e+02
3.120000e+02 3.132000e+02
3.180000e+02 3.138000e+02
3.235000e+02 3.138000e+02
3.295000e+02 3.138000e+02
3.380000e+02 3.132000e+02
3.435000e+02 3.126000e+02
3.460000e+02 3.126000e+02
3.515000e+02 3.120000e+02
3.565000e+02 3.108000e+02
3.615000e+02 3.102000e+02
3.695000e+02 3.084000e+02
3.740000e+02 3.078000e+02
3.790000e+02 3.066000e+02
3.835000e+02 3.054000e+02
3.885000e+02 3.042000e+02
3.925000e+02 3.030000e+02
3.965000e+02 3.024000e+02
4.010000e+02 3.006000e+02
4.055000e+02 2.994000e+02
4.115000e+02 2.976000e+02
4.180000e+02 2.958000e+02
4.210000e+02 2.952000e+02
4.250000e+02 2.946000e+02
4.290000e+02 2.934000e+02
4.325000e+02 2.928000e+02
4.355000e+02 2.922000e+02
4.390000e+02 2.916000e+02
4.430000e+02 2.910000e+02
4.465000e+02 2.904000e+02
4.515000e+02 2.898000e+02
4.535000e+02 2.892000e+02
4.565000e+02 2.886000e+02
4.600000e+02 2.874000e+02
4.630000e+02 2.868000e+02
4.665000e+02 2.856000e+02
4.695000e+02 2.844000e+02
4.720000e+02 2.838000e+02
4.745000e+02 2.832000e+02
4.765000e+02 2.826000e+02
4.795000e+02 2.820000e+02
4.820000e+02 2.814000e+02
4.835000e+02 2.814000e+02
4.845000e+02 2.814000e+02
4.860000e+02 2.814000e+02
4.865000e+02 2.808000e+02
4.875000e+02 2.802000e+02
4.880000e+02 2.802000e+02
4.880000e+02 2.802000e+02
