2.190000e+02 8.340000e+01
2.190000e+02 8.340000e+01
2.190000e+02 8.340000e+01
2.190000e+02 8.340000e+01
2.185000e+02 8.520000e+01
2.180000e+02 8.880000e+01
2.180000e+02 9.540000e+01
2.175000e+02 1.020000e+02
2.175000e+02 1.098000e+02
2.170000e+02 1.170000e+02
2.170000e+02 1.248000e+02
2.170000e+02 1.314000e+02
2.165000e+02 1.380000e+02
2.165000e+02 1.452000e+02
2.160000e+02 1.524000e+02
2.160000e+02 1.596000e+02
2.155000e+02 1.662000e+02
2.155000e+02 1.740000e+02
2.150000e+02 1.854000e+02
2.145000e+02 1.962000e+02
2.145000e+02 2.076000e+02
2.140000e+02 2.148000e+02
2.135000e+02 2.298000e+02
2.135000e+02 2.364000e+02
2.135000e+02 2.424000e+02
2.135000e+02 2.496000e+02
2.135000e+02 2.556000e+02
2.135000e+02 2.616000e+02
2.135000e+02 2.676000e+02
2.135000e+02 2.724000e+02
2.130000e+02 2.790000e+02
2.130000e+02 2.856000e+02
2.130000e+02 2.916000e+02
2.130000e+02 2.982000e+02
2.130000e+02 3.042000e+02
2.130000e+02 3.114000e+02
2.130000e+02 3.174000e+02
2.130000e+02 3.240000e+02
2.130000e+02 3.318000e+02
2.135000e+02 3.378000e+02
2.135000e+02 3.432000e+02
2.135000e+02 3.480000e+02
2.135000e+02 3.528000e+02
2.140000e+02 3.582000e+02
2.140000e+02 3.630000e+02
2.145000e+02 3.684000e+02
2.145000e+02 3.738000e+02
2.150000e+02 3.780000e+02
2.150000e+02 3.852000e+02
2.155000e+02 3.894000e+02
2.160000e+02 3.936000e+02
2.160000e+02 3.978000e+02
2.160000e+02 4.020000e+02
2.165000e+02 4.062000e+02
2.165000e+02 4.092000e+02
2.170000e+02 4.128000e+02
2.170000e+02 4.152000e+02
2.170000e+02 4.176000e+02
2.170000e+02 4.194000e+02
2.165000e+02 4.218000e+02
2.165000e+02 4.248000e+02
2.165000e+02 4.278000e+02
2.165000e+02 4.278000e+02
