3.510000e+02 4.212000e+02
3.510000e+02 4.212000e+02
3.510000e+02 4.218000e+02
3.505000e+02 4.224000e+02
3.505000e+02 4.224000e+02
3.505000e+02 4.230000e+02
3.500000e+02 4.230000e+02
3.500000e+02 4.224000e+02
3.495000e+02 4.182000e+02
3.490000e+02 4.122000e+02
3.485000e+02 4.050000e+02
3.475000e+02 3.954000e+02
3.470000e+02 3.870000e+02
3.465000e+02 3.768000e+02
3.460000e+02 3.672000e+02
3.460000e+02 3.582000e+02
3.460000e+02 3.480000e+02
3.460000e+02 3.390000e+02
3.460000e+02 3.240000e+02
3.460000e+02 3.090000e+02
3.465000e+02 2.952000e+02
3.470000e+02 2.850000e+02
3.470000e+02 2.760000e+02
3.475000e+02 2.676000e+02
3.475000e+02 2.580000e+02
3.475000e+02 2.502000e+02
3.480000e+02 2.406000e+02
3.480000e+02 2.322000e+02
3.480000e+02 2.238000e+02
3.480000e+02 2.154000e+02
3.480000e+02 2.076000e+02
3.475000e+02 1.986000e+02
3.470000e+02 1.866000e+02
3.465000e+02 1.752000e+02
3.465000e+02 1.632000e+02
3.465000e+02 1.566000e+02
3.465000e+02 1.500000e+02
3.470000e+02 1.440000e+02
3.470000e+02 1.380000e+02
3.475000e+02 1.326000e+02
3.475000e+02 1.272000e+02
3.475000e+02 1.212000e+02
3.480000e+02 1.158000e+02
3.480000e+02 1.110000e+02
3.480000e+02 1.056000e+02
3.480000e+02 1.008000e+02
3.480000e+02 9.780000e+01
3.480000e+02 9.480000e+01
3.480000e+02 9.120000e+01
3.480000e+02 9.000000e+01
3.480000e+02 8.820000e+01
3.480000e+02 8.820000e+01
