2.900000e+02 3.246000e+02
2.900000e+02 3.246000e+02
2.895000e+02 3.246000e+02
2.895000e+02 3.246000e+02
2.890000e+02 3.240000e+02
2.890000e+02 3.240000e+02
2.885000e+02 3.234000e+02
2.880000e+02 3.228000e+02
2.875000e+02 3.222000e+02
2.875000e+02 3.216000e+02
2.870000e+02 3.210000e+02
2.865000e+02 3.192000e+02
2.860000e+02 3.168000e+02
2.850000e+02 3.138000e+02
2.845000e+02 3.090000e+02
2.835000e+02 3.012000e+02
2.830000e+02 2.958000e+02
2.825000e+02 2.898000e+02
2.820000e+02 2.838000e+02
2.815000e+02 2.760000e+02
2.815000e+02 2.688000e+02
2.810000e+02 2.604000e+02
2.810000e+02 2.526000e+02
2.810000e+02 2.442000e+02
2.815000e+02 2.352000e+02
2.815000e+02 2.262000e+02
2.820000e+02 2.166000e+02
2.825000e+02 2.076000e+02
2.830000e+02 1.998000e+02
2.830000e+02 1.932000e+02
2.835000e+02 1.878000e+02
2.840000e+02 1.806000e+02
2.845000e+02 1.770000e+02
2.845000e+02 1.734000e+02
2.850000e+02 1.710000e+02
2.850000e+02 1.680000e+02
2.850000e+02 1.650000e+02
2.850000e+02 1.626000e+02
2.850000e+02 1.602000e+02
2.850000e+02 1.578000e+02
2.850000e+02 1.560000e+02
2.855000e+02 1.554000e+02
2.855000e+02 1.548000e+02
2.855000e+02 1.548000e+02
2.860000e+02 1.548000e+02
2.860000e+02 1.548000e+02
