3.405000e+02 9.720000e+01
3.405000e+02 9.720000e+01
3.395000e+02 1.014000e+02
3.385000e+02 1.086000e+02
3.380000e+02 1.158000e+02
3.370000e+02 1.248000e+02
3.365000e+02 1.332000e+02
3.355000e+02 1.428000e+02
3.350000e+02 1.512000e+02
3.340000e+02 1.602000e+02
3.330000e+02 1.674000e+02
3.320000e+02 1.788000e+02
3.310000e+02 1.884000e+02
3.305000e+02 1.968000e+02
3.295000e+02 2.058000e+02
3.290000e+02 2.142000e+02
3.285000e+02 2.232000e+02
3.275000e+02 2.340000e+02
3.270000e+02 2.424000e+02
3.265000e+02 2.526000e+02
3.265000e+02 2.610000e+02
3.260000e+02 2.694000e+02
3.255000e+02 2.784000e+02
3.250000e+02 2.904000e+02
3.250000e+02 2.946000e+02
3.245000e+02 3.054000e+02
3.240000e+02 3.132000e+02
3.240000e+02 3.204000e+02
3.235000e+02 3.270000e+02
3.235000e+02 3.330000e+02
3.230000e+02 3.390000e+02
3.225000e+02 3.438000e+02
3.225000e+02 3.486000e+02
3.220000e+02 3.534000e+02
3.220000e+02 3.582000e+02
3.220000e+02 3.624000e+02
3.220000e+02 3.660000e+02
3.215000e+02 3.708000e+02
3.215000e+02 3.744000e+02
3.215000e+02 3.780000e+02
3.215000e+02 3.816000e+02
3.215000e+02 3.858000e+02
3.220000e+02 3.900000e+02
3.220000e+02 3.936000e+02
3.220000e+02 3.972000e+02
3.220000e+02 4.008000e+02
3.215000e+02 4.044000e+02
3.215000e+02 4.080000e+02
3.210000e+02 4.122000e+02
3.210000e+02 4.146000e+02
3.210000e+02 4.170000e+02
3.210000e+02 4.188000e+02
3.210000e+02 4.206000e+02
3.210000e+02 4.224000e+02
3.210000e+02 4.242000e+02
3.210000e+02 4.272000e+02
3.210000e+02 4.290000e+02
3.210000e+02 4.290000e+02
