2.385000e+02 3.774000e+02
2.385000e+02 3.774000e+02
2.395000e+02 3.738000e+02
2.415000e+02 3.684000e+02
2.430000e+02 3.648000e+02
2.460000e+02 3.564000e+02
2.475000e+02 3.522000e+02
2.510000e+02 3.414000e+02
2.535000e+02 3.288000e+02
2.560000e+02 3.144000e+02
2.585000e+02 3.000000e+02
2.620000e+02 2.844000e+02
2.640000e+02 2.760000e+02
2.675000e+02 2.598000e+02
2.720000e+02 2.442000e+02
2.740000e+02 2.376000e+02
2.780000e+02 2.238000e+02
2.800000e+02 2.172000e+02
2.840000e+02 2.034000e+02
2.875000e+02 1.902000e+02
2.910000e+02 1.788000e+02
2.925000e+02 1.734000e+02
2.950000e+02 1.650000e+02
2.975000e+02 1.572000e+02
2.985000e+02 1.536000e+02
3.005000e+02 1.488000e+02
3.015000e+02 1.464000e+02
3.030000e+02 1.434000e+02
3.040000e+02 1.416000e+02
3.050000e+02 1.410000e+02
3.065000e+02 1.416000e+02
3.085000e+02 1.434000e+02
3.110000e+02 1.476000e+02
3.125000e+02 1.506000e+02
3.140000e+02 1.536000e+02
3.170000e+02 1.614000e+02
3.190000e+02 1.656000e+02
3.235000e+02 1.770000e+02
3.285000e+02 1.902000e+02
3.370000e+02 2.112000e+02
3.430000e+02 2.262000e+02
3.460000e+02 2.346000e+02
3.525000e+02 2.508000e+02
3.590000e+02 2.670000e+02
3.620000e+02 2.742000e+02
3.685000e+02 2.892000e+02
3.745000e+02 3.036000e+02
3.775000e+02 3.102000e+02
3.825000e+02 3.222000e+02
3.870000e+02 3.324000e+02
3.890000e+02 3.366000e+02
3.915000e+02 3.432000e+02
3.935000e+02 3.480000e+02
3.950000e+02 3.540000e+02
3.955000e+02 3.564000e+02
3.955000e+02 3.576000e+02
3.945000e+02 3.582000e+02
3.930000e+02 3.582000e+02
3.895000e+02 3.570000e+02
3.850000e+02 3.552000e+02
3.790000e+02 3.522000e+02
3.720000e+02 3.474000e+02
3.635000e+02 3.426000e+02
3.540000e+02 3.360000e+02
3.480000e+02 3.330000e+02
3.355000e+02 3.258000e+02
3.225000e+02 3.192000e+02
3.095000e+02 3.132000e+02
3.025000e+02 3.102000e+02
2.955000e+02 3.072000e+02
2.810000e+02 3.018000e+02
2.735000e+02 2.988000e+02
2.590000e+02 2.946000e+02
2.450000e+02 2.916000e+02
2.310000e+02 2.880000e+02
2.185000e+02 2.856000e+02
2.125000e+02 2.850000e+02
2.015000e+02 2.832000e+02
1.935000e+02 2.826000e+02
1.900000e+02 2.820000e+02
1.850000e+02 2.814000e+02
1.815000e+02 2.808000e+02
1.805000e+02 2.802000e+02
1.795000e+02 2.796000e+02
1.805000e+02 2.784000e+02
1.820000e+02 2.778000e+02
1.865000e+02 2.748000e+02
1.930000e+02 2.712000e+02
2.030000e+02 2.670000e+02
2.155000e+02 2.616000e+02
2.230000e+02 2.586000e+02
2.385000e+02 2.520000e+02
2.550000e+02 2.448000e+02
2.635000e+02 2.418000e+02
2.830000e+02 2.334000e+02
3.010000e+02 2.256000e+02
3.100000e+02 2.214000e+02
3.285000e+02 2.130000e+02
3.445000e+02 2.058000e+02
3.525000e+02 2.016000e+02
3.680000e+02 1.944000e+02
3.805000e+02 1.878000e+02
3.865000e+02 1.842000e+02
3.960000e+02 1.788000e+02
4.040000e+02 1.746000e+02
4.095000e+02 1.716000e+02
4.135000e+02 1.692000e+02
4.160000e+02 1.674000e+02
4.170000e+02 1.668000e+02
4.185000e+02 1.656000e+02
4.190000e+02 1.656000e+02
4.185000e+02 1.662000e+02
4.165000e+02 1.674000e+02
4.135000e+02 1.698000e+02
4.115000e+02 1.722000e+02
4.075000e+02 1.776000e+02
4.050000e+02 1.800000e+02
3.995000e+02 1.872000e+02
3.935000e+02 1.956000e+02
3.900000e+02 2.004000e+02
3.830000e+02 2.112000e+02
3.750000e+02 2.238000e+02
3.670000e+02 2.376000e+02
3.585000e+02 2.526000e+02
3.505000e+02 2.682000e+02
3.425000e+02 2.838000e+02
3.355000e+02 2.988000e+02
3.290000e+02 3.144000e+02
3.260000e+02 3.216000e+02
3.205000e+02 3.354000e+02
3.155000e+02 3.492000e+02
3.115000e+02 3.618000e+02
3.095000e+02 3.672000e+02
3.070000e+02 3.774000e+02
3.060000e+02 3.822000e+02
3.040000e+02 3.894000e+02
3.025000e+02 3.948000e+02
3.020000e+02 3.990000e+02
3.020000e+02 4.008000e+02
3.020000e+02 4.032000e+02
3.025000e+02 4.038000e+02
3.030000e+02 4.050000e+02
3.045000e+02 4.044000e+02
3.065000e+02 4.032000e+02
3.080000e+02 4.020000e+02
3.100000e+02 3.990000e+02
3.125000e+02 3.942000e+02
3.125000e+02 3.942000e+02
