3.005000e+02 4.080000e+02
3.005000e+02 4.080000e+02
3.005000e+02 4.074000e+02
3.000000e+02 4.068000e+02
3.000000e+02 4.056000e+02
3.000000e+02 4.038000e+02
3.000000e+02 4.020000e+02
2.995000e+02 3.990000e+02
2.995000e+02 3.948000e+02
2.995000e+02 3.912000e+02
2.990000e+02 3.870000e+02
2.990000e+02 3.828000e+02
2.990000e+02 3.780000e+02
2.990000e+02 3.702000e+02
2.990000e+02 3.618000e+02
2.990000e+02 3.528000e+02
2.990000e+02 3.498000e+02
2.990000e+02 3.438000e+02
2.990000e+02 3.378000e+02
2.990000e+02 3.318000e+02
2.990000e+02 3.264000e+02
2.985000e+02 3.204000e+02
2.985000e+02 3.144000e+02
2.985000e+02 3.054000e+02
2.985000e+02 3.024000e+02
2.980000e+02 2.934000e+02
2.975000e+02 2.844000e+02
2.975000e+02 2.790000e+02
2.970000e+02 2.736000e+02
2.970000e+02 2.682000e+02
2.970000e+02 2.628000e+02
2.965000e+02 2.568000e+02
2.965000e+02 2.514000e+02
2.960000e+02 2.472000e+02
2.960000e+02 2.424000e+02
2.955000e+02 2.376000e+02
2.950000e+02 2.334000e+02
2.950000e+02 2.292000e+02
2.945000e+02 2.250000e+02
2.940000e+02 2.208000e+02
2.940000e+02 2.172000e+02
2.935000e+02 2.112000e+02
2.930000e+02 2.064000e+02
2.930000e+02 2.034000e+02
2.925000e+02 1.992000e+02
2.925000e+02 1.962000e+02
2.920000e+02 1.944000e+02
2.920000e+02 1.926000e+02
2.920000e+02 1.908000e+02
2.920000e+02 1.902000e+02
2.915000e+02 1.884000e+02
2.915000e+02 1.884000e+02
2.915000e+02 1.884000e+02
2.915000e+02 1.884000e+02
2.915000e+02 1.884000e+02
