2.880000e+02 1.164000e+02
2.880000e+02 1.164000e+02
2.880000e+02 1.164000e+02
2.880000e+02 1.164000e+02
2.875000e+02 1.158000e+02
2.875000e+02 1.152000e+02
2.870000e+02 1.152000e+02
2.870000e+02 1.146000e+02
2.870000e+02 1.128000e+02
2.865000e+02 1.074000e+02
2.870000e+02 9.780000e+01
2.875000e+02 9.180000e+01
2.880000e+02 8.580000e+01
2.890000e+02 8.160000e+01
2.905000e+02 7.620000e+01
2.925000e+02 7.020000e+01
2.955000e+02 6.420000e+01
2.995000e+02 5.700000e+01
3.040000e+02 5.100000e+01
3.085000e+02 4.560000e+01
3.125000e+02 4.200000e+01
3.170000e+02 3.780000e+01
3.210000e+02 3.540000e+01
3.255000e+02 3.360000e+01
3.320000e+02 3.180000e+01
3.340000e+02 3.180000e+01
3.435000e+02 3.240000e+01
3.475000e+02 3.420000e+01
3.535000e+02 3.840000e+01
3.555000e+02 4.020000e+01
3.585000e+02 4.320000e+01
3.615000e+02 4.800000e+01
3.640000e+02 5.220000e+01
3.660000e+02 5.760000e+01
3.675000e+02 6.240000e+01
3.690000e+02 6.840000e+01
3.700000e+02 7.440000e+01
3.705000e+02 8.160000e+01
3.710000e+02 8.760000e+01
3.710000e+02 9.420000e+01
3.705000e+02 1.002000e+02
3.700000e+02 1.032000e+02
3.695000e+02 1.092000e+02
3.685000e+02 1.152000e+02
3.680000e+02 1.200000e+02
3.670000e+02 1.260000e+02
3.660000e+02 1.314000e+02
3.645000e+02 1.392000e+02
3.640000e+02 1.416000e+02
3.615000e+02 1.512000e+02
3.595000e+02 1.566000e+02
3.575000e+02 1.614000e+02
3.560000e+02 1.656000e+02
3.535000e+02 1.692000e+02
3.505000e+02 1.758000e+02
3.490000e+02 1.776000e+02
3.465000e+02 1.812000e+02
3.445000e+02 1.836000e+02
3.420000e+02 1.866000e+02
3.400000e+02 1.890000e+02
3.380000e+02 1.908000e+02
3.360000e+02 1.926000e+02
3.340000e+02 1.944000e+02
3.320000e+02 1.956000e+02
3.315000e+02 1.962000e+02
3.310000e+02 1.968000e+02
3.300000e+02 1.974000e+02
3.295000e+02 1.980000e+02
3.290000e+02 1.980000e+02
3.285000e+02 1.980000e+02
3.280000e+02 1.986000e+02
3.280000e+02 1.986000e+02
3.280000e+02 1.992000e+02
3.275000e+02 1.992000e+02
3.275000e+02 1.992000e+02
3.275000e+02 1.992000e+02
3.275000e+02 1.998000e+02
3.275000e+02 1.998000e+02
3.275000e+02 2.004000e+02
3.275000e+02 2.010000e+02
3.280000e+02 2.016000e+02
3.280000e+02 2.040000e+02
3.290000e+02 2.070000e+02
3.290000e+02 2.100000e+02
3.295000e+02 2.136000e+02
3.300000e+02 2.196000e+02
3.305000e+02 2.238000e+02
3.305000e+02 2.286000e+02
3.310000e+02 2.376000e+02
3.310000e+02 2.400000e+02
3.310000e+02 2.490000e+02
3.305000e+02 2.574000e+02
3.305000e+02 2.640000e+02
3.300000e+02 2.694000e+02
3.300000e+02 2.748000e+02
3.300000e+02 2.814000e+02
3.300000e+02 2.868000e+02
3.305000e+02 2.964000e+02
3.310000e+02 3.018000e+02
3.310000e+02 3.042000e+02
3.315000e+02 3.114000e+02
3.315000e+02 3.138000e+02
3.320000e+02 3.186000e+02
3.330000e+02 3.240000e+02
3.330000e+02 3.282000e+02
3.335000e+02 3.312000e+02
3.335000e+02 3.330000e+02
3.335000e+02 3.354000e+02
3.335000e+02 3.360000e+02
3.335000e+02 3.360000e+02
3.335000e+02 3.372000e+02
3.335000e+02 3.372000e+02
