2.820000e+02 2.052000e+02
2.820000e+02 2.052000e+02
2.820000e+02 2.052000e+02
2.820000e+02 2.052000e+02
2.820000e+02 2.058000e+02
2.820000e+02 2.058000e+02
2.820000e+02 2.058000e+02
2.820000e+02 2.058000e+02
2.820000e+02 2.064000e+02
2.825000e+02 2.064000e+02
2.830000e+02 2.070000e+02
2.835000e+02 2.076000e+02
2.840000e+02 2.088000e+02
2.850000e+02 2.106000e+02
2.865000e+02 2.130000e+02
2.885000e+02 2.166000e+02
2.905000e+02 2.208000e+02
2.930000e+02 2.244000e+02
2.955000e+02 2.292000e+02
2.975000e+02 2.340000e+02
3.000000e+02 2.394000e+02
3.025000e+02 2.442000e+02
3.055000e+02 2.502000e+02
3.080000e+02 2.556000e+02
3.105000e+02 2.610000e+02
3.140000e+02 2.688000e+02
3.155000e+02 2.718000e+02
3.200000e+02 2.796000e+02
3.235000e+02 2.874000e+02
3.260000e+02 2.922000e+02
3.280000e+02 2.970000e+02
3.305000e+02 3.012000e+02
3.325000e+02 3.054000e+02
3.345000e+02 3.090000e+02
3.360000e+02 3.126000e+02
3.375000e+02 3.150000e+02
3.385000e+02 3.174000e+02
3.390000e+02 3.198000e+02
3.400000e+02 3.210000e+02
3.410000e+02 3.228000e+02
3.415000e+02 3.240000e+02
3.420000e+02 3.252000e+02
3.420000e+02 3.252000e+02
3.425000e+02 3.258000e+02
3.425000e+02 3.258000e+02
3.425000e+02 3.258000e+02
3.425000e+02 3.264000e+02
3.430000e+02 3.264000e+02
3.430000e+02 3.264000e+02
3.430000e+02 3.258000e+02
3.430000e+02 3.258000e+02
3.430000e+02 3.258000e+02
3.435000e+02 3.258000e+02
3.435000e+02 3.252000e+02
3.435000e+02 3.252000e+02
3.435000e+02 3.252000e+02
3.435000e+02 3.246000e+02
3.440000e+02 3.240000e+02
3.445000e+02 3.240000e+02
3.455000e+02 3.228000e+02
3.460000e+02 3.222000e+02
3.470000e+02 3.210000e+02
3.480000e+02 3.198000e+02
3.510000e+02 3.162000e+02
3.535000e+02 3.132000e+02
3.565000e+02 3.096000e+02
3.595000e+02 3.054000e+02
3.610000e+02 3.036000e+02
3.660000e+02 2.970000e+02
3.700000e+02 2.922000e+02
3.735000e+02 2.874000e+02
3.780000e+02 2.820000e+02
3.825000e+02 2.766000e+02
3.870000e+02 2.718000e+02
3.920000e+02 2.670000e+02
3.965000e+02 2.622000e+02
4.015000e+02 2.562000e+02
4.075000e+02 2.496000e+02
4.125000e+02 2.442000e+02
4.180000e+02 2.382000e+02
4.225000e+02 2.334000e+02
4.280000e+02 2.280000e+02
4.340000e+02 2.226000e+02
4.400000e+02 2.172000e+02
4.460000e+02 2.112000e+02
4.515000e+02 2.064000e+02
4.570000e+02 2.016000e+02
4.625000e+02 1.968000e+02
4.680000e+02 1.920000e+02
4.735000e+02 1.878000e+02
4.790000e+02 1.836000e+02
4.840000e+02 1.794000e+02
4.915000e+02 1.734000e+02
4.935000e+02 1.722000e+02
4.980000e+02 1.686000e+02
5.025000e+02 1.656000e+02
5.085000e+02 1.614000e+02
5.105000e+02 1.596000e+02
5.140000e+02 1.572000e+02
5.190000e+02 1.536000e+02
5.215000e+02 1.512000e+02
5.240000e+02 1.488000e+02
5.270000e+02 1.470000e+02
5.295000e+02 1.446000e+02
5.315000e+02 1.434000e+02
5.345000e+02 1.410000e+02
5.360000e+02 1.398000e+02
5.370000e+02 1.386000e+02
5.385000e+02 1.374000e+02
5.395000e+02 1.362000e+02
5.400000e+02 1.356000e+02
5.405000e+02 1.350000e+02
5.410000e+02 1.344000e+02
5.415000e+02 1.338000e+02
5.415000e+02 1.338000e+02
5.420000e+02 1.332000e+02
5.420000e+02 1.332000e+02
5.425000e+02 1.332000e+02
5.425000e+02 1.326000e+02
5.425000e+02 1.326000e+02
5.425000e+02 1.326000e+02
5.425000e+02 1.326000e+02
5.425000e+02 1.326000e+02
5.425000e+02 1.326000e+02
5.425000e+02 1.326000e+02
5.425000e+02 1.326000e+02
5.425000e+02 1.326000e+02
5.425000e+02 1.326000e+02
5.425000e+02 1.332000e+02
5.425000e+02 1.332000e+02
5.425000e+02 1.332000e+02
5.420000e+02 1.332000e+02
5.420000e+02 1.338000e+02
5.415000e+02 1.338000e+02
5.415000e+02 1.338000e+02
