2.275000e+02 9.900000e+01
2.275000e+02 9.900000e+01
2.290000e+02 1.026000e+02
2.325000e+02 1.068000e+02
2.350000e+02 1.098000e+02
2.395000e+02 1.158000e+02
2.450000e+02 1.230000e+02
2.480000e+02 1.272000e+02
2.545000e+02 1.356000e+02
2.610000e+02 1.446000e+02
2.645000e+02 1.500000e+02
2.715000e+02 1.602000e+02
2.795000e+02 1.716000e+02
2.840000e+02 1.776000e+02
2.920000e+02 1.890000e+02
3.000000e+02 2.016000e+02
3.080000e+02 2.136000e+02
3.120000e+02 2.196000e+02
3.195000e+02 2.310000e+02
3.235000e+02 2.370000e+02
3.310000e+02 2.484000e+02
3.385000e+02 2.598000e+02
3.455000e+02 2.700000e+02
3.530000e+02 2.802000e+02
3.590000e+02 2.904000e+02
3.650000e+02 2.988000e+02
3.705000e+02 3.078000e+02
3.730000e+02 3.108000e+02
3.785000e+02 3.180000e+02
3.835000e+02 3.246000e+02
3.855000e+02 3.276000e+02
3.895000e+02 3.330000e+02
3.940000e+02 3.390000e+02
3.955000e+02 3.420000e+02
3.985000e+02 3.462000e+02
4.010000e+02 3.498000e+02
4.025000e+02 3.516000e+02
4.040000e+02 3.534000e+02
4.045000e+02 3.540000e+02
4.045000e+02 3.546000e+02
4.050000e+02 3.552000e+02
4.050000e+02 3.558000e+02
4.045000e+02 3.564000e+02
4.040000e+02 3.564000e+02
4.025000e+02 3.570000e+02
3.995000e+02 3.570000e+02
3.980000e+02 3.570000e+02
3.945000e+02 3.570000e+02
3.920000e+02 3.570000e+02
3.870000e+02 3.570000e+02
3.815000e+02 3.570000e+02
3.780000e+02 3.570000e+02
3.710000e+02 3.570000e+02
3.625000e+02 3.582000e+02
3.525000e+02 3.594000e+02
3.420000e+02 3.612000e+02
3.365000e+02 3.624000e+02
3.250000e+02 3.648000e+02
3.130000e+02 3.672000e+02
3.070000e+02 3.678000e+02
3.015000e+02 3.690000e+02
2.905000e+02 3.708000e+02
2.805000e+02 3.726000e+02
2.755000e+02 3.744000e+02
2.665000e+02 3.768000e+02
2.575000e+02 3.798000e+02
2.530000e+02 3.810000e+02
2.445000e+02 3.828000e+02
2.360000e+02 3.846000e+02
2.325000e+02 3.858000e+02
2.255000e+02 3.870000e+02
2.220000e+02 3.876000e+02
2.165000e+02 3.888000e+02
2.120000e+02 3.900000e+02
2.100000e+02 3.900000e+02
2.065000e+02 3.912000e+02
2.040000e+02 3.918000e+02
2.030000e+02 3.924000e+02
2.015000e+02 3.930000e+02
2.005000e+02 3.936000e+02
1.995000e+02 3.936000e+02
1.995000e+02 3.936000e+02
1.990000e+02 3.936000e+02
1.990000e+02 3.930000e+02
2.005000e+02 3.918000e+02
2.010000e+02 3.912000e+02
2.025000e+02 3.894000e+02
2.045000e+02 3.876000e+02
2.055000e+02 3.864000e+02
2.085000e+02 3.828000e+02
2.120000e+02 3.786000e+02
2.135000e+02 3.762000e+02
2.175000e+02 3.714000e+02
2.215000e+02 3.654000e+02
2.235000e+02 3.624000e+02
2.275000e+02 3.558000e+02
2.305000e+02 3.528000e+02
2.360000e+02 3.450000e+02
2.420000e+02 3.372000e+02
2.490000e+02 3.282000e+02
2.530000e+02 3.234000e+02
2.600000e+02 3.144000e+02
2.675000e+02 3.054000e+02
2.715000e+02 3.000000e+02
2.795000e+02 2.898000e+02
2.885000e+02 2.784000e+02
2.935000e+02 2.736000e+02
2.980000e+02 2.682000e+02
3.080000e+02 2.580000e+02
3.130000e+02 2.532000e+02
3.185000e+02 2.478000e+02
3.290000e+02 2.382000e+02
3.390000e+02 2.292000e+02
3.440000e+02 2.244000e+02
3.535000e+02 2.154000e+02
3.630000e+02 2.058000e+02
3.720000e+02 1.974000e+02
3.815000e+02 1.884000e+02
3.905000e+02 1.800000e+02
3.950000e+02 1.764000e+02
4.045000e+02 1.680000e+02
4.135000e+02 1.602000e+02
4.225000e+02 1.524000e+02
4.305000e+02 1.458000e+02
4.385000e+02 1.386000e+02
4.425000e+02 1.356000e+02
4.490000e+02 1.302000e+02
4.555000e+02 1.242000e+02
4.585000e+02 1.218000e+02
4.665000e+02 1.152000e+02
4.710000e+02 1.110000e+02
4.735000e+02 1.086000e+02
4.775000e+02 1.038000e+02
4.815000e+02 1.008000e+02
4.830000e+02 9.900000e+01
4.860000e+02 9.720000e+01
4.885000e+02 9.480000e+01
4.895000e+02 9.360000e+01
4.915000e+02 9.120000e+01
4.935000e+02 8.880000e+01
4.940000e+02 8.820000e+01
4.955000e+02 8.640000e+01
4.965000e+02 8.520000e+01
4.980000e+02 8.400000e+01
4.990000e+02 8.280000e+01
4.990000e+02 8.280000e+01
4.985000e+02 8.340000e+01
4.985000e+02 8.340000e+01
