2.460000e+02 3.582000e+02
2.460000e+02 3.582000e+02
2.465000e+02 3.552000e+02
2.470000e+02 3.504000e+02
2.480000e+02 3.480000e+02
2.490000e+02 3.414000e+02
2.500000e+02 3.378000e+02
2.515000e+02 3.300000e+02
2.535000e+02 3.216000e+02
2.550000e+02 3.120000e+02
2.565000e+02 3.018000e+02
2.580000e+02 2.970000e+02
2.590000e+02 2.922000e+02
2.615000e+02 2.814000e+02
2.625000e+02 2.760000e+02
2.650000e+02 2.652000e+02
2.670000e+02 2.544000e+02
2.680000e+02 2.496000e+02
2.685000e+02 2.448000e+02
2.705000e+02 2.346000e+02
2.725000e+02 2.244000e+02
2.735000e+02 2.196000e+02
2.750000e+02 2.100000e+02
2.765000e+02 2.016000e+02
2.775000e+02 1.968000e+02
2.790000e+02 1.878000e+02
2.805000e+02 1.806000e+02
2.815000e+02 1.764000e+02
2.830000e+02 1.698000e+02
2.850000e+02 1.632000e+02
2.865000e+02 1.572000e+02
2.880000e+02 1.542000e+02
2.895000e+02 1.494000e+02
2.910000e+02 1.458000e+02
2.915000e+02 1.440000e+02
2.930000e+02 1.410000e+02
2.945000e+02 1.386000e+02
2.950000e+02 1.380000e+02
2.970000e+02 1.368000e+02
2.990000e+02 1.368000e+02
3.000000e+02 1.368000e+02
3.025000e+02 1.380000e+02
3.045000e+02 1.398000e+02
3.060000e+02 1.410000e+02
3.090000e+02 1.446000e+02
3.120000e+02 1.488000e+02
3.135000e+02 1.512000e+02
3.165000e+02 1.566000e+02
3.200000e+02 1.626000e+02
3.215000e+02 1.662000e+02
3.250000e+02 1.734000e+02
3.285000e+02 1.818000e+02
3.325000e+02 1.896000e+02
3.365000e+02 1.992000e+02
3.405000e+02 2.094000e+02
3.450000e+02 2.202000e+02
3.475000e+02 2.256000e+02
3.520000e+02 2.364000e+02
3.565000e+02 2.472000e+02
3.590000e+02 2.526000e+02
3.640000e+02 2.634000e+02
3.685000e+02 2.742000e+02
3.710000e+02 2.790000e+02
3.755000e+02 2.886000e+02
3.800000e+02 2.970000e+02
3.840000e+02 3.054000e+02
3.880000e+02 3.120000e+02
3.895000e+02 3.156000e+02
3.925000e+02 3.210000e+02
3.950000e+02 3.264000e+02
3.975000e+02 3.306000e+02
3.995000e+02 3.336000e+02
4.010000e+02 3.360000e+02
4.025000e+02 3.378000e+02
4.040000e+02 3.390000e+02
4.045000e+02 3.396000e+02
4.050000e+02 3.396000e+02
4.055000e+02 3.396000e+02
4.055000e+02 3.402000e+02
4.060000e+02 3.402000e+02
4.060000e+02 3.402000e+02
4.060000e+02 3.402000e+02
