1.000000e+02 2.160000e+02
1.000000e+02 2.160000e+02
1.005000e+02 2.166000e+02
1.015000e+02 2.166000e+02
1.035000e+02 2.172000e+02
1.065000e+02 2.178000e+02
1.100000e+02 2.178000e+02
1.135000e+02 2.184000e+02
1.180000e+02 2.184000e+02
1.220000e+02 2.190000e+02
1.265000e+02 2.190000e+02
1.310000e+02 2.190000e+02
1.355000e+02 2.190000e+02
1.425000e+02 2.190000e+02
1.470000e+02 2.184000e+02
1.535000e+02 2.184000e+02
1.575000e+02 2.178000e+02
1.615000e+02 2.178000e+02
1.665000e+02 2.178000e+02
1.705000e+02 2.184000e+02
1.725000e+02 2.184000e+02
1.790000e+02 2.184000e+02
1.810000e+02 2.184000e+02
1.885000e+02 2.184000e+02
1.925000e+02 2.184000e+02
1.960000e+02 2.190000e+02
2.000000e+02 2.190000e+02
2.040000e+02 2.202000e+02
2.080000e+02 2.208000e+02
2.115000e+02 2.214000e+02
2.160000e+02 2.226000e+02
2.220000e+02 2.244000e+02
2.260000e+02 2.256000e+02
2.310000e+02 2.268000e+02
2.350000e+02 2.280000e+02
2.395000e+02 2.292000e+02
2.445000e+02 2.304000e+02
2.465000e+02 2.310000e+02
2.530000e+02 2.328000e+02
2.575000e+02 2.334000e+02
2.595000e+02 2.340000e+02
2.640000e+02 2.352000e+02
2.685000e+02 2.364000e+02
2.730000e+02 2.370000e+02
2.775000e+02 2.376000e+02
2.840000e+02 2.388000e+02
2.860000e+02 2.388000e+02
2.910000e+02 2.394000e+02
2.975000e+02 2.394000e+02
3.025000e+02 2.394000e+02
3.070000e+02 2.388000e+02
3.115000e+02 2.382000e+02
3.170000e+02 2.376000e+02
3.215000e+02 2.370000e+02
3.295000e+02 2.370000e+02
3.375000e+02 2.364000e+02
3.435000e+02 2.364000e+02
3.460000e+02 2.370000e+02
3.515000e+02 2.370000e+02
3.570000e+02 2.382000e+02
3.630000e+02 2.388000e+02
3.690000e+02 2.400000e+02
3.780000e+02 2.406000e+02
3.810000e+02 2.412000e+02
3.895000e+02 2.412000e+02
3.955000e+02 2.412000e+02
3.985000e+02 2.412000e+02
4.050000e+02 2.406000e+02
4.105000e+02 2.400000e+02
4.165000e+02 2.388000e+02
4.215000e+02 2.376000e+02
4.275000e+02 2.364000e+02
4.330000e+02 2.352000e+02
4.380000e+02 2.334000e+02
4.435000e+02 2.322000e+02
4.475000e+02 2.304000e+02
4.530000e+02 2.286000e+02
4.590000e+02 2.262000e+02
4.655000e+02 2.238000e+02
4.710000e+02 2.220000e+02
4.745000e+02 2.208000e+02
4.780000e+02 2.202000e+02
4.810000e+02 2.202000e+02
4.840000e+02 2.196000e+02
4.865000e+02 2.202000e+02
4.890000e+02 2.202000e+02
4.920000e+02 2.208000e+02
4.945000e+02 2.208000e+02
4.965000e+02 2.214000e+02
4.980000e+02 2.214000e+02
4.995000e+02 2.220000e+02
5.010000e+02 2.220000e+02
5.020000e+02 2.220000e+02
5.025000e+02 2.220000e+02
5.025000e+02 2.220000e+02
