1.765000e+02 3.342000e+02
1.765000e+02 3.342000e+02
1.760000e+02 3.336000e+02
1.760000e+02 3.330000e+02
1.755000e+02 3.312000e+02
1.755000e+02 3.288000e+02
1.760000e+02 3.270000e+02
1.765000e+02 3.240000e+02
1.780000e+02 3.198000e+02
1.800000e+02 3.156000e+02
1.825000e+02 3.108000e+02
1.860000e+02 3.036000e+02
1.875000e+02 3.012000e+02
1.905000e+02 2.958000e+02
1.955000e+02 2.874000e+02
1.985000e+02 2.820000e+02
2.015000e+02 2.760000e+02
2.050000e+02 2.700000e+02
2.085000e+02 2.634000e+02
2.115000e+02 2.574000e+02
2.150000e+02 2.514000e+02
2.190000e+02 2.454000e+02
2.225000e+02 2.388000e+02
2.260000e+02 2.334000e+02
2.295000e+02 2.268000e+02
2.330000e+02 2.214000e+02
2.365000e+02 2.148000e+02
2.405000e+02 2.082000e+02
2.440000e+02 2.016000e+02
2.480000e+02 1.950000e+02
2.525000e+02 1.860000e+02
2.560000e+02 1.800000e+02
2.610000e+02 1.710000e+02
2.655000e+02 1.626000e+02
2.685000e+02 1.566000e+02
2.715000e+02 1.512000e+02
2.740000e+02 1.464000e+02
2.765000e+02 1.416000e+02
2.790000e+02 1.368000e+02
2.815000e+02 1.320000e+02
2.840000e+02 1.284000e+02
2.860000e+02 1.242000e+02
2.875000e+02 1.206000e+02
2.895000e+02 1.170000e+02
2.910000e+02 1.140000e+02
2.925000e+02 1.116000e+02
2.940000e+02 1.092000e+02
2.950000e+02 1.068000e+02
2.965000e+02 1.050000e+02
2.975000e+02 1.032000e+02
2.980000e+02 1.026000e+02
2.985000e+02 1.020000e+02
3.000000e+02 1.014000e+02
3.005000e+02 1.008000e+02
3.015000e+02 1.008000e+02
3.030000e+02 1.008000e+02
3.045000e+02 1.008000e+02
3.065000e+02 1.014000e+02
3.080000e+02 1.026000e+02
3.100000e+02 1.038000e+02
3.120000e+02 1.056000e+02
3.135000e+02 1.068000e+02
3.160000e+02 1.086000e+02
3.185000e+02 1.104000e+02
3.210000e+02 1.128000e+02
3.245000e+02 1.158000e+02
3.275000e+02 1.188000e+02
3.310000e+02 1.212000e+02
3.340000e+02 1.242000e+02
3.375000e+02 1.266000e+02
3.415000e+02 1.302000e+02
3.450000e+02 1.332000e+02
3.485000e+02 1.356000e+02
3.520000e+02 1.392000e+02
3.560000e+02 1.422000e+02
3.595000e+02 1.452000e+02
3.630000e+02 1.482000e+02
3.670000e+02 1.518000e+02
3.705000e+02 1.548000e+02
3.740000e+02 1.578000e+02
3.785000e+02 1.614000e+02
3.825000e+02 1.644000e+02
3.880000e+02 1.692000e+02
3.940000e+02 1.740000e+02
3.995000e+02 1.782000e+02
4.035000e+02 1.818000e+02
4.070000e+02 1.842000e+02
4.105000e+02 1.872000e+02
4.140000e+02 1.902000e+02
4.175000e+02 1.932000e+02
4.210000e+02 1.956000e+02
4.240000e+02 1.986000e+02
4.275000e+02 2.016000e+02
4.310000e+02 2.040000e+02
4.345000e+02 2.070000e+02
4.375000e+02 2.094000e+02
4.410000e+02 2.124000e+02
4.440000e+02 2.148000e+02
4.470000e+02 2.172000e+02
4.500000e+02 2.196000e+02
4.530000e+02 2.226000e+02
4.575000e+02 2.268000e+02
4.590000e+02 2.274000e+02
4.630000e+02 2.322000e+02
4.660000e+02 2.346000e+02
4.685000e+02 2.376000e+02
4.715000e+02 2.400000e+02
4.735000e+02 2.430000e+02
4.765000e+02 2.460000e+02
4.795000e+02 2.490000e+02
4.820000e+02 2.526000e+02
4.850000e+02 2.556000e+02
4.875000e+02 2.586000e+02
4.905000e+02 2.622000e+02
4.935000e+02 2.652000e+02
4.960000e+02 2.688000e+02
4.985000e+02 2.718000e+02
5.010000e+02 2.754000e+02
5.040000e+02 2.790000e+02
5.065000e+02 2.820000e+02
5.105000e+02 2.874000e+02
5.115000e+02 2.886000e+02
5.140000e+02 2.916000e+02
5.165000e+02 2.952000e+02
5.205000e+02 3.006000e+02
5.225000e+02 3.030000e+02
5.250000e+02 3.060000e+02
5.260000e+02 3.072000e+02
5.295000e+02 3.120000e+02
5.320000e+02 3.150000e+02
5.335000e+02 3.174000e+02
5.350000e+02 3.192000e+02
5.365000e+02 3.210000e+02
5.375000e+02 3.228000e+02
5.385000e+02 3.240000e+02
5.395000e+02 3.252000e+02
5.400000e+02 3.264000e+02
5.405000e+02 3.270000e+02
5.410000e+02 3.270000e+02
5.415000e+02 3.282000e+02
5.415000e+02 3.282000e+02
