3.885000e+02 4.110000e+02
3.885000e+02 4.110000e+02
3.885000e+02 4.110000e+02
3.885000e+02 4.110000e+02
3.885000e+02 4.104000e+02
3.875000e+02 4.080000e+02
3.860000e+02 4.014000e+02
3.850000e+02 3.942000e+02
3.840000e+02 3.870000e+02
3.825000e+02 3.774000e+02
3.810000e+02 3.672000e+02
3.800000e+02 3.558000e+02
3.795000e+02 3.456000e+02
3.790000e+02 3.348000e+02
3.790000e+02 3.234000e+02
3.790000e+02 3.126000e+02
3.790000e+02 2.994000e+02
3.795000e+02 2.880000e+02
3.795000e+02 2.760000e+02
3.800000e+02 2.646000e+02
3.805000e+02 2.526000e+02
3.810000e+02 2.406000e+02
3.815000e+02 2.286000e+02
3.820000e+02 2.184000e+02
3.825000e+02 2.076000e+02
3.830000e+02 1.962000e+02
3.830000e+02 1.848000e+02
3.830000e+02 1.746000e+02
3.830000e+02 1.650000e+02
3.830000e+02 1.566000e+02
3.835000e+02 1.482000e+02
3.835000e+02 1.398000e+02
3.840000e+02 1.332000e+02
3.845000e+02 1.236000e+02
3.845000e+02 1.182000e+02
3.850000e+02 1.134000e+02
3.850000e+02 1.092000e+02
3.850000e+02 1.050000e+02
3.850000e+02 1.026000e+02
3.850000e+02 1.002000e+02
3.850000e+02 9.840000e+01
3.850000e+02 9.720000e+01
3.850000e+02 9.600000e+01
3.850000e+02 9.480000e+01
3.850000e+02 9.480000e+01
