2.435000e+02 1.002000e+02
2.435000e+02 1.002000e+02
2.440000e+02 1.008000e+02
2.450000e+02 1.032000e+02
2.460000e+02 1.038000e+02
2.475000e+02 1.068000e+02
2.495000e+02 1.092000e+02
2.510000e+02 1.116000e+02
2.530000e+02 1.158000e+02
2.555000e+02 1.200000e+02
2.570000e+02 1.224000e+02
2.600000e+02 1.278000e+02
2.635000e+02 1.338000e+02
2.655000e+02 1.374000e+02
2.695000e+02 1.440000e+02
2.740000e+02 1.506000e+02
2.765000e+02 1.542000e+02
2.815000e+02 1.614000e+02
2.840000e+02 1.650000e+02
2.895000e+02 1.734000e+02
2.955000e+02 1.818000e+02
3.010000e+02 1.902000e+02
3.040000e+02 1.950000e+02
3.070000e+02 1.998000e+02
3.130000e+02 2.094000e+02
3.195000e+02 2.196000e+02
3.255000e+02 2.304000e+02
3.315000e+02 2.412000e+02
3.345000e+02 2.460000e+02
3.400000e+02 2.562000e+02
3.455000e+02 2.658000e+02
3.500000e+02 2.754000e+02
3.525000e+02 2.802000e+02
3.570000e+02 2.886000e+02
3.610000e+02 2.964000e+02
3.625000e+02 2.994000e+02
3.655000e+02 3.066000e+02
3.680000e+02 3.120000e+02
3.690000e+02 3.150000e+02
3.710000e+02 3.186000e+02
3.720000e+02 3.216000e+02
3.725000e+02 3.228000e+02
3.730000e+02 3.252000e+02
3.735000e+02 3.276000e+02
3.735000e+02 3.288000e+02
3.725000e+02 3.312000e+02
3.715000e+02 3.324000e+02
3.695000e+02 3.342000e+02
3.685000e+02 3.342000e+02
3.650000e+02 3.354000e+02
3.630000e+02 3.360000e+02
3.590000e+02 3.366000e+02
3.535000e+02 3.378000e+02
3.510000e+02 3.378000e+02
3.445000e+02 3.384000e+02
3.415000e+02 3.390000e+02
3.340000e+02 3.396000e+02
3.265000e+02 3.408000e+02
3.225000e+02 3.414000e+02
3.150000e+02 3.426000e+02
3.075000e+02 3.438000e+02
2.990000e+02 3.462000e+02
2.910000e+02 3.480000e+02
2.830000e+02 3.504000e+02
2.785000e+02 3.516000e+02
2.705000e+02 3.534000e+02
2.665000e+02 3.546000e+02
2.585000e+02 3.576000e+02
2.510000e+02 3.606000e+02
2.470000e+02 3.624000e+02
2.395000e+02 3.648000e+02
2.325000e+02 3.678000e+02
2.290000e+02 3.684000e+02
2.225000e+02 3.708000e+02
2.165000e+02 3.732000e+02
2.140000e+02 3.738000e+02
2.085000e+02 3.762000e+02
2.035000e+02 3.774000e+02
2.015000e+02 3.786000e+02
2.000000e+02 3.792000e+02
1.965000e+02 3.798000e+02
1.955000e+02 3.798000e+02
1.940000e+02 3.804000e+02
1.925000e+02 3.810000e+02
1.910000e+02 3.810000e+02
1.905000e+02 3.810000e+02
1.905000e+02 3.804000e+02
1.905000e+02 3.798000e+02
1.910000e+02 3.786000e+02
1.920000e+02 3.768000e+02
1.935000e+02 3.738000e+02
1.945000e+02 3.726000e+02
1.975000e+02 3.696000e+02
1.995000e+02 3.672000e+02
2.035000e+02 3.624000e+02
2.080000e+02 3.582000e+02
2.130000e+02 3.522000e+02
2.185000e+02 3.468000e+02
2.245000e+02 3.402000e+02
2.280000e+02 3.372000e+02
2.350000e+02 3.300000e+02
2.420000e+02 3.228000e+02
2.460000e+02 3.192000e+02
2.540000e+02 3.102000e+02
2.585000e+02 3.060000e+02
2.680000e+02 2.964000e+02
2.775000e+02 2.874000e+02
2.870000e+02 2.784000e+02
2.920000e+02 2.742000e+02
2.970000e+02 2.694000e+02
3.065000e+02 2.610000e+02
3.115000e+02 2.568000e+02
3.215000e+02 2.478000e+02
3.305000e+02 2.400000e+02
3.355000e+02 2.358000e+02
3.440000e+02 2.280000e+02
3.530000e+02 2.208000e+02
3.570000e+02 2.166000e+02
3.645000e+02 2.100000e+02
3.725000e+02 2.028000e+02
3.835000e+02 1.926000e+02
3.910000e+02 1.854000e+02
3.940000e+02 1.824000e+02
4.010000e+02 1.764000e+02
4.080000e+02 1.698000e+02
4.145000e+02 1.644000e+02
4.210000e+02 1.590000e+02
4.275000e+02 1.530000e+02
4.340000e+02 1.482000e+02
4.395000e+02 1.428000e+02
4.425000e+02 1.398000e+02
4.475000e+02 1.350000e+02
4.500000e+02 1.326000e+02
4.545000e+02 1.284000e+02
4.585000e+02 1.248000e+02
4.620000e+02 1.206000e+02
4.635000e+02 1.188000e+02
4.665000e+02 1.158000e+02
4.680000e+02 1.140000e+02
4.710000e+02 1.116000e+02
4.735000e+02 1.098000e+02
4.750000e+02 1.086000e+02
4.770000e+02 1.062000e+02
4.790000e+02 1.044000e+02
4.795000e+02 1.032000e+02
4.810000e+02 1.020000e+02
4.820000e+02 1.002000e+02
4.830000e+02 9.960000e+01
4.835000e+02 9.900000e+01
4.840000e+02 9.840000e+01
4.845000e+02 9.780000e+01
4.850000e+02 9.780000e+01
4.855000e+02 9.780000e+01
4.860000e+02 9.780000e+01
4.865000e+02 9.780000e+01
4.870000e+02 9.720000e+01
4.880000e+02 9.720000e+01
4.880000e+02 9.720000e+01
4.890000e+02 9.660000e+01
4.895000e+02 9.600000e+01
4.905000e+02 9.600000e+01
4.905000e+02 9.540000e+01
4.910000e+02 9.540000e+01
4.915000e+02 9.540000e+01
4.920000e+02 9.540000e+01
4.925000e+02 9.540000e+01
4.925000e+02 9.600000e+01
4.920000e+02 9.720000e+01
4.920000e+02 9.720000e+01
