1.930000e+02 3.984000e+02
1.930000e+02 3.984000e+02
1.930000e+02 3.978000e+02
1.930000e+02 3.978000e+02
1.930000e+02 3.966000e+02
1.925000e+02 3.936000e+02
1.920000e+02 3.876000e+02
1.920000e+02 3.798000e+02
1.915000e+02 3.714000e+02
1.915000e+02 3.612000e+02
1.920000e+02 3.522000e+02
1.925000e+02 3.426000e+02
1.930000e+02 3.318000e+02
1.935000e+02 3.204000e+02
1.940000e+02 3.084000e+02
1.950000e+02 2.970000e+02
1.965000e+02 2.844000e+02
1.975000e+02 2.724000e+02
1.995000e+02 2.544000e+02
2.010000e+02 2.406000e+02
2.020000e+02 2.286000e+02
2.035000e+02 2.166000e+02
2.055000e+02 1.998000e+02
2.080000e+02 1.824000e+02
2.095000e+02 1.728000e+02
2.110000e+02 1.626000e+02
2.120000e+02 1.530000e+02
2.130000e+02 1.452000e+02
2.135000e+02 1.362000e+02
2.140000e+02 1.290000e+02
2.145000e+02 1.218000e+02
2.150000e+02 1.164000e+02
2.155000e+02 1.110000e+02
2.160000e+02 1.050000e+02
2.165000e+02 9.840000e+01
2.165000e+02 9.240000e+01
2.170000e+02 8.940000e+01
2.170000e+02 8.640000e+01
2.175000e+02 8.460000e+01
2.175000e+02 8.340000e+01
2.175000e+02 8.220000e+01
2.175000e+02 8.100000e+01
2.180000e+02 8.040000e+01
2.180000e+02 7.920000e+01
2.185000e+02 7.740000e+01
2.185000e+02 7.680000e+01
2.185000e+02 7.680000e+01
