4.225000e+02 1.590000e+02
4.225000e+02 1.590000e+02
4.220000e+02 1.578000e+02
4.215000e+02 1.566000e+02
4.210000e+02 1.548000e+02
4.200000e+02 1.524000e+02
4.190000e+02 1.494000e+02
4.185000e+02 1.470000e+02
4.175000e+02 1.446000e+02
4.165000e+02 1.422000e+02
4.150000e+02 1.392000e+02
4.140000e+02 1.362000e+02
4.120000e+02 1.338000e+02
4.105000e+02 1.308000e+02
4.075000e+02 1.272000e+02
4.055000e+02 1.242000e+02
4.040000e+02 1.218000e+02
4.015000e+02 1.188000e+02
3.995000e+02 1.164000e+02
3.970000e+02 1.134000e+02
3.945000e+02 1.116000e+02
3.920000e+02 1.092000e+02
3.895000e+02 1.068000e+02
3.865000e+02 1.044000e+02
3.835000e+02 1.026000e+02
3.820000e+02 1.014000e+02
3.795000e+02 9.900000e+01
3.760000e+02 9.720000e+01
3.730000e+02 9.540000e+01
3.695000e+02 9.360000e+01
3.665000e+02 9.240000e+01
3.630000e+02 9.060000e+01
3.590000e+02 8.940000e+01
3.555000e+02 8.820000e+01
3.495000e+02 8.700000e+01
3.475000e+02 8.640000e+01
3.430000e+02 8.640000e+01
3.390000e+02 8.640000e+01
3.340000e+02 8.640000e+01
3.295000e+02 8.700000e+01
3.250000e+02 8.820000e+01
3.205000e+02 8.940000e+01
3.165000e+02 9.000000e+01
3.100000e+02 9.180000e+01
3.080000e+02 9.240000e+01
3.040000e+02 9.420000e+01
2.995000e+02 9.600000e+01
2.945000e+02 9.900000e+01
2.895000e+02 1.014000e+02
2.850000e+02 1.044000e+02
2.810000e+02 1.068000e+02
2.770000e+02 1.098000e+02
2.715000e+02 1.146000e+02
2.695000e+02 1.164000e+02
2.665000e+02 1.200000e+02
2.635000e+02 1.236000e+02
2.600000e+02 1.284000e+02
2.570000e+02 1.332000e+02
2.545000e+02 1.374000e+02
2.520000e+02 1.428000e+02
2.510000e+02 1.452000e+02
2.485000e+02 1.500000e+02
2.465000e+02 1.554000e+02
2.450000e+02 1.602000e+02
2.435000e+02 1.650000e+02
2.420000e+02 1.698000e+02
2.410000e+02 1.746000e+02
2.405000e+02 1.788000e+02
2.400000e+02 1.860000e+02
2.395000e+02 1.932000e+02
2.395000e+02 1.974000e+02
2.400000e+02 2.028000e+02
2.405000e+02 2.070000e+02
2.410000e+02 2.112000e+02
2.420000e+02 2.184000e+02
2.425000e+02 2.208000e+02
2.430000e+02 2.256000e+02
2.440000e+02 2.292000e+02
2.450000e+02 2.340000e+02
2.460000e+02 2.364000e+02
2.470000e+02 2.400000e+02
2.480000e+02 2.442000e+02
2.495000e+02 2.484000e+02
2.510000e+02 2.532000e+02
2.525000e+02 2.574000e+02
2.540000e+02 2.616000e+02
2.565000e+02 2.664000e+02
2.595000e+02 2.730000e+02
2.625000e+02 2.796000e+02
2.655000e+02 2.856000e+02
2.680000e+02 2.898000e+02
2.705000e+02 2.934000e+02
2.725000e+02 2.976000e+02
2.745000e+02 3.006000e+02
2.765000e+02 3.036000e+02
2.790000e+02 3.072000e+02
2.820000e+02 3.102000e+02
2.845000e+02 3.132000e+02
2.865000e+02 3.168000e+02
2.900000e+02 3.210000e+02
2.925000e+02 3.240000e+02
2.940000e+02 3.252000e+02
2.980000e+02 3.294000e+02
2.990000e+02 3.306000e+02
3.015000e+02 3.336000e+02
3.045000e+02 3.360000e+02
3.075000e+02 3.378000e+02
3.105000e+02 3.402000e+02
3.130000e+02 3.420000e+02
3.165000e+02 3.444000e+02
3.195000e+02 3.462000e+02
3.225000e+02 3.480000e+02
3.260000e+02 3.498000e+02
3.310000e+02 3.516000e+02
3.325000e+02 3.522000e+02
3.375000e+02 3.534000e+02
3.395000e+02 3.540000e+02
3.450000e+02 3.552000e+02
3.465000e+02 3.552000e+02
3.500000e+02 3.552000e+02
3.540000e+02 3.552000e+02
3.580000e+02 3.546000e+02
3.620000e+02 3.534000e+02
3.660000e+02 3.522000e+02
3.725000e+02 3.492000e+02
3.745000e+02 3.474000e+02
3.830000e+02 3.414000e+02
3.870000e+02 3.378000e+02
3.915000e+02 3.336000e+02
3.970000e+02 3.276000e+02
4.025000e+02 3.210000e+02
4.060000e+02 3.162000e+02
4.095000e+02 3.120000e+02
4.130000e+02 3.072000e+02
4.160000e+02 3.018000e+02
4.190000e+02 2.970000e+02
4.230000e+02 2.904000e+02
4.255000e+02 2.850000e+02
4.290000e+02 2.778000e+02
4.310000e+02 2.724000e+02
4.330000e+02 2.682000e+02
4.345000e+02 2.634000e+02
4.370000e+02 2.556000e+02
4.375000e+02 2.532000e+02
4.400000e+02 2.442000e+02
4.405000e+02 2.400000e+02
4.415000e+02 2.358000e+02
4.425000e+02 2.316000e+02
4.435000e+02 2.274000e+02
4.440000e+02 2.232000e+02
4.445000e+02 2.202000e+02
4.455000e+02 2.142000e+02
4.465000e+02 2.106000e+02
4.465000e+02 2.088000e+02
4.465000e+02 2.064000e+02
4.470000e+02 2.040000e+02
4.475000e+02 2.010000e+02
4.475000e+02 1.986000e+02
4.475000e+02 1.956000e+02
4.480000e+02 1.938000e+02
4.480000e+02 1.920000e+02
4.480000e+02 1.902000e+02
4.480000e+02 1.884000e+02
4.485000e+02 1.884000e+02
4.485000e+02 1.878000e+02
4.485000e+02 1.878000e+02
