2.565000e+02 1.986000e+02
2.565000e+02 1.986000e+02
2.565000e+02 1.992000e+02
2.565000e+02 1.992000e+02
2.570000e+02 1.992000e+02
2.570000e+02 1.992000e+02
2.570000e+02 1.998000e+02
2.585000e+02 2.016000e+02
2.590000e+02 2.028000e+02
2.615000e+02 2.076000e+02
2.635000e+02 2.112000e+02
2.660000e+02 2.160000e+02
2.690000e+02 2.214000e+02
2.720000e+02 2.274000e+02
2.755000e+02 2.334000e+02
2.785000e+02 2.400000e+02
2.825000e+02 2.472000e+02
2.860000e+02 2.538000e+02
2.905000e+02 2.616000e+02
2.945000e+02 2.688000e+02
2.985000e+02 2.760000e+02
3.045000e+02 2.862000e+02
3.085000e+02 2.928000e+02
3.120000e+02 2.988000e+02
3.155000e+02 3.042000e+02
3.185000e+02 3.090000e+02
3.210000e+02 3.132000e+02
3.230000e+02 3.162000e+02
3.245000e+02 3.186000e+02
3.255000e+02 3.198000e+02
3.265000e+02 3.210000e+02
3.270000e+02 3.216000e+02
3.275000e+02 3.222000e+02
3.275000e+02 3.228000e+02
3.280000e+02 3.228000e+02
3.285000e+02 3.234000e+02
3.285000e+02 3.234000e+02
3.285000e+02 3.234000e+02
3.290000e+02 3.228000e+02
3.290000e+02 3.228000e+02
3.295000e+02 3.228000e+02
3.305000e+02 3.216000e+02
3.320000e+02 3.192000e+02
3.345000e+02 3.156000e+02
3.370000e+02 3.114000e+02
3.395000e+02 3.078000e+02
3.425000e+02 3.030000e+02
3.460000e+02 2.982000e+02
3.490000e+02 2.940000e+02
3.520000e+02 2.886000e+02
3.560000e+02 2.826000e+02
3.595000e+02 2.766000e+02
3.660000e+02 2.658000e+02
3.710000e+02 2.586000e+02
3.755000e+02 2.520000e+02
3.805000e+02 2.448000e+02
3.855000e+02 2.388000e+02
3.900000e+02 2.322000e+02
3.945000e+02 2.256000e+02
3.985000e+02 2.196000e+02
4.055000e+02 2.100000e+02
4.105000e+02 2.034000e+02
4.160000e+02 1.962000e+02
4.215000e+02 1.902000e+02
4.265000e+02 1.842000e+02
4.310000e+02 1.782000e+02
4.355000e+02 1.734000e+02
4.395000e+02 1.686000e+02
4.435000e+02 1.650000e+02
4.465000e+02 1.614000e+02
4.485000e+02 1.590000e+02
4.495000e+02 1.578000e+02
4.505000e+02 1.566000e+02
4.510000e+02 1.560000e+02
4.515000e+02 1.554000e+02
4.520000e+02 1.554000e+02
4.520000e+02 1.548000e+02
4.525000e+02 1.548000e+02
4.525000e+02 1.548000e+02
4.525000e+02 1.554000e+02
4.525000e+02 1.554000e+02
