1.020000e+02 2.172000e+02
1.025000e+02 2.178000e+02
1.025000e+02 2.178000e+02
1.030000e+02 2.178000e+02
1.035000e+02 2.178000e+02
1.040000e+02 2.184000e+02
1.045000e+02 2.184000e+02
1.070000e+02 2.184000e+02
1.090000e+02 2.190000e+02
1.100000e+02 2.190000e+02
1.140000e+02 2.196000e+02
1.170000e+02 2.202000e+02
1.200000e+02 2.208000e+02
1.230000e+02 2.214000e+02
1.285000e+02 2.220000e+02
1.325000e+02 2.226000e+02
1.395000e+02 2.232000e+02
1.445000e+02 2.238000e+02
1.495000e+02 2.238000e+02
1.555000e+02 2.244000e+02
1.630000e+02 2.250000e+02
1.660000e+02 2.250000e+02
1.765000e+02 2.256000e+02
1.815000e+02 2.262000e+02
1.865000e+02 2.262000e+02
1.920000e+02 2.262000e+02
1.980000e+02 2.262000e+02
2.040000e+02 2.256000e+02
2.125000e+02 2.250000e+02
2.155000e+02 2.250000e+02
2.210000e+02 2.250000e+02
2.270000e+02 2.244000e+02
2.330000e+02 2.238000e+02
2.390000e+02 2.232000e+02
2.485000e+02 2.220000e+02
2.585000e+02 2.214000e+02
2.685000e+02 2.208000e+02
2.750000e+02 2.202000e+02
2.815000e+02 2.196000e+02
2.890000e+02 2.190000e+02
2.955000e+02 2.184000e+02
3.020000e+02 2.178000e+02
3.080000e+02 2.172000e+02
3.145000e+02 2.172000e+02
3.210000e+02 2.166000e+02
3.280000e+02 2.166000e+02
3.345000e+02 2.160000e+02
3.420000e+02 2.160000e+02
3.490000e+02 2.154000e+02
3.570000e+02 2.148000e+02
3.640000e+02 2.148000e+02
3.710000e+02 2.142000e+02
3.780000e+02 2.136000e+02
3.840000e+02 2.130000e+02
3.905000e+02 2.124000e+02
3.960000e+02 2.124000e+02
4.020000e+02 2.112000e+02
4.075000e+02 2.106000e+02
4.160000e+02 2.106000e+02
4.210000e+02 2.100000e+02
4.260000e+02 2.100000e+02
4.305000e+02 2.094000e+02
4.345000e+02 2.094000e+02
4.385000e+02 2.094000e+02
4.455000e+02 2.088000e+02
4.475000e+02 2.088000e+02
4.515000e+02 2.088000e+02
4.555000e+02 2.088000e+02
4.585000e+02 2.088000e+02
4.610000e+02 2.088000e+02
4.635000e+02 2.082000e+02
4.665000e+02 2.082000e+02
4.710000e+02 2.088000e+02
4.725000e+02 2.088000e+02
4.735000e+02 2.088000e+02
4.735000e+02 2.088000e+02
