1.640000e+02 1.518000e+02
1.640000e+02 1.518000e+02
1.640000e+02 1.518000e+02
1.640000e+02 1.518000e+02
1.640000e+02 1.518000e+02
1.640000e+02 1.518000e+02
1.645000e+02 1.518000e+02
1.645000e+02 1.524000e+02
1.660000e+02 1.554000e+02
1.675000e+02 1.590000e+02
1.690000e+02 1.632000e+02
1.700000e+02 1.650000e+02
1.735000e+02 1.722000e+02
1.755000e+02 1.770000e+02
1.780000e+02 1.824000e+02
1.810000e+02 1.878000e+02
1.840000e+02 1.932000e+02
1.865000e+02 1.986000e+02
1.895000e+02 2.046000e+02
1.925000e+02 2.100000e+02
1.955000e+02 2.154000e+02
1.985000e+02 2.214000e+02
2.010000e+02 2.268000e+02
2.035000e+02 2.322000e+02
2.060000e+02 2.376000e+02
2.085000e+02 2.424000e+02
2.105000e+02 2.472000e+02
2.125000e+02 2.514000e+02
2.135000e+02 2.550000e+02
2.150000e+02 2.580000e+02
2.160000e+02 2.604000e+02
2.170000e+02 2.628000e+02
2.175000e+02 2.646000e+02
2.185000e+02 2.664000e+02
2.185000e+02 2.676000e+02
2.190000e+02 2.682000e+02
2.190000e+02 2.688000e+02
2.190000e+02 2.688000e+02
2.190000e+02 2.688000e+02
2.190000e+02 2.694000e+02
2.195000e+02 2.694000e+02
2.195000e+02 2.694000e+02
2.195000e+02 2.694000e+02
2.195000e+02 2.694000e+02
2.195000e+02 2.694000e+02
2.200000e+02 2.694000e+02
2.200000e+02 2.694000e+02
2.200000e+02 2.688000e+02
2.200000e+02 2.688000e+02
2.205000e+02 2.688000e+02
2.205000e+02 2.688000e+02
2.210000e+02 2.682000e+02
2.215000e+02 2.682000e+02
2.225000e+02 2.676000e+02
2.240000e+02 2.676000e+02
2.260000e+02 2.670000e+02
2.300000e+02 2.664000e+02
2.340000e+02 2.652000e+02
2.430000e+02 2.640000e+02
2.490000e+02 2.628000e+02
2.530000e+02 2.622000e+02
2.650000e+02 2.604000e+02
2.725000e+02 2.592000e+02
2.815000e+02 2.574000e+02
2.910000e+02 2.556000e+02
3.000000e+02 2.544000e+02
3.105000e+02 2.526000e+02
3.200000e+02 2.514000e+02
3.305000e+02 2.508000e+02
3.405000e+02 2.496000e+02
3.500000e+02 2.484000e+02
3.605000e+02 2.484000e+02
3.695000e+02 2.478000e+02
3.825000e+02 2.472000e+02
3.915000e+02 2.466000e+02
4.000000e+02 2.460000e+02
4.075000e+02 2.454000e+02
4.145000e+02 2.454000e+02
4.205000e+02 2.448000e+02
4.255000e+02 2.442000e+02
4.305000e+02 2.442000e+02
4.340000e+02 2.436000e+02
4.375000e+02 2.430000e+02
4.400000e+02 2.430000e+02
4.425000e+02 2.424000e+02
4.440000e+02 2.424000e+02
4.465000e+02 2.424000e+02
4.470000e+02 2.424000e+02
4.480000e+02 2.418000e+02
4.485000e+02 2.418000e+02
4.485000e+02 2.418000e+02
4.490000e+02 2.418000e+02
4.490000e+02 2.418000e+02
4.495000e+02 2.418000e+02
4.495000e+02 2.418000e+02
4.495000e+02 2.418000e+02
4.495000e+02 2.418000e+02
4.500000e+02 2.418000e+02
4.500000e+02 2.418000e+02
4.500000e+02 2.418000e+02
4.500000e+02 2.418000e+02
4.500000e+02 2.418000e+02
4.500000e+02 2.418000e+02
