1.530000e+02 1.464000e+02
1.530000e+02 1.464000e+02
1.530000e+02 1.470000e+02
1.530000e+02 1.470000e+02
1.530000e+02 1.470000e+02
1.530000e+02 1.482000e+02
1.535000e+02 1.500000e+02
1.545000e+02 1.524000e+02
1.565000e+02 1.572000e+02
1.580000e+02 1.620000e+02
1.600000e+02 1.668000e+02
1.615000e+02 1.722000e+02
1.640000e+02 1.800000e+02
1.680000e+02 1.914000e+02
1.695000e+02 1.962000e+02
1.715000e+02 2.016000e+02
1.730000e+02 2.064000e+02
1.745000e+02 2.112000e+02
1.760000e+02 2.154000e+02
1.775000e+02 2.208000e+02
1.780000e+02 2.220000e+02
1.790000e+02 2.262000e+02
1.795000e+02 2.268000e+02
1.795000e+02 2.280000e+02
1.800000e+02 2.286000e+02
1.800000e+02 2.286000e+02
1.800000e+02 2.292000e+02
1.800000e+02 2.292000e+02
1.800000e+02 2.298000e+02
1.800000e+02 2.298000e+02
1.805000e+02 2.298000e+02
1.805000e+02 2.298000e+02
1.805000e+02 2.298000e+02
1.805000e+02 2.298000e+02
1.805000e+02 2.298000e+02
1.805000e+02 2.298000e+02
1.805000e+02 2.292000e+02
1.815000e+02 2.292000e+02
1.825000e+02 2.292000e+02
1.845000e+02 2.286000e+02
1.880000e+02 2.280000e+02
1.955000e+02 2.268000e+02
2.025000e+02 2.256000e+02
2.105000e+02 2.238000e+02
2.210000e+02 2.208000e+02
2.325000e+02 2.178000e+02
2.440000e+02 2.154000e+02
2.555000e+02 2.124000e+02
2.680000e+02 2.088000e+02
2.800000e+02 2.058000e+02
2.935000e+02 2.028000e+02
3.045000e+02 2.010000e+02
3.165000e+02 1.986000e+02
3.280000e+02 1.968000e+02
3.395000e+02 1.950000e+02
3.550000e+02 1.926000e+02
3.635000e+02 1.908000e+02
3.710000e+02 1.896000e+02
3.775000e+02 1.890000e+02
3.830000e+02 1.878000e+02
3.875000e+02 1.878000e+02
3.915000e+02 1.872000e+02
3.940000e+02 1.872000e+02
3.960000e+02 1.866000e+02
3.970000e+02 1.866000e+02
3.980000e+02 1.866000e+02
3.990000e+02 1.866000e+02
3.995000e+02 1.866000e+02
3.995000e+02 1.866000e+02
3.995000e+02 1.866000e+02
4.000000e+02 1.866000e+02
4.000000e+02 1.866000e+02
4.005000e+02 1.866000e+02
4.005000e+02 1.866000e+02
4.005000e+02 1.866000e+02
4.005000e+02 1.866000e+02
4.005000e+02 1.866000e+02
4.000000e+02 1.866000e+02
4.000000e+02 1.866000e+02
