2.835000e+02 1.548000e+02
2.835000e+02 1.548000e+02
2.835000e+02 1.548000e+02
2.825000e+02 1.524000e+02
2.825000e+02 1.506000e+02
2.825000e+02 1.404000e+02
2.835000e+02 1.290000e+02
2.855000e+02 1.158000e+02
2.870000e+02 1.056000e+02
2.885000e+02 9.660000e+01
2.900000e+02 8.820000e+01
2.920000e+02 8.160000e+01
2.950000e+02 7.440000e+01
2.985000e+02 6.780000e+01
3.025000e+02 6.120000e+01
3.080000e+02 5.580000e+01
3.130000e+02 5.160000e+01
3.210000e+02 4.800000e+01
3.265000e+02 4.680000e+01
3.320000e+02 4.680000e+01
3.365000e+02 4.800000e+01
3.410000e+02 4.980000e+01
3.445000e+02 5.280000e+01
3.480000e+02 5.640000e+01
3.515000e+02 6.060000e+01
3.555000e+02 6.660000e+01
3.600000e+02 7.560000e+01
3.630000e+02 8.280000e+01
3.670000e+02 9.480000e+01
3.695000e+02 1.026000e+02
3.715000e+02 1.134000e+02
3.725000e+02 1.200000e+02
3.725000e+02 1.278000e+02
3.715000e+02 1.344000e+02
3.700000e+02 1.416000e+02
3.690000e+02 1.476000e+02
3.660000e+02 1.566000e+02
3.635000e+02 1.650000e+02
3.595000e+02 1.734000e+02
3.565000e+02 1.782000e+02
3.535000e+02 1.830000e+02
3.495000e+02 1.884000e+02
3.460000e+02 1.932000e+02
3.425000e+02 1.962000e+02
3.405000e+02 1.992000e+02
3.380000e+02 2.010000e+02
3.365000e+02 2.028000e+02
3.350000e+02 2.040000e+02
3.340000e+02 2.052000e+02
3.335000e+02 2.058000e+02
3.330000e+02 2.064000e+02
3.325000e+02 2.070000e+02
3.320000e+02 2.076000e+02
3.315000e+02 2.082000e+02
3.315000e+02 2.088000e+02
3.315000e+02 2.094000e+02
3.315000e+02 2.100000e+02
3.315000e+02 2.106000e+02
3.315000e+02 2.124000e+02
3.315000e+02 2.136000e+02
3.320000e+02 2.184000e+02
3.325000e+02 2.202000e+02
3.330000e+02 2.238000e+02
3.335000e+02 2.280000e+02
3.335000e+02 2.328000e+02
3.335000e+02 2.376000e+02
3.340000e+02 2.424000e+02
3.340000e+02 2.472000e+02
3.340000e+02 2.550000e+02
3.345000e+02 2.592000e+02
3.345000e+02 2.652000e+02
3.345000e+02 2.700000e+02
3.345000e+02 2.748000e+02
3.345000e+02 2.802000e+02
3.345000e+02 2.856000e+02
3.340000e+02 2.910000e+02
3.335000e+02 2.964000e+02
3.335000e+02 3.012000e+02
3.330000e+02 3.060000e+02
3.325000e+02 3.114000e+02
3.315000e+02 3.168000e+02
3.310000e+02 3.228000e+02
3.300000e+02 3.306000e+02
3.290000e+02 3.390000e+02
3.290000e+02 3.450000e+02
3.285000e+02 3.498000e+02
3.280000e+02 3.552000e+02
3.280000e+02 3.594000e+02
3.280000e+02 3.624000e+02
3.275000e+02 3.654000e+02
3.275000e+02 3.678000e+02
3.275000e+02 3.690000e+02
3.275000e+02 3.708000e+02
3.275000e+02 3.714000e+02
3.275000e+02 3.726000e+02
3.270000e+02 3.726000e+02
3.270000e+02 3.732000e+02
3.270000e+02 3.738000e+02
3.270000e+02 3.738000e+02
3.270000e+02 3.738000e+02
3.270000e+02 3.744000e+02
3.270000e+02 3.744000e+02
3.270000e+02 3.744000e+02
3.270000e+02 3.744000e+02
3.270000e+02 3.744000e+02
3.270000e+02 3.744000e+02
3.265000e+02 3.738000e+02
3.265000e+02 3.738000e+02
3.265000e+02 3.738000e+02
3.265000e+02 3.738000e+02
3.265000e+02 3.732000e+02
3.265000e+02 3.732000e+02
3.265000e+02 3.732000e+02
3.265000e+02 3.732000e+02
3.265000e+02 3.732000e+02
3.265000e+02 3.726000e+02
3.265000e+02 3.726000e+02
3.265000e+02 3.726000e+02
3.265000e+02 3.726000e+02
3.265000e+02 3.726000e+02
3.265000e+02 3.726000e+02
3.265000e+02 3.720000e+02
3.265000e+02 3.720000e+02
3.265000e+02 3.714000e+02
3.265000e+02 3.714000e+02
3.265000e+02 3.714000e+02
