4.405000e+02 2.202000e+02
4.405000e+02 2.202000e+02
4.395000e+02 2.202000e+02
4.375000e+02 2.202000e+02
4.340000e+02 2.196000e+02
4.285000e+02 2.190000e+02
4.240000e+02 2.184000e+02
4.190000e+02 2.178000e+02
4.130000e+02 2.178000e+02
4.075000e+02 2.178000e+02
3.985000e+02 2.178000e+02
3.920000e+02 2.178000e+02
3.850000e+02 2.172000e+02
3.775000e+02 2.172000e+02
3.705000e+02 2.172000e+02
3.625000e+02 2.172000e+02
3.550000e+02 2.172000e+02
3.425000e+02 2.172000e+02
3.305000e+02 2.172000e+02
3.220000e+02 2.178000e+02
3.140000e+02 2.178000e+02
3.060000e+02 2.178000e+02
2.970000e+02 2.184000e+02
2.885000e+02 2.184000e+02
2.765000e+02 2.190000e+02
2.725000e+02 2.196000e+02
2.650000e+02 2.202000e+02
2.605000e+02 2.202000e+02
2.530000e+02 2.208000e+02
2.460000e+02 2.208000e+02
2.385000e+02 2.214000e+02
2.325000e+02 2.220000e+02
2.260000e+02 2.220000e+02
2.180000e+02 2.226000e+02
2.150000e+02 2.226000e+02
2.080000e+02 2.232000e+02
2.015000e+02 2.232000e+02
1.980000e+02 2.232000e+02
1.945000e+02 2.232000e+02
1.915000e+02 2.232000e+02
1.890000e+02 2.232000e+02
1.865000e+02 2.226000e+02
1.855000e+02 2.226000e+02
1.835000e+02 2.226000e+02
1.820000e+02 2.226000e+02
1.800000e+02 2.220000e+02
1.790000e+02 2.220000e+02
1.780000e+02 2.220000e+02
1.775000e+02 2.220000e+02
1.765000e+02 2.220000e+02
1.765000e+02 2.214000e+02
1.760000e+02 2.214000e+02
1.755000e+02 2.214000e+02
1.750000e+02 2.214000e+02
1.750000e+02 2.214000e+02
1.750000e+02 2.214000e+02
1.745000e+02 2.214000e+02
1.745000e+02 2.214000e+02
1.745000e+02 2.214000e+02
1.750000e+02 2.214000e+02
1.750000e+02 2.214000e+02
