4.805000e+02 2.028000e+02
4.805000e+02 2.028000e+02
4.805000e+02 2.022000e+02
4.805000e+02 2.016000e+02
4.805000e+02 2.010000e+02
4.810000e+02 1.998000e+02
4.810000e+02 1.986000e+02
4.810000e+02 1.974000e+02
4.810000e+02 1.956000e+02
4.810000e+02 1.938000e+02
4.805000e+02 1.920000e+02
4.805000e+02 1.902000e+02
4.800000e+02 1.890000e+02
4.800000e+02 1.872000e+02
4.795000e+02 1.860000e+02
4.795000e+02 1.842000e+02
4.790000e+02 1.818000e+02
4.785000e+02 1.806000e+02
4.780000e+02 1.794000e+02
4.775000e+02 1.776000e+02
4.770000e+02 1.764000e+02
4.760000e+02 1.746000e+02
4.755000e+02 1.728000e+02
4.745000e+02 1.716000e+02
4.740000e+02 1.698000e+02
4.730000e+02 1.686000e+02
4.720000e+02 1.668000e+02
4.705000e+02 1.638000e+02
4.700000e+02 1.632000e+02
4.685000e+02 1.608000e+02
4.675000e+02 1.590000e+02
4.670000e+02 1.578000e+02
4.660000e+02 1.560000e+02
4.645000e+02 1.542000e+02
4.635000e+02 1.524000e+02
4.615000e+02 1.500000e+02
4.600000e+02 1.476000e+02
4.575000e+02 1.458000e+02
4.555000e+02 1.434000e+02
4.535000e+02 1.410000e+02
4.510000e+02 1.386000e+02
4.480000e+02 1.362000e+02
4.435000e+02 1.326000e+02
4.405000e+02 1.302000e+02
4.365000e+02 1.278000e+02
4.325000e+02 1.254000e+02
4.285000e+02 1.236000e+02
4.220000e+02 1.194000e+02
4.185000e+02 1.170000e+02
4.135000e+02 1.152000e+02
4.085000e+02 1.134000e+02
4.040000e+02 1.116000e+02
3.985000e+02 1.098000e+02
3.905000e+02 1.080000e+02
3.845000e+02 1.068000e+02
3.795000e+02 1.056000e+02
3.740000e+02 1.050000e+02
3.690000e+02 1.038000e+02
3.640000e+02 1.032000e+02
3.565000e+02 1.026000e+02
3.515000e+02 1.032000e+02
3.485000e+02 1.032000e+02
3.435000e+02 1.038000e+02
3.385000e+02 1.050000e+02
3.335000e+02 1.062000e+02
3.290000e+02 1.068000e+02
3.240000e+02 1.080000e+02
3.195000e+02 1.092000e+02
3.155000e+02 1.110000e+02
3.105000e+02 1.128000e+02
3.065000e+02 1.146000e+02
3.025000e+02 1.170000e+02
2.980000e+02 1.188000e+02
2.945000e+02 1.212000e+02
2.905000e+02 1.242000e+02
2.865000e+02 1.272000e+02
2.825000e+02 1.302000e+02
2.770000e+02 1.350000e+02
2.750000e+02 1.368000e+02
2.695000e+02 1.422000e+02
2.665000e+02 1.458000e+02
2.635000e+02 1.488000e+02
2.620000e+02 1.506000e+02
2.590000e+02 1.542000e+02
2.560000e+02 1.584000e+02
2.535000e+02 1.620000e+02
2.510000e+02 1.662000e+02
2.470000e+02 1.728000e+02
2.445000e+02 1.770000e+02
2.425000e+02 1.812000e+02
2.415000e+02 1.830000e+02
2.395000e+02 1.872000e+02
2.375000e+02 1.914000e+02
2.345000e+02 1.980000e+02
2.330000e+02 2.022000e+02
2.305000e+02 2.088000e+02
2.285000e+02 2.130000e+02
2.265000e+02 2.190000e+02
2.255000e+02 2.232000e+02
2.240000e+02 2.280000e+02
2.230000e+02 2.322000e+02
2.215000e+02 2.370000e+02
2.205000e+02 2.412000e+02
2.195000e+02 2.466000e+02
2.190000e+02 2.514000e+02
2.185000e+02 2.556000e+02
2.180000e+02 2.598000e+02
2.180000e+02 2.652000e+02
2.180000e+02 2.694000e+02
2.180000e+02 2.742000e+02
2.185000e+02 2.784000e+02
2.185000e+02 2.808000e+02
2.190000e+02 2.856000e+02
2.200000e+02 2.898000e+02
2.210000e+02 2.946000e+02
2.225000e+02 3.006000e+02
2.240000e+02 3.048000e+02
2.250000e+02 3.090000e+02
2.265000e+02 3.138000e+02
2.285000e+02 3.174000e+02
2.305000e+02 3.216000e+02
2.325000e+02 3.252000e+02
2.350000e+02 3.294000e+02
2.360000e+02 3.312000e+02
2.390000e+02 3.348000e+02
2.420000e+02 3.378000e+02
2.450000e+02 3.414000e+02
2.480000e+02 3.450000e+02
2.535000e+02 3.498000e+02
2.555000e+02 3.510000e+02
2.585000e+02 3.534000e+02
2.625000e+02 3.564000e+02
2.665000e+02 3.588000e+02
2.705000e+02 3.618000e+02
2.740000e+02 3.642000e+02
2.780000e+02 3.666000e+02
2.820000e+02 3.690000e+02
2.860000e+02 3.708000e+02
2.905000e+02 3.732000e+02
2.925000e+02 3.738000e+02
2.965000e+02 3.756000e+02
3.010000e+02 3.774000e+02
3.050000e+02 3.792000e+02
3.090000e+02 3.804000e+02
3.130000e+02 3.816000e+02
3.195000e+02 3.828000e+02
3.215000e+02 3.828000e+02
3.255000e+02 3.834000e+02
3.300000e+02 3.840000e+02
3.345000e+02 3.840000e+02
3.415000e+02 3.834000e+02
3.460000e+02 3.834000e+02
3.530000e+02 3.822000e+02
3.575000e+02 3.810000e+02
3.600000e+02 3.804000e+02
3.645000e+02 3.792000e+02
3.695000e+02 3.774000e+02
3.740000e+02 3.762000e+02
3.790000e+02 3.744000e+02
3.835000e+02 3.726000e+02
3.880000e+02 3.708000e+02
3.925000e+02 3.684000e+02
3.945000e+02 3.678000e+02
3.965000e+02 3.666000e+02
4.015000e+02 3.642000e+02
4.035000e+02 3.630000e+02
4.075000e+02 3.600000e+02
4.130000e+02 3.564000e+02
4.170000e+02 3.540000e+02
4.210000e+02 3.510000e+02
4.250000e+02 3.480000e+02
4.290000e+02 3.450000e+02
4.330000e+02 3.414000e+02
4.365000e+02 3.384000e+02
4.410000e+02 3.342000e+02
4.445000e+02 3.300000e+02
4.480000e+02 3.264000e+02
4.530000e+02 3.198000e+02
4.545000e+02 3.174000e+02
4.580000e+02 3.132000e+02
4.605000e+02 3.090000e+02
4.635000e+02 3.042000e+02
4.660000e+02 3.000000e+02
4.685000e+02 2.958000e+02
4.715000e+02 2.892000e+02
4.735000e+02 2.850000e+02
4.750000e+02 2.814000e+02
4.765000e+02 2.778000e+02
4.775000e+02 2.736000e+02
4.790000e+02 2.700000e+02
4.795000e+02 2.670000e+02
4.805000e+02 2.634000e+02
4.815000e+02 2.604000e+02
4.820000e+02 2.574000e+02
4.825000e+02 2.544000e+02
4.830000e+02 2.508000e+02
4.835000e+02 2.496000e+02
4.835000e+02 2.460000e+02
4.835000e+02 2.448000e+02
4.835000e+02 2.436000e+02
4.830000e+02 2.430000e+02
4.830000e+02 2.424000e+02
4.830000e+02 2.424000e+02
