1.130000e+02 2.772000e+02
1.130000e+02 2.772000e+02
1.125000e+02 2.772000e+02
1.125000e+02 2.778000e+02
1.125000e+02 2.778000e+02
1.125000e+02 2.778000e+02
1.135000e+02 2.784000e+02
1.185000e+02 2.802000e+02
1.235000e+02 2.814000e+02
1.260000e+02 2.820000e+02
1.360000e+02 2.832000e+02
1.395000e+02 2.832000e+02
1.470000e+02 2.844000e+02
1.550000e+02 2.856000e+02
1.625000e+02 2.868000e+02
1.710000e+02 2.874000e+02
1.830000e+02 2.886000e+02
1.955000e+02 2.904000e+02
2.035000e+02 2.916000e+02
2.125000e+02 2.934000e+02
2.210000e+02 2.958000e+02
2.290000e+02 2.982000e+02
2.360000e+02 3.000000e+02
2.435000e+02 3.012000e+02
2.510000e+02 3.024000e+02
2.615000e+02 3.030000e+02
2.695000e+02 3.036000e+02
2.775000e+02 3.036000e+02
2.860000e+02 3.042000e+02
2.945000e+02 3.048000e+02
3.030000e+02 3.048000e+02
3.105000e+02 3.048000e+02
3.195000e+02 3.048000e+02
3.235000e+02 3.048000e+02
3.365000e+02 3.048000e+02
3.410000e+02 3.048000e+02
3.520000e+02 3.054000e+02
3.625000e+02 3.060000e+02
3.700000e+02 3.072000e+02
3.770000e+02 3.078000e+02
3.835000e+02 3.084000e+02
3.895000e+02 3.090000e+02
3.955000e+02 3.096000e+02
4.020000e+02 3.096000e+02
4.070000e+02 3.096000e+02
4.125000e+02 3.090000e+02
4.200000e+02 3.084000e+02
4.225000e+02 3.078000e+02
4.305000e+02 3.066000e+02
4.380000e+02 3.054000e+02
4.435000e+02 3.048000e+02
4.475000e+02 3.042000e+02
4.530000e+02 3.036000e+02
4.575000e+02 3.036000e+02
4.620000e+02 3.030000e+02
4.695000e+02 3.030000e+02
4.735000e+02 3.030000e+02
4.800000e+02 3.030000e+02
4.835000e+02 3.024000e+02
4.855000e+02 3.024000e+02
4.875000e+02 3.024000e+02
4.895000e+02 3.024000e+02
4.910000e+02 3.024000e+02
4.935000e+02 3.018000e+02
4.955000e+02 3.018000e+02
4.970000e+02 3.012000e+02
4.975000e+02 3.012000e+02
4.975000e+02 3.012000e+02
