2.250000e+02 5.220000e+01
2.250000e+02 5.220000e+01
2.240000e+02 5.400000e+01
2.225000e+02 5.820000e+01
2.215000e+02 6.360000e+01
2.205000e+02 7.020000e+01
2.200000e+02 7.740000e+01
2.200000e+02 8.520000e+01
2.200000e+02 9.420000e+01
2.200000e+02 1.068000e+02
2.200000e+02 1.200000e+02
2.200000e+02 1.296000e+02
2.195000e+02 1.440000e+02
2.195000e+02 1.530000e+02
2.195000e+02 1.626000e+02
2.195000e+02 1.722000e+02
2.190000e+02 1.824000e+02
2.190000e+02 1.926000e+02
2.190000e+02 2.034000e+02
2.190000e+02 2.142000e+02
2.185000e+02 2.250000e+02
2.185000e+02 2.364000e+02
2.180000e+02 2.514000e+02
2.180000e+02 2.598000e+02
2.180000e+02 2.682000e+02
2.175000e+02 2.772000e+02
2.175000e+02 2.862000e+02
2.170000e+02 2.952000e+02
2.170000e+02 3.036000e+02
2.170000e+02 3.120000e+02
2.170000e+02 3.198000e+02
2.170000e+02 3.276000e+02
2.170000e+02 3.348000e+02
2.175000e+02 3.420000e+02
2.175000e+02 3.486000e+02
2.180000e+02 3.558000e+02
2.185000e+02 3.618000e+02
2.185000e+02 3.684000e+02
2.190000e+02 3.744000e+02
2.195000e+02 3.798000e+02
2.200000e+02 3.858000e+02
2.205000e+02 3.918000e+02
2.210000e+02 3.978000e+02
2.215000e+02 4.062000e+02
2.220000e+02 4.104000e+02
2.225000e+02 4.146000e+02
2.225000e+02 4.188000e+02
2.235000e+02 4.248000e+02
2.245000e+02 4.338000e+02
2.255000e+02 4.416000e+02
2.260000e+02 4.458000e+02
2.260000e+02 4.458000e+02
