1.435000e+02 1.446000e+02
1.435000e+02 1.446000e+02
1.435000e+02 1.452000e+02
1.435000e+02 1.452000e+02
1.440000e+02 1.464000e+02
1.455000e+02 1.494000e+02
1.490000e+02 1.584000e+02
1.510000e+02 1.650000e+02
1.550000e+02 1.746000e+02
1.580000e+02 1.830000e+02
1.615000e+02 1.926000e+02
1.645000e+02 2.022000e+02
1.675000e+02 2.118000e+02
1.715000e+02 2.226000e+02
1.750000e+02 2.322000e+02
1.800000e+02 2.448000e+02
1.835000e+02 2.538000e+02
1.865000e+02 2.616000e+02
1.900000e+02 2.700000e+02
1.930000e+02 2.778000e+02
1.955000e+02 2.856000e+02
1.980000e+02 2.928000e+02
1.990000e+02 2.958000e+02
2.015000e+02 3.060000e+02
2.035000e+02 3.126000e+02
2.050000e+02 3.174000e+02
2.065000e+02 3.222000e+02
2.085000e+02 3.258000e+02
2.100000e+02 3.294000e+02
2.115000e+02 3.318000e+02
2.130000e+02 3.330000e+02
2.145000e+02 3.348000e+02
2.165000e+02 3.354000e+02
2.190000e+02 3.360000e+02
2.215000e+02 3.360000e+02
2.250000e+02 3.342000e+02
2.295000e+02 3.324000e+02
2.375000e+02 3.264000e+02
2.440000e+02 3.222000e+02
2.495000e+02 3.174000e+02
2.550000e+02 3.132000e+02
2.605000e+02 3.090000e+02
2.665000e+02 3.042000e+02
2.740000e+02 2.982000e+02
2.820000e+02 2.922000e+02
2.885000e+02 2.874000e+02
2.955000e+02 2.826000e+02
3.025000e+02 2.772000e+02
3.095000e+02 2.718000e+02
3.190000e+02 2.664000e+02
3.270000e+02 2.610000e+02
3.365000e+02 2.538000e+02
3.455000e+02 2.484000e+02
3.540000e+02 2.424000e+02
3.625000e+02 2.364000e+02
3.720000e+02 2.310000e+02
3.840000e+02 2.238000e+02
3.940000e+02 2.178000e+02
4.080000e+02 2.100000e+02
4.180000e+02 2.046000e+02
4.280000e+02 1.998000e+02
4.390000e+02 1.944000e+02
4.480000e+02 1.908000e+02
4.580000e+02 1.866000e+02
4.685000e+02 1.824000e+02
4.790000e+02 1.788000e+02
4.885000e+02 1.752000e+02
4.955000e+02 1.734000e+02
5.015000e+02 1.716000e+02
5.060000e+02 1.704000e+02
5.090000e+02 1.692000e+02
5.110000e+02 1.686000e+02
5.130000e+02 1.680000e+02
5.135000e+02 1.674000e+02
5.140000e+02 1.674000e+02
5.145000e+02 1.668000e+02
5.150000e+02 1.668000e+02
5.150000e+02 1.668000e+02
5.150000e+02 1.668000e+02
5.155000e+02 1.668000e+02
5.155000e+02 1.674000e+02
5.155000e+02 1.674000e+02
