4.320000e+02 1.800000e+02
4.320000e+02 1.800000e+02
4.315000e+02 1.770000e+02
4.310000e+02 1.746000e+02
4.310000e+02 1.704000e+02
4.300000e+02 1.662000e+02
4.295000e+02 1.620000e+02
4.290000e+02 1.578000e+02
4.280000e+02 1.530000e+02
4.270000e+02 1.488000e+02
4.255000e+02 1.446000e+02
4.235000e+02 1.404000e+02
4.210000e+02 1.356000e+02
4.180000e+02 1.320000e+02
4.150000e+02 1.284000e+02
4.105000e+02 1.242000e+02
4.060000e+02 1.206000e+02
4.010000e+02 1.164000e+02
3.925000e+02 1.110000e+02
3.865000e+02 1.074000e+02
3.775000e+02 1.026000e+02
3.740000e+02 1.014000e+02
3.640000e+02 9.780000e+01
3.605000e+02 9.600000e+01
3.500000e+02 9.360000e+01
3.395000e+02 9.180000e+01
3.320000e+02 9.060000e+01
3.245000e+02 9.000000e+01
3.140000e+02 8.940000e+01
3.075000e+02 9.000000e+01
3.000000e+02 9.060000e+01
2.940000e+02 9.180000e+01
2.865000e+02 9.300000e+01
2.810000e+02 9.420000e+01
2.750000e+02 9.660000e+01
2.690000e+02 9.900000e+01
2.630000e+02 1.026000e+02
2.550000e+02 1.074000e+02
2.495000e+02 1.110000e+02
2.470000e+02 1.128000e+02
2.425000e+02 1.176000e+02
2.400000e+02 1.194000e+02
2.355000e+02 1.242000e+02
2.315000e+02 1.284000e+02
2.280000e+02 1.332000e+02
2.240000e+02 1.380000e+02
2.185000e+02 1.464000e+02
2.155000e+02 1.512000e+02
2.130000e+02 1.566000e+02
2.115000e+02 1.596000e+02
2.100000e+02 1.626000e+02
2.060000e+02 1.716000e+02
2.040000e+02 1.770000e+02
2.020000e+02 1.830000e+02
2.005000e+02 1.890000e+02
1.990000e+02 1.950000e+02
1.975000e+02 2.016000e+02
1.960000e+02 2.106000e+02
1.955000e+02 2.136000e+02
1.950000e+02 2.196000e+02
1.950000e+02 2.262000e+02
1.950000e+02 2.328000e+02
1.960000e+02 2.388000e+02
1.970000e+02 2.454000e+02
1.980000e+02 2.514000e+02
1.995000e+02 2.574000e+02
2.015000e+02 2.640000e+02
2.030000e+02 2.706000e+02
2.060000e+02 2.790000e+02
2.070000e+02 2.820000e+02
2.090000e+02 2.874000e+02
2.115000e+02 2.934000e+02
2.135000e+02 2.982000e+02
2.160000e+02 3.030000e+02
2.185000e+02 3.084000e+02
2.210000e+02 3.132000e+02
2.240000e+02 3.180000e+02
2.265000e+02 3.222000e+02
2.320000e+02 3.294000e+02
2.360000e+02 3.336000e+02
2.405000e+02 3.384000e+02
2.455000e+02 3.432000e+02
2.500000e+02 3.468000e+02
2.560000e+02 3.510000e+02
2.615000e+02 3.552000e+02
2.680000e+02 3.594000e+02
2.775000e+02 3.648000e+02
2.835000e+02 3.678000e+02
2.895000e+02 3.708000e+02
2.985000e+02 3.750000e+02
3.050000e+02 3.768000e+02
3.105000e+02 3.786000e+02
3.165000e+02 3.804000e+02
3.220000e+02 3.816000e+02
3.290000e+02 3.822000e+02
3.375000e+02 3.828000e+02
3.410000e+02 3.828000e+02
3.465000e+02 3.828000e+02
3.530000e+02 3.822000e+02
3.590000e+02 3.816000e+02
3.650000e+02 3.810000e+02
3.710000e+02 3.798000e+02
3.775000e+02 3.774000e+02
3.835000e+02 3.762000e+02
3.905000e+02 3.732000e+02
3.965000e+02 3.708000e+02
4.030000e+02 3.672000e+02
4.115000e+02 3.618000e+02
4.175000e+02 3.570000e+02
4.225000e+02 3.528000e+02
4.300000e+02 3.456000e+02
4.340000e+02 3.414000e+02
4.375000e+02 3.372000e+02
4.420000e+02 3.318000e+02
4.455000e+02 3.270000e+02
4.485000e+02 3.216000e+02
4.515000e+02 3.162000e+02
4.545000e+02 3.108000e+02
4.575000e+02 3.042000e+02
4.600000e+02 2.982000e+02
4.625000e+02 2.880000e+02
4.640000e+02 2.820000e+02
4.660000e+02 2.712000e+02
4.675000e+02 2.646000e+02
4.680000e+02 2.616000e+02
4.690000e+02 2.550000e+02
4.700000e+02 2.484000e+02
4.705000e+02 2.424000e+02
4.710000e+02 2.364000e+02
4.710000e+02 2.304000e+02
4.710000e+02 2.220000e+02
4.710000e+02 2.172000e+02
4.705000e+02 2.118000e+02
4.695000e+02 2.064000e+02
4.685000e+02 2.004000e+02
4.675000e+02 1.956000e+02
4.660000e+02 1.902000e+02
4.635000e+02 1.842000e+02
4.600000e+02 1.776000e+02
4.560000e+02 1.722000e+02
4.485000e+02 1.632000e+02
4.435000e+02 1.584000e+02
4.340000e+02 1.512000e+02
4.250000e+02 1.452000e+02
4.195000e+02 1.422000e+02
4.140000e+02 1.392000e+02
4.085000e+02 1.368000e+02
4.025000e+02 1.338000e+02
3.890000e+02 1.308000e+02
3.890000e+02 1.308000e+02
