2.750000e+02 2.022000e+02
2.750000e+02 2.022000e+02
2.750000e+02 2.016000e+02
2.745000e+02 2.016000e+02
2.745000e+02 2.016000e+02
2.740000e+02 2.010000e+02
2.740000e+02 2.004000e+02
2.735000e+02 1.986000e+02
2.720000e+02 1.950000e+02
2.710000e+02 1.932000e+02
2.705000e+02 1.914000e+02
2.700000e+02 1.902000e+02
2.695000e+02 1.890000e+02
2.685000e+02 1.872000e+02
2.685000e+02 1.854000e+02
2.680000e+02 1.830000e+02
2.675000e+02 1.800000e+02
2.670000e+02 1.776000e+02
2.665000e+02 1.734000e+02
2.665000e+02 1.704000e+02
2.660000e+02 1.668000e+02
2.660000e+02 1.632000e+02
2.660000e+02 1.602000e+02
2.660000e+02 1.578000e+02
2.665000e+02 1.542000e+02
2.665000e+02 1.506000e+02
2.670000e+02 1.470000e+02
2.675000e+02 1.440000e+02
2.680000e+02 1.416000e+02
2.690000e+02 1.380000e+02
2.700000e+02 1.344000e+02
2.710000e+02 1.320000e+02
2.715000e+02 1.296000e+02
2.725000e+02 1.272000e+02
2.740000e+02 1.248000e+02
2.750000e+02 1.224000e+02
2.760000e+02 1.200000e+02
2.770000e+02 1.176000e+02
2.785000e+02 1.152000e+02
2.795000e+02 1.134000e+02
2.810000e+02 1.116000e+02
2.835000e+02 1.092000e+02
2.850000e+02 1.074000e+02
2.880000e+02 1.038000e+02
2.895000e+02 1.026000e+02
2.910000e+02 1.014000e+02
2.925000e+02 9.960000e+01
2.945000e+02 9.840000e+01
2.960000e+02 9.780000e+01
2.975000e+02 9.720000e+01
2.990000e+02 9.660000e+01
3.010000e+02 9.600000e+01
3.025000e+02 9.540000e+01
3.045000e+02 9.480000e+01
3.070000e+02 9.420000e+01
3.080000e+02 9.420000e+01
3.105000e+02 9.420000e+01
3.120000e+02 9.360000e+01
3.135000e+02 9.360000e+01
3.150000e+02 9.420000e+01
3.165000e+02 9.420000e+01
3.185000e+02 9.480000e+01
3.200000e+02 9.540000e+01
3.215000e+02 9.540000e+01
3.230000e+02 9.660000e+01
3.245000e+02 9.720000e+01
3.260000e+02 9.780000e+01
3.290000e+02 1.002000e+02
3.310000e+02 1.020000e+02
3.325000e+02 1.032000e+02
3.335000e+02 1.038000e+02
3.345000e+02 1.050000e+02
3.360000e+02 1.068000e+02
3.375000e+02 1.080000e+02
3.385000e+02 1.092000e+02
3.395000e+02 1.110000e+02
3.410000e+02 1.128000e+02
3.430000e+02 1.152000e+02
3.435000e+02 1.164000e+02
3.445000e+02 1.182000e+02
3.455000e+02 1.194000e+02
3.460000e+02 1.212000e+02
3.470000e+02 1.224000e+02
3.480000e+02 1.242000e+02
3.485000e+02 1.254000e+02
3.490000e+02 1.278000e+02
3.500000e+02 1.296000e+02
3.505000e+02 1.314000e+02
3.510000e+02 1.332000e+02
3.515000e+02 1.350000e+02
3.520000e+02 1.368000e+02
3.520000e+02 1.386000e+02
3.525000e+02 1.404000e+02
3.530000e+02 1.422000e+02
3.530000e+02 1.458000e+02
3.535000e+02 1.470000e+02
3.535000e+02 1.488000e+02
3.535000e+02 1.518000e+02
3.535000e+02 1.524000e+02
3.535000e+02 1.554000e+02
3.535000e+02 1.590000e+02
3.535000e+02 1.614000e+02
3.535000e+02 1.638000e+02
3.535000e+02 1.662000e+02
3.535000e+02 1.674000e+02
3.530000e+02 1.692000e+02
3.530000e+02 1.704000e+02
3.525000e+02 1.740000e+02
3.525000e+02 1.764000e+02
3.520000e+02 1.782000e+02
3.515000e+02 1.812000e+02
3.515000e+02 1.830000e+02
3.510000e+02 1.860000e+02
3.510000e+02 1.878000e+02
3.505000e+02 1.908000e+02
3.500000e+02 1.932000e+02
3.495000e+02 1.956000e+02
3.490000e+02 1.974000e+02
3.485000e+02 1.986000e+02
3.480000e+02 2.004000e+02
3.475000e+02 2.028000e+02
3.465000e+02 2.052000e+02
3.455000e+02 2.076000e+02
3.450000e+02 2.100000e+02
3.440000e+02 2.112000e+02
3.435000e+02 2.136000e+02
3.425000e+02 2.148000e+02
3.420000e+02 2.160000e+02
3.410000e+02 2.178000e+02
3.405000e+02 2.190000e+02
3.395000e+02 2.208000e+02
3.385000e+02 2.226000e+02
3.375000e+02 2.244000e+02
3.365000e+02 2.262000e+02
3.355000e+02 2.274000e+02
3.345000e+02 2.286000e+02
3.330000e+02 2.304000e+02
3.320000e+02 2.310000e+02
3.315000e+02 2.316000e+02
3.310000e+02 2.328000e+02
3.300000e+02 2.334000e+02
3.295000e+02 2.340000e+02
3.290000e+02 2.346000e+02
3.290000e+02 2.352000e+02
3.280000e+02 2.358000e+02
3.280000e+02 2.364000e+02
3.275000e+02 2.364000e+02
3.275000e+02 2.370000e+02
3.275000e+02 2.370000e+02
3.270000e+02 2.376000e+02
3.270000e+02 2.376000e+02
3.265000e+02 2.376000e+02
3.265000e+02 2.376000e+02
3.265000e+02 2.382000e+02
3.265000e+02 2.382000e+02
3.265000e+02 2.382000e+02
3.260000e+02 2.388000e+02
3.260000e+02 2.388000e+02
3.260000e+02 2.388000e+02
3.255000e+02 2.394000e+02
3.255000e+02 2.400000e+02
3.250000e+02 2.400000e+02
3.250000e+02 2.400000e+02
3.250000e+02 2.406000e+02
3.245000e+02 2.406000e+02
3.245000e+02 2.406000e+02
3.245000e+02 2.412000e+02
3.245000e+02 2.412000e+02
3.240000e+02 2.412000e+02
3.240000e+02 2.412000e+02
3.240000e+02 2.418000e+02
3.240000e+02 2.418000e+02
3.240000e+02 2.418000e+02
3.240000e+02 2.418000e+02
3.235000e+02 2.424000e+02
3.235000e+02 2.424000e+02
3.235000e+02 2.424000e+02
3.235000e+02 2.430000e+02
3.230000e+02 2.430000e+02
3.225000e+02 2.436000e+02
3.225000e+02 2.442000e+02
3.215000e+02 2.454000e+02
3.210000e+02 2.460000e+02
3.205000e+02 2.472000e+02
3.190000e+02 2.502000e+02
3.180000e+02 2.532000e+02
3.165000e+02 2.586000e+02
3.150000e+02 2.640000e+02
3.140000e+02 2.694000e+02
3.130000e+02 2.730000e+02
3.120000e+02 2.790000e+02
3.115000e+02 2.820000e+02
3.105000e+02 2.874000e+02
3.100000e+02 2.892000e+02
3.085000e+02 2.976000e+02
3.080000e+02 3.012000e+02
3.075000e+02 3.042000e+02
3.070000e+02 3.114000e+02
3.065000e+02 3.156000e+02
3.065000e+02 3.204000e+02
3.060000e+02 3.258000e+02
3.060000e+02 3.306000e+02
3.060000e+02 3.342000e+02
3.060000e+02 3.384000e+02
3.060000e+02 3.438000e+02
3.060000e+02 3.480000e+02
3.065000e+02 3.522000e+02
3.065000e+02 3.576000e+02
3.065000e+02 3.636000e+02
3.065000e+02 3.666000e+02
3.065000e+02 3.714000e+02
3.065000e+02 3.750000e+02
3.065000e+02 3.774000e+02
3.060000e+02 3.798000e+02
3.060000e+02 3.816000e+02
3.060000e+02 3.828000e+02
3.055000e+02 3.840000e+02
3.055000e+02 3.852000e+02
3.055000e+02 3.864000e+02
3.055000e+02 3.870000e+02
3.055000e+02 3.876000e+02
3.050000e+02 3.876000e+02
3.050000e+02 3.882000e+02
3.050000e+02 3.882000e+02
3.050000e+02 3.882000e+02
3.050000e+02 3.876000e+02
3.055000e+02 3.870000e+02
3.055000e+02 3.870000e+02
