2.130000e+02 1.848000e+02
2.130000e+02 1.848000e+02
2.130000e+02 1.848000e+02
2.130000e+02 1.848000e+02
2.130000e+02 1.842000e+02
2.130000e+02 1.836000e+02
2.135000e+02 1.830000e+02
2.135000e+02 1.818000e+02
2.135000e+02 1.812000e+02
2.140000e+02 1.800000e+02
2.140000e+02 1.788000e+02
2.145000e+02 1.776000e+02
2.150000e+02 1.758000e+02
2.155000e+02 1.746000e+02
2.160000e+02 1.728000e+02
2.165000e+02 1.716000e+02
2.175000e+02 1.692000e+02
2.185000e+02 1.674000e+02
2.205000e+02 1.644000e+02
2.220000e+02 1.620000e+02
2.240000e+02 1.590000e+02
2.260000e+02 1.560000e+02
2.285000e+02 1.524000e+02
2.310000e+02 1.494000e+02
2.340000e+02 1.458000e+02
2.380000e+02 1.416000e+02
2.415000e+02 1.380000e+02
2.450000e+02 1.344000e+02
2.490000e+02 1.308000e+02
2.545000e+02 1.254000e+02
2.585000e+02 1.224000e+02
2.625000e+02 1.188000e+02
2.670000e+02 1.152000e+02
2.715000e+02 1.122000e+02
2.765000e+02 1.092000e+02
2.820000e+02 1.062000e+02
2.870000e+02 1.032000e+02
2.925000e+02 1.008000e+02
2.980000e+02 9.840000e+01
3.035000e+02 9.600000e+01
3.085000e+02 9.360000e+01
3.135000e+02 9.180000e+01
3.185000e+02 9.060000e+01
3.235000e+02 8.880000e+01
3.285000e+02 8.760000e+01
3.335000e+02 8.580000e+01
3.415000e+02 8.460000e+01
3.485000e+02 8.400000e+01
3.535000e+02 8.400000e+01
3.595000e+02 8.400000e+01
3.640000e+02 8.460000e+01
3.705000e+02 8.580000e+01
3.775000e+02 8.760000e+01
3.820000e+02 8.940000e+01
3.860000e+02 9.060000e+01
3.910000e+02 9.300000e+01
3.950000e+02 9.480000e+01
3.985000e+02 9.660000e+01
4.025000e+02 9.840000e+01
4.060000e+02 1.008000e+02
4.090000e+02 1.032000e+02
4.125000e+02 1.050000e+02
4.155000e+02 1.074000e+02
4.205000e+02 1.110000e+02
4.250000e+02 1.152000e+02
4.275000e+02 1.176000e+02
4.320000e+02 1.218000e+02
4.345000e+02 1.242000e+02
4.380000e+02 1.284000e+02
4.415000e+02 1.332000e+02
4.440000e+02 1.362000e+02
4.465000e+02 1.392000e+02
4.485000e+02 1.416000e+02
4.505000e+02 1.446000e+02
4.520000e+02 1.476000e+02
4.540000e+02 1.500000e+02
4.560000e+02 1.530000e+02
4.575000e+02 1.560000e+02
4.590000e+02 1.590000e+02
4.605000e+02 1.620000e+02
4.620000e+02 1.644000e+02
4.635000e+02 1.674000e+02
4.645000e+02 1.710000e+02
4.660000e+02 1.746000e+02
4.675000e+02 1.776000e+02
4.685000e+02 1.812000e+02
4.695000e+02 1.848000e+02
4.705000e+02 1.878000e+02
4.715000e+02 1.914000e+02
4.725000e+02 1.944000e+02
4.730000e+02 1.980000e+02
4.735000e+02 2.034000e+02
4.740000e+02 2.052000e+02
4.745000e+02 2.100000e+02
4.745000e+02 2.148000e+02
4.750000e+02 2.208000e+02
4.750000e+02 2.238000e+02
4.750000e+02 2.274000e+02
4.745000e+02 2.316000e+02
4.740000e+02 2.352000e+02
4.735000e+02 2.388000e+02
4.730000e+02 2.430000e+02
4.720000e+02 2.466000e+02
4.710000e+02 2.502000e+02
4.700000e+02 2.538000e+02
4.690000e+02 2.580000e+02
4.675000e+02 2.622000e+02
4.665000e+02 2.670000e+02
4.645000e+02 2.730000e+02
4.630000e+02 2.778000e+02
4.610000e+02 2.826000e+02
4.590000e+02 2.874000e+02
4.565000e+02 2.922000e+02
4.545000e+02 2.970000e+02
4.520000e+02 3.012000e+02
4.495000e+02 3.054000e+02
4.460000e+02 3.114000e+02
4.425000e+02 3.162000e+02
4.365000e+02 3.234000e+02
4.325000e+02 3.288000e+02
4.280000e+02 3.336000e+02
4.235000e+02 3.384000e+02
4.190000e+02 3.432000e+02
4.145000e+02 3.474000e+02
4.095000e+02 3.510000e+02
4.045000e+02 3.552000e+02
3.985000e+02 3.594000e+02
3.925000e+02 3.630000e+02
3.860000e+02 3.672000e+02
3.800000e+02 3.702000e+02
3.740000e+02 3.738000e+02
3.690000e+02 3.762000e+02
3.640000e+02 3.786000e+02
3.590000e+02 3.804000e+02
3.550000e+02 3.816000e+02
3.510000e+02 3.828000e+02
3.465000e+02 3.828000e+02
3.405000e+02 3.834000e+02
3.355000e+02 3.828000e+02
3.310000e+02 3.828000e+02
3.255000e+02 3.822000e+02
3.210000e+02 3.816000e+02
3.165000e+02 3.804000e+02
3.125000e+02 3.798000e+02
3.080000e+02 3.780000e+02
3.040000e+02 3.768000e+02
2.995000e+02 3.750000e+02
2.955000e+02 3.732000e+02
2.920000e+02 3.720000e+02
2.880000e+02 3.702000e+02
2.840000e+02 3.678000e+02
2.790000e+02 3.648000e+02
2.755000e+02 3.630000e+02
2.725000e+02 3.612000e+02
2.695000e+02 3.588000e+02
2.665000e+02 3.570000e+02
2.635000e+02 3.552000e+02
2.605000e+02 3.534000e+02
2.575000e+02 3.510000e+02
2.545000e+02 3.486000e+02
2.515000e+02 3.468000e+02
2.485000e+02 3.444000e+02
2.460000e+02 3.420000e+02
2.440000e+02 3.402000e+02
2.415000e+02 3.378000e+02
2.385000e+02 3.348000e+02
2.365000e+02 3.324000e+02
2.340000e+02 3.294000e+02
2.315000e+02 3.270000e+02
2.295000e+02 3.246000e+02
2.270000e+02 3.216000e+02
2.230000e+02 3.168000e+02
2.210000e+02 3.138000e+02
2.195000e+02 3.126000e+02
2.165000e+02 3.078000e+02
2.140000e+02 3.048000e+02
2.115000e+02 3.012000e+02
2.095000e+02 2.976000e+02
2.075000e+02 2.946000e+02
2.055000e+02 2.904000e+02
2.035000e+02 2.868000e+02
2.015000e+02 2.838000e+02
2.000000e+02 2.802000e+02
1.985000e+02 2.766000e+02
1.970000e+02 2.730000e+02
1.960000e+02 2.700000e+02
1.940000e+02 2.658000e+02
1.935000e+02 2.634000e+02
1.925000e+02 2.604000e+02
1.915000e+02 2.574000e+02
1.905000e+02 2.544000e+02
1.895000e+02 2.514000e+02
1.885000e+02 2.478000e+02
1.875000e+02 2.436000e+02
1.865000e+02 2.394000e+02
1.860000e+02 2.358000e+02
1.850000e+02 2.322000e+02
1.845000e+02 2.274000e+02
1.840000e+02 2.238000e+02
1.835000e+02 2.202000e+02
1.830000e+02 2.160000e+02
1.825000e+02 2.100000e+02
1.820000e+02 2.034000e+02
1.815000e+02 2.010000e+02
1.815000e+02 1.986000e+02
1.815000e+02 1.968000e+02
1.815000e+02 1.950000e+02
1.815000e+02 1.932000e+02
1.820000e+02 1.920000e+02
1.820000e+02 1.920000e+02
