2.310000e+02 1.272000e+02
2.315000e+02 1.278000e+02
2.325000e+02 1.308000e+02
2.345000e+02 1.344000e+02
2.365000e+02 1.386000e+02
2.380000e+02 1.410000e+02
2.400000e+02 1.464000e+02
2.425000e+02 1.518000e+02
2.450000e+02 1.572000e+02
2.465000e+02 1.602000e+02
2.510000e+02 1.680000e+02
2.520000e+02 1.710000e+02
2.550000e+02 1.770000e+02
2.585000e+02 1.824000e+02
2.605000e+02 1.854000e+02
2.640000e+02 1.920000e+02
2.680000e+02 1.986000e+02
2.705000e+02 2.016000e+02
2.745000e+02 2.082000e+02
2.795000e+02 2.154000e+02
2.820000e+02 2.190000e+02
2.865000e+02 2.262000e+02
2.890000e+02 2.298000e+02
2.915000e+02 2.334000e+02
2.965000e+02 2.412000e+02
3.015000e+02 2.484000e+02
3.065000e+02 2.562000e+02
3.090000e+02 2.598000e+02
3.130000e+02 2.664000e+02
3.170000e+02 2.724000e+02
3.190000e+02 2.760000e+02
3.235000e+02 2.826000e+02
3.265000e+02 2.880000e+02
3.300000e+02 2.934000e+02
3.320000e+02 2.964000e+02
3.350000e+02 3.012000e+02
3.365000e+02 3.036000e+02
3.390000e+02 3.090000e+02
3.415000e+02 3.138000e+02
3.425000e+02 3.162000e+02
3.440000e+02 3.228000e+02
3.445000e+02 3.246000e+02
3.450000e+02 3.300000e+02
3.445000e+02 3.318000e+02
3.440000e+02 3.330000e+02
3.425000e+02 3.354000e+02
3.415000e+02 3.366000e+02
3.380000e+02 3.390000e+02
3.340000e+02 3.414000e+02
3.315000e+02 3.426000e+02
3.265000e+02 3.456000e+02
3.200000e+02 3.480000e+02
3.170000e+02 3.492000e+02
3.095000e+02 3.510000e+02
3.020000e+02 3.528000e+02
2.980000e+02 3.534000e+02
2.905000e+02 3.546000e+02
2.830000e+02 3.558000e+02
2.795000e+02 3.564000e+02
2.725000e+02 3.564000e+02
2.690000e+02 3.564000e+02
2.630000e+02 3.564000e+02
2.565000e+02 3.558000e+02
2.515000e+02 3.552000e+02
2.490000e+02 3.546000e+02
2.445000e+02 3.534000e+02
2.400000e+02 3.522000e+02
2.385000e+02 3.510000e+02
2.355000e+02 3.486000e+02
2.330000e+02 3.462000e+02
2.315000e+02 3.444000e+02
2.300000e+02 3.420000e+02
2.290000e+02 3.402000e+02
2.280000e+02 3.360000e+02
2.270000e+02 3.318000e+02
2.270000e+02 3.282000e+02
2.275000e+02 3.240000e+02
2.285000e+02 3.192000e+02
2.295000e+02 3.138000e+02
2.315000e+02 3.078000e+02
2.330000e+02 3.048000e+02
2.360000e+02 2.976000e+02
2.395000e+02 2.898000e+02
2.435000e+02 2.808000e+02
2.455000e+02 2.766000e+02
2.480000e+02 2.718000e+02
2.520000e+02 2.622000e+02
2.570000e+02 2.526000e+02
2.615000e+02 2.436000e+02
2.665000e+02 2.328000e+02
2.720000e+02 2.238000e+02
2.775000e+02 2.148000e+02
2.805000e+02 2.100000e+02
2.860000e+02 2.016000e+02
2.925000e+02 1.926000e+02
2.955000e+02 1.884000e+02
3.020000e+02 1.794000e+02
3.085000e+02 1.710000e+02
3.115000e+02 1.674000e+02
3.190000e+02 1.590000e+02
3.220000e+02 1.548000e+02
3.295000e+02 1.464000e+02
3.365000e+02 1.374000e+02
3.400000e+02 1.338000e+02
3.510000e+02 1.218000e+02
3.540000e+02 1.182000e+02
3.610000e+02 1.104000e+02
3.680000e+02 1.032000e+02
3.710000e+02 1.002000e+02
3.780000e+02 9.300000e+01
3.840000e+02 8.700000e+01
3.865000e+02 8.400000e+01
3.920000e+02 7.860000e+01
3.945000e+02 7.560000e+01
3.990000e+02 7.140000e+01
4.035000e+02 6.780000e+01
4.050000e+02 6.600000e+01
4.085000e+02 6.300000e+01
4.115000e+02 6.060000e+01
4.130000e+02 5.940000e+01
4.145000e+02 5.760000e+01
4.160000e+02 5.640000e+01
4.170000e+02 5.580000e+01
4.180000e+02 5.520000e+01
4.185000e+02 5.460000e+01
4.185000e+02 5.460000e+01
4.185000e+02 5.400000e+01
4.190000e+02 5.400000e+01
4.190000e+02 5.400000e+01
4.190000e+02 5.400000e+01
4.190000e+02 5.460000e+01
4.185000e+02 5.520000e+01
4.180000e+02 5.760000e+01
4.180000e+02 5.760000e+01
