3.370000e+02 7.980000e+01
3.370000e+02 7.980000e+01
3.365000e+02 8.040000e+01
3.355000e+02 8.280000e+01
3.340000e+02 8.700000e+01
3.325000e+02 9.180000e+01
3.310000e+02 9.780000e+01
3.300000e+02 1.038000e+02
3.285000e+02 1.116000e+02
3.275000e+02 1.194000e+02
3.260000e+02 1.320000e+02
3.255000e+02 1.404000e+02
3.245000e+02 1.494000e+02
3.235000e+02 1.584000e+02
3.220000e+02 1.674000e+02
3.210000e+02 1.764000e+02
3.200000e+02 1.854000e+02
3.190000e+02 1.938000e+02
3.185000e+02 2.034000e+02
3.175000e+02 2.130000e+02
3.165000e+02 2.226000e+02
3.155000e+02 2.358000e+02
3.150000e+02 2.448000e+02
3.135000e+02 2.580000e+02
3.130000e+02 2.670000e+02
3.115000e+02 2.796000e+02
3.105000e+02 2.874000e+02
3.100000e+02 2.922000e+02
3.085000e+02 3.048000e+02
3.070000e+02 3.132000e+02
3.065000e+02 3.216000e+02
3.050000e+02 3.288000e+02
3.040000e+02 3.360000e+02
3.035000e+02 3.426000e+02
3.025000e+02 3.480000e+02
3.015000e+02 3.534000e+02
3.010000e+02 3.582000e+02
3.005000e+02 3.624000e+02
2.995000e+02 3.666000e+02
2.990000e+02 3.708000e+02
2.985000e+02 3.744000e+02
2.980000e+02 3.774000e+02
2.975000e+02 3.810000e+02
2.970000e+02 3.834000e+02
2.965000e+02 3.858000e+02
2.960000e+02 3.888000e+02
2.960000e+02 3.906000e+02
2.955000e+02 3.918000e+02
2.955000e+02 3.924000e+02
2.955000e+02 3.930000e+02
2.950000e+02 3.930000e+02
2.950000e+02 3.930000e+02
2.950000e+02 3.936000e+02
2.950000e+02 3.936000e+02
