1.400000e+02 2.016000e+02
1.400000e+02 2.016000e+02
1.405000e+02 2.010000e+02
1.405000e+02 2.004000e+02
1.405000e+02 1.998000e+02
1.405000e+02 1.986000e+02
1.405000e+02 1.974000e+02
1.405000e+02 1.962000e+02
1.405000e+02 1.944000e+02
1.405000e+02 1.926000e+02
1.405000e+02 1.914000e+02
1.405000e+02 1.896000e+02
1.405000e+02 1.878000e+02
1.405000e+02 1.860000e+02
1.405000e+02 1.842000e+02
1.405000e+02 1.818000e+02
1.405000e+02 1.794000e+02
1.410000e+02 1.776000e+02
1.410000e+02 1.752000e+02
1.410000e+02 1.734000e+02
1.410000e+02 1.710000e+02
1.410000e+02 1.686000e+02
1.415000e+02 1.650000e+02
1.425000e+02 1.602000e+02
1.430000e+02 1.584000e+02
1.435000e+02 1.554000e+02
1.445000e+02 1.512000e+02
1.455000e+02 1.476000e+02
1.465000e+02 1.446000e+02
1.480000e+02 1.410000e+02
1.490000e+02 1.374000e+02
1.505000e+02 1.332000e+02
1.520000e+02 1.302000e+02
1.535000e+02 1.272000e+02
1.555000e+02 1.230000e+02
1.580000e+02 1.194000e+02
1.600000e+02 1.158000e+02
1.620000e+02 1.128000e+02
1.650000e+02 1.092000e+02
1.680000e+02 1.056000e+02
1.725000e+02 1.008000e+02
1.765000e+02 9.720000e+01
1.815000e+02 9.360000e+01
1.845000e+02 9.180000e+01
1.875000e+02 8.940000e+01
1.910000e+02 8.760000e+01
1.945000e+02 8.580000e+01
1.985000e+02 8.400000e+01
2.020000e+02 8.220000e+01
2.060000e+02 8.040000e+01
2.100000e+02 7.980000e+01
2.135000e+02 7.860000e+01
2.170000e+02 7.740000e+01
2.215000e+02 7.680000e+01
2.245000e+02 7.680000e+01
2.275000e+02 7.680000e+01
2.310000e+02 7.620000e+01
2.340000e+02 7.680000e+01
2.370000e+02 7.680000e+01
2.405000e+02 7.680000e+01
2.440000e+02 7.740000e+01
2.465000e+02 7.740000e+01
2.490000e+02 7.800000e+01
2.515000e+02 7.860000e+01
2.545000e+02 7.920000e+01
2.580000e+02 8.040000e+01
2.600000e+02 8.160000e+01
2.620000e+02 8.280000e+01
2.640000e+02 8.400000e+01
2.665000e+02 8.580000e+01
2.690000e+02 8.760000e+01
2.710000e+02 8.880000e+01
2.730000e+02 9.060000e+01
2.760000e+02 9.360000e+01
2.780000e+02 9.540000e+01
2.805000e+02 9.780000e+01
2.825000e+02 1.008000e+02
2.850000e+02 1.032000e+02
2.870000e+02 1.056000e+02
2.890000e+02 1.074000e+02
2.910000e+02 1.104000e+02
2.935000e+02 1.134000e+02
2.955000e+02 1.158000e+02
2.975000e+02 1.188000e+02
2.990000e+02 1.218000e+02
3.010000e+02 1.242000e+02
3.030000e+02 1.272000e+02
3.045000e+02 1.302000e+02
3.065000e+02 1.332000e+02
3.080000e+02 1.362000e+02
3.095000e+02 1.392000e+02
3.115000e+02 1.440000e+02
3.130000e+02 1.470000e+02
3.135000e+02 1.506000e+02
3.150000e+02 1.536000e+02
3.160000e+02 1.572000e+02
3.170000e+02 1.608000e+02
3.185000e+02 1.644000e+02
3.195000e+02 1.680000e+02
3.205000e+02 1.716000e+02
3.215000e+02 1.752000e+02
3.225000e+02 1.788000e+02
3.235000e+02 1.824000e+02
3.240000e+02 1.860000e+02
3.250000e+02 1.896000e+02
3.255000e+02 1.938000e+02
3.260000e+02 1.974000e+02
3.265000e+02 2.010000e+02
3.265000e+02 2.046000e+02
3.270000e+02 2.082000e+02
3.270000e+02 2.130000e+02
3.270000e+02 2.184000e+02
3.270000e+02 2.238000e+02
3.270000e+02 2.268000e+02
3.270000e+02 2.304000e+02
3.270000e+02 2.340000e+02
3.270000e+02 2.376000e+02
3.265000e+02 2.418000e+02
3.265000e+02 2.448000e+02
3.260000e+02 2.484000e+02
3.255000e+02 2.520000e+02
3.245000e+02 2.568000e+02
3.240000e+02 2.598000e+02
3.235000e+02 2.634000e+02
3.225000e+02 2.670000e+02
3.210000e+02 2.706000e+02
3.200000e+02 2.736000e+02
3.190000e+02 2.772000e+02
3.175000e+02 2.808000e+02
3.155000e+02 2.862000e+02
3.140000e+02 2.898000e+02
3.110000e+02 2.952000e+02
3.070000e+02 3.006000e+02
3.050000e+02 3.042000e+02
3.025000e+02 3.072000e+02
2.995000e+02 3.114000e+02
2.965000e+02 3.150000e+02
2.940000e+02 3.180000e+02
2.910000e+02 3.216000e+02
2.885000e+02 3.252000e+02
2.855000e+02 3.282000e+02
2.825000e+02 3.318000e+02
2.790000e+02 3.354000e+02
2.745000e+02 3.396000e+02
2.685000e+02 3.456000e+02
2.655000e+02 3.486000e+02
2.620000e+02 3.510000e+02
2.585000e+02 3.534000e+02
2.555000e+02 3.558000e+02
2.525000e+02 3.582000e+02
2.485000e+02 3.606000e+02
2.450000e+02 3.630000e+02
2.420000e+02 3.648000e+02
2.385000e+02 3.666000e+02
2.350000e+02 3.684000e+02
2.315000e+02 3.696000e+02
2.285000e+02 3.714000e+02
2.255000e+02 3.726000e+02
2.225000e+02 3.732000e+02
2.200000e+02 3.738000e+02
2.165000e+02 3.750000e+02
2.135000e+02 3.750000e+02
2.100000e+02 3.750000e+02
2.080000e+02 3.750000e+02
2.060000e+02 3.750000e+02
2.040000e+02 3.750000e+02
2.025000e+02 3.744000e+02
2.005000e+02 3.744000e+02
1.985000e+02 3.738000e+02
1.960000e+02 3.732000e+02
1.945000e+02 3.726000e+02
1.930000e+02 3.714000e+02
1.915000e+02 3.708000e+02
1.900000e+02 3.696000e+02
1.880000e+02 3.684000e+02
1.845000e+02 3.666000e+02
1.825000e+02 3.654000e+02
1.805000e+02 3.636000e+02
1.790000e+02 3.624000e+02
1.770000e+02 3.606000e+02
1.750000e+02 3.594000e+02
1.730000e+02 3.576000e+02
1.715000e+02 3.564000e+02
1.700000e+02 3.552000e+02
1.685000e+02 3.534000e+02
1.670000e+02 3.522000e+02
1.655000e+02 3.504000e+02
1.640000e+02 3.486000e+02
1.620000e+02 3.456000e+02
1.600000e+02 3.432000e+02
1.575000e+02 3.402000e+02
1.565000e+02 3.384000e+02
1.550000e+02 3.360000e+02
1.535000e+02 3.336000e+02
1.520000e+02 3.318000e+02
1.510000e+02 3.294000e+02
1.495000e+02 3.276000e+02
1.480000e+02 3.252000e+02
1.465000e+02 3.228000e+02
1.445000e+02 3.204000e+02
1.430000e+02 3.180000e+02
1.415000e+02 3.150000e+02
1.400000e+02 3.126000e+02
1.385000e+02 3.096000e+02
1.360000e+02 3.054000e+02
1.340000e+02 3.018000e+02
1.325000e+02 2.988000e+02
1.305000e+02 2.952000e+02
1.290000e+02 2.916000e+02
1.275000e+02 2.874000e+02
1.265000e+02 2.844000e+02
1.250000e+02 2.814000e+02
1.235000e+02 2.778000e+02
1.220000e+02 2.730000e+02
1.205000e+02 2.700000e+02
1.190000e+02 2.664000e+02
1.180000e+02 2.628000e+02
1.165000e+02 2.580000e+02
1.155000e+02 2.544000e+02
1.145000e+02 2.514000e+02
1.140000e+02 2.484000e+02
1.130000e+02 2.448000e+02
1.120000e+02 2.412000e+02
1.115000e+02 2.382000e+02
1.105000e+02 2.340000e+02
1.105000e+02 2.316000e+02
1.100000e+02 2.286000e+02
1.095000e+02 2.262000e+02
1.095000e+02 2.244000e+02
1.095000e+02 2.226000e+02
1.095000e+02 2.214000e+02
1.095000e+02 2.214000e+02
