5.875000e+02 2.466000e+02
5.875000e+02 2.466000e+02
5.870000e+02 2.472000e+02
5.870000e+02 2.472000e+02
5.865000e+02 2.478000e+02
5.855000e+02 2.478000e+02
5.845000e+02 2.484000e+02
5.825000e+02 2.496000e+02
5.805000e+02 2.508000e+02
5.770000e+02 2.526000e+02
5.740000e+02 2.538000e+02
5.710000e+02 2.550000e+02
5.675000e+02 2.562000e+02
5.615000e+02 2.580000e+02
5.555000e+02 2.598000e+02
5.500000e+02 2.604000e+02
5.450000e+02 2.616000e+02
5.390000e+02 2.622000e+02
5.310000e+02 2.634000e+02
5.250000e+02 2.634000e+02
5.195000e+02 2.640000e+02
5.140000e+02 2.640000e+02
5.085000e+02 2.640000e+02
5.035000e+02 2.640000e+02
4.980000e+02 2.640000e+02
4.930000e+02 2.634000e+02
4.875000e+02 2.628000e+02
4.825000e+02 2.628000e+02
4.775000e+02 2.622000e+02
4.720000e+02 2.616000e+02
4.670000e+02 2.616000e+02
4.610000e+02 2.610000e+02
4.555000e+02 2.598000e+02
4.465000e+02 2.598000e+02
4.430000e+02 2.598000e+02
4.365000e+02 2.598000e+02
4.300000e+02 2.598000e+02
4.235000e+02 2.598000e+02
4.175000e+02 2.598000e+02
4.085000e+02 2.598000e+02
4.020000e+02 2.598000e+02
3.960000e+02 2.598000e+02
3.895000e+02 2.604000e+02
3.835000e+02 2.604000e+02
3.775000e+02 2.604000e+02
3.715000e+02 2.604000e+02
3.655000e+02 2.610000e+02
3.590000e+02 2.610000e+02
3.490000e+02 2.616000e+02
3.420000e+02 2.622000e+02
3.335000e+02 2.628000e+02
3.260000e+02 2.634000e+02
3.185000e+02 2.640000e+02
3.105000e+02 2.646000e+02
3.025000e+02 2.658000e+02
2.940000e+02 2.670000e+02
2.860000e+02 2.676000e+02
2.780000e+02 2.688000e+02
2.705000e+02 2.700000e+02
2.625000e+02 2.712000e+02
2.550000e+02 2.724000e+02
2.475000e+02 2.730000e+02
2.405000e+02 2.742000e+02
2.335000e+02 2.754000e+02
2.260000e+02 2.766000e+02
2.190000e+02 2.772000e+02
2.115000e+02 2.778000e+02
2.050000e+02 2.790000e+02
1.950000e+02 2.802000e+02
1.880000e+02 2.814000e+02
1.820000e+02 2.820000e+02
1.755000e+02 2.832000e+02
1.700000e+02 2.844000e+02
1.635000e+02 2.856000e+02
1.580000e+02 2.862000e+02
1.520000e+02 2.874000e+02
1.465000e+02 2.880000e+02
1.415000e+02 2.886000e+02
1.360000e+02 2.898000e+02
1.310000e+02 2.910000e+02
1.265000e+02 2.916000e+02
1.220000e+02 2.922000e+02
1.165000e+02 2.928000e+02
1.105000e+02 2.940000e+02
1.060000e+02 2.946000e+02
1.030000e+02 2.946000e+02
1.005000e+02 2.946000e+02
9.800000e+01 2.946000e+02
9.600000e+01 2.946000e+02
9.450000e+01 2.946000e+02
9.300000e+01 2.946000e+02
9.200000e+01 2.940000e+02
9.100000e+01 2.940000e+02
8.950000e+01 2.940000e+02
8.850000e+01 2.934000e+02
8.750000e+01 2.934000e+02
8.700000e+01 2.928000e+02
8.650000e+01 2.928000e+02
8.600000e+01 2.928000e+02
8.550000e+01 2.928000e+02
8.500000e+01 2.928000e+02
8.500000e+01 2.922000e+02
8.450000e+01 2.922000e+02
8.450000e+01 2.922000e+02
8.400000e+01 2.922000e+02
8.400000e+01 2.922000e+02
8.400000e+01 2.922000e+02
8.400000e+01 2.922000e+02
8.400000e+01 2.922000e+02
