5.255000e+02 1.878000e+02
5.225000e+02 1.884000e+02
5.150000e+02 1.890000e+02
5.095000e+02 1.890000e+02
5.045000e+02 1.890000e+02
4.980000e+02 1.890000e+02
4.925000e+02 1.896000e+02
4.860000e+02 1.896000e+02
4.790000e+02 1.902000e+02
4.710000e+02 1.908000e+02
4.610000e+02 1.914000e+02
4.525000e+02 1.920000e+02
4.435000e+02 1.926000e+02
4.290000e+02 1.938000e+02
4.130000e+02 1.950000e+02
3.980000e+02 1.956000e+02
3.875000e+02 1.968000e+02
3.775000e+02 1.968000e+02
3.675000e+02 1.974000e+02
3.565000e+02 1.980000e+02
3.460000e+02 1.986000e+02
3.360000e+02 1.992000e+02
3.260000e+02 1.998000e+02
3.165000e+02 1.998000e+02
3.065000e+02 1.998000e+02
2.930000e+02 2.004000e+02
2.840000e+02 2.004000e+02
2.715000e+02 2.004000e+02
2.620000e+02 2.004000e+02
2.500000e+02 2.010000e+02
2.425000e+02 2.010000e+02
2.345000e+02 2.016000e+02
2.310000e+02 2.016000e+02
2.195000e+02 2.022000e+02
2.160000e+02 2.028000e+02
2.050000e+02 2.034000e+02
1.980000e+02 2.040000e+02
1.910000e+02 2.040000e+02
1.840000e+02 2.046000e+02
1.780000e+02 2.052000e+02
1.720000e+02 2.058000e+02
1.670000e+02 2.064000e+02
1.610000e+02 2.070000e+02
1.555000e+02 2.070000e+02
1.495000e+02 2.076000e+02
1.445000e+02 2.082000e+02
1.390000e+02 2.094000e+02
1.340000e+02 2.100000e+02
1.290000e+02 2.112000e+02
1.245000e+02 2.118000e+02
1.195000e+02 2.130000e+02
1.180000e+02 2.130000e+02
1.130000e+02 2.136000e+02
1.095000e+02 2.142000e+02
1.080000e+02 2.148000e+02
1.080000e+02 2.148000e+02
