1.985000e+02 3.840000e+02
1.980000e+02 3.762000e+02
1.985000e+02 3.702000e+02
1.990000e+02 3.624000e+02
1.995000e+02 3.576000e+02
1.995000e+02 3.522000e+02
2.005000e+02 3.390000e+02
2.010000e+02 3.252000e+02
2.015000e+02 3.174000e+02
2.020000e+02 3.018000e+02
2.035000e+02 2.850000e+02
2.040000e+02 2.766000e+02
2.060000e+02 2.592000e+02
2.085000e+02 2.418000e+02
2.095000e+02 2.328000e+02
2.125000e+02 2.166000e+02
2.155000e+02 2.010000e+02
2.170000e+02 1.932000e+02
2.205000e+02 1.782000e+02
2.240000e+02 1.632000e+02
2.255000e+02 1.572000e+02
2.285000e+02 1.446000e+02
2.315000e+02 1.338000e+02
2.335000e+02 1.290000e+02
2.360000e+02 1.218000e+02
2.385000e+02 1.146000e+02
2.395000e+02 1.116000e+02
2.415000e+02 1.068000e+02
2.430000e+02 1.032000e+02
2.440000e+02 1.020000e+02
2.455000e+02 1.002000e+02
2.480000e+02 1.002000e+02
2.505000e+02 1.020000e+02
2.540000e+02 1.062000e+02
2.555000e+02 1.080000e+02
2.590000e+02 1.140000e+02
2.610000e+02 1.170000e+02
2.640000e+02 1.242000e+02
2.675000e+02 1.320000e+02
2.695000e+02 1.368000e+02
2.730000e+02 1.464000e+02
2.770000e+02 1.578000e+02
2.785000e+02 1.638000e+02
2.840000e+02 1.818000e+02
2.860000e+02 1.878000e+02
2.890000e+02 2.004000e+02
2.905000e+02 2.070000e+02
2.930000e+02 2.196000e+02
2.955000e+02 2.322000e+02
2.965000e+02 2.388000e+02
2.990000e+02 2.514000e+02
3.000000e+02 2.574000e+02
3.020000e+02 2.682000e+02
3.045000e+02 2.790000e+02
3.065000e+02 2.892000e+02
3.090000e+02 2.976000e+02
3.110000e+02 3.060000e+02
3.135000e+02 3.132000e+02
3.150000e+02 3.192000e+02
3.160000e+02 3.246000e+02
3.160000e+02 3.270000e+02
3.165000e+02 3.306000e+02
3.160000e+02 3.336000e+02
3.155000e+02 3.342000e+02
3.135000e+02 3.360000e+02
3.110000e+02 3.360000e+02
3.090000e+02 3.360000e+02
3.050000e+02 3.342000e+02
2.995000e+02 3.312000e+02
2.930000e+02 3.276000e+02
2.890000e+02 3.258000e+02
2.800000e+02 3.204000e+02
2.750000e+02 3.174000e+02
2.645000e+02 3.120000e+02
2.520000e+02 3.060000e+02
2.455000e+02 3.024000e+02
2.305000e+02 2.970000e+02
2.145000e+02 2.898000e+02
2.065000e+02 2.868000e+02
1.990000e+02 2.838000e+02
1.830000e+02 2.778000e+02
1.680000e+02 2.718000e+02
1.615000e+02 2.688000e+02
1.480000e+02 2.634000e+02
1.350000e+02 2.580000e+02
1.290000e+02 2.556000e+02
1.185000e+02 2.520000e+02
1.090000e+02 2.484000e+02
1.045000e+02 2.472000e+02
9.600000e+01 2.436000e+02
9.000000e+01 2.412000e+02
8.750000e+01 2.394000e+02
8.300000e+01 2.376000e+02
8.050000e+01 2.358000e+02
8.000000e+01 2.352000e+02
8.050000e+01 2.334000e+02
8.150000e+01 2.328000e+02
8.550000e+01 2.304000e+02
9.150000e+01 2.274000e+02
9.550000e+01 2.262000e+02
1.055000e+02 2.232000e+02
1.120000e+02 2.220000e+02
1.265000e+02 2.190000e+02
1.430000e+02 2.172000e+02
1.610000e+02 2.142000e+02
1.705000e+02 2.124000e+02
1.905000e+02 2.088000e+02
2.010000e+02 2.070000e+02
2.225000e+02 2.040000e+02
2.435000e+02 2.022000e+02
2.635000e+02 1.992000e+02
2.845000e+02 1.962000e+02
3.055000e+02 1.926000e+02
3.255000e+02 1.902000e+02
3.350000e+02 1.896000e+02
3.525000e+02 1.878000e+02
3.700000e+02 1.866000e+02
3.855000e+02 1.854000e+02
3.930000e+02 1.848000e+02
4.060000e+02 1.842000e+02
4.165000e+02 1.836000e+02
4.210000e+02 1.830000e+02
4.285000e+02 1.824000e+02
4.335000e+02 1.824000e+02
4.355000e+02 1.824000e+02
4.380000e+02 1.830000e+02
4.390000e+02 1.830000e+02
4.380000e+02 1.842000e+02
4.350000e+02 1.854000e+02
4.300000e+02 1.866000e+02
4.265000e+02 1.878000e+02
4.190000e+02 1.902000e+02
4.145000e+02 1.926000e+02
4.040000e+02 1.968000e+02
3.910000e+02 2.004000e+02
3.845000e+02 2.028000e+02
3.690000e+02 2.094000e+02
3.530000e+02 2.154000e+02
3.445000e+02 2.196000e+02
3.280000e+02 2.268000e+02
3.100000e+02 2.352000e+02
3.005000e+02 2.388000e+02
2.815000e+02 2.484000e+02
2.640000e+02 2.580000e+02
2.550000e+02 2.634000e+02
2.385000e+02 2.724000e+02
2.215000e+02 2.826000e+02
2.045000e+02 2.922000e+02
1.890000e+02 3.018000e+02
1.745000e+02 3.114000e+02
1.675000e+02 3.156000e+02
1.545000e+02 3.240000e+02
1.430000e+02 3.312000e+02
1.375000e+02 3.342000e+02
1.280000e+02 3.408000e+02
1.235000e+02 3.438000e+02
1.200000e+02 3.462000e+02
1.135000e+02 3.498000e+02
1.080000e+02 3.528000e+02
1.035000e+02 3.558000e+02
1.005000e+02 3.576000e+02
9.850000e+01 3.588000e+02
9.750000e+01 3.588000e+02
9.650000e+01 3.594000e+02
9.600000e+01 3.600000e+02
9.600000e+01 3.606000e+02
9.600000e+01 3.606000e+02
9.650000e+01 3.612000e+02
9.750000e+01 3.618000e+02
9.750000e+01 3.618000e+02
