1.270000e+02 2.430000e+02
1.270000e+02 2.430000e+02
1.270000e+02 2.430000e+02
1.270000e+02 2.430000e+02
1.275000e+02 2.430000e+02
1.275000e+02 2.430000e+02
1.280000e+02 2.430000e+02
1.285000e+02 2.430000e+02
1.305000e+02 2.430000e+02
1.325000e+02 2.436000e+02
1.345000e+02 2.436000e+02
1.375000e+02 2.448000e+02
1.405000e+02 2.454000e+02
1.435000e+02 2.460000e+02
1.475000e+02 2.472000e+02
1.505000e+02 2.478000e+02
1.545000e+02 2.484000e+02
1.580000e+02 2.490000e+02
1.610000e+02 2.496000e+02
1.650000e+02 2.502000e+02
1.690000e+02 2.508000e+02
1.730000e+02 2.514000e+02
1.775000e+02 2.520000e+02
1.845000e+02 2.520000e+02
1.895000e+02 2.526000e+02
1.925000e+02 2.526000e+02
2.000000e+02 2.526000e+02
2.110000e+02 2.526000e+02
2.170000e+02 2.526000e+02
2.225000e+02 2.526000e+02
2.285000e+02 2.526000e+02
2.340000e+02 2.526000e+02
2.425000e+02 2.520000e+02
2.450000e+02 2.520000e+02
2.540000e+02 2.520000e+02
2.590000e+02 2.514000e+02
2.650000e+02 2.514000e+02
2.700000e+02 2.514000e+02
2.725000e+02 2.514000e+02
2.760000e+02 2.514000e+02
2.815000e+02 2.508000e+02
2.900000e+02 2.508000e+02
2.930000e+02 2.508000e+02
2.980000e+02 2.508000e+02
3.035000e+02 2.508000e+02
3.090000e+02 2.508000e+02
3.140000e+02 2.508000e+02
3.220000e+02 2.508000e+02
3.250000e+02 2.508000e+02
3.310000e+02 2.508000e+02
3.365000e+02 2.502000e+02
3.420000e+02 2.502000e+02
3.475000e+02 2.502000e+02
3.535000e+02 2.502000e+02
3.585000e+02 2.502000e+02
3.640000e+02 2.496000e+02
3.690000e+02 2.496000e+02
3.745000e+02 2.496000e+02
3.800000e+02 2.496000e+02
3.880000e+02 2.496000e+02
3.930000e+02 2.496000e+02
4.005000e+02 2.490000e+02
4.055000e+02 2.490000e+02
4.100000e+02 2.490000e+02
4.180000e+02 2.490000e+02
4.225000e+02 2.490000e+02
4.250000e+02 2.490000e+02
4.300000e+02 2.490000e+02
4.345000e+02 2.490000e+02
4.390000e+02 2.490000e+02
4.435000e+02 2.484000e+02
4.475000e+02 2.484000e+02
4.520000e+02 2.484000e+02
4.565000e+02 2.484000e+02
4.605000e+02 2.484000e+02
4.650000e+02 2.484000e+02
4.695000e+02 2.484000e+02
4.735000e+02 2.484000e+02
4.785000e+02 2.484000e+02
4.825000e+02 2.484000e+02
4.865000e+02 2.484000e+02
4.910000e+02 2.484000e+02
4.950000e+02 2.484000e+02
4.990000e+02 2.478000e+02
5.030000e+02 2.478000e+02
5.065000e+02 2.478000e+02
5.095000e+02 2.472000e+02
5.145000e+02 2.472000e+02
5.180000e+02 2.466000e+02
5.215000e+02 2.466000e+02
5.235000e+02 2.466000e+02
5.255000e+02 2.466000e+02
5.265000e+02 2.466000e+02
5.280000e+02 2.466000e+02
5.290000e+02 2.466000e+02
5.295000e+02 2.466000e+02
5.305000e+02 2.466000e+02
5.315000e+02 2.472000e+02
5.320000e+02 2.472000e+02
5.330000e+02 2.472000e+02
5.335000e+02 2.478000e+02
5.340000e+02 2.478000e+02
5.345000e+02 2.478000e+02
5.350000e+02 2.484000e+02
5.350000e+02 2.484000e+02
