2.440000e+02 1.584000e+02
2.440000e+02 1.584000e+02
2.435000e+02 1.584000e+02
2.435000e+02 1.578000e+02
2.430000e+02 1.572000e+02
2.420000e+02 1.554000e+02
2.410000e+02 1.482000e+02
2.410000e+02 1.422000e+02
2.415000e+02 1.350000e+02
2.425000e+02 1.278000e+02
2.450000e+02 1.194000e+02
2.480000e+02 1.128000e+02
2.510000e+02 1.056000e+02
2.550000e+02 9.900000e+01
2.600000e+02 9.240000e+01
2.650000e+02 8.640000e+01
2.710000e+02 8.040000e+01
2.785000e+02 7.320000e+01
2.855000e+02 6.780000e+01
2.940000e+02 6.180000e+01
3.015000e+02 5.700000e+01
3.055000e+02 5.460000e+01
3.130000e+02 5.100000e+01
3.205000e+02 4.800000e+01
3.290000e+02 4.560000e+01
3.365000e+02 4.440000e+01
3.480000e+02 4.320000e+01
3.525000e+02 4.260000e+01
3.595000e+02 4.260000e+01
3.675000e+02 4.320000e+01
3.745000e+02 4.440000e+01
3.815000e+02 4.620000e+01
3.875000e+02 4.800000e+01
3.930000e+02 4.980000e+01
3.975000e+02 5.280000e+01
4.015000e+02 5.640000e+01
4.060000e+02 5.940000e+01
4.075000e+02 6.120000e+01
4.110000e+02 6.540000e+01
4.160000e+02 7.260000e+01
4.195000e+02 7.860000e+01
4.225000e+02 8.400000e+01
4.240000e+02 8.940000e+01
4.260000e+02 9.600000e+01
4.265000e+02 1.014000e+02
4.270000e+02 1.038000e+02
4.270000e+02 1.134000e+02
4.270000e+02 1.188000e+02
4.260000e+02 1.248000e+02
4.250000e+02 1.308000e+02
4.235000e+02 1.368000e+02
4.210000e+02 1.440000e+02
4.185000e+02 1.500000e+02
4.160000e+02 1.566000e+02
4.135000e+02 1.632000e+02
4.100000e+02 1.704000e+02
4.065000e+02 1.764000e+02
4.040000e+02 1.818000e+02
3.985000e+02 1.908000e+02
3.930000e+02 1.980000e+02
3.875000e+02 2.052000e+02
3.835000e+02 2.094000e+02
3.800000e+02 2.130000e+02
3.765000e+02 2.166000e+02
3.725000e+02 2.202000e+02
3.695000e+02 2.232000e+02
3.665000e+02 2.262000e+02
3.635000e+02 2.286000e+02
3.595000e+02 2.322000e+02
3.550000e+02 2.370000e+02
3.535000e+02 2.388000e+02
3.500000e+02 2.436000e+02
3.470000e+02 2.466000e+02
3.450000e+02 2.502000e+02
3.435000e+02 2.532000e+02
3.420000e+02 2.562000e+02
3.410000e+02 2.592000e+02
3.400000e+02 2.622000e+02
3.395000e+02 2.664000e+02
3.390000e+02 2.694000e+02
3.390000e+02 2.724000e+02
3.385000e+02 2.748000e+02
3.385000e+02 2.772000e+02
3.385000e+02 2.808000e+02
3.380000e+02 2.826000e+02
3.380000e+02 2.844000e+02
3.380000e+02 2.856000e+02
3.380000e+02 2.874000e+02
3.380000e+02 2.886000e+02
3.380000e+02 2.904000e+02
3.380000e+02 2.922000e+02
3.380000e+02 2.946000e+02
3.380000e+02 2.982000e+02
3.380000e+02 3.018000e+02
3.385000e+02 3.048000e+02
3.385000e+02 3.102000e+02
3.385000e+02 3.156000e+02
3.390000e+02 3.204000e+02
3.390000e+02 3.300000e+02
3.395000e+02 3.354000e+02
3.395000e+02 3.384000e+02
3.395000e+02 3.444000e+02
3.400000e+02 3.492000e+02
3.400000e+02 3.546000e+02
3.400000e+02 3.588000e+02
3.400000e+02 3.624000e+02
3.400000e+02 3.654000e+02
3.400000e+02 3.684000e+02
3.400000e+02 3.702000e+02
3.400000e+02 3.708000e+02
3.400000e+02 3.720000e+02
3.400000e+02 3.726000e+02
3.400000e+02 3.726000e+02
3.400000e+02 3.726000e+02
