2.825000e+02 5.820000e+01
2.825000e+02 5.820000e+01
2.820000e+02 5.880000e+01
2.820000e+02 5.880000e+01
2.815000e+02 6.000000e+01
2.810000e+02 6.660000e+01
2.805000e+02 7.140000e+01
2.805000e+02 7.740000e+01
2.805000e+02 8.040000e+01
2.805000e+02 8.940000e+01
2.805000e+02 9.660000e+01
2.805000e+02 1.026000e+02
2.805000e+02 1.092000e+02
2.800000e+02 1.152000e+02
2.800000e+02 1.218000e+02
2.795000e+02 1.284000e+02
2.795000e+02 1.344000e+02
2.790000e+02 1.416000e+02
2.790000e+02 1.482000e+02
2.785000e+02 1.560000e+02
2.780000e+02 1.632000e+02
2.775000e+02 1.746000e+02
2.770000e+02 1.824000e+02
2.770000e+02 1.860000e+02
2.760000e+02 1.980000e+02
2.755000e+02 2.064000e+02
2.750000e+02 2.148000e+02
2.745000e+02 2.232000e+02
2.740000e+02 2.316000e+02
2.735000e+02 2.388000e+02
2.735000e+02 2.460000e+02
2.730000e+02 2.562000e+02
2.725000e+02 2.640000e+02
2.725000e+02 2.736000e+02
2.725000e+02 2.838000e+02
2.725000e+02 2.898000e+02
2.730000e+02 2.964000e+02
2.730000e+02 3.024000e+02
2.735000e+02 3.084000e+02
2.740000e+02 3.138000e+02
2.740000e+02 3.192000e+02
2.740000e+02 3.252000e+02
2.745000e+02 3.306000e+02
2.750000e+02 3.366000e+02
2.750000e+02 3.444000e+02
2.750000e+02 3.492000e+02
2.755000e+02 3.552000e+02
2.755000e+02 3.600000e+02
2.755000e+02 3.648000e+02
2.755000e+02 3.702000e+02
2.755000e+02 3.750000e+02
2.755000e+02 3.786000e+02
2.755000e+02 3.828000e+02
2.755000e+02 3.858000e+02
2.755000e+02 3.888000e+02
2.755000e+02 3.918000e+02
2.755000e+02 3.948000e+02
2.755000e+02 3.984000e+02
2.760000e+02 4.062000e+02
2.760000e+02 4.062000e+02
