1.160000e+02 2.808000e+02
1.160000e+02 2.808000e+02
1.155000e+02 2.814000e+02
1.150000e+02 2.820000e+02
1.150000e+02 2.820000e+02
1.145000e+02 2.826000e+02
1.145000e+02 2.832000e+02
1.150000e+02 2.844000e+02
1.165000e+02 2.856000e+02
1.210000e+02 2.886000e+02
1.245000e+02 2.898000e+02
1.290000e+02 2.916000e+02
1.340000e+02 2.922000e+02
1.395000e+02 2.928000e+02
1.455000e+02 2.934000e+02
1.510000e+02 2.940000e+02
1.545000e+02 2.940000e+02
1.610000e+02 2.940000e+02
1.685000e+02 2.940000e+02
1.760000e+02 2.934000e+02
1.830000e+02 2.928000e+02
1.900000e+02 2.922000e+02
2.005000e+02 2.916000e+02
2.045000e+02 2.916000e+02
2.115000e+02 2.922000e+02
2.190000e+02 2.922000e+02
2.255000e+02 2.928000e+02
2.320000e+02 2.928000e+02
2.380000e+02 2.934000e+02
2.445000e+02 2.940000e+02
2.505000e+02 2.946000e+02
2.570000e+02 2.958000e+02
2.630000e+02 2.964000e+02
2.690000e+02 2.976000e+02
2.745000e+02 2.982000e+02
2.805000e+02 2.994000e+02
2.885000e+02 3.000000e+02
2.940000e+02 3.006000e+02
3.015000e+02 3.018000e+02
3.070000e+02 3.024000e+02
3.115000e+02 3.024000e+02
3.170000e+02 3.030000e+02
3.215000e+02 3.036000e+02
3.270000e+02 3.036000e+02
3.320000e+02 3.042000e+02
3.365000e+02 3.042000e+02
3.440000e+02 3.048000e+02
3.460000e+02 3.048000e+02
3.535000e+02 3.054000e+02
3.610000e+02 3.054000e+02
3.660000e+02 3.060000e+02
3.710000e+02 3.060000e+02
3.760000e+02 3.060000e+02
3.810000e+02 3.060000e+02
3.855000e+02 3.060000e+02
3.900000e+02 3.054000e+02
3.950000e+02 3.054000e+02
3.995000e+02 3.054000e+02
4.050000e+02 3.054000e+02
4.095000e+02 3.048000e+02
4.170000e+02 3.048000e+02
4.240000e+02 3.048000e+02
4.310000e+02 3.048000e+02
4.350000e+02 3.054000e+02
4.390000e+02 3.054000e+02
4.435000e+02 3.054000e+02
4.470000e+02 3.054000e+02
4.510000e+02 3.054000e+02
4.550000e+02 3.054000e+02
4.585000e+02 3.054000e+02
4.615000e+02 3.060000e+02
4.650000e+02 3.060000e+02
4.680000e+02 3.060000e+02
4.715000e+02 3.060000e+02
4.715000e+02 3.060000e+02
