1.515000e+02 1.218000e+02
1.515000e+02 1.218000e+02
1.515000e+02 1.212000e+02
1.515000e+02 1.206000e+02
1.515000e+02 1.200000e+02
1.515000e+02 1.200000e+02
1.515000e+02 1.200000e+02
1.515000e+02 1.200000e+02
1.525000e+02 1.212000e+02
1.535000e+02 1.230000e+02
1.550000e+02 1.254000e+02
1.570000e+02 1.284000e+02
1.595000e+02 1.320000e+02
1.615000e+02 1.356000e+02
1.650000e+02 1.410000e+02
1.660000e+02 1.434000e+02
1.700000e+02 1.500000e+02
1.725000e+02 1.536000e+02
1.750000e+02 1.584000e+02
1.770000e+02 1.620000e+02
1.795000e+02 1.662000e+02
1.820000e+02 1.704000e+02
1.840000e+02 1.740000e+02
1.860000e+02 1.776000e+02
1.875000e+02 1.806000e+02
1.895000e+02 1.836000e+02
1.910000e+02 1.866000e+02
1.925000e+02 1.896000e+02
1.940000e+02 1.920000e+02
1.955000e+02 1.944000e+02
1.965000e+02 1.962000e+02
1.975000e+02 1.980000e+02
1.990000e+02 2.010000e+02
1.995000e+02 2.022000e+02
2.000000e+02 2.034000e+02
2.010000e+02 2.052000e+02
2.020000e+02 2.070000e+02
2.030000e+02 2.088000e+02
2.040000e+02 2.106000e+02
2.045000e+02 2.118000e+02
2.055000e+02 2.136000e+02
2.065000e+02 2.142000e+02
2.065000e+02 2.148000e+02
2.070000e+02 2.154000e+02
2.075000e+02 2.160000e+02
2.075000e+02 2.160000e+02
2.080000e+02 2.166000e+02
2.080000e+02 2.166000e+02
2.085000e+02 2.166000e+02
2.085000e+02 2.166000e+02
2.090000e+02 2.166000e+02
2.090000e+02 2.160000e+02
2.090000e+02 2.160000e+02
2.095000e+02 2.154000e+02
2.100000e+02 2.142000e+02
2.110000e+02 2.130000e+02
2.115000e+02 2.112000e+02
2.125000e+02 2.094000e+02
2.135000e+02 2.070000e+02
2.145000e+02 2.046000e+02
2.160000e+02 2.022000e+02
2.180000e+02 1.992000e+02
2.210000e+02 1.956000e+02
2.240000e+02 1.914000e+02
2.285000e+02 1.872000e+02
2.340000e+02 1.812000e+02
2.375000e+02 1.776000e+02
2.435000e+02 1.728000e+02
2.490000e+02 1.686000e+02
2.535000e+02 1.650000e+02
2.580000e+02 1.620000e+02
2.630000e+02 1.590000e+02
2.685000e+02 1.560000e+02
2.740000e+02 1.530000e+02
2.795000e+02 1.506000e+02
2.850000e+02 1.482000e+02
2.915000e+02 1.458000e+02
2.975000e+02 1.440000e+02
3.045000e+02 1.422000e+02
3.130000e+02 1.392000e+02
3.190000e+02 1.374000e+02
3.215000e+02 1.374000e+02
3.310000e+02 1.344000e+02
3.370000e+02 1.332000e+02
3.435000e+02 1.314000e+02
3.495000e+02 1.302000e+02
3.560000e+02 1.284000e+02
3.615000e+02 1.278000e+02
3.670000e+02 1.266000e+02
3.720000e+02 1.254000e+02
3.775000e+02 1.248000e+02
3.850000e+02 1.236000e+02
3.910000e+02 1.224000e+02
3.955000e+02 1.218000e+02
4.000000e+02 1.212000e+02
4.065000e+02 1.206000e+02
4.100000e+02 1.200000e+02
4.150000e+02 1.200000e+02
4.175000e+02 1.194000e+02
4.185000e+02 1.194000e+02
4.215000e+02 1.188000e+02
4.230000e+02 1.188000e+02
4.240000e+02 1.188000e+02
4.245000e+02 1.188000e+02
4.250000e+02 1.188000e+02
4.260000e+02 1.188000e+02
4.260000e+02 1.188000e+02
4.265000e+02 1.188000e+02
4.265000e+02 1.188000e+02
4.270000e+02 1.188000e+02
4.270000e+02 1.188000e+02
4.275000e+02 1.188000e+02
4.275000e+02 1.188000e+02
4.275000e+02 1.188000e+02
4.275000e+02 1.182000e+02
4.275000e+02 1.182000e+02
4.275000e+02 1.182000e+02
4.275000e+02 1.182000e+02
4.275000e+02 1.188000e+02
4.275000e+02 1.188000e+02
4.275000e+02 1.194000e+02
4.270000e+02 1.194000e+02
4.270000e+02 1.194000e+02
