1.410000e+02 8.220000e+01
1.410000e+02 8.220000e+01
1.425000e+02 8.100000e+01
1.445000e+02 8.040000e+01
1.470000e+02 7.980000e+01
1.500000e+02 7.920000e+01
1.545000e+02 7.800000e+01
1.585000e+02 7.800000e+01
1.635000e+02 7.740000e+01
1.690000e+02 7.740000e+01
1.745000e+02 7.740000e+01
1.840000e+02 7.740000e+01
1.910000e+02 7.740000e+01
1.965000e+02 7.740000e+01
2.040000e+02 7.680000e+01
2.110000e+02 7.680000e+01
2.195000e+02 7.680000e+01
2.275000e+02 7.560000e+01
2.400000e+02 7.500000e+01
2.480000e+02 7.380000e+01
2.625000e+02 7.260000e+01
2.710000e+02 7.140000e+01
2.800000e+02 7.080000e+01
2.885000e+02 6.960000e+01
2.965000e+02 6.900000e+01
3.060000e+02 6.840000e+01
3.130000e+02 6.840000e+01
3.200000e+02 6.780000e+01
3.270000e+02 6.780000e+01
3.340000e+02 6.720000e+01
3.415000e+02 6.720000e+01
3.480000e+02 6.660000e+01
3.545000e+02 6.600000e+01
3.600000e+02 6.600000e+01
3.660000e+02 6.540000e+01
3.685000e+02 6.540000e+01
3.720000e+02 6.480000e+01
3.760000e+02 6.480000e+01
3.795000e+02 6.420000e+01
3.820000e+02 6.420000e+01
3.840000e+02 6.420000e+01
3.850000e+02 6.420000e+01
3.860000e+02 6.420000e+01
3.865000e+02 6.480000e+01
3.865000e+02 6.480000e+01
3.865000e+02 6.480000e+01
