2.125000e+02 1.860000e+02
2.125000e+02 1.860000e+02
2.120000e+02 1.848000e+02
2.120000e+02 1.836000e+02
2.115000e+02 1.818000e+02
2.115000e+02 1.806000e+02
2.110000e+02 1.782000e+02
2.110000e+02 1.764000e+02
2.110000e+02 1.740000e+02
2.115000e+02 1.710000e+02
2.125000e+02 1.656000e+02
2.135000e+02 1.608000e+02
2.150000e+02 1.554000e+02
2.160000e+02 1.518000e+02
2.175000e+02 1.482000e+02
2.185000e+02 1.446000e+02
2.205000e+02 1.410000e+02
2.225000e+02 1.368000e+02
2.245000e+02 1.326000e+02
2.275000e+02 1.284000e+02
2.305000e+02 1.236000e+02
2.340000e+02 1.188000e+02
2.380000e+02 1.146000e+02
2.450000e+02 1.074000e+02
2.525000e+02 1.008000e+02
2.610000e+02 9.480000e+01
2.675000e+02 9.060000e+01
2.735000e+02 8.640000e+01
2.810000e+02 8.280000e+01
2.880000e+02 7.980000e+01
2.950000e+02 7.680000e+01
3.015000e+02 7.500000e+01
3.080000e+02 7.320000e+01
3.150000e+02 7.200000e+01
3.220000e+02 7.080000e+01
3.295000e+02 7.080000e+01
3.365000e+02 7.080000e+01
3.445000e+02 7.140000e+01
3.525000e+02 7.200000e+01
3.645000e+02 7.440000e+01
3.685000e+02 7.500000e+01
3.800000e+02 7.800000e+01
3.870000e+02 8.100000e+01
3.945000e+02 8.400000e+01
4.015000e+02 8.820000e+01
4.075000e+02 9.240000e+01
4.135000e+02 9.600000e+01
4.190000e+02 1.008000e+02
4.240000e+02 1.050000e+02
4.290000e+02 1.104000e+02
4.335000e+02 1.152000e+02
4.375000e+02 1.206000e+02
4.410000e+02 1.260000e+02
4.450000e+02 1.326000e+02
4.480000e+02 1.380000e+02
4.505000e+02 1.446000e+02
4.525000e+02 1.506000e+02
4.555000e+02 1.596000e+02
4.565000e+02 1.626000e+02
4.590000e+02 1.722000e+02
4.605000e+02 1.782000e+02
4.610000e+02 1.848000e+02
4.620000e+02 1.908000e+02
4.625000e+02 1.974000e+02
4.630000e+02 2.040000e+02
4.630000e+02 2.100000e+02
4.630000e+02 2.166000e+02
4.625000e+02 2.232000e+02
4.610000e+02 2.328000e+02
4.600000e+02 2.388000e+02
4.585000e+02 2.448000e+02
4.575000e+02 2.502000e+02
4.565000e+02 2.532000e+02
4.540000e+02 2.628000e+02
4.525000e+02 2.676000e+02
4.505000e+02 2.730000e+02
4.485000e+02 2.784000e+02
4.460000e+02 2.838000e+02
4.435000e+02 2.886000e+02
4.410000e+02 2.934000e+02
4.380000e+02 2.988000e+02
4.345000e+02 3.036000e+02
4.310000e+02 3.084000e+02
4.265000e+02 3.138000e+02
4.215000e+02 3.186000e+02
4.165000e+02 3.228000e+02
4.105000e+02 3.276000e+02
4.045000e+02 3.324000e+02
3.945000e+02 3.378000e+02
3.845000e+02 3.432000e+02
3.745000e+02 3.474000e+02
3.685000e+02 3.498000e+02
3.615000e+02 3.522000e+02
3.555000e+02 3.534000e+02
3.490000e+02 3.546000e+02
3.440000e+02 3.552000e+02
3.380000e+02 3.552000e+02
3.335000e+02 3.552000e+02
3.290000e+02 3.546000e+02
3.235000e+02 3.534000e+02
3.195000e+02 3.528000e+02
3.140000e+02 3.510000e+02
3.090000e+02 3.492000e+02
3.045000e+02 3.468000e+02
2.995000e+02 3.450000e+02
2.950000e+02 3.426000e+02
2.905000e+02 3.402000e+02
2.860000e+02 3.372000e+02
2.825000e+02 3.348000e+02
2.790000e+02 3.312000e+02
2.755000e+02 3.282000e+02
2.720000e+02 3.252000e+02
2.670000e+02 3.198000e+02
2.640000e+02 3.162000e+02
2.610000e+02 3.126000e+02
2.575000e+02 3.096000e+02
2.530000e+02 3.042000e+02
2.485000e+02 2.988000e+02
2.460000e+02 2.952000e+02
2.430000e+02 2.916000e+02
2.400000e+02 2.880000e+02
2.375000e+02 2.844000e+02
2.350000e+02 2.808000e+02
2.325000e+02 2.778000e+02
2.305000e+02 2.742000e+02
2.285000e+02 2.706000e+02
2.265000e+02 2.670000e+02
2.240000e+02 2.622000e+02
2.220000e+02 2.586000e+02
2.200000e+02 2.538000e+02
2.180000e+02 2.490000e+02
2.165000e+02 2.460000e+02
2.155000e+02 2.430000e+02
2.145000e+02 2.400000e+02
2.140000e+02 2.376000e+02
2.135000e+02 2.358000e+02
2.125000e+02 2.340000e+02
2.120000e+02 2.322000e+02
2.115000e+02 2.304000e+02
2.110000e+02 2.292000e+02
2.110000e+02 2.280000e+02
2.105000e+02 2.274000e+02
2.105000e+02 2.274000e+02
2.105000e+02 2.274000e+02
2.105000e+02 2.274000e+02
