3.045000e+02 1.944000e+02
3.045000e+02 1.944000e+02
3.040000e+02 1.944000e+02
3.040000e+02 1.944000e+02
3.035000e+02 1.944000e+02
3.035000e+02 1.944000e+02
3.030000e+02 1.938000e+02
3.030000e+02 1.932000e+02
3.020000e+02 1.920000e+02
3.015000e+02 1.902000e+02
3.005000e+02 1.866000e+02
2.995000e+02 1.830000e+02
2.990000e+02 1.788000e+02
2.985000e+02 1.752000e+02
2.985000e+02 1.710000e+02
2.985000e+02 1.650000e+02
2.990000e+02 1.602000e+02
3.000000e+02 1.542000e+02
3.005000e+02 1.482000e+02
3.015000e+02 1.440000e+02
3.030000e+02 1.386000e+02
3.045000e+02 1.338000e+02
3.075000e+02 1.272000e+02
3.090000e+02 1.248000e+02
3.110000e+02 1.206000e+02
3.135000e+02 1.170000e+02
3.145000e+02 1.152000e+02
3.175000e+02 1.122000e+02
3.205000e+02 1.098000e+02
3.250000e+02 1.074000e+02
3.265000e+02 1.062000e+02
3.310000e+02 1.050000e+02
3.345000e+02 1.050000e+02
3.365000e+02 1.044000e+02
3.415000e+02 1.050000e+02
3.455000e+02 1.056000e+02
3.475000e+02 1.062000e+02
3.545000e+02 1.086000e+02
3.585000e+02 1.110000e+02
3.615000e+02 1.134000e+02
3.655000e+02 1.164000e+02
3.690000e+02 1.194000e+02
3.720000e+02 1.224000e+02
3.760000e+02 1.272000e+02
3.790000e+02 1.308000e+02
3.815000e+02 1.344000e+02
3.825000e+02 1.368000e+02
3.845000e+02 1.404000e+02
3.860000e+02 1.440000e+02
3.875000e+02 1.482000e+02
3.885000e+02 1.518000e+02
3.895000e+02 1.566000e+02
3.900000e+02 1.608000e+02
3.900000e+02 1.644000e+02
3.905000e+02 1.680000e+02
3.905000e+02 1.722000e+02
3.895000e+02 1.764000e+02
3.890000e+02 1.806000e+02
3.880000e+02 1.878000e+02
3.870000e+02 1.920000e+02
3.860000e+02 1.962000e+02
3.850000e+02 1.980000e+02
3.825000e+02 2.040000e+02
3.805000e+02 2.094000e+02
3.790000e+02 2.118000e+02
3.780000e+02 2.142000e+02
3.765000e+02 2.160000e+02
3.750000e+02 2.184000e+02
3.735000e+02 2.196000e+02
3.720000e+02 2.214000e+02
3.705000e+02 2.232000e+02
3.690000e+02 2.244000e+02
3.680000e+02 2.256000e+02
3.665000e+02 2.268000e+02
3.650000e+02 2.280000e+02
3.635000e+02 2.292000e+02
3.620000e+02 2.304000e+02
3.600000e+02 2.310000e+02
3.580000e+02 2.328000e+02
3.570000e+02 2.328000e+02
3.555000e+02 2.340000e+02
3.535000e+02 2.352000e+02
3.530000e+02 2.358000e+02
3.515000e+02 2.364000e+02
3.495000e+02 2.376000e+02
3.470000e+02 2.382000e+02
3.455000e+02 2.394000e+02
3.435000e+02 2.400000e+02
3.420000e+02 2.406000e+02
3.410000e+02 2.412000e+02
3.395000e+02 2.418000e+02
3.370000e+02 2.424000e+02
3.350000e+02 2.430000e+02
3.335000e+02 2.430000e+02
3.325000e+02 2.436000e+02
3.315000e+02 2.442000e+02
3.305000e+02 2.448000e+02
3.295000e+02 2.448000e+02
3.285000e+02 2.454000e+02
3.275000e+02 2.460000e+02
3.265000e+02 2.466000e+02
3.255000e+02 2.478000e+02
3.245000e+02 2.484000e+02
3.235000e+02 2.490000e+02
3.225000e+02 2.496000e+02
3.210000e+02 2.520000e+02
3.190000e+02 2.532000e+02
3.185000e+02 2.544000e+02
3.175000e+02 2.550000e+02
3.170000e+02 2.562000e+02
3.165000e+02 2.568000e+02
3.160000e+02 2.574000e+02
3.155000e+02 2.586000e+02
3.150000e+02 2.592000e+02
3.145000e+02 2.592000e+02
3.140000e+02 2.598000e+02
3.135000e+02 2.604000e+02
3.135000e+02 2.610000e+02
3.130000e+02 2.610000e+02
3.125000e+02 2.616000e+02
3.120000e+02 2.622000e+02
3.120000e+02 2.622000e+02
3.115000e+02 2.628000e+02
3.110000e+02 2.634000e+02
3.110000e+02 2.634000e+02
3.110000e+02 2.640000e+02
3.105000e+02 2.652000e+02
3.105000e+02 2.658000e+02
3.100000e+02 2.664000e+02
3.100000e+02 2.676000e+02
3.100000e+02 2.694000e+02
3.095000e+02 2.712000e+02
3.095000e+02 2.724000e+02
3.095000e+02 2.748000e+02
3.095000e+02 2.766000e+02
3.095000e+02 2.796000e+02
3.100000e+02 2.826000e+02
3.100000e+02 2.856000e+02
3.105000e+02 2.898000e+02
3.105000e+02 2.910000e+02
3.105000e+02 2.952000e+02
3.110000e+02 2.988000e+02
3.110000e+02 3.018000e+02
3.115000e+02 3.060000e+02
3.115000e+02 3.102000e+02
3.115000e+02 3.144000e+02
3.120000e+02 3.198000e+02
3.120000e+02 3.222000e+02
3.120000e+02 3.288000e+02
3.120000e+02 3.348000e+02
3.120000e+02 3.366000e+02
3.120000e+02 3.414000e+02
3.120000e+02 3.450000e+02
3.120000e+02 3.492000e+02
3.120000e+02 3.552000e+02
3.120000e+02 3.588000e+02
3.120000e+02 3.624000e+02
3.120000e+02 3.654000e+02
3.115000e+02 3.684000e+02
3.115000e+02 3.720000e+02
3.115000e+02 3.744000e+02
3.115000e+02 3.768000e+02
3.115000e+02 3.786000e+02
3.115000e+02 3.810000e+02
3.115000e+02 3.816000e+02
3.115000e+02 3.828000e+02
3.115000e+02 3.834000e+02
3.115000e+02 3.846000e+02
3.115000e+02 3.852000e+02
3.115000e+02 3.858000e+02
3.115000e+02 3.864000e+02
3.115000e+02 3.870000e+02
3.120000e+02 3.876000e+02
3.120000e+02 3.882000e+02
3.120000e+02 3.888000e+02
3.120000e+02 3.900000e+02
3.125000e+02 3.900000e+02
3.125000e+02 3.906000e+02
3.125000e+02 3.912000e+02
3.130000e+02 3.936000e+02
3.130000e+02 3.966000e+02
3.130000e+02 3.966000e+02
