4.645000e+02 2.250000e+02
4.645000e+02 2.250000e+02
4.635000e+02 2.244000e+02
4.625000e+02 2.238000e+02
4.610000e+02 2.232000e+02
4.585000e+02 2.226000e+02
4.575000e+02 2.226000e+02
4.535000e+02 2.220000e+02
4.495000e+02 2.220000e+02
4.455000e+02 2.220000e+02
4.405000e+02 2.220000e+02
4.350000e+02 2.220000e+02
4.265000e+02 2.220000e+02
4.200000e+02 2.220000e+02
4.140000e+02 2.226000e+02
4.035000e+02 2.232000e+02
3.995000e+02 2.238000e+02
3.925000e+02 2.244000e+02
3.850000e+02 2.250000e+02
3.780000e+02 2.256000e+02
3.705000e+02 2.256000e+02
3.620000e+02 2.262000e+02
3.505000e+02 2.268000e+02
3.425000e+02 2.274000e+02
3.345000e+02 2.274000e+02
3.255000e+02 2.280000e+02
3.135000e+02 2.292000e+02
3.015000e+02 2.298000e+02
2.945000e+02 2.304000e+02
2.830000e+02 2.310000e+02
2.760000e+02 2.310000e+02
2.695000e+02 2.310000e+02
2.625000e+02 2.316000e+02
2.525000e+02 2.316000e+02
2.465000e+02 2.316000e+02
2.400000e+02 2.316000e+02
2.340000e+02 2.316000e+02
2.285000e+02 2.316000e+02
2.220000e+02 2.322000e+02
2.165000e+02 2.322000e+02
2.115000e+02 2.322000e+02
2.070000e+02 2.322000e+02
2.020000e+02 2.322000e+02
1.975000e+02 2.322000e+02
1.920000e+02 2.322000e+02
1.900000e+02 2.322000e+02
1.860000e+02 2.322000e+02
1.830000e+02 2.322000e+02
1.795000e+02 2.322000e+02
1.780000e+02 2.328000e+02
1.745000e+02 2.328000e+02
1.715000e+02 2.328000e+02
1.680000e+02 2.328000e+02
1.650000e+02 2.328000e+02
1.625000e+02 2.334000e+02
1.600000e+02 2.334000e+02
1.575000e+02 2.334000e+02
1.555000e+02 2.334000e+02
1.530000e+02 2.340000e+02
1.510000e+02 2.340000e+02
1.485000e+02 2.340000e+02
1.465000e+02 2.346000e+02
1.445000e+02 2.346000e+02
1.430000e+02 2.352000e+02
1.410000e+02 2.352000e+02
1.390000e+02 2.358000e+02
1.380000e+02 2.358000e+02
1.375000e+02 2.358000e+02
1.365000e+02 2.364000e+02
1.360000e+02 2.364000e+02
1.355000e+02 2.364000e+02
1.355000e+02 2.370000e+02
1.355000e+02 2.370000e+02
1.355000e+02 2.370000e+02
1.355000e+02 2.370000e+02
