3.470000e+02 3.354000e+02
3.470000e+02 3.354000e+02
3.465000e+02 3.336000e+02
3.465000e+02 3.330000e+02
3.465000e+02 3.312000e+02
3.460000e+02 3.294000e+02
3.460000e+02 3.270000e+02
3.460000e+02 3.246000e+02
3.455000e+02 3.210000e+02
3.455000e+02 3.174000e+02
3.450000e+02 3.138000e+02
3.445000e+02 3.090000e+02
3.440000e+02 3.042000e+02
3.435000e+02 2.982000e+02
3.435000e+02 2.928000e+02
3.430000e+02 2.868000e+02
3.430000e+02 2.814000e+02
3.425000e+02 2.754000e+02
3.425000e+02 2.670000e+02
3.425000e+02 2.640000e+02
3.420000e+02 2.514000e+02
3.420000e+02 2.448000e+02
3.420000e+02 2.388000e+02
3.420000e+02 2.328000e+02
3.420000e+02 2.274000e+02
3.420000e+02 2.190000e+02
3.420000e+02 2.166000e+02
3.420000e+02 2.082000e+02
3.420000e+02 1.998000e+02
3.420000e+02 1.944000e+02
3.420000e+02 1.896000e+02
3.420000e+02 1.848000e+02
3.420000e+02 1.800000e+02
3.425000e+02 1.758000e+02
3.425000e+02 1.698000e+02
3.425000e+02 1.656000e+02
3.425000e+02 1.602000e+02
3.425000e+02 1.584000e+02
3.425000e+02 1.554000e+02
3.430000e+02 1.518000e+02
3.430000e+02 1.488000e+02
3.430000e+02 1.464000e+02
3.430000e+02 1.434000e+02
3.430000e+02 1.398000e+02
3.430000e+02 1.392000e+02
3.430000e+02 1.368000e+02
3.430000e+02 1.350000e+02
3.430000e+02 1.332000e+02
3.430000e+02 1.320000e+02
3.430000e+02 1.308000e+02
3.430000e+02 1.302000e+02
3.430000e+02 1.296000e+02
3.430000e+02 1.290000e+02
3.430000e+02 1.284000e+02
3.430000e+02 1.284000e+02
3.430000e+02 1.284000e+02
3.430000e+02 1.284000e+02
