1.265000e+02 2.280000e+02
1.265000e+02 2.280000e+02
1.275000e+02 2.280000e+02
1.285000e+02 2.280000e+02
1.320000e+02 2.274000e+02
1.365000e+02 2.268000e+02
1.420000e+02 2.250000e+02
1.475000e+02 2.238000e+02
1.540000e+02 2.214000e+02
1.600000e+02 2.196000e+02
1.680000e+02 2.178000e+02
1.755000e+02 2.154000e+02
1.840000e+02 2.130000e+02
1.930000e+02 2.112000e+02
2.050000e+02 2.082000e+02
2.135000e+02 2.064000e+02
2.220000e+02 2.052000e+02
2.320000e+02 2.040000e+02
2.405000e+02 2.028000e+02
2.480000e+02 2.016000e+02
2.560000e+02 2.004000e+02
2.600000e+02 1.998000e+02
2.715000e+02 1.986000e+02
2.755000e+02 1.980000e+02
2.860000e+02 1.974000e+02
2.935000e+02 1.968000e+02
2.965000e+02 1.968000e+02
3.045000e+02 1.962000e+02
3.115000e+02 1.956000e+02
3.190000e+02 1.950000e+02
3.290000e+02 1.944000e+02
3.350000e+02 1.938000e+02
3.420000e+02 1.938000e+02
3.480000e+02 1.932000e+02
3.540000e+02 1.932000e+02
3.595000e+02 1.926000e+02
3.655000e+02 1.926000e+02
3.715000e+02 1.920000e+02
3.775000e+02 1.914000e+02
3.830000e+02 1.914000e+02
3.880000e+02 1.908000e+02
3.930000e+02 1.908000e+02
3.970000e+02 1.908000e+02
4.015000e+02 1.902000e+02
4.055000e+02 1.902000e+02
4.095000e+02 1.902000e+02
4.135000e+02 1.902000e+02
4.175000e+02 1.902000e+02
4.210000e+02 1.896000e+02
4.245000e+02 1.896000e+02
4.300000e+02 1.896000e+02
4.320000e+02 1.896000e+02
4.365000e+02 1.896000e+02
4.420000e+02 1.890000e+02
4.455000e+02 1.890000e+02
4.485000e+02 1.890000e+02
4.520000e+02 1.884000e+02
4.560000e+02 1.884000e+02
4.605000e+02 1.878000e+02
4.635000e+02 1.878000e+02
4.670000e+02 1.878000e+02
4.705000e+02 1.872000e+02
4.735000e+02 1.872000e+02
4.765000e+02 1.872000e+02
4.805000e+02 1.866000e+02
4.835000e+02 1.866000e+02
4.865000e+02 1.866000e+02
4.905000e+02 1.866000e+02
4.940000e+02 1.866000e+02
4.975000e+02 1.866000e+02
5.010000e+02 1.860000e+02
5.040000e+02 1.860000e+02
5.070000e+02 1.866000e+02
5.095000e+02 1.866000e+02
5.120000e+02 1.866000e+02
5.150000e+02 1.866000e+02
5.180000e+02 1.866000e+02
5.225000e+02 1.866000e+02
5.240000e+02 1.866000e+02
5.275000e+02 1.866000e+02
5.305000e+02 1.872000e+02
5.320000e+02 1.872000e+02
5.345000e+02 1.872000e+02
5.370000e+02 1.872000e+02
5.390000e+02 1.872000e+02
5.405000e+02 1.878000e+02
5.425000e+02 1.878000e+02
5.445000e+02 1.878000e+02
5.450000e+02 1.878000e+02
5.485000e+02 1.884000e+02
5.515000e+02 1.890000e+02
5.545000e+02 1.896000e+02
5.595000e+02 1.914000e+02
5.605000e+02 1.914000e+02
5.605000e+02 1.914000e+02
