2.415000e+02 1.134000e+02
2.415000e+02 1.134000e+02
2.445000e+02 1.170000e+02
2.465000e+02 1.194000e+02
2.510000e+02 1.248000e+02
2.565000e+02 1.308000e+02
2.595000e+02 1.344000e+02
2.665000e+02 1.434000e+02
2.730000e+02 1.530000e+02
2.760000e+02 1.578000e+02
2.795000e+02 1.632000e+02
2.860000e+02 1.734000e+02
2.930000e+02 1.848000e+02
2.965000e+02 1.914000e+02
3.035000e+02 2.028000e+02
3.115000e+02 2.154000e+02
3.200000e+02 2.274000e+02
3.245000e+02 2.328000e+02
3.335000e+02 2.448000e+02
3.430000e+02 2.580000e+02
3.475000e+02 2.640000e+02
3.560000e+02 2.754000e+02
3.650000e+02 2.862000e+02
3.690000e+02 2.916000e+02
3.735000e+02 2.958000e+02
3.815000e+02 3.060000e+02
3.890000e+02 3.144000e+02
3.925000e+02 3.192000e+02
3.985000e+02 3.270000e+02
4.015000e+02 3.306000e+02
4.075000e+02 3.384000e+02
4.120000e+02 3.444000e+02
4.140000e+02 3.468000e+02
4.165000e+02 3.510000e+02
4.185000e+02 3.546000e+02
4.200000e+02 3.582000e+02
4.200000e+02 3.612000e+02
4.185000e+02 3.630000e+02
4.175000e+02 3.648000e+02
4.135000e+02 3.660000e+02
4.090000e+02 3.672000e+02
4.030000e+02 3.678000e+02
3.995000e+02 3.678000e+02
3.910000e+02 3.684000e+02
3.810000e+02 3.690000e+02
3.760000e+02 3.690000e+02
3.640000e+02 3.696000e+02
3.580000e+02 3.702000e+02
3.380000e+02 3.720000e+02
3.250000e+02 3.738000e+02
3.185000e+02 3.744000e+02
3.060000e+02 3.774000e+02
2.940000e+02 3.792000e+02
2.830000e+02 3.816000e+02
2.780000e+02 3.822000e+02
2.685000e+02 3.834000e+02
2.640000e+02 3.840000e+02
2.560000e+02 3.852000e+02
2.490000e+02 3.864000e+02
2.430000e+02 3.870000e+02
2.405000e+02 3.876000e+02
2.360000e+02 3.876000e+02
2.320000e+02 3.876000e+02
2.300000e+02 3.876000e+02
2.275000e+02 3.870000e+02
2.255000e+02 3.864000e+02
2.245000e+02 3.864000e+02
2.230000e+02 3.858000e+02
2.225000e+02 3.846000e+02
2.225000e+02 3.840000e+02
2.230000e+02 3.828000e+02
2.240000e+02 3.816000e+02
2.260000e+02 3.786000e+02
2.280000e+02 3.756000e+02
2.295000e+02 3.738000e+02
2.330000e+02 3.708000e+02
2.350000e+02 3.684000e+02
2.390000e+02 3.642000e+02
2.440000e+02 3.606000e+02
2.460000e+02 3.582000e+02
2.485000e+02 3.564000e+02
2.530000e+02 3.510000e+02
2.580000e+02 3.462000e+02
2.630000e+02 3.414000e+02
2.680000e+02 3.360000e+02
2.735000e+02 3.306000e+02
2.765000e+02 3.276000e+02
2.825000e+02 3.210000e+02
2.890000e+02 3.144000e+02
2.925000e+02 3.108000e+02
2.995000e+02 3.036000e+02
3.065000e+02 2.964000e+02
3.140000e+02 2.892000e+02
3.175000e+02 2.856000e+02
3.255000e+02 2.778000e+02
3.290000e+02 2.742000e+02
3.365000e+02 2.670000e+02
3.405000e+02 2.628000e+02
3.475000e+02 2.556000e+02
3.515000e+02 2.514000e+02
3.595000e+02 2.436000e+02
3.685000e+02 2.346000e+02
3.735000e+02 2.304000e+02
3.830000e+02 2.208000e+02
3.930000e+02 2.124000e+02
4.035000e+02 2.022000e+02
4.085000e+02 1.980000e+02
4.180000e+02 1.890000e+02
4.265000e+02 1.812000e+02
4.310000e+02 1.776000e+02
4.395000e+02 1.698000e+02
4.475000e+02 1.632000e+02
4.515000e+02 1.596000e+02
4.585000e+02 1.530000e+02
4.655000e+02 1.476000e+02
4.685000e+02 1.446000e+02
4.740000e+02 1.392000e+02
4.795000e+02 1.338000e+02
4.845000e+02 1.290000e+02
4.890000e+02 1.242000e+02
4.920000e+02 1.206000e+02
4.935000e+02 1.194000e+02
4.965000e+02 1.182000e+02
4.970000e+02 1.176000e+02
4.970000e+02 1.176000e+02
