1.435000e+02 1.254000e+02
1.435000e+02 1.254000e+02
1.435000e+02 1.242000e+02
1.435000e+02 1.218000e+02
1.460000e+02 1.170000e+02
1.520000e+02 1.080000e+02
1.575000e+02 1.008000e+02
1.630000e+02 9.540000e+01
1.695000e+02 8.940000e+01
1.755000e+02 8.520000e+01
1.815000e+02 8.160000e+01
1.860000e+02 7.920000e+01
1.920000e+02 7.740000e+01
1.945000e+02 7.740000e+01
2.010000e+02 7.620000e+01
2.100000e+02 7.620000e+01
2.170000e+02 7.680000e+01
2.225000e+02 7.800000e+01
2.290000e+02 7.980000e+01
2.350000e+02 8.280000e+01
2.405000e+02 8.640000e+01
2.445000e+02 9.000000e+01
2.480000e+02 9.360000e+01
2.510000e+02 9.780000e+01
2.550000e+02 1.044000e+02
2.560000e+02 1.074000e+02
2.580000e+02 1.152000e+02
2.590000e+02 1.200000e+02
2.600000e+02 1.266000e+02
2.605000e+02 1.320000e+02
2.605000e+02 1.374000e+02
2.600000e+02 1.428000e+02
2.595000e+02 1.482000e+02
2.580000e+02 1.536000e+02
2.565000e+02 1.590000e+02
2.550000e+02 1.638000e+02
2.525000e+02 1.710000e+02
2.500000e+02 1.758000e+02
2.460000e+02 1.818000e+02
2.435000e+02 1.848000e+02
2.415000e+02 1.878000e+02
2.390000e+02 1.902000e+02
2.360000e+02 1.926000e+02
2.335000e+02 1.950000e+02
2.295000e+02 1.980000e+02
2.250000e+02 2.010000e+02
2.215000e+02 2.028000e+02
2.190000e+02 2.040000e+02
2.165000e+02 2.058000e+02
2.140000e+02 2.070000e+02
2.115000e+02 2.082000e+02
2.090000e+02 2.094000e+02
2.060000e+02 2.112000e+02
2.055000e+02 2.118000e+02
2.035000e+02 2.124000e+02
2.020000e+02 2.136000e+02
2.005000e+02 2.148000e+02
1.990000e+02 2.160000e+02
1.970000e+02 2.184000e+02
1.955000e+02 2.214000e+02
1.940000e+02 2.244000e+02
1.915000e+02 2.304000e+02
1.910000e+02 2.328000e+02
1.900000e+02 2.376000e+02
1.890000e+02 2.400000e+02
1.880000e+02 2.478000e+02
1.870000e+02 2.526000e+02
1.865000e+02 2.574000e+02
1.855000e+02 2.628000e+02
1.850000e+02 2.676000e+02
1.845000e+02 2.718000e+02
1.840000e+02 2.760000e+02
1.830000e+02 2.826000e+02
1.825000e+02 2.880000e+02
1.820000e+02 2.922000e+02
1.820000e+02 2.970000e+02
1.815000e+02 3.012000e+02
1.815000e+02 3.054000e+02
1.810000e+02 3.096000e+02
1.810000e+02 3.144000e+02
1.810000e+02 3.192000e+02
1.805000e+02 3.246000e+02
1.805000e+02 3.300000e+02
1.805000e+02 3.342000e+02
1.805000e+02 3.396000e+02
1.810000e+02 3.468000e+02
1.810000e+02 3.486000e+02
1.810000e+02 3.546000e+02
1.810000e+02 3.564000e+02
1.810000e+02 3.594000e+02
1.810000e+02 3.612000e+02
1.810000e+02 3.630000e+02
1.810000e+02 3.636000e+02
1.810000e+02 3.648000e+02
1.810000e+02 3.660000e+02
1.810000e+02 3.666000e+02
1.810000e+02 3.672000e+02
1.810000e+02 3.678000e+02
1.810000e+02 3.678000e+02
1.810000e+02 3.678000e+02
1.810000e+02 3.678000e+02
1.810000e+02 3.678000e+02
