2.250000e+02 3.684000e+02
2.250000e+02 3.684000e+02
2.260000e+02 3.654000e+02
2.265000e+02 3.636000e+02
2.280000e+02 3.582000e+02
2.285000e+02 3.552000e+02
2.300000e+02 3.474000e+02
2.310000e+02 3.426000e+02
2.325000e+02 3.324000e+02
2.345000e+02 3.204000e+02
2.365000e+02 3.078000e+02
2.390000e+02 2.934000e+02
2.400000e+02 2.862000e+02
2.415000e+02 2.790000e+02
2.425000e+02 2.718000e+02
2.450000e+02 2.568000e+02
2.475000e+02 2.418000e+02
2.500000e+02 2.274000e+02
2.515000e+02 2.208000e+02
2.535000e+02 2.064000e+02
2.560000e+02 1.902000e+02
2.580000e+02 1.752000e+02
2.605000e+02 1.608000e+02
2.630000e+02 1.482000e+02
2.640000e+02 1.428000e+02
2.665000e+02 1.314000e+02
2.680000e+02 1.230000e+02
2.690000e+02 1.194000e+02
2.710000e+02 1.128000e+02
2.725000e+02 1.074000e+02
2.735000e+02 1.050000e+02
2.755000e+02 1.014000e+02
2.775000e+02 9.900000e+01
2.790000e+02 9.780000e+01
2.805000e+02 9.780000e+01
2.815000e+02 9.780000e+01
2.840000e+02 9.900000e+01
2.855000e+02 1.002000e+02
2.880000e+02 1.032000e+02
2.910000e+02 1.074000e+02
2.940000e+02 1.134000e+02
2.975000e+02 1.200000e+02
3.010000e+02 1.278000e+02
3.030000e+02 1.320000e+02
3.065000e+02 1.404000e+02
3.110000e+02 1.500000e+02
3.150000e+02 1.584000e+02
3.170000e+02 1.638000e+02
3.210000e+02 1.728000e+02
3.250000e+02 1.830000e+02
3.270000e+02 1.872000e+02
3.310000e+02 1.962000e+02
3.355000e+02 2.046000e+02
3.395000e+02 2.130000e+02
3.415000e+02 2.178000e+02
3.465000e+02 2.262000e+02
3.510000e+02 2.340000e+02
3.530000e+02 2.376000e+02
3.575000e+02 2.454000e+02
3.615000e+02 2.526000e+02
3.655000e+02 2.598000e+02
3.690000e+02 2.670000e+02
3.715000e+02 2.706000e+02
3.735000e+02 2.748000e+02
3.775000e+02 2.820000e+02
3.815000e+02 2.892000e+02
3.840000e+02 2.934000e+02
3.875000e+02 3.000000e+02
3.920000e+02 3.078000e+02
3.940000e+02 3.114000e+02
3.980000e+02 3.186000e+02
4.015000e+02 3.252000e+02
4.035000e+02 3.288000e+02
4.070000e+02 3.360000e+02
4.105000e+02 3.426000e+02
4.140000e+02 3.498000e+02
4.160000e+02 3.534000e+02
4.190000e+02 3.588000e+02
4.220000e+02 3.636000e+02
4.245000e+02 3.678000e+02
4.265000e+02 3.708000e+02
4.280000e+02 3.726000e+02
4.285000e+02 3.732000e+02
4.290000e+02 3.744000e+02
4.290000e+02 3.744000e+02
4.290000e+02 3.750000e+02
4.285000e+02 3.744000e+02
4.280000e+02 3.738000e+02
4.260000e+02 3.726000e+02
4.230000e+02 3.714000e+02
4.210000e+02 3.702000e+02
4.165000e+02 3.684000e+02
4.115000e+02 3.660000e+02
4.085000e+02 3.642000e+02
4.020000e+02 3.618000e+02
3.940000e+02 3.588000e+02
3.900000e+02 3.576000e+02
3.815000e+02 3.552000e+02
3.725000e+02 3.516000e+02
3.670000e+02 3.492000e+02
3.565000e+02 3.456000e+02
3.465000e+02 3.420000e+02
3.360000e+02 3.372000e+02
3.255000e+02 3.324000e+02
3.200000e+02 3.300000e+02
3.095000e+02 3.252000e+02
2.990000e+02 3.198000e+02
2.880000e+02 3.144000e+02
2.775000e+02 3.096000e+02
2.665000e+02 3.048000e+02
2.560000e+02 3.006000e+02
2.450000e+02 2.964000e+02
2.335000e+02 2.928000e+02
2.215000e+02 2.898000e+02
2.100000e+02 2.868000e+02
2.045000e+02 2.856000e+02
1.990000e+02 2.844000e+02
1.880000e+02 2.826000e+02
1.785000e+02 2.808000e+02
1.740000e+02 2.802000e+02
1.665000e+02 2.790000e+02
1.610000e+02 2.784000e+02
1.590000e+02 2.778000e+02
1.555000e+02 2.766000e+02
1.540000e+02 2.754000e+02
1.525000e+02 2.730000e+02
1.530000e+02 2.706000e+02
1.540000e+02 2.676000e+02
1.550000e+02 2.664000e+02
1.585000e+02 2.640000e+02
1.625000e+02 2.616000e+02
1.690000e+02 2.574000e+02
1.770000e+02 2.538000e+02
1.865000e+02 2.496000e+02
1.975000e+02 2.442000e+02
2.105000e+02 2.388000e+02
2.325000e+02 2.286000e+02
2.480000e+02 2.208000e+02
2.560000e+02 2.166000e+02
2.720000e+02 2.094000e+02
2.805000e+02 2.052000e+02
2.985000e+02 1.968000e+02
3.165000e+02 1.890000e+02
3.255000e+02 1.848000e+02
3.430000e+02 1.776000e+02
3.600000e+02 1.710000e+02
3.690000e+02 1.674000e+02
3.865000e+02 1.608000e+02
4.020000e+02 1.548000e+02
4.090000e+02 1.524000e+02
4.160000e+02 1.494000e+02
4.285000e+02 1.458000e+02
4.340000e+02 1.440000e+02
4.430000e+02 1.416000e+02
4.470000e+02 1.410000e+02
4.565000e+02 1.386000e+02
4.590000e+02 1.386000e+02
4.625000e+02 1.380000e+02
4.640000e+02 1.380000e+02
4.660000e+02 1.380000e+02
4.665000e+02 1.386000e+02
4.665000e+02 1.392000e+02
4.650000e+02 1.404000e+02
4.620000e+02 1.434000e+02
4.605000e+02 1.452000e+02
4.555000e+02 1.494000e+02
4.530000e+02 1.518000e+02
4.470000e+02 1.572000e+02
4.395000e+02 1.632000e+02
4.310000e+02 1.704000e+02
4.215000e+02 1.782000e+02
4.115000e+02 1.872000e+02
4.000000e+02 1.974000e+02
3.880000e+02 2.070000e+02
3.770000e+02 2.178000e+02
3.710000e+02 2.232000e+02
3.580000e+02 2.346000e+02
3.460000e+02 2.466000e+02
3.335000e+02 2.592000e+02
3.215000e+02 2.718000e+02
3.100000e+02 2.838000e+02
3.045000e+02 2.892000e+02
2.940000e+02 3.006000e+02
2.845000e+02 3.108000e+02
2.755000e+02 3.210000e+02
2.710000e+02 3.252000e+02
2.630000e+02 3.336000e+02
2.590000e+02 3.378000e+02
2.520000e+02 3.456000e+02
2.445000e+02 3.528000e+02
2.415000e+02 3.564000e+02
2.365000e+02 3.624000e+02
2.340000e+02 3.648000e+02
2.305000e+02 3.684000e+02
2.275000e+02 3.720000e+02
2.260000e+02 3.738000e+02
2.255000e+02 3.750000e+02
2.240000e+02 3.768000e+02
2.230000e+02 3.786000e+02
2.230000e+02 3.798000e+02
2.225000e+02 3.804000e+02
2.225000e+02 3.822000e+02
2.225000e+02 3.822000e+02
