5.625000e+02 2.304000e+02
5.625000e+02 2.304000e+02
5.620000e+02 2.304000e+02
5.620000e+02 2.304000e+02
5.620000e+02 2.304000e+02
5.620000e+02 2.298000e+02
5.615000e+02 2.298000e+02
5.615000e+02 2.298000e+02
5.615000e+02 2.298000e+02
5.615000e+02 2.292000e+02
5.610000e+02 2.292000e+02
5.600000e+02 2.292000e+02
5.595000e+02 2.292000e+02
5.580000e+02 2.286000e+02
5.565000e+02 2.286000e+02
5.550000e+02 2.286000e+02
5.535000e+02 2.280000e+02
5.515000e+02 2.280000e+02
5.490000e+02 2.280000e+02
5.465000e+02 2.280000e+02
5.455000e+02 2.280000e+02
5.430000e+02 2.280000e+02
5.410000e+02 2.280000e+02
5.385000e+02 2.280000e+02
5.355000e+02 2.280000e+02
5.330000e+02 2.280000e+02
5.295000e+02 2.280000e+02
5.265000e+02 2.280000e+02
5.235000e+02 2.274000e+02
5.205000e+02 2.280000e+02
5.175000e+02 2.280000e+02
5.140000e+02 2.280000e+02
5.100000e+02 2.274000e+02
5.065000e+02 2.274000e+02
5.035000e+02 2.274000e+02
4.990000e+02 2.274000e+02
4.955000e+02 2.274000e+02
4.920000e+02 2.274000e+02
4.880000e+02 2.274000e+02
4.840000e+02 2.274000e+02
4.805000e+02 2.268000e+02
4.735000e+02 2.268000e+02
4.715000e+02 2.268000e+02
4.675000e+02 2.262000e+02
4.630000e+02 2.262000e+02
4.590000e+02 2.262000e+02
4.530000e+02 2.256000e+02
4.485000e+02 2.250000e+02
4.450000e+02 2.250000e+02
4.405000e+02 2.250000e+02
4.355000e+02 2.250000e+02
4.310000e+02 2.244000e+02
4.260000e+02 2.244000e+02
4.210000e+02 2.244000e+02
4.160000e+02 2.244000e+02
4.105000e+02 2.238000e+02
4.060000e+02 2.232000e+02
4.015000e+02 2.232000e+02
3.970000e+02 2.226000e+02
3.930000e+02 2.226000e+02
3.860000e+02 2.220000e+02
3.820000e+02 2.214000e+02
3.775000e+02 2.208000e+02
3.725000e+02 2.208000e+02
3.680000e+02 2.202000e+02
3.625000e+02 2.202000e+02
3.580000e+02 2.196000e+02
3.530000e+02 2.190000e+02
3.475000e+02 2.190000e+02
3.425000e+02 2.184000e+02
3.370000e+02 2.184000e+02
3.320000e+02 2.178000e+02
3.265000e+02 2.178000e+02
3.210000e+02 2.178000e+02
3.150000e+02 2.178000e+02
3.070000e+02 2.184000e+02
2.980000e+02 2.184000e+02
2.920000e+02 2.190000e+02
2.830000e+02 2.190000e+02
2.805000e+02 2.196000e+02
2.715000e+02 2.202000e+02
2.685000e+02 2.202000e+02
2.620000e+02 2.208000e+02
2.570000e+02 2.214000e+02
2.475000e+02 2.226000e+02
2.420000e+02 2.232000e+02
2.360000e+02 2.244000e+02
2.300000e+02 2.250000e+02
2.240000e+02 2.262000e+02
2.185000e+02 2.268000e+02
2.125000e+02 2.274000e+02
2.075000e+02 2.280000e+02
2.015000e+02 2.286000e+02
1.970000e+02 2.292000e+02
1.900000e+02 2.298000e+02
1.875000e+02 2.304000e+02
1.815000e+02 2.304000e+02
1.770000e+02 2.304000e+02
1.730000e+02 2.310000e+02
1.700000e+02 2.310000e+02
1.670000e+02 2.310000e+02
1.630000e+02 2.310000e+02
1.595000e+02 2.316000e+02
1.570000e+02 2.316000e+02
1.535000e+02 2.322000e+02
1.520000e+02 2.322000e+02
1.490000e+02 2.322000e+02
1.470000e+02 2.322000e+02
1.440000e+02 2.328000e+02
1.430000e+02 2.328000e+02
1.410000e+02 2.328000e+02
1.405000e+02 2.328000e+02
1.395000e+02 2.328000e+02
1.375000e+02 2.328000e+02
1.365000e+02 2.328000e+02
1.355000e+02 2.328000e+02
1.350000e+02 2.328000e+02
1.340000e+02 2.328000e+02
1.335000e+02 2.328000e+02
1.330000e+02 2.328000e+02
1.330000e+02 2.328000e+02
