3.445000e+02 4.284000e+02
3.445000e+02 4.284000e+02
3.445000e+02 4.284000e+02
3.445000e+02 4.284000e+02
3.445000e+02 4.284000e+02
3.445000e+02 4.284000e+02
3.440000e+02 4.284000e+02
3.440000e+02 4.266000e+02
3.440000e+02 4.236000e+02
3.435000e+02 4.200000e+02
3.435000e+02 4.158000e+02
3.435000e+02 4.110000e+02
3.435000e+02 4.062000e+02
3.435000e+02 3.972000e+02
3.435000e+02 3.912000e+02
3.440000e+02 3.846000e+02
3.440000e+02 3.780000e+02
3.440000e+02 3.708000e+02
3.440000e+02 3.630000e+02
3.445000e+02 3.546000e+02
3.445000e+02 3.468000e+02
3.445000e+02 3.378000e+02
3.445000e+02 3.288000e+02
3.445000e+02 3.180000e+02
3.450000e+02 3.090000e+02
3.455000e+02 2.946000e+02
3.455000e+02 2.850000e+02
3.460000e+02 2.742000e+02
3.465000e+02 2.658000e+02
3.470000e+02 2.562000e+02
3.475000e+02 2.472000e+02
3.480000e+02 2.382000e+02
3.490000e+02 2.286000e+02
3.495000e+02 2.202000e+02
3.500000e+02 2.112000e+02
3.505000e+02 2.028000e+02
3.510000e+02 1.944000e+02
3.515000e+02 1.860000e+02
3.520000e+02 1.782000e+02
3.525000e+02 1.710000e+02
3.530000e+02 1.638000e+02
3.540000e+02 1.542000e+02
3.545000e+02 1.476000e+02
3.550000e+02 1.422000e+02
3.555000e+02 1.356000e+02
3.560000e+02 1.296000e+02
3.565000e+02 1.236000e+02
3.575000e+02 1.176000e+02
3.580000e+02 1.122000e+02
3.580000e+02 1.062000e+02
3.585000e+02 1.014000e+02
3.590000e+02 9.660000e+01
3.595000e+02 9.120000e+01
3.595000e+02 8.640000e+01
3.600000e+02 8.160000e+01
3.605000e+02 7.500000e+01
3.605000e+02 7.080000e+01
3.610000e+02 6.660000e+01
3.610000e+02 6.360000e+01
3.610000e+02 6.120000e+01
3.615000e+02 5.820000e+01
3.615000e+02 5.580000e+01
3.615000e+02 5.280000e+01
3.625000e+02 4.920000e+01
3.625000e+02 4.740000e+01
3.625000e+02 4.740000e+01
