1.535000e+02 2.676000e+02
1.535000e+02 2.676000e+02
1.535000e+02 2.670000e+02
1.540000e+02 2.670000e+02
1.540000e+02 2.664000e+02
1.545000e+02 2.658000e+02
1.550000e+02 2.646000e+02
1.550000e+02 2.640000e+02
1.555000e+02 2.634000e+02
1.555000e+02 2.634000e+02
1.560000e+02 2.628000e+02
1.565000e+02 2.628000e+02
1.570000e+02 2.622000e+02
1.575000e+02 2.616000e+02
1.585000e+02 2.610000e+02
1.595000e+02 2.604000e+02
1.610000e+02 2.598000e+02
1.620000e+02 2.592000e+02
1.640000e+02 2.586000e+02
1.675000e+02 2.574000e+02
1.685000e+02 2.574000e+02
1.730000e+02 2.562000e+02
1.775000e+02 2.550000e+02
1.815000e+02 2.544000e+02
1.850000e+02 2.538000e+02
1.890000e+02 2.532000e+02
1.935000e+02 2.532000e+02
2.000000e+02 2.526000e+02
2.050000e+02 2.526000e+02
2.090000e+02 2.520000e+02
2.140000e+02 2.520000e+02
2.190000e+02 2.514000e+02
2.235000e+02 2.514000e+02
2.285000e+02 2.508000e+02
2.335000e+02 2.508000e+02
2.395000e+02 2.502000e+02
2.450000e+02 2.502000e+02
2.505000e+02 2.502000e+02
2.560000e+02 2.496000e+02
2.615000e+02 2.496000e+02
2.675000e+02 2.496000e+02
2.755000e+02 2.490000e+02
2.785000e+02 2.490000e+02
2.835000e+02 2.490000e+02
2.885000e+02 2.490000e+02
2.940000e+02 2.490000e+02
2.995000e+02 2.490000e+02
3.050000e+02 2.496000e+02
3.100000e+02 2.496000e+02
3.160000e+02 2.496000e+02
3.210000e+02 2.496000e+02
3.265000e+02 2.496000e+02
3.315000e+02 2.496000e+02
3.365000e+02 2.496000e+02
3.425000e+02 2.496000e+02
3.480000e+02 2.496000e+02
3.560000e+02 2.496000e+02
3.615000e+02 2.496000e+02
3.670000e+02 2.496000e+02
3.725000e+02 2.496000e+02
3.785000e+02 2.496000e+02
3.840000e+02 2.496000e+02
3.900000e+02 2.496000e+02
3.950000e+02 2.490000e+02
4.010000e+02 2.496000e+02
4.060000e+02 2.496000e+02
4.115000e+02 2.496000e+02
4.170000e+02 2.496000e+02
4.215000e+02 2.496000e+02
4.270000e+02 2.496000e+02
4.320000e+02 2.502000e+02
4.365000e+02 2.502000e+02
4.420000e+02 2.502000e+02
4.465000e+02 2.508000e+02
4.525000e+02 2.508000e+02
4.575000e+02 2.508000e+02
4.650000e+02 2.514000e+02
4.695000e+02 2.514000e+02
4.735000e+02 2.514000e+02
4.765000e+02 2.514000e+02
4.805000e+02 2.514000e+02
4.845000e+02 2.514000e+02
4.890000e+02 2.514000e+02
4.930000e+02 2.514000e+02
4.965000e+02 2.514000e+02
4.995000e+02 2.514000e+02
5.025000e+02 2.520000e+02
5.050000e+02 2.520000e+02
5.070000e+02 2.520000e+02
5.085000e+02 2.520000e+02
5.100000e+02 2.520000e+02
5.115000e+02 2.526000e+02
5.125000e+02 2.526000e+02
5.135000e+02 2.526000e+02
5.145000e+02 2.526000e+02
5.155000e+02 2.526000e+02
5.160000e+02 2.532000e+02
5.165000e+02 2.532000e+02
5.170000e+02 2.532000e+02
5.175000e+02 2.532000e+02
5.185000e+02 2.532000e+02
5.200000e+02 2.538000e+02
5.215000e+02 2.538000e+02
5.245000e+02 2.544000e+02
5.285000e+02 2.550000e+02
5.285000e+02 2.550000e+02
