1.69878241155
2.37288818984
1.95575009869
2.44654484126
2.24940825539
2.26106497133
2.04356638061
2.06370336123
2.01567873606
1.57872084861
2.20279905567
2.17243230457
2.42148958361
2.28449821133
2.08100949095
1.91636548236
2.08843529056
1.96243016953
2.002933763
1.87401561499
1.92364920182
1.45476628968
1.79270353173
2.20161479845
2.29347153251
2.32008122376
2.3630854278
2.21931644858
2.12365350262
1.96881379207
1.93003359235
2.07367508344
1.69555450425
1.73957861333
1.94763386638
2.1876986242
2.02362447219
1.82043296812
1.40652432028
1.49819980616
1.86504843781
1.65276764443
1.65368310137
1.52718261984
1.77766684433
1.48158257314
1.46083119189
1.43899692953
2.43889939343
2.1857432942
2.01408590242
2.49676057268
2.45247227133
2.53787011878
2.08506991111
2.31059641405
2.39924290482
2.67038558247
2.54363857269
2.00816999237
2.43990854647
2.38103053418
2.87186905279
2.80425195955
2.67377553795
3.14123611263
3.02663810728
2.13169600686
2.19613511284
2.0408192418
2.29845969762
2.75630413446
2.12435545534
2.1326168398
2.48439576002
2.31792083755
1.462894042
2.23741285111
1.93771360022
2.16222480612
2.42102340713
2.75828864849
2.43373689215
2.71058427964
2.43142444178
2.72588823131
2.37130303621
1.79864478581
1.54935326654
1.72747108093
2.08790767402
2.27657397921
1.88796097327
2.03442640325
2.43888172941
2.59409084835
2.28190774467
2.03198032075
1.9867189624
1.24830617427
