4.920000e+02 3.632000e+02
4.912000e+02 3.636000e+02
4.904000e+02 3.640000e+02
4.896000e+02 3.644000e+02
4.888000e+02 3.648000e+02
4.880000e+02 3.652000e+02
4.872000e+02 3.656000e+02
4.864000e+02 3.660000e+02
4.856000e+02 3.664000e+02
4.846000e+02 3.665000e+02
4.836000e+02 3.666000e+02
4.826000e+02 3.667000e+02
4.816000e+02 3.668000e+02
4.806000e+02 3.669000e+02
4.796000e+02 3.670000e+02
4.776000e+02 3.672000e+02
4.718000e+02 3.684000e+02
4.660000e+02 3.696000e+02
4.602000e+02 3.708000e+02
4.544000e+02 3.720000e+02
4.478000e+02 3.734000e+02
4.412000e+02 3.748000e+02
4.346000e+02 3.762000e+02
4.280000e+02 3.776000e+02
4.248000e+02 3.778000e+02
4.216000e+02 3.780000e+02
4.184000e+02 3.782000e+02
4.152000e+02 3.784000e+02
4.090000e+02 3.794000e+02
4.028000e+02 3.804000e+02
3.966000e+02 3.814000e+02
3.904000e+02 3.824000e+02
3.872000e+02 3.828000e+02
3.840000e+02 3.832000e+02
3.808000e+02 3.836000e+02
3.776000e+02 3.840000e+02
3.724000e+02 3.844000e+02
3.672000e+02 3.848000e+02
3.620000e+02 3.852000e+02
3.568000e+02 3.856000e+02
3.546000e+02 3.860000e+02
3.524000e+02 3.864000e+02
3.502000e+02 3.868000e+02
3.480000e+02 3.872000e+02
3.432000e+02 3.876000e+02
3.384000e+02 3.880000e+02
3.336000e+02 3.884000e+02
3.288000e+02 3.888000e+02
3.266000e+02 3.892000e+02
3.244000e+02 3.896000e+02
3.222000e+02 3.900000e+02
3.200000e+02 3.904000e+02
3.148000e+02 3.920000e+02
3.096000e+02 3.936000e+02
3.044000e+02 3.952000e+02
2.992000e+02 3.968000e+02
2.952000e+02 3.978000e+02
2.912000e+02 3.988000e+02
2.872000e+02 3.998000e+02
2.832000e+02 4.008000e+02
2.792000e+02 4.016000e+02
2.752000e+02 4.024000e+02
2.712000e+02 4.032000e+02
2.672000e+02 4.040000e+02
2.646000e+02 4.042000e+02
2.620000e+02 4.044000e+02
2.594000e+02 4.046000e+02
2.568000e+02 4.048000e+02
2.550000e+02 4.048000e+02
2.532000e+02 4.048000e+02
2.514000e+02 4.048000e+02
2.496000e+02 4.048000e+02
2.482000e+02 4.048000e+02
2.468000e+02 4.048000e+02
2.454000e+02 4.048000e+02
2.440000e+02 4.048000e+02
2.424000e+02 4.048000e+02
2.408000e+02 4.048000e+02
2.392000e+02 4.048000e+02
2.376000e+02 4.048000e+02
2.366000e+02 4.048000e+02
2.356000e+02 4.048000e+02
2.346000e+02 4.048000e+02
2.336000e+02 4.048000e+02
2.328000e+02 4.042000e+02
2.320000e+02 4.036000e+02
2.312000e+02 4.030000e+02
2.304000e+02 4.024000e+02
2.296000e+02 4.020000e+02
2.288000e+02 4.016000e+02
2.280000e+02 4.012000e+02
2.272000e+02 4.008000e+02
2.258000e+02 4.000000e+02
2.244000e+02 3.992000e+02
2.230000e+02 3.984000e+02
2.216000e+02 3.976000e+02
2.206000e+02 3.974000e+02
2.196000e+02 3.972000e+02
2.186000e+02 3.970000e+02
2.176000e+02 3.968000e+02
2.166000e+02 3.962000e+02
2.156000e+02 3.956000e+02
2.146000e+02 3.950000e+02
2.136000e+02 3.944000e+02
2.134000e+02 3.942000e+02
2.132000e+02 3.940000e+02
2.130000e+02 3.938000e+02
2.128000e+02 3.936000e+02
2.124000e+02 3.934000e+02
2.120000e+02 3.932000e+02
2.116000e+02 3.930000e+02
2.112000e+02 3.928000e+02
2.106000e+02 3.928000e+02
2.100000e+02 3.928000e+02
2.094000e+02 3.928000e+02
2.088000e+02 3.928000e+02
2.086000e+02 3.926000e+02
2.084000e+02 3.924000e+02
2.082000e+02 3.922000e+02
2.080000e+02 3.920000e+02
2.072000e+02 3.916000e+02
2.064000e+02 3.912000e+02
2.056000e+02 3.908000e+02
2.048000e+02 3.904000e+02
2.038000e+02 3.902000e+02
2.028000e+02 3.900000e+02
2.018000e+02 3.898000e+02
2.008000e+02 3.896000e+02
2.000000e+02 3.894000e+02
1.992000e+02 3.892000e+02
1.984000e+02 3.890000e+02
1.976000e+02 3.888000e+02
1.966000e+02 3.888000e+02
1.956000e+02 3.888000e+02
1.946000e+02 3.888000e+02
1.936000e+02 3.888000e+02
1.932000e+02 3.888000e+02
1.928000e+02 3.888000e+02
1.924000e+02 3.888000e+02
1.920000e+02 3.888000e+02
1.910000e+02 3.888000e+02
1.900000e+02 3.888000e+02
1.890000e+02 3.888000e+02
1.880000e+02 3.888000e+02
1.868000e+02 3.888000e+02
1.856000e+02 3.888000e+02
1.844000e+02 3.888000e+02
1.832000e+02 3.888000e+02
1.806000e+02 3.888000e+02
1.780000e+02 3.888000e+02
1.754000e+02 3.888000e+02
1.728000e+02 3.888000e+02
1.706000e+02 3.892000e+02
1.684000e+02 3.896000e+02
1.662000e+02 3.900000e+02
1.640000e+02 3.904000e+02
1.622000e+02 3.906000e+02
1.604000e+02 3.908000e+02
1.586000e+02 3.910000e+02
1.568000e+02 3.912000e+02
1.556000e+02 3.912000e+02
1.544000e+02 3.912000e+02
1.532000e+02 3.912000e+02
1.520000e+02 3.912000e+02
1.510000e+02 3.912000e+02
1.500000e+02 3.912000e+02
1.490000e+02 3.912000e+02
1.480000e+02 3.912000e+02
1.464000e+02 3.912000e+02
1.448000e+02 3.912000e+02
1.432000e+02 3.912000e+02
1.416000e+02 3.912000e+02
1.394000e+02 3.912000e+02
1.372000e+02 3.912000e+02
1.350000e+02 3.912000e+02
1.328000e+02 3.912000e+02
1.308000e+02 3.912000e+02
1.288000e+02 3.912000e+02
1.268000e+02 3.912000e+02
1.248000e+02 3.912000e+02
1.228000e+02 3.912000e+02
1.208000e+02 3.912000e+02
1.188000e+02 3.912000e+02
1.168000e+02 3.912000e+02
1.148000e+02 3.906000e+02
1.128000e+02 3.900000e+02
1.108000e+02 3.894000e+02
1.088000e+02 3.888000e+02
1.074000e+02 3.882000e+02
1.060000e+02 3.876000e+02
1.046000e+02 3.870000e+02
1.032000e+02 3.864000e+02
1.026000e+02 3.862000e+02
1.020000e+02 3.860000e+02
1.014000e+02 3.858000e+02
1.008000e+02 3.856000e+02
1.006000e+02 3.854000e+02
1.004000e+02 3.852000e+02
1.002000e+02 3.850000e+02
1.000000e+02 3.848000e+02
