0.313136960652
0.369459834327
0.441482180078
0.444419015085
0.416700330701
0.577045838895
0.603322217802
0.625833088853
0.593231455469
0.467344606561
0.592994143226
0.627959683031
0.766380304773
0.709437654464
0.856879213444
0.986106097773
1.05991020535
0.939805634361
1.05210808536
0.719899361177
0.920519598612
0.963216602334
1.03293110572
1.14431118777
1.18858489711
1.25790157609
1.21890556816
1.33317717317
1.29581163091
1.11080100946
1.28003919876
1.19943290822
1.4479525867
1.49577215567
1.25722035939
1.20841698142
1.40404598174
1.25036902438
1.35577713232
1.22067196997
1.30350469479
1.24382565768
1.35488932341
1.45269038355
1.54096516195
1.14119003258
1.21565615683
1.32127392898
1.26810677054
1.16371011964
1.3266637585
1.4293946157
1.36965490653
1.04196509897
1.02894441364
1.3665037993
1.07800660788
1.16090000476
1.25017318418
1.12698585803
1.39800488756
1.17780754207
1.2567411269
1.30730937068
1.47498621439
1.45682222779
1.37001356289
0.921979568107
1.68280261919
1.59061641279
1.43978259434
1.31499475455
1.19855892332
1.52998582271
1.52537013798
1.44548269617
1.58806895418
1.60505252357
1.47883697033
1.54751467266
1.47845373794
1.23573169739
1.02966940638
1.1085976152
1.34030191647
1.45754568453
1.18334252374
1.15666371242
1.07093101663
1.13344397665
1.063476033
1.26036148261
1.15848157029
1.01288014119
1.16253661444
1.05468011999
1.32731963118
1.20222919908
1.2772436759
1.51759873802
0.639923599282
0.387913357223
0.513221901539
0.537722662628
0.924162226342
0.953136592012
0.844641888913
0.856823917388
0.901644443284
0.737349107045
0.669451693519
1.17361348978
0.932664763049
1.01744897787
1.02004558853
0.846254690565
0.758217992415
0.87523443224
0.814354241899
0.685555902009
0.75057638459
0.795211822297
0.702085582936
0.841987678195
0.718245855484
0.750239232245
0.698620363387
0.798380593542
0.70915042217
0.545998639103
0.830658898595
0.79524407833
0.750805248825
0.763814414146
0.762915085225
0.868529785374
0.981551085108
1.29077968976
0.803251254529
0.978439913922
1.03954359249
1.07403143581
0.9049806387
0.9269531412
0.873766782737
1.16241219831
0.841283421474
0.785541924395
0.924464050651
1.16437213632
0.776430363065
0.769972244452
0.882193287366
0.844499808768
0.849591653982
0.808656444064
0.773620248187
0.88426765749
0.937533888035
0.764285198628
0.880212613338
0.963941595076
0.979777771292
0.984225263847
0.901664411304
0.921342127454
1.0588856923
0.935373501822
1.001949954
0.880797829937
1.09215011036
1.16387831181
0.934783677218
0.822931274682
0.656745888508
0.748237054195
0.923563185729
0.781980704748
0.831358547311
0.841439325634
0.908717730527
0.898650776218
0.54943313862
0.7279295774
0.766341904734
0.740193781958
0.834974295014
0.886492555768
0.78749034239
0.770562069056
0.754123780223
0.679145399445
0.719916257194
0.648943000518
0.774349848934
0.772508951049
0.784694051527
0.661672613553
0.932006586375
0.904913822632
