DTW

[[34  1  9  0  0  1  0  2  3  0]
 [ 0 31  1  0  0  0 14  0  4  0]
 [ 0  1 48  0  0  0  1  0  0  0]
 [ 1  0  2 38  0  0  3  2  4  0]
 [ 0  0  0  0 50  0  0  0  0  0]
 [ 0  3  1  0  0 38  8  0  0  0]
 [ 0  0  0  0  0  0 50  0  0  0]
 [ 1  0  2 11  2  0  0 34  0  0]
 [ 0  3  0 40  0  0  0  0  5  2]
 [ 0  0  0  0  0  0  0  0  3 47]]
accuracy_score 	= (34+31+48+38+50+38+50+34+5+47)/500 = 0.75
precision_score	= avg(34.0/36,31.0/39,48.0/63,38.0/89,50.0/52,38.0/39,50.0/76,34.0/38,5.0/19,47.0/49) = 0.7639057876406866
recall_score 	= avg(34.0/50,31.0/50,48.0/50,38.0/50,50.0/50,38.0/50,50.0/50,34.0/50,5.0/50,47.0/50) = 0.7499999999999998
f1_score		= 2pr/p+r = 0.7568890289050075
time			= 2384.79674/500

-------------------------------------------------------
SVM

('train set', (2000, 400), (2000, 1))
('test set ', (500, 400), (500, 1))
[[48  0  0  0  0  0  0  0  0  2]
 [ 0 50  0  0  0  0  0  0  0  0]
 [ 0  0 50  0  0  0  0  0  0  0]
 [ 0  0  0 34  0  0  0  0 10  6]
 [ 0  0  0  0 50  0  0  0  0  0]
 [ 0  0  0  0  0 48  0  0  1  1]
 [ 0  0  0  0  0  0 50  0  0  0]
 [ 0  0  0  0  0  0  0 50  0  0]
 [ 0  0  0  0  0  1  0  0 49  0]
 [ 0  0  0  0  0  0  0  0  1 49]]
accuracy_score 	= (48+50+50+34+50+48+50+50+49+49)/500 = 0.956
precision_score	= avg(48.0/48+50.0/50+50.0/50+34.0/34+50.0/50+48.0/49+50.0/50+50.0/50+49.0/61+49.0/58) = 0.9627698111466181
recall_score 	= avg(48.0/50+50.0/50+50.0/50+34.0/50+50.0/50+48.0/50+50.0/50+50.0/50+49.0/50+49.0/50) = 0.956
f1_score		= 2pr/p+r = 0.9593729629362364
time			= 0.0614831447601/500

-------------------------------------------------------
LSTM

Units = 20
Epoch 31/50
loss: 0.0012 - acc: 1.0000 - val_loss: 0.0220 - val_acc: 0.9917
_________________________________________________________________
Layer (type)                 Output Shape              Param #   
=================================================================
lstm_1 (LSTM)                (None, 200, 20)           1840      
_________________________________________________________________
flatten_1 (Flatten)          (None, 4000)              0         
_________________________________________________________________
dense_1 (Dense)              (None, 10)                40010     
=================================================================
Total params: 41,850
Trainable params: 41,850
Non-trainable params: 0
________________________________________________________________
Results
('up', 'down', 'left', 'right', 'star', 'del', 'square', 'carret', 'tick', 'circlecc')
[[50  0  0  0  0  0  0  0  0  0]
 [ 0 49  1  0  0  0  0  0  0  0]
 [ 0  0 48  0  0  0  2  0  0  0]
 [ 0  0  0 48  0  0  1  0  0  1]
 [ 0  0  0  1 40  0  9  0  0  0]
 [ 0  0  0  0  0 48  2  0  0  0]
 [ 0  0  1  0  0  0 49  0  0  0]
 [ 0  0  0  0  0  0  0 50  0  0]
 [ 0  0  0  0  0  0  0  0 50  0]
 [ 0  0  0  1  0  0  0  0  0 49]]
acc: 481/500
time taken: 10.385829/500

-------------------------------------------------------
CNN