2.660000e+02 3.354000e+02
2.660000e+02 3.354000e+02
2.660000e+02 3.354000e+02
2.662500e+02 3.351000e+02
2.665000e+02 3.348000e+02
2.665000e+02 3.345000e+02
2.665000e+02 3.342000e+02
2.667500e+02 3.339000e+02
2.670000e+02 3.336000e+02
2.672500e+02 3.327000e+02
2.675000e+02 3.318000e+02
2.677500e+02 3.312000e+02
2.680000e+02 3.306000e+02
2.682500e+02 3.297000e+02
2.685000e+02 3.288000e+02
2.690000e+02 3.282000e+02
2.695000e+02 3.276000e+02
2.697500e+02 3.264000e+02
2.700000e+02 3.252000e+02
2.705000e+02 3.240000e+02
2.710000e+02 3.228000e+02
2.715000e+02 3.216000e+02
2.720000e+02 3.204000e+02
2.725000e+02 3.186000e+02
2.730000e+02 3.168000e+02
2.735000e+02 3.150000e+02
2.740000e+02 3.132000e+02
2.747500e+02 3.108000e+02
2.755000e+02 3.084000e+02
2.762500e+02 3.057000e+02
2.770000e+02 3.030000e+02
2.777500e+02 3.006000e+02
2.785000e+02 2.982000e+02
2.797500e+02 2.943000e+02
2.810000e+02 2.904000e+02
2.820000e+02 2.871000e+02
2.830000e+02 2.838000e+02
2.837500e+02 2.808000e+02
2.845000e+02 2.778000e+02
2.852500e+02 2.748000e+02
2.860000e+02 2.718000e+02
2.867500e+02 2.688000e+02
2.875000e+02 2.658000e+02
2.882500e+02 2.628000e+02
2.890000e+02 2.598000e+02
2.900000e+02 2.565000e+02
2.910000e+02 2.532000e+02
2.917500e+02 2.499000e+02
2.925000e+02 2.466000e+02
2.935000e+02 2.433000e+02
2.945000e+02 2.400000e+02
2.955000e+02 2.367000e+02
2.965000e+02 2.334000e+02
2.972500e+02 2.298000e+02
2.980000e+02 2.262000e+02
2.985000e+02 2.247000e+02
2.990000e+02 2.232000e+02
3.002500e+02 2.175000e+02
3.015000e+02 2.118000e+02
3.022500e+02 2.085000e+02
3.030000e+02 2.052000e+02
3.037500e+02 2.019000e+02
3.045000e+02 1.986000e+02
3.055000e+02 1.953000e+02
3.065000e+02 1.920000e+02
3.072500e+02 1.887000e+02
3.080000e+02 1.854000e+02
3.087500e+02 1.821000e+02
3.095000e+02 1.788000e+02
3.105000e+02 1.743000e+02
3.115000e+02 1.698000e+02
3.122500e+02 1.668000e+02
3.130000e+02 1.638000e+02
3.135000e+02 1.614000e+02
3.140000e+02 1.590000e+02
3.150000e+02 1.551000e+02
3.160000e+02 1.512000e+02
3.167500e+02 1.488000e+02
3.175000e+02 1.464000e+02
3.177500e+02 1.452000e+02
3.180000e+02 1.440000e+02
3.187500e+02 1.419000e+02
3.195000e+02 1.398000e+02
3.202500e+02 1.374000e+02
3.210000e+02 1.350000e+02
3.215000e+02 1.326000e+02
3.220000e+02 1.302000e+02
3.227500e+02 1.275000e+02
3.235000e+02 1.248000e+02
3.245000e+02 1.212000e+02
3.255000e+02 1.176000e+02
3.260000e+02 1.152000e+02
3.265000e+02 1.128000e+02
3.272500e+02 1.101000e+02
3.280000e+02 1.074000e+02
3.285000e+02 1.050000e+02
3.290000e+02 1.026000e+02
3.297500e+02 1.005000e+02
3.305000e+02 9.840000e+01
3.310000e+02 9.660000e+01
3.315000e+02 9.480000e+01
3.320000e+02 9.300000e+01
3.325000e+02 9.120000e+01
3.330000e+02 8.940000e+01
3.335000e+02 8.760000e+01
3.340000e+02 8.640000e+01
3.345000e+02 8.520000e+01
3.347500e+02 8.400000e+01
3.350000e+02 8.280000e+01
3.352500e+02 8.190000e+01
3.355000e+02 8.100000e+01
3.357500e+02 8.010000e+01
3.360000e+02 7.920000e+01
3.365000e+02 7.800000e+01
3.365000e+02 7.740000e+01
3.370000e+02 7.680000e+01
3.375000e+02 7.620000e+01
3.375000e+02 7.560000e+01
3.380000e+02 7.560000e+01
3.380000e+02 7.560000e+01
3.385000e+02 7.560000e+01
3.390000e+02 7.560000e+01
3.395000e+02 7.620000e+01
3.405000e+02 7.680000e+01
3.415000e+02 7.740000e+01
3.430000e+02 7.920000e+01
3.450000e+02 8.100000e+01
3.465000e+02 8.280000e+01
3.485000e+02 8.520000e+01
3.505000e+02 8.760000e+01
3.520000e+02 9.000000e+01
3.545000e+02 9.420000e+01
3.565000e+02 9.720000e+01
3.585000e+02 1.002000e+02
3.605000e+02 1.032000e+02
3.620000e+02 1.068000e+02
3.635000e+02 1.098000e+02
3.650000e+02 1.134000e+02
3.665000e+02 1.170000e+02
3.680000e+02 1.206000e+02
3.700000e+02 1.242000e+02
3.715000e+02 1.278000e+02
3.740000e+02 1.338000e+02
3.755000e+02 1.380000e+02
3.770000e+02 1.428000e+02
3.785000e+02 1.470000e+02
3.805000e+02 1.518000e+02
3.825000e+02 1.566000e+02
3.840000e+02 1.614000e+02
3.860000e+02 1.662000e+02
3.875000e+02 1.704000e+02
3.895000e+02 1.758000e+02
3.915000e+02 1.806000e+02
3.935000e+02 1.854000e+02
3.955000e+02 1.902000e+02
3.970000e+02 1.944000e+02
3.985000e+02 1.992000e+02
4.005000e+02 2.046000e+02
4.020000e+02 2.094000e+02
4.040000e+02 2.142000e+02
4.055000e+02 2.196000e+02
4.070000e+02 2.238000e+02
4.090000e+02 2.286000e+02
4.105000e+02 2.340000e+02
4.130000e+02 2.412000e+02
4.145000e+02 2.460000e+02
4.150000e+02 2.478000e+02
4.170000e+02 2.532000e+02
4.190000e+02 2.604000e+02
4.210000e+02 2.652000e+02
4.220000e+02 2.688000e+02
4.235000e+02 2.730000e+02
4.245000e+02 2.778000e+02
4.255000e+02 2.814000e+02
4.265000e+02 2.850000e+02
4.275000e+02 2.892000e+02
4.285000e+02 2.928000e+02
4.295000e+02 2.970000e+02
4.310000e+02 3.024000e+02
4.315000e+02 3.036000e+02
4.330000e+02 3.084000e+02
4.335000e+02 3.096000e+02
4.355000e+02 3.156000e+02
4.360000e+02 3.180000e+02
4.365000e+02 3.198000e+02
4.370000e+02 3.216000e+02
4.375000e+02 3.228000e+02
4.380000e+02 3.240000e+02
4.385000e+02 3.258000e+02
4.385000e+02 3.264000e+02
4.385000e+02 3.276000e+02
4.390000e+02 3.288000e+02
4.390000e+02 3.294000e+02
4.390000e+02 3.300000e+02
4.390000e+02 3.300000e+02
4.390000e+02 3.306000e+02
4.390000e+02 3.312000e+02
4.390000e+02 3.312000e+02
4.390000e+02 3.324000e+02
4.390000e+02 3.324000e+02
2.660000e+02 3.354000e+02
2.660000e+02 3.354000e+02
2.660000e+02 3.354000e+02
2.662500e+02 3.351000e+02
2.665000e+02 3.348000e+02
2.665000e+02 3.345000e+02
2.665000e+02 3.342000e+02
2.667500e+02 3.339000e+02
2.670000e+02 3.336000e+02
2.672500e+02 3.327000e+02
2.675000e+02 3.318000e+02
2.677500e+02 3.312000e+02
2.680000e+02 3.306000e+02
2.682500e+02 3.297000e+02
2.685000e+02 3.288000e+02
2.690000e+02 3.282000e+02
2.695000e+02 3.276000e+02
2.697500e+02 3.264000e+02
2.700000e+02 3.252000e+02
2.705000e+02 3.240000e+02
2.710000e+02 3.228000e+02
2.715000e+02 3.216000e+02
2.720000e+02 3.204000e+02
2.725000e+02 3.186000e+02
2.730000e+02 3.168000e+02
2.735000e+02 3.150000e+02
2.740000e+02 3.132000e+02
2.747500e+02 3.108000e+02
2.755000e+02 3.084000e+02
2.762500e+02 3.057000e+02
2.770000e+02 3.030000e+02
2.777500e+02 3.006000e+02
2.785000e+02 2.982000e+02
2.797500e+02 2.943000e+02
2.810000e+02 2.904000e+02
2.820000e+02 2.871000e+02
2.830000e+02 2.838000e+02
2.837500e+02 2.808000e+02
2.845000e+02 2.778000e+02
2.852500e+02 2.748000e+02
2.860000e+02 2.718000e+02
2.867500e+02 2.688000e+02
2.875000e+02 2.658000e+02
2.882500e+02 2.628000e+02
2.890000e+02 2.598000e+02
2.900000e+02 2.565000e+02
2.910000e+02 2.532000e+02
2.917500e+02 2.499000e+02
2.925000e+02 2.466000e+02
2.935000e+02 2.433000e+02
2.945000e+02 2.400000e+02
2.955000e+02 2.367000e+02
2.965000e+02 2.334000e+02
2.972500e+02 2.298000e+02
2.980000e+02 2.262000e+02
2.985000e+02 2.247000e+02
2.990000e+02 2.232000e+02
3.002500e+02 2.175000e+02
3.015000e+02 2.118000e+02
3.022500e+02 2.085000e+02
3.030000e+02 2.052000e+02
3.037500e+02 2.019000e+02
3.045000e+02 1.986000e+02
3.055000e+02 1.953000e+02
3.065000e+02 1.920000e+02
3.072500e+02 1.887000e+02
3.080000e+02 1.854000e+02
3.087500e+02 1.821000e+02
3.095000e+02 1.788000e+02
3.105000e+02 1.743000e+02
3.115000e+02 1.698000e+02
3.122500e+02 1.668000e+02
3.130000e+02 1.638000e+02
3.135000e+02 1.614000e+02
3.140000e+02 1.590000e+02
3.150000e+02 1.551000e+02
3.160000e+02 1.512000e+02
3.167500e+02 1.488000e+02
3.175000e+02 1.464000e+02
3.177500e+02 1.452000e+02
3.180000e+02 1.440000e+02
3.187500e+02 1.419000e+02
3.195000e+02 1.398000e+02
3.202500e+02 1.374000e+02
3.210000e+02 1.350000e+02
3.215000e+02 1.326000e+02
3.220000e+02 1.302000e+02
3.227500e+02 1.275000e+02
3.235000e+02 1.248000e+02
3.245000e+02 1.212000e+02
3.255000e+02 1.176000e+02
3.260000e+02 1.152000e+02
3.265000e+02 1.128000e+02
3.272500e+02 1.101000e+02
3.280000e+02 1.074000e+02
3.285000e+02 1.050000e+02
3.290000e+02 1.026000e+02
3.297500e+02 1.005000e+02
3.305000e+02 9.840000e+01
3.310000e+02 9.660000e+01
3.315000e+02 9.480000e+01
3.320000e+02 9.300000e+01
3.325000e+02 9.120000e+01
3.330000e+02 8.940000e+01
3.335000e+02 8.760000e+01
3.340000e+02 8.640000e+01
3.345000e+02 8.520000e+01
3.347500e+02 8.400000e+01
3.350000e+02 8.280000e+01
3.352500e+02 8.190000e+01
3.355000e+02 8.100000e+01
3.357500e+02 8.010000e+01
3.360000e+02 7.920000e+01
3.365000e+02 7.800000e+01
3.365000e+02 7.740000e+01
3.370000e+02 7.680000e+01
3.375000e+02 7.620000e+01
3.375000e+02 7.560000e+01
3.380000e+02 7.560000e+01
3.380000e+02 7.560000e+01
3.385000e+02 7.560000e+01
3.390000e+02 7.560000e+01
3.395000e+02 7.620000e+01
3.405000e+02 7.680000e+01
3.415000e+02 7.740000e+01
3.430000e+02 7.920000e+01
3.450000e+02 8.100000e+01
3.465000e+02 8.280000e+01
3.485000e+02 8.520000e+01
3.505000e+02 8.760000e+01
3.520000e+02 9.000000e+01
3.545000e+02 9.420000e+01
3.565000e+02 9.720000e+01
3.585000e+02 1.002000e+02
3.605000e+02 1.032000e+02
3.620000e+02 1.068000e+02
3.635000e+02 1.098000e+02
3.650000e+02 1.134000e+02
3.665000e+02 1.170000e+02
3.680000e+02 1.206000e+02
3.700000e+02 1.242000e+02
3.715000e+02 1.278000e+02
3.740000e+02 1.338000e+02
3.755000e+02 1.380000e+02
3.770000e+02 1.428000e+02
3.785000e+02 1.470000e+02
3.805000e+02 1.518000e+02
3.825000e+02 1.566000e+02
3.840000e+02 1.614000e+02
3.860000e+02 1.662000e+02
3.875000e+02 1.704000e+02
3.895000e+02 1.758000e+02
3.915000e+02 1.806000e+02
3.935000e+02 1.854000e+02
3.955000e+02 1.902000e+02
3.970000e+02 1.944000e+02
3.985000e+02 1.992000e+02
4.005000e+02 2.046000e+02
4.020000e+02 2.094000e+02
4.040000e+02 2.142000e+02
4.055000e+02 2.196000e+02
4.070000e+02 2.238000e+02
4.090000e+02 2.286000e+02
4.105000e+02 2.340000e+02
4.130000e+02 2.412000e+02
4.145000e+02 2.460000e+02
4.150000e+02 2.478000e+02
4.170000e+02 2.532000e+02
4.190000e+02 2.604000e+02
4.210000e+02 2.652000e+02
4.220000e+02 2.688000e+02
4.235000e+02 2.730000e+02
4.245000e+02 2.778000e+02
4.255000e+02 2.814000e+02
4.265000e+02 2.850000e+02
4.275000e+02 2.892000e+02
4.285000e+02 2.928000e+02
4.295000e+02 2.970000e+02
4.310000e+02 3.024000e+02
4.315000e+02 3.036000e+02
4.330000e+02 3.084000e+02
4.335000e+02 3.096000e+02
4.355000e+02 3.156000e+02
4.360000e+02 3.180000e+02
4.365000e+02 3.198000e+02
4.370000e+02 3.216000e+02
4.375000e+02 3.228000e+02
4.380000e+02 3.240000e+02
4.385000e+02 3.258000e+02
4.385000e+02 3.264000e+02
4.385000e+02 3.276000e+02
4.390000e+02 3.288000e+02
4.390000e+02 3.294000e+02
4.390000e+02 3.300000e+02
4.390000e+02 3.300000e+02
4.390000e+02 3.306000e+02
4.390000e+02 3.312000e+02
4.390000e+02 3.312000e+02
4.390000e+02 3.324000e+02
4.390000e+02 3.324000e+02
2.660000e+02 3.354000e+02
2.660000e+02 3.354000e+02
2.660000e+02 3.354000e+02
2.662500e+02 3.351000e+02
2.665000e+02 3.348000e+02
2.665000e+02 3.345000e+02
2.665000e+02 3.342000e+02
2.667500e+02 3.339000e+02
2.670000e+02 3.336000e+02
2.672500e+02 3.327000e+02
2.675000e+02 3.318000e+02
2.677500e+02 3.312000e+02
2.680000e+02 3.306000e+02
2.682500e+02 3.297000e+02
2.685000e+02 3.288000e+02
2.690000e+02 3.282000e+02
2.695000e+02 3.276000e+02
2.697500e+02 3.264000e+02
2.700000e+02 3.252000e+02
2.705000e+02 3.240000e+02
2.710000e+02 3.228000e+02
2.715000e+02 3.216000e+02
2.720000e+02 3.204000e+02
2.725000e+02 3.186000e+02
2.730000e+02 3.168000e+02
2.735000e+02 3.150000e+02
2.740000e+02 3.132000e+02
2.747500e+02 3.108000e+02
2.755000e+02 3.084000e+02
2.762500e+02 3.057000e+02
2.770000e+02 3.030000e+02
2.777500e+02 3.006000e+02
2.785000e+02 2.982000e+02
2.797500e+02 2.943000e+02
2.810000e+02 2.904000e+02
2.820000e+02 2.871000e+02
2.830000e+02 2.838000e+02
2.837500e+02 2.808000e+02
2.845000e+02 2.778000e+02
2.852500e+02 2.748000e+02
2.860000e+02 2.718000e+02
2.867500e+02 2.688000e+02
2.875000e+02 2.658000e+02
2.882500e+02 2.628000e+02
2.890000e+02 2.598000e+02
2.900000e+02 2.565000e+02
2.910000e+02 2.532000e+02
2.917500e+02 2.499000e+02
2.925000e+02 2.466000e+02
2.935000e+02 2.433000e+02
2.945000e+02 2.400000e+02
2.955000e+02 2.367000e+02
2.965000e+02 2.334000e+02
2.972500e+02 2.298000e+02
2.980000e+02 2.262000e+02
2.985000e+02 2.247000e+02
2.990000e+02 2.232000e+02
3.002500e+02 2.175000e+02
3.015000e+02 2.118000e+02
3.022500e+02 2.085000e+02
3.030000e+02 2.052000e+02
3.037500e+02 2.019000e+02
3.045000e+02 1.986000e+02
3.055000e+02 1.953000e+02
3.065000e+02 1.920000e+02
3.072500e+02 1.887000e+02
3.080000e+02 1.854000e+02
3.087500e+02 1.821000e+02
3.095000e+02 1.788000e+02
3.105000e+02 1.743000e+02
3.115000e+02 1.698000e+02
3.122500e+02 1.668000e+02
3.130000e+02 1.638000e+02
3.135000e+02 1.614000e+02
3.140000e+02 1.590000e+02
3.150000e+02 1.551000e+02
3.160000e+02 1.512000e+02
3.167500e+02 1.488000e+02
3.175000e+02 1.464000e+02
3.177500e+02 1.452000e+02
3.180000e+02 1.440000e+02
3.187500e+02 1.419000e+02
3.195000e+02 1.398000e+02
3.202500e+02 1.374000e+02
3.210000e+02 1.350000e+02
3.215000e+02 1.326000e+02
3.220000e+02 1.302000e+02
3.227500e+02 1.275000e+02
3.235000e+02 1.248000e+02
3.245000e+02 1.212000e+02
3.255000e+02 1.176000e+02
3.260000e+02 1.152000e+02
3.265000e+02 1.128000e+02
3.272500e+02 1.101000e+02
3.280000e+02 1.074000e+02
3.285000e+02 1.050000e+02
3.290000e+02 1.026000e+02
3.297500e+02 1.005000e+02
3.305000e+02 9.840000e+01
3.310000e+02 9.660000e+01
3.315000e+02 9.480000e+01
3.320000e+02 9.300000e+01
3.325000e+02 9.120000e+01
3.330000e+02 8.940000e+01
3.335000e+02 8.760000e+01
3.340000e+02 8.640000e+01
3.345000e+02 8.520000e+01
3.347500e+02 8.400000e+01
3.350000e+02 8.280000e+01
3.352500e+02 8.190000e+01
3.355000e+02 8.100000e+01
3.357500e+02 8.010000e+01
3.360000e+02 7.920000e+01
3.365000e+02 7.800000e+01
3.365000e+02 7.740000e+01
3.370000e+02 7.680000e+01
3.375000e+02 7.620000e+01
3.375000e+02 7.560000e+01
3.380000e+02 7.560000e+01
3.380000e+02 7.560000e+01
3.385000e+02 7.560000e+01
3.390000e+02 7.560000e+01
3.395000e+02 7.620000e+01
3.405000e+02 7.680000e+01
3.415000e+02 7.740000e+01
3.430000e+02 7.920000e+01
3.450000e+02 8.100000e+01
3.465000e+02 8.280000e+01
3.485000e+02 8.520000e+01
3.505000e+02 8.760000e+01
3.520000e+02 9.000000e+01
3.545000e+02 9.420000e+01
3.565000e+02 9.720000e+01
3.585000e+02 1.002000e+02
3.605000e+02 1.032000e+02
3.620000e+02 1.068000e+02
3.635000e+02 1.098000e+02
3.650000e+02 1.134000e+02
3.665000e+02 1.170000e+02
3.680000e+02 1.206000e+02
3.700000e+02 1.242000e+02
3.715000e+02 1.278000e+02
3.740000e+02 1.338000e+02
3.755000e+02 1.380000e+02
3.770000e+02 1.428000e+02
3.785000e+02 1.470000e+02
3.805000e+02 1.518000e+02
3.825000e+02 1.566000e+02
3.840000e+02 1.614000e+02
3.860000e+02 1.662000e+02
3.875000e+02 1.704000e+02
3.895000e+02 1.758000e+02
3.915000e+02 1.806000e+02
3.935000e+02 1.854000e+02
3.955000e+02 1.902000e+02
3.970000e+02 1.944000e+02
3.985000e+02 1.992000e+02
4.005000e+02 2.046000e+02
4.020000e+02 2.094000e+02
4.040000e+02 2.142000e+02
4.055000e+02 2.196000e+02
4.070000e+02 2.238000e+02
4.090000e+02 2.286000e+02
4.105000e+02 2.340000e+02
4.130000e+02 2.412000e+02
4.145000e+02 2.460000e+02
4.150000e+02 2.478000e+02
4.170000e+02 2.532000e+02
4.190000e+02 2.604000e+02
4.210000e+02 2.652000e+02
4.220000e+02 2.688000e+02
4.235000e+02 2.730000e+02
4.245000e+02 2.778000e+02
4.255000e+02 2.814000e+02
4.265000e+02 2.850000e+02
4.275000e+02 2.892000e+02
4.285000e+02 2.928000e+02
4.295000e+02 2.970000e+02
4.310000e+02 3.024000e+02
4.315000e+02 3.036000e+02
4.330000e+02 3.084000e+02
4.335000e+02 3.096000e+02
4.355000e+02 3.156000e+02
4.360000e+02 3.180000e+02
4.365000e+02 3.198000e+02
4.370000e+02 3.216000e+02
4.375000e+02 3.228000e+02
4.380000e+02 3.240000e+02
4.385000e+02 3.258000e+02
4.385000e+02 3.264000e+02
4.385000e+02 3.276000e+02
4.390000e+02 3.288000e+02
4.390000e+02 3.294000e+02
4.390000e+02 3.300000e+02
4.390000e+02 3.300000e+02
4.390000e+02 3.306000e+02
4.390000e+02 3.312000e+02
4.390000e+02 3.312000e+02
4.390000e+02 3.324000e+02
4.390000e+02 3.324000e+02
2.660000e+02 3.354000e+02
2.660000e+02 3.354000e+02
2.660000e+02 3.354000e+02
2.662500e+02 3.351000e+02
2.665000e+02 3.348000e+02
2.665000e+02 3.345000e+02
2.665000e+02 3.342000e+02
2.667500e+02 3.339000e+02
2.670000e+02 3.336000e+02
2.672500e+02 3.327000e+02
2.675000e+02 3.318000e+02
2.677500e+02 3.312000e+02
2.680000e+02 3.306000e+02
2.682500e+02 3.297000e+02
2.685000e+02 3.288000e+02
2.690000e+02 3.282000e+02
2.695000e+02 3.276000e+02
2.697500e+02 3.264000e+02
2.700000e+02 3.252000e+02
2.705000e+02 3.240000e+02
2.710000e+02 3.228000e+02
2.715000e+02 3.216000e+02
2.720000e+02 3.204000e+02
2.725000e+02 3.186000e+02
2.730000e+02 3.168000e+02
2.735000e+02 3.150000e+02
2.740000e+02 3.132000e+02
2.747500e+02 3.108000e+02
2.755000e+02 3.084000e+02
2.762500e+02 3.057000e+02
2.770000e+02 3.030000e+02
2.777500e+02 3.006000e+02
2.785000e+02 2.982000e+02
2.797500e+02 2.943000e+02
2.810000e+02 2.904000e+02
2.820000e+02 2.871000e+02
2.830000e+02 2.838000e+02
2.837500e+02 2.808000e+02
2.845000e+02 2.778000e+02
2.852500e+02 2.748000e+02
2.860000e+02 2.718000e+02
2.867500e+02 2.688000e+02
2.875000e+02 2.658000e+02
2.882500e+02 2.628000e+02
2.890000e+02 2.598000e+02
2.900000e+02 2.565000e+02
2.910000e+02 2.532000e+02
2.917500e+02 2.499000e+02
2.925000e+02 2.466000e+02
2.935000e+02 2.433000e+02
2.945000e+02 2.400000e+02
2.955000e+02 2.367000e+02
2.965000e+02 2.334000e+02
2.972500e+02 2.298000e+02
2.980000e+02 2.262000e+02
2.985000e+02 2.247000e+02
2.990000e+02 2.232000e+02
3.002500e+02 2.175000e+02
3.015000e+02 2.118000e+02
3.022500e+02 2.085000e+02
3.030000e+02 2.052000e+02
3.037500e+02 2.019000e+02
3.045000e+02 1.986000e+02
3.055000e+02 1.953000e+02
3.065000e+02 1.920000e+02
3.072500e+02 1.887000e+02
3.080000e+02 1.854000e+02
3.087500e+02 1.821000e+02
3.095000e+02 1.788000e+02
3.105000e+02 1.743000e+02
3.115000e+02 1.698000e+02
3.122500e+02 1.668000e+02
3.130000e+02 1.638000e+02
3.135000e+02 1.614000e+02
3.140000e+02 1.590000e+02
3.150000e+02 1.551000e+02
3.160000e+02 1.512000e+02
3.167500e+02 1.488000e+02
3.175000e+02 1.464000e+02
3.177500e+02 1.452000e+02
3.180000e+02 1.440000e+02
3.187500e+02 1.419000e+02
3.195000e+02 1.398000e+02
3.202500e+02 1.374000e+02
3.210000e+02 1.350000e+02
3.215000e+02 1.326000e+02
3.220000e+02 1.302000e+02
3.227500e+02 1.275000e+02
3.235000e+02 1.248000e+02
3.245000e+02 1.212000e+02
3.255000e+02 1.176000e+02
3.260000e+02 1.152000e+02
3.265000e+02 1.128000e+02
3.272500e+02 1.101000e+02
3.280000e+02 1.074000e+02
3.285000e+02 1.050000e+02
3.290000e+02 1.026000e+02
3.297500e+02 1.005000e+02
3.305000e+02 9.840000e+01
3.310000e+02 9.660000e+01
3.315000e+02 9.480000e+01
3.320000e+02 9.300000e+01
3.325000e+02 9.120000e+01
3.330000e+02 8.940000e+01
3.335000e+02 8.760000e+01
3.340000e+02 8.640000e+01
3.345000e+02 8.520000e+01
3.347500e+02 8.400000e+01
3.350000e+02 8.280000e+01
3.352500e+02 8.190000e+01
3.355000e+02 8.100000e+01
3.357500e+02 8.010000e+01
3.360000e+02 7.920000e+01
3.365000e+02 7.800000e+01
3.365000e+02 7.740000e+01
3.370000e+02 7.680000e+01
3.375000e+02 7.620000e+01
3.375000e+02 7.560000e+01
3.380000e+02 7.560000e+01
3.380000e+02 7.560000e+01
3.385000e+02 7.560000e+01
3.390000e+02 7.560000e+01
3.395000e+02 7.620000e+01
3.405000e+02 7.680000e+01
3.415000e+02 7.740000e+01
3.430000e+02 7.920000e+01
3.450000e+02 8.100000e+01
3.465000e+02 8.280000e+01
3.485000e+02 8.520000e+01
3.505000e+02 8.760000e+01
3.520000e+02 9.000000e+01
3.545000e+02 9.420000e+01
3.565000e+02 9.720000e+01
3.585000e+02 1.002000e+02
3.605000e+02 1.032000e+02
3.620000e+02 1.068000e+02
3.635000e+02 1.098000e+02
3.650000e+02 1.134000e+02
3.665000e+02 1.170000e+02
3.680000e+02 1.206000e+02
3.700000e+02 1.242000e+02
3.715000e+02 1.278000e+02
3.740000e+02 1.338000e+02
3.755000e+02 1.380000e+02
3.770000e+02 1.428000e+02
3.785000e+02 1.470000e+02
3.805000e+02 1.518000e+02
3.825000e+02 1.566000e+02
3.840000e+02 1.614000e+02
3.860000e+02 1.662000e+02
3.875000e+02 1.704000e+02
3.895000e+02 1.758000e+02
3.915000e+02 1.806000e+02
3.935000e+02 1.854000e+02
3.955000e+02 1.902000e+02
3.970000e+02 1.944000e+02
3.985000e+02 1.992000e+02
4.005000e+02 2.046000e+02
4.020000e+02 2.094000e+02
4.040000e+02 2.142000e+02
4.055000e+02 2.196000e+02
4.070000e+02 2.238000e+02
4.090000e+02 2.286000e+02
4.105000e+02 2.340000e+02
4.130000e+02 2.412000e+02
4.145000e+02 2.460000e+02
4.150000e+02 2.478000e+02
4.170000e+02 2.532000e+02
4.190000e+02 2.604000e+02
4.210000e+02 2.652000e+02
4.220000e+02 2.688000e+02
4.235000e+02 2.730000e+02
4.245000e+02 2.778000e+02
4.255000e+02 2.814000e+02
4.265000e+02 2.850000e+02
4.275000e+02 2.892000e+02
4.285000e+02 2.928000e+02
4.295000e+02 2.970000e+02
4.310000e+02 3.024000e+02
4.315000e+02 3.036000e+02
4.330000e+02 3.084000e+02
4.335000e+02 3.096000e+02
4.355000e+02 3.156000e+02
4.360000e+02 3.180000e+02
4.365000e+02 3.198000e+02
4.370000e+02 3.216000e+02
4.375000e+02 3.228000e+02
4.380000e+02 3.240000e+02
4.385000e+02 3.258000e+02
4.385000e+02 3.264000e+02
4.385000e+02 3.276000e+02
4.390000e+02 3.288000e+02
4.390000e+02 3.294000e+02
4.390000e+02 3.300000e+02
4.390000e+02 3.300000e+02
4.390000e+02 3.306000e+02
4.390000e+02 3.312000e+02
4.390000e+02 3.312000e+02
4.390000e+02 3.324000e+02
4.390000e+02 3.324000e+02
