4.275000e+02 2.010000e+02
4.275000e+02 2.010000e+02
4.275000e+02 2.010000e+02
4.275000e+02 2.010000e+02
4.275000e+02 2.010000e+02
4.275000e+02 2.008500e+02
4.275000e+02 2.007000e+02
4.275000e+02 2.005500e+02
4.275000e+02 2.004000e+02
4.276250e+02 2.002500e+02
4.277500e+02 2.001000e+02
4.280000e+02 1.998000e+02
4.287500e+02 1.992000e+02
4.295000e+02 1.986000e+02
4.297500e+02 1.980000e+02
4.300000e+02 1.974000e+02
4.307500e+02 1.965000e+02
4.315000e+02 1.956000e+02
4.320000e+02 1.947000e+02
4.325000e+02 1.938000e+02
4.327500e+02 1.932000e+02
4.330000e+02 1.926000e+02
4.332500e+02 1.920000e+02
4.335000e+02 1.914000e+02
4.335000e+02 1.908000e+02
4.335000e+02 1.902000e+02
4.337500e+02 1.896000e+02
4.340000e+02 1.890000e+02
4.340000e+02 1.881000e+02
4.340000e+02 1.872000e+02
4.335000e+02 1.857000e+02
4.330000e+02 1.842000e+02
4.327500e+02 1.833000e+02
4.325000e+02 1.824000e+02
4.317500e+02 1.806000e+02
4.310000e+02 1.788000e+02
4.305000e+02 1.776000e+02
4.300000e+02 1.764000e+02
4.292500e+02 1.749000e+02
4.285000e+02 1.734000e+02
4.275000e+02 1.719000e+02
4.265000e+02 1.704000e+02
4.250000e+02 1.686000e+02
4.235000e+02 1.668000e+02
4.210000e+02 1.641000e+02
4.185000e+02 1.614000e+02
4.170000e+02 1.596000e+02
4.155000e+02 1.578000e+02
4.135000e+02 1.560000e+02
4.115000e+02 1.542000e+02
4.095000e+02 1.527000e+02
4.075000e+02 1.512000e+02
4.057500e+02 1.497000e+02
4.040000e+02 1.482000e+02
4.020000e+02 1.470000e+02
4.000000e+02 1.458000e+02
3.977500e+02 1.446000e+02
3.955000e+02 1.434000e+02
3.932500e+02 1.428000e+02
3.910000e+02 1.422000e+02
3.882500e+02 1.413000e+02
3.855000e+02 1.404000e+02
3.805000e+02 1.401000e+02
3.755000e+02 1.398000e+02
3.735000e+02 1.398000e+02
3.715000e+02 1.398000e+02
3.675000e+02 1.401000e+02
3.635000e+02 1.404000e+02
3.575000e+02 1.416000e+02
3.515000e+02 1.428000e+02
3.475000e+02 1.437000e+02
3.435000e+02 1.446000e+02
3.392500e+02 1.461000e+02
3.350000e+02 1.476000e+02
3.307500e+02 1.494000e+02
3.265000e+02 1.512000e+02
3.225000e+02 1.530000e+02
3.185000e+02 1.548000e+02
3.140000e+02 1.572000e+02
3.095000e+02 1.596000e+02
3.052500e+02 1.623000e+02
3.010000e+02 1.650000e+02
2.970000e+02 1.677000e+02
2.930000e+02 1.704000e+02
2.872500e+02 1.752000e+02
2.815000e+02 1.800000e+02
2.797500e+02 1.818000e+02
2.780000e+02 1.836000e+02
2.740000e+02 1.872000e+02
2.700000e+02 1.908000e+02
2.670000e+02 1.941000e+02
2.640000e+02 1.974000e+02
2.610000e+02 2.007000e+02
2.580000e+02 2.040000e+02
2.557500e+02 2.073000e+02
2.535000e+02 2.106000e+02
2.510000e+02 2.142000e+02
2.485000e+02 2.178000e+02
2.465000e+02 2.211000e+02
2.445000e+02 2.244000e+02
2.430000e+02 2.274000e+02
2.415000e+02 2.304000e+02
2.405000e+02 2.337000e+02
2.395000e+02 2.370000e+02
2.382500e+02 2.409000e+02
2.370000e+02 2.448000e+02
2.367500e+02 2.463000e+02
2.365000e+02 2.478000e+02
2.365000e+02 2.520000e+02
2.365000e+02 2.562000e+02
2.367500e+02 2.592000e+02
2.370000e+02 2.622000e+02
2.375000e+02 2.649000e+02
2.380000e+02 2.676000e+02
2.390000e+02 2.700000e+02
2.400000e+02 2.724000e+02
2.405000e+02 2.739000e+02
2.410000e+02 2.754000e+02
2.425000e+02 2.778000e+02
2.440000e+02 2.802000e+02
2.457500e+02 2.826000e+02
2.475000e+02 2.850000e+02
2.492500e+02 2.871000e+02
2.510000e+02 2.892000e+02
2.532500e+02 2.913000e+02
2.555000e+02 2.934000e+02
2.577500e+02 2.952000e+02
2.600000e+02 2.970000e+02
2.627500e+02 2.988000e+02
2.655000e+02 3.006000e+02
2.697500e+02 3.027000e+02
2.740000e+02 3.048000e+02
2.772500e+02 3.060000e+02
2.805000e+02 3.072000e+02
2.837500e+02 3.084000e+02
2.870000e+02 3.096000e+02
2.905000e+02 3.105000e+02
2.940000e+02 3.114000e+02
2.980000e+02 3.120000e+02
3.020000e+02 3.126000e+02
3.057500e+02 3.135000e+02
3.095000e+02 3.144000e+02
3.172500e+02 3.156000e+02
3.250000e+02 3.168000e+02
3.290000e+02 3.171000e+02
3.330000e+02 3.174000e+02
3.372500e+02 3.174000e+02
3.415000e+02 3.174000e+02
3.447500e+02 3.174000e+02
3.480000e+02 3.174000e+02
3.515000e+02 3.171000e+02
3.550000e+02 3.168000e+02
3.600000e+02 3.159000e+02
3.650000e+02 3.150000e+02
3.682500e+02 3.141000e+02
3.715000e+02 3.132000e+02
3.747500e+02 3.120000e+02
3.780000e+02 3.108000e+02
3.810000e+02 3.096000e+02
3.840000e+02 3.084000e+02
3.870000e+02 3.072000e+02
3.900000e+02 3.060000e+02
3.927500e+02 3.045000e+02
3.955000e+02 3.030000e+02
3.980000e+02 3.015000e+02
4.005000e+02 3.000000e+02
4.027500e+02 2.988000e+02
4.050000e+02 2.976000e+02
4.075000e+02 2.958000e+02
4.100000e+02 2.940000e+02
4.125000e+02 2.925000e+02
4.150000e+02 2.910000e+02
4.170000e+02 2.889000e+02
4.190000e+02 2.868000e+02
4.202500e+02 2.853000e+02
4.215000e+02 2.838000e+02
4.230000e+02 2.817000e+02
4.245000e+02 2.796000e+02
4.255000e+02 2.778000e+02
4.265000e+02 2.760000e+02
4.275000e+02 2.739000e+02
4.285000e+02 2.718000e+02
4.290000e+02 2.697000e+02
4.295000e+02 2.676000e+02
4.300000e+02 2.658000e+02
4.305000e+02 2.640000e+02
4.307500e+02 2.619000e+02
4.310000e+02 2.598000e+02
4.310000e+02 2.583000e+02
4.310000e+02 2.568000e+02
4.305000e+02 2.544000e+02
4.300000e+02 2.520000e+02
4.295000e+02 2.508000e+02
4.290000e+02 2.496000e+02
4.287500e+02 2.487000e+02
4.285000e+02 2.478000e+02
4.280000e+02 2.475000e+02
4.275000e+02 2.472000e+02
4.275000e+02 2.472000e+02
4.275000e+02 2.472000e+02
4.275000e+02 2.010000e+02
4.275000e+02 2.010000e+02
4.275000e+02 2.010000e+02
4.275000e+02 2.010000e+02
4.275000e+02 2.010000e+02
4.275000e+02 2.008500e+02
4.275000e+02 2.007000e+02
4.275000e+02 2.005500e+02
4.275000e+02 2.004000e+02
4.276250e+02 2.002500e+02
4.277500e+02 2.001000e+02
4.280000e+02 1.998000e+02
4.287500e+02 1.992000e+02
4.295000e+02 1.986000e+02
4.297500e+02 1.980000e+02
4.300000e+02 1.974000e+02
4.307500e+02 1.965000e+02
4.315000e+02 1.956000e+02
4.320000e+02 1.947000e+02
4.325000e+02 1.938000e+02
4.327500e+02 1.932000e+02
4.330000e+02 1.926000e+02
4.332500e+02 1.920000e+02
4.335000e+02 1.914000e+02
4.335000e+02 1.908000e+02
4.335000e+02 1.902000e+02
4.337500e+02 1.896000e+02
4.340000e+02 1.890000e+02
4.340000e+02 1.881000e+02
4.340000e+02 1.872000e+02
4.335000e+02 1.857000e+02
4.330000e+02 1.842000e+02
4.327500e+02 1.833000e+02
4.325000e+02 1.824000e+02
4.317500e+02 1.806000e+02
4.310000e+02 1.788000e+02
4.305000e+02 1.776000e+02
4.300000e+02 1.764000e+02
4.292500e+02 1.749000e+02
4.285000e+02 1.734000e+02
4.275000e+02 1.719000e+02
4.265000e+02 1.704000e+02
4.250000e+02 1.686000e+02
4.235000e+02 1.668000e+02
4.210000e+02 1.641000e+02
4.185000e+02 1.614000e+02
4.170000e+02 1.596000e+02
4.155000e+02 1.578000e+02
4.135000e+02 1.560000e+02
4.115000e+02 1.542000e+02
4.095000e+02 1.527000e+02
4.075000e+02 1.512000e+02
4.057500e+02 1.497000e+02
4.040000e+02 1.482000e+02
4.020000e+02 1.470000e+02
4.000000e+02 1.458000e+02
3.977500e+02 1.446000e+02
3.955000e+02 1.434000e+02
3.932500e+02 1.428000e+02
3.910000e+02 1.422000e+02
3.882500e+02 1.413000e+02
3.855000e+02 1.404000e+02
3.805000e+02 1.401000e+02
3.755000e+02 1.398000e+02
3.735000e+02 1.398000e+02
3.715000e+02 1.398000e+02
3.675000e+02 1.401000e+02
3.635000e+02 1.404000e+02
3.575000e+02 1.416000e+02
3.515000e+02 1.428000e+02
3.475000e+02 1.437000e+02
3.435000e+02 1.446000e+02
3.392500e+02 1.461000e+02
3.350000e+02 1.476000e+02
3.307500e+02 1.494000e+02
3.265000e+02 1.512000e+02
3.225000e+02 1.530000e+02
3.185000e+02 1.548000e+02
3.140000e+02 1.572000e+02
3.095000e+02 1.596000e+02
3.052500e+02 1.623000e+02
3.010000e+02 1.650000e+02
2.970000e+02 1.677000e+02
2.930000e+02 1.704000e+02
2.872500e+02 1.752000e+02
2.815000e+02 1.800000e+02
2.797500e+02 1.818000e+02
2.780000e+02 1.836000e+02
2.740000e+02 1.872000e+02
2.700000e+02 1.908000e+02
2.670000e+02 1.941000e+02
2.640000e+02 1.974000e+02
2.610000e+02 2.007000e+02
2.580000e+02 2.040000e+02
2.557500e+02 2.073000e+02
2.535000e+02 2.106000e+02
2.510000e+02 2.142000e+02
2.485000e+02 2.178000e+02
2.465000e+02 2.211000e+02
2.445000e+02 2.244000e+02
2.430000e+02 2.274000e+02
2.415000e+02 2.304000e+02
2.405000e+02 2.337000e+02
2.395000e+02 2.370000e+02
2.382500e+02 2.409000e+02
2.370000e+02 2.448000e+02
2.367500e+02 2.463000e+02
2.365000e+02 2.478000e+02
2.365000e+02 2.520000e+02
2.365000e+02 2.562000e+02
2.367500e+02 2.592000e+02
2.370000e+02 2.622000e+02
2.375000e+02 2.649000e+02
2.380000e+02 2.676000e+02
2.390000e+02 2.700000e+02
2.400000e+02 2.724000e+02
2.405000e+02 2.739000e+02
2.410000e+02 2.754000e+02
2.425000e+02 2.778000e+02
2.440000e+02 2.802000e+02
2.457500e+02 2.826000e+02
2.475000e+02 2.850000e+02
2.492500e+02 2.871000e+02
2.510000e+02 2.892000e+02
2.532500e+02 2.913000e+02
2.555000e+02 2.934000e+02
2.577500e+02 2.952000e+02
2.600000e+02 2.970000e+02
2.627500e+02 2.988000e+02
2.655000e+02 3.006000e+02
2.697500e+02 3.027000e+02
2.740000e+02 3.048000e+02
2.772500e+02 3.060000e+02
2.805000e+02 3.072000e+02
2.837500e+02 3.084000e+02
2.870000e+02 3.096000e+02
2.905000e+02 3.105000e+02
2.940000e+02 3.114000e+02
2.980000e+02 3.120000e+02
3.020000e+02 3.126000e+02
3.057500e+02 3.135000e+02
3.095000e+02 3.144000e+02
3.172500e+02 3.156000e+02
3.250000e+02 3.168000e+02
3.290000e+02 3.171000e+02
3.330000e+02 3.174000e+02
3.372500e+02 3.174000e+02
3.415000e+02 3.174000e+02
3.447500e+02 3.174000e+02
3.480000e+02 3.174000e+02
3.515000e+02 3.171000e+02
3.550000e+02 3.168000e+02
3.600000e+02 3.159000e+02
3.650000e+02 3.150000e+02
3.682500e+02 3.141000e+02
3.715000e+02 3.132000e+02
3.747500e+02 3.120000e+02
3.780000e+02 3.108000e+02
3.810000e+02 3.096000e+02
3.840000e+02 3.084000e+02
3.870000e+02 3.072000e+02
3.900000e+02 3.060000e+02
3.927500e+02 3.045000e+02
3.955000e+02 3.030000e+02
3.980000e+02 3.015000e+02
4.005000e+02 3.000000e+02
4.027500e+02 2.988000e+02
4.050000e+02 2.976000e+02
4.075000e+02 2.958000e+02
4.100000e+02 2.940000e+02
4.125000e+02 2.925000e+02
4.150000e+02 2.910000e+02
4.170000e+02 2.889000e+02
4.190000e+02 2.868000e+02
4.202500e+02 2.853000e+02
4.215000e+02 2.838000e+02
4.230000e+02 2.817000e+02
4.245000e+02 2.796000e+02
4.255000e+02 2.778000e+02
4.265000e+02 2.760000e+02
4.275000e+02 2.739000e+02
4.285000e+02 2.718000e+02
4.290000e+02 2.697000e+02
4.295000e+02 2.676000e+02
4.300000e+02 2.658000e+02
4.305000e+02 2.640000e+02
4.307500e+02 2.619000e+02
4.310000e+02 2.598000e+02
4.310000e+02 2.583000e+02
4.310000e+02 2.568000e+02
4.305000e+02 2.544000e+02
4.300000e+02 2.520000e+02
4.295000e+02 2.508000e+02
4.290000e+02 2.496000e+02
4.287500e+02 2.487000e+02
4.285000e+02 2.478000e+02
4.280000e+02 2.475000e+02
4.275000e+02 2.472000e+02
4.275000e+02 2.472000e+02
4.275000e+02 2.472000e+02
4.275000e+02 2.010000e+02
4.275000e+02 2.010000e+02
4.275000e+02 2.010000e+02
4.275000e+02 2.010000e+02
4.275000e+02 2.010000e+02
4.275000e+02 2.008500e+02
4.275000e+02 2.007000e+02
4.275000e+02 2.005500e+02
4.275000e+02 2.004000e+02
4.276250e+02 2.002500e+02
4.277500e+02 2.001000e+02
4.280000e+02 1.998000e+02
4.287500e+02 1.992000e+02
4.295000e+02 1.986000e+02
4.297500e+02 1.980000e+02
4.300000e+02 1.974000e+02
4.307500e+02 1.965000e+02
4.315000e+02 1.956000e+02
4.320000e+02 1.947000e+02
4.325000e+02 1.938000e+02
4.327500e+02 1.932000e+02
4.330000e+02 1.926000e+02
4.332500e+02 1.920000e+02
4.335000e+02 1.914000e+02
4.335000e+02 1.908000e+02
4.335000e+02 1.902000e+02
4.337500e+02 1.896000e+02
4.340000e+02 1.890000e+02
4.340000e+02 1.881000e+02
4.340000e+02 1.872000e+02
4.335000e+02 1.857000e+02
4.330000e+02 1.842000e+02
4.327500e+02 1.833000e+02
4.325000e+02 1.824000e+02
4.317500e+02 1.806000e+02
4.310000e+02 1.788000e+02
4.305000e+02 1.776000e+02
4.300000e+02 1.764000e+02
4.292500e+02 1.749000e+02
4.285000e+02 1.734000e+02
4.275000e+02 1.719000e+02
4.265000e+02 1.704000e+02
4.250000e+02 1.686000e+02
4.235000e+02 1.668000e+02
4.210000e+02 1.641000e+02
4.185000e+02 1.614000e+02
4.170000e+02 1.596000e+02
4.155000e+02 1.578000e+02
4.135000e+02 1.560000e+02
4.115000e+02 1.542000e+02
4.095000e+02 1.527000e+02
4.075000e+02 1.512000e+02
4.057500e+02 1.497000e+02
4.040000e+02 1.482000e+02
4.020000e+02 1.470000e+02
4.000000e+02 1.458000e+02
3.977500e+02 1.446000e+02
3.955000e+02 1.434000e+02
3.932500e+02 1.428000e+02
3.910000e+02 1.422000e+02
3.882500e+02 1.413000e+02
3.855000e+02 1.404000e+02
3.805000e+02 1.401000e+02
3.755000e+02 1.398000e+02
3.735000e+02 1.398000e+02
3.715000e+02 1.398000e+02
3.675000e+02 1.401000e+02
3.635000e+02 1.404000e+02
3.575000e+02 1.416000e+02
3.515000e+02 1.428000e+02
3.475000e+02 1.437000e+02
3.435000e+02 1.446000e+02
3.392500e+02 1.461000e+02
3.350000e+02 1.476000e+02
3.307500e+02 1.494000e+02
3.265000e+02 1.512000e+02
3.225000e+02 1.530000e+02
3.185000e+02 1.548000e+02
3.140000e+02 1.572000e+02
3.095000e+02 1.596000e+02
3.052500e+02 1.623000e+02
3.010000e+02 1.650000e+02
2.970000e+02 1.677000e+02
2.930000e+02 1.704000e+02
2.872500e+02 1.752000e+02
2.815000e+02 1.800000e+02
2.797500e+02 1.818000e+02
2.780000e+02 1.836000e+02
2.740000e+02 1.872000e+02
2.700000e+02 1.908000e+02
2.670000e+02 1.941000e+02
2.640000e+02 1.974000e+02
2.610000e+02 2.007000e+02
2.580000e+02 2.040000e+02
2.557500e+02 2.073000e+02
2.535000e+02 2.106000e+02
2.510000e+02 2.142000e+02
2.485000e+02 2.178000e+02
2.465000e+02 2.211000e+02
2.445000e+02 2.244000e+02
2.430000e+02 2.274000e+02
2.415000e+02 2.304000e+02
2.405000e+02 2.337000e+02
2.395000e+02 2.370000e+02
2.382500e+02 2.409000e+02
2.370000e+02 2.448000e+02
2.367500e+02 2.463000e+02
2.365000e+02 2.478000e+02
2.365000e+02 2.520000e+02
2.365000e+02 2.562000e+02
2.367500e+02 2.592000e+02
2.370000e+02 2.622000e+02
2.375000e+02 2.649000e+02
2.380000e+02 2.676000e+02
2.390000e+02 2.700000e+02
2.400000e+02 2.724000e+02
2.405000e+02 2.739000e+02
2.410000e+02 2.754000e+02
2.425000e+02 2.778000e+02
2.440000e+02 2.802000e+02
2.457500e+02 2.826000e+02
2.475000e+02 2.850000e+02
2.492500e+02 2.871000e+02
2.510000e+02 2.892000e+02
2.532500e+02 2.913000e+02
2.555000e+02 2.934000e+02
2.577500e+02 2.952000e+02
2.600000e+02 2.970000e+02
2.627500e+02 2.988000e+02
2.655000e+02 3.006000e+02
2.697500e+02 3.027000e+02
2.740000e+02 3.048000e+02
2.772500e+02 3.060000e+02
2.805000e+02 3.072000e+02
2.837500e+02 3.084000e+02
2.870000e+02 3.096000e+02
2.905000e+02 3.105000e+02
2.940000e+02 3.114000e+02
2.980000e+02 3.120000e+02
3.020000e+02 3.126000e+02
3.057500e+02 3.135000e+02
3.095000e+02 3.144000e+02
3.172500e+02 3.156000e+02
3.250000e+02 3.168000e+02
3.290000e+02 3.171000e+02
3.330000e+02 3.174000e+02
3.372500e+02 3.174000e+02
3.415000e+02 3.174000e+02
3.447500e+02 3.174000e+02
3.480000e+02 3.174000e+02
3.515000e+02 3.171000e+02
3.550000e+02 3.168000e+02
3.600000e+02 3.159000e+02
3.650000e+02 3.150000e+02
3.682500e+02 3.141000e+02
3.715000e+02 3.132000e+02
3.747500e+02 3.120000e+02
3.780000e+02 3.108000e+02
3.810000e+02 3.096000e+02
3.840000e+02 3.084000e+02
3.870000e+02 3.072000e+02
3.900000e+02 3.060000e+02
3.927500e+02 3.045000e+02
3.955000e+02 3.030000e+02
3.980000e+02 3.015000e+02
4.005000e+02 3.000000e+02
4.027500e+02 2.988000e+02
4.050000e+02 2.976000e+02
4.075000e+02 2.958000e+02
4.100000e+02 2.940000e+02
4.125000e+02 2.925000e+02
4.150000e+02 2.910000e+02
4.170000e+02 2.889000e+02
4.190000e+02 2.868000e+02
4.202500e+02 2.853000e+02
4.215000e+02 2.838000e+02
4.230000e+02 2.817000e+02
4.245000e+02 2.796000e+02
4.255000e+02 2.778000e+02
4.265000e+02 2.760000e+02
4.275000e+02 2.739000e+02
4.285000e+02 2.718000e+02
4.290000e+02 2.697000e+02
4.295000e+02 2.676000e+02
4.300000e+02 2.658000e+02
4.305000e+02 2.640000e+02
4.307500e+02 2.619000e+02
4.310000e+02 2.598000e+02
4.310000e+02 2.583000e+02
4.310000e+02 2.568000e+02
4.305000e+02 2.544000e+02
4.300000e+02 2.520000e+02
4.295000e+02 2.508000e+02
4.290000e+02 2.496000e+02
4.287500e+02 2.487000e+02
4.285000e+02 2.478000e+02
4.280000e+02 2.475000e+02
4.275000e+02 2.472000e+02
4.275000e+02 2.472000e+02
4.275000e+02 2.472000e+02
