3.205000e+02 4.014000e+02
3.205000e+02 4.014000e+02
3.190000e+02 3.990000e+02
3.170000e+02 3.906000e+02
3.160000e+02 3.768000e+02
3.155000e+02 3.600000e+02
3.150000e+02 3.402000e+02
3.140000e+02 3.168000e+02
3.130000e+02 2.922000e+02
3.115000e+02 2.556000e+02
3.110000e+02 2.268000e+02
3.090000e+02 1.998000e+02
3.070000e+02 1.728000e+02
3.045000e+02 1.470000e+02
3.035000e+02 1.212000e+02
3.025000e+02 9.960000e+01
3.020000e+02 8.280000e+01
3.010000e+02 6.480000e+01
3.005000e+02 5.700000e+01
3.000000e+02 4.980000e+01
3.000000e+02 4.800000e+01
3.000000e+02 4.680000e+01
3.000000e+02 4.680000e+01
3.005000e+02 4.680000e+01
3.010000e+02 4.740000e+01
3.035000e+02 4.980000e+01
3.085000e+02 5.640000e+01
3.130000e+02 6.240000e+01
3.185000e+02 6.900000e+01
3.235000e+02 7.620000e+01
3.295000e+02 8.400000e+01
3.360000e+02 9.300000e+01
3.425000e+02 1.026000e+02
3.485000e+02 1.110000e+02
3.550000e+02 1.206000e+02
3.610000e+02 1.296000e+02
3.685000e+02 1.416000e+02
3.775000e+02 1.566000e+02
3.840000e+02 1.674000e+02
3.870000e+02 1.728000e+02
3.965000e+02 1.908000e+02
4.020000e+02 2.016000e+02
4.080000e+02 2.124000e+02
4.135000e+02 2.232000e+02
4.195000e+02 2.352000e+02
4.255000e+02 2.460000e+02
4.310000e+02 2.574000e+02
4.365000e+02 2.670000e+02
4.420000e+02 2.772000e+02
4.470000e+02 2.862000e+02
4.520000e+02 2.958000e+02
4.565000e+02 3.042000e+02
4.625000e+02 3.150000e+02
4.685000e+02 3.264000e+02
4.730000e+02 3.354000e+02
4.755000e+02 3.414000e+02
4.780000e+02 3.462000e+02
4.795000e+02 3.510000e+02
4.815000e+02 3.546000e+02
4.830000e+02 3.576000e+02
4.840000e+02 3.600000e+02
4.850000e+02 3.618000e+02
4.855000e+02 3.630000e+02
4.855000e+02 3.642000e+02
4.855000e+02 3.642000e+02
4.855000e+02 3.642000e+02
4.855000e+02 3.642000e+02
4.850000e+02 3.642000e+02
4.835000e+02 3.630000e+02
4.795000e+02 3.606000e+02
4.735000e+02 3.570000e+02
4.680000e+02 3.540000e+02
4.560000e+02 3.474000e+02
4.480000e+02 3.432000e+02
4.400000e+02 3.390000e+02
4.310000e+02 3.348000e+02
4.215000e+02 3.294000e+02
4.105000e+02 3.240000e+02
4.010000e+02 3.192000e+02
3.905000e+02 3.138000e+02
3.800000e+02 3.084000e+02
3.690000e+02 3.024000e+02
3.575000e+02 2.964000e+02
3.465000e+02 2.898000e+02
3.360000e+02 2.838000e+02
3.250000e+02 2.778000e+02
3.145000e+02 2.718000e+02
3.035000e+02 2.658000e+02
2.880000e+02 2.568000e+02
2.790000e+02 2.508000e+02
2.650000e+02 2.430000e+02
2.555000e+02 2.370000e+02
2.470000e+02 2.322000e+02
2.345000e+02 2.250000e+02
2.270000e+02 2.208000e+02
2.230000e+02 2.190000e+02
2.125000e+02 2.142000e+02
2.045000e+02 2.100000e+02
1.975000e+02 2.064000e+02
1.945000e+02 2.046000e+02
1.920000e+02 2.028000e+02
1.900000e+02 2.022000e+02
1.890000e+02 2.010000e+02
1.880000e+02 2.004000e+02
1.870000e+02 1.998000e+02
1.865000e+02 1.992000e+02
1.865000e+02 1.992000e+02
1.865000e+02 1.986000e+02
1.865000e+02 1.986000e+02
1.895000e+02 1.968000e+02
1.945000e+02 1.944000e+02
2.045000e+02 1.908000e+02
2.180000e+02 1.866000e+02
2.290000e+02 1.830000e+02
2.400000e+02 1.794000e+02
2.515000e+02 1.764000e+02
2.630000e+02 1.728000e+02
2.755000e+02 1.686000e+02
2.890000e+02 1.644000e+02
3.010000e+02 1.602000e+02
3.140000e+02 1.566000e+02
3.265000e+02 1.530000e+02
3.390000e+02 1.494000e+02
3.530000e+02 1.458000e+02
3.640000e+02 1.428000e+02
3.765000e+02 1.392000e+02
3.885000e+02 1.362000e+02
4.065000e+02 1.320000e+02
4.175000e+02 1.296000e+02
4.275000e+02 1.272000e+02
4.370000e+02 1.254000e+02
4.460000e+02 1.236000e+02
4.555000e+02 1.218000e+02
4.630000e+02 1.200000e+02
4.700000e+02 1.182000e+02
4.770000e+02 1.170000e+02
4.830000e+02 1.158000e+02
4.885000e+02 1.146000e+02
4.925000e+02 1.140000e+02
4.955000e+02 1.134000e+02
4.975000e+02 1.128000e+02
4.990000e+02 1.128000e+02
5.000000e+02 1.128000e+02
5.010000e+02 1.134000e+02
5.010000e+02 1.134000e+02
5.015000e+02 1.134000e+02
5.015000e+02 1.140000e+02
5.015000e+02 1.146000e+02
5.010000e+02 1.164000e+02
5.000000e+02 1.194000e+02
4.975000e+02 1.242000e+02
4.940000e+02 1.296000e+02
4.900000e+02 1.368000e+02
4.855000e+02 1.440000e+02
4.805000e+02 1.518000e+02
4.750000e+02 1.602000e+02
4.690000e+02 1.686000e+02
4.610000e+02 1.800000e+02
4.510000e+02 1.950000e+02
4.435000e+02 2.058000e+02
4.365000e+02 2.166000e+02
4.290000e+02 2.280000e+02
4.215000e+02 2.394000e+02
4.150000e+02 2.508000e+02
4.080000e+02 2.616000e+02
4.015000e+02 2.724000e+02
3.940000e+02 2.844000e+02
3.880000e+02 2.952000e+02
3.815000e+02 3.060000e+02
3.750000e+02 3.168000e+02
3.660000e+02 3.324000e+02
3.560000e+02 3.480000e+02
3.505000e+02 3.570000e+02
3.435000e+02 3.696000e+02
3.390000e+02 3.768000e+02
3.350000e+02 3.834000e+02
3.315000e+02 3.888000e+02
3.290000e+02 3.936000e+02
3.275000e+02 3.972000e+02
3.260000e+02 4.002000e+02
3.245000e+02 4.032000e+02
3.240000e+02 4.050000e+02
3.235000e+02 4.062000e+02
3.230000e+02 4.074000e+02
3.225000e+02 4.080000e+02
3.220000e+02 4.086000e+02
3.220000e+02 4.092000e+02
3.220000e+02 4.092000e+02
3.215000e+02 4.098000e+02
3.215000e+02 4.098000e+02
3.215000e+02 4.098000e+02
3.215000e+02 4.104000e+02
3.215000e+02 4.104000e+02
3.210000e+02 4.104000e+02
3.210000e+02 4.104000e+02
3.210000e+02 4.104000e+02
3.210000e+02 4.110000e+02
3.210000e+02 4.110000e+02
3.215000e+02 4.110000e+02
3.215000e+02 4.110000e+02
