5.270000e+02 2.322000e+02
5.270000e+02 2.322000e+02
5.270000e+02 2.322000e+02
5.270000e+02 2.322000e+02
5.270000e+02 2.322000e+02
5.268750e+02 2.322000e+02
5.267500e+02 2.322000e+02
5.266250e+02 2.322000e+02
5.265000e+02 2.322000e+02
5.261250e+02 2.322000e+02
5.257500e+02 2.322000e+02
5.253750e+02 2.322000e+02
5.250000e+02 2.322000e+02
5.241250e+02 2.322000e+02
5.232500e+02 2.322000e+02
5.223750e+02 2.322000e+02
5.215000e+02 2.322000e+02
5.206250e+02 2.323500e+02
5.197500e+02 2.325000e+02
5.188750e+02 2.326500e+02
5.180000e+02 2.328000e+02
5.170000e+02 2.328000e+02
5.160000e+02 2.328000e+02
5.150000e+02 2.328000e+02
5.140000e+02 2.328000e+02
5.127500e+02 2.328000e+02
5.115000e+02 2.328000e+02
5.102500e+02 2.328000e+02
5.090000e+02 2.328000e+02
5.078750e+02 2.328000e+02
5.067500e+02 2.328000e+02
5.056250e+02 2.328000e+02
5.045000e+02 2.328000e+02
5.031250e+02 2.328000e+02
5.017500e+02 2.328000e+02
5.003750e+02 2.328000e+02
4.990000e+02 2.328000e+02
4.977500e+02 2.329500e+02
4.965000e+02 2.331000e+02
4.952500e+02 2.332500e+02
4.940000e+02 2.334000e+02
4.926250e+02 2.334000e+02
4.912500e+02 2.334000e+02
4.898750e+02 2.334000e+02
4.885000e+02 2.334000e+02
4.871250e+02 2.335500e+02
4.857500e+02 2.337000e+02
4.843750e+02 2.338500e+02
4.830000e+02 2.340000e+02
4.816250e+02 2.340000e+02
4.802500e+02 2.340000e+02
4.788750e+02 2.340000e+02
4.775000e+02 2.340000e+02
4.752500e+02 2.340000e+02
4.730000e+02 2.340000e+02
4.707500e+02 2.340000e+02
4.685000e+02 2.340000e+02
4.667500e+02 2.340000e+02
4.650000e+02 2.340000e+02
4.632500e+02 2.340000e+02
4.615000e+02 2.340000e+02
4.600000e+02 2.340000e+02
4.585000e+02 2.340000e+02
4.570000e+02 2.340000e+02
4.555000e+02 2.340000e+02
4.536250e+02 2.340000e+02
4.517500e+02 2.340000e+02
4.498750e+02 2.340000e+02
4.480000e+02 2.340000e+02
4.465000e+02 2.338500e+02
4.450000e+02 2.337000e+02
4.435000e+02 2.335500e+02
4.420000e+02 2.334000e+02
4.402500e+02 2.334000e+02
4.385000e+02 2.334000e+02
4.367500e+02 2.334000e+02
4.350000e+02 2.334000e+02
4.335000e+02 2.334000e+02
4.320000e+02 2.334000e+02
4.305000e+02 2.334000e+02
4.290000e+02 2.334000e+02
4.271250e+02 2.332500e+02
4.252500e+02 2.331000e+02
4.233750e+02 2.329500e+02
4.215000e+02 2.328000e+02
4.196250e+02 2.328000e+02
4.177500e+02 2.328000e+02
4.158750e+02 2.328000e+02
4.140000e+02 2.328000e+02
4.123750e+02 2.328000e+02
4.107500e+02 2.328000e+02
4.091250e+02 2.328000e+02
4.075000e+02 2.328000e+02
4.050000e+02 2.328000e+02
4.025000e+02 2.328000e+02
4.000000e+02 2.328000e+02
3.975000e+02 2.328000e+02
3.947500e+02 2.328000e+02
3.920000e+02 2.328000e+02
3.892500e+02 2.328000e+02
3.865000e+02 2.328000e+02
3.847500e+02 2.328000e+02
3.830000e+02 2.328000e+02
3.812500e+02 2.328000e+02
3.795000e+02 2.328000e+02
3.767500e+02 2.328000e+02
3.740000e+02 2.328000e+02
3.712500e+02 2.328000e+02
3.685000e+02 2.328000e+02
3.665000e+02 2.328000e+02
3.645000e+02 2.328000e+02
3.605000e+02 2.328000e+02
3.570000e+02 2.328000e+02
3.535000e+02 2.328000e+02
3.497500e+02 2.328000e+02
3.460000e+02 2.328000e+02
3.425000e+02 2.328000e+02
3.390000e+02 2.328000e+02
3.360000e+02 2.331000e+02
3.330000e+02 2.334000e+02
3.295000e+02 2.334000e+02
3.260000e+02 2.334000e+02
3.230000e+02 2.334000e+02
3.200000e+02 2.334000e+02
3.165000e+02 2.337000e+02
3.130000e+02 2.340000e+02
3.100000e+02 2.340000e+02
3.070000e+02 2.340000e+02
3.037500e+02 2.343000e+02
3.005000e+02 2.346000e+02
2.975000e+02 2.346000e+02
2.945000e+02 2.346000e+02
2.912500e+02 2.349000e+02
2.880000e+02 2.352000e+02
2.850000e+02 2.352000e+02
2.820000e+02 2.352000e+02
2.782500e+02 2.355000e+02
2.745000e+02 2.358000e+02
2.715000e+02 2.364000e+02
2.685000e+02 2.370000e+02
2.650000e+02 2.373000e+02
2.615000e+02 2.376000e+02
2.567500e+02 2.379000e+02
2.520000e+02 2.382000e+02
2.487500e+02 2.385000e+02
2.455000e+02 2.388000e+02
2.420000e+02 2.391000e+02
2.385000e+02 2.394000e+02
2.355000e+02 2.397000e+02
2.325000e+02 2.400000e+02
2.290000e+02 2.406000e+02
2.255000e+02 2.412000e+02
2.222500e+02 2.415000e+02
2.190000e+02 2.418000e+02
2.150000e+02 2.421000e+02
2.110000e+02 2.424000e+02
2.080000e+02 2.427000e+02
2.050000e+02 2.430000e+02
2.015000e+02 2.433000e+02
1.980000e+02 2.436000e+02
1.950000e+02 2.442000e+02
1.920000e+02 2.448000e+02
1.902500e+02 2.448000e+02
1.885000e+02 2.448000e+02
1.840000e+02 2.451000e+02
1.795000e+02 2.454000e+02
1.765000e+02 2.454000e+02
1.735000e+02 2.454000e+02
1.710000e+02 2.454000e+02
1.685000e+02 2.454000e+02
1.657500e+02 2.457000e+02
1.630000e+02 2.460000e+02
1.617500e+02 2.460000e+02
1.605000e+02 2.460000e+02
1.562500e+02 2.460000e+02
1.520000e+02 2.460000e+02
1.495000e+02 2.463000e+02
1.470000e+02 2.466000e+02
1.447500e+02 2.466000e+02
1.425000e+02 2.466000e+02
1.402500e+02 2.469000e+02
1.380000e+02 2.472000e+02
1.360000e+02 2.472000e+02
1.340000e+02 2.472000e+02
1.322500e+02 2.475000e+02
1.305000e+02 2.478000e+02
1.292500e+02 2.478000e+02
1.280000e+02 2.478000e+02
1.265000e+02 2.478000e+02
1.250000e+02 2.478000e+02
1.240000e+02 2.478000e+02
1.230000e+02 2.478000e+02
1.220000e+02 2.478000e+02
1.210000e+02 2.478000e+02
1.205000e+02 2.478000e+02
1.200000e+02 2.478000e+02
1.187500e+02 2.478000e+02
1.175000e+02 2.478000e+02
1.175000e+02 2.478000e+02
1.175000e+02 2.478000e+02
