2.825000e+02 5.820000e+01
2.825000e+02 5.820000e+01
2.825000e+02 5.820000e+01
2.825000e+02 5.820000e+01
2.825000e+02 5.820000e+01
2.823750e+02 5.835000e+01
2.822500e+02 5.850000e+01
2.821250e+02 5.865000e+01
2.820000e+02 5.880000e+01
2.820000e+02 5.880000e+01
2.820000e+02 5.880000e+01
2.820000e+02 5.880000e+01
2.820000e+02 5.880000e+01
2.818750e+02 5.910000e+01
2.817500e+02 5.940000e+01
2.816250e+02 5.970000e+01
2.815000e+02 6.000000e+01
2.813750e+02 6.165000e+01
2.812500e+02 6.330000e+01
2.811250e+02 6.495000e+01
2.810000e+02 6.660000e+01
2.808750e+02 6.780000e+01
2.807500e+02 6.900000e+01
2.806250e+02 7.020000e+01
2.805000e+02 7.140000e+01
2.805000e+02 7.290000e+01
2.805000e+02 7.440000e+01
2.805000e+02 7.590000e+01
2.805000e+02 7.740000e+01
2.805000e+02 7.815000e+01
2.805000e+02 7.890000e+01
2.805000e+02 7.965000e+01
2.805000e+02 8.040000e+01
2.805000e+02 8.265000e+01
2.805000e+02 8.490000e+01
2.805000e+02 8.715000e+01
2.805000e+02 8.940000e+01
2.805000e+02 9.120000e+01
2.805000e+02 9.300000e+01
2.805000e+02 9.480000e+01
2.805000e+02 9.660000e+01
2.805000e+02 9.810000e+01
2.805000e+02 9.960000e+01
2.805000e+02 1.011000e+02
2.805000e+02 1.026000e+02
2.805000e+02 1.042500e+02
2.805000e+02 1.059000e+02
2.805000e+02 1.075500e+02
2.805000e+02 1.092000e+02
2.803750e+02 1.107000e+02
2.802500e+02 1.122000e+02
2.801250e+02 1.137000e+02
2.800000e+02 1.152000e+02
2.800000e+02 1.168500e+02
2.800000e+02 1.185000e+02
2.800000e+02 1.201500e+02
2.800000e+02 1.218000e+02
2.798750e+02 1.234500e+02
2.797500e+02 1.251000e+02
2.796250e+02 1.267500e+02
2.795000e+02 1.284000e+02
2.795000e+02 1.299000e+02
2.795000e+02 1.314000e+02
2.795000e+02 1.329000e+02
2.795000e+02 1.344000e+02
2.793750e+02 1.362000e+02
2.792500e+02 1.380000e+02
2.791250e+02 1.398000e+02
2.790000e+02 1.416000e+02
2.790000e+02 1.432500e+02
2.790000e+02 1.449000e+02
2.790000e+02 1.465500e+02
2.790000e+02 1.482000e+02
2.788750e+02 1.501500e+02
2.787500e+02 1.521000e+02
2.786250e+02 1.540500e+02
2.785000e+02 1.560000e+02
2.783750e+02 1.578000e+02
2.782500e+02 1.596000e+02
2.781250e+02 1.614000e+02
2.780000e+02 1.632000e+02
2.778750e+02 1.660500e+02
2.777500e+02 1.689000e+02
2.776250e+02 1.717500e+02
2.775000e+02 1.746000e+02
2.773750e+02 1.765500e+02
2.772500e+02 1.785000e+02
2.771250e+02 1.804500e+02
2.770000e+02 1.824000e+02
2.770000e+02 1.833000e+02
2.770000e+02 1.842000e+02
2.770000e+02 1.851000e+02
2.770000e+02 1.860000e+02
2.767500e+02 1.890000e+02
2.765000e+02 1.920000e+02
2.762500e+02 1.950000e+02
2.760000e+02 1.980000e+02
2.758750e+02 2.001000e+02
2.757500e+02 2.022000e+02
2.756250e+02 2.043000e+02
2.755000e+02 2.064000e+02
2.753750e+02 2.085000e+02
2.752500e+02 2.106000e+02
2.751250e+02 2.127000e+02
2.750000e+02 2.148000e+02
2.748750e+02 2.169000e+02
2.747500e+02 2.190000e+02
2.746250e+02 2.211000e+02
2.745000e+02 2.232000e+02
2.743750e+02 2.253000e+02
2.742500e+02 2.274000e+02
2.741250e+02 2.295000e+02
2.740000e+02 2.316000e+02
2.738750e+02 2.334000e+02
2.737500e+02 2.352000e+02
2.736250e+02 2.370000e+02
2.735000e+02 2.388000e+02
2.735000e+02 2.406000e+02
2.735000e+02 2.424000e+02
2.735000e+02 2.442000e+02
2.735000e+02 2.460000e+02
2.733750e+02 2.485500e+02
2.732500e+02 2.511000e+02
2.731250e+02 2.536500e+02
2.730000e+02 2.562000e+02
2.728750e+02 2.581500e+02
2.727500e+02 2.601000e+02
2.726250e+02 2.620500e+02
2.725000e+02 2.640000e+02
2.725000e+02 2.664000e+02
2.725000e+02 2.688000e+02
2.725000e+02 2.712000e+02
2.725000e+02 2.736000e+02
2.725000e+02 2.761500e+02
2.725000e+02 2.787000e+02
2.725000e+02 2.812500e+02
2.725000e+02 2.838000e+02
2.725000e+02 2.853000e+02
2.725000e+02 2.868000e+02
2.725000e+02 2.883000e+02
2.725000e+02 2.898000e+02
2.726250e+02 2.914500e+02
2.727500e+02 2.931000e+02
2.728750e+02 2.947500e+02
2.730000e+02 2.964000e+02
2.730000e+02 2.979000e+02
2.730000e+02 2.994000e+02
2.730000e+02 3.009000e+02
2.730000e+02 3.024000e+02
2.731250e+02 3.039000e+02
2.732500e+02 3.054000e+02
2.733750e+02 3.069000e+02
2.735000e+02 3.084000e+02
2.736250e+02 3.097500e+02
2.737500e+02 3.111000e+02
2.738750e+02 3.124500e+02
2.740000e+02 3.138000e+02
2.740000e+02 3.151500e+02
2.740000e+02 3.165000e+02
2.740000e+02 3.178500e+02
2.740000e+02 3.192000e+02
2.740000e+02 3.207000e+02
2.740000e+02 3.222000e+02
2.740000e+02 3.252000e+02
2.742500e+02 3.279000e+02
2.745000e+02 3.306000e+02
2.747500e+02 3.336000e+02
2.750000e+02 3.366000e+02
2.750000e+02 3.405000e+02
2.750000e+02 3.444000e+02
2.750000e+02 3.468000e+02
2.750000e+02 3.492000e+02
2.752500e+02 3.522000e+02
2.755000e+02 3.552000e+02
2.755000e+02 3.576000e+02
2.755000e+02 3.600000e+02
2.755000e+02 3.624000e+02
2.755000e+02 3.648000e+02
2.755000e+02 3.675000e+02
2.755000e+02 3.702000e+02
2.755000e+02 3.726000e+02
2.755000e+02 3.750000e+02
2.755000e+02 3.768000e+02
2.755000e+02 3.786000e+02
2.755000e+02 3.807000e+02
2.755000e+02 3.828000e+02
2.755000e+02 3.843000e+02
2.755000e+02 3.858000e+02
2.755000e+02 3.873000e+02
2.755000e+02 3.888000e+02
2.755000e+02 3.903000e+02
2.755000e+02 3.918000e+02
2.755000e+02 3.933000e+02
2.755000e+02 3.948000e+02
2.755000e+02 3.966000e+02
2.755000e+02 3.984000e+02
2.757500e+02 4.023000e+02
2.760000e+02 4.062000e+02
2.760000e+02 4.062000e+02
2.760000e+02 4.062000e+02
