4.120000e+02 1.854000e+02
4.120000e+02 1.854000e+02
4.120000e+02 1.854000e+02
4.120000e+02 1.854000e+02
4.120000e+02 1.854000e+02
4.118750e+02 1.854000e+02
4.117500e+02 1.854000e+02
4.116250e+02 1.854000e+02
4.115000e+02 1.854000e+02
4.107500e+02 1.854000e+02
4.100000e+02 1.854000e+02
4.092500e+02 1.854000e+02
4.085000e+02 1.854000e+02
4.081250e+02 1.854000e+02
4.077500e+02 1.854000e+02
4.073750e+02 1.854000e+02
4.070000e+02 1.854000e+02
4.062500e+02 1.852500e+02
4.055000e+02 1.851000e+02
4.047500e+02 1.849500e+02
4.040000e+02 1.848000e+02
4.032500e+02 1.848000e+02
4.025000e+02 1.848000e+02
4.017500e+02 1.848000e+02
4.010000e+02 1.848000e+02
4.001250e+02 1.848000e+02
3.992500e+02 1.848000e+02
3.983750e+02 1.848000e+02
3.975000e+02 1.848000e+02
3.966250e+02 1.848000e+02
3.957500e+02 1.848000e+02
3.948750e+02 1.848000e+02
3.940000e+02 1.848000e+02
3.931250e+02 1.848000e+02
3.922500e+02 1.848000e+02
3.913750e+02 1.848000e+02
3.905000e+02 1.848000e+02
3.893750e+02 1.848000e+02
3.882500e+02 1.848000e+02
3.871250e+02 1.848000e+02
3.860000e+02 1.848000e+02
3.848750e+02 1.848000e+02
3.837500e+02 1.848000e+02
3.826250e+02 1.848000e+02
3.815000e+02 1.848000e+02
3.805000e+02 1.848000e+02
3.795000e+02 1.848000e+02
3.785000e+02 1.848000e+02
3.775000e+02 1.848000e+02
3.762500e+02 1.849500e+02
3.750000e+02 1.851000e+02
3.737500e+02 1.852500e+02
3.725000e+02 1.854000e+02
3.713750e+02 1.854000e+02
3.702500e+02 1.854000e+02
3.691250e+02 1.854000e+02
3.680000e+02 1.854000e+02
3.666250e+02 1.854000e+02
3.652500e+02 1.854000e+02
3.638750e+02 1.854000e+02
3.625000e+02 1.854000e+02
3.613750e+02 1.854000e+02
3.602500e+02 1.854000e+02
3.591250e+02 1.854000e+02
3.580000e+02 1.854000e+02
3.566250e+02 1.855500e+02
3.552500e+02 1.857000e+02
3.538750e+02 1.858500e+02
3.525000e+02 1.860000e+02
3.512500e+02 1.860000e+02
3.500000e+02 1.860000e+02
3.487500e+02 1.860000e+02
3.475000e+02 1.860000e+02
3.461250e+02 1.861500e+02
3.447500e+02 1.863000e+02
3.433750e+02 1.864500e+02
3.420000e+02 1.866000e+02
3.405000e+02 1.866000e+02
3.390000e+02 1.866000e+02
3.375000e+02 1.866000e+02
3.360000e+02 1.866000e+02
3.347500e+02 1.867500e+02
3.335000e+02 1.869000e+02
3.322500e+02 1.870500e+02
3.310000e+02 1.872000e+02
3.295000e+02 1.872000e+02
3.280000e+02 1.872000e+02
3.265000e+02 1.872000e+02
3.250000e+02 1.872000e+02
3.237500e+02 1.872000e+02
3.225000e+02 1.872000e+02
3.212500e+02 1.872000e+02
3.200000e+02 1.872000e+02
3.183750e+02 1.873500e+02
3.167500e+02 1.875000e+02
3.151250e+02 1.876500e+02
3.135000e+02 1.878000e+02
3.122500e+02 1.878000e+02
3.110000e+02 1.878000e+02
3.097500e+02 1.878000e+02
3.085000e+02 1.878000e+02
3.072500e+02 1.878000e+02
3.060000e+02 1.878000e+02
3.047500e+02 1.878000e+02
3.035000e+02 1.878000e+02
3.022500e+02 1.879500e+02
3.010000e+02 1.881000e+02
2.997500e+02 1.882500e+02
2.985000e+02 1.884000e+02
2.975000e+02 1.884000e+02
2.965000e+02 1.884000e+02
2.955000e+02 1.884000e+02
2.945000e+02 1.884000e+02
2.933750e+02 1.884000e+02
2.922500e+02 1.884000e+02
2.911250e+02 1.884000e+02
2.900000e+02 1.884000e+02
2.888750e+02 1.884000e+02
2.877500e+02 1.884000e+02
2.866250e+02 1.884000e+02
2.855000e+02 1.884000e+02
2.846250e+02 1.884000e+02
2.837500e+02 1.884000e+02
2.828750e+02 1.884000e+02
2.820000e+02 1.884000e+02
2.807500e+02 1.885500e+02
2.795000e+02 1.887000e+02
2.782500e+02 1.888500e+02
2.770000e+02 1.890000e+02
2.765000e+02 1.890000e+02
2.760000e+02 1.890000e+02
2.755000e+02 1.890000e+02
2.750000e+02 1.890000e+02
2.741250e+02 1.890000e+02
2.732500e+02 1.890000e+02
2.723750e+02 1.890000e+02
2.715000e+02 1.890000e+02
2.705000e+02 1.890000e+02
2.695000e+02 1.890000e+02
2.685000e+02 1.890000e+02
2.675000e+02 1.890000e+02
2.667500e+02 1.890000e+02
2.660000e+02 1.890000e+02
2.645000e+02 1.890000e+02
2.627500e+02 1.893000e+02
2.610000e+02 1.896000e+02
2.597500e+02 1.899000e+02
2.585000e+02 1.902000e+02
2.577500e+02 1.902000e+02
2.570000e+02 1.902000e+02
2.555000e+02 1.905000e+02
2.540000e+02 1.908000e+02
2.527500e+02 1.908000e+02
2.515000e+02 1.908000e+02
2.502500e+02 1.911000e+02
2.490000e+02 1.914000e+02
2.482500e+02 1.917000e+02
2.475000e+02 1.920000e+02
2.460000e+02 1.920000e+02
2.445000e+02 1.920000e+02
2.437500e+02 1.923000e+02
2.430000e+02 1.926000e+02
2.420000e+02 1.926000e+02
2.410000e+02 1.926000e+02
2.402500e+02 1.926000e+02
2.395000e+02 1.926000e+02
2.392500e+02 1.929000e+02
2.390000e+02 1.932000e+02
2.385000e+02 1.932000e+02
2.380000e+02 1.932000e+02
2.375000e+02 1.932000e+02
2.370000e+02 1.932000e+02
2.365000e+02 1.932000e+02
2.360000e+02 1.932000e+02
2.355000e+02 1.932000e+02
2.350000e+02 1.932000e+02
2.345000e+02 1.932000e+02
2.340000e+02 1.932000e+02
2.337500e+02 1.935000e+02
2.335000e+02 1.938000e+02
2.332500e+02 1.938000e+02
2.330000e+02 1.938000e+02
2.325000e+02 1.938000e+02
2.320000e+02 1.938000e+02
2.320000e+02 1.938000e+02
2.320000e+02 1.938000e+02
2.317500e+02 1.938000e+02
2.315000e+02 1.938000e+02
2.315000e+02 1.938000e+02
2.315000e+02 1.938000e+02
2.312500e+02 1.938000e+02
2.310000e+02 1.938000e+02
2.310000e+02 1.938000e+02
2.310000e+02 1.938000e+02
2.310000e+02 1.938000e+02
2.310000e+02 1.938000e+02
2.307500e+02 1.941000e+02
2.305000e+02 1.944000e+02
2.305000e+02 1.944000e+02
2.305000e+02 1.944000e+02
