1.190000e+02 1.518000e+02
1.190000e+02 1.518000e+02
1.190000e+02 1.518000e+02
1.190000e+02 1.518000e+02
1.190000e+02 1.518000e+02
1.188750e+02 1.516500e+02
1.187500e+02 1.515000e+02
1.185000e+02 1.512000e+02
1.185000e+02 1.509000e+02
1.185000e+02 1.506000e+02
1.185000e+02 1.503000e+02
1.185000e+02 1.500000e+02
1.185000e+02 1.500000e+02
1.185000e+02 1.500000e+02
1.187500e+02 1.500000e+02
1.190000e+02 1.500000e+02
1.195000e+02 1.506000e+02
1.200000e+02 1.512000e+02
1.220000e+02 1.536000e+02
1.240000e+02 1.560000e+02
1.255000e+02 1.581000e+02
1.270000e+02 1.602000e+02
1.287500e+02 1.626000e+02
1.305000e+02 1.650000e+02
1.322500e+02 1.677000e+02
1.340000e+02 1.704000e+02
1.357500e+02 1.734000e+02
1.375000e+02 1.764000e+02
1.392500e+02 1.794000e+02
1.410000e+02 1.824000e+02
1.432500e+02 1.857000e+02
1.455000e+02 1.890000e+02
1.475000e+02 1.923000e+02
1.495000e+02 1.956000e+02
1.517500e+02 1.992000e+02
1.540000e+02 2.028000e+02
1.565000e+02 2.064000e+02
1.590000e+02 2.100000e+02
1.612500e+02 2.139000e+02
1.635000e+02 2.178000e+02
1.660000e+02 2.217000e+02
1.685000e+02 2.256000e+02
1.710000e+02 2.295000e+02
1.735000e+02 2.334000e+02
1.755000e+02 2.370000e+02
1.775000e+02 2.406000e+02
1.800000e+02 2.445000e+02
1.825000e+02 2.484000e+02
1.847500e+02 2.517000e+02
1.870000e+02 2.550000e+02
1.892500e+02 2.586000e+02
1.915000e+02 2.622000e+02
1.945000e+02 2.667000e+02
1.975000e+02 2.712000e+02
1.995000e+02 2.742000e+02
2.015000e+02 2.772000e+02
2.037500e+02 2.799000e+02
2.060000e+02 2.826000e+02
2.077500e+02 2.850000e+02
2.095000e+02 2.874000e+02
2.110000e+02 2.898000e+02
2.125000e+02 2.922000e+02
2.140000e+02 2.940000e+02
2.155000e+02 2.958000e+02
2.167500e+02 2.973000e+02
2.180000e+02 2.988000e+02
2.190000e+02 3.000000e+02
2.200000e+02 3.012000e+02
2.210000e+02 3.021000e+02
2.220000e+02 3.030000e+02
2.225000e+02 3.036000e+02
2.230000e+02 3.042000e+02
2.235000e+02 3.048000e+02
2.240000e+02 3.054000e+02
2.247500e+02 3.057000e+02
2.255000e+02 3.060000e+02
2.257500e+02 3.063000e+02
2.260000e+02 3.066000e+02
2.267500e+02 3.069000e+02
2.275000e+02 3.072000e+02
2.280000e+02 3.072000e+02
2.285000e+02 3.072000e+02
2.292500e+02 3.069000e+02
2.300000e+02 3.066000e+02
2.310000e+02 3.060000e+02
2.320000e+02 3.054000e+02
2.335000e+02 3.039000e+02
2.350000e+02 3.024000e+02
2.367500e+02 3.012000e+02
2.385000e+02 3.000000e+02
2.417500e+02 2.976000e+02
2.450000e+02 2.952000e+02
2.477500e+02 2.934000e+02
2.505000e+02 2.916000e+02
2.555000e+02 2.880000e+02
2.605000e+02 2.844000e+02
2.645000e+02 2.817000e+02
2.685000e+02 2.790000e+02
2.725000e+02 2.766000e+02
2.765000e+02 2.742000e+02
2.805000e+02 2.712000e+02
2.845000e+02 2.682000e+02
2.895000e+02 2.652000e+02
2.945000e+02 2.622000e+02
2.992500e+02 2.589000e+02
3.040000e+02 2.556000e+02
3.087500e+02 2.526000e+02
3.135000e+02 2.496000e+02
3.185000e+02 2.466000e+02
3.235000e+02 2.436000e+02
3.285000e+02 2.403000e+02
3.335000e+02 2.370000e+02
3.395000e+02 2.337000e+02
3.455000e+02 2.304000e+02
3.510000e+02 2.268000e+02
3.565000e+02 2.232000e+02
3.620000e+02 2.199000e+02
3.675000e+02 2.166000e+02
3.757500e+02 2.115000e+02
3.840000e+02 2.064000e+02
3.897500e+02 2.034000e+02
3.955000e+02 2.004000e+02
4.042500e+02 1.953000e+02
4.130000e+02 1.902000e+02
4.212500e+02 1.860000e+02
4.295000e+02 1.818000e+02
4.352500e+02 1.788000e+02
4.410000e+02 1.758000e+02
4.465000e+02 1.731000e+02
4.520000e+02 1.704000e+02
4.580000e+02 1.680000e+02
4.640000e+02 1.656000e+02
4.690000e+02 1.632000e+02
4.740000e+02 1.608000e+02
4.792500e+02 1.584000e+02
4.845000e+02 1.560000e+02
4.892500e+02 1.542000e+02
4.940000e+02 1.524000e+02
4.985000e+02 1.503000e+02
5.030000e+02 1.482000e+02
5.072500e+02 1.467000e+02
5.115000e+02 1.452000e+02
5.152500e+02 1.437000e+02
5.190000e+02 1.422000e+02
5.222500e+02 1.407000e+02
5.255000e+02 1.392000e+02
5.297500e+02 1.377000e+02
5.340000e+02 1.362000e+02
5.382500e+02 1.347000e+02
5.425000e+02 1.332000e+02
5.445000e+02 1.323000e+02
5.465000e+02 1.314000e+02
5.492500e+02 1.305000e+02
5.520000e+02 1.296000e+02
5.535000e+02 1.290000e+02
5.550000e+02 1.284000e+02
5.555000e+02 1.281000e+02
5.560000e+02 1.278000e+02
5.577500e+02 1.275000e+02
5.595000e+02 1.272000e+02
5.602500e+02 1.269000e+02
5.610000e+02 1.266000e+02
5.615000e+02 1.263000e+02
5.620000e+02 1.260000e+02
5.625000e+02 1.260000e+02
5.630000e+02 1.260000e+02
5.635000e+02 1.257000e+02
5.640000e+02 1.254000e+02
5.642500e+02 1.254000e+02
5.645000e+02 1.254000e+02
5.647500e+02 1.254000e+02
5.650000e+02 1.254000e+02
5.650000e+02 1.254000e+02
5.650000e+02 1.254000e+02
5.652500e+02 1.254000e+02
5.655000e+02 1.254000e+02
5.657500e+02 1.254000e+02
5.660000e+02 1.254000e+02
5.660000e+02 1.254000e+02
5.660000e+02 1.254000e+02
5.660000e+02 1.254000e+02
5.660000e+02 1.254000e+02
5.660000e+02 1.251000e+02
5.660000e+02 1.248000e+02
5.660000e+02 1.248000e+02
5.660000e+02 1.248000e+02
5.660000e+02 1.248000e+02
5.660000e+02 1.248000e+02
5.662500e+02 1.248000e+02
5.665000e+02 1.248000e+02
5.665000e+02 1.251000e+02
5.665000e+02 1.254000e+02
5.665000e+02 1.254000e+02
5.665000e+02 1.254000e+02
5.662500e+02 1.254000e+02
5.660000e+02 1.254000e+02
5.660000e+02 1.257000e+02
5.660000e+02 1.260000e+02
5.660000e+02 1.260000e+02
5.660000e+02 1.260000e+02
