5.555000e+02 2.916000e+02
5.555000e+02 2.916000e+02
5.555000e+02 2.916000e+02
5.552500e+02 2.916000e+02
5.550000e+02 2.916000e+02
5.547500e+02 2.913000e+02
5.545000e+02 2.910000e+02
5.537500e+02 2.901000e+02
5.530000e+02 2.892000e+02
5.522500e+02 2.883000e+02
5.515000e+02 2.874000e+02
5.502500e+02 2.868000e+02
5.490000e+02 2.862000e+02
5.477500e+02 2.850000e+02
5.465000e+02 2.838000e+02
5.455000e+02 2.829000e+02
5.445000e+02 2.820000e+02
5.435000e+02 2.811000e+02
5.425000e+02 2.802000e+02
5.410000e+02 2.790000e+02
5.395000e+02 2.778000e+02
5.380000e+02 2.763000e+02
5.365000e+02 2.748000e+02
5.347500e+02 2.733000e+02
5.330000e+02 2.718000e+02
5.312500e+02 2.706000e+02
5.295000e+02 2.694000e+02
5.277500e+02 2.682000e+02
5.260000e+02 2.670000e+02
5.227500e+02 2.652000e+02
5.195000e+02 2.634000e+02
5.185000e+02 2.628000e+02
5.175000e+02 2.622000e+02
5.132500e+02 2.601000e+02
5.090000e+02 2.580000e+02
5.062500e+02 2.568000e+02
5.035000e+02 2.556000e+02
5.002500e+02 2.547000e+02
4.970000e+02 2.538000e+02
4.930000e+02 2.529000e+02
4.890000e+02 2.520000e+02
4.852500e+02 2.511000e+02
4.815000e+02 2.502000e+02
4.755000e+02 2.496000e+02
4.695000e+02 2.490000e+02
4.675000e+02 2.487000e+02
4.655000e+02 2.484000e+02
4.632500e+02 2.481000e+02
4.610000e+02 2.478000e+02
4.570000e+02 2.475000e+02
4.530000e+02 2.472000e+02
4.462500e+02 2.466000e+02
4.395000e+02 2.460000e+02
4.352500e+02 2.460000e+02
4.310000e+02 2.460000e+02
4.265000e+02 2.457000e+02
4.220000e+02 2.454000e+02
4.177500e+02 2.454000e+02
4.135000e+02 2.454000e+02
4.095000e+02 2.451000e+02
4.055000e+02 2.448000e+02
4.010000e+02 2.448000e+02
3.965000e+02 2.448000e+02
3.925000e+02 2.448000e+02
3.885000e+02 2.448000e+02
3.847500e+02 2.448000e+02
3.810000e+02 2.448000e+02
3.767500e+02 2.448000e+02
3.725000e+02 2.448000e+02
3.660000e+02 2.448000e+02
3.595000e+02 2.448000e+02
3.577500e+02 2.448000e+02
3.560000e+02 2.448000e+02
3.517500e+02 2.448000e+02
3.475000e+02 2.448000e+02
3.440000e+02 2.448000e+02
3.405000e+02 2.448000e+02
3.367500e+02 2.448000e+02
3.330000e+02 2.448000e+02
3.290000e+02 2.448000e+02
3.250000e+02 2.448000e+02
3.215000e+02 2.448000e+02
3.180000e+02 2.448000e+02
3.142500e+02 2.448000e+02
3.105000e+02 2.448000e+02
3.047500e+02 2.448000e+02
2.990000e+02 2.448000e+02
2.957500e+02 2.448000e+02
2.925000e+02 2.448000e+02
2.885000e+02 2.448000e+02
2.845000e+02 2.448000e+02
2.812500e+02 2.445000e+02
2.780000e+02 2.442000e+02
2.760000e+02 2.442000e+02
2.740000e+02 2.442000e+02
2.687500e+02 2.442000e+02
2.635000e+02 2.442000e+02
2.602500e+02 2.439000e+02
2.570000e+02 2.436000e+02
2.527500e+02 2.436000e+02
2.485000e+02 2.436000e+02
2.452500e+02 2.436000e+02
2.420000e+02 2.436000e+02
2.382500e+02 2.433000e+02
2.345000e+02 2.430000e+02
2.310000e+02 2.427000e+02
2.275000e+02 2.424000e+02
2.245000e+02 2.424000e+02
2.215000e+02 2.424000e+02
2.180000e+02 2.421000e+02
2.145000e+02 2.418000e+02
2.115000e+02 2.412000e+02
2.085000e+02 2.406000e+02
2.037500e+02 2.400000e+02
1.990000e+02 2.394000e+02
1.962500e+02 2.391000e+02
1.935000e+02 2.388000e+02
1.900000e+02 2.385000e+02
1.865000e+02 2.382000e+02
1.850000e+02 2.382000e+02
1.835000e+02 2.382000e+02
1.787500e+02 2.379000e+02
1.740000e+02 2.376000e+02
1.725000e+02 2.376000e+02
1.710000e+02 2.376000e+02
1.667500e+02 2.373000e+02
1.625000e+02 2.370000e+02
1.597500e+02 2.370000e+02
1.570000e+02 2.370000e+02
1.540000e+02 2.370000e+02
1.510000e+02 2.370000e+02
1.485000e+02 2.370000e+02
1.460000e+02 2.370000e+02
1.435000e+02 2.367000e+02
1.410000e+02 2.364000e+02
1.382500e+02 2.364000e+02
1.355000e+02 2.364000e+02
1.327500e+02 2.367000e+02
1.300000e+02 2.370000e+02
1.270000e+02 2.373000e+02
1.240000e+02 2.376000e+02
1.215000e+02 2.376000e+02
1.190000e+02 2.376000e+02
1.152500e+02 2.382000e+02
1.115000e+02 2.388000e+02
1.090000e+02 2.391000e+02
1.065000e+02 2.394000e+02
1.040000e+02 2.397000e+02
1.015000e+02 2.400000e+02
9.925000e+01 2.406000e+02
9.700000e+01 2.412000e+02
9.500000e+01 2.415000e+02
9.300000e+01 2.418000e+02
9.100000e+01 2.421000e+02
8.900000e+01 2.424000e+02
8.725000e+01 2.427000e+02
8.550000e+01 2.430000e+02
8.425000e+01 2.433000e+02
8.300000e+01 2.436000e+02
8.200000e+01 2.436000e+02
8.100000e+01 2.436000e+02
8.025000e+01 2.439000e+02
7.950000e+01 2.442000e+02
7.875000e+01 2.442000e+02
7.800000e+01 2.442000e+02
7.750000e+01 2.442000e+02
7.700000e+01 2.442000e+02
7.650000e+01 2.442000e+02
7.600000e+01 2.442000e+02
7.550000e+01 2.442000e+02
7.500000e+01 2.442000e+02
7.475000e+01 2.442000e+02
7.450000e+01 2.442000e+02
7.400000e+01 2.442000e+02
7.350000e+01 2.442000e+02
7.325000e+01 2.442000e+02
7.300000e+01 2.442000e+02
7.275000e+01 2.442000e+02
7.250000e+01 2.442000e+02
7.200000e+01 2.439000e+02
7.150000e+01 2.436000e+02
7.150000e+01 2.436000e+02
7.150000e+01 2.436000e+02
7.125000e+01 2.436000e+02
7.100000e+01 2.436000e+02
7.075000e+01 2.436000e+02
7.050000e+01 2.436000e+02
7.025000e+01 2.436000e+02
7.000000e+01 2.436000e+02
7.000000e+01 2.436000e+02
7.000000e+01 2.436000e+02
6.975000e+01 2.436000e+02
6.950000e+01 2.436000e+02
6.950000e+01 2.436000e+02
6.950000e+01 2.436000e+02
6.900000e+01 2.436000e+02
6.900000e+01 2.436000e+02
6.900000e+01 2.436000e+02
6.900000e+01 2.436000e+02
6.900000e+01 2.436000e+02
