3.195000e+02 3.708000e+02
3.195000e+02 3.708000e+02
3.195000e+02 3.708000e+02
3.195000e+02 3.708000e+02
3.195000e+02 3.708000e+02
3.193750e+02 3.709500e+02
3.192500e+02 3.711000e+02
3.191250e+02 3.712500e+02
3.190000e+02 3.714000e+02
3.190000e+02 3.714000e+02
3.190000e+02 3.714000e+02
3.190000e+02 3.714000e+02
3.190000e+02 3.714000e+02
3.190000e+02 3.714000e+02
3.190000e+02 3.714000e+02
3.190000e+02 3.714000e+02
3.190000e+02 3.714000e+02
3.188750e+02 3.715500e+02
3.187500e+02 3.717000e+02
3.186250e+02 3.718500e+02
3.185000e+02 3.720000e+02
3.185000e+02 3.720000e+02
3.185000e+02 3.720000e+02
3.185000e+02 3.720000e+02
3.185000e+02 3.720000e+02
3.185000e+02 3.720000e+02
3.185000e+02 3.720000e+02
3.185000e+02 3.720000e+02
3.185000e+02 3.720000e+02
3.183750e+02 3.718500e+02
3.182500e+02 3.717000e+02
3.181250e+02 3.715500e+02
3.180000e+02 3.714000e+02
3.178750e+02 3.708000e+02
3.177500e+02 3.702000e+02
3.176250e+02 3.696000e+02
3.175000e+02 3.690000e+02
3.173750e+02 3.679500e+02
3.172500e+02 3.669000e+02
3.171250e+02 3.658500e+02
3.170000e+02 3.648000e+02
3.170000e+02 3.637500e+02
3.170000e+02 3.627000e+02
3.170000e+02 3.616500e+02
3.170000e+02 3.606000e+02
3.168750e+02 3.589500e+02
3.167500e+02 3.573000e+02
3.166250e+02 3.556500e+02
3.165000e+02 3.540000e+02
3.163750e+02 3.523500e+02
3.162500e+02 3.507000e+02
3.161250e+02 3.490500e+02
3.160000e+02 3.474000e+02
3.160000e+02 3.456000e+02
3.160000e+02 3.438000e+02
3.160000e+02 3.420000e+02
3.160000e+02 3.402000e+02
3.158750e+02 3.379500e+02
3.157500e+02 3.357000e+02
3.156250e+02 3.334500e+02
3.155000e+02 3.312000e+02
3.152500e+02 3.291000e+02
3.150000e+02 3.270000e+02
3.147500e+02 3.249000e+02
3.145000e+02 3.228000e+02
3.143750e+02 3.207000e+02
3.142500e+02 3.186000e+02
3.141250e+02 3.165000e+02
3.140000e+02 3.144000e+02
3.137500e+02 3.121500e+02
3.135000e+02 3.099000e+02
3.132500e+02 3.076500e+02
3.130000e+02 3.054000e+02
3.128750e+02 3.033000e+02
3.127500e+02 3.012000e+02
3.126250e+02 2.991000e+02
3.125000e+02 2.970000e+02
3.122500e+02 2.943000e+02
3.120000e+02 2.916000e+02
3.117500e+02 2.889000e+02
3.115000e+02 2.862000e+02
3.113750e+02 2.835000e+02
3.112500e+02 2.808000e+02
3.111250e+02 2.781000e+02
3.110000e+02 2.754000e+02
3.108750e+02 2.728500e+02
3.107500e+02 2.703000e+02
3.106250e+02 2.677500e+02
3.105000e+02 2.652000e+02
3.103750e+02 2.622000e+02
3.102500e+02 2.592000e+02
3.101250e+02 2.562000e+02
3.100000e+02 2.532000e+02
3.098750e+02 2.503500e+02
3.097500e+02 2.475000e+02
3.096250e+02 2.446500e+02
3.095000e+02 2.418000e+02
3.093750e+02 2.374500e+02
3.092500e+02 2.331000e+02
3.091250e+02 2.287500e+02
3.090000e+02 2.244000e+02
3.088750e+02 2.215500e+02
3.087500e+02 2.187000e+02
3.086250e+02 2.158500e+02
3.085000e+02 2.130000e+02
3.083750e+02 2.106000e+02
3.082500e+02 2.082000e+02
3.081250e+02 2.058000e+02
3.080000e+02 2.034000e+02
3.078750e+02 2.010000e+02
3.077500e+02 1.986000e+02
3.076250e+02 1.962000e+02
3.075000e+02 1.938000e+02
3.073750e+02 1.914000e+02
3.072500e+02 1.890000e+02
3.071250e+02 1.866000e+02
3.070000e+02 1.842000e+02
3.068750e+02 1.821000e+02
3.067500e+02 1.800000e+02
3.066250e+02 1.779000e+02
3.065000e+02 1.758000e+02
3.065000e+02 1.735500e+02
3.065000e+02 1.713000e+02
3.065000e+02 1.690500e+02
3.065000e+02 1.668000e+02
3.063750e+02 1.648500e+02
3.062500e+02 1.629000e+02
3.061250e+02 1.609500e+02
3.060000e+02 1.590000e+02
3.060000e+02 1.569000e+02
3.060000e+02 1.548000e+02
3.060000e+02 1.527000e+02
3.060000e+02 1.506000e+02
3.060000e+02 1.485000e+02
3.060000e+02 1.464000e+02
3.060000e+02 1.443000e+02
3.060000e+02 1.422000e+02
3.060000e+02 1.402500e+02
3.060000e+02 1.383000e+02
3.060000e+02 1.363500e+02
3.060000e+02 1.344000e+02
3.060000e+02 1.326000e+02
3.060000e+02 1.308000e+02
3.060000e+02 1.290000e+02
3.060000e+02 1.272000e+02
3.060000e+02 1.254000e+02
3.060000e+02 1.236000e+02
3.060000e+02 1.218000e+02
3.060000e+02 1.200000e+02
3.058750e+02 1.183500e+02
3.057500e+02 1.167000e+02
3.056250e+02 1.150500e+02
3.055000e+02 1.134000e+02
3.055000e+02 1.110000e+02
3.055000e+02 1.086000e+02
3.055000e+02 1.062000e+02
3.055000e+02 1.038000e+02
3.055000e+02 1.030500e+02
3.055000e+02 1.023000e+02
3.055000e+02 1.008000e+02
3.055000e+02 9.810000e+01
3.055000e+02 9.540000e+01
3.052500e+02 9.150000e+01
3.050000e+02 8.760000e+01
3.050000e+02 8.550000e+01
3.050000e+02 8.340000e+01
3.050000e+02 8.130000e+01
3.050000e+02 7.920000e+01
3.050000e+02 7.740000e+01
3.050000e+02 7.560000e+01
3.050000e+02 7.380000e+01
3.050000e+02 7.200000e+01
3.050000e+02 7.020000e+01
3.050000e+02 6.840000e+01
3.047500e+02 6.720000e+01
3.045000e+02 6.600000e+01
3.045000e+02 6.450000e+01
3.045000e+02 6.300000e+01
3.045000e+02 6.150000e+01
3.045000e+02 6.000000e+01
3.045000e+02 5.880000e+01
3.045000e+02 5.760000e+01
3.042500e+02 5.670000e+01
3.040000e+02 5.580000e+01
3.040000e+02 5.520000e+01
3.040000e+02 5.460000e+01
3.037500e+02 5.370000e+01
3.035000e+02 5.280000e+01
3.035000e+02 5.220000e+01
3.035000e+02 5.160000e+01
3.035000e+02 5.070000e+01
3.035000e+02 4.980000e+01
3.032500e+02 4.680000e+01
3.030000e+02 4.380000e+01
3.025000e+02 3.810000e+01
3.020000e+02 3.240000e+01
3.020000e+02 2.940000e+01
3.020000e+02 2.640000e+01
3.017500e+02 1.320000e+01
3.015000e+02 0.000000e+00
3.195000e+02 3.708000e+02
3.195000e+02 3.708000e+02
3.195000e+02 3.708000e+02
3.195000e+02 3.708000e+02
3.195000e+02 3.708000e+02
3.193750e+02 3.709500e+02
3.192500e+02 3.711000e+02
3.191250e+02 3.712500e+02
3.190000e+02 3.714000e+02
3.190000e+02 3.714000e+02
3.190000e+02 3.714000e+02
3.190000e+02 3.714000e+02
3.190000e+02 3.714000e+02
3.190000e+02 3.714000e+02
3.190000e+02 3.714000e+02
3.190000e+02 3.714000e+02
3.190000e+02 3.714000e+02
3.188750e+02 3.715500e+02
3.187500e+02 3.717000e+02
3.186250e+02 3.718500e+02
3.185000e+02 3.720000e+02
3.185000e+02 3.720000e+02
3.185000e+02 3.720000e+02
3.185000e+02 3.720000e+02
3.185000e+02 3.720000e+02
3.185000e+02 3.720000e+02
3.185000e+02 3.720000e+02
3.185000e+02 3.720000e+02
3.185000e+02 3.720000e+02
3.183750e+02 3.718500e+02
3.182500e+02 3.717000e+02
3.181250e+02 3.715500e+02
3.180000e+02 3.714000e+02
3.178750e+02 3.708000e+02
3.177500e+02 3.702000e+02
3.176250e+02 3.696000e+02
3.175000e+02 3.690000e+02
3.173750e+02 3.679500e+02
3.172500e+02 3.669000e+02
3.171250e+02 3.658500e+02
3.170000e+02 3.648000e+02
3.170000e+02 3.637500e+02
3.170000e+02 3.627000e+02
3.170000e+02 3.616500e+02
3.170000e+02 3.606000e+02
3.168750e+02 3.589500e+02
3.167500e+02 3.573000e+02
3.166250e+02 3.556500e+02
3.165000e+02 3.540000e+02
3.163750e+02 3.523500e+02
3.162500e+02 3.507000e+02
3.161250e+02 3.490500e+02
3.160000e+02 3.474000e+02
3.160000e+02 3.456000e+02
3.160000e+02 3.438000e+02
3.160000e+02 3.420000e+02
3.160000e+02 3.402000e+02
3.158750e+02 3.379500e+02
3.157500e+02 3.357000e+02
3.156250e+02 3.334500e+02
3.155000e+02 3.312000e+02
3.152500e+02 3.291000e+02
3.150000e+02 3.270000e+02
3.147500e+02 3.249000e+02
3.145000e+02 3.228000e+02
3.143750e+02 3.207000e+02
3.142500e+02 3.186000e+02
3.141250e+02 3.165000e+02
3.140000e+02 3.144000e+02
3.137500e+02 3.121500e+02
3.135000e+02 3.099000e+02
3.132500e+02 3.076500e+02
3.130000e+02 3.054000e+02
3.128750e+02 3.033000e+02
3.127500e+02 3.012000e+02
3.126250e+02 2.991000e+02
3.125000e+02 2.970000e+02
3.122500e+02 2.943000e+02
3.120000e+02 2.916000e+02
3.117500e+02 2.889000e+02
3.115000e+02 2.862000e+02
3.113750e+02 2.835000e+02
3.112500e+02 2.808000e+02
3.111250e+02 2.781000e+02
3.110000e+02 2.754000e+02
3.108750e+02 2.728500e+02
3.107500e+02 2.703000e+02
3.106250e+02 2.677500e+02
3.105000e+02 2.652000e+02
3.103750e+02 2.622000e+02
3.102500e+02 2.592000e+02
3.101250e+02 2.562000e+02
3.100000e+02 2.532000e+02
3.098750e+02 2.503500e+02
3.097500e+02 2.475000e+02
3.096250e+02 2.446500e+02
3.095000e+02 2.418000e+02
3.093750e+02 2.374500e+02
3.092500e+02 2.331000e+02
3.091250e+02 2.287500e+02
3.090000e+02 2.244000e+02
3.088750e+02 2.215500e+02
3.087500e+02 2.187000e+02
3.086250e+02 2.158500e+02
3.085000e+02 2.130000e+02
3.083750e+02 2.106000e+02
3.082500e+02 2.082000e+02
3.081250e+02 2.058000e+02
3.080000e+02 2.034000e+02
3.078750e+02 2.010000e+02
3.077500e+02 1.986000e+02
3.076250e+02 1.962000e+02
3.075000e+02 1.938000e+02
3.073750e+02 1.914000e+02
3.072500e+02 1.890000e+02
3.071250e+02 1.866000e+02
3.070000e+02 1.842000e+02
3.068750e+02 1.821000e+02
3.067500e+02 1.800000e+02
3.066250e+02 1.779000e+02
3.065000e+02 1.758000e+02
3.065000e+02 1.735500e+02
3.065000e+02 1.713000e+02
3.065000e+02 1.690500e+02
3.065000e+02 1.668000e+02
3.063750e+02 1.648500e+02
3.062500e+02 1.629000e+02
3.061250e+02 1.609500e+02
3.060000e+02 1.590000e+02
3.060000e+02 1.569000e+02
3.060000e+02 1.548000e+02
3.060000e+02 1.527000e+02
3.060000e+02 1.506000e+02
3.060000e+02 1.485000e+02
3.060000e+02 1.464000e+02
3.060000e+02 1.443000e+02
3.060000e+02 1.422000e+02
3.060000e+02 1.402500e+02
3.060000e+02 1.383000e+02
3.060000e+02 1.363500e+02
3.060000e+02 1.344000e+02
3.060000e+02 1.326000e+02
3.060000e+02 1.308000e+02
3.060000e+02 1.290000e+02
3.060000e+02 1.272000e+02
3.060000e+02 1.254000e+02
3.060000e+02 1.236000e+02
3.060000e+02 1.218000e+02
3.060000e+02 1.200000e+02
3.058750e+02 1.183500e+02
3.057500e+02 1.167000e+02
3.056250e+02 1.150500e+02
3.055000e+02 1.134000e+02
3.055000e+02 1.110000e+02
3.055000e+02 1.086000e+02
3.055000e+02 1.062000e+02
3.055000e+02 1.038000e+02
3.055000e+02 1.030500e+02
3.055000e+02 1.023000e+02
3.055000e+02 1.008000e+02
3.055000e+02 9.810000e+01
3.055000e+02 9.540000e+01
3.052500e+02 9.150000e+01
3.050000e+02 8.760000e+01
3.050000e+02 8.550000e+01
3.050000e+02 8.340000e+01
3.050000e+02 8.130000e+01
3.050000e+02 7.920000e+01
3.050000e+02 7.740000e+01
3.050000e+02 7.560000e+01
3.050000e+02 7.380000e+01
3.050000e+02 7.200000e+01
3.050000e+02 7.020000e+01
3.050000e+02 6.840000e+01
3.047500e+02 6.720000e+01
3.045000e+02 6.600000e+01
3.045000e+02 6.450000e+01
3.045000e+02 6.300000e+01
3.045000e+02 6.150000e+01
3.045000e+02 6.000000e+01
3.045000e+02 5.880000e+01
3.045000e+02 5.760000e+01
3.042500e+02 5.670000e+01
3.040000e+02 5.580000e+01
3.040000e+02 5.520000e+01
3.040000e+02 5.460000e+01
3.037500e+02 5.370000e+01
3.035000e+02 5.280000e+01
3.035000e+02 5.220000e+01
3.035000e+02 5.160000e+01
3.035000e+02 5.070000e+01
3.035000e+02 4.980000e+01
3.032500e+02 4.680000e+01
3.030000e+02 4.380000e+01
3.025000e+02 3.810000e+01
3.020000e+02 3.240000e+01
3.020000e+02 2.940000e+01
3.020000e+02 2.640000e+01
3.017500e+02 1.320000e+01
3.015000e+02 0.000000e+00
3.195000e+02 3.708000e+02
3.195000e+02 3.708000e+02
3.195000e+02 3.708000e+02
3.195000e+02 3.708000e+02
3.195000e+02 3.708000e+02
3.193750e+02 3.709500e+02
3.192500e+02 3.711000e+02
3.191250e+02 3.712500e+02
3.190000e+02 3.714000e+02
3.190000e+02 3.714000e+02
3.190000e+02 3.714000e+02
3.190000e+02 3.714000e+02
3.190000e+02 3.714000e+02
3.190000e+02 3.714000e+02
3.190000e+02 3.714000e+02
3.190000e+02 3.714000e+02
3.190000e+02 3.714000e+02
3.188750e+02 3.715500e+02
3.187500e+02 3.717000e+02
3.186250e+02 3.718500e+02
3.185000e+02 3.720000e+02
3.185000e+02 3.720000e+02
3.185000e+02 3.720000e+02
3.185000e+02 3.720000e+02
3.185000e+02 3.720000e+02
3.185000e+02 3.720000e+02
3.185000e+02 3.720000e+02
3.185000e+02 3.720000e+02
3.185000e+02 3.720000e+02
3.183750e+02 3.718500e+02
3.182500e+02 3.717000e+02
3.181250e+02 3.715500e+02
3.180000e+02 3.714000e+02
3.178750e+02 3.708000e+02
3.177500e+02 3.702000e+02
3.176250e+02 3.696000e+02
3.175000e+02 3.690000e+02
3.173750e+02 3.679500e+02
3.172500e+02 3.669000e+02
3.171250e+02 3.658500e+02
3.170000e+02 3.648000e+02
3.170000e+02 3.637500e+02
3.170000e+02 3.627000e+02
3.170000e+02 3.616500e+02
3.170000e+02 3.606000e+02
3.168750e+02 3.589500e+02
3.167500e+02 3.573000e+02
3.166250e+02 3.556500e+02
3.165000e+02 3.540000e+02
3.163750e+02 3.523500e+02
3.162500e+02 3.507000e+02
3.161250e+02 3.490500e+02
3.160000e+02 3.474000e+02
3.160000e+02 3.456000e+02
3.160000e+02 3.438000e+02
3.160000e+02 3.420000e+02
3.160000e+02 3.402000e+02
3.158750e+02 3.379500e+02
3.157500e+02 3.357000e+02
3.156250e+02 3.334500e+02
3.155000e+02 3.312000e+02
3.152500e+02 3.291000e+02
3.150000e+02 3.270000e+02
3.147500e+02 3.249000e+02
3.145000e+02 3.228000e+02
3.143750e+02 3.207000e+02
3.142500e+02 3.186000e+02
3.141250e+02 3.165000e+02
3.140000e+02 3.144000e+02
3.137500e+02 3.121500e+02
3.135000e+02 3.099000e+02
3.132500e+02 3.076500e+02
3.130000e+02 3.054000e+02
3.128750e+02 3.033000e+02
3.127500e+02 3.012000e+02
3.126250e+02 2.991000e+02
3.125000e+02 2.970000e+02
3.122500e+02 2.943000e+02
3.120000e+02 2.916000e+02
3.117500e+02 2.889000e+02
3.115000e+02 2.862000e+02
3.113750e+02 2.835000e+02
3.112500e+02 2.808000e+02
3.111250e+02 2.781000e+02
3.110000e+02 2.754000e+02
3.108750e+02 2.728500e+02
3.107500e+02 2.703000e+02
3.106250e+02 2.677500e+02
3.105000e+02 2.652000e+02
3.103750e+02 2.622000e+02
3.102500e+02 2.592000e+02
3.101250e+02 2.562000e+02
3.100000e+02 2.532000e+02
3.098750e+02 2.503500e+02
3.097500e+02 2.475000e+02
3.096250e+02 2.446500e+02
3.095000e+02 2.418000e+02
3.093750e+02 2.374500e+02
3.092500e+02 2.331000e+02
3.091250e+02 2.287500e+02
3.090000e+02 2.244000e+02
3.088750e+02 2.215500e+02
3.087500e+02 2.187000e+02
3.086250e+02 2.158500e+02
3.085000e+02 2.130000e+02
3.083750e+02 2.106000e+02
3.082500e+02 2.082000e+02
3.081250e+02 2.058000e+02
3.080000e+02 2.034000e+02
3.078750e+02 2.010000e+02
3.077500e+02 1.986000e+02
3.076250e+02 1.962000e+02
3.075000e+02 1.938000e+02
3.073750e+02 1.914000e+02
3.072500e+02 1.890000e+02
3.071250e+02 1.866000e+02
3.070000e+02 1.842000e+02
3.068750e+02 1.821000e+02
3.067500e+02 1.800000e+02
3.066250e+02 1.779000e+02
3.065000e+02 1.758000e+02
3.065000e+02 1.735500e+02
3.065000e+02 1.713000e+02
3.065000e+02 1.690500e+02
3.065000e+02 1.668000e+02
3.063750e+02 1.648500e+02
3.062500e+02 1.629000e+02
3.061250e+02 1.609500e+02
3.060000e+02 1.590000e+02
3.060000e+02 1.569000e+02
3.060000e+02 1.548000e+02
3.060000e+02 1.527000e+02
3.060000e+02 1.506000e+02
3.060000e+02 1.485000e+02
3.060000e+02 1.464000e+02
3.060000e+02 1.443000e+02
3.060000e+02 1.422000e+02
3.060000e+02 1.402500e+02
3.060000e+02 1.383000e+02
3.060000e+02 1.363500e+02
3.060000e+02 1.344000e+02
3.060000e+02 1.326000e+02
3.060000e+02 1.308000e+02
3.060000e+02 1.290000e+02
3.060000e+02 1.272000e+02
3.060000e+02 1.254000e+02
3.060000e+02 1.236000e+02
3.060000e+02 1.218000e+02
3.060000e+02 1.200000e+02
3.058750e+02 1.183500e+02
3.057500e+02 1.167000e+02
3.056250e+02 1.150500e+02
3.055000e+02 1.134000e+02
3.055000e+02 1.110000e+02
3.055000e+02 1.086000e+02
3.055000e+02 1.062000e+02
3.055000e+02 1.038000e+02
3.055000e+02 1.030500e+02
3.055000e+02 1.023000e+02
3.055000e+02 1.008000e+02
3.055000e+02 9.810000e+01
3.055000e+02 9.540000e+01
3.052500e+02 9.150000e+01
3.050000e+02 8.760000e+01
3.050000e+02 8.550000e+01
3.050000e+02 8.340000e+01
3.050000e+02 8.130000e+01
3.050000e+02 7.920000e+01
3.050000e+02 7.740000e+01
3.050000e+02 7.560000e+01
3.050000e+02 7.380000e+01
3.050000e+02 7.200000e+01
3.050000e+02 7.020000e+01
3.050000e+02 6.840000e+01
3.047500e+02 6.720000e+01
3.045000e+02 6.600000e+01
3.045000e+02 6.450000e+01
3.045000e+02 6.300000e+01
3.045000e+02 6.150000e+01
3.045000e+02 6.000000e+01
3.045000e+02 5.880000e+01
3.045000e+02 5.760000e+01
3.042500e+02 5.670000e+01
3.040000e+02 5.580000e+01
3.040000e+02 5.520000e+01
3.040000e+02 5.460000e+01
3.037500e+02 5.370000e+01
3.035000e+02 5.280000e+01
3.035000e+02 5.220000e+01
3.035000e+02 5.160000e+01
3.035000e+02 5.070000e+01
3.035000e+02 4.980000e+01
3.032500e+02 4.680000e+01
3.030000e+02 4.380000e+01
3.025000e+02 3.810000e+01
3.020000e+02 3.240000e+01
3.020000e+02 2.940000e+01
3.020000e+02 2.640000e+01
3.017500e+02 1.320000e+01
3.015000e+02 0.000000e+00
