1.445000e+02 1.248000e+02
1.445000e+02 1.248000e+02
1.445000e+02 1.248000e+02
1.445000e+02 1.248000e+02
1.445000e+02 1.248000e+02
1.445000e+02 1.248000e+02
1.445000e+02 1.248000e+02
1.445000e+02 1.248000e+02
1.445000e+02 1.248000e+02
1.445000e+02 1.248000e+02
1.445000e+02 1.248000e+02
1.445000e+02 1.248000e+02
1.445000e+02 1.248000e+02
1.447500e+02 1.248000e+02
1.450000e+02 1.248000e+02
1.452500e+02 1.248000e+02
1.455000e+02 1.248000e+02
1.460000e+02 1.248000e+02
1.465000e+02 1.248000e+02
1.470000e+02 1.248000e+02
1.475000e+02 1.248000e+02
1.482500e+02 1.249500e+02
1.490000e+02 1.251000e+02
1.497500e+02 1.252500e+02
1.505000e+02 1.254000e+02
1.515000e+02 1.254000e+02
1.525000e+02 1.254000e+02
1.535000e+02 1.254000e+02
1.545000e+02 1.254000e+02
1.556250e+02 1.252500e+02
1.567500e+02 1.251000e+02
1.578750e+02 1.249500e+02
1.590000e+02 1.248000e+02
1.602500e+02 1.248000e+02
1.615000e+02 1.248000e+02
1.627500e+02 1.248000e+02
1.640000e+02 1.248000e+02
1.653750e+02 1.245000e+02
1.667500e+02 1.242000e+02
1.681250e+02 1.239000e+02
1.695000e+02 1.236000e+02
1.708750e+02 1.234500e+02
1.722500e+02 1.233000e+02
1.736250e+02 1.231500e+02
1.750000e+02 1.230000e+02
1.765000e+02 1.227000e+02
1.780000e+02 1.224000e+02
1.795000e+02 1.221000e+02
1.810000e+02 1.218000e+02
1.832500e+02 1.212000e+02
1.855000e+02 1.206000e+02
1.877500e+02 1.200000e+02
1.900000e+02 1.194000e+02
1.908750e+02 1.192500e+02
1.917500e+02 1.191000e+02
1.926250e+02 1.189500e+02
1.935000e+02 1.188000e+02
1.953750e+02 1.185000e+02
1.972500e+02 1.182000e+02
1.991250e+02 1.179000e+02
2.010000e+02 1.176000e+02
2.028750e+02 1.173000e+02
2.047500e+02 1.170000e+02
2.066250e+02 1.167000e+02
2.085000e+02 1.164000e+02
2.105000e+02 1.159500e+02
2.125000e+02 1.155000e+02
2.145000e+02 1.150500e+02
2.165000e+02 1.146000e+02
2.185000e+02 1.144500e+02
2.205000e+02 1.143000e+02
2.225000e+02 1.141500e+02
2.245000e+02 1.140000e+02
2.267500e+02 1.137000e+02
2.290000e+02 1.134000e+02
2.312500e+02 1.131000e+02
2.335000e+02 1.128000e+02
2.360000e+02 1.126500e+02
2.385000e+02 1.125000e+02
2.410000e+02 1.123500e+02
2.435000e+02 1.122000e+02
2.457500e+02 1.120500e+02
2.480000e+02 1.119000e+02
2.502500e+02 1.117500e+02
2.525000e+02 1.116000e+02
2.546250e+02 1.114500e+02
2.567500e+02 1.113000e+02
2.588750e+02 1.111500e+02
2.610000e+02 1.110000e+02
2.643750e+02 1.107000e+02
2.677500e+02 1.104000e+02
2.711250e+02 1.101000e+02
2.745000e+02 1.098000e+02
2.770000e+02 1.096500e+02
2.795000e+02 1.095000e+02
2.820000e+02 1.093500e+02
2.845000e+02 1.092000e+02
2.857500e+02 1.092000e+02
2.870000e+02 1.092000e+02
2.882500e+02 1.092000e+02
2.895000e+02 1.092000e+02
2.916250e+02 1.092000e+02
2.937500e+02 1.092000e+02
2.958750e+02 1.092000e+02
2.980000e+02 1.092000e+02
3.002500e+02 1.092000e+02
3.025000e+02 1.092000e+02
3.047500e+02 1.092000e+02
3.070000e+02 1.092000e+02
3.092500e+02 1.092000e+02
3.115000e+02 1.092000e+02
3.137500e+02 1.092000e+02
3.160000e+02 1.092000e+02
3.178750e+02 1.092000e+02
3.197500e+02 1.092000e+02
3.216250e+02 1.092000e+02
3.235000e+02 1.092000e+02
3.258750e+02 1.092000e+02
3.282500e+02 1.092000e+02
3.306250e+02 1.092000e+02
3.330000e+02 1.092000e+02
3.351250e+02 1.092000e+02
3.372500e+02 1.092000e+02
3.393750e+02 1.092000e+02
3.415000e+02 1.092000e+02
3.433750e+02 1.092000e+02
3.452500e+02 1.092000e+02
3.471250e+02 1.092000e+02
3.490000e+02 1.092000e+02
3.510000e+02 1.092000e+02
3.530000e+02 1.092000e+02
3.550000e+02 1.092000e+02
3.570000e+02 1.092000e+02
3.601250e+02 1.092000e+02
3.632500e+02 1.092000e+02
3.663750e+02 1.092000e+02
3.695000e+02 1.092000e+02
3.725000e+02 1.092000e+02
3.755000e+02 1.092000e+02
3.815000e+02 1.092000e+02
3.870000e+02 1.092000e+02
3.925000e+02 1.092000e+02
3.942500e+02 1.092000e+02
3.960000e+02 1.092000e+02
3.997500e+02 1.089000e+02
4.035000e+02 1.086000e+02
4.070000e+02 1.086000e+02
4.105000e+02 1.086000e+02
4.142500e+02 1.086000e+02
4.180000e+02 1.086000e+02
4.210000e+02 1.083000e+02
4.240000e+02 1.080000e+02
4.275000e+02 1.080000e+02
4.310000e+02 1.080000e+02
4.340000e+02 1.080000e+02
4.370000e+02 1.080000e+02
4.402500e+02 1.080000e+02
4.435000e+02 1.080000e+02
4.477500e+02 1.080000e+02
4.520000e+02 1.080000e+02
4.547500e+02 1.083000e+02
4.575000e+02 1.086000e+02
4.615000e+02 1.086000e+02
4.655000e+02 1.086000e+02
4.680000e+02 1.089000e+02
4.705000e+02 1.092000e+02
4.730000e+02 1.092000e+02
4.755000e+02 1.092000e+02
4.787500e+02 1.092000e+02
4.820000e+02 1.092000e+02
4.837500e+02 1.092000e+02
4.855000e+02 1.092000e+02
4.872500e+02 1.092000e+02
4.890000e+02 1.092000e+02
4.897500e+02 1.092000e+02
4.905000e+02 1.092000e+02
4.925000e+02 1.089000e+02
4.945000e+02 1.086000e+02
4.955000e+02 1.086000e+02
4.965000e+02 1.086000e+02
4.972500e+02 1.083000e+02
4.980000e+02 1.080000e+02
4.987500e+02 1.080000e+02
4.995000e+02 1.080000e+02
5.002500e+02 1.077000e+02
5.010000e+02 1.074000e+02
5.012500e+02 1.074000e+02
5.015000e+02 1.074000e+02
5.017500e+02 1.074000e+02
5.020000e+02 1.074000e+02
5.020000e+02 1.071000e+02
5.020000e+02 1.068000e+02
5.022500e+02 1.068000e+02
5.025000e+02 1.068000e+02
5.025000e+02 1.068000e+02
5.025000e+02 1.068000e+02
5.022500e+02 1.068000e+02
5.020000e+02 1.068000e+02
5.020000e+02 1.068000e+02
5.020000e+02 1.068000e+02
1.445000e+02 1.248000e+02
1.445000e+02 1.248000e+02
1.445000e+02 1.248000e+02
1.445000e+02 1.248000e+02
1.445000e+02 1.248000e+02
1.445000e+02 1.248000e+02
1.445000e+02 1.248000e+02
1.445000e+02 1.248000e+02
1.445000e+02 1.248000e+02
1.445000e+02 1.248000e+02
1.445000e+02 1.248000e+02
1.445000e+02 1.248000e+02
1.445000e+02 1.248000e+02
1.447500e+02 1.248000e+02
1.450000e+02 1.248000e+02
1.452500e+02 1.248000e+02
1.455000e+02 1.248000e+02
1.460000e+02 1.248000e+02
1.465000e+02 1.248000e+02
1.470000e+02 1.248000e+02
1.475000e+02 1.248000e+02
1.482500e+02 1.249500e+02
1.490000e+02 1.251000e+02
1.497500e+02 1.252500e+02
1.505000e+02 1.254000e+02
1.515000e+02 1.254000e+02
1.525000e+02 1.254000e+02
1.535000e+02 1.254000e+02
1.545000e+02 1.254000e+02
1.556250e+02 1.252500e+02
1.567500e+02 1.251000e+02
1.578750e+02 1.249500e+02
1.590000e+02 1.248000e+02
1.602500e+02 1.248000e+02
1.615000e+02 1.248000e+02
1.627500e+02 1.248000e+02
1.640000e+02 1.248000e+02
1.653750e+02 1.245000e+02
1.667500e+02 1.242000e+02
1.681250e+02 1.239000e+02
1.695000e+02 1.236000e+02
1.708750e+02 1.234500e+02
1.722500e+02 1.233000e+02
1.736250e+02 1.231500e+02
1.750000e+02 1.230000e+02
1.765000e+02 1.227000e+02
1.780000e+02 1.224000e+02
1.795000e+02 1.221000e+02
1.810000e+02 1.218000e+02
1.832500e+02 1.212000e+02
1.855000e+02 1.206000e+02
1.877500e+02 1.200000e+02
1.900000e+02 1.194000e+02
1.908750e+02 1.192500e+02
1.917500e+02 1.191000e+02
1.926250e+02 1.189500e+02
1.935000e+02 1.188000e+02
1.953750e+02 1.185000e+02
1.972500e+02 1.182000e+02
1.991250e+02 1.179000e+02
2.010000e+02 1.176000e+02
2.028750e+02 1.173000e+02
2.047500e+02 1.170000e+02
2.066250e+02 1.167000e+02
2.085000e+02 1.164000e+02
2.105000e+02 1.159500e+02
2.125000e+02 1.155000e+02
2.145000e+02 1.150500e+02
2.165000e+02 1.146000e+02
2.185000e+02 1.144500e+02
2.205000e+02 1.143000e+02
2.225000e+02 1.141500e+02
2.245000e+02 1.140000e+02
2.267500e+02 1.137000e+02
2.290000e+02 1.134000e+02
2.312500e+02 1.131000e+02
2.335000e+02 1.128000e+02
2.360000e+02 1.126500e+02
2.385000e+02 1.125000e+02
2.410000e+02 1.123500e+02
2.435000e+02 1.122000e+02
2.457500e+02 1.120500e+02
2.480000e+02 1.119000e+02
2.502500e+02 1.117500e+02
2.525000e+02 1.116000e+02
2.546250e+02 1.114500e+02
2.567500e+02 1.113000e+02
2.588750e+02 1.111500e+02
2.610000e+02 1.110000e+02
2.643750e+02 1.107000e+02
2.677500e+02 1.104000e+02
2.711250e+02 1.101000e+02
2.745000e+02 1.098000e+02
2.770000e+02 1.096500e+02
2.795000e+02 1.095000e+02
2.820000e+02 1.093500e+02
2.845000e+02 1.092000e+02
2.857500e+02 1.092000e+02
2.870000e+02 1.092000e+02
2.882500e+02 1.092000e+02
2.895000e+02 1.092000e+02
2.916250e+02 1.092000e+02
2.937500e+02 1.092000e+02
2.958750e+02 1.092000e+02
2.980000e+02 1.092000e+02
3.002500e+02 1.092000e+02
3.025000e+02 1.092000e+02
3.047500e+02 1.092000e+02
3.070000e+02 1.092000e+02
3.092500e+02 1.092000e+02
3.115000e+02 1.092000e+02
3.137500e+02 1.092000e+02
3.160000e+02 1.092000e+02
3.178750e+02 1.092000e+02
3.197500e+02 1.092000e+02
3.216250e+02 1.092000e+02
3.235000e+02 1.092000e+02
3.258750e+02 1.092000e+02
3.282500e+02 1.092000e+02
3.306250e+02 1.092000e+02
3.330000e+02 1.092000e+02
3.351250e+02 1.092000e+02
3.372500e+02 1.092000e+02
3.393750e+02 1.092000e+02
3.415000e+02 1.092000e+02
3.433750e+02 1.092000e+02
3.452500e+02 1.092000e+02
3.471250e+02 1.092000e+02
3.490000e+02 1.092000e+02
3.510000e+02 1.092000e+02
3.530000e+02 1.092000e+02
3.550000e+02 1.092000e+02
3.570000e+02 1.092000e+02
3.601250e+02 1.092000e+02
3.632500e+02 1.092000e+02
3.663750e+02 1.092000e+02
3.695000e+02 1.092000e+02
3.725000e+02 1.092000e+02
3.755000e+02 1.092000e+02
3.815000e+02 1.092000e+02
3.870000e+02 1.092000e+02
3.925000e+02 1.092000e+02
3.942500e+02 1.092000e+02
3.960000e+02 1.092000e+02
3.997500e+02 1.089000e+02
4.035000e+02 1.086000e+02
4.070000e+02 1.086000e+02
4.105000e+02 1.086000e+02
4.142500e+02 1.086000e+02
4.180000e+02 1.086000e+02
4.210000e+02 1.083000e+02
4.240000e+02 1.080000e+02
4.275000e+02 1.080000e+02
4.310000e+02 1.080000e+02
4.340000e+02 1.080000e+02
4.370000e+02 1.080000e+02
4.402500e+02 1.080000e+02
4.435000e+02 1.080000e+02
4.477500e+02 1.080000e+02
4.520000e+02 1.080000e+02
4.547500e+02 1.083000e+02
4.575000e+02 1.086000e+02
4.615000e+02 1.086000e+02
4.655000e+02 1.086000e+02
4.680000e+02 1.089000e+02
4.705000e+02 1.092000e+02
4.730000e+02 1.092000e+02
4.755000e+02 1.092000e+02
4.787500e+02 1.092000e+02
4.820000e+02 1.092000e+02
4.837500e+02 1.092000e+02
4.855000e+02 1.092000e+02
4.872500e+02 1.092000e+02
4.890000e+02 1.092000e+02
4.897500e+02 1.092000e+02
4.905000e+02 1.092000e+02
4.925000e+02 1.089000e+02
4.945000e+02 1.086000e+02
4.955000e+02 1.086000e+02
4.965000e+02 1.086000e+02
4.972500e+02 1.083000e+02
4.980000e+02 1.080000e+02
4.987500e+02 1.080000e+02
4.995000e+02 1.080000e+02
5.002500e+02 1.077000e+02
5.010000e+02 1.074000e+02
5.012500e+02 1.074000e+02
5.015000e+02 1.074000e+02
5.017500e+02 1.074000e+02
5.020000e+02 1.074000e+02
5.020000e+02 1.071000e+02
5.020000e+02 1.068000e+02
5.022500e+02 1.068000e+02
5.025000e+02 1.068000e+02
5.025000e+02 1.068000e+02
5.025000e+02 1.068000e+02
5.022500e+02 1.068000e+02
5.020000e+02 1.068000e+02
5.020000e+02 1.068000e+02
5.020000e+02 1.068000e+02
1.445000e+02 1.248000e+02
1.445000e+02 1.248000e+02
1.445000e+02 1.248000e+02
1.445000e+02 1.248000e+02
1.445000e+02 1.248000e+02
1.445000e+02 1.248000e+02
1.445000e+02 1.248000e+02
1.445000e+02 1.248000e+02
1.445000e+02 1.248000e+02
1.445000e+02 1.248000e+02
1.445000e+02 1.248000e+02
1.445000e+02 1.248000e+02
1.445000e+02 1.248000e+02
1.447500e+02 1.248000e+02
1.450000e+02 1.248000e+02
1.452500e+02 1.248000e+02
1.455000e+02 1.248000e+02
1.460000e+02 1.248000e+02
1.465000e+02 1.248000e+02
1.470000e+02 1.248000e+02
1.475000e+02 1.248000e+02
1.482500e+02 1.249500e+02
1.490000e+02 1.251000e+02
1.497500e+02 1.252500e+02
1.505000e+02 1.254000e+02
1.515000e+02 1.254000e+02
1.525000e+02 1.254000e+02
1.535000e+02 1.254000e+02
1.545000e+02 1.254000e+02
1.556250e+02 1.252500e+02
1.567500e+02 1.251000e+02
1.578750e+02 1.249500e+02
1.590000e+02 1.248000e+02
1.602500e+02 1.248000e+02
1.615000e+02 1.248000e+02
1.627500e+02 1.248000e+02
1.640000e+02 1.248000e+02
1.653750e+02 1.245000e+02
1.667500e+02 1.242000e+02
1.681250e+02 1.239000e+02
1.695000e+02 1.236000e+02
1.708750e+02 1.234500e+02
1.722500e+02 1.233000e+02
1.736250e+02 1.231500e+02
1.750000e+02 1.230000e+02
1.765000e+02 1.227000e+02
1.780000e+02 1.224000e+02
1.795000e+02 1.221000e+02
1.810000e+02 1.218000e+02
1.832500e+02 1.212000e+02
1.855000e+02 1.206000e+02
1.877500e+02 1.200000e+02
1.900000e+02 1.194000e+02
1.908750e+02 1.192500e+02
1.917500e+02 1.191000e+02
1.926250e+02 1.189500e+02
1.935000e+02 1.188000e+02
1.953750e+02 1.185000e+02
1.972500e+02 1.182000e+02
1.991250e+02 1.179000e+02
2.010000e+02 1.176000e+02
2.028750e+02 1.173000e+02
2.047500e+02 1.170000e+02
2.066250e+02 1.167000e+02
2.085000e+02 1.164000e+02
2.105000e+02 1.159500e+02
2.125000e+02 1.155000e+02
2.145000e+02 1.150500e+02
2.165000e+02 1.146000e+02
2.185000e+02 1.144500e+02
2.205000e+02 1.143000e+02
2.225000e+02 1.141500e+02
2.245000e+02 1.140000e+02
2.267500e+02 1.137000e+02
2.290000e+02 1.134000e+02
2.312500e+02 1.131000e+02
2.335000e+02 1.128000e+02
2.360000e+02 1.126500e+02
2.385000e+02 1.125000e+02
2.410000e+02 1.123500e+02
2.435000e+02 1.122000e+02
2.457500e+02 1.120500e+02
2.480000e+02 1.119000e+02
2.502500e+02 1.117500e+02
2.525000e+02 1.116000e+02
2.546250e+02 1.114500e+02
2.567500e+02 1.113000e+02
2.588750e+02 1.111500e+02
2.610000e+02 1.110000e+02
2.643750e+02 1.107000e+02
2.677500e+02 1.104000e+02
2.711250e+02 1.101000e+02
2.745000e+02 1.098000e+02
2.770000e+02 1.096500e+02
2.795000e+02 1.095000e+02
2.820000e+02 1.093500e+02
2.845000e+02 1.092000e+02
2.857500e+02 1.092000e+02
2.870000e+02 1.092000e+02
2.882500e+02 1.092000e+02
2.895000e+02 1.092000e+02
2.916250e+02 1.092000e+02
2.937500e+02 1.092000e+02
2.958750e+02 1.092000e+02
2.980000e+02 1.092000e+02
3.002500e+02 1.092000e+02
3.025000e+02 1.092000e+02
3.047500e+02 1.092000e+02
3.070000e+02 1.092000e+02
3.092500e+02 1.092000e+02
3.115000e+02 1.092000e+02
3.137500e+02 1.092000e+02
3.160000e+02 1.092000e+02
3.178750e+02 1.092000e+02
3.197500e+02 1.092000e+02
3.216250e+02 1.092000e+02
3.235000e+02 1.092000e+02
3.258750e+02 1.092000e+02
3.282500e+02 1.092000e+02
3.306250e+02 1.092000e+02
3.330000e+02 1.092000e+02
3.351250e+02 1.092000e+02
3.372500e+02 1.092000e+02
3.393750e+02 1.092000e+02
3.415000e+02 1.092000e+02
3.433750e+02 1.092000e+02
3.452500e+02 1.092000e+02
3.471250e+02 1.092000e+02
3.490000e+02 1.092000e+02
3.510000e+02 1.092000e+02
3.530000e+02 1.092000e+02
3.550000e+02 1.092000e+02
3.570000e+02 1.092000e+02
3.601250e+02 1.092000e+02
3.632500e+02 1.092000e+02
3.663750e+02 1.092000e+02
3.695000e+02 1.092000e+02
3.725000e+02 1.092000e+02
3.755000e+02 1.092000e+02
3.815000e+02 1.092000e+02
3.870000e+02 1.092000e+02
3.925000e+02 1.092000e+02
3.942500e+02 1.092000e+02
3.960000e+02 1.092000e+02
3.997500e+02 1.089000e+02
4.035000e+02 1.086000e+02
4.070000e+02 1.086000e+02
4.105000e+02 1.086000e+02
4.142500e+02 1.086000e+02
4.180000e+02 1.086000e+02
4.210000e+02 1.083000e+02
4.240000e+02 1.080000e+02
4.275000e+02 1.080000e+02
4.310000e+02 1.080000e+02
4.340000e+02 1.080000e+02
4.370000e+02 1.080000e+02
4.402500e+02 1.080000e+02
4.435000e+02 1.080000e+02
4.477500e+02 1.080000e+02
4.520000e+02 1.080000e+02
4.547500e+02 1.083000e+02
4.575000e+02 1.086000e+02
4.615000e+02 1.086000e+02
4.655000e+02 1.086000e+02
4.680000e+02 1.089000e+02
4.705000e+02 1.092000e+02
4.730000e+02 1.092000e+02
4.755000e+02 1.092000e+02
4.787500e+02 1.092000e+02
4.820000e+02 1.092000e+02
4.837500e+02 1.092000e+02
4.855000e+02 1.092000e+02
4.872500e+02 1.092000e+02
4.890000e+02 1.092000e+02
4.897500e+02 1.092000e+02
4.905000e+02 1.092000e+02
4.925000e+02 1.089000e+02
4.945000e+02 1.086000e+02
4.955000e+02 1.086000e+02
4.965000e+02 1.086000e+02
4.972500e+02 1.083000e+02
4.980000e+02 1.080000e+02
4.987500e+02 1.080000e+02
4.995000e+02 1.080000e+02
5.002500e+02 1.077000e+02
5.010000e+02 1.074000e+02
5.012500e+02 1.074000e+02
5.015000e+02 1.074000e+02
5.017500e+02 1.074000e+02
5.020000e+02 1.074000e+02
5.020000e+02 1.071000e+02
5.020000e+02 1.068000e+02
5.022500e+02 1.068000e+02
5.025000e+02 1.068000e+02
5.025000e+02 1.068000e+02
5.025000e+02 1.068000e+02
5.022500e+02 1.068000e+02
5.020000e+02 1.068000e+02
5.020000e+02 1.068000e+02
5.020000e+02 1.068000e+02
