2.510000e+02 3.534000e+02
2.510000e+02 3.534000e+02
2.510000e+02 3.534000e+02
2.510000e+02 3.534000e+02
2.510000e+02 3.534000e+02
2.508750e+02 3.534000e+02
2.507500e+02 3.534000e+02
2.506250e+02 3.534000e+02
2.505000e+02 3.534000e+02
2.505000e+02 3.532500e+02
2.505000e+02 3.531000e+02
2.505000e+02 3.529500e+02
2.505000e+02 3.528000e+02
2.505000e+02 3.528000e+02
2.505000e+02 3.528000e+02
2.505000e+02 3.528000e+02
2.505000e+02 3.528000e+02
2.503750e+02 3.526500e+02
2.502500e+02 3.525000e+02
2.501250e+02 3.523500e+02
2.500000e+02 3.522000e+02
2.498750e+02 3.519000e+02
2.497500e+02 3.516000e+02
2.496250e+02 3.513000e+02
2.495000e+02 3.510000e+02
2.495000e+02 3.507000e+02
2.495000e+02 3.504000e+02
2.495000e+02 3.501000e+02
2.495000e+02 3.498000e+02
2.493750e+02 3.490500e+02
2.492500e+02 3.483000e+02
2.491250e+02 3.475500e+02
2.490000e+02 3.468000e+02
2.488750e+02 3.460500e+02
2.487500e+02 3.453000e+02
2.486250e+02 3.445500e+02
2.485000e+02 3.438000e+02
2.483750e+02 3.426000e+02
2.482500e+02 3.414000e+02
2.481250e+02 3.402000e+02
2.480000e+02 3.390000e+02
2.478750e+02 3.375000e+02
2.477500e+02 3.360000e+02
2.476250e+02 3.345000e+02
2.475000e+02 3.330000e+02
2.473750e+02 3.315000e+02
2.472500e+02 3.300000e+02
2.471250e+02 3.285000e+02
2.470000e+02 3.270000e+02
2.468750e+02 3.252000e+02
2.467500e+02 3.234000e+02
2.466250e+02 3.216000e+02
2.465000e+02 3.198000e+02
2.463750e+02 3.181500e+02
2.462500e+02 3.165000e+02
2.461250e+02 3.148500e+02
2.460000e+02 3.132000e+02
2.460000e+02 3.114000e+02
2.460000e+02 3.096000e+02
2.460000e+02 3.078000e+02
2.460000e+02 3.060000e+02
2.458750e+02 3.045000e+02
2.457500e+02 3.030000e+02
2.456250e+02 3.015000e+02
2.455000e+02 3.000000e+02
2.453750e+02 2.985000e+02
2.452500e+02 2.970000e+02
2.451250e+02 2.955000e+02
2.450000e+02 2.940000e+02
2.448750e+02 2.923500e+02
2.447500e+02 2.907000e+02
2.446250e+02 2.890500e+02
2.445000e+02 2.874000e+02
2.443750e+02 2.848500e+02
2.442500e+02 2.823000e+02
2.441250e+02 2.797500e+02
2.440000e+02 2.772000e+02
2.438750e+02 2.755500e+02
2.437500e+02 2.739000e+02
2.436250e+02 2.722500e+02
2.435000e+02 2.706000e+02
2.435000e+02 2.688000e+02
2.435000e+02 2.670000e+02
2.435000e+02 2.652000e+02
2.435000e+02 2.634000e+02
2.435000e+02 2.626500e+02
2.435000e+02 2.619000e+02
2.435000e+02 2.611500e+02
2.435000e+02 2.604000e+02
2.433750e+02 2.584500e+02
2.432500e+02 2.565000e+02
2.431250e+02 2.545500e+02
2.430000e+02 2.526000e+02
2.430000e+02 2.508000e+02
2.430000e+02 2.490000e+02
2.430000e+02 2.472000e+02
2.430000e+02 2.454000e+02
2.430000e+02 2.436000e+02
2.430000e+02 2.418000e+02
2.430000e+02 2.400000e+02
2.430000e+02 2.382000e+02
2.431250e+02 2.365500e+02
2.432500e+02 2.349000e+02
2.433750e+02 2.332500e+02
2.435000e+02 2.316000e+02
2.435000e+02 2.299500e+02
2.435000e+02 2.283000e+02
2.435000e+02 2.266500e+02
2.435000e+02 2.250000e+02
2.436250e+02 2.235000e+02
2.437500e+02 2.220000e+02
2.438750e+02 2.205000e+02
2.440000e+02 2.190000e+02
2.440000e+02 2.173500e+02
2.440000e+02 2.157000e+02
2.440000e+02 2.140500e+02
2.440000e+02 2.124000e+02
2.440000e+02 2.110500e+02
2.440000e+02 2.097000e+02
2.440000e+02 2.083500e+02
2.440000e+02 2.070000e+02
2.440000e+02 2.055000e+02
2.440000e+02 2.040000e+02
2.440000e+02 2.025000e+02
2.440000e+02 2.010000e+02
2.441250e+02 1.990500e+02
2.442500e+02 1.971000e+02
2.443750e+02 1.951500e+02
2.445000e+02 1.932000e+02
2.445000e+02 1.926000e+02
2.445000e+02 1.920000e+02
2.445000e+02 1.914000e+02
2.445000e+02 1.908000e+02
2.446250e+02 1.888500e+02
2.447500e+02 1.869000e+02
2.448750e+02 1.849500e+02
2.450000e+02 1.830000e+02
2.450000e+02 1.815000e+02
2.450000e+02 1.800000e+02
2.450000e+02 1.785000e+02
2.450000e+02 1.770000e+02
2.450000e+02 1.759500e+02
2.450000e+02 1.749000e+02
2.450000e+02 1.728000e+02
2.452500e+02 1.710000e+02
2.455000e+02 1.692000e+02
2.455000e+02 1.674000e+02
2.455000e+02 1.656000e+02
2.457500e+02 1.638000e+02
2.460000e+02 1.620000e+02
2.460000e+02 1.602000e+02
2.460000e+02 1.584000e+02
2.460000e+02 1.572000e+02
2.460000e+02 1.560000e+02
2.460000e+02 1.551000e+02
2.460000e+02 1.542000e+02
2.462500e+02 1.521000e+02
2.465000e+02 1.500000e+02
2.465000e+02 1.488000e+02
2.465000e+02 1.476000e+02
2.465000e+02 1.464000e+02
2.465000e+02 1.452000e+02
2.465000e+02 1.446000e+02
2.465000e+02 1.440000e+02
2.467500e+02 1.428000e+02
2.470000e+02 1.416000e+02
2.470000e+02 1.407000e+02
2.470000e+02 1.398000e+02
2.472500e+02 1.389000e+02
2.475000e+02 1.380000e+02
2.475000e+02 1.371000e+02
2.475000e+02 1.362000e+02
2.475000e+02 1.356000e+02
2.475000e+02 1.350000e+02
2.475000e+02 1.344000e+02
2.475000e+02 1.338000e+02
2.475000e+02 1.332000e+02
2.475000e+02 1.326000e+02
2.477500e+02 1.317000e+02
2.480000e+02 1.308000e+02
2.480000e+02 1.299000e+02
2.480000e+02 1.290000e+02
2.480000e+02 1.284000e+02
2.480000e+02 1.278000e+02
2.480000e+02 1.275000e+02
2.480000e+02 1.272000e+02
2.480000e+02 1.272000e+02
2.480000e+02 1.272000e+02
2.480000e+02 1.269000e+02
2.480000e+02 1.266000e+02
2.480000e+02 1.263000e+02
2.480000e+02 1.260000e+02
2.480000e+02 1.260000e+02
2.480000e+02 1.260000e+02
2.482500e+02 1.263000e+02
2.485000e+02 1.266000e+02
2.485000e+02 1.269000e+02
2.485000e+02 1.272000e+02
2.485000e+02 1.272000e+02
2.485000e+02 1.272000e+02
