2.210000e+02 3.924000e+02
2.210000e+02 3.924000e+02
2.215000e+02 3.894000e+02
2.225000e+02 3.834000e+02
2.255000e+02 3.732000e+02
2.295000e+02 3.594000e+02
2.360000e+02 3.420000e+02
2.445000e+02 3.156000e+02
2.515000e+02 2.934000e+02
2.595000e+02 2.682000e+02
2.710000e+02 2.328000e+02
2.785000e+02 2.070000e+02
2.870000e+02 1.824000e+02
2.950000e+02 1.602000e+02
3.025000e+02 1.398000e+02
3.110000e+02 1.182000e+02
3.175000e+02 1.026000e+02
3.230000e+02 9.060000e+01
3.265000e+02 8.280000e+01
3.280000e+02 7.800000e+01
3.290000e+02 7.500000e+01
3.300000e+02 7.440000e+01
3.305000e+02 7.380000e+01
3.315000e+02 7.500000e+01
3.340000e+02 7.860000e+01
3.385000e+02 8.700000e+01
3.455000e+02 1.020000e+02
3.515000e+02 1.164000e+02
3.590000e+02 1.332000e+02
3.665000e+02 1.524000e+02
3.750000e+02 1.728000e+02
3.830000e+02 1.944000e+02
3.905000e+02 2.172000e+02
3.985000e+02 2.400000e+02
4.060000e+02 2.610000e+02
4.135000e+02 2.826000e+02
4.235000e+02 3.126000e+02
4.310000e+02 3.360000e+02
4.365000e+02 3.510000e+02
4.405000e+02 3.642000e+02
4.440000e+02 3.744000e+02
4.465000e+02 3.810000e+02
4.480000e+02 3.864000e+02
4.485000e+02 3.882000e+02
4.485000e+02 3.888000e+02
4.485000e+02 3.894000e+02
4.485000e+02 3.894000e+02
4.470000e+02 3.888000e+02
4.440000e+02 3.864000e+02
4.370000e+02 3.822000e+02
4.280000e+02 3.756000e+02
4.170000e+02 3.678000e+02
4.015000e+02 3.564000e+02
3.880000e+02 3.462000e+02
3.720000e+02 3.348000e+02
3.565000e+02 3.234000e+02
3.390000e+02 3.096000e+02
3.230000e+02 2.970000e+02
3.075000e+02 2.838000e+02
2.915000e+02 2.712000e+02
2.730000e+02 2.550000e+02
2.535000e+02 2.376000e+02
2.475000e+02 2.328000e+02
2.420000e+02 2.274000e+02
2.360000e+02 2.226000e+02
2.340000e+02 2.202000e+02
2.270000e+02 2.142000e+02
2.230000e+02 2.106000e+02
2.180000e+02 2.064000e+02
2.135000e+02 2.022000e+02
2.115000e+02 2.004000e+02
2.095000e+02 1.986000e+02
2.085000e+02 1.974000e+02
2.070000e+02 1.962000e+02
2.065000e+02 1.956000e+02
2.060000e+02 1.950000e+02
2.055000e+02 1.944000e+02
2.050000e+02 1.938000e+02
2.050000e+02 1.932000e+02
2.050000e+02 1.932000e+02
2.050000e+02 1.932000e+02
2.050000e+02 1.932000e+02
2.060000e+02 1.932000e+02
2.085000e+02 1.926000e+02
2.125000e+02 1.920000e+02
2.185000e+02 1.908000e+02
2.240000e+02 1.896000e+02
2.300000e+02 1.878000e+02
2.335000e+02 1.872000e+02
2.440000e+02 1.848000e+02
2.515000e+02 1.836000e+02
2.585000e+02 1.818000e+02
2.665000e+02 1.794000e+02
2.755000e+02 1.776000e+02
2.835000e+02 1.752000e+02
2.920000e+02 1.734000e+02
3.000000e+02 1.710000e+02
3.085000e+02 1.692000e+02
3.185000e+02 1.668000e+02
3.265000e+02 1.650000e+02
3.355000e+02 1.632000e+02
3.490000e+02 1.602000e+02
3.580000e+02 1.584000e+02
3.675000e+02 1.572000e+02
3.760000e+02 1.554000e+02
3.845000e+02 1.542000e+02
3.940000e+02 1.530000e+02
4.030000e+02 1.512000e+02
4.115000e+02 1.500000e+02
4.200000e+02 1.488000e+02
4.285000e+02 1.476000e+02
4.365000e+02 1.464000e+02
4.445000e+02 1.452000e+02
4.520000e+02 1.446000e+02
4.585000e+02 1.440000e+02
4.650000e+02 1.434000e+02
4.705000e+02 1.428000e+02
4.755000e+02 1.422000e+02
4.800000e+02 1.422000e+02
4.830000e+02 1.416000e+02
4.865000e+02 1.416000e+02
4.870000e+02 1.416000e+02
4.890000e+02 1.416000e+02
4.900000e+02 1.416000e+02
4.910000e+02 1.416000e+02
4.910000e+02 1.416000e+02
4.915000e+02 1.416000e+02
4.915000e+02 1.416000e+02
4.915000e+02 1.422000e+02
4.920000e+02 1.422000e+02
4.920000e+02 1.422000e+02
4.920000e+02 1.422000e+02
4.920000e+02 1.428000e+02
4.920000e+02 1.428000e+02
4.915000e+02 1.434000e+02
4.910000e+02 1.440000e+02
4.905000e+02 1.458000e+02
4.885000e+02 1.494000e+02
4.855000e+02 1.530000e+02
4.820000e+02 1.572000e+02
4.780000e+02 1.620000e+02
4.735000e+02 1.674000e+02
4.680000e+02 1.728000e+02
4.620000e+02 1.794000e+02
4.555000e+02 1.854000e+02
4.470000e+02 1.932000e+02
4.400000e+02 1.998000e+02
4.320000e+02 2.076000e+02
4.200000e+02 2.196000e+02
4.125000e+02 2.274000e+02
4.040000e+02 2.358000e+02
3.960000e+02 2.436000e+02
3.875000e+02 2.520000e+02
3.795000e+02 2.598000e+02
3.715000e+02 2.682000e+02
3.635000e+02 2.766000e+02
3.555000e+02 2.844000e+02
3.475000e+02 2.922000e+02
3.400000e+02 3.000000e+02
3.325000e+02 3.066000e+02
3.240000e+02 3.144000e+02
3.175000e+02 3.210000e+02
3.065000e+02 3.318000e+02
2.990000e+02 3.378000e+02
2.915000e+02 3.450000e+02
2.840000e+02 3.522000e+02
2.775000e+02 3.576000e+02
2.710000e+02 3.636000e+02
2.650000e+02 3.696000e+02
2.585000e+02 3.756000e+02
2.535000e+02 3.804000e+02
2.485000e+02 3.852000e+02
2.445000e+02 3.888000e+02
2.410000e+02 3.924000e+02
2.375000e+02 3.948000e+02
2.350000e+02 3.972000e+02
2.330000e+02 3.990000e+02
2.315000e+02 4.008000e+02
2.300000e+02 4.014000e+02
2.290000e+02 4.026000e+02
2.285000e+02 4.032000e+02
2.280000e+02 4.032000e+02
2.275000e+02 4.038000e+02
2.270000e+02 4.044000e+02
2.265000e+02 4.044000e+02
2.265000e+02 4.044000e+02
2.260000e+02 4.050000e+02
2.260000e+02 4.050000e+02
2.260000e+02 4.050000e+02
2.260000e+02 4.050000e+02
2.260000e+02 4.050000e+02
2.255000e+02 4.050000e+02
2.255000e+02 4.050000e+02
2.255000e+02 4.050000e+02
2.255000e+02 4.050000e+02
2.255000e+02 4.050000e+02
2.255000e+02 4.050000e+02
2.255000e+02 4.056000e+02
2.260000e+02 4.056000e+02
2.260000e+02 4.056000e+02
