2.095000e+02 3.246000e+02
2.095000e+02 3.246000e+02
2.095000e+02 3.246000e+02
2.095000e+02 3.246000e+02
2.107500e+02 3.219000e+02
2.120000e+02 3.192000e+02
2.127500e+02 3.171000e+02
2.135000e+02 3.150000e+02
2.145000e+02 3.123000e+02
2.155000e+02 3.096000e+02
2.170000e+02 3.063000e+02
2.185000e+02 3.030000e+02
2.197500e+02 3.003000e+02
2.210000e+02 2.976000e+02
2.225000e+02 2.943000e+02
2.240000e+02 2.910000e+02
2.252500e+02 2.877000e+02
2.265000e+02 2.844000e+02
2.280000e+02 2.805000e+02
2.295000e+02 2.766000e+02
2.320000e+02 2.709000e+02
2.345000e+02 2.652000e+02
2.367500e+02 2.592000e+02
2.390000e+02 2.532000e+02
2.415000e+02 2.469000e+02
2.440000e+02 2.406000e+02
2.455000e+02 2.364000e+02
2.470000e+02 2.322000e+02
2.497500e+02 2.235000e+02
2.525000e+02 2.148000e+02
2.537500e+02 2.109000e+02
2.550000e+02 2.070000e+02
2.565000e+02 2.025000e+02
2.580000e+02 1.980000e+02
2.595000e+02 1.935000e+02
2.610000e+02 1.890000e+02
2.625000e+02 1.845000e+02
2.640000e+02 1.800000e+02
2.652500e+02 1.761000e+02
2.665000e+02 1.722000e+02
2.685000e+02 1.659000e+02
2.705000e+02 1.596000e+02
2.720000e+02 1.551000e+02
2.735000e+02 1.506000e+02
2.747500e+02 1.464000e+02
2.760000e+02 1.422000e+02
2.770000e+02 1.380000e+02
2.780000e+02 1.338000e+02
2.792500e+02 1.305000e+02
2.805000e+02 1.272000e+02
2.817500e+02 1.233000e+02
2.830000e+02 1.194000e+02
2.842500e+02 1.161000e+02
2.855000e+02 1.128000e+02
2.865000e+02 1.098000e+02
2.875000e+02 1.068000e+02
2.882500e+02 1.038000e+02
2.890000e+02 1.008000e+02
2.897500e+02 9.840000e+01
2.905000e+02 9.600000e+01
2.915000e+02 9.300000e+01
2.925000e+02 9.000000e+01
2.932500e+02 8.760000e+01
2.940000e+02 8.520000e+01
2.952500e+02 8.190000e+01
2.965000e+02 7.860000e+01
2.970000e+02 7.650000e+01
2.975000e+02 7.440000e+01
2.977500e+02 7.350000e+01
2.980000e+02 7.260000e+01
2.987500e+02 7.020000e+01
2.995000e+02 6.780000e+01
3.000000e+02 6.660000e+01
3.005000e+02 6.540000e+01
3.007500e+02 6.450000e+01
3.010000e+02 6.360000e+01
3.012500e+02 6.300000e+01
3.015000e+02 6.240000e+01
3.017500e+02 6.090000e+01
3.020000e+02 5.940000e+01
3.022500e+02 5.850000e+01
3.025000e+02 5.760000e+01
3.027500e+02 5.700000e+01
3.030000e+02 5.640000e+01
3.032500e+02 5.550000e+01
3.035000e+02 5.460000e+01
3.037500e+02 5.430000e+01
3.040000e+02 5.400000e+01
3.042500e+02 5.370000e+01
3.045000e+02 5.340000e+01
3.047500e+02 5.310000e+01
3.050000e+02 5.280000e+01
3.057500e+02 5.280000e+01
3.065000e+02 5.280000e+01
3.070000e+02 5.310000e+01
3.075000e+02 5.340000e+01
3.080000e+02 5.400000e+01
3.085000e+02 5.460000e+01
3.095000e+02 5.550000e+01
3.105000e+02 5.640000e+01
3.112500e+02 5.730000e+01
3.120000e+02 5.820000e+01
3.127500e+02 5.940000e+01
3.135000e+02 6.060000e+01
3.147500e+02 6.270000e+01
3.160000e+02 6.480000e+01
3.167500e+02 6.660000e+01
3.175000e+02 6.840000e+01
3.185000e+02 7.020000e+01
3.195000e+02 7.200000e+01
3.205000e+02 7.380000e+01
3.215000e+02 7.560000e+01
3.222500e+02 7.770000e+01
3.230000e+02 7.980000e+01
3.240000e+02 8.160000e+01
3.250000e+02 8.340000e+01
3.257500e+02 8.550000e+01
3.265000e+02 8.760000e+01
3.275000e+02 9.000000e+01
3.285000e+02 9.240000e+01
3.297500e+02 9.480000e+01
3.310000e+02 9.720000e+01
3.322500e+02 9.960000e+01
3.335000e+02 1.020000e+02
3.345000e+02 1.047000e+02
3.355000e+02 1.074000e+02
3.367500e+02 1.104000e+02
3.380000e+02 1.134000e+02
3.390000e+02 1.164000e+02
3.400000e+02 1.194000e+02
3.412500e+02 1.224000e+02
3.425000e+02 1.254000e+02
3.442500e+02 1.296000e+02
3.460000e+02 1.338000e+02
3.470000e+02 1.368000e+02
3.480000e+02 1.398000e+02
3.492500e+02 1.431000e+02
3.505000e+02 1.464000e+02
3.515000e+02 1.491000e+02
3.525000e+02 1.518000e+02
3.537500e+02 1.551000e+02
3.550000e+02 1.584000e+02
3.562500e+02 1.614000e+02
3.575000e+02 1.644000e+02
3.585000e+02 1.674000e+02
3.595000e+02 1.704000e+02
3.607500e+02 1.737000e+02
3.620000e+02 1.770000e+02
3.632500e+02 1.800000e+02
3.645000e+02 1.830000e+02
3.655000e+02 1.863000e+02
3.665000e+02 1.896000e+02
3.677500e+02 1.926000e+02
3.690000e+02 1.956000e+02
3.702500e+02 1.986000e+02
3.715000e+02 2.016000e+02
3.732500e+02 2.067000e+02
3.750000e+02 2.118000e+02
3.767500e+02 2.166000e+02
3.785000e+02 2.214000e+02
3.805000e+02 2.262000e+02
3.825000e+02 2.310000e+02
3.837500e+02 2.343000e+02
3.850000e+02 2.376000e+02
3.860000e+02 2.406000e+02
3.870000e+02 2.436000e+02
3.880000e+02 2.472000e+02
3.890000e+02 2.508000e+02
3.900000e+02 2.538000e+02
3.910000e+02 2.568000e+02
3.922500e+02 2.601000e+02
3.935000e+02 2.634000e+02
3.947500e+02 2.664000e+02
3.960000e+02 2.694000e+02
3.970000e+02 2.727000e+02
3.980000e+02 2.760000e+02
3.990000e+02 2.790000e+02
4.000000e+02 2.820000e+02
4.007500e+02 2.850000e+02
4.015000e+02 2.880000e+02
4.025000e+02 2.910000e+02
4.035000e+02 2.940000e+02
4.045000e+02 2.970000e+02
4.055000e+02 3.000000e+02
4.062500e+02 3.024000e+02
4.070000e+02 3.048000e+02
4.080000e+02 3.078000e+02
4.090000e+02 3.108000e+02
4.097500e+02 3.129000e+02
4.105000e+02 3.150000e+02
4.112500e+02 3.174000e+02
4.120000e+02 3.198000e+02
4.130000e+02 3.225000e+02
4.140000e+02 3.252000e+02
4.150000e+02 3.279000e+02
4.160000e+02 3.306000e+02
4.162500e+02 3.315000e+02
4.165000e+02 3.324000e+02
4.165000e+02 3.324000e+02
4.165000e+02 3.324000e+02
