2.035000e+02 2.184000e+02
2.035000e+02 2.184000e+02
2.035000e+02 2.184000e+02
2.035000e+02 2.184000e+02
2.035000e+02 2.184000e+02
2.035000e+02 2.184000e+02
2.035000e+02 2.184000e+02
2.035000e+02 2.184000e+02
2.035000e+02 2.184000e+02
2.035000e+02 2.184000e+02
2.035000e+02 2.184000e+02
2.035000e+02 2.184000e+02
2.035000e+02 2.184000e+02
2.037500e+02 2.187000e+02
2.040000e+02 2.190000e+02
2.042500e+02 2.193000e+02
2.045000e+02 2.196000e+02
2.052500e+02 2.202000e+02
2.060000e+02 2.208000e+02
2.067500e+02 2.217000e+02
2.075000e+02 2.226000e+02
2.087500e+02 2.238000e+02
2.100000e+02 2.250000e+02
2.112500e+02 2.265000e+02
2.125000e+02 2.280000e+02
2.147500e+02 2.307000e+02
2.170000e+02 2.334000e+02
2.192500e+02 2.361000e+02
2.215000e+02 2.388000e+02
2.230000e+02 2.406000e+02
2.245000e+02 2.424000e+02
2.262500e+02 2.445000e+02
2.280000e+02 2.466000e+02
2.297500e+02 2.487000e+02
2.315000e+02 2.508000e+02
2.332500e+02 2.532000e+02
2.350000e+02 2.556000e+02
2.370000e+02 2.577000e+02
2.390000e+02 2.598000e+02
2.410000e+02 2.622000e+02
2.430000e+02 2.646000e+02
2.457500e+02 2.682000e+02
2.485000e+02 2.718000e+02
2.505000e+02 2.745000e+02
2.525000e+02 2.772000e+02
2.542500e+02 2.796000e+02
2.560000e+02 2.820000e+02
2.577500e+02 2.841000e+02
2.595000e+02 2.862000e+02
2.610000e+02 2.883000e+02
2.625000e+02 2.904000e+02
2.640000e+02 2.928000e+02
2.655000e+02 2.952000e+02
2.667500e+02 2.973000e+02
2.680000e+02 2.994000e+02
2.692500e+02 3.009000e+02
2.705000e+02 3.024000e+02
2.712500e+02 3.039000e+02
2.720000e+02 3.054000e+02
2.730000e+02 3.069000e+02
2.740000e+02 3.084000e+02
2.747500e+02 3.099000e+02
2.755000e+02 3.114000e+02
2.762500e+02 3.126000e+02
2.770000e+02 3.138000e+02
2.777500e+02 3.150000e+02
2.785000e+02 3.162000e+02
2.792500e+02 3.174000e+02
2.800000e+02 3.186000e+02
2.807500e+02 3.195000e+02
2.815000e+02 3.204000e+02
2.820000e+02 3.213000e+02
2.825000e+02 3.222000e+02
2.832500e+02 3.228000e+02
2.840000e+02 3.234000e+02
2.842500e+02 3.240000e+02
2.845000e+02 3.246000e+02
2.845000e+02 3.249000e+02
2.845000e+02 3.252000e+02
2.847500e+02 3.255000e+02
2.850000e+02 3.258000e+02
2.855000e+02 3.261000e+02
2.860000e+02 3.264000e+02
2.860000e+02 3.264000e+02
2.860000e+02 3.264000e+02
2.860000e+02 3.264000e+02
2.860000e+02 3.264000e+02
2.862500e+02 3.267000e+02
2.865000e+02 3.270000e+02
2.865000e+02 3.270000e+02
2.865000e+02 3.270000e+02
2.865000e+02 3.270000e+02
2.865000e+02 3.270000e+02
2.865000e+02 3.270000e+02
2.865000e+02 3.270000e+02
2.865000e+02 3.270000e+02
2.865000e+02 3.270000e+02
2.865000e+02 3.267000e+02
2.865000e+02 3.264000e+02
2.867500e+02 3.264000e+02
2.870000e+02 3.264000e+02
2.870000e+02 3.264000e+02
2.870000e+02 3.264000e+02
2.870000e+02 3.264000e+02
2.870000e+02 3.264000e+02
2.870000e+02 3.264000e+02
2.870000e+02 3.264000e+02
2.870000e+02 3.264000e+02
2.870000e+02 3.264000e+02
2.872500e+02 3.261000e+02
2.875000e+02 3.258000e+02
2.875000e+02 3.258000e+02
2.875000e+02 3.258000e+02
2.875000e+02 3.258000e+02
2.875000e+02 3.258000e+02
2.877500e+02 3.258000e+02
2.880000e+02 3.258000e+02
2.880000e+02 3.255000e+02
2.880000e+02 3.252000e+02
2.880000e+02 3.252000e+02
2.880000e+02 3.252000e+02
2.882500e+02 3.249000e+02
2.885000e+02 3.246000e+02
2.887500e+02 3.243000e+02
2.890000e+02 3.240000e+02
2.895000e+02 3.234000e+02
2.900000e+02 3.228000e+02
2.907500e+02 3.225000e+02
2.915000e+02 3.222000e+02
2.925000e+02 3.213000e+02
2.935000e+02 3.204000e+02
2.947500e+02 3.192000e+02
2.960000e+02 3.180000e+02
2.972500e+02 3.168000e+02
2.985000e+02 3.156000e+02
3.000000e+02 3.138000e+02
3.015000e+02 3.120000e+02
3.035000e+02 3.105000e+02
3.055000e+02 3.090000e+02
3.072500e+02 3.072000e+02
3.090000e+02 3.054000e+02
3.125000e+02 3.021000e+02
3.160000e+02 2.988000e+02
3.170000e+02 2.979000e+02
3.180000e+02 2.970000e+02
3.217500e+02 2.934000e+02
3.255000e+02 2.898000e+02
3.295000e+02 2.862000e+02
3.335000e+02 2.826000e+02
3.380000e+02 2.787000e+02
3.425000e+02 2.748000e+02
3.457500e+02 2.718000e+02
3.490000e+02 2.688000e+02
3.560000e+02 2.628000e+02
3.630000e+02 2.568000e+02
3.700000e+02 2.502000e+02
3.780000e+02 2.430000e+02
3.855000e+02 2.364000e+02
3.940000e+02 2.292000e+02
4.015000e+02 2.226000e+02
4.090000e+02 2.166000e+02
4.175000e+02 2.094000e+02
4.295000e+02 1.992000e+02
4.375000e+02 1.932000e+02
4.455000e+02 1.872000e+02
4.535000e+02 1.812000e+02
4.605000e+02 1.752000e+02
4.685000e+02 1.698000e+02
4.755000e+02 1.650000e+02
4.825000e+02 1.602000e+02
4.890000e+02 1.560000e+02
4.945000e+02 1.524000e+02
5.010000e+02 1.482000e+02
5.065000e+02 1.440000e+02
5.110000e+02 1.410000e+02
5.155000e+02 1.374000e+02
5.190000e+02 1.350000e+02
5.220000e+02 1.332000e+02
5.245000e+02 1.308000e+02
5.270000e+02 1.290000e+02
5.290000e+02 1.278000e+02
5.305000e+02 1.266000e+02
5.315000e+02 1.260000e+02
5.325000e+02 1.248000e+02
5.335000e+02 1.242000e+02
5.340000e+02 1.236000e+02
5.345000e+02 1.236000e+02
5.350000e+02 1.230000e+02
5.350000e+02 1.230000e+02
5.350000e+02 1.230000e+02
5.355000e+02 1.230000e+02
5.355000e+02 1.230000e+02
5.355000e+02 1.230000e+02
5.355000e+02 1.230000e+02
5.355000e+02 1.230000e+02
5.355000e+02 1.230000e+02
5.350000e+02 1.230000e+02
5.340000e+02 1.230000e+02
5.335000e+02 1.236000e+02
5.335000e+02 1.236000e+02
