2.285000e+02 8.940000e+01
2.285000e+02 8.955000e+01
2.285000e+02 8.970000e+01
2.285000e+02 8.985000e+01
2.285000e+02 9.000000e+01
2.285000e+02 9.015000e+01
2.285000e+02 9.030000e+01
2.285000e+02 9.045000e+01
2.285000e+02 9.060000e+01
2.285000e+02 9.060000e+01
2.285000e+02 9.060000e+01
2.285000e+02 9.060000e+01
2.285000e+02 9.060000e+01
2.285000e+02 9.150000e+01
2.285000e+02 9.240000e+01
2.285000e+02 9.330000e+01
2.285000e+02 9.420000e+01
2.286250e+02 9.540000e+01
2.287500e+02 9.660000e+01
2.288750e+02 9.780000e+01
2.290000e+02 9.900000e+01
2.290000e+02 1.003500e+02
2.290000e+02 1.017000e+02
2.290000e+02 1.030500e+02
2.290000e+02 1.044000e+02
2.291250e+02 1.059000e+02
2.292500e+02 1.074000e+02
2.293750e+02 1.089000e+02
2.295000e+02 1.104000e+02
2.297500e+02 1.119000e+02
2.300000e+02 1.134000e+02
2.302500e+02 1.149000e+02
2.305000e+02 1.164000e+02
2.306250e+02 1.179000e+02
2.307500e+02 1.194000e+02
2.308750e+02 1.209000e+02
2.310000e+02 1.224000e+02
2.311250e+02 1.239000e+02
2.312500e+02 1.254000e+02
2.313750e+02 1.269000e+02
2.315000e+02 1.284000e+02
2.317500e+02 1.297500e+02
2.320000e+02 1.311000e+02
2.322500e+02 1.324500e+02
2.325000e+02 1.338000e+02
2.327500e+02 1.354500e+02
2.330000e+02 1.371000e+02
2.332500e+02 1.387500e+02
2.335000e+02 1.404000e+02
2.337500e+02 1.419000e+02
2.340000e+02 1.434000e+02
2.342500e+02 1.449000e+02
2.345000e+02 1.464000e+02
2.347500e+02 1.480500e+02
2.350000e+02 1.497000e+02
2.352500e+02 1.513500e+02
2.355000e+02 1.530000e+02
2.358750e+02 1.548000e+02
2.362500e+02 1.566000e+02
2.366250e+02 1.584000e+02
2.370000e+02 1.602000e+02
2.373750e+02 1.629000e+02
2.377500e+02 1.656000e+02
2.381250e+02 1.683000e+02
2.385000e+02 1.710000e+02
2.388750e+02 1.728000e+02
2.392500e+02 1.746000e+02
2.396250e+02 1.764000e+02
2.400000e+02 1.782000e+02
2.403750e+02 1.804500e+02
2.407500e+02 1.827000e+02
2.411250e+02 1.849500e+02
2.415000e+02 1.872000e+02
2.417500e+02 1.890000e+02
2.420000e+02 1.908000e+02
2.422500e+02 1.926000e+02
2.425000e+02 1.944000e+02
2.427500e+02 1.966500e+02
2.430000e+02 1.989000e+02
2.432500e+02 2.011500e+02
2.435000e+02 2.034000e+02
2.438750e+02 2.055000e+02
2.442500e+02 2.076000e+02
2.446250e+02 2.097000e+02
2.450000e+02 2.118000e+02
2.452500e+02 2.140500e+02
2.455000e+02 2.163000e+02
2.457500e+02 2.185500e+02
2.460000e+02 2.208000e+02
2.463750e+02 2.232000e+02
2.467500e+02 2.256000e+02
2.471250e+02 2.280000e+02
2.475000e+02 2.304000e+02
2.477500e+02 2.326500e+02
2.480000e+02 2.349000e+02
2.482500e+02 2.371500e+02
2.485000e+02 2.394000e+02
2.487500e+02 2.418000e+02
2.490000e+02 2.442000e+02
2.492500e+02 2.466000e+02
2.495000e+02 2.490000e+02
2.497500e+02 2.524500e+02
2.500000e+02 2.559000e+02
2.502500e+02 2.593500e+02
2.505000e+02 2.628000e+02
2.506250e+02 2.640000e+02
2.507500e+02 2.652000e+02
2.508750e+02 2.664000e+02
2.510000e+02 2.676000e+02
2.512500e+02 2.710500e+02
2.515000e+02 2.745000e+02
2.517500e+02 2.779500e+02
2.520000e+02 2.814000e+02
2.521250e+02 2.835000e+02
2.522500e+02 2.856000e+02
2.523750e+02 2.877000e+02
2.525000e+02 2.898000e+02
2.527500e+02 2.917500e+02
2.530000e+02 2.937000e+02
2.532500e+02 2.956500e+02
2.535000e+02 2.976000e+02
2.536250e+02 2.997000e+02
2.537500e+02 3.018000e+02
2.538750e+02 3.039000e+02
2.540000e+02 3.060000e+02
2.541250e+02 3.078000e+02
2.542500e+02 3.096000e+02
2.543750e+02 3.114000e+02
2.545000e+02 3.132000e+02
2.547500e+02 3.151500e+02
2.550000e+02 3.171000e+02
2.552500e+02 3.190500e+02
2.555000e+02 3.210000e+02
2.556250e+02 3.226500e+02
2.557500e+02 3.243000e+02
2.558750e+02 3.259500e+02
2.560000e+02 3.276000e+02
2.562500e+02 3.291000e+02
2.565000e+02 3.306000e+02
2.567500e+02 3.321000e+02
2.570000e+02 3.336000e+02
2.572500e+02 3.351000e+02
2.575000e+02 3.366000e+02
2.577500e+02 3.381000e+02
2.580000e+02 3.396000e+02
2.581250e+02 3.409500e+02
2.582500e+02 3.423000e+02
2.583750e+02 3.436500e+02
2.585000e+02 3.450000e+02
2.587500e+02 3.462000e+02
2.590000e+02 3.474000e+02
2.592500e+02 3.486000e+02
2.595000e+02 3.498000e+02
2.597500e+02 3.511500e+02
2.600000e+02 3.525000e+02
2.602500e+02 3.538500e+02
2.605000e+02 3.552000e+02
2.606250e+02 3.564000e+02
2.607500e+02 3.576000e+02
2.608750e+02 3.588000e+02
2.610000e+02 3.600000e+02
2.612500e+02 3.610500e+02
2.615000e+02 3.621000e+02
2.617500e+02 3.631500e+02
2.620000e+02 3.642000e+02
2.621250e+02 3.652500e+02
2.622500e+02 3.663000e+02
2.623750e+02 3.673500e+02
2.625000e+02 3.684000e+02
2.626250e+02 3.694500e+02
2.627500e+02 3.705000e+02
2.628750e+02 3.715500e+02
2.630000e+02 3.726000e+02
2.631250e+02 3.735000e+02
2.632500e+02 3.744000e+02
2.635000e+02 3.762000e+02
2.637500e+02 3.774000e+02
2.640000e+02 3.786000e+02
2.640000e+02 3.798000e+02
2.640000e+02 3.810000e+02
2.640000e+02 3.819000e+02
2.640000e+02 3.828000e+02
2.642500e+02 3.840000e+02
2.645000e+02 3.852000e+02
2.645000e+02 3.864000e+02
2.645000e+02 3.876000e+02
2.647500e+02 3.882000e+02
2.650000e+02 3.888000e+02
2.650000e+02 3.900000e+02
2.650000e+02 3.912000e+02
2.650000e+02 3.912000e+02
2.650000e+02 3.912000e+02
2.650000e+02 3.918000e+02
2.650000e+02 3.924000e+02
2.650000e+02 3.933000e+02
2.650000e+02 3.942000e+02
2.652500e+02 3.948000e+02
2.655000e+02 3.954000e+02
2.655000e+02 3.954000e+02
2.655000e+02 3.954000e+02
2.285000e+02 8.940000e+01
2.285000e+02 8.955000e+01
2.285000e+02 8.970000e+01
2.285000e+02 8.985000e+01
2.285000e+02 9.000000e+01
2.285000e+02 9.015000e+01
2.285000e+02 9.030000e+01
2.285000e+02 9.045000e+01
2.285000e+02 9.060000e+01
2.285000e+02 9.060000e+01
2.285000e+02 9.060000e+01
2.285000e+02 9.060000e+01
2.285000e+02 9.060000e+01
2.285000e+02 9.150000e+01
2.285000e+02 9.240000e+01
2.285000e+02 9.330000e+01
2.285000e+02 9.420000e+01
2.286250e+02 9.540000e+01
2.287500e+02 9.660000e+01
2.288750e+02 9.780000e+01
2.290000e+02 9.900000e+01
2.290000e+02 1.003500e+02
2.290000e+02 1.017000e+02
2.290000e+02 1.030500e+02
2.290000e+02 1.044000e+02
2.291250e+02 1.059000e+02
2.292500e+02 1.074000e+02
2.293750e+02 1.089000e+02
2.295000e+02 1.104000e+02
2.297500e+02 1.119000e+02
2.300000e+02 1.134000e+02
2.302500e+02 1.149000e+02
2.305000e+02 1.164000e+02
2.306250e+02 1.179000e+02
2.307500e+02 1.194000e+02
2.308750e+02 1.209000e+02
2.310000e+02 1.224000e+02
2.311250e+02 1.239000e+02
2.312500e+02 1.254000e+02
2.313750e+02 1.269000e+02
2.315000e+02 1.284000e+02
2.317500e+02 1.297500e+02
2.320000e+02 1.311000e+02
2.322500e+02 1.324500e+02
2.325000e+02 1.338000e+02
2.327500e+02 1.354500e+02
2.330000e+02 1.371000e+02
2.332500e+02 1.387500e+02
2.335000e+02 1.404000e+02
2.337500e+02 1.419000e+02
2.340000e+02 1.434000e+02
2.342500e+02 1.449000e+02
2.345000e+02 1.464000e+02
2.347500e+02 1.480500e+02
2.350000e+02 1.497000e+02
2.352500e+02 1.513500e+02
2.355000e+02 1.530000e+02
2.358750e+02 1.548000e+02
2.362500e+02 1.566000e+02
2.366250e+02 1.584000e+02
2.370000e+02 1.602000e+02
2.373750e+02 1.629000e+02
2.377500e+02 1.656000e+02
2.381250e+02 1.683000e+02
2.385000e+02 1.710000e+02
2.388750e+02 1.728000e+02
2.392500e+02 1.746000e+02
2.396250e+02 1.764000e+02
2.400000e+02 1.782000e+02
2.403750e+02 1.804500e+02
2.407500e+02 1.827000e+02
2.411250e+02 1.849500e+02
2.415000e+02 1.872000e+02
2.417500e+02 1.890000e+02
2.420000e+02 1.908000e+02
2.422500e+02 1.926000e+02
2.425000e+02 1.944000e+02
2.427500e+02 1.966500e+02
2.430000e+02 1.989000e+02
2.432500e+02 2.011500e+02
2.435000e+02 2.034000e+02
2.438750e+02 2.055000e+02
2.442500e+02 2.076000e+02
2.446250e+02 2.097000e+02
2.450000e+02 2.118000e+02
2.452500e+02 2.140500e+02
2.455000e+02 2.163000e+02
2.457500e+02 2.185500e+02
2.460000e+02 2.208000e+02
2.463750e+02 2.232000e+02
2.467500e+02 2.256000e+02
2.471250e+02 2.280000e+02
2.475000e+02 2.304000e+02
2.477500e+02 2.326500e+02
2.480000e+02 2.349000e+02
2.482500e+02 2.371500e+02
2.485000e+02 2.394000e+02
2.487500e+02 2.418000e+02
2.490000e+02 2.442000e+02
2.492500e+02 2.466000e+02
2.495000e+02 2.490000e+02
2.497500e+02 2.524500e+02
2.500000e+02 2.559000e+02
2.502500e+02 2.593500e+02
2.505000e+02 2.628000e+02
2.506250e+02 2.640000e+02
2.507500e+02 2.652000e+02
2.508750e+02 2.664000e+02
2.510000e+02 2.676000e+02
2.512500e+02 2.710500e+02
2.515000e+02 2.745000e+02
2.517500e+02 2.779500e+02
2.520000e+02 2.814000e+02
2.521250e+02 2.835000e+02
2.522500e+02 2.856000e+02
2.523750e+02 2.877000e+02
2.525000e+02 2.898000e+02
2.527500e+02 2.917500e+02
2.530000e+02 2.937000e+02
2.532500e+02 2.956500e+02
2.535000e+02 2.976000e+02
2.536250e+02 2.997000e+02
2.537500e+02 3.018000e+02
2.538750e+02 3.039000e+02
2.540000e+02 3.060000e+02
2.541250e+02 3.078000e+02
2.542500e+02 3.096000e+02
2.543750e+02 3.114000e+02
2.545000e+02 3.132000e+02
2.547500e+02 3.151500e+02
2.550000e+02 3.171000e+02
2.552500e+02 3.190500e+02
2.555000e+02 3.210000e+02
2.556250e+02 3.226500e+02
2.557500e+02 3.243000e+02
2.558750e+02 3.259500e+02
2.560000e+02 3.276000e+02
2.562500e+02 3.291000e+02
2.565000e+02 3.306000e+02
2.567500e+02 3.321000e+02
2.570000e+02 3.336000e+02
2.572500e+02 3.351000e+02
2.575000e+02 3.366000e+02
2.577500e+02 3.381000e+02
2.580000e+02 3.396000e+02
2.581250e+02 3.409500e+02
2.582500e+02 3.423000e+02
2.583750e+02 3.436500e+02
2.585000e+02 3.450000e+02
2.587500e+02 3.462000e+02
2.590000e+02 3.474000e+02
2.592500e+02 3.486000e+02
2.595000e+02 3.498000e+02
2.597500e+02 3.511500e+02
2.600000e+02 3.525000e+02
2.602500e+02 3.538500e+02
2.605000e+02 3.552000e+02
2.606250e+02 3.564000e+02
2.607500e+02 3.576000e+02
2.608750e+02 3.588000e+02
2.610000e+02 3.600000e+02
2.612500e+02 3.610500e+02
2.615000e+02 3.621000e+02
2.617500e+02 3.631500e+02
2.620000e+02 3.642000e+02
2.621250e+02 3.652500e+02
2.622500e+02 3.663000e+02
2.623750e+02 3.673500e+02
2.625000e+02 3.684000e+02
2.626250e+02 3.694500e+02
2.627500e+02 3.705000e+02
2.628750e+02 3.715500e+02
2.630000e+02 3.726000e+02
2.631250e+02 3.735000e+02
2.632500e+02 3.744000e+02
2.635000e+02 3.762000e+02
2.637500e+02 3.774000e+02
2.640000e+02 3.786000e+02
2.640000e+02 3.798000e+02
2.640000e+02 3.810000e+02
2.640000e+02 3.819000e+02
2.640000e+02 3.828000e+02
2.642500e+02 3.840000e+02
2.645000e+02 3.852000e+02
2.645000e+02 3.864000e+02
2.645000e+02 3.876000e+02
2.647500e+02 3.882000e+02
2.650000e+02 3.888000e+02
2.650000e+02 3.900000e+02
2.650000e+02 3.912000e+02
2.650000e+02 3.912000e+02
2.650000e+02 3.912000e+02
2.650000e+02 3.918000e+02
2.650000e+02 3.924000e+02
2.650000e+02 3.933000e+02
2.650000e+02 3.942000e+02
2.652500e+02 3.948000e+02
2.655000e+02 3.954000e+02
2.655000e+02 3.954000e+02
2.655000e+02 3.954000e+02
2.285000e+02 8.940000e+01
2.285000e+02 8.955000e+01
2.285000e+02 8.970000e+01
2.285000e+02 8.985000e+01
2.285000e+02 9.000000e+01
2.285000e+02 9.015000e+01
2.285000e+02 9.030000e+01
2.285000e+02 9.045000e+01
2.285000e+02 9.060000e+01
2.285000e+02 9.060000e+01
2.285000e+02 9.060000e+01
2.285000e+02 9.060000e+01
2.285000e+02 9.060000e+01
2.285000e+02 9.150000e+01
2.285000e+02 9.240000e+01
2.285000e+02 9.330000e+01
2.285000e+02 9.420000e+01
2.286250e+02 9.540000e+01
2.287500e+02 9.660000e+01
2.288750e+02 9.780000e+01
2.290000e+02 9.900000e+01
2.290000e+02 1.003500e+02
2.290000e+02 1.017000e+02
2.290000e+02 1.030500e+02
2.290000e+02 1.044000e+02
2.291250e+02 1.059000e+02
2.292500e+02 1.074000e+02
2.293750e+02 1.089000e+02
2.295000e+02 1.104000e+02
2.297500e+02 1.119000e+02
2.300000e+02 1.134000e+02
2.302500e+02 1.149000e+02
2.305000e+02 1.164000e+02
2.306250e+02 1.179000e+02
2.307500e+02 1.194000e+02
2.308750e+02 1.209000e+02
2.310000e+02 1.224000e+02
2.311250e+02 1.239000e+02
2.312500e+02 1.254000e+02
2.313750e+02 1.269000e+02
2.315000e+02 1.284000e+02
2.317500e+02 1.297500e+02
2.320000e+02 1.311000e+02
2.322500e+02 1.324500e+02
2.325000e+02 1.338000e+02
2.327500e+02 1.354500e+02
2.330000e+02 1.371000e+02
2.332500e+02 1.387500e+02
2.335000e+02 1.404000e+02
2.337500e+02 1.419000e+02
2.340000e+02 1.434000e+02
2.342500e+02 1.449000e+02
2.345000e+02 1.464000e+02
2.347500e+02 1.480500e+02
2.350000e+02 1.497000e+02
2.352500e+02 1.513500e+02
2.355000e+02 1.530000e+02
2.358750e+02 1.548000e+02
2.362500e+02 1.566000e+02
2.366250e+02 1.584000e+02
2.370000e+02 1.602000e+02
2.373750e+02 1.629000e+02
2.377500e+02 1.656000e+02
2.381250e+02 1.683000e+02
2.385000e+02 1.710000e+02
2.388750e+02 1.728000e+02
2.392500e+02 1.746000e+02
2.396250e+02 1.764000e+02
2.400000e+02 1.782000e+02
2.403750e+02 1.804500e+02
2.407500e+02 1.827000e+02
2.411250e+02 1.849500e+02
2.415000e+02 1.872000e+02
2.417500e+02 1.890000e+02
2.420000e+02 1.908000e+02
2.422500e+02 1.926000e+02
2.425000e+02 1.944000e+02
2.427500e+02 1.966500e+02
2.430000e+02 1.989000e+02
2.432500e+02 2.011500e+02
2.435000e+02 2.034000e+02
2.438750e+02 2.055000e+02
2.442500e+02 2.076000e+02
2.446250e+02 2.097000e+02
2.450000e+02 2.118000e+02
2.452500e+02 2.140500e+02
2.455000e+02 2.163000e+02
2.457500e+02 2.185500e+02
2.460000e+02 2.208000e+02
2.463750e+02 2.232000e+02
2.467500e+02 2.256000e+02
2.471250e+02 2.280000e+02
2.475000e+02 2.304000e+02
2.477500e+02 2.326500e+02
2.480000e+02 2.349000e+02
2.482500e+02 2.371500e+02
2.485000e+02 2.394000e+02
2.487500e+02 2.418000e+02
2.490000e+02 2.442000e+02
2.492500e+02 2.466000e+02
2.495000e+02 2.490000e+02
2.497500e+02 2.524500e+02
2.500000e+02 2.559000e+02
2.502500e+02 2.593500e+02
2.505000e+02 2.628000e+02
2.506250e+02 2.640000e+02
2.507500e+02 2.652000e+02
2.508750e+02 2.664000e+02
2.510000e+02 2.676000e+02
2.512500e+02 2.710500e+02
2.515000e+02 2.745000e+02
2.517500e+02 2.779500e+02
2.520000e+02 2.814000e+02
2.521250e+02 2.835000e+02
2.522500e+02 2.856000e+02
2.523750e+02 2.877000e+02
2.525000e+02 2.898000e+02
2.527500e+02 2.917500e+02
2.530000e+02 2.937000e+02
2.532500e+02 2.956500e+02
2.535000e+02 2.976000e+02
2.536250e+02 2.997000e+02
2.537500e+02 3.018000e+02
2.538750e+02 3.039000e+02
2.540000e+02 3.060000e+02
2.541250e+02 3.078000e+02
2.542500e+02 3.096000e+02
2.543750e+02 3.114000e+02
2.545000e+02 3.132000e+02
2.547500e+02 3.151500e+02
2.550000e+02 3.171000e+02
2.552500e+02 3.190500e+02
2.555000e+02 3.210000e+02
2.556250e+02 3.226500e+02
2.557500e+02 3.243000e+02
2.558750e+02 3.259500e+02
2.560000e+02 3.276000e+02
2.562500e+02 3.291000e+02
2.565000e+02 3.306000e+02
2.567500e+02 3.321000e+02
2.570000e+02 3.336000e+02
2.572500e+02 3.351000e+02
2.575000e+02 3.366000e+02
2.577500e+02 3.381000e+02
2.580000e+02 3.396000e+02
2.581250e+02 3.409500e+02
2.582500e+02 3.423000e+02
2.583750e+02 3.436500e+02
2.585000e+02 3.450000e+02
2.587500e+02 3.462000e+02
2.590000e+02 3.474000e+02
2.592500e+02 3.486000e+02
2.595000e+02 3.498000e+02
2.597500e+02 3.511500e+02
2.600000e+02 3.525000e+02
2.602500e+02 3.538500e+02
2.605000e+02 3.552000e+02
2.606250e+02 3.564000e+02
2.607500e+02 3.576000e+02
2.608750e+02 3.588000e+02
2.610000e+02 3.600000e+02
2.612500e+02 3.610500e+02
2.615000e+02 3.621000e+02
2.617500e+02 3.631500e+02
2.620000e+02 3.642000e+02
2.621250e+02 3.652500e+02
2.622500e+02 3.663000e+02
2.623750e+02 3.673500e+02
2.625000e+02 3.684000e+02
2.626250e+02 3.694500e+02
2.627500e+02 3.705000e+02
2.628750e+02 3.715500e+02
2.630000e+02 3.726000e+02
2.631250e+02 3.735000e+02
2.632500e+02 3.744000e+02
2.635000e+02 3.762000e+02
2.637500e+02 3.774000e+02
2.640000e+02 3.786000e+02
2.640000e+02 3.798000e+02
2.640000e+02 3.810000e+02
2.640000e+02 3.819000e+02
2.640000e+02 3.828000e+02
2.642500e+02 3.840000e+02
2.645000e+02 3.852000e+02
2.645000e+02 3.864000e+02
2.645000e+02 3.876000e+02
2.647500e+02 3.882000e+02
2.650000e+02 3.888000e+02
2.650000e+02 3.900000e+02
2.650000e+02 3.912000e+02
2.650000e+02 3.912000e+02
2.650000e+02 3.912000e+02
2.650000e+02 3.918000e+02
2.650000e+02 3.924000e+02
2.650000e+02 3.933000e+02
2.650000e+02 3.942000e+02
2.652500e+02 3.948000e+02
2.655000e+02 3.954000e+02
2.655000e+02 3.954000e+02
2.655000e+02 3.954000e+02
