2.360000e+02 9.600000e+01
2.360000e+02 9.600000e+01
2.360000e+02 9.600000e+01
2.360000e+02 9.600000e+01
2.360000e+02 9.600000e+01
2.362500e+02 9.630000e+01
2.365000e+02 9.660000e+01
2.370000e+02 9.720000e+01
2.375000e+02 9.780000e+01
2.382500e+02 9.870000e+01
2.390000e+02 9.960000e+01
2.402500e+02 1.014000e+02
2.415000e+02 1.032000e+02
2.432500e+02 1.053000e+02
2.450000e+02 1.074000e+02
2.467500e+02 1.101000e+02
2.485000e+02 1.128000e+02
2.505000e+02 1.158000e+02
2.525000e+02 1.188000e+02
2.550000e+02 1.218000e+02
2.575000e+02 1.248000e+02
2.597500e+02 1.284000e+02
2.620000e+02 1.320000e+02
2.647500e+02 1.359000e+02
2.675000e+02 1.398000e+02
2.717500e+02 1.458000e+02
2.760000e+02 1.518000e+02
2.777500e+02 1.545000e+02
2.795000e+02 1.572000e+02
2.840000e+02 1.638000e+02
2.885000e+02 1.704000e+02
2.935000e+02 1.776000e+02
2.985000e+02 1.848000e+02
3.022500e+02 1.905000e+02
3.060000e+02 1.962000e+02
3.095000e+02 2.019000e+02
3.130000e+02 2.076000e+02
3.167500e+02 2.133000e+02
3.205000e+02 2.190000e+02
3.255000e+02 2.274000e+02
3.305000e+02 2.358000e+02
3.322500e+02 2.385000e+02
3.340000e+02 2.412000e+02
3.372500e+02 2.466000e+02
3.405000e+02 2.520000e+02
3.440000e+02 2.574000e+02
3.475000e+02 2.628000e+02
3.507500e+02 2.679000e+02
3.540000e+02 2.730000e+02
3.572500e+02 2.778000e+02
3.605000e+02 2.826000e+02
3.632500e+02 2.868000e+02
3.660000e+02 2.910000e+02
3.687500e+02 2.952000e+02
3.715000e+02 2.994000e+02
3.742500e+02 3.036000e+02
3.770000e+02 3.078000e+02
3.792500e+02 3.114000e+02
3.815000e+02 3.150000e+02
3.835000e+02 3.183000e+02
3.855000e+02 3.216000e+02
3.882500e+02 3.258000e+02
3.910000e+02 3.300000e+02
3.925000e+02 3.324000e+02
3.940000e+02 3.348000e+02
3.950000e+02 3.363000e+02
3.960000e+02 3.378000e+02
3.967500e+02 3.393000e+02
3.975000e+02 3.408000e+02
3.980000e+02 3.420000e+02
3.985000e+02 3.432000e+02
3.985000e+02 3.435000e+02
3.985000e+02 3.438000e+02
3.990000e+02 3.444000e+02
3.995000e+02 3.450000e+02
3.995000e+02 3.456000e+02
3.995000e+02 3.462000e+02
3.997500e+02 3.462000e+02
4.000000e+02 3.462000e+02
4.000000e+02 3.465000e+02
4.000000e+02 3.468000e+02
4.000000e+02 3.468000e+02
4.000000e+02 3.468000e+02
4.000000e+02 3.468000e+02
4.000000e+02 3.468000e+02
3.997500e+02 3.468000e+02
3.995000e+02 3.468000e+02
3.995000e+02 3.468000e+02
3.995000e+02 3.468000e+02
3.990000e+02 3.465000e+02
3.985000e+02 3.462000e+02
3.982500e+02 3.462000e+02
3.980000e+02 3.462000e+02
3.965000e+02 3.459000e+02
3.950000e+02 3.456000e+02
3.902500e+02 3.453000e+02
3.855000e+02 3.450000e+02
3.782500e+02 3.459000e+02
3.710000e+02 3.468000e+02
3.645000e+02 3.477000e+02
3.580000e+02 3.486000e+02
3.525000e+02 3.492000e+02
3.470000e+02 3.498000e+02
3.405000e+02 3.504000e+02
3.340000e+02 3.510000e+02
3.272500e+02 3.516000e+02
3.205000e+02 3.522000e+02
3.135000e+02 3.531000e+02
3.065000e+02 3.540000e+02
2.992500e+02 3.549000e+02
2.920000e+02 3.558000e+02
2.850000e+02 3.570000e+02
2.780000e+02 3.582000e+02
2.707500e+02 3.597000e+02
2.635000e+02 3.612000e+02
2.542500e+02 3.630000e+02
2.450000e+02 3.648000e+02
2.372500e+02 3.663000e+02
2.295000e+02 3.678000e+02
2.252500e+02 3.687000e+02
2.210000e+02 3.696000e+02
2.155000e+02 3.708000e+02
2.100000e+02 3.720000e+02
2.075000e+02 3.726000e+02
2.050000e+02 3.732000e+02
2.020000e+02 3.741000e+02
1.990000e+02 3.750000e+02
1.975000e+02 3.756000e+02
1.960000e+02 3.762000e+02
1.947500e+02 3.765000e+02
1.935000e+02 3.768000e+02
1.925000e+02 3.771000e+02
1.915000e+02 3.774000e+02
1.912500e+02 3.774000e+02
1.910000e+02 3.774000e+02
1.905000e+02 3.774000e+02
1.900000e+02 3.774000e+02
1.897500e+02 3.774000e+02
1.895000e+02 3.774000e+02
1.892500e+02 3.774000e+02
1.890000e+02 3.774000e+02
1.890000e+02 3.774000e+02
1.890000e+02 3.774000e+02
1.887500e+02 3.774000e+02
1.885000e+02 3.774000e+02
1.882500e+02 3.774000e+02
1.880000e+02 3.774000e+02
1.880000e+02 3.768000e+02
1.875000e+02 3.768000e+02
1.875000e+02 3.756000e+02
1.880000e+02 3.738000e+02
1.905000e+02 3.684000e+02
1.945000e+02 3.618000e+02
1.985000e+02 3.552000e+02
2.065000e+02 3.438000e+02
2.090000e+02 3.408000e+02
2.140000e+02 3.330000e+02
2.205000e+02 3.252000e+02
2.265000e+02 3.168000e+02
2.340000e+02 3.066000e+02
2.415000e+02 2.970000e+02
2.520000e+02 2.820000e+02
2.560000e+02 2.772000e+02
2.630000e+02 2.676000e+02
2.710000e+02 2.562000e+02
2.775000e+02 2.478000e+02
2.855000e+02 2.382000e+02
2.935000e+02 2.298000e+02
2.980000e+02 2.250000e+02
3.060000e+02 2.166000e+02
3.160000e+02 2.058000e+02
3.255000e+02 1.962000e+02
3.410000e+02 1.812000e+02
3.505000e+02 1.716000e+02
3.610000e+02 1.608000e+02
3.695000e+02 1.524000e+02
3.820000e+02 1.410000e+02
3.895000e+02 1.338000e+02
3.965000e+02 1.278000e+02
4.035000e+02 1.218000e+02
4.090000e+02 1.164000e+02
4.150000e+02 1.122000e+02
4.200000e+02 1.080000e+02
4.220000e+02 1.062000e+02
4.265000e+02 1.026000e+02
4.300000e+02 9.960000e+01
4.335000e+02 9.660000e+01
4.345000e+02 9.540000e+01
4.360000e+02 9.420000e+01
4.365000e+02 9.360000e+01
4.375000e+02 9.240000e+01
4.380000e+02 9.240000e+01
4.385000e+02 9.180000e+01
4.385000e+02 9.120000e+01
4.385000e+02 9.120000e+01
4.385000e+02 9.120000e+01
4.390000e+02 9.120000e+01
4.390000e+02 9.180000e+01
4.385000e+02 9.180000e+01
4.385000e+02 9.180000e+01
2.360000e+02 9.600000e+01
2.360000e+02 9.600000e+01
2.360000e+02 9.600000e+01
2.360000e+02 9.600000e+01
2.360000e+02 9.600000e+01
2.362500e+02 9.630000e+01
2.365000e+02 9.660000e+01
2.370000e+02 9.720000e+01
2.375000e+02 9.780000e+01
2.382500e+02 9.870000e+01
2.390000e+02 9.960000e+01
2.402500e+02 1.014000e+02
2.415000e+02 1.032000e+02
2.432500e+02 1.053000e+02
2.450000e+02 1.074000e+02
2.467500e+02 1.101000e+02
2.485000e+02 1.128000e+02
2.505000e+02 1.158000e+02
2.525000e+02 1.188000e+02
2.550000e+02 1.218000e+02
2.575000e+02 1.248000e+02
2.597500e+02 1.284000e+02
2.620000e+02 1.320000e+02
2.647500e+02 1.359000e+02
2.675000e+02 1.398000e+02
2.717500e+02 1.458000e+02
2.760000e+02 1.518000e+02
2.777500e+02 1.545000e+02
2.795000e+02 1.572000e+02
2.840000e+02 1.638000e+02
2.885000e+02 1.704000e+02
2.935000e+02 1.776000e+02
2.985000e+02 1.848000e+02
3.022500e+02 1.905000e+02
3.060000e+02 1.962000e+02
3.095000e+02 2.019000e+02
3.130000e+02 2.076000e+02
3.167500e+02 2.133000e+02
3.205000e+02 2.190000e+02
3.255000e+02 2.274000e+02
3.305000e+02 2.358000e+02
3.322500e+02 2.385000e+02
3.340000e+02 2.412000e+02
3.372500e+02 2.466000e+02
3.405000e+02 2.520000e+02
3.440000e+02 2.574000e+02
3.475000e+02 2.628000e+02
3.507500e+02 2.679000e+02
3.540000e+02 2.730000e+02
3.572500e+02 2.778000e+02
3.605000e+02 2.826000e+02
3.632500e+02 2.868000e+02
3.660000e+02 2.910000e+02
3.687500e+02 2.952000e+02
3.715000e+02 2.994000e+02
3.742500e+02 3.036000e+02
3.770000e+02 3.078000e+02
3.792500e+02 3.114000e+02
3.815000e+02 3.150000e+02
3.835000e+02 3.183000e+02
3.855000e+02 3.216000e+02
3.882500e+02 3.258000e+02
3.910000e+02 3.300000e+02
3.925000e+02 3.324000e+02
3.940000e+02 3.348000e+02
3.950000e+02 3.363000e+02
3.960000e+02 3.378000e+02
3.967500e+02 3.393000e+02
3.975000e+02 3.408000e+02
3.980000e+02 3.420000e+02
3.985000e+02 3.432000e+02
3.985000e+02 3.435000e+02
3.985000e+02 3.438000e+02
3.990000e+02 3.444000e+02
3.995000e+02 3.450000e+02
3.995000e+02 3.456000e+02
3.995000e+02 3.462000e+02
3.997500e+02 3.462000e+02
4.000000e+02 3.462000e+02
4.000000e+02 3.465000e+02
4.000000e+02 3.468000e+02
4.000000e+02 3.468000e+02
4.000000e+02 3.468000e+02
4.000000e+02 3.468000e+02
4.000000e+02 3.468000e+02
3.997500e+02 3.468000e+02
3.995000e+02 3.468000e+02
3.995000e+02 3.468000e+02
3.995000e+02 3.468000e+02
3.990000e+02 3.465000e+02
3.985000e+02 3.462000e+02
3.982500e+02 3.462000e+02
3.980000e+02 3.462000e+02
3.965000e+02 3.459000e+02
3.950000e+02 3.456000e+02
3.902500e+02 3.453000e+02
3.855000e+02 3.450000e+02
3.782500e+02 3.459000e+02
3.710000e+02 3.468000e+02
3.645000e+02 3.477000e+02
3.580000e+02 3.486000e+02
3.525000e+02 3.492000e+02
3.470000e+02 3.498000e+02
3.405000e+02 3.504000e+02
3.340000e+02 3.510000e+02
3.272500e+02 3.516000e+02
3.205000e+02 3.522000e+02
3.135000e+02 3.531000e+02
3.065000e+02 3.540000e+02
2.992500e+02 3.549000e+02
2.920000e+02 3.558000e+02
2.850000e+02 3.570000e+02
2.780000e+02 3.582000e+02
2.707500e+02 3.597000e+02
2.635000e+02 3.612000e+02
2.542500e+02 3.630000e+02
2.450000e+02 3.648000e+02
2.372500e+02 3.663000e+02
2.295000e+02 3.678000e+02
2.252500e+02 3.687000e+02
2.210000e+02 3.696000e+02
2.155000e+02 3.708000e+02
2.100000e+02 3.720000e+02
2.075000e+02 3.726000e+02
2.050000e+02 3.732000e+02
2.020000e+02 3.741000e+02
1.990000e+02 3.750000e+02
1.975000e+02 3.756000e+02
1.960000e+02 3.762000e+02
1.947500e+02 3.765000e+02
1.935000e+02 3.768000e+02
1.925000e+02 3.771000e+02
1.915000e+02 3.774000e+02
1.912500e+02 3.774000e+02
1.910000e+02 3.774000e+02
1.905000e+02 3.774000e+02
1.900000e+02 3.774000e+02
1.897500e+02 3.774000e+02
1.895000e+02 3.774000e+02
1.892500e+02 3.774000e+02
1.890000e+02 3.774000e+02
1.890000e+02 3.774000e+02
1.890000e+02 3.774000e+02
1.887500e+02 3.774000e+02
1.885000e+02 3.774000e+02
1.882500e+02 3.774000e+02
1.880000e+02 3.774000e+02
1.880000e+02 3.768000e+02
1.875000e+02 3.768000e+02
1.875000e+02 3.756000e+02
1.880000e+02 3.738000e+02
1.905000e+02 3.684000e+02
1.945000e+02 3.618000e+02
1.985000e+02 3.552000e+02
2.065000e+02 3.438000e+02
2.090000e+02 3.408000e+02
2.140000e+02 3.330000e+02
2.205000e+02 3.252000e+02
2.265000e+02 3.168000e+02
2.340000e+02 3.066000e+02
2.415000e+02 2.970000e+02
2.520000e+02 2.820000e+02
2.560000e+02 2.772000e+02
2.630000e+02 2.676000e+02
2.710000e+02 2.562000e+02
2.775000e+02 2.478000e+02
2.855000e+02 2.382000e+02
2.935000e+02 2.298000e+02
2.980000e+02 2.250000e+02
3.060000e+02 2.166000e+02
3.160000e+02 2.058000e+02
3.255000e+02 1.962000e+02
3.410000e+02 1.812000e+02
3.505000e+02 1.716000e+02
3.610000e+02 1.608000e+02
3.695000e+02 1.524000e+02
3.820000e+02 1.410000e+02
3.895000e+02 1.338000e+02
3.965000e+02 1.278000e+02
4.035000e+02 1.218000e+02
4.090000e+02 1.164000e+02
4.150000e+02 1.122000e+02
4.200000e+02 1.080000e+02
4.220000e+02 1.062000e+02
4.265000e+02 1.026000e+02
4.300000e+02 9.960000e+01
4.335000e+02 9.660000e+01
4.345000e+02 9.540000e+01
4.360000e+02 9.420000e+01
4.365000e+02 9.360000e+01
4.375000e+02 9.240000e+01
4.380000e+02 9.240000e+01
4.385000e+02 9.180000e+01
4.385000e+02 9.120000e+01
4.385000e+02 9.120000e+01
4.385000e+02 9.120000e+01
4.390000e+02 9.120000e+01
4.390000e+02 9.180000e+01
4.385000e+02 9.180000e+01
4.385000e+02 9.180000e+01
2.360000e+02 9.600000e+01
2.360000e+02 9.600000e+01
2.360000e+02 9.600000e+01
2.360000e+02 9.600000e+01
2.360000e+02 9.600000e+01
2.362500e+02 9.630000e+01
2.365000e+02 9.660000e+01
2.370000e+02 9.720000e+01
2.375000e+02 9.780000e+01
2.382500e+02 9.870000e+01
2.390000e+02 9.960000e+01
2.402500e+02 1.014000e+02
2.415000e+02 1.032000e+02
2.432500e+02 1.053000e+02
2.450000e+02 1.074000e+02
2.467500e+02 1.101000e+02
2.485000e+02 1.128000e+02
2.505000e+02 1.158000e+02
2.525000e+02 1.188000e+02
2.550000e+02 1.218000e+02
2.575000e+02 1.248000e+02
2.597500e+02 1.284000e+02
2.620000e+02 1.320000e+02
2.647500e+02 1.359000e+02
2.675000e+02 1.398000e+02
2.717500e+02 1.458000e+02
2.760000e+02 1.518000e+02
2.777500e+02 1.545000e+02
2.795000e+02 1.572000e+02
2.840000e+02 1.638000e+02
2.885000e+02 1.704000e+02
2.935000e+02 1.776000e+02
2.985000e+02 1.848000e+02
3.022500e+02 1.905000e+02
3.060000e+02 1.962000e+02
3.095000e+02 2.019000e+02
3.130000e+02 2.076000e+02
3.167500e+02 2.133000e+02
3.205000e+02 2.190000e+02
3.255000e+02 2.274000e+02
3.305000e+02 2.358000e+02
3.322500e+02 2.385000e+02
3.340000e+02 2.412000e+02
3.372500e+02 2.466000e+02
3.405000e+02 2.520000e+02
3.440000e+02 2.574000e+02
3.475000e+02 2.628000e+02
3.507500e+02 2.679000e+02
3.540000e+02 2.730000e+02
3.572500e+02 2.778000e+02
3.605000e+02 2.826000e+02
3.632500e+02 2.868000e+02
3.660000e+02 2.910000e+02
3.687500e+02 2.952000e+02
3.715000e+02 2.994000e+02
3.742500e+02 3.036000e+02
3.770000e+02 3.078000e+02
3.792500e+02 3.114000e+02
3.815000e+02 3.150000e+02
3.835000e+02 3.183000e+02
3.855000e+02 3.216000e+02
3.882500e+02 3.258000e+02
3.910000e+02 3.300000e+02
3.925000e+02 3.324000e+02
3.940000e+02 3.348000e+02
3.950000e+02 3.363000e+02
3.960000e+02 3.378000e+02
3.967500e+02 3.393000e+02
3.975000e+02 3.408000e+02
3.980000e+02 3.420000e+02
3.985000e+02 3.432000e+02
3.985000e+02 3.435000e+02
3.985000e+02 3.438000e+02
3.990000e+02 3.444000e+02
3.995000e+02 3.450000e+02
3.995000e+02 3.456000e+02
3.995000e+02 3.462000e+02
3.997500e+02 3.462000e+02
4.000000e+02 3.462000e+02
4.000000e+02 3.465000e+02
4.000000e+02 3.468000e+02
4.000000e+02 3.468000e+02
4.000000e+02 3.468000e+02
4.000000e+02 3.468000e+02
4.000000e+02 3.468000e+02
3.997500e+02 3.468000e+02
3.995000e+02 3.468000e+02
3.995000e+02 3.468000e+02
3.995000e+02 3.468000e+02
3.990000e+02 3.465000e+02
3.985000e+02 3.462000e+02
3.982500e+02 3.462000e+02
3.980000e+02 3.462000e+02
3.965000e+02 3.459000e+02
3.950000e+02 3.456000e+02
3.902500e+02 3.453000e+02
3.855000e+02 3.450000e+02
3.782500e+02 3.459000e+02
3.710000e+02 3.468000e+02
3.645000e+02 3.477000e+02
3.580000e+02 3.486000e+02
3.525000e+02 3.492000e+02
3.470000e+02 3.498000e+02
3.405000e+02 3.504000e+02
3.340000e+02 3.510000e+02
3.272500e+02 3.516000e+02
3.205000e+02 3.522000e+02
3.135000e+02 3.531000e+02
3.065000e+02 3.540000e+02
2.992500e+02 3.549000e+02
2.920000e+02 3.558000e+02
2.850000e+02 3.570000e+02
2.780000e+02 3.582000e+02
2.707500e+02 3.597000e+02
2.635000e+02 3.612000e+02
2.542500e+02 3.630000e+02
2.450000e+02 3.648000e+02
2.372500e+02 3.663000e+02
2.295000e+02 3.678000e+02
2.252500e+02 3.687000e+02
2.210000e+02 3.696000e+02
2.155000e+02 3.708000e+02
2.100000e+02 3.720000e+02
2.075000e+02 3.726000e+02
2.050000e+02 3.732000e+02
2.020000e+02 3.741000e+02
1.990000e+02 3.750000e+02
1.975000e+02 3.756000e+02
1.960000e+02 3.762000e+02
1.947500e+02 3.765000e+02
1.935000e+02 3.768000e+02
1.925000e+02 3.771000e+02
1.915000e+02 3.774000e+02
1.912500e+02 3.774000e+02
1.910000e+02 3.774000e+02
1.905000e+02 3.774000e+02
1.900000e+02 3.774000e+02
1.897500e+02 3.774000e+02
1.895000e+02 3.774000e+02
1.892500e+02 3.774000e+02
1.890000e+02 3.774000e+02
1.890000e+02 3.774000e+02
1.890000e+02 3.774000e+02
1.887500e+02 3.774000e+02
1.885000e+02 3.774000e+02
1.882500e+02 3.774000e+02
1.880000e+02 3.774000e+02
1.880000e+02 3.768000e+02
1.875000e+02 3.768000e+02
1.875000e+02 3.756000e+02
1.880000e+02 3.738000e+02
1.905000e+02 3.684000e+02
1.945000e+02 3.618000e+02
1.985000e+02 3.552000e+02
2.065000e+02 3.438000e+02
2.090000e+02 3.408000e+02
2.140000e+02 3.330000e+02
2.205000e+02 3.252000e+02
2.265000e+02 3.168000e+02
2.340000e+02 3.066000e+02
2.415000e+02 2.970000e+02
2.520000e+02 2.820000e+02
2.560000e+02 2.772000e+02
2.630000e+02 2.676000e+02
2.710000e+02 2.562000e+02
2.775000e+02 2.478000e+02
2.855000e+02 2.382000e+02
2.935000e+02 2.298000e+02
2.980000e+02 2.250000e+02
3.060000e+02 2.166000e+02
3.160000e+02 2.058000e+02
3.255000e+02 1.962000e+02
3.410000e+02 1.812000e+02
3.505000e+02 1.716000e+02
3.610000e+02 1.608000e+02
3.695000e+02 1.524000e+02
3.820000e+02 1.410000e+02
3.895000e+02 1.338000e+02
3.965000e+02 1.278000e+02
4.035000e+02 1.218000e+02
4.090000e+02 1.164000e+02
4.150000e+02 1.122000e+02
4.200000e+02 1.080000e+02
4.220000e+02 1.062000e+02
4.265000e+02 1.026000e+02
4.300000e+02 9.960000e+01
4.335000e+02 9.660000e+01
4.345000e+02 9.540000e+01
4.360000e+02 9.420000e+01
4.365000e+02 9.360000e+01
4.375000e+02 9.240000e+01
4.380000e+02 9.240000e+01
4.385000e+02 9.180000e+01
4.385000e+02 9.120000e+01
4.385000e+02 9.120000e+01
4.385000e+02 9.120000e+01
4.390000e+02 9.120000e+01
4.390000e+02 9.180000e+01
4.385000e+02 9.180000e+01
4.385000e+02 9.180000e+01
