1.505000e+02 3.894000e+02
1.505000e+02 3.894000e+02
1.505000e+02 3.894000e+02
1.502500e+02 3.891000e+02
1.500000e+02 3.888000e+02
1.497500e+02 3.879000e+02
1.495000e+02 3.870000e+02
1.492500e+02 3.846000e+02
1.490000e+02 3.822000e+02
1.492500e+02 3.783000e+02
1.495000e+02 3.744000e+02
1.502500e+02 3.693000e+02
1.510000e+02 3.642000e+02
1.520000e+02 3.579000e+02
1.530000e+02 3.516000e+02
1.545000e+02 3.447000e+02
1.560000e+02 3.378000e+02
1.577500e+02 3.309000e+02
1.595000e+02 3.240000e+02
1.615000e+02 3.159000e+02
1.635000e+02 3.078000e+02
1.652500e+02 2.994000e+02
1.670000e+02 2.910000e+02
1.692500e+02 2.829000e+02
1.715000e+02 2.748000e+02
1.745000e+02 2.628000e+02
1.775000e+02 2.508000e+02
1.785000e+02 2.466000e+02
1.795000e+02 2.424000e+02
1.817500e+02 2.331000e+02
1.840000e+02 2.238000e+02
1.870000e+02 2.118000e+02
1.900000e+02 1.998000e+02
1.920000e+02 1.923000e+02
1.940000e+02 1.848000e+02
1.957500e+02 1.779000e+02
1.975000e+02 1.710000e+02
1.992500e+02 1.641000e+02
2.010000e+02 1.572000e+02
2.025000e+02 1.500000e+02
2.040000e+02 1.428000e+02
2.055000e+02 1.371000e+02
2.070000e+02 1.314000e+02
2.087500e+02 1.251000e+02
2.105000e+02 1.188000e+02
2.117500e+02 1.131000e+02
2.130000e+02 1.074000e+02
2.140000e+02 1.026000e+02
2.150000e+02 9.780000e+01
2.175000e+02 8.640000e+01
2.195000e+02 7.860000e+01
2.215000e+02 7.200000e+01
2.230000e+02 6.660000e+01
2.240000e+02 6.240000e+01
2.245000e+02 5.940000e+01
2.250000e+02 5.820000e+01
2.255000e+02 5.700000e+01
2.255000e+02 5.640000e+01
2.260000e+02 5.640000e+01
2.270000e+02 5.700000e+01
2.305000e+02 6.000000e+01
2.340000e+02 6.480000e+01
2.385000e+02 7.140000e+01
2.445000e+02 8.100000e+01
2.495000e+02 9.000000e+01
2.555000e+02 1.002000e+02
2.615000e+02 1.116000e+02
2.680000e+02 1.230000e+02
2.755000e+02 1.368000e+02
2.825000e+02 1.500000e+02
2.890000e+02 1.644000e+02
3.000000e+02 1.854000e+02
3.075000e+02 1.998000e+02
3.155000e+02 2.148000e+02
3.235000e+02 2.298000e+02
3.310000e+02 2.448000e+02
3.430000e+02 2.670000e+02
3.470000e+02 2.736000e+02
3.595000e+02 2.958000e+02
3.665000e+02 3.084000e+02
3.780000e+02 3.264000e+02
3.845000e+02 3.372000e+02
3.945000e+02 3.516000e+02
3.995000e+02 3.594000e+02
4.040000e+02 3.660000e+02
4.070000e+02 3.708000e+02
4.095000e+02 3.750000e+02
4.110000e+02 3.774000e+02
4.115000e+02 3.786000e+02
4.120000e+02 3.798000e+02
4.120000e+02 3.804000e+02
4.120000e+02 3.804000e+02
4.120000e+02 3.804000e+02
4.105000e+02 3.798000e+02
4.060000e+02 3.774000e+02
3.960000e+02 3.726000e+02
3.840000e+02 3.672000e+02
3.720000e+02 3.618000e+02
3.535000e+02 3.534000e+02
3.400000e+02 3.474000e+02
3.265000e+02 3.414000e+02
3.115000e+02 3.342000e+02
2.980000e+02 3.270000e+02
2.845000e+02 3.198000e+02
2.710000e+02 3.120000e+02
2.575000e+02 3.048000e+02
2.435000e+02 2.958000e+02
2.310000e+02 2.874000e+02
2.190000e+02 2.784000e+02
2.015000e+02 2.658000e+02
1.965000e+02 2.616000e+02
1.800000e+02 2.490000e+02
1.660000e+02 2.376000e+02
1.530000e+02 2.280000e+02
1.440000e+02 2.214000e+02
1.370000e+02 2.160000e+02
1.310000e+02 2.118000e+02
1.255000e+02 2.076000e+02
1.215000e+02 2.046000e+02
1.185000e+02 2.022000e+02
1.165000e+02 1.998000e+02
1.150000e+02 1.986000e+02
1.140000e+02 1.968000e+02
1.140000e+02 1.962000e+02
1.140000e+02 1.950000e+02
1.185000e+02 1.908000e+02
1.260000e+02 1.872000e+02
1.365000e+02 1.824000e+02
1.485000e+02 1.776000e+02
1.635000e+02 1.728000e+02
1.780000e+02 1.692000e+02
1.930000e+02 1.650000e+02
2.090000e+02 1.602000e+02
2.260000e+02 1.560000e+02
2.440000e+02 1.518000e+02
2.620000e+02 1.482000e+02
2.800000e+02 1.440000e+02
3.065000e+02 1.386000e+02
3.250000e+02 1.356000e+02
3.425000e+02 1.320000e+02
3.585000e+02 1.284000e+02
3.735000e+02 1.260000e+02
3.885000e+02 1.236000e+02
4.020000e+02 1.218000e+02
4.130000e+02 1.200000e+02
4.225000e+02 1.188000e+02
4.305000e+02 1.170000e+02
4.365000e+02 1.164000e+02
4.420000e+02 1.164000e+02
4.455000e+02 1.164000e+02
4.475000e+02 1.164000e+02
4.490000e+02 1.170000e+02
4.495000e+02 1.176000e+02
4.500000e+02 1.176000e+02
4.500000e+02 1.188000e+02
4.495000e+02 1.200000e+02
4.475000e+02 1.230000e+02
4.425000e+02 1.278000e+02
4.350000e+02 1.338000e+02
4.265000e+02 1.392000e+02
4.160000e+02 1.452000e+02
3.970000e+02 1.560000e+02
3.830000e+02 1.644000e+02
3.670000e+02 1.740000e+02
3.520000e+02 1.836000e+02
3.345000e+02 1.938000e+02
3.175000e+02 2.052000e+02
2.995000e+02 2.172000e+02
2.800000e+02 2.310000e+02
2.620000e+02 2.448000e+02
2.445000e+02 2.586000e+02
2.285000e+02 2.724000e+02
2.115000e+02 2.868000e+02
1.945000e+02 3.018000e+02
1.795000e+02 3.162000e+02
1.660000e+02 3.288000e+02
1.530000e+02 3.420000e+02
1.420000e+02 3.534000e+02
1.310000e+02 3.648000e+02
1.215000e+02 3.738000e+02
1.145000e+02 3.810000e+02
1.080000e+02 3.882000e+02
1.035000e+02 3.930000e+02
9.900000e+01 3.972000e+02
9.550000e+01 4.014000e+02
9.350000e+01 4.032000e+02
9.300000e+01 4.038000e+02
9.200000e+01 4.044000e+02
9.200000e+01 4.044000e+02
9.150000e+01 4.044000e+02
9.150000e+01 4.044000e+02
9.150000e+01 4.044000e+02
9.150000e+01 4.044000e+02
9.150000e+01 4.044000e+02
9.100000e+01 4.044000e+02
9.100000e+01 4.044000e+02
9.100000e+01 4.044000e+02
9.100000e+01 4.044000e+02
9.100000e+01 4.056000e+02
9.100000e+01 4.056000e+02
