2.850000e+02 9.240000e+01
2.850000e+02 9.240000e+01
2.850000e+02 9.240000e+01
2.850000e+02 9.240000e+01
2.850000e+02 9.240000e+01
2.848750e+02 9.255000e+01
2.847500e+02 9.270000e+01
2.846250e+02 9.285000e+01
2.845000e+02 9.300000e+01
2.843750e+02 9.330000e+01
2.842500e+02 9.360000e+01
2.841250e+02 9.390000e+01
2.840000e+02 9.420000e+01
2.838750e+02 9.495000e+01
2.837500e+02 9.570000e+01
2.836250e+02 9.645000e+01
2.835000e+02 9.720000e+01
2.833750e+02 9.765000e+01
2.832500e+02 9.810000e+01
2.831250e+02 9.855000e+01
2.830000e+02 9.900000e+01
2.827500e+02 1.011000e+02
2.825000e+02 1.032000e+02
2.822500e+02 1.053000e+02
2.820000e+02 1.074000e+02
2.818750e+02 1.089000e+02
2.817500e+02 1.104000e+02
2.816250e+02 1.119000e+02
2.815000e+02 1.134000e+02
2.815000e+02 1.149000e+02
2.815000e+02 1.164000e+02
2.815000e+02 1.179000e+02
2.815000e+02 1.194000e+02
2.813750e+02 1.213500e+02
2.812500e+02 1.233000e+02
2.811250e+02 1.252500e+02
2.810000e+02 1.272000e+02
2.810000e+02 1.288500e+02
2.810000e+02 1.305000e+02
2.810000e+02 1.321500e+02
2.810000e+02 1.338000e+02
2.810000e+02 1.356000e+02
2.810000e+02 1.374000e+02
2.810000e+02 1.392000e+02
2.810000e+02 1.410000e+02
2.810000e+02 1.425000e+02
2.810000e+02 1.440000e+02
2.810000e+02 1.455000e+02
2.810000e+02 1.470000e+02
2.810000e+02 1.486500e+02
2.810000e+02 1.503000e+02
2.810000e+02 1.519500e+02
2.810000e+02 1.536000e+02
2.810000e+02 1.552500e+02
2.810000e+02 1.569000e+02
2.810000e+02 1.585500e+02
2.810000e+02 1.602000e+02
2.810000e+02 1.620000e+02
2.810000e+02 1.638000e+02
2.810000e+02 1.656000e+02
2.810000e+02 1.674000e+02
2.810000e+02 1.692000e+02
2.810000e+02 1.710000e+02
2.810000e+02 1.728000e+02
2.810000e+02 1.746000e+02
2.810000e+02 1.762500e+02
2.810000e+02 1.779000e+02
2.810000e+02 1.795500e+02
2.810000e+02 1.812000e+02
2.810000e+02 1.830000e+02
2.810000e+02 1.848000e+02
2.810000e+02 1.866000e+02
2.810000e+02 1.884000e+02
2.811250e+02 1.902000e+02
2.812500e+02 1.920000e+02
2.813750e+02 1.938000e+02
2.815000e+02 1.956000e+02
2.815000e+02 1.975500e+02
2.815000e+02 1.995000e+02
2.815000e+02 2.014500e+02
2.815000e+02 2.034000e+02
2.815000e+02 2.059500e+02
2.815000e+02 2.085000e+02
2.815000e+02 2.110500e+02
2.815000e+02 2.136000e+02
2.815000e+02 2.154000e+02
2.815000e+02 2.172000e+02
2.815000e+02 2.190000e+02
2.815000e+02 2.208000e+02
2.816250e+02 2.226000e+02
2.817500e+02 2.244000e+02
2.818750e+02 2.262000e+02
2.820000e+02 2.280000e+02
2.820000e+02 2.299500e+02
2.820000e+02 2.319000e+02
2.820000e+02 2.338500e+02
2.820000e+02 2.358000e+02
2.820000e+02 2.376000e+02
2.820000e+02 2.394000e+02
2.820000e+02 2.412000e+02
2.820000e+02 2.430000e+02
2.820000e+02 2.448000e+02
2.820000e+02 2.466000e+02
2.820000e+02 2.484000e+02
2.820000e+02 2.502000e+02
2.820000e+02 2.518500e+02
2.820000e+02 2.535000e+02
2.820000e+02 2.551500e+02
2.820000e+02 2.568000e+02
2.820000e+02 2.587500e+02
2.820000e+02 2.607000e+02
2.820000e+02 2.626500e+02
2.820000e+02 2.646000e+02
2.818750e+02 2.662500e+02
2.817500e+02 2.679000e+02
2.816250e+02 2.695500e+02
2.815000e+02 2.712000e+02
2.815000e+02 2.731500e+02
2.815000e+02 2.751000e+02
2.815000e+02 2.770500e+02
2.815000e+02 2.790000e+02
2.813750e+02 2.806500e+02
2.812500e+02 2.823000e+02
2.811250e+02 2.839500e+02
2.810000e+02 2.856000e+02
2.810000e+02 2.874000e+02
2.810000e+02 2.892000e+02
2.810000e+02 2.910000e+02
2.810000e+02 2.928000e+02
2.810000e+02 2.944500e+02
2.810000e+02 2.961000e+02
2.810000e+02 2.977500e+02
2.810000e+02 2.994000e+02
2.810000e+02 3.013500e+02
2.810000e+02 3.033000e+02
2.810000e+02 3.052500e+02
2.810000e+02 3.072000e+02
2.808750e+02 3.090000e+02
2.807500e+02 3.108000e+02
2.806250e+02 3.126000e+02
2.805000e+02 3.144000e+02
2.805000e+02 3.171000e+02
2.805000e+02 3.198000e+02
2.805000e+02 3.252000e+02
2.807500e+02 3.309000e+02
2.810000e+02 3.366000e+02
2.810000e+02 3.399000e+02
2.810000e+02 3.432000e+02
2.810000e+02 3.459000e+02
2.810000e+02 3.486000e+02
2.812500e+02 3.516000e+02
2.815000e+02 3.546000e+02
2.815000e+02 3.573000e+02
2.815000e+02 3.600000e+02
2.817500e+02 3.624000e+02
2.820000e+02 3.648000e+02
2.822500e+02 3.675000e+02
2.825000e+02 3.702000e+02
2.827500e+02 3.726000e+02
2.830000e+02 3.750000e+02
2.830000e+02 3.771000e+02
2.830000e+02 3.792000e+02
2.832500e+02 3.810000e+02
2.835000e+02 3.828000e+02
2.835000e+02 3.846000e+02
2.835000e+02 3.864000e+02
2.835000e+02 3.882000e+02
2.835000e+02 3.900000e+02
2.835000e+02 3.915000e+02
2.835000e+02 3.930000e+02
2.832500e+02 3.945000e+02
2.830000e+02 3.960000e+02
2.830000e+02 3.975000e+02
2.830000e+02 3.990000e+02
2.830000e+02 4.005000e+02
2.830000e+02 4.020000e+02
2.827500e+02 4.041000e+02
2.825000e+02 4.062000e+02
2.825000e+02 4.074000e+02
2.825000e+02 4.086000e+02
2.825000e+02 4.098000e+02
2.825000e+02 4.110000e+02
2.825000e+02 4.119000e+02
2.825000e+02 4.128000e+02
2.825000e+02 4.137000e+02
2.825000e+02 4.146000e+02
2.825000e+02 4.155000e+02
2.825000e+02 4.164000e+02
2.822500e+02 4.173000e+02
2.820000e+02 4.182000e+02
2.820000e+02 4.188000e+02
2.820000e+02 4.194000e+02
2.820000e+02 4.197000e+02
2.820000e+02 4.200000e+02
2.820000e+02 4.209000e+02
2.820000e+02 4.218000e+02
2.817500e+02 4.224000e+02
2.815000e+02 4.230000e+02
2.815000e+02 4.230000e+02
2.815000e+02 4.230000e+02
