1.250000e+02 2.286000e+02
1.250000e+02 2.286000e+02
1.250000e+02 2.286000e+02
1.250000e+02 2.286000e+02
1.250000e+02 2.286000e+02
1.250000e+02 2.286000e+02
1.250000e+02 2.286000e+02
1.250000e+02 2.286000e+02
1.250000e+02 2.286000e+02
1.250000e+02 2.286000e+02
1.250000e+02 2.286000e+02
1.250000e+02 2.286000e+02
1.250000e+02 2.286000e+02
1.250000e+02 2.286000e+02
1.250000e+02 2.286000e+02
1.250000e+02 2.286000e+02
1.250000e+02 2.286000e+02
1.250000e+02 2.284500e+02
1.250000e+02 2.283000e+02
1.250000e+02 2.280000e+02
1.250000e+02 2.283000e+02
1.250000e+02 2.286000e+02
1.250000e+02 2.286000e+02
1.250000e+02 2.286000e+02
1.250000e+02 2.289000e+02
1.250000e+02 2.292000e+02
1.255000e+02 2.301000e+02
1.260000e+02 2.310000e+02
1.265000e+02 2.322000e+02
1.270000e+02 2.334000e+02
1.280000e+02 2.352000e+02
1.290000e+02 2.370000e+02
1.300000e+02 2.391000e+02
1.310000e+02 2.412000e+02
1.322500e+02 2.433000e+02
1.335000e+02 2.454000e+02
1.345000e+02 2.478000e+02
1.355000e+02 2.502000e+02
1.367500e+02 2.526000e+02
1.380000e+02 2.550000e+02
1.390000e+02 2.580000e+02
1.400000e+02 2.610000e+02
1.412500e+02 2.640000e+02
1.425000e+02 2.670000e+02
1.437500e+02 2.703000e+02
1.450000e+02 2.736000e+02
1.462500e+02 2.769000e+02
1.475000e+02 2.802000e+02
1.485000e+02 2.835000e+02
1.495000e+02 2.868000e+02
1.507500e+02 2.904000e+02
1.520000e+02 2.940000e+02
1.527500e+02 2.973000e+02
1.535000e+02 3.006000e+02
1.545000e+02 3.039000e+02
1.555000e+02 3.072000e+02
1.570000e+02 3.123000e+02
1.585000e+02 3.174000e+02
1.590000e+02 3.192000e+02
1.595000e+02 3.210000e+02
1.607500e+02 3.264000e+02
1.620000e+02 3.318000e+02
1.627500e+02 3.351000e+02
1.635000e+02 3.384000e+02
1.640000e+02 3.414000e+02
1.645000e+02 3.444000e+02
1.652500e+02 3.468000e+02
1.660000e+02 3.492000e+02
1.665000e+02 3.519000e+02
1.670000e+02 3.546000e+02
1.675000e+02 3.570000e+02
1.680000e+02 3.594000e+02
1.685000e+02 3.612000e+02
1.690000e+02 3.630000e+02
1.695000e+02 3.648000e+02
1.700000e+02 3.666000e+02
1.705000e+02 3.678000e+02
1.710000e+02 3.690000e+02
1.715000e+02 3.702000e+02
1.720000e+02 3.714000e+02
1.722500e+02 3.723000e+02
1.725000e+02 3.732000e+02
1.727500e+02 3.738000e+02
1.730000e+02 3.744000e+02
1.732500e+02 3.747000e+02
1.735000e+02 3.750000e+02
1.735000e+02 3.753000e+02
1.735000e+02 3.756000e+02
1.737500e+02 3.759000e+02
1.740000e+02 3.762000e+02
1.742500e+02 3.762000e+02
1.745000e+02 3.762000e+02
1.747500e+02 3.762000e+02
1.750000e+02 3.762000e+02
1.752500e+02 3.759000e+02
1.755000e+02 3.756000e+02
1.757500e+02 3.750000e+02
1.760000e+02 3.744000e+02
1.767500e+02 3.732000e+02
1.775000e+02 3.720000e+02
1.790000e+02 3.699000e+02
1.805000e+02 3.678000e+02
1.830000e+02 3.639000e+02
1.855000e+02 3.600000e+02
1.862500e+02 3.588000e+02
1.870000e+02 3.576000e+02
1.905000e+02 3.525000e+02
1.940000e+02 3.474000e+02
1.962500e+02 3.441000e+02
1.985000e+02 3.408000e+02
2.007500e+02 3.369000e+02
2.030000e+02 3.330000e+02
2.055000e+02 3.291000e+02
2.080000e+02 3.252000e+02
2.107500e+02 3.210000e+02
2.135000e+02 3.168000e+02
2.162500e+02 3.126000e+02
2.190000e+02 3.084000e+02
2.215000e+02 3.042000e+02
2.240000e+02 3.000000e+02
2.272500e+02 2.958000e+02
2.305000e+02 2.916000e+02
2.335000e+02 2.874000e+02
2.365000e+02 2.832000e+02
2.402500e+02 2.784000e+02
2.440000e+02 2.736000e+02
2.475000e+02 2.691000e+02
2.510000e+02 2.646000e+02
2.562500e+02 2.583000e+02
2.615000e+02 2.520000e+02
2.672500e+02 2.454000e+02
2.730000e+02 2.388000e+02
2.795000e+02 2.319000e+02
2.860000e+02 2.250000e+02
2.900000e+02 2.214000e+02
2.940000e+02 2.178000e+02
2.977500e+02 2.139000e+02
3.015000e+02 2.100000e+02
3.052500e+02 2.064000e+02
3.090000e+02 2.028000e+02
3.127500e+02 1.992000e+02
3.165000e+02 1.956000e+02
3.202500e+02 1.920000e+02
3.240000e+02 1.884000e+02
3.275000e+02 1.854000e+02
3.310000e+02 1.824000e+02
3.360000e+02 1.776000e+02
3.410000e+02 1.728000e+02
3.455000e+02 1.686000e+02
3.500000e+02 1.644000e+02
3.547500e+02 1.605000e+02
3.595000e+02 1.566000e+02
3.627500e+02 1.542000e+02
3.660000e+02 1.518000e+02
3.687500e+02 1.494000e+02
3.715000e+02 1.470000e+02
3.747500e+02 1.449000e+02
3.780000e+02 1.428000e+02
3.807500e+02 1.410000e+02
3.835000e+02 1.392000e+02
3.862500e+02 1.371000e+02
3.890000e+02 1.350000e+02
3.917500e+02 1.332000e+02
3.945000e+02 1.314000e+02
3.970000e+02 1.299000e+02
3.995000e+02 1.284000e+02
4.020000e+02 1.269000e+02
4.045000e+02 1.254000e+02
4.067500e+02 1.242000e+02
4.090000e+02 1.230000e+02
4.115000e+02 1.215000e+02
4.140000e+02 1.200000e+02
4.162500e+02 1.188000e+02
4.185000e+02 1.176000e+02
4.202500e+02 1.164000e+02
4.220000e+02 1.152000e+02
4.237500e+02 1.143000e+02
4.255000e+02 1.134000e+02
4.270000e+02 1.125000e+02
4.285000e+02 1.116000e+02
4.300000e+02 1.110000e+02
4.315000e+02 1.104000e+02
4.325000e+02 1.098000e+02
4.335000e+02 1.092000e+02
4.345000e+02 1.086000e+02
4.355000e+02 1.080000e+02
4.360000e+02 1.077000e+02
4.365000e+02 1.074000e+02
4.367500e+02 1.071000e+02
4.370000e+02 1.068000e+02
4.375000e+02 1.068000e+02
4.380000e+02 1.068000e+02
4.382500e+02 1.068000e+02
4.385000e+02 1.068000e+02
4.387500e+02 1.071000e+02
4.390000e+02 1.074000e+02
4.395000e+02 1.080000e+02
4.400000e+02 1.086000e+02
4.400000e+02 1.086000e+02
4.400000e+02 1.086000e+02
