2.565000e+02 1.182000e+02
2.565000e+02 1.182000e+02
2.565000e+02 1.182000e+02
2.562500e+02 1.179000e+02
2.560000e+02 1.176000e+02
2.560000e+02 1.176000e+02
2.560000e+02 1.176000e+02
2.560000e+02 1.173000e+02
2.560000e+02 1.170000e+02
2.560000e+02 1.170000e+02
2.560000e+02 1.170000e+02
2.560000e+02 1.170000e+02
2.560000e+02 1.170000e+02
2.560000e+02 1.173000e+02
2.560000e+02 1.176000e+02
2.565000e+02 1.179000e+02
2.570000e+02 1.182000e+02
2.582500e+02 1.197000e+02
2.595000e+02 1.212000e+02
2.610000e+02 1.230000e+02
2.625000e+02 1.248000e+02
2.655000e+02 1.287000e+02
2.685000e+02 1.326000e+02
2.707500e+02 1.353000e+02
2.730000e+02 1.380000e+02
2.752500e+02 1.413000e+02
2.775000e+02 1.446000e+02
2.792500e+02 1.467000e+02
2.810000e+02 1.488000e+02
2.837500e+02 1.518000e+02
2.865000e+02 1.548000e+02
2.895000e+02 1.587000e+02
2.925000e+02 1.626000e+02
2.957500e+02 1.665000e+02
2.990000e+02 1.704000e+02
3.025000e+02 1.746000e+02
3.060000e+02 1.788000e+02
3.097500e+02 1.833000e+02
3.135000e+02 1.878000e+02
3.175000e+02 1.923000e+02
3.215000e+02 1.968000e+02
3.275000e+02 2.040000e+02
3.335000e+02 2.112000e+02
3.395000e+02 2.187000e+02
3.455000e+02 2.262000e+02
3.500000e+02 2.319000e+02
3.545000e+02 2.376000e+02
3.585000e+02 2.430000e+02
3.625000e+02 2.484000e+02
3.665000e+02 2.538000e+02
3.705000e+02 2.592000e+02
3.747500e+02 2.649000e+02
3.790000e+02 2.706000e+02
3.830000e+02 2.760000e+02
3.870000e+02 2.814000e+02
3.912500e+02 2.871000e+02
3.955000e+02 2.928000e+02
3.995000e+02 2.979000e+02
4.035000e+02 3.030000e+02
4.075000e+02 3.081000e+02
4.115000e+02 3.132000e+02
4.155000e+02 3.183000e+02
4.195000e+02 3.234000e+02
4.230000e+02 3.279000e+02
4.265000e+02 3.324000e+02
4.317500e+02 3.396000e+02
4.370000e+02 3.468000e+02
4.465000e+02 3.588000e+02
4.520000e+02 3.660000e+02
4.550000e+02 3.690000e+02
4.595000e+02 3.756000e+02
4.635000e+02 3.810000e+02
4.675000e+02 3.858000e+02
4.705000e+02 3.894000e+02
4.725000e+02 3.924000e+02
4.740000e+02 3.948000e+02
4.750000e+02 3.960000e+02
4.760000e+02 3.972000e+02
4.765000e+02 3.984000e+02
4.770000e+02 3.990000e+02
4.770000e+02 3.990000e+02
4.770000e+02 3.990000e+02
4.770000e+02 3.996000e+02
4.770000e+02 3.996000e+02
4.770000e+02 3.996000e+02
4.765000e+02 3.996000e+02
4.765000e+02 3.990000e+02
4.760000e+02 3.990000e+02
4.750000e+02 3.984000e+02
4.740000e+02 3.978000e+02
4.725000e+02 3.978000e+02
4.640000e+02 3.960000e+02
4.505000e+02 3.948000e+02
4.405000e+02 3.936000e+02
4.290000e+02 3.912000e+02
4.105000e+02 3.870000e+02
3.950000e+02 3.840000e+02
3.845000e+02 3.822000e+02
3.740000e+02 3.810000e+02
3.640000e+02 3.804000e+02
3.550000e+02 3.804000e+02
3.460000e+02 3.804000e+02
3.370000e+02 3.804000e+02
3.290000e+02 3.810000e+02
3.200000e+02 3.816000e+02
3.115000e+02 3.822000e+02
3.035000e+02 3.828000e+02
2.950000e+02 3.834000e+02
2.865000e+02 3.840000e+02
2.785000e+02 3.846000e+02
2.710000e+02 3.852000e+02
2.640000e+02 3.858000e+02
2.570000e+02 3.864000e+02
2.500000e+02 3.876000e+02
2.430000e+02 3.882000e+02
2.360000e+02 3.894000e+02
2.300000e+02 3.900000e+02
2.235000e+02 3.918000e+02
2.180000e+02 3.924000e+02
2.150000e+02 3.930000e+02
2.080000e+02 3.948000e+02
2.060000e+02 3.948000e+02
2.005000e+02 3.954000e+02
1.975000e+02 3.960000e+02
1.950000e+02 3.966000e+02
1.935000e+02 3.966000e+02
1.920000e+02 3.966000e+02
1.915000e+02 3.966000e+02
1.905000e+02 3.966000e+02
1.900000e+02 3.966000e+02
1.895000e+02 3.966000e+02
1.890000e+02 3.966000e+02
1.885000e+02 3.966000e+02
1.885000e+02 3.960000e+02
1.885000e+02 3.960000e+02
1.885000e+02 3.954000e+02
1.890000e+02 3.948000e+02
1.890000e+02 3.942000e+02
1.895000e+02 3.942000e+02
1.900000e+02 3.930000e+02
1.920000e+02 3.906000e+02
1.960000e+02 3.864000e+02
2.010000e+02 3.804000e+02
2.090000e+02 3.720000e+02
2.115000e+02 3.690000e+02
2.215000e+02 3.588000e+02
2.240000e+02 3.558000e+02
2.310000e+02 3.486000e+02
2.370000e+02 3.420000e+02
2.440000e+02 3.336000e+02
2.505000e+02 3.270000e+02
2.570000e+02 3.192000e+02
2.620000e+02 3.126000e+02
2.710000e+02 3.024000e+02
2.765000e+02 2.964000e+02
2.865000e+02 2.856000e+02
2.925000e+02 2.790000e+02
2.995000e+02 2.712000e+02
3.065000e+02 2.640000e+02
3.145000e+02 2.550000e+02
3.215000e+02 2.478000e+02
3.300000e+02 2.382000e+02
3.375000e+02 2.310000e+02
3.460000e+02 2.214000e+02
3.550000e+02 2.118000e+02
3.625000e+02 2.040000e+02
3.715000e+02 1.950000e+02
3.840000e+02 1.824000e+02
3.880000e+02 1.782000e+02
4.005000e+02 1.656000e+02
4.115000e+02 1.548000e+02
4.190000e+02 1.476000e+02
4.250000e+02 1.416000e+02
4.320000e+02 1.344000e+02
4.380000e+02 1.296000e+02
4.435000e+02 1.242000e+02
4.490000e+02 1.188000e+02
4.545000e+02 1.140000e+02
4.590000e+02 1.092000e+02
4.650000e+02 1.032000e+02
4.680000e+02 1.002000e+02
4.705000e+02 9.780000e+01
4.725000e+02 9.600000e+01
4.735000e+02 9.420000e+01
4.755000e+02 9.240000e+01
4.760000e+02 9.120000e+01
4.765000e+02 9.000000e+01
4.770000e+02 8.940000e+01
4.770000e+02 8.940000e+01
4.775000e+02 8.880000e+01
4.775000e+02 8.880000e+01
4.780000e+02 8.820000e+01
4.780000e+02 8.820000e+01
4.780000e+02 8.760000e+01
4.785000e+02 8.760000e+01
4.785000e+02 8.760000e+01
4.785000e+02 8.760000e+01
4.785000e+02 8.760000e+01
4.780000e+02 8.820000e+01
4.780000e+02 8.820000e+01
2.565000e+02 1.182000e+02
2.565000e+02 1.182000e+02
2.565000e+02 1.182000e+02
2.562500e+02 1.179000e+02
2.560000e+02 1.176000e+02
2.560000e+02 1.176000e+02
2.560000e+02 1.176000e+02
2.560000e+02 1.173000e+02
2.560000e+02 1.170000e+02
2.560000e+02 1.170000e+02
2.560000e+02 1.170000e+02
2.560000e+02 1.170000e+02
2.560000e+02 1.170000e+02
2.560000e+02 1.173000e+02
2.560000e+02 1.176000e+02
2.565000e+02 1.179000e+02
2.570000e+02 1.182000e+02
2.582500e+02 1.197000e+02
2.595000e+02 1.212000e+02
2.610000e+02 1.230000e+02
2.625000e+02 1.248000e+02
2.655000e+02 1.287000e+02
2.685000e+02 1.326000e+02
2.707500e+02 1.353000e+02
2.730000e+02 1.380000e+02
2.752500e+02 1.413000e+02
2.775000e+02 1.446000e+02
2.792500e+02 1.467000e+02
2.810000e+02 1.488000e+02
2.837500e+02 1.518000e+02
2.865000e+02 1.548000e+02
2.895000e+02 1.587000e+02
2.925000e+02 1.626000e+02
2.957500e+02 1.665000e+02
2.990000e+02 1.704000e+02
3.025000e+02 1.746000e+02
3.060000e+02 1.788000e+02
3.097500e+02 1.833000e+02
3.135000e+02 1.878000e+02
3.175000e+02 1.923000e+02
3.215000e+02 1.968000e+02
3.275000e+02 2.040000e+02
3.335000e+02 2.112000e+02
3.395000e+02 2.187000e+02
3.455000e+02 2.262000e+02
3.500000e+02 2.319000e+02
3.545000e+02 2.376000e+02
3.585000e+02 2.430000e+02
3.625000e+02 2.484000e+02
3.665000e+02 2.538000e+02
3.705000e+02 2.592000e+02
3.747500e+02 2.649000e+02
3.790000e+02 2.706000e+02
3.830000e+02 2.760000e+02
3.870000e+02 2.814000e+02
3.912500e+02 2.871000e+02
3.955000e+02 2.928000e+02
3.995000e+02 2.979000e+02
4.035000e+02 3.030000e+02
4.075000e+02 3.081000e+02
4.115000e+02 3.132000e+02
4.155000e+02 3.183000e+02
4.195000e+02 3.234000e+02
4.230000e+02 3.279000e+02
4.265000e+02 3.324000e+02
4.317500e+02 3.396000e+02
4.370000e+02 3.468000e+02
4.465000e+02 3.588000e+02
4.520000e+02 3.660000e+02
4.550000e+02 3.690000e+02
4.595000e+02 3.756000e+02
4.635000e+02 3.810000e+02
4.675000e+02 3.858000e+02
4.705000e+02 3.894000e+02
4.725000e+02 3.924000e+02
4.740000e+02 3.948000e+02
4.750000e+02 3.960000e+02
4.760000e+02 3.972000e+02
4.765000e+02 3.984000e+02
4.770000e+02 3.990000e+02
4.770000e+02 3.990000e+02
4.770000e+02 3.990000e+02
4.770000e+02 3.996000e+02
4.770000e+02 3.996000e+02
4.770000e+02 3.996000e+02
4.765000e+02 3.996000e+02
4.765000e+02 3.990000e+02
4.760000e+02 3.990000e+02
4.750000e+02 3.984000e+02
4.740000e+02 3.978000e+02
4.725000e+02 3.978000e+02
4.640000e+02 3.960000e+02
4.505000e+02 3.948000e+02
4.405000e+02 3.936000e+02
4.290000e+02 3.912000e+02
4.105000e+02 3.870000e+02
3.950000e+02 3.840000e+02
3.845000e+02 3.822000e+02
3.740000e+02 3.810000e+02
3.640000e+02 3.804000e+02
3.550000e+02 3.804000e+02
3.460000e+02 3.804000e+02
3.370000e+02 3.804000e+02
3.290000e+02 3.810000e+02
3.200000e+02 3.816000e+02
3.115000e+02 3.822000e+02
3.035000e+02 3.828000e+02
2.950000e+02 3.834000e+02
2.865000e+02 3.840000e+02
2.785000e+02 3.846000e+02
2.710000e+02 3.852000e+02
2.640000e+02 3.858000e+02
2.570000e+02 3.864000e+02
2.500000e+02 3.876000e+02
2.430000e+02 3.882000e+02
2.360000e+02 3.894000e+02
2.300000e+02 3.900000e+02
2.235000e+02 3.918000e+02
2.180000e+02 3.924000e+02
2.150000e+02 3.930000e+02
2.080000e+02 3.948000e+02
2.060000e+02 3.948000e+02
2.005000e+02 3.954000e+02
1.975000e+02 3.960000e+02
1.950000e+02 3.966000e+02
1.935000e+02 3.966000e+02
1.920000e+02 3.966000e+02
1.915000e+02 3.966000e+02
1.905000e+02 3.966000e+02
1.900000e+02 3.966000e+02
1.895000e+02 3.966000e+02
1.890000e+02 3.966000e+02
1.885000e+02 3.966000e+02
1.885000e+02 3.960000e+02
1.885000e+02 3.960000e+02
1.885000e+02 3.954000e+02
1.890000e+02 3.948000e+02
1.890000e+02 3.942000e+02
1.895000e+02 3.942000e+02
1.900000e+02 3.930000e+02
1.920000e+02 3.906000e+02
1.960000e+02 3.864000e+02
2.010000e+02 3.804000e+02
2.090000e+02 3.720000e+02
2.115000e+02 3.690000e+02
2.215000e+02 3.588000e+02
2.240000e+02 3.558000e+02
2.310000e+02 3.486000e+02
2.370000e+02 3.420000e+02
2.440000e+02 3.336000e+02
2.505000e+02 3.270000e+02
2.570000e+02 3.192000e+02
2.620000e+02 3.126000e+02
2.710000e+02 3.024000e+02
2.765000e+02 2.964000e+02
2.865000e+02 2.856000e+02
2.925000e+02 2.790000e+02
2.995000e+02 2.712000e+02
3.065000e+02 2.640000e+02
3.145000e+02 2.550000e+02
3.215000e+02 2.478000e+02
3.300000e+02 2.382000e+02
3.375000e+02 2.310000e+02
3.460000e+02 2.214000e+02
3.550000e+02 2.118000e+02
3.625000e+02 2.040000e+02
3.715000e+02 1.950000e+02
3.840000e+02 1.824000e+02
3.880000e+02 1.782000e+02
4.005000e+02 1.656000e+02
4.115000e+02 1.548000e+02
4.190000e+02 1.476000e+02
4.250000e+02 1.416000e+02
4.320000e+02 1.344000e+02
4.380000e+02 1.296000e+02
4.435000e+02 1.242000e+02
4.490000e+02 1.188000e+02
4.545000e+02 1.140000e+02
4.590000e+02 1.092000e+02
4.650000e+02 1.032000e+02
4.680000e+02 1.002000e+02
4.705000e+02 9.780000e+01
4.725000e+02 9.600000e+01
4.735000e+02 9.420000e+01
4.755000e+02 9.240000e+01
4.760000e+02 9.120000e+01
4.765000e+02 9.000000e+01
4.770000e+02 8.940000e+01
4.770000e+02 8.940000e+01
4.775000e+02 8.880000e+01
4.775000e+02 8.880000e+01
4.780000e+02 8.820000e+01
4.780000e+02 8.820000e+01
4.780000e+02 8.760000e+01
4.785000e+02 8.760000e+01
4.785000e+02 8.760000e+01
4.785000e+02 8.760000e+01
4.785000e+02 8.760000e+01
4.780000e+02 8.820000e+01
4.780000e+02 8.820000e+01
2.565000e+02 1.182000e+02
2.565000e+02 1.182000e+02
2.565000e+02 1.182000e+02
2.562500e+02 1.179000e+02
2.560000e+02 1.176000e+02
2.560000e+02 1.176000e+02
2.560000e+02 1.176000e+02
2.560000e+02 1.173000e+02
2.560000e+02 1.170000e+02
2.560000e+02 1.170000e+02
2.560000e+02 1.170000e+02
2.560000e+02 1.170000e+02
2.560000e+02 1.170000e+02
2.560000e+02 1.173000e+02
2.560000e+02 1.176000e+02
2.565000e+02 1.179000e+02
2.570000e+02 1.182000e+02
2.582500e+02 1.197000e+02
2.595000e+02 1.212000e+02
2.610000e+02 1.230000e+02
2.625000e+02 1.248000e+02
2.655000e+02 1.287000e+02
2.685000e+02 1.326000e+02
2.707500e+02 1.353000e+02
2.730000e+02 1.380000e+02
2.752500e+02 1.413000e+02
2.775000e+02 1.446000e+02
2.792500e+02 1.467000e+02
2.810000e+02 1.488000e+02
2.837500e+02 1.518000e+02
2.865000e+02 1.548000e+02
2.895000e+02 1.587000e+02
2.925000e+02 1.626000e+02
2.957500e+02 1.665000e+02
2.990000e+02 1.704000e+02
3.025000e+02 1.746000e+02
3.060000e+02 1.788000e+02
3.097500e+02 1.833000e+02
3.135000e+02 1.878000e+02
3.175000e+02 1.923000e+02
3.215000e+02 1.968000e+02
3.275000e+02 2.040000e+02
3.335000e+02 2.112000e+02
3.395000e+02 2.187000e+02
3.455000e+02 2.262000e+02
3.500000e+02 2.319000e+02
3.545000e+02 2.376000e+02
3.585000e+02 2.430000e+02
3.625000e+02 2.484000e+02
3.665000e+02 2.538000e+02
3.705000e+02 2.592000e+02
3.747500e+02 2.649000e+02
3.790000e+02 2.706000e+02
3.830000e+02 2.760000e+02
3.870000e+02 2.814000e+02
3.912500e+02 2.871000e+02
3.955000e+02 2.928000e+02
3.995000e+02 2.979000e+02
4.035000e+02 3.030000e+02
4.075000e+02 3.081000e+02
4.115000e+02 3.132000e+02
4.155000e+02 3.183000e+02
4.195000e+02 3.234000e+02
4.230000e+02 3.279000e+02
4.265000e+02 3.324000e+02
4.317500e+02 3.396000e+02
4.370000e+02 3.468000e+02
4.465000e+02 3.588000e+02
4.520000e+02 3.660000e+02
4.550000e+02 3.690000e+02
4.595000e+02 3.756000e+02
4.635000e+02 3.810000e+02
4.675000e+02 3.858000e+02
4.705000e+02 3.894000e+02
4.725000e+02 3.924000e+02
4.740000e+02 3.948000e+02
4.750000e+02 3.960000e+02
4.760000e+02 3.972000e+02
4.765000e+02 3.984000e+02
4.770000e+02 3.990000e+02
4.770000e+02 3.990000e+02
4.770000e+02 3.990000e+02
4.770000e+02 3.996000e+02
4.770000e+02 3.996000e+02
4.770000e+02 3.996000e+02
4.765000e+02 3.996000e+02
4.765000e+02 3.990000e+02
4.760000e+02 3.990000e+02
4.750000e+02 3.984000e+02
4.740000e+02 3.978000e+02
4.725000e+02 3.978000e+02
4.640000e+02 3.960000e+02
4.505000e+02 3.948000e+02
4.405000e+02 3.936000e+02
4.290000e+02 3.912000e+02
4.105000e+02 3.870000e+02
3.950000e+02 3.840000e+02
3.845000e+02 3.822000e+02
3.740000e+02 3.810000e+02
3.640000e+02 3.804000e+02
3.550000e+02 3.804000e+02
3.460000e+02 3.804000e+02
3.370000e+02 3.804000e+02
3.290000e+02 3.810000e+02
3.200000e+02 3.816000e+02
3.115000e+02 3.822000e+02
3.035000e+02 3.828000e+02
2.950000e+02 3.834000e+02
2.865000e+02 3.840000e+02
2.785000e+02 3.846000e+02
2.710000e+02 3.852000e+02
2.640000e+02 3.858000e+02
2.570000e+02 3.864000e+02
2.500000e+02 3.876000e+02
2.430000e+02 3.882000e+02
2.360000e+02 3.894000e+02
2.300000e+02 3.900000e+02
2.235000e+02 3.918000e+02
2.180000e+02 3.924000e+02
2.150000e+02 3.930000e+02
2.080000e+02 3.948000e+02
2.060000e+02 3.948000e+02
2.005000e+02 3.954000e+02
1.975000e+02 3.960000e+02
1.950000e+02 3.966000e+02
1.935000e+02 3.966000e+02
1.920000e+02 3.966000e+02
1.915000e+02 3.966000e+02
1.905000e+02 3.966000e+02
1.900000e+02 3.966000e+02
1.895000e+02 3.966000e+02
1.890000e+02 3.966000e+02
1.885000e+02 3.966000e+02
1.885000e+02 3.960000e+02
1.885000e+02 3.960000e+02
1.885000e+02 3.954000e+02
1.890000e+02 3.948000e+02
1.890000e+02 3.942000e+02
1.895000e+02 3.942000e+02
1.900000e+02 3.930000e+02
1.920000e+02 3.906000e+02
1.960000e+02 3.864000e+02
2.010000e+02 3.804000e+02
2.090000e+02 3.720000e+02
2.115000e+02 3.690000e+02
2.215000e+02 3.588000e+02
2.240000e+02 3.558000e+02
2.310000e+02 3.486000e+02
2.370000e+02 3.420000e+02
2.440000e+02 3.336000e+02
2.505000e+02 3.270000e+02
2.570000e+02 3.192000e+02
2.620000e+02 3.126000e+02
2.710000e+02 3.024000e+02
2.765000e+02 2.964000e+02
2.865000e+02 2.856000e+02
2.925000e+02 2.790000e+02
2.995000e+02 2.712000e+02
3.065000e+02 2.640000e+02
3.145000e+02 2.550000e+02
3.215000e+02 2.478000e+02
3.300000e+02 2.382000e+02
3.375000e+02 2.310000e+02
3.460000e+02 2.214000e+02
3.550000e+02 2.118000e+02
3.625000e+02 2.040000e+02
3.715000e+02 1.950000e+02
3.840000e+02 1.824000e+02
3.880000e+02 1.782000e+02
4.005000e+02 1.656000e+02
4.115000e+02 1.548000e+02
4.190000e+02 1.476000e+02
4.250000e+02 1.416000e+02
4.320000e+02 1.344000e+02
4.380000e+02 1.296000e+02
4.435000e+02 1.242000e+02
4.490000e+02 1.188000e+02
4.545000e+02 1.140000e+02
4.590000e+02 1.092000e+02
4.650000e+02 1.032000e+02
4.680000e+02 1.002000e+02
4.705000e+02 9.780000e+01
4.725000e+02 9.600000e+01
4.735000e+02 9.420000e+01
4.755000e+02 9.240000e+01
4.760000e+02 9.120000e+01
4.765000e+02 9.000000e+01
4.770000e+02 8.940000e+01
4.770000e+02 8.940000e+01
4.775000e+02 8.880000e+01
4.775000e+02 8.880000e+01
4.780000e+02 8.820000e+01
4.780000e+02 8.820000e+01
4.780000e+02 8.760000e+01
4.785000e+02 8.760000e+01
4.785000e+02 8.760000e+01
4.785000e+02 8.760000e+01
4.785000e+02 8.760000e+01
4.780000e+02 8.820000e+01
4.780000e+02 8.820000e+01
