2.030000e+02 1.734000e+02
2.030000e+02 1.734000e+02
2.030000e+02 1.734000e+02
2.027500e+02 1.734000e+02
2.025000e+02 1.734000e+02
2.025000e+02 1.731000e+02
2.025000e+02 1.728000e+02
2.025000e+02 1.728000e+02
2.025000e+02 1.728000e+02
2.025000e+02 1.728000e+02
2.025000e+02 1.728000e+02
2.027500e+02 1.725000e+02
2.030000e+02 1.722000e+02
2.040000e+02 1.722000e+02
2.050000e+02 1.722000e+02
2.072500e+02 1.716000e+02
2.095000e+02 1.710000e+02
2.135000e+02 1.701000e+02
2.175000e+02 1.692000e+02
2.217500e+02 1.683000e+02
2.260000e+02 1.674000e+02
2.305000e+02 1.668000e+02
2.350000e+02 1.662000e+02
2.405000e+02 1.650000e+02
2.460000e+02 1.638000e+02
2.515000e+02 1.626000e+02
2.570000e+02 1.614000e+02
2.635000e+02 1.605000e+02
2.700000e+02 1.596000e+02
2.790000e+02 1.584000e+02
2.880000e+02 1.572000e+02
2.940000e+02 1.563000e+02
3.000000e+02 1.554000e+02
3.060000e+02 1.551000e+02
3.120000e+02 1.548000e+02
3.185000e+02 1.542000e+02
3.250000e+02 1.536000e+02
3.307500e+02 1.533000e+02
3.365000e+02 1.530000e+02
3.417500e+02 1.527000e+02
3.470000e+02 1.524000e+02
3.517500e+02 1.521000e+02
3.565000e+02 1.518000e+02
3.607500e+02 1.518000e+02
3.650000e+02 1.518000e+02
3.690000e+02 1.515000e+02
3.730000e+02 1.512000e+02
3.767500e+02 1.512000e+02
3.805000e+02 1.512000e+02
3.835000e+02 1.512000e+02
3.865000e+02 1.512000e+02
3.892500e+02 1.509000e+02
3.920000e+02 1.506000e+02
3.940000e+02 1.509000e+02
3.960000e+02 1.512000e+02
3.980000e+02 1.512000e+02
4.000000e+02 1.512000e+02
4.015000e+02 1.515000e+02
4.030000e+02 1.518000e+02
4.042500e+02 1.518000e+02
4.055000e+02 1.518000e+02
4.062500e+02 1.518000e+02
4.070000e+02 1.518000e+02
4.075000e+02 1.521000e+02
4.080000e+02 1.524000e+02
4.085000e+02 1.524000e+02
4.090000e+02 1.524000e+02
4.092500e+02 1.524000e+02
4.095000e+02 1.524000e+02
4.097500e+02 1.527000e+02
4.100000e+02 1.530000e+02
4.102500e+02 1.530000e+02
4.105000e+02 1.530000e+02
4.105000e+02 1.533000e+02
4.105000e+02 1.536000e+02
4.105000e+02 1.539000e+02
4.105000e+02 1.542000e+02
4.105000e+02 1.548000e+02
4.105000e+02 1.554000e+02
4.105000e+02 1.560000e+02
4.105000e+02 1.566000e+02
4.102500e+02 1.584000e+02
4.100000e+02 1.602000e+02
4.097500e+02 1.629000e+02
4.095000e+02 1.656000e+02
4.087500e+02 1.695000e+02
4.080000e+02 1.734000e+02
4.072500e+02 1.776000e+02
4.065000e+02 1.818000e+02
4.060000e+02 1.860000e+02
4.055000e+02 1.902000e+02
4.047500e+02 1.974000e+02
4.040000e+02 2.046000e+02
4.035000e+02 2.127000e+02
4.030000e+02 2.208000e+02
4.022500e+02 2.283000e+02
4.015000e+02 2.358000e+02
4.012500e+02 2.403000e+02
4.010000e+02 2.448000e+02
4.007500e+02 2.496000e+02
4.005000e+02 2.544000e+02
4.002500e+02 2.595000e+02
4.000000e+02 2.646000e+02
3.997500e+02 2.688000e+02
3.995000e+02 2.730000e+02
3.992500e+02 2.778000e+02
3.990000e+02 2.826000e+02
3.987500e+02 2.862000e+02
3.985000e+02 2.898000e+02
3.985000e+02 2.931000e+02
3.985000e+02 2.964000e+02
3.985000e+02 2.985000e+02
3.985000e+02 3.006000e+02
3.985000e+02 3.024000e+02
3.985000e+02 3.042000e+02
3.987500e+02 3.054000e+02
3.990000e+02 3.066000e+02
3.990000e+02 3.081000e+02
3.990000e+02 3.096000e+02
3.990000e+02 3.111000e+02
3.990000e+02 3.126000e+02
3.990000e+02 3.132000e+02
3.990000e+02 3.138000e+02
3.990000e+02 3.144000e+02
3.990000e+02 3.150000e+02
3.990000e+02 3.156000e+02
3.990000e+02 3.162000e+02
3.990000e+02 3.162000e+02
3.985000e+02 3.168000e+02
3.985000e+02 3.168000e+02
3.980000e+02 3.168000e+02
3.980000e+02 3.168000e+02
3.970000e+02 3.168000e+02
3.955000e+02 3.162000e+02
3.940000e+02 3.156000e+02
3.905000e+02 3.150000e+02
3.830000e+02 3.144000e+02
3.730000e+02 3.138000e+02
3.660000e+02 3.132000e+02
3.580000e+02 3.132000e+02
3.490000e+02 3.132000e+02
3.400000e+02 3.138000e+02
3.310000e+02 3.144000e+02
3.160000e+02 3.162000e+02
3.055000e+02 3.174000e+02
2.950000e+02 3.186000e+02
2.830000e+02 3.204000e+02
2.735000e+02 3.216000e+02
2.640000e+02 3.234000e+02
2.555000e+02 3.246000e+02
2.475000e+02 3.264000e+02
2.405000e+02 3.276000e+02
2.345000e+02 3.294000e+02
2.285000e+02 3.312000e+02
2.230000e+02 3.330000e+02
2.180000e+02 3.342000e+02
2.110000e+02 3.354000e+02
2.075000e+02 3.360000e+02
2.050000e+02 3.366000e+02
2.030000e+02 3.372000e+02
2.010000e+02 3.372000e+02
1.995000e+02 3.372000e+02
1.985000e+02 3.372000e+02
1.970000e+02 3.372000e+02
1.960000e+02 3.372000e+02
1.950000e+02 3.360000e+02
1.940000e+02 3.354000e+02
1.930000e+02 3.330000e+02
1.920000e+02 3.306000e+02
1.900000e+02 3.216000e+02
1.885000e+02 3.114000e+02
1.880000e+02 3.000000e+02
1.880000e+02 2.904000e+02
1.880000e+02 2.808000e+02
1.885000e+02 2.688000e+02
1.885000e+02 2.568000e+02
1.890000e+02 2.442000e+02
1.895000e+02 2.340000e+02
1.895000e+02 2.226000e+02
1.895000e+02 2.118000e+02
1.895000e+02 2.046000e+02
1.890000e+02 1.974000e+02
1.890000e+02 1.920000e+02
1.890000e+02 1.872000e+02
1.890000e+02 1.818000e+02
1.890000e+02 1.782000e+02
1.890000e+02 1.758000e+02
1.890000e+02 1.740000e+02
1.890000e+02 1.728000e+02
1.890000e+02 1.716000e+02
1.890000e+02 1.704000e+02
1.890000e+02 1.692000e+02
1.890000e+02 1.686000e+02
1.885000e+02 1.674000e+02
1.885000e+02 1.668000e+02
1.885000e+02 1.668000e+02
1.885000e+02 1.662000e+02
1.885000e+02 1.662000e+02
1.885000e+02 1.662000e+02
1.885000e+02 1.662000e+02
2.030000e+02 1.734000e+02
2.030000e+02 1.734000e+02
2.030000e+02 1.734000e+02
2.027500e+02 1.734000e+02
2.025000e+02 1.734000e+02
2.025000e+02 1.731000e+02
2.025000e+02 1.728000e+02
2.025000e+02 1.728000e+02
2.025000e+02 1.728000e+02
2.025000e+02 1.728000e+02
2.025000e+02 1.728000e+02
2.027500e+02 1.725000e+02
2.030000e+02 1.722000e+02
2.040000e+02 1.722000e+02
2.050000e+02 1.722000e+02
2.072500e+02 1.716000e+02
2.095000e+02 1.710000e+02
2.135000e+02 1.701000e+02
2.175000e+02 1.692000e+02
2.217500e+02 1.683000e+02
2.260000e+02 1.674000e+02
2.305000e+02 1.668000e+02
2.350000e+02 1.662000e+02
2.405000e+02 1.650000e+02
2.460000e+02 1.638000e+02
2.515000e+02 1.626000e+02
2.570000e+02 1.614000e+02
2.635000e+02 1.605000e+02
2.700000e+02 1.596000e+02
2.790000e+02 1.584000e+02
2.880000e+02 1.572000e+02
2.940000e+02 1.563000e+02
3.000000e+02 1.554000e+02
3.060000e+02 1.551000e+02
3.120000e+02 1.548000e+02
3.185000e+02 1.542000e+02
3.250000e+02 1.536000e+02
3.307500e+02 1.533000e+02
3.365000e+02 1.530000e+02
3.417500e+02 1.527000e+02
3.470000e+02 1.524000e+02
3.517500e+02 1.521000e+02
3.565000e+02 1.518000e+02
3.607500e+02 1.518000e+02
3.650000e+02 1.518000e+02
3.690000e+02 1.515000e+02
3.730000e+02 1.512000e+02
3.767500e+02 1.512000e+02
3.805000e+02 1.512000e+02
3.835000e+02 1.512000e+02
3.865000e+02 1.512000e+02
3.892500e+02 1.509000e+02
3.920000e+02 1.506000e+02
3.940000e+02 1.509000e+02
3.960000e+02 1.512000e+02
3.980000e+02 1.512000e+02
4.000000e+02 1.512000e+02
4.015000e+02 1.515000e+02
4.030000e+02 1.518000e+02
4.042500e+02 1.518000e+02
4.055000e+02 1.518000e+02
4.062500e+02 1.518000e+02
4.070000e+02 1.518000e+02
4.075000e+02 1.521000e+02
4.080000e+02 1.524000e+02
4.085000e+02 1.524000e+02
4.090000e+02 1.524000e+02
4.092500e+02 1.524000e+02
4.095000e+02 1.524000e+02
4.097500e+02 1.527000e+02
4.100000e+02 1.530000e+02
4.102500e+02 1.530000e+02
4.105000e+02 1.530000e+02
4.105000e+02 1.533000e+02
4.105000e+02 1.536000e+02
4.105000e+02 1.539000e+02
4.105000e+02 1.542000e+02
4.105000e+02 1.548000e+02
4.105000e+02 1.554000e+02
4.105000e+02 1.560000e+02
4.105000e+02 1.566000e+02
4.102500e+02 1.584000e+02
4.100000e+02 1.602000e+02
4.097500e+02 1.629000e+02
4.095000e+02 1.656000e+02
4.087500e+02 1.695000e+02
4.080000e+02 1.734000e+02
4.072500e+02 1.776000e+02
4.065000e+02 1.818000e+02
4.060000e+02 1.860000e+02
4.055000e+02 1.902000e+02
4.047500e+02 1.974000e+02
4.040000e+02 2.046000e+02
4.035000e+02 2.127000e+02
4.030000e+02 2.208000e+02
4.022500e+02 2.283000e+02
4.015000e+02 2.358000e+02
4.012500e+02 2.403000e+02
4.010000e+02 2.448000e+02
4.007500e+02 2.496000e+02
4.005000e+02 2.544000e+02
4.002500e+02 2.595000e+02
4.000000e+02 2.646000e+02
3.997500e+02 2.688000e+02
3.995000e+02 2.730000e+02
3.992500e+02 2.778000e+02
3.990000e+02 2.826000e+02
3.987500e+02 2.862000e+02
3.985000e+02 2.898000e+02
3.985000e+02 2.931000e+02
3.985000e+02 2.964000e+02
3.985000e+02 2.985000e+02
3.985000e+02 3.006000e+02
3.985000e+02 3.024000e+02
3.985000e+02 3.042000e+02
3.987500e+02 3.054000e+02
3.990000e+02 3.066000e+02
3.990000e+02 3.081000e+02
3.990000e+02 3.096000e+02
3.990000e+02 3.111000e+02
3.990000e+02 3.126000e+02
3.990000e+02 3.132000e+02
3.990000e+02 3.138000e+02
3.990000e+02 3.144000e+02
3.990000e+02 3.150000e+02
3.990000e+02 3.156000e+02
3.990000e+02 3.162000e+02
3.990000e+02 3.162000e+02
3.985000e+02 3.168000e+02
3.985000e+02 3.168000e+02
3.980000e+02 3.168000e+02
3.980000e+02 3.168000e+02
3.970000e+02 3.168000e+02
3.955000e+02 3.162000e+02
3.940000e+02 3.156000e+02
3.905000e+02 3.150000e+02
3.830000e+02 3.144000e+02
3.730000e+02 3.138000e+02
3.660000e+02 3.132000e+02
3.580000e+02 3.132000e+02
3.490000e+02 3.132000e+02
3.400000e+02 3.138000e+02
3.310000e+02 3.144000e+02
3.160000e+02 3.162000e+02
3.055000e+02 3.174000e+02
2.950000e+02 3.186000e+02
2.830000e+02 3.204000e+02
2.735000e+02 3.216000e+02
2.640000e+02 3.234000e+02
2.555000e+02 3.246000e+02
2.475000e+02 3.264000e+02
2.405000e+02 3.276000e+02
2.345000e+02 3.294000e+02
2.285000e+02 3.312000e+02
2.230000e+02 3.330000e+02
2.180000e+02 3.342000e+02
2.110000e+02 3.354000e+02
2.075000e+02 3.360000e+02
2.050000e+02 3.366000e+02
2.030000e+02 3.372000e+02
2.010000e+02 3.372000e+02
1.995000e+02 3.372000e+02
1.985000e+02 3.372000e+02
1.970000e+02 3.372000e+02
1.960000e+02 3.372000e+02
1.950000e+02 3.360000e+02
1.940000e+02 3.354000e+02
1.930000e+02 3.330000e+02
1.920000e+02 3.306000e+02
1.900000e+02 3.216000e+02
1.885000e+02 3.114000e+02
1.880000e+02 3.000000e+02
1.880000e+02 2.904000e+02
1.880000e+02 2.808000e+02
1.885000e+02 2.688000e+02
1.885000e+02 2.568000e+02
1.890000e+02 2.442000e+02
1.895000e+02 2.340000e+02
1.895000e+02 2.226000e+02
1.895000e+02 2.118000e+02
1.895000e+02 2.046000e+02
1.890000e+02 1.974000e+02
1.890000e+02 1.920000e+02
1.890000e+02 1.872000e+02
1.890000e+02 1.818000e+02
1.890000e+02 1.782000e+02
1.890000e+02 1.758000e+02
1.890000e+02 1.740000e+02
1.890000e+02 1.728000e+02
1.890000e+02 1.716000e+02
1.890000e+02 1.704000e+02
1.890000e+02 1.692000e+02
1.890000e+02 1.686000e+02
1.885000e+02 1.674000e+02
1.885000e+02 1.668000e+02
1.885000e+02 1.668000e+02
1.885000e+02 1.662000e+02
1.885000e+02 1.662000e+02
1.885000e+02 1.662000e+02
1.885000e+02 1.662000e+02
2.030000e+02 1.734000e+02
2.030000e+02 1.734000e+02
2.030000e+02 1.734000e+02
2.027500e+02 1.734000e+02
2.025000e+02 1.734000e+02
2.025000e+02 1.731000e+02
2.025000e+02 1.728000e+02
2.025000e+02 1.728000e+02
2.025000e+02 1.728000e+02
2.025000e+02 1.728000e+02
2.025000e+02 1.728000e+02
2.027500e+02 1.725000e+02
2.030000e+02 1.722000e+02
2.040000e+02 1.722000e+02
2.050000e+02 1.722000e+02
2.072500e+02 1.716000e+02
2.095000e+02 1.710000e+02
2.135000e+02 1.701000e+02
2.175000e+02 1.692000e+02
2.217500e+02 1.683000e+02
2.260000e+02 1.674000e+02
2.305000e+02 1.668000e+02
2.350000e+02 1.662000e+02
2.405000e+02 1.650000e+02
2.460000e+02 1.638000e+02
2.515000e+02 1.626000e+02
2.570000e+02 1.614000e+02
2.635000e+02 1.605000e+02
2.700000e+02 1.596000e+02
2.790000e+02 1.584000e+02
2.880000e+02 1.572000e+02
2.940000e+02 1.563000e+02
3.000000e+02 1.554000e+02
3.060000e+02 1.551000e+02
3.120000e+02 1.548000e+02
3.185000e+02 1.542000e+02
3.250000e+02 1.536000e+02
3.307500e+02 1.533000e+02
3.365000e+02 1.530000e+02
3.417500e+02 1.527000e+02
3.470000e+02 1.524000e+02
3.517500e+02 1.521000e+02
3.565000e+02 1.518000e+02
3.607500e+02 1.518000e+02
3.650000e+02 1.518000e+02
3.690000e+02 1.515000e+02
3.730000e+02 1.512000e+02
3.767500e+02 1.512000e+02
3.805000e+02 1.512000e+02
3.835000e+02 1.512000e+02
3.865000e+02 1.512000e+02
3.892500e+02 1.509000e+02
3.920000e+02 1.506000e+02
3.940000e+02 1.509000e+02
3.960000e+02 1.512000e+02
3.980000e+02 1.512000e+02
4.000000e+02 1.512000e+02
4.015000e+02 1.515000e+02
4.030000e+02 1.518000e+02
4.042500e+02 1.518000e+02
4.055000e+02 1.518000e+02
4.062500e+02 1.518000e+02
4.070000e+02 1.518000e+02
4.075000e+02 1.521000e+02
4.080000e+02 1.524000e+02
4.085000e+02 1.524000e+02
4.090000e+02 1.524000e+02
4.092500e+02 1.524000e+02
4.095000e+02 1.524000e+02
4.097500e+02 1.527000e+02
4.100000e+02 1.530000e+02
4.102500e+02 1.530000e+02
4.105000e+02 1.530000e+02
4.105000e+02 1.533000e+02
4.105000e+02 1.536000e+02
4.105000e+02 1.539000e+02
4.105000e+02 1.542000e+02
4.105000e+02 1.548000e+02
4.105000e+02 1.554000e+02
4.105000e+02 1.560000e+02
4.105000e+02 1.566000e+02
4.102500e+02 1.584000e+02
4.100000e+02 1.602000e+02
4.097500e+02 1.629000e+02
4.095000e+02 1.656000e+02
4.087500e+02 1.695000e+02
4.080000e+02 1.734000e+02
4.072500e+02 1.776000e+02
4.065000e+02 1.818000e+02
4.060000e+02 1.860000e+02
4.055000e+02 1.902000e+02
4.047500e+02 1.974000e+02
4.040000e+02 2.046000e+02
4.035000e+02 2.127000e+02
4.030000e+02 2.208000e+02
4.022500e+02 2.283000e+02
4.015000e+02 2.358000e+02
4.012500e+02 2.403000e+02
4.010000e+02 2.448000e+02
4.007500e+02 2.496000e+02
4.005000e+02 2.544000e+02
4.002500e+02 2.595000e+02
4.000000e+02 2.646000e+02
3.997500e+02 2.688000e+02
3.995000e+02 2.730000e+02
3.992500e+02 2.778000e+02
3.990000e+02 2.826000e+02
3.987500e+02 2.862000e+02
3.985000e+02 2.898000e+02
3.985000e+02 2.931000e+02
3.985000e+02 2.964000e+02
3.985000e+02 2.985000e+02
3.985000e+02 3.006000e+02
3.985000e+02 3.024000e+02
3.985000e+02 3.042000e+02
3.987500e+02 3.054000e+02
3.990000e+02 3.066000e+02
3.990000e+02 3.081000e+02
3.990000e+02 3.096000e+02
3.990000e+02 3.111000e+02
3.990000e+02 3.126000e+02
3.990000e+02 3.132000e+02
3.990000e+02 3.138000e+02
3.990000e+02 3.144000e+02
3.990000e+02 3.150000e+02
3.990000e+02 3.156000e+02
3.990000e+02 3.162000e+02
3.990000e+02 3.162000e+02
3.985000e+02 3.168000e+02
3.985000e+02 3.168000e+02
3.980000e+02 3.168000e+02
3.980000e+02 3.168000e+02
3.970000e+02 3.168000e+02
3.955000e+02 3.162000e+02
3.940000e+02 3.156000e+02
3.905000e+02 3.150000e+02
3.830000e+02 3.144000e+02
3.730000e+02 3.138000e+02
3.660000e+02 3.132000e+02
3.580000e+02 3.132000e+02
3.490000e+02 3.132000e+02
3.400000e+02 3.138000e+02
3.310000e+02 3.144000e+02
3.160000e+02 3.162000e+02
3.055000e+02 3.174000e+02
2.950000e+02 3.186000e+02
2.830000e+02 3.204000e+02
2.735000e+02 3.216000e+02
2.640000e+02 3.234000e+02
2.555000e+02 3.246000e+02
2.475000e+02 3.264000e+02
2.405000e+02 3.276000e+02
2.345000e+02 3.294000e+02
2.285000e+02 3.312000e+02
2.230000e+02 3.330000e+02
2.180000e+02 3.342000e+02
2.110000e+02 3.354000e+02
2.075000e+02 3.360000e+02
2.050000e+02 3.366000e+02
2.030000e+02 3.372000e+02
2.010000e+02 3.372000e+02
1.995000e+02 3.372000e+02
1.985000e+02 3.372000e+02
1.970000e+02 3.372000e+02
1.960000e+02 3.372000e+02
1.950000e+02 3.360000e+02
1.940000e+02 3.354000e+02
1.930000e+02 3.330000e+02
1.920000e+02 3.306000e+02
1.900000e+02 3.216000e+02
1.885000e+02 3.114000e+02
1.880000e+02 3.000000e+02
1.880000e+02 2.904000e+02
1.880000e+02 2.808000e+02
1.885000e+02 2.688000e+02
1.885000e+02 2.568000e+02
1.890000e+02 2.442000e+02
1.895000e+02 2.340000e+02
1.895000e+02 2.226000e+02
1.895000e+02 2.118000e+02
1.895000e+02 2.046000e+02
1.890000e+02 1.974000e+02
1.890000e+02 1.920000e+02
1.890000e+02 1.872000e+02
1.890000e+02 1.818000e+02
1.890000e+02 1.782000e+02
1.890000e+02 1.758000e+02
1.890000e+02 1.740000e+02
1.890000e+02 1.728000e+02
1.890000e+02 1.716000e+02
1.890000e+02 1.704000e+02
1.890000e+02 1.692000e+02
1.890000e+02 1.686000e+02
1.885000e+02 1.674000e+02
1.885000e+02 1.668000e+02
1.885000e+02 1.668000e+02
1.885000e+02 1.662000e+02
1.885000e+02 1.662000e+02
1.885000e+02 1.662000e+02
1.885000e+02 1.662000e+02
