3.130000e+02 1.470000e+02
3.130000e+02 1.470000e+02
3.130000e+02 1.470000e+02
3.130000e+02 1.467000e+02
3.130000e+02 1.464000e+02
3.127500e+02 1.461000e+02
3.125000e+02 1.458000e+02
3.122500e+02 1.452000e+02
3.120000e+02 1.446000e+02
3.117500e+02 1.440000e+02
3.115000e+02 1.434000e+02
3.112500e+02 1.425000e+02
3.110000e+02 1.416000e+02
3.105000e+02 1.404000e+02
3.100000e+02 1.392000e+02
3.092500e+02 1.383000e+02
3.085000e+02 1.374000e+02
3.080000e+02 1.362000e+02
3.075000e+02 1.350000e+02
3.070000e+02 1.338000e+02
3.065000e+02 1.326000e+02
3.055000e+02 1.308000e+02
3.045000e+02 1.290000e+02
3.040000e+02 1.281000e+02
3.035000e+02 1.272000e+02
3.022500e+02 1.254000e+02
3.010000e+02 1.236000e+02
3.002500e+02 1.227000e+02
2.995000e+02 1.218000e+02
2.985000e+02 1.206000e+02
2.975000e+02 1.194000e+02
2.965000e+02 1.182000e+02
2.955000e+02 1.170000e+02
2.945000e+02 1.158000e+02
2.935000e+02 1.146000e+02
2.925000e+02 1.137000e+02
2.915000e+02 1.128000e+02
2.902500e+02 1.119000e+02
2.890000e+02 1.110000e+02
2.877500e+02 1.101000e+02
2.865000e+02 1.092000e+02
2.852500e+02 1.083000e+02
2.840000e+02 1.074000e+02
2.827500e+02 1.068000e+02
2.815000e+02 1.062000e+02
2.802500e+02 1.053000e+02
2.790000e+02 1.044000e+02
2.777500e+02 1.035000e+02
2.765000e+02 1.026000e+02
2.752500e+02 1.020000e+02
2.740000e+02 1.014000e+02
2.727500e+02 1.008000e+02
2.715000e+02 1.002000e+02
2.710000e+02 9.990000e+01
2.705000e+02 9.960000e+01
2.685000e+02 9.900000e+01
2.665000e+02 9.840000e+01
2.650000e+02 9.810000e+01
2.635000e+02 9.780000e+01
2.620000e+02 9.780000e+01
2.605000e+02 9.780000e+01
2.582500e+02 9.750000e+01
2.560000e+02 9.720000e+01
2.547500e+02 9.720000e+01
2.535000e+02 9.720000e+01
2.515000e+02 9.720000e+01
2.495000e+02 9.720000e+01
2.475000e+02 9.750000e+01
2.455000e+02 9.780000e+01
2.442500e+02 9.810000e+01
2.430000e+02 9.840000e+01
2.410000e+02 9.900000e+01
2.390000e+02 9.960000e+01
2.370000e+02 1.005000e+02
2.350000e+02 1.014000e+02
2.337500e+02 1.020000e+02
2.325000e+02 1.026000e+02
2.320000e+02 1.029000e+02
2.315000e+02 1.032000e+02
2.305000e+02 1.041000e+02
2.295000e+02 1.050000e+02
2.285000e+02 1.056000e+02
2.275000e+02 1.062000e+02
2.250000e+02 1.080000e+02
2.230000e+02 1.098000e+02
2.210000e+02 1.110000e+02
2.190000e+02 1.134000e+02
2.170000e+02 1.152000e+02
2.155000e+02 1.176000e+02
2.130000e+02 1.218000e+02
2.110000e+02 1.242000e+02
2.080000e+02 1.284000e+02
2.065000e+02 1.320000e+02
2.050000e+02 1.350000e+02
2.035000e+02 1.380000e+02
2.020000e+02 1.422000e+02
2.005000e+02 1.464000e+02
1.990000e+02 1.506000e+02
1.975000e+02 1.548000e+02
1.965000e+02 1.590000e+02
1.950000e+02 1.656000e+02
1.950000e+02 1.680000e+02
1.940000e+02 1.728000e+02
1.935000e+02 1.776000e+02
1.930000e+02 1.824000e+02
1.925000e+02 1.878000e+02
1.915000e+02 1.962000e+02
1.915000e+02 2.040000e+02
1.910000e+02 2.112000e+02
1.915000e+02 2.154000e+02
1.920000e+02 2.202000e+02
1.925000e+02 2.250000e+02
1.930000e+02 2.298000e+02
1.945000e+02 2.376000e+02
1.950000e+02 2.406000e+02
1.960000e+02 2.454000e+02
1.970000e+02 2.502000e+02
1.990000e+02 2.580000e+02
1.995000e+02 2.604000e+02
2.020000e+02 2.706000e+02
2.035000e+02 2.748000e+02
2.055000e+02 2.802000e+02
2.075000e+02 2.844000e+02
2.105000e+02 2.904000e+02
2.125000e+02 2.946000e+02
2.145000e+02 2.988000e+02
2.170000e+02 3.024000e+02
2.185000e+02 3.042000e+02
2.210000e+02 3.078000e+02
2.230000e+02 3.108000e+02
2.260000e+02 3.138000e+02
2.285000e+02 3.168000e+02
2.315000e+02 3.192000e+02
2.340000e+02 3.216000e+02
2.355000e+02 3.228000e+02
2.385000e+02 3.252000e+02
2.430000e+02 3.282000e+02
2.460000e+02 3.300000e+02
2.485000e+02 3.318000e+02
2.500000e+02 3.324000e+02
2.525000e+02 3.336000e+02
2.555000e+02 3.348000e+02
2.585000e+02 3.360000e+02
2.610000e+02 3.372000e+02
2.640000e+02 3.378000e+02
2.665000e+02 3.384000e+02
2.695000e+02 3.390000e+02
2.720000e+02 3.396000e+02
2.760000e+02 3.396000e+02
2.785000e+02 3.396000e+02
2.815000e+02 3.396000e+02
2.840000e+02 3.396000e+02
2.865000e+02 3.396000e+02
2.890000e+02 3.390000e+02
2.915000e+02 3.384000e+02
2.940000e+02 3.378000e+02
2.965000e+02 3.372000e+02
2.995000e+02 3.360000e+02
3.040000e+02 3.330000e+02
3.055000e+02 3.318000e+02
3.100000e+02 3.282000e+02
3.135000e+02 3.240000e+02
3.165000e+02 3.204000e+02
3.190000e+02 3.168000e+02
3.210000e+02 3.132000e+02
3.230000e+02 3.102000e+02
3.250000e+02 3.054000e+02
3.265000e+02 3.012000e+02
3.285000e+02 2.970000e+02
3.300000e+02 2.928000e+02
3.315000e+02 2.886000e+02
3.330000e+02 2.844000e+02
3.340000e+02 2.802000e+02
3.360000e+02 2.730000e+02
3.365000e+02 2.682000e+02
3.370000e+02 2.664000e+02
3.380000e+02 2.562000e+02
3.385000e+02 2.520000e+02
3.385000e+02 2.478000e+02
3.385000e+02 2.436000e+02
3.385000e+02 2.394000e+02
3.385000e+02 2.358000e+02
3.385000e+02 2.304000e+02
3.380000e+02 2.280000e+02
3.375000e+02 2.226000e+02
3.370000e+02 2.178000e+02
3.360000e+02 2.142000e+02
3.355000e+02 2.100000e+02
3.345000e+02 2.076000e+02
3.335000e+02 2.040000e+02
3.330000e+02 2.010000e+02
3.320000e+02 1.974000e+02
3.310000e+02 1.950000e+02
3.305000e+02 1.926000e+02
3.295000e+02 1.914000e+02
3.290000e+02 1.896000e+02
3.285000e+02 1.884000e+02
3.285000e+02 1.872000e+02
3.280000e+02 1.860000e+02
3.280000e+02 1.860000e+02
