5.170000e+02 1.374000e+02
5.170000e+02 1.374000e+02
5.170000e+02 1.374000e+02
5.170000e+02 1.374000e+02
5.170000e+02 1.374000e+02
5.167500e+02 1.371000e+02
5.165000e+02 1.368000e+02
5.165000e+02 1.368000e+02
5.165000e+02 1.368000e+02
5.165000e+02 1.365000e+02
5.165000e+02 1.362000e+02
5.165000e+02 1.362000e+02
5.165000e+02 1.362000e+02
5.162500e+02 1.359000e+02
5.160000e+02 1.356000e+02
5.160000e+02 1.353000e+02
5.160000e+02 1.350000e+02
5.157500e+02 1.347000e+02
5.155000e+02 1.344000e+02
5.152500e+02 1.341000e+02
5.150000e+02 1.338000e+02
5.147500e+02 1.332000e+02
5.145000e+02 1.326000e+02
5.142500e+02 1.323000e+02
5.140000e+02 1.320000e+02
5.137500e+02 1.314000e+02
5.135000e+02 1.308000e+02
5.132500e+02 1.302000e+02
5.130000e+02 1.296000e+02
5.127500e+02 1.293000e+02
5.125000e+02 1.290000e+02
5.120000e+02 1.284000e+02
5.115000e+02 1.278000e+02
5.112500e+02 1.269000e+02
5.110000e+02 1.260000e+02
5.105000e+02 1.254000e+02
5.100000e+02 1.248000e+02
5.095000e+02 1.236000e+02
5.090000e+02 1.224000e+02
5.085000e+02 1.215000e+02
5.080000e+02 1.206000e+02
5.072500e+02 1.194000e+02
5.065000e+02 1.182000e+02
5.060000e+02 1.173000e+02
5.055000e+02 1.164000e+02
5.047500e+02 1.152000e+02
5.040000e+02 1.140000e+02
5.032500e+02 1.131000e+02
5.025000e+02 1.122000e+02
5.015000e+02 1.110000e+02
5.005000e+02 1.098000e+02
4.985000e+02 1.080000e+02
4.965000e+02 1.062000e+02
4.950000e+02 1.047000e+02
4.935000e+02 1.032000e+02
4.927500e+02 1.029000e+02
4.920000e+02 1.026000e+02
4.890000e+02 1.005000e+02
4.860000e+02 9.840000e+01
4.830000e+02 9.690000e+01
4.800000e+02 9.540000e+01
4.775000e+02 9.420000e+01
4.750000e+02 9.300000e+01
4.725000e+02 9.180000e+01
4.700000e+02 9.060000e+01
4.672500e+02 8.970000e+01
4.645000e+02 8.880000e+01
4.617500e+02 8.760000e+01
4.590000e+02 8.640000e+01
4.560000e+02 8.550000e+01
4.530000e+02 8.460000e+01
4.497500e+02 8.370000e+01
4.465000e+02 8.280000e+01
4.432500e+02 8.250000e+01
4.400000e+02 8.220000e+01
4.345000e+02 8.160000e+01
4.290000e+02 8.100000e+01
4.250000e+02 8.040000e+01
4.125000e+02 7.980000e+01
4.000000e+02 7.980000e+01
3.905000e+02 7.980000e+01
3.775000e+02 8.040000e+01
3.695000e+02 8.040000e+01
3.610000e+02 8.100000e+01
3.525000e+02 8.220000e+01
3.395000e+02 8.400000e+01
3.355000e+02 8.460000e+01
3.205000e+02 8.760000e+01
3.125000e+02 8.940000e+01
3.055000e+02 9.120000e+01
2.975000e+02 9.300000e+01
2.910000e+02 9.540000e+01
2.840000e+02 9.720000e+01
2.770000e+02 9.960000e+01
2.670000e+02 1.032000e+02
2.600000e+02 1.062000e+02
2.545000e+02 1.086000e+02
2.485000e+02 1.116000e+02
2.460000e+02 1.128000e+02
2.380000e+02 1.170000e+02
2.360000e+02 1.188000e+02
2.320000e+02 1.218000e+02
2.280000e+02 1.248000e+02
2.220000e+02 1.296000e+02
2.190000e+02 1.326000e+02
2.155000e+02 1.374000e+02
2.130000e+02 1.404000e+02
2.105000e+02 1.440000e+02
2.090000e+02 1.476000e+02
2.070000e+02 1.506000e+02
2.060000e+02 1.536000e+02
2.045000e+02 1.590000e+02
2.035000e+02 1.620000e+02
2.030000e+02 1.656000e+02
2.030000e+02 1.674000e+02
2.025000e+02 1.728000e+02
2.025000e+02 1.782000e+02
2.035000e+02 1.836000e+02
2.045000e+02 1.878000e+02
2.055000e+02 1.914000e+02
2.075000e+02 1.956000e+02
2.090000e+02 1.992000e+02
2.115000e+02 2.028000e+02
2.140000e+02 2.070000e+02
2.170000e+02 2.106000e+02
2.205000e+02 2.142000e+02
2.240000e+02 2.178000e+02
2.270000e+02 2.208000e+02
2.330000e+02 2.262000e+02
2.360000e+02 2.292000e+02
2.430000e+02 2.334000e+02
2.455000e+02 2.358000e+02
2.500000e+02 2.388000e+02
2.560000e+02 2.424000e+02
2.615000e+02 2.454000e+02
2.680000e+02 2.484000e+02
2.770000e+02 2.538000e+02
2.835000e+02 2.568000e+02
2.905000e+02 2.604000e+02
2.965000e+02 2.634000e+02
3.040000e+02 2.670000e+02
3.100000e+02 2.706000e+02
3.170000e+02 2.736000e+02
3.205000e+02 2.754000e+02
3.310000e+02 2.802000e+02
3.345000e+02 2.820000e+02
3.425000e+02 2.856000e+02
3.460000e+02 2.874000e+02
3.535000e+02 2.904000e+02
3.600000e+02 2.934000e+02
3.670000e+02 2.964000e+02
3.740000e+02 2.988000e+02
3.810000e+02 3.018000e+02
3.870000e+02 3.036000e+02
3.960000e+02 3.066000e+02
4.050000e+02 3.078000e+02
4.100000e+02 3.090000e+02
4.155000e+02 3.090000e+02
4.200000e+02 3.096000e+02
4.240000e+02 3.090000e+02
4.265000e+02 3.090000e+02
4.330000e+02 3.078000e+02
4.365000e+02 3.072000e+02
4.400000e+02 3.066000e+02
4.440000e+02 3.054000e+02
4.470000e+02 3.042000e+02
4.515000e+02 3.012000e+02
4.565000e+02 2.970000e+02
4.610000e+02 2.922000e+02
4.625000e+02 2.904000e+02
4.655000e+02 2.862000e+02
4.685000e+02 2.814000e+02
4.710000e+02 2.772000e+02
4.735000e+02 2.718000e+02
4.755000e+02 2.670000e+02
4.775000e+02 2.616000e+02
4.805000e+02 2.544000e+02
4.815000e+02 2.520000e+02
4.835000e+02 2.478000e+02
4.855000e+02 2.424000e+02
4.870000e+02 2.376000e+02
4.885000e+02 2.328000e+02
4.900000e+02 2.280000e+02
4.915000e+02 2.232000e+02
4.930000e+02 2.184000e+02
4.945000e+02 2.136000e+02
4.960000e+02 2.094000e+02
4.975000e+02 2.058000e+02
4.990000e+02 2.022000e+02
5.000000e+02 1.980000e+02
5.015000e+02 1.932000e+02
5.025000e+02 1.902000e+02
5.040000e+02 1.860000e+02
5.045000e+02 1.836000e+02
5.050000e+02 1.818000e+02
5.055000e+02 1.800000e+02
5.060000e+02 1.776000e+02
5.065000e+02 1.770000e+02
5.065000e+02 1.764000e+02
5.065000e+02 1.764000e+02
5.170000e+02 1.374000e+02
5.170000e+02 1.374000e+02
5.170000e+02 1.374000e+02
5.170000e+02 1.374000e+02
5.170000e+02 1.374000e+02
5.167500e+02 1.371000e+02
5.165000e+02 1.368000e+02
5.165000e+02 1.368000e+02
5.165000e+02 1.368000e+02
5.165000e+02 1.365000e+02
5.165000e+02 1.362000e+02
5.165000e+02 1.362000e+02
5.165000e+02 1.362000e+02
5.162500e+02 1.359000e+02
5.160000e+02 1.356000e+02
5.160000e+02 1.353000e+02
5.160000e+02 1.350000e+02
5.157500e+02 1.347000e+02
5.155000e+02 1.344000e+02
5.152500e+02 1.341000e+02
5.150000e+02 1.338000e+02
5.147500e+02 1.332000e+02
5.145000e+02 1.326000e+02
5.142500e+02 1.323000e+02
5.140000e+02 1.320000e+02
5.137500e+02 1.314000e+02
5.135000e+02 1.308000e+02
5.132500e+02 1.302000e+02
5.130000e+02 1.296000e+02
5.127500e+02 1.293000e+02
5.125000e+02 1.290000e+02
5.120000e+02 1.284000e+02
5.115000e+02 1.278000e+02
5.112500e+02 1.269000e+02
5.110000e+02 1.260000e+02
5.105000e+02 1.254000e+02
5.100000e+02 1.248000e+02
5.095000e+02 1.236000e+02
5.090000e+02 1.224000e+02
5.085000e+02 1.215000e+02
5.080000e+02 1.206000e+02
5.072500e+02 1.194000e+02
5.065000e+02 1.182000e+02
5.060000e+02 1.173000e+02
5.055000e+02 1.164000e+02
5.047500e+02 1.152000e+02
5.040000e+02 1.140000e+02
5.032500e+02 1.131000e+02
5.025000e+02 1.122000e+02
5.015000e+02 1.110000e+02
5.005000e+02 1.098000e+02
4.985000e+02 1.080000e+02
4.965000e+02 1.062000e+02
4.950000e+02 1.047000e+02
4.935000e+02 1.032000e+02
4.927500e+02 1.029000e+02
4.920000e+02 1.026000e+02
4.890000e+02 1.005000e+02
4.860000e+02 9.840000e+01
4.830000e+02 9.690000e+01
4.800000e+02 9.540000e+01
4.775000e+02 9.420000e+01
4.750000e+02 9.300000e+01
4.725000e+02 9.180000e+01
4.700000e+02 9.060000e+01
4.672500e+02 8.970000e+01
4.645000e+02 8.880000e+01
4.617500e+02 8.760000e+01
4.590000e+02 8.640000e+01
4.560000e+02 8.550000e+01
4.530000e+02 8.460000e+01
4.497500e+02 8.370000e+01
4.465000e+02 8.280000e+01
4.432500e+02 8.250000e+01
4.400000e+02 8.220000e+01
4.345000e+02 8.160000e+01
4.290000e+02 8.100000e+01
4.250000e+02 8.040000e+01
4.125000e+02 7.980000e+01
4.000000e+02 7.980000e+01
3.905000e+02 7.980000e+01
3.775000e+02 8.040000e+01
3.695000e+02 8.040000e+01
3.610000e+02 8.100000e+01
3.525000e+02 8.220000e+01
3.395000e+02 8.400000e+01
3.355000e+02 8.460000e+01
3.205000e+02 8.760000e+01
3.125000e+02 8.940000e+01
3.055000e+02 9.120000e+01
2.975000e+02 9.300000e+01
2.910000e+02 9.540000e+01
2.840000e+02 9.720000e+01
2.770000e+02 9.960000e+01
2.670000e+02 1.032000e+02
2.600000e+02 1.062000e+02
2.545000e+02 1.086000e+02
2.485000e+02 1.116000e+02
2.460000e+02 1.128000e+02
2.380000e+02 1.170000e+02
2.360000e+02 1.188000e+02
2.320000e+02 1.218000e+02
2.280000e+02 1.248000e+02
2.220000e+02 1.296000e+02
2.190000e+02 1.326000e+02
2.155000e+02 1.374000e+02
2.130000e+02 1.404000e+02
2.105000e+02 1.440000e+02
2.090000e+02 1.476000e+02
2.070000e+02 1.506000e+02
2.060000e+02 1.536000e+02
2.045000e+02 1.590000e+02
2.035000e+02 1.620000e+02
2.030000e+02 1.656000e+02
2.030000e+02 1.674000e+02
2.025000e+02 1.728000e+02
2.025000e+02 1.782000e+02
2.035000e+02 1.836000e+02
2.045000e+02 1.878000e+02
2.055000e+02 1.914000e+02
2.075000e+02 1.956000e+02
2.090000e+02 1.992000e+02
2.115000e+02 2.028000e+02
2.140000e+02 2.070000e+02
2.170000e+02 2.106000e+02
2.205000e+02 2.142000e+02
2.240000e+02 2.178000e+02
2.270000e+02 2.208000e+02
2.330000e+02 2.262000e+02
2.360000e+02 2.292000e+02
2.430000e+02 2.334000e+02
2.455000e+02 2.358000e+02
2.500000e+02 2.388000e+02
2.560000e+02 2.424000e+02
2.615000e+02 2.454000e+02
2.680000e+02 2.484000e+02
2.770000e+02 2.538000e+02
2.835000e+02 2.568000e+02
2.905000e+02 2.604000e+02
2.965000e+02 2.634000e+02
3.040000e+02 2.670000e+02
3.100000e+02 2.706000e+02
3.170000e+02 2.736000e+02
3.205000e+02 2.754000e+02
3.310000e+02 2.802000e+02
3.345000e+02 2.820000e+02
3.425000e+02 2.856000e+02
3.460000e+02 2.874000e+02
3.535000e+02 2.904000e+02
3.600000e+02 2.934000e+02
3.670000e+02 2.964000e+02
3.740000e+02 2.988000e+02
3.810000e+02 3.018000e+02
3.870000e+02 3.036000e+02
3.960000e+02 3.066000e+02
4.050000e+02 3.078000e+02
4.100000e+02 3.090000e+02
4.155000e+02 3.090000e+02
4.200000e+02 3.096000e+02
4.240000e+02 3.090000e+02
4.265000e+02 3.090000e+02
4.330000e+02 3.078000e+02
4.365000e+02 3.072000e+02
4.400000e+02 3.066000e+02
4.440000e+02 3.054000e+02
4.470000e+02 3.042000e+02
4.515000e+02 3.012000e+02
4.565000e+02 2.970000e+02
4.610000e+02 2.922000e+02
4.625000e+02 2.904000e+02
4.655000e+02 2.862000e+02
4.685000e+02 2.814000e+02
4.710000e+02 2.772000e+02
4.735000e+02 2.718000e+02
4.755000e+02 2.670000e+02
4.775000e+02 2.616000e+02
4.805000e+02 2.544000e+02
4.815000e+02 2.520000e+02
4.835000e+02 2.478000e+02
4.855000e+02 2.424000e+02
4.870000e+02 2.376000e+02
4.885000e+02 2.328000e+02
4.900000e+02 2.280000e+02
4.915000e+02 2.232000e+02
4.930000e+02 2.184000e+02
4.945000e+02 2.136000e+02
4.960000e+02 2.094000e+02
4.975000e+02 2.058000e+02
4.990000e+02 2.022000e+02
5.000000e+02 1.980000e+02
5.015000e+02 1.932000e+02
5.025000e+02 1.902000e+02
5.040000e+02 1.860000e+02
5.045000e+02 1.836000e+02
5.050000e+02 1.818000e+02
5.055000e+02 1.800000e+02
5.060000e+02 1.776000e+02
5.065000e+02 1.770000e+02
5.065000e+02 1.764000e+02
5.065000e+02 1.764000e+02
5.170000e+02 1.374000e+02
5.170000e+02 1.374000e+02
5.170000e+02 1.374000e+02
5.170000e+02 1.374000e+02
5.170000e+02 1.374000e+02
5.167500e+02 1.371000e+02
5.165000e+02 1.368000e+02
5.165000e+02 1.368000e+02
5.165000e+02 1.368000e+02
5.165000e+02 1.365000e+02
5.165000e+02 1.362000e+02
5.165000e+02 1.362000e+02
5.165000e+02 1.362000e+02
5.162500e+02 1.359000e+02
5.160000e+02 1.356000e+02
5.160000e+02 1.353000e+02
5.160000e+02 1.350000e+02
5.157500e+02 1.347000e+02
5.155000e+02 1.344000e+02
5.152500e+02 1.341000e+02
5.150000e+02 1.338000e+02
5.147500e+02 1.332000e+02
5.145000e+02 1.326000e+02
5.142500e+02 1.323000e+02
5.140000e+02 1.320000e+02
5.137500e+02 1.314000e+02
5.135000e+02 1.308000e+02
5.132500e+02 1.302000e+02
5.130000e+02 1.296000e+02
5.127500e+02 1.293000e+02
5.125000e+02 1.290000e+02
5.120000e+02 1.284000e+02
5.115000e+02 1.278000e+02
5.112500e+02 1.269000e+02
5.110000e+02 1.260000e+02
5.105000e+02 1.254000e+02
5.100000e+02 1.248000e+02
5.095000e+02 1.236000e+02
5.090000e+02 1.224000e+02
5.085000e+02 1.215000e+02
5.080000e+02 1.206000e+02
5.072500e+02 1.194000e+02
5.065000e+02 1.182000e+02
5.060000e+02 1.173000e+02
5.055000e+02 1.164000e+02
5.047500e+02 1.152000e+02
5.040000e+02 1.140000e+02
5.032500e+02 1.131000e+02
5.025000e+02 1.122000e+02
5.015000e+02 1.110000e+02
5.005000e+02 1.098000e+02
4.985000e+02 1.080000e+02
4.965000e+02 1.062000e+02
4.950000e+02 1.047000e+02
4.935000e+02 1.032000e+02
4.927500e+02 1.029000e+02
4.920000e+02 1.026000e+02
4.890000e+02 1.005000e+02
4.860000e+02 9.840000e+01
4.830000e+02 9.690000e+01
4.800000e+02 9.540000e+01
4.775000e+02 9.420000e+01
4.750000e+02 9.300000e+01
4.725000e+02 9.180000e+01
4.700000e+02 9.060000e+01
4.672500e+02 8.970000e+01
4.645000e+02 8.880000e+01
4.617500e+02 8.760000e+01
4.590000e+02 8.640000e+01
4.560000e+02 8.550000e+01
4.530000e+02 8.460000e+01
4.497500e+02 8.370000e+01
4.465000e+02 8.280000e+01
4.432500e+02 8.250000e+01
4.400000e+02 8.220000e+01
4.345000e+02 8.160000e+01
4.290000e+02 8.100000e+01
4.250000e+02 8.040000e+01
4.125000e+02 7.980000e+01
4.000000e+02 7.980000e+01
3.905000e+02 7.980000e+01
3.775000e+02 8.040000e+01
3.695000e+02 8.040000e+01
3.610000e+02 8.100000e+01
3.525000e+02 8.220000e+01
3.395000e+02 8.400000e+01
3.355000e+02 8.460000e+01
3.205000e+02 8.760000e+01
3.125000e+02 8.940000e+01
3.055000e+02 9.120000e+01
2.975000e+02 9.300000e+01
2.910000e+02 9.540000e+01
2.840000e+02 9.720000e+01
2.770000e+02 9.960000e+01
2.670000e+02 1.032000e+02
2.600000e+02 1.062000e+02
2.545000e+02 1.086000e+02
2.485000e+02 1.116000e+02
2.460000e+02 1.128000e+02
2.380000e+02 1.170000e+02
2.360000e+02 1.188000e+02
2.320000e+02 1.218000e+02
2.280000e+02 1.248000e+02
2.220000e+02 1.296000e+02
2.190000e+02 1.326000e+02
2.155000e+02 1.374000e+02
2.130000e+02 1.404000e+02
2.105000e+02 1.440000e+02
2.090000e+02 1.476000e+02
2.070000e+02 1.506000e+02
2.060000e+02 1.536000e+02
2.045000e+02 1.590000e+02
2.035000e+02 1.620000e+02
2.030000e+02 1.656000e+02
2.030000e+02 1.674000e+02
2.025000e+02 1.728000e+02
2.025000e+02 1.782000e+02
2.035000e+02 1.836000e+02
2.045000e+02 1.878000e+02
2.055000e+02 1.914000e+02
2.075000e+02 1.956000e+02
2.090000e+02 1.992000e+02
2.115000e+02 2.028000e+02
2.140000e+02 2.070000e+02
2.170000e+02 2.106000e+02
2.205000e+02 2.142000e+02
2.240000e+02 2.178000e+02
2.270000e+02 2.208000e+02
2.330000e+02 2.262000e+02
2.360000e+02 2.292000e+02
2.430000e+02 2.334000e+02
2.455000e+02 2.358000e+02
2.500000e+02 2.388000e+02
2.560000e+02 2.424000e+02
2.615000e+02 2.454000e+02
2.680000e+02 2.484000e+02
2.770000e+02 2.538000e+02
2.835000e+02 2.568000e+02
2.905000e+02 2.604000e+02
2.965000e+02 2.634000e+02
3.040000e+02 2.670000e+02
3.100000e+02 2.706000e+02
3.170000e+02 2.736000e+02
3.205000e+02 2.754000e+02
3.310000e+02 2.802000e+02
3.345000e+02 2.820000e+02
3.425000e+02 2.856000e+02
3.460000e+02 2.874000e+02
3.535000e+02 2.904000e+02
3.600000e+02 2.934000e+02
3.670000e+02 2.964000e+02
3.740000e+02 2.988000e+02
3.810000e+02 3.018000e+02
3.870000e+02 3.036000e+02
3.960000e+02 3.066000e+02
4.050000e+02 3.078000e+02
4.100000e+02 3.090000e+02
4.155000e+02 3.090000e+02
4.200000e+02 3.096000e+02
4.240000e+02 3.090000e+02
4.265000e+02 3.090000e+02
4.330000e+02 3.078000e+02
4.365000e+02 3.072000e+02
4.400000e+02 3.066000e+02
4.440000e+02 3.054000e+02
4.470000e+02 3.042000e+02
4.515000e+02 3.012000e+02
4.565000e+02 2.970000e+02
4.610000e+02 2.922000e+02
4.625000e+02 2.904000e+02
4.655000e+02 2.862000e+02
4.685000e+02 2.814000e+02
4.710000e+02 2.772000e+02
4.735000e+02 2.718000e+02
4.755000e+02 2.670000e+02
4.775000e+02 2.616000e+02
4.805000e+02 2.544000e+02
4.815000e+02 2.520000e+02
4.835000e+02 2.478000e+02
4.855000e+02 2.424000e+02
4.870000e+02 2.376000e+02
4.885000e+02 2.328000e+02
4.900000e+02 2.280000e+02
4.915000e+02 2.232000e+02
4.930000e+02 2.184000e+02
4.945000e+02 2.136000e+02
4.960000e+02 2.094000e+02
4.975000e+02 2.058000e+02
4.990000e+02 2.022000e+02
5.000000e+02 1.980000e+02
5.015000e+02 1.932000e+02
5.025000e+02 1.902000e+02
5.040000e+02 1.860000e+02
5.045000e+02 1.836000e+02
5.050000e+02 1.818000e+02
5.055000e+02 1.800000e+02
5.060000e+02 1.776000e+02
5.065000e+02 1.770000e+02
5.065000e+02 1.764000e+02
5.065000e+02 1.764000e+02
