1.070000e+02 2.604000e+02
1.070000e+02 2.604000e+02
1.070000e+02 2.604000e+02
1.070000e+02 2.604000e+02
1.070000e+02 2.604000e+02
1.072500e+02 2.604000e+02
1.075000e+02 2.604000e+02
1.077500e+02 2.604000e+02
1.080000e+02 2.604000e+02
1.081250e+02 2.604000e+02
1.082500e+02 2.604000e+02
1.083750e+02 2.604000e+02
1.085000e+02 2.604000e+02
1.087500e+02 2.604000e+02
1.090000e+02 2.604000e+02
1.092500e+02 2.604000e+02
1.095000e+02 2.604000e+02
1.100000e+02 2.605500e+02
1.105000e+02 2.607000e+02
1.110000e+02 2.608500e+02
1.115000e+02 2.610000e+02
1.121250e+02 2.610000e+02
1.127500e+02 2.610000e+02
1.133750e+02 2.610000e+02
1.140000e+02 2.610000e+02
1.152500e+02 2.610000e+02
1.165000e+02 2.610000e+02
1.177500e+02 2.610000e+02
1.190000e+02 2.610000e+02
1.195000e+02 2.610000e+02
1.200000e+02 2.610000e+02
1.205000e+02 2.610000e+02
1.210000e+02 2.610000e+02
1.223750e+02 2.610000e+02
1.237500e+02 2.610000e+02
1.251250e+02 2.610000e+02
1.265000e+02 2.610000e+02
1.275000e+02 2.610000e+02
1.285000e+02 2.610000e+02
1.295000e+02 2.610000e+02
1.305000e+02 2.610000e+02
1.313750e+02 2.610000e+02
1.322500e+02 2.610000e+02
1.331250e+02 2.610000e+02
1.340000e+02 2.610000e+02
1.348750e+02 2.610000e+02
1.357500e+02 2.610000e+02
1.366250e+02 2.610000e+02
1.375000e+02 2.610000e+02
1.386250e+02 2.610000e+02
1.397500e+02 2.610000e+02
1.408750e+02 2.610000e+02
1.420000e+02 2.610000e+02
1.425000e+02 2.608500e+02
1.430000e+02 2.607000e+02
1.435000e+02 2.605500e+02
1.440000e+02 2.604000e+02
1.455000e+02 2.602500e+02
1.470000e+02 2.601000e+02
1.485000e+02 2.599500e+02
1.500000e+02 2.598000e+02
1.511250e+02 2.596500e+02
1.522500e+02 2.595000e+02
1.533750e+02 2.593500e+02
1.545000e+02 2.592000e+02
1.556250e+02 2.590500e+02
1.567500e+02 2.589000e+02
1.578750e+02 2.587500e+02
1.590000e+02 2.586000e+02
1.600000e+02 2.584500e+02
1.610000e+02 2.583000e+02
1.620000e+02 2.581500e+02
1.630000e+02 2.580000e+02
1.643750e+02 2.578500e+02
1.657500e+02 2.577000e+02
1.671250e+02 2.575500e+02
1.685000e+02 2.574000e+02
1.697500e+02 2.572500e+02
1.710000e+02 2.571000e+02
1.722500e+02 2.569500e+02
1.735000e+02 2.568000e+02
1.748750e+02 2.565000e+02
1.762500e+02 2.562000e+02
1.776250e+02 2.559000e+02
1.790000e+02 2.556000e+02
1.801250e+02 2.554500e+02
1.812500e+02 2.553000e+02
1.823750e+02 2.551500e+02
1.835000e+02 2.550000e+02
1.848750e+02 2.548500e+02
1.862500e+02 2.547000e+02
1.876250e+02 2.545500e+02
1.890000e+02 2.544000e+02
1.905000e+02 2.541000e+02
1.920000e+02 2.538000e+02
1.935000e+02 2.535000e+02
1.950000e+02 2.532000e+02
1.972500e+02 2.529000e+02
1.995000e+02 2.526000e+02
2.017500e+02 2.523000e+02
2.040000e+02 2.520000e+02
2.047500e+02 2.518500e+02
2.055000e+02 2.517000e+02
2.062500e+02 2.515500e+02
2.070000e+02 2.514000e+02
2.095000e+02 2.512500e+02
2.120000e+02 2.511000e+02
2.145000e+02 2.509500e+02
2.170000e+02 2.508000e+02
2.196250e+02 2.506500e+02
2.222500e+02 2.505000e+02
2.248750e+02 2.503500e+02
2.275000e+02 2.502000e+02
2.291250e+02 2.500500e+02
2.307500e+02 2.499000e+02
2.323750e+02 2.497500e+02
2.340000e+02 2.496000e+02
2.358750e+02 2.496000e+02
2.377500e+02 2.496000e+02
2.415000e+02 2.496000e+02
2.467500e+02 2.493000e+02
2.520000e+02 2.490000e+02
2.580000e+02 2.487000e+02
2.640000e+02 2.484000e+02
2.675000e+02 2.481000e+02
2.710000e+02 2.478000e+02
2.782500e+02 2.478000e+02
2.855000e+02 2.478000e+02
2.892500e+02 2.478000e+02
2.930000e+02 2.478000e+02
2.967500e+02 2.478000e+02
3.005000e+02 2.478000e+02
3.057500e+02 2.478000e+02
3.110000e+02 2.478000e+02
3.150000e+02 2.481000e+02
3.190000e+02 2.484000e+02
3.227500e+02 2.487000e+02
3.265000e+02 2.490000e+02
3.302500e+02 2.490000e+02
3.340000e+02 2.490000e+02
3.400000e+02 2.493000e+02
3.460000e+02 2.496000e+02
3.500000e+02 2.499000e+02
3.540000e+02 2.502000e+02
3.577500e+02 2.505000e+02
3.615000e+02 2.508000e+02
3.657500e+02 2.511000e+02
3.700000e+02 2.514000e+02
3.725000e+02 2.517000e+02
3.750000e+02 2.520000e+02
3.792500e+02 2.523000e+02
3.835000e+02 2.526000e+02
3.855000e+02 2.526000e+02
3.875000e+02 2.526000e+02
3.915000e+02 2.529000e+02
3.955000e+02 2.532000e+02
3.997500e+02 2.538000e+02
4.040000e+02 2.544000e+02
4.080000e+02 2.547000e+02
4.120000e+02 2.550000e+02
4.165000e+02 2.556000e+02
4.210000e+02 2.562000e+02
4.252500e+02 2.568000e+02
4.295000e+02 2.574000e+02
4.332500e+02 2.577000e+02
4.370000e+02 2.580000e+02
4.407500e+02 2.583000e+02
4.445000e+02 2.586000e+02
4.485000e+02 2.592000e+02
4.525000e+02 2.598000e+02
4.560000e+02 2.601000e+02
4.595000e+02 2.604000e+02
4.627500e+02 2.604000e+02
4.660000e+02 2.604000e+02
4.697500e+02 2.607000e+02
4.735000e+02 2.610000e+02
4.762500e+02 2.610000e+02
4.790000e+02 2.610000e+02
4.810000e+02 2.613000e+02
4.830000e+02 2.616000e+02
4.847500e+02 2.619000e+02
4.865000e+02 2.622000e+02
4.880000e+02 2.622000e+02
4.895000e+02 2.622000e+02
4.907500e+02 2.625000e+02
4.920000e+02 2.628000e+02
4.925000e+02 2.628000e+02
4.930000e+02 2.628000e+02
4.940000e+02 2.628000e+02
4.950000e+02 2.628000e+02
4.955000e+02 2.631000e+02
4.960000e+02 2.634000e+02
4.967500e+02 2.634000e+02
4.975000e+02 2.634000e+02
4.982500e+02 2.637000e+02
4.990000e+02 2.640000e+02
4.995000e+02 2.640000e+02
5.000000e+02 2.640000e+02
5.000000e+02 2.640000e+02
5.000000e+02 2.640000e+02
1.070000e+02 2.604000e+02
1.070000e+02 2.604000e+02
1.070000e+02 2.604000e+02
1.070000e+02 2.604000e+02
1.070000e+02 2.604000e+02
1.072500e+02 2.604000e+02
1.075000e+02 2.604000e+02
1.077500e+02 2.604000e+02
1.080000e+02 2.604000e+02
1.081250e+02 2.604000e+02
1.082500e+02 2.604000e+02
1.083750e+02 2.604000e+02
1.085000e+02 2.604000e+02
1.087500e+02 2.604000e+02
1.090000e+02 2.604000e+02
1.092500e+02 2.604000e+02
1.095000e+02 2.604000e+02
1.100000e+02 2.605500e+02
1.105000e+02 2.607000e+02
1.110000e+02 2.608500e+02
1.115000e+02 2.610000e+02
1.121250e+02 2.610000e+02
1.127500e+02 2.610000e+02
1.133750e+02 2.610000e+02
1.140000e+02 2.610000e+02
1.152500e+02 2.610000e+02
1.165000e+02 2.610000e+02
1.177500e+02 2.610000e+02
1.190000e+02 2.610000e+02
1.195000e+02 2.610000e+02
1.200000e+02 2.610000e+02
1.205000e+02 2.610000e+02
1.210000e+02 2.610000e+02
1.223750e+02 2.610000e+02
1.237500e+02 2.610000e+02
1.251250e+02 2.610000e+02
1.265000e+02 2.610000e+02
1.275000e+02 2.610000e+02
1.285000e+02 2.610000e+02
1.295000e+02 2.610000e+02
1.305000e+02 2.610000e+02
1.313750e+02 2.610000e+02
1.322500e+02 2.610000e+02
1.331250e+02 2.610000e+02
1.340000e+02 2.610000e+02
1.348750e+02 2.610000e+02
1.357500e+02 2.610000e+02
1.366250e+02 2.610000e+02
1.375000e+02 2.610000e+02
1.386250e+02 2.610000e+02
1.397500e+02 2.610000e+02
1.408750e+02 2.610000e+02
1.420000e+02 2.610000e+02
1.425000e+02 2.608500e+02
1.430000e+02 2.607000e+02
1.435000e+02 2.605500e+02
1.440000e+02 2.604000e+02
1.455000e+02 2.602500e+02
1.470000e+02 2.601000e+02
1.485000e+02 2.599500e+02
1.500000e+02 2.598000e+02
1.511250e+02 2.596500e+02
1.522500e+02 2.595000e+02
1.533750e+02 2.593500e+02
1.545000e+02 2.592000e+02
1.556250e+02 2.590500e+02
1.567500e+02 2.589000e+02
1.578750e+02 2.587500e+02
1.590000e+02 2.586000e+02
1.600000e+02 2.584500e+02
1.610000e+02 2.583000e+02
1.620000e+02 2.581500e+02
1.630000e+02 2.580000e+02
1.643750e+02 2.578500e+02
1.657500e+02 2.577000e+02
1.671250e+02 2.575500e+02
1.685000e+02 2.574000e+02
1.697500e+02 2.572500e+02
1.710000e+02 2.571000e+02
1.722500e+02 2.569500e+02
1.735000e+02 2.568000e+02
1.748750e+02 2.565000e+02
1.762500e+02 2.562000e+02
1.776250e+02 2.559000e+02
1.790000e+02 2.556000e+02
1.801250e+02 2.554500e+02
1.812500e+02 2.553000e+02
1.823750e+02 2.551500e+02
1.835000e+02 2.550000e+02
1.848750e+02 2.548500e+02
1.862500e+02 2.547000e+02
1.876250e+02 2.545500e+02
1.890000e+02 2.544000e+02
1.905000e+02 2.541000e+02
1.920000e+02 2.538000e+02
1.935000e+02 2.535000e+02
1.950000e+02 2.532000e+02
1.972500e+02 2.529000e+02
1.995000e+02 2.526000e+02
2.017500e+02 2.523000e+02
2.040000e+02 2.520000e+02
2.047500e+02 2.518500e+02
2.055000e+02 2.517000e+02
2.062500e+02 2.515500e+02
2.070000e+02 2.514000e+02
2.095000e+02 2.512500e+02
2.120000e+02 2.511000e+02
2.145000e+02 2.509500e+02
2.170000e+02 2.508000e+02
2.196250e+02 2.506500e+02
2.222500e+02 2.505000e+02
2.248750e+02 2.503500e+02
2.275000e+02 2.502000e+02
2.291250e+02 2.500500e+02
2.307500e+02 2.499000e+02
2.323750e+02 2.497500e+02
2.340000e+02 2.496000e+02
2.358750e+02 2.496000e+02
2.377500e+02 2.496000e+02
2.415000e+02 2.496000e+02
2.467500e+02 2.493000e+02
2.520000e+02 2.490000e+02
2.580000e+02 2.487000e+02
2.640000e+02 2.484000e+02
2.675000e+02 2.481000e+02
2.710000e+02 2.478000e+02
2.782500e+02 2.478000e+02
2.855000e+02 2.478000e+02
2.892500e+02 2.478000e+02
2.930000e+02 2.478000e+02
2.967500e+02 2.478000e+02
3.005000e+02 2.478000e+02
3.057500e+02 2.478000e+02
3.110000e+02 2.478000e+02
3.150000e+02 2.481000e+02
3.190000e+02 2.484000e+02
3.227500e+02 2.487000e+02
3.265000e+02 2.490000e+02
3.302500e+02 2.490000e+02
3.340000e+02 2.490000e+02
3.400000e+02 2.493000e+02
3.460000e+02 2.496000e+02
3.500000e+02 2.499000e+02
3.540000e+02 2.502000e+02
3.577500e+02 2.505000e+02
3.615000e+02 2.508000e+02
3.657500e+02 2.511000e+02
3.700000e+02 2.514000e+02
3.725000e+02 2.517000e+02
3.750000e+02 2.520000e+02
3.792500e+02 2.523000e+02
3.835000e+02 2.526000e+02
3.855000e+02 2.526000e+02
3.875000e+02 2.526000e+02
3.915000e+02 2.529000e+02
3.955000e+02 2.532000e+02
3.997500e+02 2.538000e+02
4.040000e+02 2.544000e+02
4.080000e+02 2.547000e+02
4.120000e+02 2.550000e+02
4.165000e+02 2.556000e+02
4.210000e+02 2.562000e+02
4.252500e+02 2.568000e+02
4.295000e+02 2.574000e+02
4.332500e+02 2.577000e+02
4.370000e+02 2.580000e+02
4.407500e+02 2.583000e+02
4.445000e+02 2.586000e+02
4.485000e+02 2.592000e+02
4.525000e+02 2.598000e+02
4.560000e+02 2.601000e+02
4.595000e+02 2.604000e+02
4.627500e+02 2.604000e+02
4.660000e+02 2.604000e+02
4.697500e+02 2.607000e+02
4.735000e+02 2.610000e+02
4.762500e+02 2.610000e+02
4.790000e+02 2.610000e+02
4.810000e+02 2.613000e+02
4.830000e+02 2.616000e+02
4.847500e+02 2.619000e+02
4.865000e+02 2.622000e+02
4.880000e+02 2.622000e+02
4.895000e+02 2.622000e+02
4.907500e+02 2.625000e+02
4.920000e+02 2.628000e+02
4.925000e+02 2.628000e+02
4.930000e+02 2.628000e+02
4.940000e+02 2.628000e+02
4.950000e+02 2.628000e+02
4.955000e+02 2.631000e+02
4.960000e+02 2.634000e+02
4.967500e+02 2.634000e+02
4.975000e+02 2.634000e+02
4.982500e+02 2.637000e+02
4.990000e+02 2.640000e+02
4.995000e+02 2.640000e+02
5.000000e+02 2.640000e+02
5.000000e+02 2.640000e+02
5.000000e+02 2.640000e+02
1.070000e+02 2.604000e+02
1.070000e+02 2.604000e+02
1.070000e+02 2.604000e+02
1.070000e+02 2.604000e+02
1.070000e+02 2.604000e+02
1.072500e+02 2.604000e+02
1.075000e+02 2.604000e+02
1.077500e+02 2.604000e+02
1.080000e+02 2.604000e+02
1.081250e+02 2.604000e+02
1.082500e+02 2.604000e+02
1.083750e+02 2.604000e+02
1.085000e+02 2.604000e+02
1.087500e+02 2.604000e+02
1.090000e+02 2.604000e+02
1.092500e+02 2.604000e+02
1.095000e+02 2.604000e+02
1.100000e+02 2.605500e+02
1.105000e+02 2.607000e+02
1.110000e+02 2.608500e+02
1.115000e+02 2.610000e+02
1.121250e+02 2.610000e+02
1.127500e+02 2.610000e+02
1.133750e+02 2.610000e+02
1.140000e+02 2.610000e+02
1.152500e+02 2.610000e+02
1.165000e+02 2.610000e+02
1.177500e+02 2.610000e+02
1.190000e+02 2.610000e+02
1.195000e+02 2.610000e+02
1.200000e+02 2.610000e+02
1.205000e+02 2.610000e+02
1.210000e+02 2.610000e+02
1.223750e+02 2.610000e+02
1.237500e+02 2.610000e+02
1.251250e+02 2.610000e+02
1.265000e+02 2.610000e+02
1.275000e+02 2.610000e+02
1.285000e+02 2.610000e+02
1.295000e+02 2.610000e+02
1.305000e+02 2.610000e+02
1.313750e+02 2.610000e+02
1.322500e+02 2.610000e+02
1.331250e+02 2.610000e+02
1.340000e+02 2.610000e+02
1.348750e+02 2.610000e+02
1.357500e+02 2.610000e+02
1.366250e+02 2.610000e+02
1.375000e+02 2.610000e+02
1.386250e+02 2.610000e+02
1.397500e+02 2.610000e+02
1.408750e+02 2.610000e+02
1.420000e+02 2.610000e+02
1.425000e+02 2.608500e+02
1.430000e+02 2.607000e+02
1.435000e+02 2.605500e+02
1.440000e+02 2.604000e+02
1.455000e+02 2.602500e+02
1.470000e+02 2.601000e+02
1.485000e+02 2.599500e+02
1.500000e+02 2.598000e+02
1.511250e+02 2.596500e+02
1.522500e+02 2.595000e+02
1.533750e+02 2.593500e+02
1.545000e+02 2.592000e+02
1.556250e+02 2.590500e+02
1.567500e+02 2.589000e+02
1.578750e+02 2.587500e+02
1.590000e+02 2.586000e+02
1.600000e+02 2.584500e+02
1.610000e+02 2.583000e+02
1.620000e+02 2.581500e+02
1.630000e+02 2.580000e+02
1.643750e+02 2.578500e+02
1.657500e+02 2.577000e+02
1.671250e+02 2.575500e+02
1.685000e+02 2.574000e+02
1.697500e+02 2.572500e+02
1.710000e+02 2.571000e+02
1.722500e+02 2.569500e+02
1.735000e+02 2.568000e+02
1.748750e+02 2.565000e+02
1.762500e+02 2.562000e+02
1.776250e+02 2.559000e+02
1.790000e+02 2.556000e+02
1.801250e+02 2.554500e+02
1.812500e+02 2.553000e+02
1.823750e+02 2.551500e+02
1.835000e+02 2.550000e+02
1.848750e+02 2.548500e+02
1.862500e+02 2.547000e+02
1.876250e+02 2.545500e+02
1.890000e+02 2.544000e+02
1.905000e+02 2.541000e+02
1.920000e+02 2.538000e+02
1.935000e+02 2.535000e+02
1.950000e+02 2.532000e+02
1.972500e+02 2.529000e+02
1.995000e+02 2.526000e+02
2.017500e+02 2.523000e+02
2.040000e+02 2.520000e+02
2.047500e+02 2.518500e+02
2.055000e+02 2.517000e+02
2.062500e+02 2.515500e+02
2.070000e+02 2.514000e+02
2.095000e+02 2.512500e+02
2.120000e+02 2.511000e+02
2.145000e+02 2.509500e+02
2.170000e+02 2.508000e+02
2.196250e+02 2.506500e+02
2.222500e+02 2.505000e+02
2.248750e+02 2.503500e+02
2.275000e+02 2.502000e+02
2.291250e+02 2.500500e+02
2.307500e+02 2.499000e+02
2.323750e+02 2.497500e+02
2.340000e+02 2.496000e+02
2.358750e+02 2.496000e+02
2.377500e+02 2.496000e+02
2.415000e+02 2.496000e+02
2.467500e+02 2.493000e+02
2.520000e+02 2.490000e+02
2.580000e+02 2.487000e+02
2.640000e+02 2.484000e+02
2.675000e+02 2.481000e+02
2.710000e+02 2.478000e+02
2.782500e+02 2.478000e+02
2.855000e+02 2.478000e+02
2.892500e+02 2.478000e+02
2.930000e+02 2.478000e+02
2.967500e+02 2.478000e+02
3.005000e+02 2.478000e+02
3.057500e+02 2.478000e+02
3.110000e+02 2.478000e+02
3.150000e+02 2.481000e+02
3.190000e+02 2.484000e+02
3.227500e+02 2.487000e+02
3.265000e+02 2.490000e+02
3.302500e+02 2.490000e+02
3.340000e+02 2.490000e+02
3.400000e+02 2.493000e+02
3.460000e+02 2.496000e+02
3.500000e+02 2.499000e+02
3.540000e+02 2.502000e+02
3.577500e+02 2.505000e+02
3.615000e+02 2.508000e+02
3.657500e+02 2.511000e+02
3.700000e+02 2.514000e+02
3.725000e+02 2.517000e+02
3.750000e+02 2.520000e+02
3.792500e+02 2.523000e+02
3.835000e+02 2.526000e+02
3.855000e+02 2.526000e+02
3.875000e+02 2.526000e+02
3.915000e+02 2.529000e+02
3.955000e+02 2.532000e+02
3.997500e+02 2.538000e+02
4.040000e+02 2.544000e+02
4.080000e+02 2.547000e+02
4.120000e+02 2.550000e+02
4.165000e+02 2.556000e+02
4.210000e+02 2.562000e+02
4.252500e+02 2.568000e+02
4.295000e+02 2.574000e+02
4.332500e+02 2.577000e+02
4.370000e+02 2.580000e+02
4.407500e+02 2.583000e+02
4.445000e+02 2.586000e+02
4.485000e+02 2.592000e+02
4.525000e+02 2.598000e+02
4.560000e+02 2.601000e+02
4.595000e+02 2.604000e+02
4.627500e+02 2.604000e+02
4.660000e+02 2.604000e+02
4.697500e+02 2.607000e+02
4.735000e+02 2.610000e+02
4.762500e+02 2.610000e+02
4.790000e+02 2.610000e+02
4.810000e+02 2.613000e+02
4.830000e+02 2.616000e+02
4.847500e+02 2.619000e+02
4.865000e+02 2.622000e+02
4.880000e+02 2.622000e+02
4.895000e+02 2.622000e+02
4.907500e+02 2.625000e+02
4.920000e+02 2.628000e+02
4.925000e+02 2.628000e+02
4.930000e+02 2.628000e+02
4.940000e+02 2.628000e+02
4.950000e+02 2.628000e+02
4.955000e+02 2.631000e+02
4.960000e+02 2.634000e+02
4.967500e+02 2.634000e+02
4.975000e+02 2.634000e+02
4.982500e+02 2.637000e+02
4.990000e+02 2.640000e+02
4.995000e+02 2.640000e+02
5.000000e+02 2.640000e+02
5.000000e+02 2.640000e+02
5.000000e+02 2.640000e+02
