3.765000e+02 1.572000e+02
3.765000e+02 1.572000e+02
3.765000e+02 1.572000e+02
3.750000e+02 1.566000e+02
3.735000e+02 1.560000e+02
3.720000e+02 1.557000e+02
3.705000e+02 1.554000e+02
3.690000e+02 1.548000e+02
3.675000e+02 1.542000e+02
3.642500e+02 1.533000e+02
3.610000e+02 1.524000e+02
3.572500e+02 1.521000e+02
3.535000e+02 1.518000e+02
3.507500e+02 1.515000e+02
3.480000e+02 1.512000e+02
3.450000e+02 1.515000e+02
3.420000e+02 1.518000e+02
3.382500e+02 1.521000e+02
3.345000e+02 1.524000e+02
3.310000e+02 1.527000e+02
3.275000e+02 1.530000e+02
3.240000e+02 1.536000e+02
3.205000e+02 1.542000e+02
3.170000e+02 1.548000e+02
3.135000e+02 1.554000e+02
3.102500e+02 1.560000e+02
3.070000e+02 1.566000e+02
3.030000e+02 1.572000e+02
2.990000e+02 1.578000e+02
2.940000e+02 1.587000e+02
2.890000e+02 1.596000e+02
2.857500e+02 1.602000e+02
2.825000e+02 1.608000e+02
2.792500e+02 1.617000e+02
2.760000e+02 1.626000e+02
2.727500e+02 1.635000e+02
2.695000e+02 1.644000e+02
2.660000e+02 1.656000e+02
2.625000e+02 1.668000e+02
2.595000e+02 1.677000e+02
2.565000e+02 1.686000e+02
2.535000e+02 1.701000e+02
2.505000e+02 1.716000e+02
2.475000e+02 1.728000e+02
2.445000e+02 1.740000e+02
2.412500e+02 1.758000e+02
2.380000e+02 1.776000e+02
2.352500e+02 1.794000e+02
2.325000e+02 1.812000e+02
2.297500e+02 1.827000e+02
2.270000e+02 1.842000e+02
2.245000e+02 1.860000e+02
2.220000e+02 1.878000e+02
2.195000e+02 1.899000e+02
2.170000e+02 1.920000e+02
2.145000e+02 1.944000e+02
2.120000e+02 1.968000e+02
2.097500e+02 1.986000e+02
2.075000e+02 2.004000e+02
2.057500e+02 2.025000e+02
2.040000e+02 2.046000e+02
2.025000e+02 2.067000e+02
2.010000e+02 2.088000e+02
1.995000e+02 2.109000e+02
1.980000e+02 2.130000e+02
1.967500e+02 2.154000e+02
1.955000e+02 2.178000e+02
1.945000e+02 2.199000e+02
1.935000e+02 2.220000e+02
1.930000e+02 2.238000e+02
1.925000e+02 2.256000e+02
1.920000e+02 2.277000e+02
1.915000e+02 2.298000e+02
1.915000e+02 2.319000e+02
1.915000e+02 2.340000e+02
1.915000e+02 2.370000e+02
1.915000e+02 2.400000e+02
1.920000e+02 2.421000e+02
1.925000e+02 2.442000e+02
1.932500e+02 2.460000e+02
1.940000e+02 2.478000e+02
1.952500e+02 2.499000e+02
1.965000e+02 2.520000e+02
1.975000e+02 2.538000e+02
1.985000e+02 2.556000e+02
2.000000e+02 2.574000e+02
2.015000e+02 2.592000e+02
2.030000e+02 2.610000e+02
2.045000e+02 2.628000e+02
2.072500e+02 2.652000e+02
2.100000e+02 2.676000e+02
2.110000e+02 2.682000e+02
2.120000e+02 2.688000e+02
2.142500e+02 2.703000e+02
2.165000e+02 2.718000e+02
2.187500e+02 2.730000e+02
2.210000e+02 2.742000e+02
2.232500e+02 2.754000e+02
2.255000e+02 2.766000e+02
2.282500e+02 2.775000e+02
2.310000e+02 2.784000e+02
2.335000e+02 2.793000e+02
2.360000e+02 2.802000e+02
2.387500e+02 2.811000e+02
2.415000e+02 2.820000e+02
2.445000e+02 2.826000e+02
2.475000e+02 2.832000e+02
2.492500e+02 2.838000e+02
2.510000e+02 2.844000e+02
2.552500e+02 2.853000e+02
2.595000e+02 2.862000e+02
2.627500e+02 2.868000e+02
2.660000e+02 2.874000e+02
2.687500e+02 2.877000e+02
2.715000e+02 2.880000e+02
2.747500e+02 2.886000e+02
2.780000e+02 2.892000e+02
2.807500e+02 2.895000e+02
2.835000e+02 2.898000e+02
2.882500e+02 2.898000e+02
2.930000e+02 2.898000e+02
2.945000e+02 2.898000e+02
2.960000e+02 2.898000e+02
2.992500e+02 2.895000e+02
3.025000e+02 2.892000e+02
3.055000e+02 2.892000e+02
3.085000e+02 2.892000e+02
3.115000e+02 2.889000e+02
3.145000e+02 2.886000e+02
3.175000e+02 2.880000e+02
3.205000e+02 2.874000e+02
3.235000e+02 2.871000e+02
3.265000e+02 2.868000e+02
3.292500e+02 2.862000e+02
3.320000e+02 2.856000e+02
3.347500e+02 2.847000e+02
3.375000e+02 2.838000e+02
3.405000e+02 2.829000e+02
3.435000e+02 2.820000e+02
3.460000e+02 2.811000e+02
3.485000e+02 2.802000e+02
3.570000e+02 2.778000e+02
3.625000e+02 2.754000e+02
3.680000e+02 2.730000e+02
3.730000e+02 2.706000e+02
3.780000e+02 2.682000e+02
3.830000e+02 2.658000e+02
3.875000e+02 2.634000e+02
3.920000e+02 2.616000e+02
3.940000e+02 2.604000e+02
3.980000e+02 2.580000e+02
4.025000e+02 2.556000e+02
4.060000e+02 2.532000e+02
4.095000e+02 2.508000e+02
4.130000e+02 2.478000e+02
4.160000e+02 2.454000e+02
4.195000e+02 2.430000e+02
4.235000e+02 2.388000e+02
4.260000e+02 2.358000e+02
4.285000e+02 2.334000e+02
4.310000e+02 2.304000e+02
4.335000e+02 2.274000e+02
4.355000e+02 2.250000e+02
4.375000e+02 2.214000e+02
4.385000e+02 2.202000e+02
4.400000e+02 2.172000e+02
4.410000e+02 2.154000e+02
4.420000e+02 2.130000e+02
4.425000e+02 2.124000e+02
4.435000e+02 2.094000e+02
4.440000e+02 2.076000e+02
4.440000e+02 2.058000e+02
4.440000e+02 2.040000e+02
4.440000e+02 2.028000e+02
4.440000e+02 2.016000e+02
4.430000e+02 1.998000e+02
4.420000e+02 1.986000e+02
4.380000e+02 1.962000e+02
4.365000e+02 1.950000e+02
4.325000e+02 1.938000e+02
4.295000e+02 1.932000e+02
4.265000e+02 1.926000e+02
4.235000e+02 1.926000e+02
4.210000e+02 1.920000e+02
4.185000e+02 1.920000e+02
4.180000e+02 1.914000e+02
4.160000e+02 1.914000e+02
4.155000e+02 1.908000e+02
4.145000e+02 1.908000e+02
4.135000e+02 1.902000e+02
4.120000e+02 1.896000e+02
4.110000e+02 1.896000e+02
4.100000e+02 1.890000e+02
4.095000e+02 1.884000e+02
4.085000e+02 1.884000e+02
4.085000e+02 1.884000e+02
4.080000e+02 1.878000e+02
4.070000e+02 1.878000e+02
4.050000e+02 1.884000e+02
4.050000e+02 1.884000e+02
3.765000e+02 1.572000e+02
3.765000e+02 1.572000e+02
3.765000e+02 1.572000e+02
3.750000e+02 1.566000e+02
3.735000e+02 1.560000e+02
3.720000e+02 1.557000e+02
3.705000e+02 1.554000e+02
3.690000e+02 1.548000e+02
3.675000e+02 1.542000e+02
3.642500e+02 1.533000e+02
3.610000e+02 1.524000e+02
3.572500e+02 1.521000e+02
3.535000e+02 1.518000e+02
3.507500e+02 1.515000e+02
3.480000e+02 1.512000e+02
3.450000e+02 1.515000e+02
3.420000e+02 1.518000e+02
3.382500e+02 1.521000e+02
3.345000e+02 1.524000e+02
3.310000e+02 1.527000e+02
3.275000e+02 1.530000e+02
3.240000e+02 1.536000e+02
3.205000e+02 1.542000e+02
3.170000e+02 1.548000e+02
3.135000e+02 1.554000e+02
3.102500e+02 1.560000e+02
3.070000e+02 1.566000e+02
3.030000e+02 1.572000e+02
2.990000e+02 1.578000e+02
2.940000e+02 1.587000e+02
2.890000e+02 1.596000e+02
2.857500e+02 1.602000e+02
2.825000e+02 1.608000e+02
2.792500e+02 1.617000e+02
2.760000e+02 1.626000e+02
2.727500e+02 1.635000e+02
2.695000e+02 1.644000e+02
2.660000e+02 1.656000e+02
2.625000e+02 1.668000e+02
2.595000e+02 1.677000e+02
2.565000e+02 1.686000e+02
2.535000e+02 1.701000e+02
2.505000e+02 1.716000e+02
2.475000e+02 1.728000e+02
2.445000e+02 1.740000e+02
2.412500e+02 1.758000e+02
2.380000e+02 1.776000e+02
2.352500e+02 1.794000e+02
2.325000e+02 1.812000e+02
2.297500e+02 1.827000e+02
2.270000e+02 1.842000e+02
2.245000e+02 1.860000e+02
2.220000e+02 1.878000e+02
2.195000e+02 1.899000e+02
2.170000e+02 1.920000e+02
2.145000e+02 1.944000e+02
2.120000e+02 1.968000e+02
2.097500e+02 1.986000e+02
2.075000e+02 2.004000e+02
2.057500e+02 2.025000e+02
2.040000e+02 2.046000e+02
2.025000e+02 2.067000e+02
2.010000e+02 2.088000e+02
1.995000e+02 2.109000e+02
1.980000e+02 2.130000e+02
1.967500e+02 2.154000e+02
1.955000e+02 2.178000e+02
1.945000e+02 2.199000e+02
1.935000e+02 2.220000e+02
1.930000e+02 2.238000e+02
1.925000e+02 2.256000e+02
1.920000e+02 2.277000e+02
1.915000e+02 2.298000e+02
1.915000e+02 2.319000e+02
1.915000e+02 2.340000e+02
1.915000e+02 2.370000e+02
1.915000e+02 2.400000e+02
1.920000e+02 2.421000e+02
1.925000e+02 2.442000e+02
1.932500e+02 2.460000e+02
1.940000e+02 2.478000e+02
1.952500e+02 2.499000e+02
1.965000e+02 2.520000e+02
1.975000e+02 2.538000e+02
1.985000e+02 2.556000e+02
2.000000e+02 2.574000e+02
2.015000e+02 2.592000e+02
2.030000e+02 2.610000e+02
2.045000e+02 2.628000e+02
2.072500e+02 2.652000e+02
2.100000e+02 2.676000e+02
2.110000e+02 2.682000e+02
2.120000e+02 2.688000e+02
2.142500e+02 2.703000e+02
2.165000e+02 2.718000e+02
2.187500e+02 2.730000e+02
2.210000e+02 2.742000e+02
2.232500e+02 2.754000e+02
2.255000e+02 2.766000e+02
2.282500e+02 2.775000e+02
2.310000e+02 2.784000e+02
2.335000e+02 2.793000e+02
2.360000e+02 2.802000e+02
2.387500e+02 2.811000e+02
2.415000e+02 2.820000e+02
2.445000e+02 2.826000e+02
2.475000e+02 2.832000e+02
2.492500e+02 2.838000e+02
2.510000e+02 2.844000e+02
2.552500e+02 2.853000e+02
2.595000e+02 2.862000e+02
2.627500e+02 2.868000e+02
2.660000e+02 2.874000e+02
2.687500e+02 2.877000e+02
2.715000e+02 2.880000e+02
2.747500e+02 2.886000e+02
2.780000e+02 2.892000e+02
2.807500e+02 2.895000e+02
2.835000e+02 2.898000e+02
2.882500e+02 2.898000e+02
2.930000e+02 2.898000e+02
2.945000e+02 2.898000e+02
2.960000e+02 2.898000e+02
2.992500e+02 2.895000e+02
3.025000e+02 2.892000e+02
3.055000e+02 2.892000e+02
3.085000e+02 2.892000e+02
3.115000e+02 2.889000e+02
3.145000e+02 2.886000e+02
3.175000e+02 2.880000e+02
3.205000e+02 2.874000e+02
3.235000e+02 2.871000e+02
3.265000e+02 2.868000e+02
3.292500e+02 2.862000e+02
3.320000e+02 2.856000e+02
3.347500e+02 2.847000e+02
3.375000e+02 2.838000e+02
3.405000e+02 2.829000e+02
3.435000e+02 2.820000e+02
3.460000e+02 2.811000e+02
3.485000e+02 2.802000e+02
3.570000e+02 2.778000e+02
3.625000e+02 2.754000e+02
3.680000e+02 2.730000e+02
3.730000e+02 2.706000e+02
3.780000e+02 2.682000e+02
3.830000e+02 2.658000e+02
3.875000e+02 2.634000e+02
3.920000e+02 2.616000e+02
3.940000e+02 2.604000e+02
3.980000e+02 2.580000e+02
4.025000e+02 2.556000e+02
4.060000e+02 2.532000e+02
4.095000e+02 2.508000e+02
4.130000e+02 2.478000e+02
4.160000e+02 2.454000e+02
4.195000e+02 2.430000e+02
4.235000e+02 2.388000e+02
4.260000e+02 2.358000e+02
4.285000e+02 2.334000e+02
4.310000e+02 2.304000e+02
4.335000e+02 2.274000e+02
4.355000e+02 2.250000e+02
4.375000e+02 2.214000e+02
4.385000e+02 2.202000e+02
4.400000e+02 2.172000e+02
4.410000e+02 2.154000e+02
4.420000e+02 2.130000e+02
4.425000e+02 2.124000e+02
4.435000e+02 2.094000e+02
4.440000e+02 2.076000e+02
4.440000e+02 2.058000e+02
4.440000e+02 2.040000e+02
4.440000e+02 2.028000e+02
4.440000e+02 2.016000e+02
4.430000e+02 1.998000e+02
4.420000e+02 1.986000e+02
4.380000e+02 1.962000e+02
4.365000e+02 1.950000e+02
4.325000e+02 1.938000e+02
4.295000e+02 1.932000e+02
4.265000e+02 1.926000e+02
4.235000e+02 1.926000e+02
4.210000e+02 1.920000e+02
4.185000e+02 1.920000e+02
4.180000e+02 1.914000e+02
4.160000e+02 1.914000e+02
4.155000e+02 1.908000e+02
4.145000e+02 1.908000e+02
4.135000e+02 1.902000e+02
4.120000e+02 1.896000e+02
4.110000e+02 1.896000e+02
4.100000e+02 1.890000e+02
4.095000e+02 1.884000e+02
4.085000e+02 1.884000e+02
4.085000e+02 1.884000e+02
4.080000e+02 1.878000e+02
4.070000e+02 1.878000e+02
4.050000e+02 1.884000e+02
4.050000e+02 1.884000e+02
3.765000e+02 1.572000e+02
3.765000e+02 1.572000e+02
3.765000e+02 1.572000e+02
3.750000e+02 1.566000e+02
3.735000e+02 1.560000e+02
3.720000e+02 1.557000e+02
3.705000e+02 1.554000e+02
3.690000e+02 1.548000e+02
3.675000e+02 1.542000e+02
3.642500e+02 1.533000e+02
3.610000e+02 1.524000e+02
3.572500e+02 1.521000e+02
3.535000e+02 1.518000e+02
3.507500e+02 1.515000e+02
3.480000e+02 1.512000e+02
3.450000e+02 1.515000e+02
3.420000e+02 1.518000e+02
3.382500e+02 1.521000e+02
3.345000e+02 1.524000e+02
3.310000e+02 1.527000e+02
3.275000e+02 1.530000e+02
3.240000e+02 1.536000e+02
3.205000e+02 1.542000e+02
3.170000e+02 1.548000e+02
3.135000e+02 1.554000e+02
3.102500e+02 1.560000e+02
3.070000e+02 1.566000e+02
3.030000e+02 1.572000e+02
2.990000e+02 1.578000e+02
2.940000e+02 1.587000e+02
2.890000e+02 1.596000e+02
2.857500e+02 1.602000e+02
2.825000e+02 1.608000e+02
2.792500e+02 1.617000e+02
2.760000e+02 1.626000e+02
2.727500e+02 1.635000e+02
2.695000e+02 1.644000e+02
2.660000e+02 1.656000e+02
2.625000e+02 1.668000e+02
2.595000e+02 1.677000e+02
2.565000e+02 1.686000e+02
2.535000e+02 1.701000e+02
2.505000e+02 1.716000e+02
2.475000e+02 1.728000e+02
2.445000e+02 1.740000e+02
2.412500e+02 1.758000e+02
2.380000e+02 1.776000e+02
2.352500e+02 1.794000e+02
2.325000e+02 1.812000e+02
2.297500e+02 1.827000e+02
2.270000e+02 1.842000e+02
2.245000e+02 1.860000e+02
2.220000e+02 1.878000e+02
2.195000e+02 1.899000e+02
2.170000e+02 1.920000e+02
2.145000e+02 1.944000e+02
2.120000e+02 1.968000e+02
2.097500e+02 1.986000e+02
2.075000e+02 2.004000e+02
2.057500e+02 2.025000e+02
2.040000e+02 2.046000e+02
2.025000e+02 2.067000e+02
2.010000e+02 2.088000e+02
1.995000e+02 2.109000e+02
1.980000e+02 2.130000e+02
1.967500e+02 2.154000e+02
1.955000e+02 2.178000e+02
1.945000e+02 2.199000e+02
1.935000e+02 2.220000e+02
1.930000e+02 2.238000e+02
1.925000e+02 2.256000e+02
1.920000e+02 2.277000e+02
1.915000e+02 2.298000e+02
1.915000e+02 2.319000e+02
1.915000e+02 2.340000e+02
1.915000e+02 2.370000e+02
1.915000e+02 2.400000e+02
1.920000e+02 2.421000e+02
1.925000e+02 2.442000e+02
1.932500e+02 2.460000e+02
1.940000e+02 2.478000e+02
1.952500e+02 2.499000e+02
1.965000e+02 2.520000e+02
1.975000e+02 2.538000e+02
1.985000e+02 2.556000e+02
2.000000e+02 2.574000e+02
2.015000e+02 2.592000e+02
2.030000e+02 2.610000e+02
2.045000e+02 2.628000e+02
2.072500e+02 2.652000e+02
2.100000e+02 2.676000e+02
2.110000e+02 2.682000e+02
2.120000e+02 2.688000e+02
2.142500e+02 2.703000e+02
2.165000e+02 2.718000e+02
2.187500e+02 2.730000e+02
2.210000e+02 2.742000e+02
2.232500e+02 2.754000e+02
2.255000e+02 2.766000e+02
2.282500e+02 2.775000e+02
2.310000e+02 2.784000e+02
2.335000e+02 2.793000e+02
2.360000e+02 2.802000e+02
2.387500e+02 2.811000e+02
2.415000e+02 2.820000e+02
2.445000e+02 2.826000e+02
2.475000e+02 2.832000e+02
2.492500e+02 2.838000e+02
2.510000e+02 2.844000e+02
2.552500e+02 2.853000e+02
2.595000e+02 2.862000e+02
2.627500e+02 2.868000e+02
2.660000e+02 2.874000e+02
2.687500e+02 2.877000e+02
2.715000e+02 2.880000e+02
2.747500e+02 2.886000e+02
2.780000e+02 2.892000e+02
2.807500e+02 2.895000e+02
2.835000e+02 2.898000e+02
2.882500e+02 2.898000e+02
2.930000e+02 2.898000e+02
2.945000e+02 2.898000e+02
2.960000e+02 2.898000e+02
2.992500e+02 2.895000e+02
3.025000e+02 2.892000e+02
3.055000e+02 2.892000e+02
3.085000e+02 2.892000e+02
3.115000e+02 2.889000e+02
3.145000e+02 2.886000e+02
3.175000e+02 2.880000e+02
3.205000e+02 2.874000e+02
3.235000e+02 2.871000e+02
3.265000e+02 2.868000e+02
3.292500e+02 2.862000e+02
3.320000e+02 2.856000e+02
3.347500e+02 2.847000e+02
3.375000e+02 2.838000e+02
3.405000e+02 2.829000e+02
3.435000e+02 2.820000e+02
3.460000e+02 2.811000e+02
3.485000e+02 2.802000e+02
3.570000e+02 2.778000e+02
3.625000e+02 2.754000e+02
3.680000e+02 2.730000e+02
3.730000e+02 2.706000e+02
3.780000e+02 2.682000e+02
3.830000e+02 2.658000e+02
3.875000e+02 2.634000e+02
3.920000e+02 2.616000e+02
3.940000e+02 2.604000e+02
3.980000e+02 2.580000e+02
4.025000e+02 2.556000e+02
4.060000e+02 2.532000e+02
4.095000e+02 2.508000e+02
4.130000e+02 2.478000e+02
4.160000e+02 2.454000e+02
4.195000e+02 2.430000e+02
4.235000e+02 2.388000e+02
4.260000e+02 2.358000e+02
4.285000e+02 2.334000e+02
4.310000e+02 2.304000e+02
4.335000e+02 2.274000e+02
4.355000e+02 2.250000e+02
4.375000e+02 2.214000e+02
4.385000e+02 2.202000e+02
4.400000e+02 2.172000e+02
4.410000e+02 2.154000e+02
4.420000e+02 2.130000e+02
4.425000e+02 2.124000e+02
4.435000e+02 2.094000e+02
4.440000e+02 2.076000e+02
4.440000e+02 2.058000e+02
4.440000e+02 2.040000e+02
4.440000e+02 2.028000e+02
4.440000e+02 2.016000e+02
4.430000e+02 1.998000e+02
4.420000e+02 1.986000e+02
4.380000e+02 1.962000e+02
4.365000e+02 1.950000e+02
4.325000e+02 1.938000e+02
4.295000e+02 1.932000e+02
4.265000e+02 1.926000e+02
4.235000e+02 1.926000e+02
4.210000e+02 1.920000e+02
4.185000e+02 1.920000e+02
4.180000e+02 1.914000e+02
4.160000e+02 1.914000e+02
4.155000e+02 1.908000e+02
4.145000e+02 1.908000e+02
4.135000e+02 1.902000e+02
4.120000e+02 1.896000e+02
4.110000e+02 1.896000e+02
4.100000e+02 1.890000e+02
4.095000e+02 1.884000e+02
4.085000e+02 1.884000e+02
4.085000e+02 1.884000e+02
4.080000e+02 1.878000e+02
4.070000e+02 1.878000e+02
4.050000e+02 1.884000e+02
4.050000e+02 1.884000e+02
