4.630000e+02 1.572000e+02
4.630000e+02 1.572000e+02
4.630000e+02 1.572000e+02
4.630000e+02 1.572000e+02
4.630000e+02 1.572000e+02
4.630000e+02 1.570500e+02
4.630000e+02 1.569000e+02
4.630000e+02 1.567500e+02
4.630000e+02 1.566000e+02
4.630000e+02 1.566000e+02
4.630000e+02 1.566000e+02
4.630000e+02 1.566000e+02
4.630000e+02 1.566000e+02
4.630000e+02 1.564500e+02
4.630000e+02 1.563000e+02
4.630000e+02 1.561500e+02
4.630000e+02 1.560000e+02
4.627500e+02 1.560000e+02
4.625000e+02 1.560000e+02
4.622500e+02 1.560000e+02
4.620000e+02 1.560000e+02
4.617500e+02 1.558500e+02
4.615000e+02 1.557000e+02
4.612500e+02 1.555500e+02
4.610000e+02 1.554000e+02
4.602500e+02 1.554000e+02
4.595000e+02 1.554000e+02
4.587500e+02 1.554000e+02
4.580000e+02 1.554000e+02
4.576250e+02 1.552500e+02
4.572500e+02 1.551000e+02
4.568750e+02 1.549500e+02
4.565000e+02 1.548000e+02
4.546250e+02 1.546500e+02
4.527500e+02 1.545000e+02
4.508750e+02 1.543500e+02
4.490000e+02 1.542000e+02
4.477500e+02 1.540500e+02
4.465000e+02 1.539000e+02
4.452500e+02 1.537500e+02
4.440000e+02 1.536000e+02
4.432500e+02 1.534500e+02
4.425000e+02 1.533000e+02
4.417500e+02 1.531500e+02
4.410000e+02 1.530000e+02
4.393750e+02 1.530000e+02
4.377500e+02 1.530000e+02
4.361250e+02 1.530000e+02
4.345000e+02 1.530000e+02
4.317500e+02 1.527000e+02
4.290000e+02 1.524000e+02
4.262500e+02 1.521000e+02
4.235000e+02 1.518000e+02
4.226250e+02 1.518000e+02
4.217500e+02 1.518000e+02
4.208750e+02 1.518000e+02
4.200000e+02 1.518000e+02
4.182500e+02 1.516500e+02
4.165000e+02 1.515000e+02
4.147500e+02 1.513500e+02
4.130000e+02 1.512000e+02
4.112500e+02 1.512000e+02
4.095000e+02 1.512000e+02
4.077500e+02 1.512000e+02
4.060000e+02 1.512000e+02
4.040000e+02 1.512000e+02
4.020000e+02 1.512000e+02
4.000000e+02 1.512000e+02
3.980000e+02 1.512000e+02
3.961250e+02 1.512000e+02
3.942500e+02 1.512000e+02
3.923750e+02 1.512000e+02
3.905000e+02 1.512000e+02
3.883750e+02 1.512000e+02
3.862500e+02 1.512000e+02
3.841250e+02 1.512000e+02
3.820000e+02 1.512000e+02
3.798750e+02 1.513500e+02
3.777500e+02 1.515000e+02
3.756250e+02 1.516500e+02
3.735000e+02 1.518000e+02
3.716250e+02 1.518000e+02
3.697500e+02 1.518000e+02
3.678750e+02 1.518000e+02
3.660000e+02 1.518000e+02
3.638750e+02 1.519500e+02
3.617500e+02 1.521000e+02
3.596250e+02 1.522500e+02
3.575000e+02 1.524000e+02
3.553750e+02 1.525500e+02
3.532500e+02 1.527000e+02
3.511250e+02 1.528500e+02
3.490000e+02 1.530000e+02
3.467500e+02 1.531500e+02
3.445000e+02 1.533000e+02
3.422500e+02 1.534500e+02
3.400000e+02 1.536000e+02
3.381250e+02 1.537500e+02
3.362500e+02 1.539000e+02
3.343750e+02 1.540500e+02
3.325000e+02 1.542000e+02
3.305000e+02 1.543500e+02
3.285000e+02 1.545000e+02
3.265000e+02 1.546500e+02
3.245000e+02 1.548000e+02
3.226250e+02 1.549500e+02
3.207500e+02 1.551000e+02
3.188750e+02 1.552500e+02
3.170000e+02 1.554000e+02
3.151250e+02 1.555500e+02
3.132500e+02 1.557000e+02
3.113750e+02 1.558500e+02
3.095000e+02 1.560000e+02
3.077500e+02 1.563000e+02
3.060000e+02 1.566000e+02
3.042500e+02 1.569000e+02
3.025000e+02 1.572000e+02
3.008750e+02 1.573500e+02
2.992500e+02 1.575000e+02
2.976250e+02 1.576500e+02
2.960000e+02 1.578000e+02
2.942500e+02 1.579500e+02
2.925000e+02 1.581000e+02
2.907500e+02 1.582500e+02
2.890000e+02 1.584000e+02
2.876250e+02 1.587000e+02
2.862500e+02 1.590000e+02
2.848750e+02 1.593000e+02
2.835000e+02 1.596000e+02
2.820000e+02 1.597500e+02
2.805000e+02 1.599000e+02
2.790000e+02 1.600500e+02
2.775000e+02 1.602000e+02
2.761250e+02 1.603500e+02
2.747500e+02 1.605000e+02
2.733750e+02 1.606500e+02
2.720000e+02 1.608000e+02
2.706250e+02 1.611000e+02
2.692500e+02 1.614000e+02
2.665000e+02 1.620000e+02
2.630000e+02 1.623000e+02
2.595000e+02 1.626000e+02
2.575000e+02 1.629000e+02
2.555000e+02 1.632000e+02
2.545000e+02 1.635000e+02
2.535000e+02 1.638000e+02
2.505000e+02 1.644000e+02
2.475000e+02 1.650000e+02
2.467500e+02 1.650000e+02
2.460000e+02 1.650000e+02
2.445000e+02 1.653000e+02
2.430000e+02 1.656000e+02
2.415000e+02 1.659000e+02
2.400000e+02 1.662000e+02
2.377500e+02 1.665000e+02
2.355000e+02 1.668000e+02
2.340000e+02 1.671000e+02
2.325000e+02 1.674000e+02
2.307500e+02 1.677000e+02
2.290000e+02 1.680000e+02
2.280000e+02 1.680000e+02
2.270000e+02 1.680000e+02
2.257500e+02 1.683000e+02
2.245000e+02 1.686000e+02
2.232500e+02 1.689000e+02
2.220000e+02 1.692000e+02
2.210000e+02 1.695000e+02
2.200000e+02 1.698000e+02
2.197500e+02 1.698000e+02
2.195000e+02 1.698000e+02
2.185000e+02 1.698000e+02
2.175000e+02 1.698000e+02
2.167500e+02 1.701000e+02
2.160000e+02 1.704000e+02
2.147500e+02 1.707000e+02
2.135000e+02 1.710000e+02
2.130000e+02 1.713000e+02
2.125000e+02 1.716000e+02
2.117500e+02 1.716000e+02
2.110000e+02 1.716000e+02
2.105000e+02 1.716000e+02
2.100000e+02 1.716000e+02
2.095000e+02 1.719000e+02
2.090000e+02 1.722000e+02
2.085000e+02 1.722000e+02
2.080000e+02 1.722000e+02
2.077500e+02 1.722000e+02
2.075000e+02 1.722000e+02
2.072500e+02 1.722000e+02
2.070000e+02 1.722000e+02
2.065000e+02 1.725000e+02
2.060000e+02 1.728000e+02
2.060000e+02 1.728000e+02
2.060000e+02 1.728000e+02
2.057500e+02 1.728000e+02
2.055000e+02 1.728000e+02
2.055000e+02 1.728000e+02
2.055000e+02 1.728000e+02
2.055000e+02 1.728000e+02
2.055000e+02 1.728000e+02
