1.410000e+02 8.220000e+01
1.410000e+02 8.220000e+01
1.410000e+02 8.220000e+01
1.410000e+02 8.220000e+01
1.410000e+02 8.220000e+01
1.410000e+02 8.220000e+01
1.410000e+02 8.220000e+01
1.410000e+02 8.220000e+01
1.410000e+02 8.220000e+01
1.411875e+02 8.205000e+01
1.413750e+02 8.190000e+01
1.415625e+02 8.175000e+01
1.417500e+02 8.160000e+01
1.419375e+02 8.145000e+01
1.421250e+02 8.130000e+01
1.423125e+02 8.115000e+01
1.425000e+02 8.100000e+01
1.427500e+02 8.092500e+01
1.430000e+02 8.085000e+01
1.432500e+02 8.077500e+01
1.435000e+02 8.070000e+01
1.437500e+02 8.062500e+01
1.440000e+02 8.055000e+01
1.442500e+02 8.047500e+01
1.445000e+02 8.040000e+01
1.448125e+02 8.032500e+01
1.451250e+02 8.025000e+01
1.454375e+02 8.017500e+01
1.457500e+02 8.010000e+01
1.460625e+02 8.002500e+01
1.463750e+02 7.995000e+01
1.466875e+02 7.987500e+01
1.470000e+02 7.980000e+01
1.473750e+02 7.972500e+01
1.477500e+02 7.965000e+01
1.481250e+02 7.957500e+01
1.485000e+02 7.950000e+01
1.488750e+02 7.942500e+01
1.492500e+02 7.935000e+01
1.500000e+02 7.920000e+01
1.511250e+02 7.890000e+01
1.522500e+02 7.860000e+01
1.533750e+02 7.830000e+01
1.545000e+02 7.800000e+01
1.555000e+02 7.800000e+01
1.565000e+02 7.800000e+01
1.575000e+02 7.800000e+01
1.585000e+02 7.800000e+01
1.597500e+02 7.785000e+01
1.610000e+02 7.770000e+01
1.622500e+02 7.755000e+01
1.635000e+02 7.740000e+01
1.648750e+02 7.740000e+01
1.662500e+02 7.740000e+01
1.676250e+02 7.740000e+01
1.690000e+02 7.740000e+01
1.703750e+02 7.740000e+01
1.717500e+02 7.740000e+01
1.731250e+02 7.740000e+01
1.745000e+02 7.740000e+01
1.768750e+02 7.740000e+01
1.792500e+02 7.740000e+01
1.816250e+02 7.740000e+01
1.840000e+02 7.740000e+01
1.857500e+02 7.740000e+01
1.875000e+02 7.740000e+01
1.892500e+02 7.740000e+01
1.910000e+02 7.740000e+01
1.923750e+02 7.740000e+01
1.937500e+02 7.740000e+01
1.951250e+02 7.740000e+01
1.965000e+02 7.740000e+01
1.983750e+02 7.725000e+01
2.002500e+02 7.710000e+01
2.021250e+02 7.695000e+01
2.040000e+02 7.680000e+01
2.057500e+02 7.680000e+01
2.075000e+02 7.680000e+01
2.092500e+02 7.680000e+01
2.110000e+02 7.680000e+01
2.131250e+02 7.680000e+01
2.152500e+02 7.680000e+01
2.173750e+02 7.680000e+01
2.195000e+02 7.680000e+01
2.215000e+02 7.650000e+01
2.235000e+02 7.620000e+01
2.255000e+02 7.590000e+01
2.275000e+02 7.560000e+01
2.306250e+02 7.545000e+01
2.337500e+02 7.530000e+01
2.368750e+02 7.515000e+01
2.400000e+02 7.500000e+01
2.420000e+02 7.470000e+01
2.440000e+02 7.440000e+01
2.460000e+02 7.410000e+01
2.480000e+02 7.380000e+01
2.516250e+02 7.350000e+01
2.552500e+02 7.320000e+01
2.588750e+02 7.290000e+01
2.625000e+02 7.260000e+01
2.646250e+02 7.230000e+01
2.667500e+02 7.200000e+01
2.688750e+02 7.170000e+01
2.710000e+02 7.140000e+01
2.732500e+02 7.125000e+01
2.755000e+02 7.110000e+01
2.777500e+02 7.095000e+01
2.800000e+02 7.080000e+01
2.821250e+02 7.050000e+01
2.842500e+02 7.020000e+01
2.863750e+02 6.990000e+01
2.885000e+02 6.960000e+01
2.905000e+02 6.945000e+01
2.925000e+02 6.930000e+01
2.945000e+02 6.915000e+01
2.965000e+02 6.900000e+01
2.988750e+02 6.885000e+01
3.012500e+02 6.870000e+01
3.036250e+02 6.855000e+01
3.060000e+02 6.840000e+01
3.077500e+02 6.840000e+01
3.095000e+02 6.840000e+01
3.112500e+02 6.840000e+01
3.130000e+02 6.840000e+01
3.147500e+02 6.825000e+01
3.165000e+02 6.810000e+01
3.182500e+02 6.795000e+01
3.200000e+02 6.780000e+01
3.217500e+02 6.780000e+01
3.235000e+02 6.780000e+01
3.252500e+02 6.780000e+01
3.270000e+02 6.780000e+01
3.287500e+02 6.765000e+01
3.305000e+02 6.750000e+01
3.322500e+02 6.735000e+01
3.340000e+02 6.720000e+01
3.358750e+02 6.720000e+01
3.377500e+02 6.720000e+01
3.396250e+02 6.720000e+01
3.415000e+02 6.720000e+01
3.431250e+02 6.705000e+01
3.447500e+02 6.690000e+01
3.463750e+02 6.675000e+01
3.480000e+02 6.660000e+01
3.496250e+02 6.645000e+01
3.512500e+02 6.630000e+01
3.528750e+02 6.615000e+01
3.545000e+02 6.600000e+01
3.558750e+02 6.600000e+01
3.572500e+02 6.600000e+01
3.586250e+02 6.600000e+01
3.600000e+02 6.600000e+01
3.615000e+02 6.585000e+01
3.630000e+02 6.570000e+01
3.645000e+02 6.555000e+01
3.660000e+02 6.540000e+01
3.666250e+02 6.540000e+01
3.672500e+02 6.540000e+01
3.678750e+02 6.540000e+01
3.685000e+02 6.540000e+01
3.693750e+02 6.525000e+01
3.702500e+02 6.510000e+01
3.711250e+02 6.495000e+01
3.720000e+02 6.480000e+01
3.730000e+02 6.480000e+01
3.740000e+02 6.480000e+01
3.750000e+02 6.480000e+01
3.760000e+02 6.480000e+01
3.768750e+02 6.465000e+01
3.777500e+02 6.450000e+01
3.786250e+02 6.435000e+01
3.795000e+02 6.420000e+01
3.801250e+02 6.420000e+01
3.807500e+02 6.420000e+01
3.813750e+02 6.420000e+01
3.820000e+02 6.420000e+01
3.825000e+02 6.420000e+01
3.830000e+02 6.420000e+01
3.835000e+02 6.420000e+01
3.840000e+02 6.420000e+01
3.842500e+02 6.420000e+01
3.845000e+02 6.420000e+01
3.847500e+02 6.420000e+01
3.850000e+02 6.420000e+01
3.852500e+02 6.420000e+01
3.855000e+02 6.420000e+01
3.857500e+02 6.420000e+01
3.860000e+02 6.420000e+01
3.861250e+02 6.435000e+01
3.862500e+02 6.450000e+01
3.863750e+02 6.465000e+01
3.865000e+02 6.480000e+01
3.865000e+02 6.480000e+01
3.865000e+02 6.480000e+01
3.865000e+02 6.480000e+01
3.865000e+02 6.480000e+01
3.865000e+02 6.480000e+01
3.865000e+02 6.480000e+01
3.865000e+02 6.480000e+01
3.865000e+02 6.480000e+01
