3.370000e+02 3.954000e+02
3.370000e+02 3.954000e+02
3.370000e+02 3.954000e+02
3.370000e+02 3.954000e+02
3.370000e+02 3.954000e+02
3.370000e+02 3.952500e+02
3.370000e+02 3.951000e+02
3.370000e+02 3.949500e+02
3.370000e+02 3.948000e+02
3.370000e+02 3.948000e+02
3.370000e+02 3.948000e+02
3.370000e+02 3.948000e+02
3.370000e+02 3.948000e+02
3.368750e+02 3.946500e+02
3.367500e+02 3.945000e+02
3.366250e+02 3.943500e+02
3.365000e+02 3.942000e+02
3.365000e+02 3.939000e+02
3.365000e+02 3.936000e+02
3.365000e+02 3.933000e+02
3.365000e+02 3.930000e+02
3.365000e+02 3.928500e+02
3.365000e+02 3.927000e+02
3.365000e+02 3.925500e+02
3.365000e+02 3.924000e+02
3.365000e+02 3.919500e+02
3.365000e+02 3.915000e+02
3.365000e+02 3.910500e+02
3.365000e+02 3.906000e+02
3.363750e+02 3.895500e+02
3.362500e+02 3.885000e+02
3.361250e+02 3.874500e+02
3.360000e+02 3.864000e+02
3.358750e+02 3.855000e+02
3.357500e+02 3.846000e+02
3.356250e+02 3.837000e+02
3.355000e+02 3.828000e+02
3.353750e+02 3.816000e+02
3.352500e+02 3.804000e+02
3.351250e+02 3.792000e+02
3.350000e+02 3.780000e+02
3.350000e+02 3.766500e+02
3.350000e+02 3.753000e+02
3.350000e+02 3.739500e+02
3.350000e+02 3.726000e+02
3.348750e+02 3.711000e+02
3.347500e+02 3.696000e+02
3.346250e+02 3.681000e+02
3.345000e+02 3.666000e+02
3.343750e+02 3.652500e+02
3.342500e+02 3.639000e+02
3.341250e+02 3.625500e+02
3.340000e+02 3.612000e+02
3.340000e+02 3.598500e+02
3.340000e+02 3.585000e+02
3.340000e+02 3.571500e+02
3.340000e+02 3.558000e+02
3.338750e+02 3.544500e+02
3.337500e+02 3.531000e+02
3.336250e+02 3.517500e+02
3.335000e+02 3.504000e+02
3.335000e+02 3.490500e+02
3.335000e+02 3.477000e+02
3.335000e+02 3.463500e+02
3.335000e+02 3.450000e+02
3.333750e+02 3.436500e+02
3.332500e+02 3.423000e+02
3.331250e+02 3.409500e+02
3.330000e+02 3.396000e+02
3.328750e+02 3.381000e+02
3.327500e+02 3.366000e+02
3.326250e+02 3.351000e+02
3.325000e+02 3.336000e+02
3.323750e+02 3.321000e+02
3.322500e+02 3.306000e+02
3.321250e+02 3.291000e+02
3.320000e+02 3.276000e+02
3.318750e+02 3.258000e+02
3.317500e+02 3.240000e+02
3.316250e+02 3.222000e+02
3.315000e+02 3.204000e+02
3.313750e+02 3.187500e+02
3.312500e+02 3.171000e+02
3.311250e+02 3.154500e+02
3.310000e+02 3.138000e+02
3.308750e+02 3.120000e+02
3.307500e+02 3.102000e+02
3.306250e+02 3.084000e+02
3.305000e+02 3.066000e+02
3.303750e+02 3.051000e+02
3.302500e+02 3.036000e+02
3.301250e+02 3.021000e+02
3.300000e+02 3.006000e+02
3.300000e+02 2.989500e+02
3.300000e+02 2.973000e+02
3.300000e+02 2.956500e+02
3.300000e+02 2.940000e+02
3.298750e+02 2.925000e+02
3.297500e+02 2.910000e+02
3.296250e+02 2.895000e+02
3.295000e+02 2.880000e+02
3.293750e+02 2.866500e+02
3.292500e+02 2.853000e+02
3.291250e+02 2.839500e+02
3.290000e+02 2.826000e+02
3.290000e+02 2.809500e+02
3.290000e+02 2.793000e+02
3.290000e+02 2.776500e+02
3.290000e+02 2.760000e+02
3.288750e+02 2.745000e+02
3.287500e+02 2.730000e+02
3.286250e+02 2.715000e+02
3.285000e+02 2.700000e+02
3.285000e+02 2.685000e+02
3.285000e+02 2.670000e+02
3.285000e+02 2.655000e+02
3.285000e+02 2.640000e+02
3.283750e+02 2.625000e+02
3.282500e+02 2.610000e+02
3.281250e+02 2.595000e+02
3.280000e+02 2.580000e+02
3.278750e+02 2.568000e+02
3.277500e+02 2.556000e+02
3.276250e+02 2.544000e+02
3.275000e+02 2.532000e+02
3.273750e+02 2.511000e+02
3.272500e+02 2.490000e+02
3.271250e+02 2.469000e+02
3.270000e+02 2.448000e+02
3.268750e+02 2.434500e+02
3.267500e+02 2.421000e+02
3.266250e+02 2.407500e+02
3.265000e+02 2.394000e+02
3.265000e+02 2.382000e+02
3.265000e+02 2.370000e+02
3.265000e+02 2.358000e+02
3.265000e+02 2.346000e+02
3.263750e+02 2.332500e+02
3.262500e+02 2.319000e+02
3.261250e+02 2.305500e+02
3.260000e+02 2.292000e+02
3.258750e+02 2.278500e+02
3.257500e+02 2.265000e+02
3.256250e+02 2.251500e+02
3.255000e+02 2.238000e+02
3.255000e+02 2.226000e+02
3.255000e+02 2.214000e+02
3.255000e+02 2.202000e+02
3.255000e+02 2.190000e+02
3.253750e+02 2.176500e+02
3.252500e+02 2.163000e+02
3.251250e+02 2.149500e+02
3.250000e+02 2.136000e+02
3.248750e+02 2.124000e+02
3.247500e+02 2.112000e+02
3.246250e+02 2.100000e+02
3.245000e+02 2.088000e+02
3.245000e+02 2.077500e+02
3.245000e+02 2.067000e+02
3.245000e+02 2.046000e+02
3.242500e+02 2.025000e+02
3.240000e+02 2.004000e+02
3.237500e+02 1.983000e+02
3.235000e+02 1.962000e+02
3.235000e+02 1.941000e+02
3.235000e+02 1.920000e+02
3.235000e+02 1.902000e+02
3.235000e+02 1.884000e+02
3.235000e+02 1.869000e+02
3.235000e+02 1.854000e+02
3.232500e+02 1.836000e+02
3.230000e+02 1.818000e+02
3.230000e+02 1.800000e+02
3.230000e+02 1.782000e+02
3.230000e+02 1.767000e+02
3.230000e+02 1.752000e+02
3.230000e+02 1.740000e+02
3.230000e+02 1.728000e+02
3.227500e+02 1.716000e+02
3.225000e+02 1.704000e+02
3.225000e+02 1.692000e+02
3.225000e+02 1.680000e+02
3.225000e+02 1.674000e+02
3.225000e+02 1.668000e+02
3.225000e+02 1.659000e+02
3.225000e+02 1.650000e+02
3.225000e+02 1.644000e+02
3.225000e+02 1.638000e+02
3.222500e+02 1.635000e+02
3.220000e+02 1.632000e+02
3.220000e+02 1.629000e+02
3.220000e+02 1.626000e+02
3.220000e+02 1.626000e+02
3.220000e+02 1.626000e+02
3.220000e+02 1.626000e+02
3.220000e+02 1.626000e+02
3.220000e+02 1.626000e+02
3.220000e+02 1.626000e+02
3.220000e+02 1.626000e+02
3.220000e+02 1.626000e+02
