1.975000e+02 3.576000e+02
1.975000e+02 3.576000e+02
1.975000e+02 3.576000e+02
1.975000e+02 3.576000e+02
1.975000e+02 3.576000e+02
1.977500e+02 3.565500e+02
1.980000e+02 3.555000e+02
1.982500e+02 3.544500e+02
1.985000e+02 3.534000e+02
1.990000e+02 3.519000e+02
1.995000e+02 3.504000e+02
2.000000e+02 3.489000e+02
2.005000e+02 3.474000e+02
2.011250e+02 3.451500e+02
2.017500e+02 3.429000e+02
2.023750e+02 3.406500e+02
2.030000e+02 3.384000e+02
2.035000e+02 3.370500e+02
2.040000e+02 3.357000e+02
2.045000e+02 3.343500e+02
2.050000e+02 3.330000e+02
2.060000e+02 3.301500e+02
2.070000e+02 3.273000e+02
2.080000e+02 3.244500e+02
2.090000e+02 3.216000e+02
2.095000e+02 3.199500e+02
2.100000e+02 3.183000e+02
2.105000e+02 3.166500e+02
2.110000e+02 3.150000e+02
2.120000e+02 3.117000e+02
2.130000e+02 3.084000e+02
2.140000e+02 3.051000e+02
2.150000e+02 3.018000e+02
2.160000e+02 2.983500e+02
2.170000e+02 2.949000e+02
2.180000e+02 2.914500e+02
2.190000e+02 2.880000e+02
2.195000e+02 2.862000e+02
2.200000e+02 2.844000e+02
2.205000e+02 2.826000e+02
2.210000e+02 2.808000e+02
2.221250e+02 2.770500e+02
2.232500e+02 2.733000e+02
2.243750e+02 2.695500e+02
2.255000e+02 2.658000e+02
2.265000e+02 2.620500e+02
2.275000e+02 2.583000e+02
2.285000e+02 2.545500e+02
2.295000e+02 2.508000e+02
2.307500e+02 2.467500e+02
2.320000e+02 2.427000e+02
2.332500e+02 2.386500e+02
2.345000e+02 2.346000e+02
2.357500e+02 2.305500e+02
2.370000e+02 2.265000e+02
2.382500e+02 2.224500e+02
2.395000e+02 2.184000e+02
2.407500e+02 2.146500e+02
2.420000e+02 2.109000e+02
2.432500e+02 2.071500e+02
2.445000e+02 2.034000e+02
2.457500e+02 2.001000e+02
2.470000e+02 1.968000e+02
2.482500e+02 1.935000e+02
2.495000e+02 1.902000e+02
2.500000e+02 1.884000e+02
2.505000e+02 1.866000e+02
2.510000e+02 1.848000e+02
2.515000e+02 1.830000e+02
2.526250e+02 1.800000e+02
2.537500e+02 1.770000e+02
2.548750e+02 1.740000e+02
2.560000e+02 1.710000e+02
2.571250e+02 1.680000e+02
2.582500e+02 1.650000e+02
2.593750e+02 1.620000e+02
2.605000e+02 1.590000e+02
2.610000e+02 1.576500e+02
2.615000e+02 1.563000e+02
2.620000e+02 1.549500e+02
2.625000e+02 1.536000e+02
2.635000e+02 1.509000e+02
2.645000e+02 1.482000e+02
2.655000e+02 1.455000e+02
2.665000e+02 1.428000e+02
2.675000e+02 1.404000e+02
2.685000e+02 1.380000e+02
2.695000e+02 1.356000e+02
2.705000e+02 1.332000e+02
2.710000e+02 1.321500e+02
2.715000e+02 1.311000e+02
2.720000e+02 1.300500e+02
2.725000e+02 1.290000e+02
2.733750e+02 1.270500e+02
2.742500e+02 1.251000e+02
2.751250e+02 1.231500e+02
2.760000e+02 1.212000e+02
2.763750e+02 1.203000e+02
2.767500e+02 1.194000e+02
2.771250e+02 1.185000e+02
2.775000e+02 1.176000e+02
2.783750e+02 1.161000e+02
2.792500e+02 1.146000e+02
2.801250e+02 1.131000e+02
2.810000e+02 1.116000e+02
2.817500e+02 1.102500e+02
2.825000e+02 1.089000e+02
2.832500e+02 1.075500e+02
2.840000e+02 1.062000e+02
2.846250e+02 1.053000e+02
2.852500e+02 1.044000e+02
2.858750e+02 1.035000e+02
2.865000e+02 1.026000e+02
2.868750e+02 1.023000e+02
2.872500e+02 1.020000e+02
2.876250e+02 1.017000e+02
2.880000e+02 1.014000e+02
2.887500e+02 1.009500e+02
2.895000e+02 1.005000e+02
2.902500e+02 1.000500e+02
2.910000e+02 9.960000e+01
2.913750e+02 9.945000e+01
2.917500e+02 9.930000e+01
2.925000e+02 9.900000e+01
2.937500e+02 9.900000e+01
2.950000e+02 9.900000e+01
2.967500e+02 9.990000e+01
2.985000e+02 1.008000e+02
2.992500e+02 1.017000e+02
3.000000e+02 1.026000e+02
3.027500e+02 1.050000e+02
3.055000e+02 1.074000e+02
3.077500e+02 1.101000e+02
3.100000e+02 1.128000e+02
3.120000e+02 1.161000e+02
3.140000e+02 1.194000e+02
3.152500e+02 1.212000e+02
3.165000e+02 1.230000e+02
3.177500e+02 1.248000e+02
3.190000e+02 1.266000e+02
3.215000e+02 1.305000e+02
3.240000e+02 1.344000e+02
3.265000e+02 1.386000e+02
3.290000e+02 1.428000e+02
3.305000e+02 1.449000e+02
3.320000e+02 1.470000e+02
3.347500e+02 1.515000e+02
3.375000e+02 1.560000e+02
3.392500e+02 1.584000e+02
3.410000e+02 1.608000e+02
3.437500e+02 1.659000e+02
3.465000e+02 1.710000e+02
3.495000e+02 1.758000e+02
3.525000e+02 1.806000e+02
3.540000e+02 1.830000e+02
3.555000e+02 1.854000e+02
3.585000e+02 1.905000e+02
3.615000e+02 1.956000e+02
3.645000e+02 2.007000e+02
3.675000e+02 2.058000e+02
3.692500e+02 2.088000e+02
3.710000e+02 2.118000e+02
3.740000e+02 2.169000e+02
3.770000e+02 2.220000e+02
3.800000e+02 2.277000e+02
3.830000e+02 2.334000e+02
3.860000e+02 2.391000e+02
3.890000e+02 2.448000e+02
3.902500e+02 2.475000e+02
3.915000e+02 2.502000e+02
3.942500e+02 2.556000e+02
3.970000e+02 2.610000e+02
3.997500e+02 2.667000e+02
4.025000e+02 2.724000e+02
4.050000e+02 2.775000e+02
4.075000e+02 2.826000e+02
4.100000e+02 2.874000e+02
4.125000e+02 2.922000e+02
4.135000e+02 2.943000e+02
4.145000e+02 2.964000e+02
4.157500e+02 2.988000e+02
4.170000e+02 3.012000e+02
4.192500e+02 3.054000e+02
4.215000e+02 3.096000e+02
4.232500e+02 3.132000e+02
4.250000e+02 3.168000e+02
4.267500e+02 3.201000e+02
4.285000e+02 3.234000e+02
4.292500e+02 3.246000e+02
4.300000e+02 3.258000e+02
4.312500e+02 3.282000e+02
4.325000e+02 3.306000e+02
4.337500e+02 3.321000e+02
4.350000e+02 3.336000e+02
4.355000e+02 3.342000e+02
4.360000e+02 3.348000e+02
4.365000e+02 3.357000e+02
4.370000e+02 3.366000e+02
4.370000e+02 3.366000e+02
4.370000e+02 3.366000e+02
