2.590000e+02 9.060000e+01
2.590000e+02 9.060000e+01
2.590000e+02 9.060000e+01
2.590000e+02 9.060000e+01
2.590000e+02 9.060000e+01
2.588750e+02 9.060000e+01
2.587500e+02 9.060000e+01
2.586250e+02 9.060000e+01
2.585000e+02 9.060000e+01
2.585000e+02 9.060000e+01
2.585000e+02 9.060000e+01
2.585000e+02 9.060000e+01
2.585000e+02 9.060000e+01
2.585000e+02 9.060000e+01
2.585000e+02 9.060000e+01
2.585000e+02 9.060000e+01
2.585000e+02 9.060000e+01
2.585000e+02 9.060000e+01
2.585000e+02 9.060000e+01
2.585000e+02 9.060000e+01
2.585000e+02 9.060000e+01
2.585000e+02 9.060000e+01
2.585000e+02 9.060000e+01
2.585000e+02 9.060000e+01
2.585000e+02 9.060000e+01
2.585000e+02 9.060000e+01
2.585000e+02 9.060000e+01
2.585000e+02 9.060000e+01
2.585000e+02 9.060000e+01
2.585000e+02 9.075000e+01
2.585000e+02 9.090000e+01
2.585000e+02 9.105000e+01
2.585000e+02 9.120000e+01
2.585000e+02 9.150000e+01
2.585000e+02 9.180000e+01
2.585000e+02 9.210000e+01
2.585000e+02 9.240000e+01
2.585000e+02 9.270000e+01
2.585000e+02 9.300000e+01
2.585000e+02 9.330000e+01
2.585000e+02 9.360000e+01
2.586250e+02 9.420000e+01
2.587500e+02 9.480000e+01
2.588750e+02 9.540000e+01
2.590000e+02 9.600000e+01
2.590000e+02 9.675000e+01
2.590000e+02 9.750000e+01
2.590000e+02 9.825000e+01
2.590000e+02 9.900000e+01
2.591250e+02 9.975000e+01
2.592500e+02 1.005000e+02
2.595000e+02 1.020000e+02
2.595000e+02 1.038000e+02
2.595000e+02 1.056000e+02
2.597500e+02 1.074000e+02
2.600000e+02 1.092000e+02
2.600000e+02 1.116000e+02
2.600000e+02 1.140000e+02
2.600000e+02 1.161000e+02
2.600000e+02 1.182000e+02
2.602500e+02 1.218000e+02
2.605000e+02 1.254000e+02
2.607500e+02 1.290000e+02
2.610000e+02 1.326000e+02
2.610000e+02 1.353000e+02
2.610000e+02 1.380000e+02
2.612500e+02 1.419000e+02
2.615000e+02 1.458000e+02
2.615000e+02 1.482000e+02
2.615000e+02 1.506000e+02
2.617500e+02 1.533000e+02
2.620000e+02 1.560000e+02
2.620000e+02 1.587000e+02
2.620000e+02 1.614000e+02
2.622500e+02 1.638000e+02
2.625000e+02 1.662000e+02
2.625000e+02 1.692000e+02
2.625000e+02 1.722000e+02
2.625000e+02 1.749000e+02
2.625000e+02 1.776000e+02
2.627500e+02 1.800000e+02
2.630000e+02 1.824000e+02
2.630000e+02 1.854000e+02
2.630000e+02 1.884000e+02
2.632500e+02 1.911000e+02
2.635000e+02 1.938000e+02
2.635000e+02 1.965000e+02
2.635000e+02 1.992000e+02
2.635000e+02 2.019000e+02
2.635000e+02 2.046000e+02
2.637500e+02 2.088000e+02
2.640000e+02 2.130000e+02
2.640000e+02 2.145000e+02
2.640000e+02 2.160000e+02
2.640000e+02 2.208000e+02
2.640000e+02 2.256000e+02
2.640000e+02 2.298000e+02
2.640000e+02 2.340000e+02
2.642500e+02 2.382000e+02
2.645000e+02 2.424000e+02
2.647500e+02 2.454000e+02
2.650000e+02 2.484000e+02
2.650000e+02 2.511000e+02
2.650000e+02 2.538000e+02
2.652500e+02 2.565000e+02
2.655000e+02 2.592000e+02
2.657500e+02 2.619000e+02
2.660000e+02 2.646000e+02
2.660000e+02 2.673000e+02
2.660000e+02 2.700000e+02
2.662500e+02 2.727000e+02
2.665000e+02 2.754000e+02
2.665000e+02 2.784000e+02
2.665000e+02 2.814000e+02
2.665000e+02 2.838000e+02
2.665000e+02 2.862000e+02
2.667500e+02 2.889000e+02
2.670000e+02 2.916000e+02
2.670000e+02 2.943000e+02
2.670000e+02 2.970000e+02
2.670000e+02 2.994000e+02
2.670000e+02 3.018000e+02
2.670000e+02 3.045000e+02
2.670000e+02 3.072000e+02
2.670000e+02 3.108000e+02
2.670000e+02 3.144000e+02
2.667500e+02 3.156000e+02
2.665000e+02 3.168000e+02
2.665000e+02 3.201000e+02
2.665000e+02 3.234000e+02
2.665000e+02 3.258000e+02
2.665000e+02 3.282000e+02
2.665000e+02 3.303000e+02
2.665000e+02 3.324000e+02
2.665000e+02 3.342000e+02
2.665000e+02 3.360000e+02
2.665000e+02 3.384000e+02
2.665000e+02 3.408000e+02
2.662500e+02 3.429000e+02
2.660000e+02 3.450000e+02
2.660000e+02 3.468000e+02
2.660000e+02 3.486000e+02
2.660000e+02 3.504000e+02
2.660000e+02 3.522000e+02
2.660000e+02 3.540000e+02
2.660000e+02 3.558000e+02
2.660000e+02 3.576000e+02
2.660000e+02 3.594000e+02
2.660000e+02 3.609000e+02
2.660000e+02 3.624000e+02
2.660000e+02 3.639000e+02
2.660000e+02 3.654000e+02
2.660000e+02 3.669000e+02
2.660000e+02 3.684000e+02
2.660000e+02 3.699000e+02
2.660000e+02 3.714000e+02
2.660000e+02 3.726000e+02
2.660000e+02 3.738000e+02
2.660000e+02 3.753000e+02
2.660000e+02 3.768000e+02
2.657500e+02 3.783000e+02
2.655000e+02 3.798000e+02
2.655000e+02 3.810000e+02
2.655000e+02 3.822000e+02
2.655000e+02 3.831000e+02
2.655000e+02 3.840000e+02
2.655000e+02 3.849000e+02
2.655000e+02 3.858000e+02
2.655000e+02 3.861000e+02
2.655000e+02 3.864000e+02
2.652500e+02 3.873000e+02
2.650000e+02 3.882000e+02
2.650000e+02 3.891000e+02
2.650000e+02 3.900000e+02
2.650000e+02 3.909000e+02
2.650000e+02 3.918000e+02
2.650000e+02 3.921000e+02
2.650000e+02 3.924000e+02
2.650000e+02 3.930000e+02
2.650000e+02 3.936000e+02
2.650000e+02 3.945000e+02
2.650000e+02 3.954000e+02
2.652500e+02 3.957000e+02
2.655000e+02 3.960000e+02
2.655000e+02 3.966000e+02
2.655000e+02 3.972000e+02
2.655000e+02 3.975000e+02
2.655000e+02 3.978000e+02
2.655000e+02 3.981000e+02
2.655000e+02 3.984000e+02
2.655000e+02 3.984000e+02
2.655000e+02 3.984000e+02
2.655000e+02 3.987000e+02
2.655000e+02 3.990000e+02
2.655000e+02 3.990000e+02
2.655000e+02 3.990000e+02
2.657500e+02 3.990000e+02
2.660000e+02 3.990000e+02
2.660000e+02 3.990000e+02
2.660000e+02 3.990000e+02
