1.315000e+02 2.046000e+02
1.313750e+02 2.047500e+02
1.312500e+02 2.049000e+02
1.311250e+02 2.050500e+02
1.310000e+02 2.052000e+02
1.310000e+02 2.053500e+02
1.310000e+02 2.055000e+02
1.310000e+02 2.056500e+02
1.310000e+02 2.058000e+02
1.311250e+02 2.058000e+02
1.312500e+02 2.058000e+02
1.313750e+02 2.058000e+02
1.315000e+02 2.058000e+02
1.317500e+02 2.059500e+02
1.320000e+02 2.061000e+02
1.322500e+02 2.062500e+02
1.325000e+02 2.064000e+02
1.330000e+02 2.065500e+02
1.335000e+02 2.067000e+02
1.340000e+02 2.068500e+02
1.345000e+02 2.070000e+02
1.352500e+02 2.071500e+02
1.360000e+02 2.073000e+02
1.367500e+02 2.074500e+02
1.375000e+02 2.076000e+02
1.383750e+02 2.077500e+02
1.392500e+02 2.079000e+02
1.401250e+02 2.080500e+02
1.410000e+02 2.082000e+02
1.422500e+02 2.083500e+02
1.435000e+02 2.085000e+02
1.447500e+02 2.086500e+02
1.460000e+02 2.088000e+02
1.472500e+02 2.089500e+02
1.485000e+02 2.091000e+02
1.497500e+02 2.092500e+02
1.510000e+02 2.094000e+02
1.523750e+02 2.094000e+02
1.537500e+02 2.094000e+02
1.551250e+02 2.094000e+02
1.565000e+02 2.094000e+02
1.577500e+02 2.094000e+02
1.590000e+02 2.094000e+02
1.602500e+02 2.094000e+02
1.615000e+02 2.094000e+02
1.631250e+02 2.092500e+02
1.647500e+02 2.091000e+02
1.663750e+02 2.089500e+02
1.680000e+02 2.088000e+02
1.697500e+02 2.086500e+02
1.715000e+02 2.085000e+02
1.732500e+02 2.083500e+02
1.750000e+02 2.082000e+02
1.770000e+02 2.080500e+02
1.790000e+02 2.079000e+02
1.810000e+02 2.077500e+02
1.830000e+02 2.076000e+02
1.858750e+02 2.071500e+02
1.887500e+02 2.067000e+02
1.916250e+02 2.062500e+02
1.945000e+02 2.058000e+02
1.976250e+02 2.055000e+02
2.007500e+02 2.052000e+02
2.038750e+02 2.049000e+02
2.070000e+02 2.046000e+02
2.105000e+02 2.044500e+02
2.140000e+02 2.043000e+02
2.175000e+02 2.041500e+02
2.210000e+02 2.040000e+02
2.231250e+02 2.037000e+02
2.252500e+02 2.034000e+02
2.273750e+02 2.031000e+02
2.295000e+02 2.028000e+02
2.316250e+02 2.026500e+02
2.337500e+02 2.025000e+02
2.358750e+02 2.023500e+02
2.380000e+02 2.022000e+02
2.401250e+02 2.019000e+02
2.422500e+02 2.016000e+02
2.443750e+02 2.013000e+02
2.465000e+02 2.010000e+02
2.488750e+02 2.008500e+02
2.512500e+02 2.007000e+02
2.536250e+02 2.005500e+02
2.560000e+02 2.004000e+02
2.582500e+02 2.002500e+02
2.605000e+02 2.001000e+02
2.627500e+02 1.999500e+02
2.650000e+02 1.998000e+02
2.670000e+02 1.998000e+02
2.690000e+02 1.998000e+02
2.710000e+02 1.998000e+02
2.730000e+02 1.998000e+02
2.751250e+02 1.996500e+02
2.772500e+02 1.995000e+02
2.793750e+02 1.993500e+02
2.815000e+02 1.992000e+02
2.836250e+02 1.992000e+02
2.857500e+02 1.992000e+02
2.878750e+02 1.992000e+02
2.900000e+02 1.992000e+02
2.920000e+02 1.990500e+02
2.940000e+02 1.989000e+02
2.960000e+02 1.987500e+02
2.980000e+02 1.986000e+02
3.002500e+02 1.984500e+02
3.025000e+02 1.983000e+02
3.047500e+02 1.981500e+02
3.070000e+02 1.980000e+02
3.090000e+02 1.978500e+02
3.110000e+02 1.977000e+02
3.130000e+02 1.975500e+02
3.150000e+02 1.974000e+02
3.160000e+02 1.974000e+02
3.170000e+02 1.974000e+02
3.180000e+02 1.974000e+02
3.190000e+02 1.974000e+02
3.220000e+02 1.972500e+02
3.250000e+02 1.971000e+02
3.280000e+02 1.969500e+02
3.310000e+02 1.968000e+02
3.331250e+02 1.968000e+02
3.352500e+02 1.968000e+02
3.373750e+02 1.968000e+02
3.395000e+02 1.968000e+02
3.416250e+02 1.966500e+02
3.437500e+02 1.965000e+02
3.458750e+02 1.963500e+02
3.480000e+02 1.962000e+02
3.501250e+02 1.962000e+02
3.522500e+02 1.962000e+02
3.543750e+02 1.962000e+02
3.565000e+02 1.962000e+02
3.585000e+02 1.962000e+02
3.605000e+02 1.962000e+02
3.625000e+02 1.962000e+02
3.645000e+02 1.962000e+02
3.665000e+02 1.960500e+02
3.685000e+02 1.959000e+02
3.705000e+02 1.957500e+02
3.725000e+02 1.956000e+02
3.746250e+02 1.954500e+02
3.767500e+02 1.953000e+02
3.788750e+02 1.951500e+02
3.810000e+02 1.950000e+02
3.831250e+02 1.948500e+02
3.852500e+02 1.947000e+02
3.895000e+02 1.944000e+02
3.952500e+02 1.938000e+02
4.010000e+02 1.932000e+02
4.030000e+02 1.929000e+02
4.050000e+02 1.926000e+02
4.085000e+02 1.920000e+02
4.120000e+02 1.914000e+02
4.157500e+02 1.911000e+02
4.195000e+02 1.908000e+02
4.237500e+02 1.905000e+02
4.280000e+02 1.902000e+02
4.315000e+02 1.902000e+02
4.350000e+02 1.902000e+02
4.387500e+02 1.905000e+02
4.425000e+02 1.908000e+02
4.457500e+02 1.914000e+02
4.490000e+02 1.920000e+02
4.525000e+02 1.923000e+02
4.560000e+02 1.926000e+02
4.612500e+02 1.932000e+02
4.665000e+02 1.938000e+02
4.677500e+02 1.941000e+02
4.690000e+02 1.944000e+02
4.752500e+02 1.944000e+02
4.815000e+02 1.944000e+02
4.845000e+02 1.944000e+02
4.875000e+02 1.944000e+02
4.907500e+02 1.941000e+02
4.940000e+02 1.938000e+02
4.967500e+02 1.935000e+02
4.995000e+02 1.932000e+02
5.022500e+02 1.929000e+02
5.050000e+02 1.926000e+02
5.075000e+02 1.923000e+02
5.100000e+02 1.920000e+02
5.127500e+02 1.917000e+02
5.155000e+02 1.914000e+02
5.177500e+02 1.908000e+02
5.200000e+02 1.902000e+02
5.217500e+02 1.899000e+02
5.235000e+02 1.896000e+02
5.255000e+02 1.890000e+02
5.275000e+02 1.884000e+02
5.300000e+02 1.878000e+02
5.325000e+02 1.872000e+02
5.337500e+02 1.866000e+02
5.350000e+02 1.860000e+02
5.360000e+02 1.851000e+02
5.370000e+02 1.842000e+02
5.372500e+02 1.836000e+02
5.375000e+02 1.830000e+02
5.375000e+02 1.830000e+02
5.375000e+02 1.830000e+02
1.315000e+02 2.046000e+02
1.313750e+02 2.047500e+02
1.312500e+02 2.049000e+02
1.311250e+02 2.050500e+02
1.310000e+02 2.052000e+02
1.310000e+02 2.053500e+02
1.310000e+02 2.055000e+02
1.310000e+02 2.056500e+02
1.310000e+02 2.058000e+02
1.311250e+02 2.058000e+02
1.312500e+02 2.058000e+02
1.313750e+02 2.058000e+02
1.315000e+02 2.058000e+02
1.317500e+02 2.059500e+02
1.320000e+02 2.061000e+02
1.322500e+02 2.062500e+02
1.325000e+02 2.064000e+02
1.330000e+02 2.065500e+02
1.335000e+02 2.067000e+02
1.340000e+02 2.068500e+02
1.345000e+02 2.070000e+02
1.352500e+02 2.071500e+02
1.360000e+02 2.073000e+02
1.367500e+02 2.074500e+02
1.375000e+02 2.076000e+02
1.383750e+02 2.077500e+02
1.392500e+02 2.079000e+02
1.401250e+02 2.080500e+02
1.410000e+02 2.082000e+02
1.422500e+02 2.083500e+02
1.435000e+02 2.085000e+02
1.447500e+02 2.086500e+02
1.460000e+02 2.088000e+02
1.472500e+02 2.089500e+02
1.485000e+02 2.091000e+02
1.497500e+02 2.092500e+02
1.510000e+02 2.094000e+02
1.523750e+02 2.094000e+02
1.537500e+02 2.094000e+02
1.551250e+02 2.094000e+02
1.565000e+02 2.094000e+02
1.577500e+02 2.094000e+02
1.590000e+02 2.094000e+02
1.602500e+02 2.094000e+02
1.615000e+02 2.094000e+02
1.631250e+02 2.092500e+02
1.647500e+02 2.091000e+02
1.663750e+02 2.089500e+02
1.680000e+02 2.088000e+02
1.697500e+02 2.086500e+02
1.715000e+02 2.085000e+02
1.732500e+02 2.083500e+02
1.750000e+02 2.082000e+02
1.770000e+02 2.080500e+02
1.790000e+02 2.079000e+02
1.810000e+02 2.077500e+02
1.830000e+02 2.076000e+02
1.858750e+02 2.071500e+02
1.887500e+02 2.067000e+02
1.916250e+02 2.062500e+02
1.945000e+02 2.058000e+02
1.976250e+02 2.055000e+02
2.007500e+02 2.052000e+02
2.038750e+02 2.049000e+02
2.070000e+02 2.046000e+02
2.105000e+02 2.044500e+02
2.140000e+02 2.043000e+02
2.175000e+02 2.041500e+02
2.210000e+02 2.040000e+02
2.231250e+02 2.037000e+02
2.252500e+02 2.034000e+02
2.273750e+02 2.031000e+02
2.295000e+02 2.028000e+02
2.316250e+02 2.026500e+02
2.337500e+02 2.025000e+02
2.358750e+02 2.023500e+02
2.380000e+02 2.022000e+02
2.401250e+02 2.019000e+02
2.422500e+02 2.016000e+02
2.443750e+02 2.013000e+02
2.465000e+02 2.010000e+02
2.488750e+02 2.008500e+02
2.512500e+02 2.007000e+02
2.536250e+02 2.005500e+02
2.560000e+02 2.004000e+02
2.582500e+02 2.002500e+02
2.605000e+02 2.001000e+02
2.627500e+02 1.999500e+02
2.650000e+02 1.998000e+02
2.670000e+02 1.998000e+02
2.690000e+02 1.998000e+02
2.710000e+02 1.998000e+02
2.730000e+02 1.998000e+02
2.751250e+02 1.996500e+02
2.772500e+02 1.995000e+02
2.793750e+02 1.993500e+02
2.815000e+02 1.992000e+02
2.836250e+02 1.992000e+02
2.857500e+02 1.992000e+02
2.878750e+02 1.992000e+02
2.900000e+02 1.992000e+02
2.920000e+02 1.990500e+02
2.940000e+02 1.989000e+02
2.960000e+02 1.987500e+02
2.980000e+02 1.986000e+02
3.002500e+02 1.984500e+02
3.025000e+02 1.983000e+02
3.047500e+02 1.981500e+02
3.070000e+02 1.980000e+02
3.090000e+02 1.978500e+02
3.110000e+02 1.977000e+02
3.130000e+02 1.975500e+02
3.150000e+02 1.974000e+02
3.160000e+02 1.974000e+02
3.170000e+02 1.974000e+02
3.180000e+02 1.974000e+02
3.190000e+02 1.974000e+02
3.220000e+02 1.972500e+02
3.250000e+02 1.971000e+02
3.280000e+02 1.969500e+02
3.310000e+02 1.968000e+02
3.331250e+02 1.968000e+02
3.352500e+02 1.968000e+02
3.373750e+02 1.968000e+02
3.395000e+02 1.968000e+02
3.416250e+02 1.966500e+02
3.437500e+02 1.965000e+02
3.458750e+02 1.963500e+02
3.480000e+02 1.962000e+02
3.501250e+02 1.962000e+02
3.522500e+02 1.962000e+02
3.543750e+02 1.962000e+02
3.565000e+02 1.962000e+02
3.585000e+02 1.962000e+02
3.605000e+02 1.962000e+02
3.625000e+02 1.962000e+02
3.645000e+02 1.962000e+02
3.665000e+02 1.960500e+02
3.685000e+02 1.959000e+02
3.705000e+02 1.957500e+02
3.725000e+02 1.956000e+02
3.746250e+02 1.954500e+02
3.767500e+02 1.953000e+02
3.788750e+02 1.951500e+02
3.810000e+02 1.950000e+02
3.831250e+02 1.948500e+02
3.852500e+02 1.947000e+02
3.895000e+02 1.944000e+02
3.952500e+02 1.938000e+02
4.010000e+02 1.932000e+02
4.030000e+02 1.929000e+02
4.050000e+02 1.926000e+02
4.085000e+02 1.920000e+02
4.120000e+02 1.914000e+02
4.157500e+02 1.911000e+02
4.195000e+02 1.908000e+02
4.237500e+02 1.905000e+02
4.280000e+02 1.902000e+02
4.315000e+02 1.902000e+02
4.350000e+02 1.902000e+02
4.387500e+02 1.905000e+02
4.425000e+02 1.908000e+02
4.457500e+02 1.914000e+02
4.490000e+02 1.920000e+02
4.525000e+02 1.923000e+02
4.560000e+02 1.926000e+02
4.612500e+02 1.932000e+02
4.665000e+02 1.938000e+02
4.677500e+02 1.941000e+02
4.690000e+02 1.944000e+02
4.752500e+02 1.944000e+02
4.815000e+02 1.944000e+02
4.845000e+02 1.944000e+02
4.875000e+02 1.944000e+02
4.907500e+02 1.941000e+02
4.940000e+02 1.938000e+02
4.967500e+02 1.935000e+02
4.995000e+02 1.932000e+02
5.022500e+02 1.929000e+02
5.050000e+02 1.926000e+02
5.075000e+02 1.923000e+02
5.100000e+02 1.920000e+02
5.127500e+02 1.917000e+02
5.155000e+02 1.914000e+02
5.177500e+02 1.908000e+02
5.200000e+02 1.902000e+02
5.217500e+02 1.899000e+02
5.235000e+02 1.896000e+02
5.255000e+02 1.890000e+02
5.275000e+02 1.884000e+02
5.300000e+02 1.878000e+02
5.325000e+02 1.872000e+02
5.337500e+02 1.866000e+02
5.350000e+02 1.860000e+02
5.360000e+02 1.851000e+02
5.370000e+02 1.842000e+02
5.372500e+02 1.836000e+02
5.375000e+02 1.830000e+02
5.375000e+02 1.830000e+02
5.375000e+02 1.830000e+02
1.315000e+02 2.046000e+02
1.313750e+02 2.047500e+02
1.312500e+02 2.049000e+02
1.311250e+02 2.050500e+02
1.310000e+02 2.052000e+02
1.310000e+02 2.053500e+02
1.310000e+02 2.055000e+02
1.310000e+02 2.056500e+02
1.310000e+02 2.058000e+02
1.311250e+02 2.058000e+02
1.312500e+02 2.058000e+02
1.313750e+02 2.058000e+02
1.315000e+02 2.058000e+02
1.317500e+02 2.059500e+02
1.320000e+02 2.061000e+02
1.322500e+02 2.062500e+02
1.325000e+02 2.064000e+02
1.330000e+02 2.065500e+02
1.335000e+02 2.067000e+02
1.340000e+02 2.068500e+02
1.345000e+02 2.070000e+02
1.352500e+02 2.071500e+02
1.360000e+02 2.073000e+02
1.367500e+02 2.074500e+02
1.375000e+02 2.076000e+02
1.383750e+02 2.077500e+02
1.392500e+02 2.079000e+02
1.401250e+02 2.080500e+02
1.410000e+02 2.082000e+02
1.422500e+02 2.083500e+02
1.435000e+02 2.085000e+02
1.447500e+02 2.086500e+02
1.460000e+02 2.088000e+02
1.472500e+02 2.089500e+02
1.485000e+02 2.091000e+02
1.497500e+02 2.092500e+02
1.510000e+02 2.094000e+02
1.523750e+02 2.094000e+02
1.537500e+02 2.094000e+02
1.551250e+02 2.094000e+02
1.565000e+02 2.094000e+02
1.577500e+02 2.094000e+02
1.590000e+02 2.094000e+02
1.602500e+02 2.094000e+02
1.615000e+02 2.094000e+02
1.631250e+02 2.092500e+02
1.647500e+02 2.091000e+02
1.663750e+02 2.089500e+02
1.680000e+02 2.088000e+02
1.697500e+02 2.086500e+02
1.715000e+02 2.085000e+02
1.732500e+02 2.083500e+02
1.750000e+02 2.082000e+02
1.770000e+02 2.080500e+02
1.790000e+02 2.079000e+02
1.810000e+02 2.077500e+02
1.830000e+02 2.076000e+02
1.858750e+02 2.071500e+02
1.887500e+02 2.067000e+02
1.916250e+02 2.062500e+02
1.945000e+02 2.058000e+02
1.976250e+02 2.055000e+02
2.007500e+02 2.052000e+02
2.038750e+02 2.049000e+02
2.070000e+02 2.046000e+02
2.105000e+02 2.044500e+02
2.140000e+02 2.043000e+02
2.175000e+02 2.041500e+02
2.210000e+02 2.040000e+02
2.231250e+02 2.037000e+02
2.252500e+02 2.034000e+02
2.273750e+02 2.031000e+02
2.295000e+02 2.028000e+02
2.316250e+02 2.026500e+02
2.337500e+02 2.025000e+02
2.358750e+02 2.023500e+02
2.380000e+02 2.022000e+02
2.401250e+02 2.019000e+02
2.422500e+02 2.016000e+02
2.443750e+02 2.013000e+02
2.465000e+02 2.010000e+02
2.488750e+02 2.008500e+02
2.512500e+02 2.007000e+02
2.536250e+02 2.005500e+02
2.560000e+02 2.004000e+02
2.582500e+02 2.002500e+02
2.605000e+02 2.001000e+02
2.627500e+02 1.999500e+02
2.650000e+02 1.998000e+02
2.670000e+02 1.998000e+02
2.690000e+02 1.998000e+02
2.710000e+02 1.998000e+02
2.730000e+02 1.998000e+02
2.751250e+02 1.996500e+02
2.772500e+02 1.995000e+02
2.793750e+02 1.993500e+02
2.815000e+02 1.992000e+02
2.836250e+02 1.992000e+02
2.857500e+02 1.992000e+02
2.878750e+02 1.992000e+02
2.900000e+02 1.992000e+02
2.920000e+02 1.990500e+02
2.940000e+02 1.989000e+02
2.960000e+02 1.987500e+02
2.980000e+02 1.986000e+02
3.002500e+02 1.984500e+02
3.025000e+02 1.983000e+02
3.047500e+02 1.981500e+02
3.070000e+02 1.980000e+02
3.090000e+02 1.978500e+02
3.110000e+02 1.977000e+02
3.130000e+02 1.975500e+02
3.150000e+02 1.974000e+02
3.160000e+02 1.974000e+02
3.170000e+02 1.974000e+02
3.180000e+02 1.974000e+02
3.190000e+02 1.974000e+02
3.220000e+02 1.972500e+02
3.250000e+02 1.971000e+02
3.280000e+02 1.969500e+02
3.310000e+02 1.968000e+02
3.331250e+02 1.968000e+02
3.352500e+02 1.968000e+02
3.373750e+02 1.968000e+02
3.395000e+02 1.968000e+02
3.416250e+02 1.966500e+02
3.437500e+02 1.965000e+02
3.458750e+02 1.963500e+02
3.480000e+02 1.962000e+02
3.501250e+02 1.962000e+02
3.522500e+02 1.962000e+02
3.543750e+02 1.962000e+02
3.565000e+02 1.962000e+02
3.585000e+02 1.962000e+02
3.605000e+02 1.962000e+02
3.625000e+02 1.962000e+02
3.645000e+02 1.962000e+02
3.665000e+02 1.960500e+02
3.685000e+02 1.959000e+02
3.705000e+02 1.957500e+02
3.725000e+02 1.956000e+02
3.746250e+02 1.954500e+02
3.767500e+02 1.953000e+02
3.788750e+02 1.951500e+02
3.810000e+02 1.950000e+02
3.831250e+02 1.948500e+02
3.852500e+02 1.947000e+02
3.895000e+02 1.944000e+02
3.952500e+02 1.938000e+02
4.010000e+02 1.932000e+02
4.030000e+02 1.929000e+02
4.050000e+02 1.926000e+02
4.085000e+02 1.920000e+02
4.120000e+02 1.914000e+02
4.157500e+02 1.911000e+02
4.195000e+02 1.908000e+02
4.237500e+02 1.905000e+02
4.280000e+02 1.902000e+02
4.315000e+02 1.902000e+02
4.350000e+02 1.902000e+02
4.387500e+02 1.905000e+02
4.425000e+02 1.908000e+02
4.457500e+02 1.914000e+02
4.490000e+02 1.920000e+02
4.525000e+02 1.923000e+02
4.560000e+02 1.926000e+02
4.612500e+02 1.932000e+02
4.665000e+02 1.938000e+02
4.677500e+02 1.941000e+02
4.690000e+02 1.944000e+02
4.752500e+02 1.944000e+02
4.815000e+02 1.944000e+02
4.845000e+02 1.944000e+02
4.875000e+02 1.944000e+02
4.907500e+02 1.941000e+02
4.940000e+02 1.938000e+02
4.967500e+02 1.935000e+02
4.995000e+02 1.932000e+02
5.022500e+02 1.929000e+02
5.050000e+02 1.926000e+02
5.075000e+02 1.923000e+02
5.100000e+02 1.920000e+02
5.127500e+02 1.917000e+02
5.155000e+02 1.914000e+02
5.177500e+02 1.908000e+02
5.200000e+02 1.902000e+02
5.217500e+02 1.899000e+02
5.235000e+02 1.896000e+02
5.255000e+02 1.890000e+02
5.275000e+02 1.884000e+02
5.300000e+02 1.878000e+02
5.325000e+02 1.872000e+02
5.337500e+02 1.866000e+02
5.350000e+02 1.860000e+02
5.360000e+02 1.851000e+02
5.370000e+02 1.842000e+02
5.372500e+02 1.836000e+02
5.375000e+02 1.830000e+02
5.375000e+02 1.830000e+02
5.375000e+02 1.830000e+02
