1.800000e+02 3.750000e+02
1.800000e+02 3.750000e+02
1.800000e+02 3.750000e+02
1.800000e+02 3.750000e+02
1.800000e+02 3.750000e+02
1.800000e+02 3.747000e+02
1.800000e+02 3.744000e+02
1.797500e+02 3.741000e+02
1.795000e+02 3.738000e+02
1.795000e+02 3.735000e+02
1.795000e+02 3.732000e+02
1.795000e+02 3.726000e+02
1.795000e+02 3.720000e+02
1.795000e+02 3.714000e+02
1.795000e+02 3.708000e+02
1.792500e+02 3.702000e+02
1.790000e+02 3.696000e+02
1.790000e+02 3.687000e+02
1.790000e+02 3.678000e+02
1.790000e+02 3.669000e+02
1.790000e+02 3.660000e+02
1.790000e+02 3.645000e+02
1.790000e+02 3.630000e+02
1.787500e+02 3.606000e+02
1.785000e+02 3.582000e+02
1.785000e+02 3.561000e+02
1.785000e+02 3.540000e+02
1.787500e+02 3.513000e+02
1.790000e+02 3.486000e+02
1.792500e+02 3.456000e+02
1.795000e+02 3.426000e+02
1.797500e+02 3.393000e+02
1.800000e+02 3.360000e+02
1.805000e+02 3.324000e+02
1.810000e+02 3.288000e+02
1.812500e+02 3.252000e+02
1.815000e+02 3.216000e+02
1.820000e+02 3.180000e+02
1.825000e+02 3.144000e+02
1.830000e+02 3.105000e+02
1.835000e+02 3.066000e+02
1.840000e+02 3.027000e+02
1.845000e+02 2.988000e+02
1.852500e+02 2.937000e+02
1.860000e+02 2.886000e+02
1.867500e+02 2.841000e+02
1.875000e+02 2.796000e+02
1.885000e+02 2.745000e+02
1.895000e+02 2.694000e+02
1.905000e+02 2.640000e+02
1.915000e+02 2.586000e+02
1.922500e+02 2.538000e+02
1.930000e+02 2.490000e+02
1.945000e+02 2.409000e+02
1.960000e+02 2.328000e+02
1.975000e+02 2.256000e+02
1.990000e+02 2.184000e+02
2.002500e+02 2.109000e+02
2.015000e+02 2.034000e+02
2.025000e+02 1.983000e+02
2.035000e+02 1.932000e+02
2.045000e+02 1.884000e+02
2.055000e+02 1.836000e+02
2.062500e+02 1.791000e+02
2.070000e+02 1.746000e+02
2.080000e+02 1.698000e+02
2.090000e+02 1.650000e+02
2.100000e+02 1.602000e+02
2.110000e+02 1.554000e+02
2.117500e+02 1.509000e+02
2.125000e+02 1.464000e+02
2.132500e+02 1.416000e+02
2.140000e+02 1.368000e+02
2.147500e+02 1.329000e+02
2.155000e+02 1.290000e+02
2.160000e+02 1.251000e+02
2.165000e+02 1.212000e+02
2.170000e+02 1.173000e+02
2.175000e+02 1.134000e+02
2.182500e+02 1.098000e+02
2.190000e+02 1.062000e+02
2.192500e+02 1.029000e+02
2.195000e+02 9.960000e+01
2.200000e+02 9.630000e+01
2.205000e+02 9.300000e+01
2.210000e+02 9.030000e+01
2.215000e+02 8.760000e+01
2.217500e+02 8.520000e+01
2.220000e+02 8.280000e+01
2.222500e+02 8.100000e+01
2.225000e+02 7.920000e+01
2.225000e+02 7.740000e+01
2.225000e+02 7.560000e+01
2.227500e+02 7.410000e+01
2.230000e+02 7.260000e+01
2.232500e+02 7.110000e+01
2.235000e+02 6.960000e+01
2.237500e+02 6.900000e+01
2.240000e+02 6.840000e+01
2.240000e+02 6.780000e+01
2.240000e+02 6.720000e+01
2.240000e+02 6.660000e+01
2.240000e+02 6.600000e+01
2.242500e+02 6.570000e+01
2.245000e+02 6.540000e+01
2.245000e+02 6.540000e+01
2.245000e+02 6.540000e+01
2.245000e+02 6.510000e+01
2.245000e+02 6.480000e+01
2.247500e+02 6.480000e+01
2.250000e+02 6.480000e+01
2.250000e+02 6.480000e+01
2.250000e+02 6.480000e+01
2.255000e+02 6.480000e+01
2.260000e+02 6.480000e+01
2.262500e+02 6.510000e+01
2.265000e+02 6.540000e+01
2.275000e+02 6.600000e+01
2.285000e+02 6.660000e+01
2.297500e+02 6.750000e+01
2.310000e+02 6.840000e+01
2.325000e+02 6.990000e+01
2.340000e+02 7.140000e+01
2.355000e+02 7.260000e+01
2.370000e+02 7.380000e+01
2.387500e+02 7.560000e+01
2.405000e+02 7.740000e+01
2.425000e+02 7.950000e+01
2.445000e+02 8.160000e+01
2.465000e+02 8.400000e+01
2.485000e+02 8.640000e+01
2.507500e+02 8.880000e+01
2.530000e+02 9.120000e+01
2.552500e+02 9.360000e+01
2.575000e+02 9.600000e+01
2.597500e+02 9.870000e+01
2.620000e+02 1.014000e+02
2.645000e+02 1.041000e+02
2.670000e+02 1.068000e+02
2.697500e+02 1.101000e+02
2.725000e+02 1.134000e+02
2.750000e+02 1.164000e+02
2.775000e+02 1.194000e+02
2.817500e+02 1.242000e+02
2.860000e+02 1.290000e+02
2.902500e+02 1.341000e+02
2.945000e+02 1.392000e+02
3.040000e+02 1.500000e+02
3.100000e+02 1.572000e+02
3.160000e+02 1.644000e+02
3.220000e+02 1.722000e+02
3.250000e+02 1.758000e+02
3.350000e+02 1.878000e+02
3.415000e+02 1.956000e+02
3.480000e+02 2.028000e+02
3.540000e+02 2.100000e+02
3.605000e+02 2.178000e+02
3.670000e+02 2.256000e+02
3.730000e+02 2.328000e+02
3.785000e+02 2.400000e+02
3.870000e+02 2.502000e+02
3.930000e+02 2.574000e+02
3.985000e+02 2.646000e+02
4.040000e+02 2.712000e+02
4.085000e+02 2.778000e+02
4.140000e+02 2.838000e+02
4.190000e+02 2.904000e+02
4.240000e+02 2.964000e+02
4.285000e+02 3.018000e+02
4.335000e+02 3.072000e+02
4.380000e+02 3.126000e+02
4.450000e+02 3.210000e+02
4.490000e+02 3.258000e+02
4.530000e+02 3.312000e+02
4.565000e+02 3.354000e+02
4.605000e+02 3.402000e+02
4.635000e+02 3.450000e+02
4.670000e+02 3.492000e+02
4.700000e+02 3.528000e+02
4.725000e+02 3.570000e+02
4.750000e+02 3.600000e+02
4.770000e+02 3.630000e+02
4.800000e+02 3.672000e+02
4.815000e+02 3.690000e+02
4.830000e+02 3.702000e+02
4.840000e+02 3.714000e+02
4.850000e+02 3.726000e+02
4.855000e+02 3.732000e+02
4.860000e+02 3.738000e+02
4.865000e+02 3.744000e+02
4.865000e+02 3.744000e+02
4.870000e+02 3.750000e+02
4.870000e+02 3.750000e+02
4.870000e+02 3.750000e+02
4.870000e+02 3.750000e+02
4.870000e+02 3.750000e+02
4.870000e+02 3.750000e+02
4.870000e+02 3.744000e+02
4.870000e+02 3.744000e+02
4.870000e+02 3.744000e+02
1.800000e+02 3.750000e+02
1.800000e+02 3.750000e+02
1.800000e+02 3.750000e+02
1.800000e+02 3.750000e+02
1.800000e+02 3.750000e+02
1.800000e+02 3.747000e+02
1.800000e+02 3.744000e+02
1.797500e+02 3.741000e+02
1.795000e+02 3.738000e+02
1.795000e+02 3.735000e+02
1.795000e+02 3.732000e+02
1.795000e+02 3.726000e+02
1.795000e+02 3.720000e+02
1.795000e+02 3.714000e+02
1.795000e+02 3.708000e+02
1.792500e+02 3.702000e+02
1.790000e+02 3.696000e+02
1.790000e+02 3.687000e+02
1.790000e+02 3.678000e+02
1.790000e+02 3.669000e+02
1.790000e+02 3.660000e+02
1.790000e+02 3.645000e+02
1.790000e+02 3.630000e+02
1.787500e+02 3.606000e+02
1.785000e+02 3.582000e+02
1.785000e+02 3.561000e+02
1.785000e+02 3.540000e+02
1.787500e+02 3.513000e+02
1.790000e+02 3.486000e+02
1.792500e+02 3.456000e+02
1.795000e+02 3.426000e+02
1.797500e+02 3.393000e+02
1.800000e+02 3.360000e+02
1.805000e+02 3.324000e+02
1.810000e+02 3.288000e+02
1.812500e+02 3.252000e+02
1.815000e+02 3.216000e+02
1.820000e+02 3.180000e+02
1.825000e+02 3.144000e+02
1.830000e+02 3.105000e+02
1.835000e+02 3.066000e+02
1.840000e+02 3.027000e+02
1.845000e+02 2.988000e+02
1.852500e+02 2.937000e+02
1.860000e+02 2.886000e+02
1.867500e+02 2.841000e+02
1.875000e+02 2.796000e+02
1.885000e+02 2.745000e+02
1.895000e+02 2.694000e+02
1.905000e+02 2.640000e+02
1.915000e+02 2.586000e+02
1.922500e+02 2.538000e+02
1.930000e+02 2.490000e+02
1.945000e+02 2.409000e+02
1.960000e+02 2.328000e+02
1.975000e+02 2.256000e+02
1.990000e+02 2.184000e+02
2.002500e+02 2.109000e+02
2.015000e+02 2.034000e+02
2.025000e+02 1.983000e+02
2.035000e+02 1.932000e+02
2.045000e+02 1.884000e+02
2.055000e+02 1.836000e+02
2.062500e+02 1.791000e+02
2.070000e+02 1.746000e+02
2.080000e+02 1.698000e+02
2.090000e+02 1.650000e+02
2.100000e+02 1.602000e+02
2.110000e+02 1.554000e+02
2.117500e+02 1.509000e+02
2.125000e+02 1.464000e+02
2.132500e+02 1.416000e+02
2.140000e+02 1.368000e+02
2.147500e+02 1.329000e+02
2.155000e+02 1.290000e+02
2.160000e+02 1.251000e+02
2.165000e+02 1.212000e+02
2.170000e+02 1.173000e+02
2.175000e+02 1.134000e+02
2.182500e+02 1.098000e+02
2.190000e+02 1.062000e+02
2.192500e+02 1.029000e+02
2.195000e+02 9.960000e+01
2.200000e+02 9.630000e+01
2.205000e+02 9.300000e+01
2.210000e+02 9.030000e+01
2.215000e+02 8.760000e+01
2.217500e+02 8.520000e+01
2.220000e+02 8.280000e+01
2.222500e+02 8.100000e+01
2.225000e+02 7.920000e+01
2.225000e+02 7.740000e+01
2.225000e+02 7.560000e+01
2.227500e+02 7.410000e+01
2.230000e+02 7.260000e+01
2.232500e+02 7.110000e+01
2.235000e+02 6.960000e+01
2.237500e+02 6.900000e+01
2.240000e+02 6.840000e+01
2.240000e+02 6.780000e+01
2.240000e+02 6.720000e+01
2.240000e+02 6.660000e+01
2.240000e+02 6.600000e+01
2.242500e+02 6.570000e+01
2.245000e+02 6.540000e+01
2.245000e+02 6.540000e+01
2.245000e+02 6.540000e+01
2.245000e+02 6.510000e+01
2.245000e+02 6.480000e+01
2.247500e+02 6.480000e+01
2.250000e+02 6.480000e+01
2.250000e+02 6.480000e+01
2.250000e+02 6.480000e+01
2.255000e+02 6.480000e+01
2.260000e+02 6.480000e+01
2.262500e+02 6.510000e+01
2.265000e+02 6.540000e+01
2.275000e+02 6.600000e+01
2.285000e+02 6.660000e+01
2.297500e+02 6.750000e+01
2.310000e+02 6.840000e+01
2.325000e+02 6.990000e+01
2.340000e+02 7.140000e+01
2.355000e+02 7.260000e+01
2.370000e+02 7.380000e+01
2.387500e+02 7.560000e+01
2.405000e+02 7.740000e+01
2.425000e+02 7.950000e+01
2.445000e+02 8.160000e+01
2.465000e+02 8.400000e+01
2.485000e+02 8.640000e+01
2.507500e+02 8.880000e+01
2.530000e+02 9.120000e+01
2.552500e+02 9.360000e+01
2.575000e+02 9.600000e+01
2.597500e+02 9.870000e+01
2.620000e+02 1.014000e+02
2.645000e+02 1.041000e+02
2.670000e+02 1.068000e+02
2.697500e+02 1.101000e+02
2.725000e+02 1.134000e+02
2.750000e+02 1.164000e+02
2.775000e+02 1.194000e+02
2.817500e+02 1.242000e+02
2.860000e+02 1.290000e+02
2.902500e+02 1.341000e+02
2.945000e+02 1.392000e+02
3.040000e+02 1.500000e+02
3.100000e+02 1.572000e+02
3.160000e+02 1.644000e+02
3.220000e+02 1.722000e+02
3.250000e+02 1.758000e+02
3.350000e+02 1.878000e+02
3.415000e+02 1.956000e+02
3.480000e+02 2.028000e+02
3.540000e+02 2.100000e+02
3.605000e+02 2.178000e+02
3.670000e+02 2.256000e+02
3.730000e+02 2.328000e+02
3.785000e+02 2.400000e+02
3.870000e+02 2.502000e+02
3.930000e+02 2.574000e+02
3.985000e+02 2.646000e+02
4.040000e+02 2.712000e+02
4.085000e+02 2.778000e+02
4.140000e+02 2.838000e+02
4.190000e+02 2.904000e+02
4.240000e+02 2.964000e+02
4.285000e+02 3.018000e+02
4.335000e+02 3.072000e+02
4.380000e+02 3.126000e+02
4.450000e+02 3.210000e+02
4.490000e+02 3.258000e+02
4.530000e+02 3.312000e+02
4.565000e+02 3.354000e+02
4.605000e+02 3.402000e+02
4.635000e+02 3.450000e+02
4.670000e+02 3.492000e+02
4.700000e+02 3.528000e+02
4.725000e+02 3.570000e+02
4.750000e+02 3.600000e+02
4.770000e+02 3.630000e+02
4.800000e+02 3.672000e+02
4.815000e+02 3.690000e+02
4.830000e+02 3.702000e+02
4.840000e+02 3.714000e+02
4.850000e+02 3.726000e+02
4.855000e+02 3.732000e+02
4.860000e+02 3.738000e+02
4.865000e+02 3.744000e+02
4.865000e+02 3.744000e+02
4.870000e+02 3.750000e+02
4.870000e+02 3.750000e+02
4.870000e+02 3.750000e+02
4.870000e+02 3.750000e+02
4.870000e+02 3.750000e+02
4.870000e+02 3.750000e+02
4.870000e+02 3.744000e+02
4.870000e+02 3.744000e+02
4.870000e+02 3.744000e+02
1.800000e+02 3.750000e+02
1.800000e+02 3.750000e+02
1.800000e+02 3.750000e+02
1.800000e+02 3.750000e+02
1.800000e+02 3.750000e+02
1.800000e+02 3.747000e+02
1.800000e+02 3.744000e+02
1.797500e+02 3.741000e+02
1.795000e+02 3.738000e+02
1.795000e+02 3.735000e+02
1.795000e+02 3.732000e+02
1.795000e+02 3.726000e+02
1.795000e+02 3.720000e+02
1.795000e+02 3.714000e+02
1.795000e+02 3.708000e+02
1.792500e+02 3.702000e+02
1.790000e+02 3.696000e+02
1.790000e+02 3.687000e+02
1.790000e+02 3.678000e+02
1.790000e+02 3.669000e+02
1.790000e+02 3.660000e+02
1.790000e+02 3.645000e+02
1.790000e+02 3.630000e+02
1.787500e+02 3.606000e+02
1.785000e+02 3.582000e+02
1.785000e+02 3.561000e+02
1.785000e+02 3.540000e+02
1.787500e+02 3.513000e+02
1.790000e+02 3.486000e+02
1.792500e+02 3.456000e+02
1.795000e+02 3.426000e+02
1.797500e+02 3.393000e+02
1.800000e+02 3.360000e+02
1.805000e+02 3.324000e+02
1.810000e+02 3.288000e+02
1.812500e+02 3.252000e+02
1.815000e+02 3.216000e+02
1.820000e+02 3.180000e+02
1.825000e+02 3.144000e+02
1.830000e+02 3.105000e+02
1.835000e+02 3.066000e+02
1.840000e+02 3.027000e+02
1.845000e+02 2.988000e+02
1.852500e+02 2.937000e+02
1.860000e+02 2.886000e+02
1.867500e+02 2.841000e+02
1.875000e+02 2.796000e+02
1.885000e+02 2.745000e+02
1.895000e+02 2.694000e+02
1.905000e+02 2.640000e+02
1.915000e+02 2.586000e+02
1.922500e+02 2.538000e+02
1.930000e+02 2.490000e+02
1.945000e+02 2.409000e+02
1.960000e+02 2.328000e+02
1.975000e+02 2.256000e+02
1.990000e+02 2.184000e+02
2.002500e+02 2.109000e+02
2.015000e+02 2.034000e+02
2.025000e+02 1.983000e+02
2.035000e+02 1.932000e+02
2.045000e+02 1.884000e+02
2.055000e+02 1.836000e+02
2.062500e+02 1.791000e+02
2.070000e+02 1.746000e+02
2.080000e+02 1.698000e+02
2.090000e+02 1.650000e+02
2.100000e+02 1.602000e+02
2.110000e+02 1.554000e+02
2.117500e+02 1.509000e+02
2.125000e+02 1.464000e+02
2.132500e+02 1.416000e+02
2.140000e+02 1.368000e+02
2.147500e+02 1.329000e+02
2.155000e+02 1.290000e+02
2.160000e+02 1.251000e+02
2.165000e+02 1.212000e+02
2.170000e+02 1.173000e+02
2.175000e+02 1.134000e+02
2.182500e+02 1.098000e+02
2.190000e+02 1.062000e+02
2.192500e+02 1.029000e+02
2.195000e+02 9.960000e+01
2.200000e+02 9.630000e+01
2.205000e+02 9.300000e+01
2.210000e+02 9.030000e+01
2.215000e+02 8.760000e+01
2.217500e+02 8.520000e+01
2.220000e+02 8.280000e+01
2.222500e+02 8.100000e+01
2.225000e+02 7.920000e+01
2.225000e+02 7.740000e+01
2.225000e+02 7.560000e+01
2.227500e+02 7.410000e+01
2.230000e+02 7.260000e+01
2.232500e+02 7.110000e+01
2.235000e+02 6.960000e+01
2.237500e+02 6.900000e+01
2.240000e+02 6.840000e+01
2.240000e+02 6.780000e+01
2.240000e+02 6.720000e+01
2.240000e+02 6.660000e+01
2.240000e+02 6.600000e+01
2.242500e+02 6.570000e+01
2.245000e+02 6.540000e+01
2.245000e+02 6.540000e+01
2.245000e+02 6.540000e+01
2.245000e+02 6.510000e+01
2.245000e+02 6.480000e+01
2.247500e+02 6.480000e+01
2.250000e+02 6.480000e+01
2.250000e+02 6.480000e+01
2.250000e+02 6.480000e+01
2.255000e+02 6.480000e+01
2.260000e+02 6.480000e+01
2.262500e+02 6.510000e+01
2.265000e+02 6.540000e+01
2.275000e+02 6.600000e+01
2.285000e+02 6.660000e+01
2.297500e+02 6.750000e+01
2.310000e+02 6.840000e+01
2.325000e+02 6.990000e+01
2.340000e+02 7.140000e+01
2.355000e+02 7.260000e+01
2.370000e+02 7.380000e+01
2.387500e+02 7.560000e+01
2.405000e+02 7.740000e+01
2.425000e+02 7.950000e+01
2.445000e+02 8.160000e+01
2.465000e+02 8.400000e+01
2.485000e+02 8.640000e+01
2.507500e+02 8.880000e+01
2.530000e+02 9.120000e+01
2.552500e+02 9.360000e+01
2.575000e+02 9.600000e+01
2.597500e+02 9.870000e+01
2.620000e+02 1.014000e+02
2.645000e+02 1.041000e+02
2.670000e+02 1.068000e+02
2.697500e+02 1.101000e+02
2.725000e+02 1.134000e+02
2.750000e+02 1.164000e+02
2.775000e+02 1.194000e+02
2.817500e+02 1.242000e+02
2.860000e+02 1.290000e+02
2.902500e+02 1.341000e+02
2.945000e+02 1.392000e+02
3.040000e+02 1.500000e+02
3.100000e+02 1.572000e+02
3.160000e+02 1.644000e+02
3.220000e+02 1.722000e+02
3.250000e+02 1.758000e+02
3.350000e+02 1.878000e+02
3.415000e+02 1.956000e+02
3.480000e+02 2.028000e+02
3.540000e+02 2.100000e+02
3.605000e+02 2.178000e+02
3.670000e+02 2.256000e+02
3.730000e+02 2.328000e+02
3.785000e+02 2.400000e+02
3.870000e+02 2.502000e+02
3.930000e+02 2.574000e+02
3.985000e+02 2.646000e+02
4.040000e+02 2.712000e+02
4.085000e+02 2.778000e+02
4.140000e+02 2.838000e+02
4.190000e+02 2.904000e+02
4.240000e+02 2.964000e+02
4.285000e+02 3.018000e+02
4.335000e+02 3.072000e+02
4.380000e+02 3.126000e+02
4.450000e+02 3.210000e+02
4.490000e+02 3.258000e+02
4.530000e+02 3.312000e+02
4.565000e+02 3.354000e+02
4.605000e+02 3.402000e+02
4.635000e+02 3.450000e+02
4.670000e+02 3.492000e+02
4.700000e+02 3.528000e+02
4.725000e+02 3.570000e+02
4.750000e+02 3.600000e+02
4.770000e+02 3.630000e+02
4.800000e+02 3.672000e+02
4.815000e+02 3.690000e+02
4.830000e+02 3.702000e+02
4.840000e+02 3.714000e+02
4.850000e+02 3.726000e+02
4.855000e+02 3.732000e+02
4.860000e+02 3.738000e+02
4.865000e+02 3.744000e+02
4.865000e+02 3.744000e+02
4.870000e+02 3.750000e+02
4.870000e+02 3.750000e+02
4.870000e+02 3.750000e+02
4.870000e+02 3.750000e+02
4.870000e+02 3.750000e+02
4.870000e+02 3.750000e+02
4.870000e+02 3.744000e+02
4.870000e+02 3.744000e+02
4.870000e+02 3.744000e+02
1.800000e+02 3.750000e+02
1.800000e+02 3.750000e+02
1.800000e+02 3.750000e+02
1.800000e+02 3.750000e+02
1.800000e+02 3.750000e+02
1.800000e+02 3.747000e+02
1.800000e+02 3.744000e+02
1.797500e+02 3.741000e+02
1.795000e+02 3.738000e+02
1.795000e+02 3.735000e+02
1.795000e+02 3.732000e+02
1.795000e+02 3.726000e+02
1.795000e+02 3.720000e+02
1.795000e+02 3.714000e+02
1.795000e+02 3.708000e+02
1.792500e+02 3.702000e+02
1.790000e+02 3.696000e+02
1.790000e+02 3.687000e+02
1.790000e+02 3.678000e+02
1.790000e+02 3.669000e+02
1.790000e+02 3.660000e+02
1.790000e+02 3.645000e+02
1.790000e+02 3.630000e+02
1.787500e+02 3.606000e+02
1.785000e+02 3.582000e+02
1.785000e+02 3.561000e+02
1.785000e+02 3.540000e+02
1.787500e+02 3.513000e+02
1.790000e+02 3.486000e+02
1.792500e+02 3.456000e+02
1.795000e+02 3.426000e+02
1.797500e+02 3.393000e+02
1.800000e+02 3.360000e+02
1.805000e+02 3.324000e+02
1.810000e+02 3.288000e+02
1.812500e+02 3.252000e+02
1.815000e+02 3.216000e+02
1.820000e+02 3.180000e+02
1.825000e+02 3.144000e+02
1.830000e+02 3.105000e+02
1.835000e+02 3.066000e+02
1.840000e+02 3.027000e+02
1.845000e+02 2.988000e+02
1.852500e+02 2.937000e+02
1.860000e+02 2.886000e+02
1.867500e+02 2.841000e+02
1.875000e+02 2.796000e+02
1.885000e+02 2.745000e+02
1.895000e+02 2.694000e+02
1.905000e+02 2.640000e+02
1.915000e+02 2.586000e+02
1.922500e+02 2.538000e+02
1.930000e+02 2.490000e+02
1.945000e+02 2.409000e+02
1.960000e+02 2.328000e+02
1.975000e+02 2.256000e+02
1.990000e+02 2.184000e+02
2.002500e+02 2.109000e+02
2.015000e+02 2.034000e+02
2.025000e+02 1.983000e+02
2.035000e+02 1.932000e+02
2.045000e+02 1.884000e+02
2.055000e+02 1.836000e+02
2.062500e+02 1.791000e+02
2.070000e+02 1.746000e+02
2.080000e+02 1.698000e+02
2.090000e+02 1.650000e+02
2.100000e+02 1.602000e+02
2.110000e+02 1.554000e+02
2.117500e+02 1.509000e+02
2.125000e+02 1.464000e+02
2.132500e+02 1.416000e+02
2.140000e+02 1.368000e+02
2.147500e+02 1.329000e+02
2.155000e+02 1.290000e+02
2.160000e+02 1.251000e+02
2.165000e+02 1.212000e+02
2.170000e+02 1.173000e+02
2.175000e+02 1.134000e+02
2.182500e+02 1.098000e+02
2.190000e+02 1.062000e+02
2.192500e+02 1.029000e+02
2.195000e+02 9.960000e+01
2.200000e+02 9.630000e+01
2.205000e+02 9.300000e+01
2.210000e+02 9.030000e+01
2.215000e+02 8.760000e+01
2.217500e+02 8.520000e+01
2.220000e+02 8.280000e+01
2.222500e+02 8.100000e+01
2.225000e+02 7.920000e+01
2.225000e+02 7.740000e+01
2.225000e+02 7.560000e+01
2.227500e+02 7.410000e+01
2.230000e+02 7.260000e+01
2.232500e+02 7.110000e+01
2.235000e+02 6.960000e+01
2.237500e+02 6.900000e+01
2.240000e+02 6.840000e+01
2.240000e+02 6.780000e+01
2.240000e+02 6.720000e+01
2.240000e+02 6.660000e+01
2.240000e+02 6.600000e+01
2.242500e+02 6.570000e+01
2.245000e+02 6.540000e+01
2.245000e+02 6.540000e+01
2.245000e+02 6.540000e+01
2.245000e+02 6.510000e+01
2.245000e+02 6.480000e+01
2.247500e+02 6.480000e+01
2.250000e+02 6.480000e+01
2.250000e+02 6.480000e+01
2.250000e+02 6.480000e+01
2.255000e+02 6.480000e+01
2.260000e+02 6.480000e+01
2.262500e+02 6.510000e+01
2.265000e+02 6.540000e+01
2.275000e+02 6.600000e+01
2.285000e+02 6.660000e+01
2.297500e+02 6.750000e+01
2.310000e+02 6.840000e+01
2.325000e+02 6.990000e+01
2.340000e+02 7.140000e+01
2.355000e+02 7.260000e+01
2.370000e+02 7.380000e+01
2.387500e+02 7.560000e+01
2.405000e+02 7.740000e+01
2.425000e+02 7.950000e+01
2.445000e+02 8.160000e+01
2.465000e+02 8.400000e+01
2.485000e+02 8.640000e+01
2.507500e+02 8.880000e+01
2.530000e+02 9.120000e+01
2.552500e+02 9.360000e+01
2.575000e+02 9.600000e+01
2.597500e+02 9.870000e+01
2.620000e+02 1.014000e+02
2.645000e+02 1.041000e+02
2.670000e+02 1.068000e+02
2.697500e+02 1.101000e+02
2.725000e+02 1.134000e+02
2.750000e+02 1.164000e+02
2.775000e+02 1.194000e+02
2.817500e+02 1.242000e+02
2.860000e+02 1.290000e+02
2.902500e+02 1.341000e+02
2.945000e+02 1.392000e+02
3.040000e+02 1.500000e+02
3.100000e+02 1.572000e+02
3.160000e+02 1.644000e+02
3.220000e+02 1.722000e+02
3.250000e+02 1.758000e+02
3.350000e+02 1.878000e+02
3.415000e+02 1.956000e+02
3.480000e+02 2.028000e+02
3.540000e+02 2.100000e+02
3.605000e+02 2.178000e+02
3.670000e+02 2.256000e+02
3.730000e+02 2.328000e+02
3.785000e+02 2.400000e+02
3.870000e+02 2.502000e+02
3.930000e+02 2.574000e+02
3.985000e+02 2.646000e+02
4.040000e+02 2.712000e+02
4.085000e+02 2.778000e+02
4.140000e+02 2.838000e+02
4.190000e+02 2.904000e+02
4.240000e+02 2.964000e+02
4.285000e+02 3.018000e+02
4.335000e+02 3.072000e+02
4.380000e+02 3.126000e+02
4.450000e+02 3.210000e+02
4.490000e+02 3.258000e+02
4.530000e+02 3.312000e+02
4.565000e+02 3.354000e+02
4.605000e+02 3.402000e+02
4.635000e+02 3.450000e+02
4.670000e+02 3.492000e+02
4.700000e+02 3.528000e+02
4.725000e+02 3.570000e+02
4.750000e+02 3.600000e+02
4.770000e+02 3.630000e+02
4.800000e+02 3.672000e+02
4.815000e+02 3.690000e+02
4.830000e+02 3.702000e+02
4.840000e+02 3.714000e+02
4.850000e+02 3.726000e+02
4.855000e+02 3.732000e+02
4.860000e+02 3.738000e+02
4.865000e+02 3.744000e+02
4.865000e+02 3.744000e+02
4.870000e+02 3.750000e+02
4.870000e+02 3.750000e+02
4.870000e+02 3.750000e+02
4.870000e+02 3.750000e+02
4.870000e+02 3.750000e+02
4.870000e+02 3.750000e+02
4.870000e+02 3.744000e+02
4.870000e+02 3.744000e+02
4.870000e+02 3.744000e+02
