2.865000e+02 4.680000e+01
2.865000e+02 4.680000e+01
2.865000e+02 4.680000e+01
2.865000e+02 4.680000e+01
2.865000e+02 4.680000e+01
2.865000e+02 4.695000e+01
2.865000e+02 4.710000e+01
2.865000e+02 4.725000e+01
2.865000e+02 4.740000e+01
2.865000e+02 4.740000e+01
2.865000e+02 4.740000e+01
2.865000e+02 4.740000e+01
2.865000e+02 4.740000e+01
2.863750e+02 4.770000e+01
2.862500e+02 4.800000e+01
2.861250e+02 4.830000e+01
2.860000e+02 4.860000e+01
2.858750e+02 4.920000e+01
2.857500e+02 4.980000e+01
2.856250e+02 5.040000e+01
2.855000e+02 5.100000e+01
2.855000e+02 5.160000e+01
2.855000e+02 5.220000e+01
2.855000e+02 5.280000e+01
2.855000e+02 5.340000e+01
2.853750e+02 5.415000e+01
2.852500e+02 5.490000e+01
2.851250e+02 5.565000e+01
2.850000e+02 5.640000e+01
2.850000e+02 5.730000e+01
2.850000e+02 5.820000e+01
2.850000e+02 5.910000e+01
2.850000e+02 6.000000e+01
2.848750e+02 6.105000e+01
2.847500e+02 6.210000e+01
2.846250e+02 6.315000e+01
2.845000e+02 6.420000e+01
2.845000e+02 6.525000e+01
2.845000e+02 6.630000e+01
2.845000e+02 6.735000e+01
2.845000e+02 6.840000e+01
2.845000e+02 6.990000e+01
2.845000e+02 7.140000e+01
2.845000e+02 7.290000e+01
2.845000e+02 7.440000e+01
2.845000e+02 7.500000e+01
2.845000e+02 7.560000e+01
2.845000e+02 7.620000e+01
2.845000e+02 7.680000e+01
2.846250e+02 7.860000e+01
2.847500e+02 8.040000e+01
2.848750e+02 8.220000e+01
2.850000e+02 8.400000e+01
2.850000e+02 8.565000e+01
2.850000e+02 8.730000e+01
2.850000e+02 8.895000e+01
2.850000e+02 9.060000e+01
2.850000e+02 9.255000e+01
2.850000e+02 9.450000e+01
2.850000e+02 9.645000e+01
2.850000e+02 9.840000e+01
2.850000e+02 9.975000e+01
2.850000e+02 1.011000e+02
2.850000e+02 1.024500e+02
2.850000e+02 1.038000e+02
2.848750e+02 1.053000e+02
2.847500e+02 1.068000e+02
2.846250e+02 1.083000e+02
2.845000e+02 1.098000e+02
2.843750e+02 1.114500e+02
2.842500e+02 1.131000e+02
2.841250e+02 1.147500e+02
2.840000e+02 1.164000e+02
2.840000e+02 1.179000e+02
2.840000e+02 1.194000e+02
2.840000e+02 1.209000e+02
2.840000e+02 1.224000e+02
2.837500e+02 1.242000e+02
2.835000e+02 1.260000e+02
2.832500e+02 1.278000e+02
2.830000e+02 1.296000e+02
2.828750e+02 1.312500e+02
2.827500e+02 1.329000e+02
2.826250e+02 1.345500e+02
2.825000e+02 1.362000e+02
2.822500e+02 1.383000e+02
2.820000e+02 1.404000e+02
2.815000e+02 1.446000e+02
2.812500e+02 1.482000e+02
2.810000e+02 1.518000e+02
2.807500e+02 1.572000e+02
2.805000e+02 1.626000e+02
2.802500e+02 1.665000e+02
2.800000e+02 1.704000e+02
2.797500e+02 1.740000e+02
2.795000e+02 1.776000e+02
2.792500e+02 1.812000e+02
2.790000e+02 1.848000e+02
2.787500e+02 1.881000e+02
2.785000e+02 1.914000e+02
2.782500e+02 1.944000e+02
2.780000e+02 1.974000e+02
2.780000e+02 2.007000e+02
2.780000e+02 2.040000e+02
2.777500e+02 2.073000e+02
2.775000e+02 2.106000e+02
2.775000e+02 2.139000e+02
2.775000e+02 2.172000e+02
2.772500e+02 2.199000e+02
2.770000e+02 2.226000e+02
2.770000e+02 2.271000e+02
2.770000e+02 2.316000e+02
2.770000e+02 2.328000e+02
2.770000e+02 2.340000e+02
2.770000e+02 2.379000e+02
2.770000e+02 2.418000e+02
2.767500e+02 2.442000e+02
2.765000e+02 2.466000e+02
2.765000e+02 2.490000e+02
2.765000e+02 2.514000e+02
2.765000e+02 2.535000e+02
2.765000e+02 2.556000e+02
2.765000e+02 2.577000e+02
2.765000e+02 2.598000e+02
2.765000e+02 2.625000e+02
2.765000e+02 2.652000e+02
2.765000e+02 2.676000e+02
2.765000e+02 2.700000e+02
2.765000e+02 2.727000e+02
2.765000e+02 2.754000e+02
2.767500e+02 2.784000e+02
2.770000e+02 2.814000e+02
2.770000e+02 2.844000e+02
2.770000e+02 2.874000e+02
2.772500e+02 2.904000e+02
2.775000e+02 2.934000e+02
2.775000e+02 2.961000e+02
2.775000e+02 2.988000e+02
2.775000e+02 3.018000e+02
2.775000e+02 3.048000e+02
2.777500e+02 3.078000e+02
2.780000e+02 3.108000e+02
2.780000e+02 3.135000e+02
2.780000e+02 3.162000e+02
2.782500e+02 3.192000e+02
2.785000e+02 3.222000e+02
2.785000e+02 3.249000e+02
2.785000e+02 3.276000e+02
2.787500e+02 3.303000e+02
2.790000e+02 3.330000e+02
2.792500e+02 3.357000e+02
2.795000e+02 3.384000e+02
2.797500e+02 3.423000e+02
2.800000e+02 3.462000e+02
2.802500e+02 3.498000e+02
2.805000e+02 3.534000e+02
2.807500e+02 3.570000e+02
2.810000e+02 3.606000e+02
2.812500e+02 3.627000e+02
2.815000e+02 3.648000e+02
2.817500e+02 3.675000e+02
2.820000e+02 3.702000e+02
2.825000e+02 3.723000e+02
2.830000e+02 3.744000e+02
2.830000e+02 3.765000e+02
2.830000e+02 3.786000e+02
2.832500e+02 3.810000e+02
2.835000e+02 3.834000e+02
2.837500e+02 3.858000e+02
2.840000e+02 3.882000e+02
2.840000e+02 3.903000e+02
2.840000e+02 3.924000e+02
2.840000e+02 3.942000e+02
2.840000e+02 3.960000e+02
2.840000e+02 3.978000e+02
2.840000e+02 3.996000e+02
2.840000e+02 4.014000e+02
2.840000e+02 4.032000e+02
2.837500e+02 4.047000e+02
2.835000e+02 4.062000e+02
2.835000e+02 4.074000e+02
2.835000e+02 4.086000e+02
2.835000e+02 4.095000e+02
2.835000e+02 4.104000e+02
2.832500e+02 4.116000e+02
2.830000e+02 4.128000e+02
2.830000e+02 4.131000e+02
2.830000e+02 4.134000e+02
2.830000e+02 4.134000e+02
2.830000e+02 4.134000e+02
2.827500e+02 4.137000e+02
2.825000e+02 4.140000e+02
2.825000e+02 4.143000e+02
2.825000e+02 4.146000e+02
2.825000e+02 4.146000e+02
2.825000e+02 4.146000e+02
2.825000e+02 4.146000e+02
2.825000e+02 4.146000e+02
2.825000e+02 4.146000e+02
2.825000e+02 4.146000e+02
2.865000e+02 4.680000e+01
2.865000e+02 4.680000e+01
2.865000e+02 4.680000e+01
2.865000e+02 4.680000e+01
2.865000e+02 4.680000e+01
2.865000e+02 4.695000e+01
2.865000e+02 4.710000e+01
2.865000e+02 4.725000e+01
2.865000e+02 4.740000e+01
2.865000e+02 4.740000e+01
2.865000e+02 4.740000e+01
2.865000e+02 4.740000e+01
2.865000e+02 4.740000e+01
2.863750e+02 4.770000e+01
2.862500e+02 4.800000e+01
2.861250e+02 4.830000e+01
2.860000e+02 4.860000e+01
2.858750e+02 4.920000e+01
2.857500e+02 4.980000e+01
2.856250e+02 5.040000e+01
2.855000e+02 5.100000e+01
2.855000e+02 5.160000e+01
2.855000e+02 5.220000e+01
2.855000e+02 5.280000e+01
2.855000e+02 5.340000e+01
2.853750e+02 5.415000e+01
2.852500e+02 5.490000e+01
2.851250e+02 5.565000e+01
2.850000e+02 5.640000e+01
2.850000e+02 5.730000e+01
2.850000e+02 5.820000e+01
2.850000e+02 5.910000e+01
2.850000e+02 6.000000e+01
2.848750e+02 6.105000e+01
2.847500e+02 6.210000e+01
2.846250e+02 6.315000e+01
2.845000e+02 6.420000e+01
2.845000e+02 6.525000e+01
2.845000e+02 6.630000e+01
2.845000e+02 6.735000e+01
2.845000e+02 6.840000e+01
2.845000e+02 6.990000e+01
2.845000e+02 7.140000e+01
2.845000e+02 7.290000e+01
2.845000e+02 7.440000e+01
2.845000e+02 7.500000e+01
2.845000e+02 7.560000e+01
2.845000e+02 7.620000e+01
2.845000e+02 7.680000e+01
2.846250e+02 7.860000e+01
2.847500e+02 8.040000e+01
2.848750e+02 8.220000e+01
2.850000e+02 8.400000e+01
2.850000e+02 8.565000e+01
2.850000e+02 8.730000e+01
2.850000e+02 8.895000e+01
2.850000e+02 9.060000e+01
2.850000e+02 9.255000e+01
2.850000e+02 9.450000e+01
2.850000e+02 9.645000e+01
2.850000e+02 9.840000e+01
2.850000e+02 9.975000e+01
2.850000e+02 1.011000e+02
2.850000e+02 1.024500e+02
2.850000e+02 1.038000e+02
2.848750e+02 1.053000e+02
2.847500e+02 1.068000e+02
2.846250e+02 1.083000e+02
2.845000e+02 1.098000e+02
2.843750e+02 1.114500e+02
2.842500e+02 1.131000e+02
2.841250e+02 1.147500e+02
2.840000e+02 1.164000e+02
2.840000e+02 1.179000e+02
2.840000e+02 1.194000e+02
2.840000e+02 1.209000e+02
2.840000e+02 1.224000e+02
2.837500e+02 1.242000e+02
2.835000e+02 1.260000e+02
2.832500e+02 1.278000e+02
2.830000e+02 1.296000e+02
2.828750e+02 1.312500e+02
2.827500e+02 1.329000e+02
2.826250e+02 1.345500e+02
2.825000e+02 1.362000e+02
2.822500e+02 1.383000e+02
2.820000e+02 1.404000e+02
2.815000e+02 1.446000e+02
2.812500e+02 1.482000e+02
2.810000e+02 1.518000e+02
2.807500e+02 1.572000e+02
2.805000e+02 1.626000e+02
2.802500e+02 1.665000e+02
2.800000e+02 1.704000e+02
2.797500e+02 1.740000e+02
2.795000e+02 1.776000e+02
2.792500e+02 1.812000e+02
2.790000e+02 1.848000e+02
2.787500e+02 1.881000e+02
2.785000e+02 1.914000e+02
2.782500e+02 1.944000e+02
2.780000e+02 1.974000e+02
2.780000e+02 2.007000e+02
2.780000e+02 2.040000e+02
2.777500e+02 2.073000e+02
2.775000e+02 2.106000e+02
2.775000e+02 2.139000e+02
2.775000e+02 2.172000e+02
2.772500e+02 2.199000e+02
2.770000e+02 2.226000e+02
2.770000e+02 2.271000e+02
2.770000e+02 2.316000e+02
2.770000e+02 2.328000e+02
2.770000e+02 2.340000e+02
2.770000e+02 2.379000e+02
2.770000e+02 2.418000e+02
2.767500e+02 2.442000e+02
2.765000e+02 2.466000e+02
2.765000e+02 2.490000e+02
2.765000e+02 2.514000e+02
2.765000e+02 2.535000e+02
2.765000e+02 2.556000e+02
2.765000e+02 2.577000e+02
2.765000e+02 2.598000e+02
2.765000e+02 2.625000e+02
2.765000e+02 2.652000e+02
2.765000e+02 2.676000e+02
2.765000e+02 2.700000e+02
2.765000e+02 2.727000e+02
2.765000e+02 2.754000e+02
2.767500e+02 2.784000e+02
2.770000e+02 2.814000e+02
2.770000e+02 2.844000e+02
2.770000e+02 2.874000e+02
2.772500e+02 2.904000e+02
2.775000e+02 2.934000e+02
2.775000e+02 2.961000e+02
2.775000e+02 2.988000e+02
2.775000e+02 3.018000e+02
2.775000e+02 3.048000e+02
2.777500e+02 3.078000e+02
2.780000e+02 3.108000e+02
2.780000e+02 3.135000e+02
2.780000e+02 3.162000e+02
2.782500e+02 3.192000e+02
2.785000e+02 3.222000e+02
2.785000e+02 3.249000e+02
2.785000e+02 3.276000e+02
2.787500e+02 3.303000e+02
2.790000e+02 3.330000e+02
2.792500e+02 3.357000e+02
2.795000e+02 3.384000e+02
2.797500e+02 3.423000e+02
2.800000e+02 3.462000e+02
2.802500e+02 3.498000e+02
2.805000e+02 3.534000e+02
2.807500e+02 3.570000e+02
2.810000e+02 3.606000e+02
2.812500e+02 3.627000e+02
2.815000e+02 3.648000e+02
2.817500e+02 3.675000e+02
2.820000e+02 3.702000e+02
2.825000e+02 3.723000e+02
2.830000e+02 3.744000e+02
2.830000e+02 3.765000e+02
2.830000e+02 3.786000e+02
2.832500e+02 3.810000e+02
2.835000e+02 3.834000e+02
2.837500e+02 3.858000e+02
2.840000e+02 3.882000e+02
2.840000e+02 3.903000e+02
2.840000e+02 3.924000e+02
2.840000e+02 3.942000e+02
2.840000e+02 3.960000e+02
2.840000e+02 3.978000e+02
2.840000e+02 3.996000e+02
2.840000e+02 4.014000e+02
2.840000e+02 4.032000e+02
2.837500e+02 4.047000e+02
2.835000e+02 4.062000e+02
2.835000e+02 4.074000e+02
2.835000e+02 4.086000e+02
2.835000e+02 4.095000e+02
2.835000e+02 4.104000e+02
2.832500e+02 4.116000e+02
2.830000e+02 4.128000e+02
2.830000e+02 4.131000e+02
2.830000e+02 4.134000e+02
2.830000e+02 4.134000e+02
2.830000e+02 4.134000e+02
2.827500e+02 4.137000e+02
2.825000e+02 4.140000e+02
2.825000e+02 4.143000e+02
2.825000e+02 4.146000e+02
2.825000e+02 4.146000e+02
2.825000e+02 4.146000e+02
2.825000e+02 4.146000e+02
2.825000e+02 4.146000e+02
2.825000e+02 4.146000e+02
2.825000e+02 4.146000e+02
2.865000e+02 4.680000e+01
2.865000e+02 4.680000e+01
2.865000e+02 4.680000e+01
2.865000e+02 4.680000e+01
2.865000e+02 4.680000e+01
2.865000e+02 4.695000e+01
2.865000e+02 4.710000e+01
2.865000e+02 4.725000e+01
2.865000e+02 4.740000e+01
2.865000e+02 4.740000e+01
2.865000e+02 4.740000e+01
2.865000e+02 4.740000e+01
2.865000e+02 4.740000e+01
2.863750e+02 4.770000e+01
2.862500e+02 4.800000e+01
2.861250e+02 4.830000e+01
2.860000e+02 4.860000e+01
2.858750e+02 4.920000e+01
2.857500e+02 4.980000e+01
2.856250e+02 5.040000e+01
2.855000e+02 5.100000e+01
2.855000e+02 5.160000e+01
2.855000e+02 5.220000e+01
2.855000e+02 5.280000e+01
2.855000e+02 5.340000e+01
2.853750e+02 5.415000e+01
2.852500e+02 5.490000e+01
2.851250e+02 5.565000e+01
2.850000e+02 5.640000e+01
2.850000e+02 5.730000e+01
2.850000e+02 5.820000e+01
2.850000e+02 5.910000e+01
2.850000e+02 6.000000e+01
2.848750e+02 6.105000e+01
2.847500e+02 6.210000e+01
2.846250e+02 6.315000e+01
2.845000e+02 6.420000e+01
2.845000e+02 6.525000e+01
2.845000e+02 6.630000e+01
2.845000e+02 6.735000e+01
2.845000e+02 6.840000e+01
2.845000e+02 6.990000e+01
2.845000e+02 7.140000e+01
2.845000e+02 7.290000e+01
2.845000e+02 7.440000e+01
2.845000e+02 7.500000e+01
2.845000e+02 7.560000e+01
2.845000e+02 7.620000e+01
2.845000e+02 7.680000e+01
2.846250e+02 7.860000e+01
2.847500e+02 8.040000e+01
2.848750e+02 8.220000e+01
2.850000e+02 8.400000e+01
2.850000e+02 8.565000e+01
2.850000e+02 8.730000e+01
2.850000e+02 8.895000e+01
2.850000e+02 9.060000e+01
2.850000e+02 9.255000e+01
2.850000e+02 9.450000e+01
2.850000e+02 9.645000e+01
2.850000e+02 9.840000e+01
2.850000e+02 9.975000e+01
2.850000e+02 1.011000e+02
2.850000e+02 1.024500e+02
2.850000e+02 1.038000e+02
2.848750e+02 1.053000e+02
2.847500e+02 1.068000e+02
2.846250e+02 1.083000e+02
2.845000e+02 1.098000e+02
2.843750e+02 1.114500e+02
2.842500e+02 1.131000e+02
2.841250e+02 1.147500e+02
2.840000e+02 1.164000e+02
2.840000e+02 1.179000e+02
2.840000e+02 1.194000e+02
2.840000e+02 1.209000e+02
2.840000e+02 1.224000e+02
2.837500e+02 1.242000e+02
2.835000e+02 1.260000e+02
2.832500e+02 1.278000e+02
2.830000e+02 1.296000e+02
2.828750e+02 1.312500e+02
2.827500e+02 1.329000e+02
2.826250e+02 1.345500e+02
2.825000e+02 1.362000e+02
2.822500e+02 1.383000e+02
2.820000e+02 1.404000e+02
2.815000e+02 1.446000e+02
2.812500e+02 1.482000e+02
2.810000e+02 1.518000e+02
2.807500e+02 1.572000e+02
2.805000e+02 1.626000e+02
2.802500e+02 1.665000e+02
2.800000e+02 1.704000e+02
2.797500e+02 1.740000e+02
2.795000e+02 1.776000e+02
2.792500e+02 1.812000e+02
2.790000e+02 1.848000e+02
2.787500e+02 1.881000e+02
2.785000e+02 1.914000e+02
2.782500e+02 1.944000e+02
2.780000e+02 1.974000e+02
2.780000e+02 2.007000e+02
2.780000e+02 2.040000e+02
2.777500e+02 2.073000e+02
2.775000e+02 2.106000e+02
2.775000e+02 2.139000e+02
2.775000e+02 2.172000e+02
2.772500e+02 2.199000e+02
2.770000e+02 2.226000e+02
2.770000e+02 2.271000e+02
2.770000e+02 2.316000e+02
2.770000e+02 2.328000e+02
2.770000e+02 2.340000e+02
2.770000e+02 2.379000e+02
2.770000e+02 2.418000e+02
2.767500e+02 2.442000e+02
2.765000e+02 2.466000e+02
2.765000e+02 2.490000e+02
2.765000e+02 2.514000e+02
2.765000e+02 2.535000e+02
2.765000e+02 2.556000e+02
2.765000e+02 2.577000e+02
2.765000e+02 2.598000e+02
2.765000e+02 2.625000e+02
2.765000e+02 2.652000e+02
2.765000e+02 2.676000e+02
2.765000e+02 2.700000e+02
2.765000e+02 2.727000e+02
2.765000e+02 2.754000e+02
2.767500e+02 2.784000e+02
2.770000e+02 2.814000e+02
2.770000e+02 2.844000e+02
2.770000e+02 2.874000e+02
2.772500e+02 2.904000e+02
2.775000e+02 2.934000e+02
2.775000e+02 2.961000e+02
2.775000e+02 2.988000e+02
2.775000e+02 3.018000e+02
2.775000e+02 3.048000e+02
2.777500e+02 3.078000e+02
2.780000e+02 3.108000e+02
2.780000e+02 3.135000e+02
2.780000e+02 3.162000e+02
2.782500e+02 3.192000e+02
2.785000e+02 3.222000e+02
2.785000e+02 3.249000e+02
2.785000e+02 3.276000e+02
2.787500e+02 3.303000e+02
2.790000e+02 3.330000e+02
2.792500e+02 3.357000e+02
2.795000e+02 3.384000e+02
2.797500e+02 3.423000e+02
2.800000e+02 3.462000e+02
2.802500e+02 3.498000e+02
2.805000e+02 3.534000e+02
2.807500e+02 3.570000e+02
2.810000e+02 3.606000e+02
2.812500e+02 3.627000e+02
2.815000e+02 3.648000e+02
2.817500e+02 3.675000e+02
2.820000e+02 3.702000e+02
2.825000e+02 3.723000e+02
2.830000e+02 3.744000e+02
2.830000e+02 3.765000e+02
2.830000e+02 3.786000e+02
2.832500e+02 3.810000e+02
2.835000e+02 3.834000e+02
2.837500e+02 3.858000e+02
2.840000e+02 3.882000e+02
2.840000e+02 3.903000e+02
2.840000e+02 3.924000e+02
2.840000e+02 3.942000e+02
2.840000e+02 3.960000e+02
2.840000e+02 3.978000e+02
2.840000e+02 3.996000e+02
2.840000e+02 4.014000e+02
2.840000e+02 4.032000e+02
2.837500e+02 4.047000e+02
2.835000e+02 4.062000e+02
2.835000e+02 4.074000e+02
2.835000e+02 4.086000e+02
2.835000e+02 4.095000e+02
2.835000e+02 4.104000e+02
2.832500e+02 4.116000e+02
2.830000e+02 4.128000e+02
2.830000e+02 4.131000e+02
2.830000e+02 4.134000e+02
2.830000e+02 4.134000e+02
2.830000e+02 4.134000e+02
2.827500e+02 4.137000e+02
2.825000e+02 4.140000e+02
2.825000e+02 4.143000e+02
2.825000e+02 4.146000e+02
2.825000e+02 4.146000e+02
2.825000e+02 4.146000e+02
2.825000e+02 4.146000e+02
2.825000e+02 4.146000e+02
2.825000e+02 4.146000e+02
2.825000e+02 4.146000e+02
