1.750000e+02 1.602000e+02
1.750000e+02 1.602000e+02
1.750000e+02 1.602000e+02
1.750000e+02 1.602000e+02
1.750000e+02 1.602000e+02
1.750000e+02 1.602000e+02
1.750000e+02 1.602000e+02
1.752500e+02 1.599000e+02
1.755000e+02 1.596000e+02
1.757500e+02 1.593000e+02
1.760000e+02 1.590000e+02
1.770000e+02 1.590000e+02
1.780000e+02 1.590000e+02
1.805000e+02 1.587000e+02
1.830000e+02 1.584000e+02
1.875000e+02 1.581000e+02
1.920000e+02 1.578000e+02
1.972500e+02 1.572000e+02
2.025000e+02 1.566000e+02
2.082500e+02 1.563000e+02
2.140000e+02 1.560000e+02
2.200000e+02 1.554000e+02
2.260000e+02 1.548000e+02
2.325000e+02 1.542000e+02
2.390000e+02 1.536000e+02
2.460000e+02 1.527000e+02
2.530000e+02 1.518000e+02
2.597500e+02 1.509000e+02
2.665000e+02 1.500000e+02
2.732500e+02 1.488000e+02
2.800000e+02 1.476000e+02
2.867500e+02 1.467000e+02
2.935000e+02 1.458000e+02
3.035000e+02 1.443000e+02
3.135000e+02 1.428000e+02
3.170000e+02 1.422000e+02
3.205000e+02 1.416000e+02
3.305000e+02 1.404000e+02
3.405000e+02 1.392000e+02
3.470000e+02 1.386000e+02
3.535000e+02 1.380000e+02
3.597500e+02 1.374000e+02
3.660000e+02 1.368000e+02
3.755000e+02 1.362000e+02
3.850000e+02 1.356000e+02
3.932500e+02 1.353000e+02
4.015000e+02 1.350000e+02
4.062500e+02 1.347000e+02
4.110000e+02 1.344000e+02
4.155000e+02 1.344000e+02
4.200000e+02 1.344000e+02
4.240000e+02 1.344000e+02
4.280000e+02 1.344000e+02
4.312500e+02 1.344000e+02
4.345000e+02 1.344000e+02
4.375000e+02 1.344000e+02
4.405000e+02 1.344000e+02
4.427500e+02 1.347000e+02
4.450000e+02 1.350000e+02
4.467500e+02 1.350000e+02
4.485000e+02 1.350000e+02
4.500000e+02 1.350000e+02
4.515000e+02 1.350000e+02
4.527500e+02 1.353000e+02
4.540000e+02 1.356000e+02
4.547500e+02 1.356000e+02
4.555000e+02 1.356000e+02
4.560000e+02 1.356000e+02
4.565000e+02 1.356000e+02
4.570000e+02 1.359000e+02
4.575000e+02 1.362000e+02
4.575000e+02 1.362000e+02
4.575000e+02 1.362000e+02
4.577500e+02 1.362000e+02
4.580000e+02 1.362000e+02
4.580000e+02 1.365000e+02
4.580000e+02 1.368000e+02
4.582500e+02 1.368000e+02
4.585000e+02 1.368000e+02
4.585000e+02 1.374000e+02
4.585000e+02 1.380000e+02
4.582500e+02 1.389000e+02
4.580000e+02 1.398000e+02
4.577500e+02 1.413000e+02
4.575000e+02 1.428000e+02
4.570000e+02 1.452000e+02
4.565000e+02 1.476000e+02
4.557500e+02 1.500000e+02
4.550000e+02 1.524000e+02
4.542500e+02 1.554000e+02
4.535000e+02 1.584000e+02
4.527500e+02 1.617000e+02
4.520000e+02 1.650000e+02
4.512500e+02 1.686000e+02
4.505000e+02 1.722000e+02
4.495000e+02 1.755000e+02
4.485000e+02 1.788000e+02
4.472500e+02 1.827000e+02
4.460000e+02 1.866000e+02
4.450000e+02 1.902000e+02
4.440000e+02 1.938000e+02
4.430000e+02 1.977000e+02
4.420000e+02 2.016000e+02
4.405000e+02 2.094000e+02
4.390000e+02 2.172000e+02
4.380000e+02 2.280000e+02
4.375000e+02 2.310000e+02
4.365000e+02 2.418000e+02
4.365000e+02 2.484000e+02
4.360000e+02 2.538000e+02
4.360000e+02 2.592000e+02
4.355000e+02 2.652000e+02
4.350000e+02 2.706000e+02
4.350000e+02 2.748000e+02
4.345000e+02 2.796000e+02
4.340000e+02 2.832000e+02
4.335000e+02 2.862000e+02
4.335000e+02 2.880000e+02
4.330000e+02 2.892000e+02
4.330000e+02 2.904000e+02
4.325000e+02 2.916000e+02
4.325000e+02 2.922000e+02
4.325000e+02 2.922000e+02
4.325000e+02 2.928000e+02
4.320000e+02 2.928000e+02
4.320000e+02 2.928000e+02
4.320000e+02 2.928000e+02
4.315000e+02 2.922000e+02
4.315000e+02 2.922000e+02
4.310000e+02 2.922000e+02
4.305000e+02 2.922000e+02
4.295000e+02 2.916000e+02
4.260000e+02 2.916000e+02
4.190000e+02 2.910000e+02
4.070000e+02 2.910000e+02
3.945000e+02 2.910000e+02
3.810000e+02 2.916000e+02
3.690000e+02 2.916000e+02
3.560000e+02 2.928000e+02
3.350000e+02 2.946000e+02
3.205000e+02 2.964000e+02
3.050000e+02 2.982000e+02
2.890000e+02 3.012000e+02
2.735000e+02 3.042000e+02
2.580000e+02 3.072000e+02
2.430000e+02 3.102000e+02
2.285000e+02 3.138000e+02
2.160000e+02 3.174000e+02
2.050000e+02 3.204000e+02
1.960000e+02 3.228000e+02
1.875000e+02 3.252000e+02
1.790000e+02 3.276000e+02
1.725000e+02 3.294000e+02
1.680000e+02 3.306000e+02
1.645000e+02 3.318000e+02
1.620000e+02 3.324000e+02
1.600000e+02 3.324000e+02
1.590000e+02 3.330000e+02
1.580000e+02 3.330000e+02
1.575000e+02 3.324000e+02
1.570000e+02 3.324000e+02
1.565000e+02 3.318000e+02
1.565000e+02 3.312000e+02
1.560000e+02 3.306000e+02
1.560000e+02 3.300000e+02
1.560000e+02 3.288000e+02
1.565000e+02 3.276000e+02
1.570000e+02 3.258000e+02
1.595000e+02 3.192000e+02
1.620000e+02 3.114000e+02
1.635000e+02 3.042000e+02
1.655000e+02 2.928000e+02
1.670000e+02 2.844000e+02
1.685000e+02 2.748000e+02
1.695000e+02 2.664000e+02
1.705000e+02 2.562000e+02
1.715000e+02 2.472000e+02
1.720000e+02 2.376000e+02
1.725000e+02 2.286000e+02
1.730000e+02 2.202000e+02
1.735000e+02 2.094000e+02
1.735000e+02 2.010000e+02
1.735000e+02 1.926000e+02
1.735000e+02 1.860000e+02
1.735000e+02 1.794000e+02
1.735000e+02 1.746000e+02
1.735000e+02 1.704000e+02
1.735000e+02 1.668000e+02
1.735000e+02 1.632000e+02
1.740000e+02 1.608000e+02
1.740000e+02 1.596000e+02
1.745000e+02 1.584000e+02
1.745000e+02 1.578000e+02
1.745000e+02 1.572000e+02
1.745000e+02 1.566000e+02
1.745000e+02 1.566000e+02
1.745000e+02 1.566000e+02
1.750000e+02 1.566000e+02
1.750000e+02 1.572000e+02
1.750000e+02 1.572000e+02
1.750000e+02 1.602000e+02
1.750000e+02 1.602000e+02
1.750000e+02 1.602000e+02
1.750000e+02 1.602000e+02
1.750000e+02 1.602000e+02
1.750000e+02 1.602000e+02
1.750000e+02 1.602000e+02
1.752500e+02 1.599000e+02
1.755000e+02 1.596000e+02
1.757500e+02 1.593000e+02
1.760000e+02 1.590000e+02
1.770000e+02 1.590000e+02
1.780000e+02 1.590000e+02
1.805000e+02 1.587000e+02
1.830000e+02 1.584000e+02
1.875000e+02 1.581000e+02
1.920000e+02 1.578000e+02
1.972500e+02 1.572000e+02
2.025000e+02 1.566000e+02
2.082500e+02 1.563000e+02
2.140000e+02 1.560000e+02
2.200000e+02 1.554000e+02
2.260000e+02 1.548000e+02
2.325000e+02 1.542000e+02
2.390000e+02 1.536000e+02
2.460000e+02 1.527000e+02
2.530000e+02 1.518000e+02
2.597500e+02 1.509000e+02
2.665000e+02 1.500000e+02
2.732500e+02 1.488000e+02
2.800000e+02 1.476000e+02
2.867500e+02 1.467000e+02
2.935000e+02 1.458000e+02
3.035000e+02 1.443000e+02
3.135000e+02 1.428000e+02
3.170000e+02 1.422000e+02
3.205000e+02 1.416000e+02
3.305000e+02 1.404000e+02
3.405000e+02 1.392000e+02
3.470000e+02 1.386000e+02
3.535000e+02 1.380000e+02
3.597500e+02 1.374000e+02
3.660000e+02 1.368000e+02
3.755000e+02 1.362000e+02
3.850000e+02 1.356000e+02
3.932500e+02 1.353000e+02
4.015000e+02 1.350000e+02
4.062500e+02 1.347000e+02
4.110000e+02 1.344000e+02
4.155000e+02 1.344000e+02
4.200000e+02 1.344000e+02
4.240000e+02 1.344000e+02
4.280000e+02 1.344000e+02
4.312500e+02 1.344000e+02
4.345000e+02 1.344000e+02
4.375000e+02 1.344000e+02
4.405000e+02 1.344000e+02
4.427500e+02 1.347000e+02
4.450000e+02 1.350000e+02
4.467500e+02 1.350000e+02
4.485000e+02 1.350000e+02
4.500000e+02 1.350000e+02
4.515000e+02 1.350000e+02
4.527500e+02 1.353000e+02
4.540000e+02 1.356000e+02
4.547500e+02 1.356000e+02
4.555000e+02 1.356000e+02
4.560000e+02 1.356000e+02
4.565000e+02 1.356000e+02
4.570000e+02 1.359000e+02
4.575000e+02 1.362000e+02
4.575000e+02 1.362000e+02
4.575000e+02 1.362000e+02
4.577500e+02 1.362000e+02
4.580000e+02 1.362000e+02
4.580000e+02 1.365000e+02
4.580000e+02 1.368000e+02
4.582500e+02 1.368000e+02
4.585000e+02 1.368000e+02
4.585000e+02 1.374000e+02
4.585000e+02 1.380000e+02
4.582500e+02 1.389000e+02
4.580000e+02 1.398000e+02
4.577500e+02 1.413000e+02
4.575000e+02 1.428000e+02
4.570000e+02 1.452000e+02
4.565000e+02 1.476000e+02
4.557500e+02 1.500000e+02
4.550000e+02 1.524000e+02
4.542500e+02 1.554000e+02
4.535000e+02 1.584000e+02
4.527500e+02 1.617000e+02
4.520000e+02 1.650000e+02
4.512500e+02 1.686000e+02
4.505000e+02 1.722000e+02
4.495000e+02 1.755000e+02
4.485000e+02 1.788000e+02
4.472500e+02 1.827000e+02
4.460000e+02 1.866000e+02
4.450000e+02 1.902000e+02
4.440000e+02 1.938000e+02
4.430000e+02 1.977000e+02
4.420000e+02 2.016000e+02
4.405000e+02 2.094000e+02
4.390000e+02 2.172000e+02
4.380000e+02 2.280000e+02
4.375000e+02 2.310000e+02
4.365000e+02 2.418000e+02
4.365000e+02 2.484000e+02
4.360000e+02 2.538000e+02
4.360000e+02 2.592000e+02
4.355000e+02 2.652000e+02
4.350000e+02 2.706000e+02
4.350000e+02 2.748000e+02
4.345000e+02 2.796000e+02
4.340000e+02 2.832000e+02
4.335000e+02 2.862000e+02
4.335000e+02 2.880000e+02
4.330000e+02 2.892000e+02
4.330000e+02 2.904000e+02
4.325000e+02 2.916000e+02
4.325000e+02 2.922000e+02
4.325000e+02 2.922000e+02
4.325000e+02 2.928000e+02
4.320000e+02 2.928000e+02
4.320000e+02 2.928000e+02
4.320000e+02 2.928000e+02
4.315000e+02 2.922000e+02
4.315000e+02 2.922000e+02
4.310000e+02 2.922000e+02
4.305000e+02 2.922000e+02
4.295000e+02 2.916000e+02
4.260000e+02 2.916000e+02
4.190000e+02 2.910000e+02
4.070000e+02 2.910000e+02
3.945000e+02 2.910000e+02
3.810000e+02 2.916000e+02
3.690000e+02 2.916000e+02
3.560000e+02 2.928000e+02
3.350000e+02 2.946000e+02
3.205000e+02 2.964000e+02
3.050000e+02 2.982000e+02
2.890000e+02 3.012000e+02
2.735000e+02 3.042000e+02
2.580000e+02 3.072000e+02
2.430000e+02 3.102000e+02
2.285000e+02 3.138000e+02
2.160000e+02 3.174000e+02
2.050000e+02 3.204000e+02
1.960000e+02 3.228000e+02
1.875000e+02 3.252000e+02
1.790000e+02 3.276000e+02
1.725000e+02 3.294000e+02
1.680000e+02 3.306000e+02
1.645000e+02 3.318000e+02
1.620000e+02 3.324000e+02
1.600000e+02 3.324000e+02
1.590000e+02 3.330000e+02
1.580000e+02 3.330000e+02
1.575000e+02 3.324000e+02
1.570000e+02 3.324000e+02
1.565000e+02 3.318000e+02
1.565000e+02 3.312000e+02
1.560000e+02 3.306000e+02
1.560000e+02 3.300000e+02
1.560000e+02 3.288000e+02
1.565000e+02 3.276000e+02
1.570000e+02 3.258000e+02
1.595000e+02 3.192000e+02
1.620000e+02 3.114000e+02
1.635000e+02 3.042000e+02
1.655000e+02 2.928000e+02
1.670000e+02 2.844000e+02
1.685000e+02 2.748000e+02
1.695000e+02 2.664000e+02
1.705000e+02 2.562000e+02
1.715000e+02 2.472000e+02
1.720000e+02 2.376000e+02
1.725000e+02 2.286000e+02
1.730000e+02 2.202000e+02
1.735000e+02 2.094000e+02
1.735000e+02 2.010000e+02
1.735000e+02 1.926000e+02
1.735000e+02 1.860000e+02
1.735000e+02 1.794000e+02
1.735000e+02 1.746000e+02
1.735000e+02 1.704000e+02
1.735000e+02 1.668000e+02
1.735000e+02 1.632000e+02
1.740000e+02 1.608000e+02
1.740000e+02 1.596000e+02
1.745000e+02 1.584000e+02
1.745000e+02 1.578000e+02
1.745000e+02 1.572000e+02
1.745000e+02 1.566000e+02
1.745000e+02 1.566000e+02
1.745000e+02 1.566000e+02
1.750000e+02 1.566000e+02
1.750000e+02 1.572000e+02
1.750000e+02 1.572000e+02
1.750000e+02 1.602000e+02
1.750000e+02 1.602000e+02
1.750000e+02 1.602000e+02
1.750000e+02 1.602000e+02
1.750000e+02 1.602000e+02
1.750000e+02 1.602000e+02
1.750000e+02 1.602000e+02
1.752500e+02 1.599000e+02
1.755000e+02 1.596000e+02
1.757500e+02 1.593000e+02
1.760000e+02 1.590000e+02
1.770000e+02 1.590000e+02
1.780000e+02 1.590000e+02
1.805000e+02 1.587000e+02
1.830000e+02 1.584000e+02
1.875000e+02 1.581000e+02
1.920000e+02 1.578000e+02
1.972500e+02 1.572000e+02
2.025000e+02 1.566000e+02
2.082500e+02 1.563000e+02
2.140000e+02 1.560000e+02
2.200000e+02 1.554000e+02
2.260000e+02 1.548000e+02
2.325000e+02 1.542000e+02
2.390000e+02 1.536000e+02
2.460000e+02 1.527000e+02
2.530000e+02 1.518000e+02
2.597500e+02 1.509000e+02
2.665000e+02 1.500000e+02
2.732500e+02 1.488000e+02
2.800000e+02 1.476000e+02
2.867500e+02 1.467000e+02
2.935000e+02 1.458000e+02
3.035000e+02 1.443000e+02
3.135000e+02 1.428000e+02
3.170000e+02 1.422000e+02
3.205000e+02 1.416000e+02
3.305000e+02 1.404000e+02
3.405000e+02 1.392000e+02
3.470000e+02 1.386000e+02
3.535000e+02 1.380000e+02
3.597500e+02 1.374000e+02
3.660000e+02 1.368000e+02
3.755000e+02 1.362000e+02
3.850000e+02 1.356000e+02
3.932500e+02 1.353000e+02
4.015000e+02 1.350000e+02
4.062500e+02 1.347000e+02
4.110000e+02 1.344000e+02
4.155000e+02 1.344000e+02
4.200000e+02 1.344000e+02
4.240000e+02 1.344000e+02
4.280000e+02 1.344000e+02
4.312500e+02 1.344000e+02
4.345000e+02 1.344000e+02
4.375000e+02 1.344000e+02
4.405000e+02 1.344000e+02
4.427500e+02 1.347000e+02
4.450000e+02 1.350000e+02
4.467500e+02 1.350000e+02
4.485000e+02 1.350000e+02
4.500000e+02 1.350000e+02
4.515000e+02 1.350000e+02
4.527500e+02 1.353000e+02
4.540000e+02 1.356000e+02
4.547500e+02 1.356000e+02
4.555000e+02 1.356000e+02
4.560000e+02 1.356000e+02
4.565000e+02 1.356000e+02
4.570000e+02 1.359000e+02
4.575000e+02 1.362000e+02
4.575000e+02 1.362000e+02
4.575000e+02 1.362000e+02
4.577500e+02 1.362000e+02
4.580000e+02 1.362000e+02
4.580000e+02 1.365000e+02
4.580000e+02 1.368000e+02
4.582500e+02 1.368000e+02
4.585000e+02 1.368000e+02
4.585000e+02 1.374000e+02
4.585000e+02 1.380000e+02
4.582500e+02 1.389000e+02
4.580000e+02 1.398000e+02
4.577500e+02 1.413000e+02
4.575000e+02 1.428000e+02
4.570000e+02 1.452000e+02
4.565000e+02 1.476000e+02
4.557500e+02 1.500000e+02
4.550000e+02 1.524000e+02
4.542500e+02 1.554000e+02
4.535000e+02 1.584000e+02
4.527500e+02 1.617000e+02
4.520000e+02 1.650000e+02
4.512500e+02 1.686000e+02
4.505000e+02 1.722000e+02
4.495000e+02 1.755000e+02
4.485000e+02 1.788000e+02
4.472500e+02 1.827000e+02
4.460000e+02 1.866000e+02
4.450000e+02 1.902000e+02
4.440000e+02 1.938000e+02
4.430000e+02 1.977000e+02
4.420000e+02 2.016000e+02
4.405000e+02 2.094000e+02
4.390000e+02 2.172000e+02
4.380000e+02 2.280000e+02
4.375000e+02 2.310000e+02
4.365000e+02 2.418000e+02
4.365000e+02 2.484000e+02
4.360000e+02 2.538000e+02
4.360000e+02 2.592000e+02
4.355000e+02 2.652000e+02
4.350000e+02 2.706000e+02
4.350000e+02 2.748000e+02
4.345000e+02 2.796000e+02
4.340000e+02 2.832000e+02
4.335000e+02 2.862000e+02
4.335000e+02 2.880000e+02
4.330000e+02 2.892000e+02
4.330000e+02 2.904000e+02
4.325000e+02 2.916000e+02
4.325000e+02 2.922000e+02
4.325000e+02 2.922000e+02
4.325000e+02 2.928000e+02
4.320000e+02 2.928000e+02
4.320000e+02 2.928000e+02
4.320000e+02 2.928000e+02
4.315000e+02 2.922000e+02
4.315000e+02 2.922000e+02
4.310000e+02 2.922000e+02
4.305000e+02 2.922000e+02
4.295000e+02 2.916000e+02
4.260000e+02 2.916000e+02
4.190000e+02 2.910000e+02
4.070000e+02 2.910000e+02
3.945000e+02 2.910000e+02
3.810000e+02 2.916000e+02
3.690000e+02 2.916000e+02
3.560000e+02 2.928000e+02
3.350000e+02 2.946000e+02
3.205000e+02 2.964000e+02
3.050000e+02 2.982000e+02
2.890000e+02 3.012000e+02
2.735000e+02 3.042000e+02
2.580000e+02 3.072000e+02
2.430000e+02 3.102000e+02
2.285000e+02 3.138000e+02
2.160000e+02 3.174000e+02
2.050000e+02 3.204000e+02
1.960000e+02 3.228000e+02
1.875000e+02 3.252000e+02
1.790000e+02 3.276000e+02
1.725000e+02 3.294000e+02
1.680000e+02 3.306000e+02
1.645000e+02 3.318000e+02
1.620000e+02 3.324000e+02
1.600000e+02 3.324000e+02
1.590000e+02 3.330000e+02
1.580000e+02 3.330000e+02
1.575000e+02 3.324000e+02
1.570000e+02 3.324000e+02
1.565000e+02 3.318000e+02
1.565000e+02 3.312000e+02
1.560000e+02 3.306000e+02
1.560000e+02 3.300000e+02
1.560000e+02 3.288000e+02
1.565000e+02 3.276000e+02
1.570000e+02 3.258000e+02
1.595000e+02 3.192000e+02
1.620000e+02 3.114000e+02
1.635000e+02 3.042000e+02
1.655000e+02 2.928000e+02
1.670000e+02 2.844000e+02
1.685000e+02 2.748000e+02
1.695000e+02 2.664000e+02
1.705000e+02 2.562000e+02
1.715000e+02 2.472000e+02
1.720000e+02 2.376000e+02
1.725000e+02 2.286000e+02
1.730000e+02 2.202000e+02
1.735000e+02 2.094000e+02
1.735000e+02 2.010000e+02
1.735000e+02 1.926000e+02
1.735000e+02 1.860000e+02
1.735000e+02 1.794000e+02
1.735000e+02 1.746000e+02
1.735000e+02 1.704000e+02
1.735000e+02 1.668000e+02
1.735000e+02 1.632000e+02
1.740000e+02 1.608000e+02
1.740000e+02 1.596000e+02
1.745000e+02 1.584000e+02
1.745000e+02 1.578000e+02
1.745000e+02 1.572000e+02
1.745000e+02 1.566000e+02
1.745000e+02 1.566000e+02
1.745000e+02 1.566000e+02
1.750000e+02 1.566000e+02
1.750000e+02 1.572000e+02
1.750000e+02 1.572000e+02
