2.960000e+02 3.894000e+02
2.960000e+02 3.894000e+02
2.960000e+02 3.894000e+02
2.960000e+02 3.894000e+02
2.960000e+02 3.894000e+02
2.960000e+02 3.894000e+02
2.960000e+02 3.894000e+02
2.960000e+02 3.894000e+02
2.960000e+02 3.894000e+02
2.959375e+02 3.894000e+02
2.958750e+02 3.894000e+02
2.958125e+02 3.894000e+02
2.957500e+02 3.894000e+02
2.956875e+02 3.894000e+02
2.956250e+02 3.894000e+02
2.955000e+02 3.894000e+02
2.955000e+02 3.894000e+02
2.955000e+02 3.894000e+02
2.955000e+02 3.894000e+02
2.955000e+02 3.894000e+02
2.953750e+02 3.894000e+02
2.952500e+02 3.894000e+02
2.951250e+02 3.894000e+02
2.950000e+02 3.894000e+02
2.948750e+02 3.892500e+02
2.947500e+02 3.891000e+02
2.946250e+02 3.889500e+02
2.945000e+02 3.888000e+02
2.942500e+02 3.882000e+02
2.940000e+02 3.876000e+02
2.937500e+02 3.870000e+02
2.935000e+02 3.864000e+02
2.931250e+02 3.853500e+02
2.927500e+02 3.843000e+02
2.923750e+02 3.832500e+02
2.920000e+02 3.822000e+02
2.915000e+02 3.807000e+02
2.910000e+02 3.792000e+02
2.905000e+02 3.777000e+02
2.900000e+02 3.762000e+02
2.896250e+02 3.742500e+02
2.892500e+02 3.723000e+02
2.888750e+02 3.703500e+02
2.885000e+02 3.684000e+02
2.881250e+02 3.664500e+02
2.877500e+02 3.645000e+02
2.873750e+02 3.625500e+02
2.870000e+02 3.606000e+02
2.865000e+02 3.583500e+02
2.860000e+02 3.561000e+02
2.855000e+02 3.538500e+02
2.850000e+02 3.516000e+02
2.846250e+02 3.493500e+02
2.842500e+02 3.471000e+02
2.838750e+02 3.448500e+02
2.835000e+02 3.426000e+02
2.830000e+02 3.400500e+02
2.825000e+02 3.375000e+02
2.820000e+02 3.349500e+02
2.815000e+02 3.324000e+02
2.812500e+02 3.300000e+02
2.810000e+02 3.276000e+02
2.807500e+02 3.252000e+02
2.805000e+02 3.228000e+02
2.800000e+02 3.192000e+02
2.795000e+02 3.156000e+02
2.790000e+02 3.120000e+02
2.785000e+02 3.084000e+02
2.782500e+02 3.060000e+02
2.780000e+02 3.036000e+02
2.777500e+02 3.012000e+02
2.775000e+02 2.988000e+02
2.772500e+02 2.959500e+02
2.770000e+02 2.931000e+02
2.767500e+02 2.902500e+02
2.765000e+02 2.874000e+02
2.762500e+02 2.850000e+02
2.760000e+02 2.826000e+02
2.757500e+02 2.802000e+02
2.755000e+02 2.778000e+02
2.753750e+02 2.754000e+02
2.752500e+02 2.730000e+02
2.751250e+02 2.706000e+02
2.750000e+02 2.682000e+02
2.747500e+02 2.658000e+02
2.745000e+02 2.634000e+02
2.742500e+02 2.610000e+02
2.740000e+02 2.586000e+02
2.737500e+02 2.562000e+02
2.735000e+02 2.538000e+02
2.732500e+02 2.514000e+02
2.730000e+02 2.490000e+02
2.727500e+02 2.463000e+02
2.725000e+02 2.436000e+02
2.722500e+02 2.409000e+02
2.720000e+02 2.382000e+02
2.717500e+02 2.358000e+02
2.715000e+02 2.334000e+02
2.712500e+02 2.310000e+02
2.710000e+02 2.286000e+02
2.707500e+02 2.263500e+02
2.705000e+02 2.241000e+02
2.702500e+02 2.218500e+02
2.700000e+02 2.196000e+02
2.697500e+02 2.173500e+02
2.695000e+02 2.151000e+02
2.692500e+02 2.128500e+02
2.690000e+02 2.106000e+02
2.688750e+02 2.085000e+02
2.687500e+02 2.064000e+02
2.686250e+02 2.043000e+02
2.685000e+02 2.022000e+02
2.682500e+02 2.001000e+02
2.680000e+02 1.980000e+02
2.677500e+02 1.959000e+02
2.675000e+02 1.938000e+02
2.673750e+02 1.917000e+02
2.672500e+02 1.896000e+02
2.671250e+02 1.875000e+02
2.670000e+02 1.854000e+02
2.667500e+02 1.825500e+02
2.665000e+02 1.797000e+02
2.662500e+02 1.768500e+02
2.660000e+02 1.740000e+02
2.658750e+02 1.722000e+02
2.657500e+02 1.704000e+02
2.656250e+02 1.686000e+02
2.655000e+02 1.668000e+02
2.653750e+02 1.651500e+02
2.652500e+02 1.635000e+02
2.651250e+02 1.618500e+02
2.650000e+02 1.602000e+02
2.648750e+02 1.582500e+02
2.647500e+02 1.563000e+02
2.646250e+02 1.543500e+02
2.645000e+02 1.524000e+02
2.645000e+02 1.507500e+02
2.645000e+02 1.491000e+02
2.645000e+02 1.474500e+02
2.645000e+02 1.458000e+02
2.643750e+02 1.440000e+02
2.642500e+02 1.422000e+02
2.641250e+02 1.404000e+02
2.640000e+02 1.386000e+02
2.638750e+02 1.371000e+02
2.637500e+02 1.356000e+02
2.636250e+02 1.341000e+02
2.635000e+02 1.326000e+02
2.635000e+02 1.312500e+02
2.635000e+02 1.299000e+02
2.635000e+02 1.285500e+02
2.635000e+02 1.272000e+02
2.633750e+02 1.255500e+02
2.632500e+02 1.239000e+02
2.631250e+02 1.222500e+02
2.630000e+02 1.206000e+02
2.628750e+02 1.192500e+02
2.627500e+02 1.179000e+02
2.626250e+02 1.165500e+02
2.625000e+02 1.152000e+02
2.625000e+02 1.140000e+02
2.625000e+02 1.128000e+02
2.625000e+02 1.116000e+02
2.625000e+02 1.104000e+02
2.623750e+02 1.090500e+02
2.622500e+02 1.077000e+02
2.621250e+02 1.063500e+02
2.620000e+02 1.050000e+02
2.620000e+02 1.039500e+02
2.620000e+02 1.029000e+02
2.620000e+02 1.018500e+02
2.620000e+02 1.008000e+02
2.618750e+02 9.990000e+01
2.617500e+02 9.900000e+01
2.616250e+02 9.810000e+01
2.615000e+02 9.720000e+01
2.615000e+02 9.645000e+01
2.615000e+02 9.570000e+01
2.615000e+02 9.495000e+01
2.615000e+02 9.420000e+01
2.615000e+02 9.330000e+01
2.615000e+02 9.240000e+01
2.615000e+02 9.150000e+01
2.615000e+02 9.060000e+01
2.613750e+02 8.985000e+01
2.612500e+02 8.910000e+01
2.611250e+02 8.835000e+01
2.610000e+02 8.760000e+01
2.610000e+02 8.670000e+01
2.610000e+02 8.580000e+01
2.610000e+02 8.490000e+01
2.610000e+02 8.400000e+01
2.610000e+02 8.250000e+01
2.610000e+02 8.100000e+01
2.610000e+02 7.950000e+01
2.610000e+02 7.800000e+01
2.610000e+02 7.800000e+01
2.610000e+02 7.800000e+01
2.610000e+02 7.800000e+01
2.610000e+02 7.800000e+01
2.960000e+02 3.894000e+02
2.960000e+02 3.894000e+02
2.960000e+02 3.894000e+02
2.960000e+02 3.894000e+02
2.960000e+02 3.894000e+02
2.960000e+02 3.894000e+02
2.960000e+02 3.894000e+02
2.960000e+02 3.894000e+02
2.960000e+02 3.894000e+02
2.959375e+02 3.894000e+02
2.958750e+02 3.894000e+02
2.958125e+02 3.894000e+02
2.957500e+02 3.894000e+02
2.956875e+02 3.894000e+02
2.956250e+02 3.894000e+02
2.955000e+02 3.894000e+02
2.955000e+02 3.894000e+02
2.955000e+02 3.894000e+02
2.955000e+02 3.894000e+02
2.955000e+02 3.894000e+02
2.953750e+02 3.894000e+02
2.952500e+02 3.894000e+02
2.951250e+02 3.894000e+02
2.950000e+02 3.894000e+02
2.948750e+02 3.892500e+02
2.947500e+02 3.891000e+02
2.946250e+02 3.889500e+02
2.945000e+02 3.888000e+02
2.942500e+02 3.882000e+02
2.940000e+02 3.876000e+02
2.937500e+02 3.870000e+02
2.935000e+02 3.864000e+02
2.931250e+02 3.853500e+02
2.927500e+02 3.843000e+02
2.923750e+02 3.832500e+02
2.920000e+02 3.822000e+02
2.915000e+02 3.807000e+02
2.910000e+02 3.792000e+02
2.905000e+02 3.777000e+02
2.900000e+02 3.762000e+02
2.896250e+02 3.742500e+02
2.892500e+02 3.723000e+02
2.888750e+02 3.703500e+02
2.885000e+02 3.684000e+02
2.881250e+02 3.664500e+02
2.877500e+02 3.645000e+02
2.873750e+02 3.625500e+02
2.870000e+02 3.606000e+02
2.865000e+02 3.583500e+02
2.860000e+02 3.561000e+02
2.855000e+02 3.538500e+02
2.850000e+02 3.516000e+02
2.846250e+02 3.493500e+02
2.842500e+02 3.471000e+02
2.838750e+02 3.448500e+02
2.835000e+02 3.426000e+02
2.830000e+02 3.400500e+02
2.825000e+02 3.375000e+02
2.820000e+02 3.349500e+02
2.815000e+02 3.324000e+02
2.812500e+02 3.300000e+02
2.810000e+02 3.276000e+02
2.807500e+02 3.252000e+02
2.805000e+02 3.228000e+02
2.800000e+02 3.192000e+02
2.795000e+02 3.156000e+02
2.790000e+02 3.120000e+02
2.785000e+02 3.084000e+02
2.782500e+02 3.060000e+02
2.780000e+02 3.036000e+02
2.777500e+02 3.012000e+02
2.775000e+02 2.988000e+02
2.772500e+02 2.959500e+02
2.770000e+02 2.931000e+02
2.767500e+02 2.902500e+02
2.765000e+02 2.874000e+02
2.762500e+02 2.850000e+02
2.760000e+02 2.826000e+02
2.757500e+02 2.802000e+02
2.755000e+02 2.778000e+02
2.753750e+02 2.754000e+02
2.752500e+02 2.730000e+02
2.751250e+02 2.706000e+02
2.750000e+02 2.682000e+02
2.747500e+02 2.658000e+02
2.745000e+02 2.634000e+02
2.742500e+02 2.610000e+02
2.740000e+02 2.586000e+02
2.737500e+02 2.562000e+02
2.735000e+02 2.538000e+02
2.732500e+02 2.514000e+02
2.730000e+02 2.490000e+02
2.727500e+02 2.463000e+02
2.725000e+02 2.436000e+02
2.722500e+02 2.409000e+02
2.720000e+02 2.382000e+02
2.717500e+02 2.358000e+02
2.715000e+02 2.334000e+02
2.712500e+02 2.310000e+02
2.710000e+02 2.286000e+02
2.707500e+02 2.263500e+02
2.705000e+02 2.241000e+02
2.702500e+02 2.218500e+02
2.700000e+02 2.196000e+02
2.697500e+02 2.173500e+02
2.695000e+02 2.151000e+02
2.692500e+02 2.128500e+02
2.690000e+02 2.106000e+02
2.688750e+02 2.085000e+02
2.687500e+02 2.064000e+02
2.686250e+02 2.043000e+02
2.685000e+02 2.022000e+02
2.682500e+02 2.001000e+02
2.680000e+02 1.980000e+02
2.677500e+02 1.959000e+02
2.675000e+02 1.938000e+02
2.673750e+02 1.917000e+02
2.672500e+02 1.896000e+02
2.671250e+02 1.875000e+02
2.670000e+02 1.854000e+02
2.667500e+02 1.825500e+02
2.665000e+02 1.797000e+02
2.662500e+02 1.768500e+02
2.660000e+02 1.740000e+02
2.658750e+02 1.722000e+02
2.657500e+02 1.704000e+02
2.656250e+02 1.686000e+02
2.655000e+02 1.668000e+02
2.653750e+02 1.651500e+02
2.652500e+02 1.635000e+02
2.651250e+02 1.618500e+02
2.650000e+02 1.602000e+02
2.648750e+02 1.582500e+02
2.647500e+02 1.563000e+02
2.646250e+02 1.543500e+02
2.645000e+02 1.524000e+02
2.645000e+02 1.507500e+02
2.645000e+02 1.491000e+02
2.645000e+02 1.474500e+02
2.645000e+02 1.458000e+02
2.643750e+02 1.440000e+02
2.642500e+02 1.422000e+02
2.641250e+02 1.404000e+02
2.640000e+02 1.386000e+02
2.638750e+02 1.371000e+02
2.637500e+02 1.356000e+02
2.636250e+02 1.341000e+02
2.635000e+02 1.326000e+02
2.635000e+02 1.312500e+02
2.635000e+02 1.299000e+02
2.635000e+02 1.285500e+02
2.635000e+02 1.272000e+02
2.633750e+02 1.255500e+02
2.632500e+02 1.239000e+02
2.631250e+02 1.222500e+02
2.630000e+02 1.206000e+02
2.628750e+02 1.192500e+02
2.627500e+02 1.179000e+02
2.626250e+02 1.165500e+02
2.625000e+02 1.152000e+02
2.625000e+02 1.140000e+02
2.625000e+02 1.128000e+02
2.625000e+02 1.116000e+02
2.625000e+02 1.104000e+02
2.623750e+02 1.090500e+02
2.622500e+02 1.077000e+02
2.621250e+02 1.063500e+02
2.620000e+02 1.050000e+02
2.620000e+02 1.039500e+02
2.620000e+02 1.029000e+02
2.620000e+02 1.018500e+02
2.620000e+02 1.008000e+02
2.618750e+02 9.990000e+01
2.617500e+02 9.900000e+01
2.616250e+02 9.810000e+01
2.615000e+02 9.720000e+01
2.615000e+02 9.645000e+01
2.615000e+02 9.570000e+01
2.615000e+02 9.495000e+01
2.615000e+02 9.420000e+01
2.615000e+02 9.330000e+01
2.615000e+02 9.240000e+01
2.615000e+02 9.150000e+01
2.615000e+02 9.060000e+01
2.613750e+02 8.985000e+01
2.612500e+02 8.910000e+01
2.611250e+02 8.835000e+01
2.610000e+02 8.760000e+01
2.610000e+02 8.670000e+01
2.610000e+02 8.580000e+01
2.610000e+02 8.490000e+01
2.610000e+02 8.400000e+01
2.610000e+02 8.250000e+01
2.610000e+02 8.100000e+01
2.610000e+02 7.950000e+01
2.610000e+02 7.800000e+01
2.610000e+02 7.800000e+01
2.610000e+02 7.800000e+01
2.610000e+02 7.800000e+01
2.610000e+02 7.800000e+01
2.960000e+02 3.894000e+02
2.960000e+02 3.894000e+02
2.960000e+02 3.894000e+02
2.960000e+02 3.894000e+02
2.960000e+02 3.894000e+02
2.960000e+02 3.894000e+02
2.960000e+02 3.894000e+02
2.960000e+02 3.894000e+02
2.960000e+02 3.894000e+02
2.959375e+02 3.894000e+02
2.958750e+02 3.894000e+02
2.958125e+02 3.894000e+02
2.957500e+02 3.894000e+02
2.956875e+02 3.894000e+02
2.956250e+02 3.894000e+02
2.955000e+02 3.894000e+02
2.955000e+02 3.894000e+02
2.955000e+02 3.894000e+02
2.955000e+02 3.894000e+02
2.955000e+02 3.894000e+02
2.953750e+02 3.894000e+02
2.952500e+02 3.894000e+02
2.951250e+02 3.894000e+02
2.950000e+02 3.894000e+02
2.948750e+02 3.892500e+02
2.947500e+02 3.891000e+02
2.946250e+02 3.889500e+02
2.945000e+02 3.888000e+02
2.942500e+02 3.882000e+02
2.940000e+02 3.876000e+02
2.937500e+02 3.870000e+02
2.935000e+02 3.864000e+02
2.931250e+02 3.853500e+02
2.927500e+02 3.843000e+02
2.923750e+02 3.832500e+02
2.920000e+02 3.822000e+02
2.915000e+02 3.807000e+02
2.910000e+02 3.792000e+02
2.905000e+02 3.777000e+02
2.900000e+02 3.762000e+02
2.896250e+02 3.742500e+02
2.892500e+02 3.723000e+02
2.888750e+02 3.703500e+02
2.885000e+02 3.684000e+02
2.881250e+02 3.664500e+02
2.877500e+02 3.645000e+02
2.873750e+02 3.625500e+02
2.870000e+02 3.606000e+02
2.865000e+02 3.583500e+02
2.860000e+02 3.561000e+02
2.855000e+02 3.538500e+02
2.850000e+02 3.516000e+02
2.846250e+02 3.493500e+02
2.842500e+02 3.471000e+02
2.838750e+02 3.448500e+02
2.835000e+02 3.426000e+02
2.830000e+02 3.400500e+02
2.825000e+02 3.375000e+02
2.820000e+02 3.349500e+02
2.815000e+02 3.324000e+02
2.812500e+02 3.300000e+02
2.810000e+02 3.276000e+02
2.807500e+02 3.252000e+02
2.805000e+02 3.228000e+02
2.800000e+02 3.192000e+02
2.795000e+02 3.156000e+02
2.790000e+02 3.120000e+02
2.785000e+02 3.084000e+02
2.782500e+02 3.060000e+02
2.780000e+02 3.036000e+02
2.777500e+02 3.012000e+02
2.775000e+02 2.988000e+02
2.772500e+02 2.959500e+02
2.770000e+02 2.931000e+02
2.767500e+02 2.902500e+02
2.765000e+02 2.874000e+02
2.762500e+02 2.850000e+02
2.760000e+02 2.826000e+02
2.757500e+02 2.802000e+02
2.755000e+02 2.778000e+02
2.753750e+02 2.754000e+02
2.752500e+02 2.730000e+02
2.751250e+02 2.706000e+02
2.750000e+02 2.682000e+02
2.747500e+02 2.658000e+02
2.745000e+02 2.634000e+02
2.742500e+02 2.610000e+02
2.740000e+02 2.586000e+02
2.737500e+02 2.562000e+02
2.735000e+02 2.538000e+02
2.732500e+02 2.514000e+02
2.730000e+02 2.490000e+02
2.727500e+02 2.463000e+02
2.725000e+02 2.436000e+02
2.722500e+02 2.409000e+02
2.720000e+02 2.382000e+02
2.717500e+02 2.358000e+02
2.715000e+02 2.334000e+02
2.712500e+02 2.310000e+02
2.710000e+02 2.286000e+02
2.707500e+02 2.263500e+02
2.705000e+02 2.241000e+02
2.702500e+02 2.218500e+02
2.700000e+02 2.196000e+02
2.697500e+02 2.173500e+02
2.695000e+02 2.151000e+02
2.692500e+02 2.128500e+02
2.690000e+02 2.106000e+02
2.688750e+02 2.085000e+02
2.687500e+02 2.064000e+02
2.686250e+02 2.043000e+02
2.685000e+02 2.022000e+02
2.682500e+02 2.001000e+02
2.680000e+02 1.980000e+02
2.677500e+02 1.959000e+02
2.675000e+02 1.938000e+02
2.673750e+02 1.917000e+02
2.672500e+02 1.896000e+02
2.671250e+02 1.875000e+02
2.670000e+02 1.854000e+02
2.667500e+02 1.825500e+02
2.665000e+02 1.797000e+02
2.662500e+02 1.768500e+02
2.660000e+02 1.740000e+02
2.658750e+02 1.722000e+02
2.657500e+02 1.704000e+02
2.656250e+02 1.686000e+02
2.655000e+02 1.668000e+02
2.653750e+02 1.651500e+02
2.652500e+02 1.635000e+02
2.651250e+02 1.618500e+02
2.650000e+02 1.602000e+02
2.648750e+02 1.582500e+02
2.647500e+02 1.563000e+02
2.646250e+02 1.543500e+02
2.645000e+02 1.524000e+02
2.645000e+02 1.507500e+02
2.645000e+02 1.491000e+02
2.645000e+02 1.474500e+02
2.645000e+02 1.458000e+02
2.643750e+02 1.440000e+02
2.642500e+02 1.422000e+02
2.641250e+02 1.404000e+02
2.640000e+02 1.386000e+02
2.638750e+02 1.371000e+02
2.637500e+02 1.356000e+02
2.636250e+02 1.341000e+02
2.635000e+02 1.326000e+02
2.635000e+02 1.312500e+02
2.635000e+02 1.299000e+02
2.635000e+02 1.285500e+02
2.635000e+02 1.272000e+02
2.633750e+02 1.255500e+02
2.632500e+02 1.239000e+02
2.631250e+02 1.222500e+02
2.630000e+02 1.206000e+02
2.628750e+02 1.192500e+02
2.627500e+02 1.179000e+02
2.626250e+02 1.165500e+02
2.625000e+02 1.152000e+02
2.625000e+02 1.140000e+02
2.625000e+02 1.128000e+02
2.625000e+02 1.116000e+02
2.625000e+02 1.104000e+02
2.623750e+02 1.090500e+02
2.622500e+02 1.077000e+02
2.621250e+02 1.063500e+02
2.620000e+02 1.050000e+02
2.620000e+02 1.039500e+02
2.620000e+02 1.029000e+02
2.620000e+02 1.018500e+02
2.620000e+02 1.008000e+02
2.618750e+02 9.990000e+01
2.617500e+02 9.900000e+01
2.616250e+02 9.810000e+01
2.615000e+02 9.720000e+01
2.615000e+02 9.645000e+01
2.615000e+02 9.570000e+01
2.615000e+02 9.495000e+01
2.615000e+02 9.420000e+01
2.615000e+02 9.330000e+01
2.615000e+02 9.240000e+01
2.615000e+02 9.150000e+01
2.615000e+02 9.060000e+01
2.613750e+02 8.985000e+01
2.612500e+02 8.910000e+01
2.611250e+02 8.835000e+01
2.610000e+02 8.760000e+01
2.610000e+02 8.670000e+01
2.610000e+02 8.580000e+01
2.610000e+02 8.490000e+01
2.610000e+02 8.400000e+01
2.610000e+02 8.250000e+01
2.610000e+02 8.100000e+01
2.610000e+02 7.950000e+01
2.610000e+02 7.800000e+01
2.610000e+02 7.800000e+01
2.610000e+02 7.800000e+01
2.610000e+02 7.800000e+01
2.610000e+02 7.800000e+01
