1.085000e+02 2.166000e+02
1.085000e+02 2.166000e+02
1.085000e+02 2.166000e+02
1.085000e+02 2.166000e+02
1.085000e+02 2.166000e+02
1.083750e+02 2.166000e+02
1.082500e+02 2.166000e+02
1.081250e+02 2.166000e+02
1.080000e+02 2.166000e+02
1.080000e+02 2.166000e+02
1.080000e+02 2.166000e+02
1.080000e+02 2.166000e+02
1.080000e+02 2.166000e+02
1.080000e+02 2.166000e+02
1.080000e+02 2.166000e+02
1.080000e+02 2.166000e+02
1.080000e+02 2.166000e+02
1.081250e+02 2.166000e+02
1.082500e+02 2.166000e+02
1.083750e+02 2.166000e+02
1.085000e+02 2.166000e+02
1.086250e+02 2.167500e+02
1.087500e+02 2.169000e+02
1.088750e+02 2.170500e+02
1.090000e+02 2.172000e+02
1.093750e+02 2.172000e+02
1.097500e+02 2.172000e+02
1.105000e+02 2.172000e+02
1.115000e+02 2.175000e+02
1.125000e+02 2.178000e+02
1.135000e+02 2.178000e+02
1.145000e+02 2.178000e+02
1.160000e+02 2.178000e+02
1.175000e+02 2.178000e+02
1.190000e+02 2.175000e+02
1.205000e+02 2.172000e+02
1.222500e+02 2.169000e+02
1.240000e+02 2.166000e+02
1.250000e+02 2.163000e+02
1.260000e+02 2.160000e+02
1.280000e+02 2.157000e+02
1.300000e+02 2.154000e+02
1.320000e+02 2.151000e+02
1.340000e+02 2.148000e+02
1.375000e+02 2.142000e+02
1.410000e+02 2.136000e+02
1.432500e+02 2.133000e+02
1.455000e+02 2.130000e+02
1.495000e+02 2.124000e+02
1.535000e+02 2.118000e+02
1.560000e+02 2.115000e+02
1.585000e+02 2.112000e+02
1.597500e+02 2.112000e+02
1.610000e+02 2.112000e+02
1.637500e+02 2.106000e+02
1.665000e+02 2.100000e+02
1.690000e+02 2.097000e+02
1.715000e+02 2.094000e+02
1.742500e+02 2.091000e+02
1.770000e+02 2.088000e+02
1.797500e+02 2.082000e+02
1.825000e+02 2.076000e+02
1.847500e+02 2.070000e+02
1.870000e+02 2.064000e+02
1.900000e+02 2.058000e+02
1.930000e+02 2.052000e+02
1.955000e+02 2.046000e+02
1.980000e+02 2.040000e+02
2.007500e+02 2.031000e+02
2.035000e+02 2.022000e+02
2.062500e+02 2.016000e+02
2.090000e+02 2.010000e+02
2.120000e+02 2.004000e+02
2.150000e+02 1.998000e+02
2.177500e+02 1.992000e+02
2.205000e+02 1.986000e+02
2.217500e+02 1.983000e+02
2.230000e+02 1.980000e+02
2.262500e+02 1.977000e+02
2.295000e+02 1.974000e+02
2.342500e+02 1.968000e+02
2.390000e+02 1.962000e+02
2.425000e+02 1.962000e+02
2.460000e+02 1.962000e+02
2.495000e+02 1.959000e+02
2.530000e+02 1.956000e+02
2.565000e+02 1.956000e+02
2.600000e+02 1.956000e+02
2.642500e+02 1.959000e+02
2.685000e+02 1.962000e+02
2.715000e+02 1.962000e+02
2.745000e+02 1.962000e+02
2.782500e+02 1.962000e+02
2.820000e+02 1.962000e+02
2.855000e+02 1.965000e+02
2.890000e+02 1.968000e+02
2.922500e+02 1.968000e+02
2.955000e+02 1.968000e+02
2.990000e+02 1.971000e+02
3.025000e+02 1.974000e+02
3.067500e+02 1.974000e+02
3.110000e+02 1.974000e+02
3.155000e+02 1.974000e+02
3.200000e+02 1.974000e+02
3.242500e+02 1.971000e+02
3.285000e+02 1.968000e+02
3.297500e+02 1.965000e+02
3.310000e+02 1.962000e+02
3.335000e+02 1.959000e+02
3.360000e+02 1.956000e+02
3.402500e+02 1.953000e+02
3.445000e+02 1.950000e+02
3.457500e+02 1.947000e+02
3.470000e+02 1.944000e+02
3.512500e+02 1.932000e+02
3.555000e+02 1.920000e+02
3.580000e+02 1.911000e+02
3.605000e+02 1.902000e+02
3.632500e+02 1.893000e+02
3.660000e+02 1.884000e+02
3.687500e+02 1.878000e+02
3.715000e+02 1.872000e+02
3.742500e+02 1.866000e+02
3.770000e+02 1.860000e+02
3.795000e+02 1.854000e+02
3.820000e+02 1.848000e+02
3.847500e+02 1.842000e+02
3.875000e+02 1.836000e+02
3.902500e+02 1.830000e+02
3.930000e+02 1.824000e+02
3.967500e+02 1.821000e+02
4.005000e+02 1.818000e+02
4.020000e+02 1.818000e+02
4.035000e+02 1.818000e+02
4.075000e+02 1.818000e+02
4.115000e+02 1.818000e+02
4.155000e+02 1.818000e+02
4.195000e+02 1.818000e+02
4.220000e+02 1.821000e+02
4.245000e+02 1.824000e+02
4.272500e+02 1.827000e+02
4.300000e+02 1.830000e+02
4.325000e+02 1.833000e+02
4.350000e+02 1.836000e+02
4.377500e+02 1.839000e+02
4.405000e+02 1.842000e+02
4.430000e+02 1.845000e+02
4.455000e+02 1.848000e+02
4.477500e+02 1.851000e+02
4.500000e+02 1.854000e+02
4.527500e+02 1.857000e+02
4.555000e+02 1.860000e+02
4.577500e+02 1.860000e+02
4.600000e+02 1.860000e+02
4.647500e+02 1.860000e+02
4.695000e+02 1.860000e+02
4.717500e+02 1.857000e+02
4.740000e+02 1.854000e+02
4.765000e+02 1.851000e+02
4.790000e+02 1.848000e+02
4.810000e+02 1.845000e+02
4.830000e+02 1.842000e+02
4.850000e+02 1.836000e+02
4.870000e+02 1.830000e+02
4.882500e+02 1.830000e+02
4.895000e+02 1.830000e+02
4.915000e+02 1.824000e+02
4.935000e+02 1.818000e+02
4.962500e+02 1.815000e+02
4.990000e+02 1.812000e+02
4.997500e+02 1.809000e+02
5.005000e+02 1.806000e+02
5.027500e+02 1.803000e+02
5.050000e+02 1.800000e+02
5.067500e+02 1.797000e+02
5.085000e+02 1.794000e+02
5.097500e+02 1.791000e+02
5.110000e+02 1.788000e+02
5.127500e+02 1.788000e+02
5.145000e+02 1.788000e+02
5.162500e+02 1.788000e+02
5.180000e+02 1.788000e+02
5.197500e+02 1.788000e+02
5.215000e+02 1.788000e+02
5.227500e+02 1.791000e+02
5.240000e+02 1.794000e+02
5.260000e+02 1.794000e+02
5.280000e+02 1.794000e+02
5.292500e+02 1.797000e+02
5.305000e+02 1.800000e+02
5.317500e+02 1.800000e+02
5.330000e+02 1.800000e+02
5.337500e+02 1.806000e+02
5.345000e+02 1.812000e+02
5.355000e+02 1.818000e+02
5.365000e+02 1.824000e+02
5.377500e+02 1.836000e+02
5.390000e+02 1.848000e+02
5.390000e+02 1.848000e+02
5.390000e+02 1.848000e+02
1.085000e+02 2.166000e+02
1.085000e+02 2.166000e+02
1.085000e+02 2.166000e+02
1.085000e+02 2.166000e+02
1.085000e+02 2.166000e+02
1.083750e+02 2.166000e+02
1.082500e+02 2.166000e+02
1.081250e+02 2.166000e+02
1.080000e+02 2.166000e+02
1.080000e+02 2.166000e+02
1.080000e+02 2.166000e+02
1.080000e+02 2.166000e+02
1.080000e+02 2.166000e+02
1.080000e+02 2.166000e+02
1.080000e+02 2.166000e+02
1.080000e+02 2.166000e+02
1.080000e+02 2.166000e+02
1.081250e+02 2.166000e+02
1.082500e+02 2.166000e+02
1.083750e+02 2.166000e+02
1.085000e+02 2.166000e+02
1.086250e+02 2.167500e+02
1.087500e+02 2.169000e+02
1.088750e+02 2.170500e+02
1.090000e+02 2.172000e+02
1.093750e+02 2.172000e+02
1.097500e+02 2.172000e+02
1.105000e+02 2.172000e+02
1.115000e+02 2.175000e+02
1.125000e+02 2.178000e+02
1.135000e+02 2.178000e+02
1.145000e+02 2.178000e+02
1.160000e+02 2.178000e+02
1.175000e+02 2.178000e+02
1.190000e+02 2.175000e+02
1.205000e+02 2.172000e+02
1.222500e+02 2.169000e+02
1.240000e+02 2.166000e+02
1.250000e+02 2.163000e+02
1.260000e+02 2.160000e+02
1.280000e+02 2.157000e+02
1.300000e+02 2.154000e+02
1.320000e+02 2.151000e+02
1.340000e+02 2.148000e+02
1.375000e+02 2.142000e+02
1.410000e+02 2.136000e+02
1.432500e+02 2.133000e+02
1.455000e+02 2.130000e+02
1.495000e+02 2.124000e+02
1.535000e+02 2.118000e+02
1.560000e+02 2.115000e+02
1.585000e+02 2.112000e+02
1.597500e+02 2.112000e+02
1.610000e+02 2.112000e+02
1.637500e+02 2.106000e+02
1.665000e+02 2.100000e+02
1.690000e+02 2.097000e+02
1.715000e+02 2.094000e+02
1.742500e+02 2.091000e+02
1.770000e+02 2.088000e+02
1.797500e+02 2.082000e+02
1.825000e+02 2.076000e+02
1.847500e+02 2.070000e+02
1.870000e+02 2.064000e+02
1.900000e+02 2.058000e+02
1.930000e+02 2.052000e+02
1.955000e+02 2.046000e+02
1.980000e+02 2.040000e+02
2.007500e+02 2.031000e+02
2.035000e+02 2.022000e+02
2.062500e+02 2.016000e+02
2.090000e+02 2.010000e+02
2.120000e+02 2.004000e+02
2.150000e+02 1.998000e+02
2.177500e+02 1.992000e+02
2.205000e+02 1.986000e+02
2.217500e+02 1.983000e+02
2.230000e+02 1.980000e+02
2.262500e+02 1.977000e+02
2.295000e+02 1.974000e+02
2.342500e+02 1.968000e+02
2.390000e+02 1.962000e+02
2.425000e+02 1.962000e+02
2.460000e+02 1.962000e+02
2.495000e+02 1.959000e+02
2.530000e+02 1.956000e+02
2.565000e+02 1.956000e+02
2.600000e+02 1.956000e+02
2.642500e+02 1.959000e+02
2.685000e+02 1.962000e+02
2.715000e+02 1.962000e+02
2.745000e+02 1.962000e+02
2.782500e+02 1.962000e+02
2.820000e+02 1.962000e+02
2.855000e+02 1.965000e+02
2.890000e+02 1.968000e+02
2.922500e+02 1.968000e+02
2.955000e+02 1.968000e+02
2.990000e+02 1.971000e+02
3.025000e+02 1.974000e+02
3.067500e+02 1.974000e+02
3.110000e+02 1.974000e+02
3.155000e+02 1.974000e+02
3.200000e+02 1.974000e+02
3.242500e+02 1.971000e+02
3.285000e+02 1.968000e+02
3.297500e+02 1.965000e+02
3.310000e+02 1.962000e+02
3.335000e+02 1.959000e+02
3.360000e+02 1.956000e+02
3.402500e+02 1.953000e+02
3.445000e+02 1.950000e+02
3.457500e+02 1.947000e+02
3.470000e+02 1.944000e+02
3.512500e+02 1.932000e+02
3.555000e+02 1.920000e+02
3.580000e+02 1.911000e+02
3.605000e+02 1.902000e+02
3.632500e+02 1.893000e+02
3.660000e+02 1.884000e+02
3.687500e+02 1.878000e+02
3.715000e+02 1.872000e+02
3.742500e+02 1.866000e+02
3.770000e+02 1.860000e+02
3.795000e+02 1.854000e+02
3.820000e+02 1.848000e+02
3.847500e+02 1.842000e+02
3.875000e+02 1.836000e+02
3.902500e+02 1.830000e+02
3.930000e+02 1.824000e+02
3.967500e+02 1.821000e+02
4.005000e+02 1.818000e+02
4.020000e+02 1.818000e+02
4.035000e+02 1.818000e+02
4.075000e+02 1.818000e+02
4.115000e+02 1.818000e+02
4.155000e+02 1.818000e+02
4.195000e+02 1.818000e+02
4.220000e+02 1.821000e+02
4.245000e+02 1.824000e+02
4.272500e+02 1.827000e+02
4.300000e+02 1.830000e+02
4.325000e+02 1.833000e+02
4.350000e+02 1.836000e+02
4.377500e+02 1.839000e+02
4.405000e+02 1.842000e+02
4.430000e+02 1.845000e+02
4.455000e+02 1.848000e+02
4.477500e+02 1.851000e+02
4.500000e+02 1.854000e+02
4.527500e+02 1.857000e+02
4.555000e+02 1.860000e+02
4.577500e+02 1.860000e+02
4.600000e+02 1.860000e+02
4.647500e+02 1.860000e+02
4.695000e+02 1.860000e+02
4.717500e+02 1.857000e+02
4.740000e+02 1.854000e+02
4.765000e+02 1.851000e+02
4.790000e+02 1.848000e+02
4.810000e+02 1.845000e+02
4.830000e+02 1.842000e+02
4.850000e+02 1.836000e+02
4.870000e+02 1.830000e+02
4.882500e+02 1.830000e+02
4.895000e+02 1.830000e+02
4.915000e+02 1.824000e+02
4.935000e+02 1.818000e+02
4.962500e+02 1.815000e+02
4.990000e+02 1.812000e+02
4.997500e+02 1.809000e+02
5.005000e+02 1.806000e+02
5.027500e+02 1.803000e+02
5.050000e+02 1.800000e+02
5.067500e+02 1.797000e+02
5.085000e+02 1.794000e+02
5.097500e+02 1.791000e+02
5.110000e+02 1.788000e+02
5.127500e+02 1.788000e+02
5.145000e+02 1.788000e+02
5.162500e+02 1.788000e+02
5.180000e+02 1.788000e+02
5.197500e+02 1.788000e+02
5.215000e+02 1.788000e+02
5.227500e+02 1.791000e+02
5.240000e+02 1.794000e+02
5.260000e+02 1.794000e+02
5.280000e+02 1.794000e+02
5.292500e+02 1.797000e+02
5.305000e+02 1.800000e+02
5.317500e+02 1.800000e+02
5.330000e+02 1.800000e+02
5.337500e+02 1.806000e+02
5.345000e+02 1.812000e+02
5.355000e+02 1.818000e+02
5.365000e+02 1.824000e+02
5.377500e+02 1.836000e+02
5.390000e+02 1.848000e+02
5.390000e+02 1.848000e+02
5.390000e+02 1.848000e+02
1.085000e+02 2.166000e+02
1.085000e+02 2.166000e+02
1.085000e+02 2.166000e+02
1.085000e+02 2.166000e+02
1.085000e+02 2.166000e+02
1.083750e+02 2.166000e+02
1.082500e+02 2.166000e+02
1.081250e+02 2.166000e+02
1.080000e+02 2.166000e+02
1.080000e+02 2.166000e+02
1.080000e+02 2.166000e+02
1.080000e+02 2.166000e+02
1.080000e+02 2.166000e+02
1.080000e+02 2.166000e+02
1.080000e+02 2.166000e+02
1.080000e+02 2.166000e+02
1.080000e+02 2.166000e+02
1.081250e+02 2.166000e+02
1.082500e+02 2.166000e+02
1.083750e+02 2.166000e+02
1.085000e+02 2.166000e+02
1.086250e+02 2.167500e+02
1.087500e+02 2.169000e+02
1.088750e+02 2.170500e+02
1.090000e+02 2.172000e+02
1.093750e+02 2.172000e+02
1.097500e+02 2.172000e+02
1.105000e+02 2.172000e+02
1.115000e+02 2.175000e+02
1.125000e+02 2.178000e+02
1.135000e+02 2.178000e+02
1.145000e+02 2.178000e+02
1.160000e+02 2.178000e+02
1.175000e+02 2.178000e+02
1.190000e+02 2.175000e+02
1.205000e+02 2.172000e+02
1.222500e+02 2.169000e+02
1.240000e+02 2.166000e+02
1.250000e+02 2.163000e+02
1.260000e+02 2.160000e+02
1.280000e+02 2.157000e+02
1.300000e+02 2.154000e+02
1.320000e+02 2.151000e+02
1.340000e+02 2.148000e+02
1.375000e+02 2.142000e+02
1.410000e+02 2.136000e+02
1.432500e+02 2.133000e+02
1.455000e+02 2.130000e+02
1.495000e+02 2.124000e+02
1.535000e+02 2.118000e+02
1.560000e+02 2.115000e+02
1.585000e+02 2.112000e+02
1.597500e+02 2.112000e+02
1.610000e+02 2.112000e+02
1.637500e+02 2.106000e+02
1.665000e+02 2.100000e+02
1.690000e+02 2.097000e+02
1.715000e+02 2.094000e+02
1.742500e+02 2.091000e+02
1.770000e+02 2.088000e+02
1.797500e+02 2.082000e+02
1.825000e+02 2.076000e+02
1.847500e+02 2.070000e+02
1.870000e+02 2.064000e+02
1.900000e+02 2.058000e+02
1.930000e+02 2.052000e+02
1.955000e+02 2.046000e+02
1.980000e+02 2.040000e+02
2.007500e+02 2.031000e+02
2.035000e+02 2.022000e+02
2.062500e+02 2.016000e+02
2.090000e+02 2.010000e+02
2.120000e+02 2.004000e+02
2.150000e+02 1.998000e+02
2.177500e+02 1.992000e+02
2.205000e+02 1.986000e+02
2.217500e+02 1.983000e+02
2.230000e+02 1.980000e+02
2.262500e+02 1.977000e+02
2.295000e+02 1.974000e+02
2.342500e+02 1.968000e+02
2.390000e+02 1.962000e+02
2.425000e+02 1.962000e+02
2.460000e+02 1.962000e+02
2.495000e+02 1.959000e+02
2.530000e+02 1.956000e+02
2.565000e+02 1.956000e+02
2.600000e+02 1.956000e+02
2.642500e+02 1.959000e+02
2.685000e+02 1.962000e+02
2.715000e+02 1.962000e+02
2.745000e+02 1.962000e+02
2.782500e+02 1.962000e+02
2.820000e+02 1.962000e+02
2.855000e+02 1.965000e+02
2.890000e+02 1.968000e+02
2.922500e+02 1.968000e+02
2.955000e+02 1.968000e+02
2.990000e+02 1.971000e+02
3.025000e+02 1.974000e+02
3.067500e+02 1.974000e+02
3.110000e+02 1.974000e+02
3.155000e+02 1.974000e+02
3.200000e+02 1.974000e+02
3.242500e+02 1.971000e+02
3.285000e+02 1.968000e+02
3.297500e+02 1.965000e+02
3.310000e+02 1.962000e+02
3.335000e+02 1.959000e+02
3.360000e+02 1.956000e+02
3.402500e+02 1.953000e+02
3.445000e+02 1.950000e+02
3.457500e+02 1.947000e+02
3.470000e+02 1.944000e+02
3.512500e+02 1.932000e+02
3.555000e+02 1.920000e+02
3.580000e+02 1.911000e+02
3.605000e+02 1.902000e+02
3.632500e+02 1.893000e+02
3.660000e+02 1.884000e+02
3.687500e+02 1.878000e+02
3.715000e+02 1.872000e+02
3.742500e+02 1.866000e+02
3.770000e+02 1.860000e+02
3.795000e+02 1.854000e+02
3.820000e+02 1.848000e+02
3.847500e+02 1.842000e+02
3.875000e+02 1.836000e+02
3.902500e+02 1.830000e+02
3.930000e+02 1.824000e+02
3.967500e+02 1.821000e+02
4.005000e+02 1.818000e+02
4.020000e+02 1.818000e+02
4.035000e+02 1.818000e+02
4.075000e+02 1.818000e+02
4.115000e+02 1.818000e+02
4.155000e+02 1.818000e+02
4.195000e+02 1.818000e+02
4.220000e+02 1.821000e+02
4.245000e+02 1.824000e+02
4.272500e+02 1.827000e+02
4.300000e+02 1.830000e+02
4.325000e+02 1.833000e+02
4.350000e+02 1.836000e+02
4.377500e+02 1.839000e+02
4.405000e+02 1.842000e+02
4.430000e+02 1.845000e+02
4.455000e+02 1.848000e+02
4.477500e+02 1.851000e+02
4.500000e+02 1.854000e+02
4.527500e+02 1.857000e+02
4.555000e+02 1.860000e+02
4.577500e+02 1.860000e+02
4.600000e+02 1.860000e+02
4.647500e+02 1.860000e+02
4.695000e+02 1.860000e+02
4.717500e+02 1.857000e+02
4.740000e+02 1.854000e+02
4.765000e+02 1.851000e+02
4.790000e+02 1.848000e+02
4.810000e+02 1.845000e+02
4.830000e+02 1.842000e+02
4.850000e+02 1.836000e+02
4.870000e+02 1.830000e+02
4.882500e+02 1.830000e+02
4.895000e+02 1.830000e+02
4.915000e+02 1.824000e+02
4.935000e+02 1.818000e+02
4.962500e+02 1.815000e+02
4.990000e+02 1.812000e+02
4.997500e+02 1.809000e+02
5.005000e+02 1.806000e+02
5.027500e+02 1.803000e+02
5.050000e+02 1.800000e+02
5.067500e+02 1.797000e+02
5.085000e+02 1.794000e+02
5.097500e+02 1.791000e+02
5.110000e+02 1.788000e+02
5.127500e+02 1.788000e+02
5.145000e+02 1.788000e+02
5.162500e+02 1.788000e+02
5.180000e+02 1.788000e+02
5.197500e+02 1.788000e+02
5.215000e+02 1.788000e+02
5.227500e+02 1.791000e+02
5.240000e+02 1.794000e+02
5.260000e+02 1.794000e+02
5.280000e+02 1.794000e+02
5.292500e+02 1.797000e+02
5.305000e+02 1.800000e+02
5.317500e+02 1.800000e+02
5.330000e+02 1.800000e+02
5.337500e+02 1.806000e+02
5.345000e+02 1.812000e+02
5.355000e+02 1.818000e+02
5.365000e+02 1.824000e+02
5.377500e+02 1.836000e+02
5.390000e+02 1.848000e+02
5.390000e+02 1.848000e+02
5.390000e+02 1.848000e+02
