2.135000e+02 3.714000e+02
2.135000e+02 3.714000e+02
2.135000e+02 3.714000e+02
2.135000e+02 3.693000e+02
2.135000e+02 3.672000e+02
2.137500e+02 3.636000e+02
2.140000e+02 3.600000e+02
2.142500e+02 3.579000e+02
2.145000e+02 3.558000e+02
2.155000e+02 3.501000e+02
2.165000e+02 3.444000e+02
2.177500e+02 3.378000e+02
2.190000e+02 3.312000e+02
2.195000e+02 3.279000e+02
2.200000e+02 3.246000e+02
2.212500e+02 3.171000e+02
2.225000e+02 3.096000e+02
2.235000e+02 3.018000e+02
2.245000e+02 2.940000e+02
2.252500e+02 2.901000e+02
2.260000e+02 2.862000e+02
2.272500e+02 2.784000e+02
2.285000e+02 2.706000e+02
2.295000e+02 2.628000e+02
2.305000e+02 2.550000e+02
2.312500e+02 2.508000e+02
2.320000e+02 2.466000e+02
2.332500e+02 2.391000e+02
2.345000e+02 2.316000e+02
2.357500e+02 2.238000e+02
2.370000e+02 2.160000e+02
2.395000e+02 2.010000e+02
2.415000e+02 1.860000e+02
2.425000e+02 1.782000e+02
2.450000e+02 1.632000e+02
2.465000e+02 1.548000e+02
2.495000e+02 1.392000e+02
2.525000e+02 1.242000e+02
2.540000e+02 1.176000e+02
2.570000e+02 1.044000e+02
2.605000e+02 9.240000e+01
2.640000e+02 8.220000e+01
2.675000e+02 7.260000e+01
2.710000e+02 6.540000e+01
2.745000e+02 5.940000e+01
2.780000e+02 5.580000e+01
2.795000e+02 5.460000e+01
2.835000e+02 5.460000e+01
2.870000e+02 5.700000e+01
2.910000e+02 6.120000e+01
2.935000e+02 6.360000e+01
2.980000e+02 7.020000e+01
3.005000e+02 7.380000e+01
3.060000e+02 8.220000e+01
3.115000e+02 9.240000e+01
3.145000e+02 9.900000e+01
3.210000e+02 1.122000e+02
3.280000e+02 1.272000e+02
3.315000e+02 1.350000e+02
3.390000e+02 1.524000e+02
3.470000e+02 1.704000e+02
3.510000e+02 1.800000e+02
3.590000e+02 1.992000e+02
3.625000e+02 2.076000e+02
3.740000e+02 2.376000e+02
3.780000e+02 2.472000e+02
3.865000e+02 2.664000e+02
3.945000e+02 2.844000e+02
3.985000e+02 2.928000e+02
4.050000e+02 3.090000e+02
4.120000e+02 3.234000e+02
4.155000e+02 3.306000e+02
4.220000e+02 3.426000e+02
4.270000e+02 3.528000e+02
4.295000e+02 3.570000e+02
4.335000e+02 3.648000e+02
4.370000e+02 3.714000e+02
4.380000e+02 3.738000e+02
4.395000e+02 3.780000e+02
4.405000e+02 3.810000e+02
4.410000e+02 3.834000e+02
4.410000e+02 3.840000e+02
4.395000e+02 3.858000e+02
4.370000e+02 3.858000e+02
4.350000e+02 3.858000e+02
4.310000e+02 3.852000e+02
4.250000e+02 3.834000e+02
4.185000e+02 3.804000e+02
4.145000e+02 3.780000e+02
4.050000e+02 3.738000e+02
3.935000e+02 3.684000e+02
3.875000e+02 3.654000e+02
3.745000e+02 3.594000e+02
3.675000e+02 3.564000e+02
3.525000e+02 3.492000e+02
3.390000e+02 3.426000e+02
3.255000e+02 3.348000e+02
3.185000e+02 3.318000e+02
3.035000e+02 3.228000e+02
2.875000e+02 3.156000e+02
2.795000e+02 3.120000e+02
2.620000e+02 3.048000e+02
2.535000e+02 3.012000e+02
2.360000e+02 2.958000e+02
2.285000e+02 2.928000e+02
2.135000e+02 2.868000e+02
1.990000e+02 2.820000e+02
1.930000e+02 2.802000e+02
1.810000e+02 2.766000e+02
1.710000e+02 2.736000e+02
1.660000e+02 2.724000e+02
1.570000e+02 2.700000e+02
1.495000e+02 2.688000e+02
1.460000e+02 2.682000e+02
1.400000e+02 2.676000e+02
1.350000e+02 2.670000e+02
1.320000e+02 2.664000e+02
1.300000e+02 2.658000e+02
1.300000e+02 2.646000e+02
1.305000e+02 2.640000e+02
1.340000e+02 2.616000e+02
1.400000e+02 2.568000e+02
1.480000e+02 2.514000e+02
1.540000e+02 2.472000e+02
1.680000e+02 2.394000e+02
1.760000e+02 2.352000e+02
1.920000e+02 2.250000e+02
2.100000e+02 2.142000e+02
2.195000e+02 2.088000e+02
2.400000e+02 1.974000e+02
2.605000e+02 1.854000e+02
2.705000e+02 1.794000e+02
2.910000e+02 1.674000e+02
3.095000e+02 1.566000e+02
3.180000e+02 1.524000e+02
3.360000e+02 1.422000e+02
3.530000e+02 1.332000e+02
3.615000e+02 1.290000e+02
3.765000e+02 1.212000e+02
3.905000e+02 1.146000e+02
3.970000e+02 1.110000e+02
4.095000e+02 1.044000e+02
4.205000e+02 9.960000e+01
4.295000e+02 9.540000e+01
4.335000e+02 9.360000e+01
4.400000e+02 9.000000e+01
4.455000e+02 8.760000e+01
4.480000e+02 8.640000e+01
4.515000e+02 8.520000e+01
4.540000e+02 8.400000e+01
4.545000e+02 8.400000e+01
4.560000e+02 8.340000e+01
4.560000e+02 8.400000e+01
4.560000e+02 8.460000e+01
4.545000e+02 8.640000e+01
4.520000e+02 8.940000e+01
4.510000e+02 9.060000e+01
4.480000e+02 9.360000e+01
4.440000e+02 9.840000e+01
4.415000e+02 1.014000e+02
4.390000e+02 1.044000e+02
4.340000e+02 1.116000e+02
4.275000e+02 1.200000e+02
4.235000e+02 1.248000e+02
4.155000e+02 1.356000e+02
4.110000e+02 1.416000e+02
4.000000e+02 1.554000e+02
3.880000e+02 1.698000e+02
3.825000e+02 1.776000e+02
3.710000e+02 1.914000e+02
3.590000e+02 2.058000e+02
3.530000e+02 2.124000e+02
3.410000e+02 2.274000e+02
3.290000e+02 2.424000e+02
3.235000e+02 2.490000e+02
3.170000e+02 2.568000e+02
3.050000e+02 2.712000e+02
2.935000e+02 2.856000e+02
2.875000e+02 2.922000e+02
2.820000e+02 2.994000e+02
2.710000e+02 3.126000e+02
2.660000e+02 3.186000e+02
2.565000e+02 3.300000e+02
2.475000e+02 3.408000e+02
2.395000e+02 3.516000e+02
2.360000e+02 3.558000e+02
2.300000e+02 3.630000e+02
2.245000e+02 3.690000e+02
2.225000e+02 3.714000e+02
2.190000e+02 3.756000e+02
2.175000e+02 3.774000e+02
2.150000e+02 3.798000e+02
2.135000e+02 3.816000e+02
2.130000e+02 3.822000e+02
2.120000e+02 3.828000e+02
2.115000e+02 3.828000e+02
2.115000e+02 3.822000e+02
2.115000e+02 3.792000e+02
2.115000e+02 3.780000e+02
2.115000e+02 3.780000e+02
2.135000e+02 3.714000e+02
2.135000e+02 3.714000e+02
2.135000e+02 3.714000e+02
2.135000e+02 3.693000e+02
2.135000e+02 3.672000e+02
2.137500e+02 3.636000e+02
2.140000e+02 3.600000e+02
2.142500e+02 3.579000e+02
2.145000e+02 3.558000e+02
2.155000e+02 3.501000e+02
2.165000e+02 3.444000e+02
2.177500e+02 3.378000e+02
2.190000e+02 3.312000e+02
2.195000e+02 3.279000e+02
2.200000e+02 3.246000e+02
2.212500e+02 3.171000e+02
2.225000e+02 3.096000e+02
2.235000e+02 3.018000e+02
2.245000e+02 2.940000e+02
2.252500e+02 2.901000e+02
2.260000e+02 2.862000e+02
2.272500e+02 2.784000e+02
2.285000e+02 2.706000e+02
2.295000e+02 2.628000e+02
2.305000e+02 2.550000e+02
2.312500e+02 2.508000e+02
2.320000e+02 2.466000e+02
2.332500e+02 2.391000e+02
2.345000e+02 2.316000e+02
2.357500e+02 2.238000e+02
2.370000e+02 2.160000e+02
2.395000e+02 2.010000e+02
2.415000e+02 1.860000e+02
2.425000e+02 1.782000e+02
2.450000e+02 1.632000e+02
2.465000e+02 1.548000e+02
2.495000e+02 1.392000e+02
2.525000e+02 1.242000e+02
2.540000e+02 1.176000e+02
2.570000e+02 1.044000e+02
2.605000e+02 9.240000e+01
2.640000e+02 8.220000e+01
2.675000e+02 7.260000e+01
2.710000e+02 6.540000e+01
2.745000e+02 5.940000e+01
2.780000e+02 5.580000e+01
2.795000e+02 5.460000e+01
2.835000e+02 5.460000e+01
2.870000e+02 5.700000e+01
2.910000e+02 6.120000e+01
2.935000e+02 6.360000e+01
2.980000e+02 7.020000e+01
3.005000e+02 7.380000e+01
3.060000e+02 8.220000e+01
3.115000e+02 9.240000e+01
3.145000e+02 9.900000e+01
3.210000e+02 1.122000e+02
3.280000e+02 1.272000e+02
3.315000e+02 1.350000e+02
3.390000e+02 1.524000e+02
3.470000e+02 1.704000e+02
3.510000e+02 1.800000e+02
3.590000e+02 1.992000e+02
3.625000e+02 2.076000e+02
3.740000e+02 2.376000e+02
3.780000e+02 2.472000e+02
3.865000e+02 2.664000e+02
3.945000e+02 2.844000e+02
3.985000e+02 2.928000e+02
4.050000e+02 3.090000e+02
4.120000e+02 3.234000e+02
4.155000e+02 3.306000e+02
4.220000e+02 3.426000e+02
4.270000e+02 3.528000e+02
4.295000e+02 3.570000e+02
4.335000e+02 3.648000e+02
4.370000e+02 3.714000e+02
4.380000e+02 3.738000e+02
4.395000e+02 3.780000e+02
4.405000e+02 3.810000e+02
4.410000e+02 3.834000e+02
4.410000e+02 3.840000e+02
4.395000e+02 3.858000e+02
4.370000e+02 3.858000e+02
4.350000e+02 3.858000e+02
4.310000e+02 3.852000e+02
4.250000e+02 3.834000e+02
4.185000e+02 3.804000e+02
4.145000e+02 3.780000e+02
4.050000e+02 3.738000e+02
3.935000e+02 3.684000e+02
3.875000e+02 3.654000e+02
3.745000e+02 3.594000e+02
3.675000e+02 3.564000e+02
3.525000e+02 3.492000e+02
3.390000e+02 3.426000e+02
3.255000e+02 3.348000e+02
3.185000e+02 3.318000e+02
3.035000e+02 3.228000e+02
2.875000e+02 3.156000e+02
2.795000e+02 3.120000e+02
2.620000e+02 3.048000e+02
2.535000e+02 3.012000e+02
2.360000e+02 2.958000e+02
2.285000e+02 2.928000e+02
2.135000e+02 2.868000e+02
1.990000e+02 2.820000e+02
1.930000e+02 2.802000e+02
1.810000e+02 2.766000e+02
1.710000e+02 2.736000e+02
1.660000e+02 2.724000e+02
1.570000e+02 2.700000e+02
1.495000e+02 2.688000e+02
1.460000e+02 2.682000e+02
1.400000e+02 2.676000e+02
1.350000e+02 2.670000e+02
1.320000e+02 2.664000e+02
1.300000e+02 2.658000e+02
1.300000e+02 2.646000e+02
1.305000e+02 2.640000e+02
1.340000e+02 2.616000e+02
1.400000e+02 2.568000e+02
1.480000e+02 2.514000e+02
1.540000e+02 2.472000e+02
1.680000e+02 2.394000e+02
1.760000e+02 2.352000e+02
1.920000e+02 2.250000e+02
2.100000e+02 2.142000e+02
2.195000e+02 2.088000e+02
2.400000e+02 1.974000e+02
2.605000e+02 1.854000e+02
2.705000e+02 1.794000e+02
2.910000e+02 1.674000e+02
3.095000e+02 1.566000e+02
3.180000e+02 1.524000e+02
3.360000e+02 1.422000e+02
3.530000e+02 1.332000e+02
3.615000e+02 1.290000e+02
3.765000e+02 1.212000e+02
3.905000e+02 1.146000e+02
3.970000e+02 1.110000e+02
4.095000e+02 1.044000e+02
4.205000e+02 9.960000e+01
4.295000e+02 9.540000e+01
4.335000e+02 9.360000e+01
4.400000e+02 9.000000e+01
4.455000e+02 8.760000e+01
4.480000e+02 8.640000e+01
4.515000e+02 8.520000e+01
4.540000e+02 8.400000e+01
4.545000e+02 8.400000e+01
4.560000e+02 8.340000e+01
4.560000e+02 8.400000e+01
4.560000e+02 8.460000e+01
4.545000e+02 8.640000e+01
4.520000e+02 8.940000e+01
4.510000e+02 9.060000e+01
4.480000e+02 9.360000e+01
4.440000e+02 9.840000e+01
4.415000e+02 1.014000e+02
4.390000e+02 1.044000e+02
4.340000e+02 1.116000e+02
4.275000e+02 1.200000e+02
4.235000e+02 1.248000e+02
4.155000e+02 1.356000e+02
4.110000e+02 1.416000e+02
4.000000e+02 1.554000e+02
3.880000e+02 1.698000e+02
3.825000e+02 1.776000e+02
3.710000e+02 1.914000e+02
3.590000e+02 2.058000e+02
3.530000e+02 2.124000e+02
3.410000e+02 2.274000e+02
3.290000e+02 2.424000e+02
3.235000e+02 2.490000e+02
3.170000e+02 2.568000e+02
3.050000e+02 2.712000e+02
2.935000e+02 2.856000e+02
2.875000e+02 2.922000e+02
2.820000e+02 2.994000e+02
2.710000e+02 3.126000e+02
2.660000e+02 3.186000e+02
2.565000e+02 3.300000e+02
2.475000e+02 3.408000e+02
2.395000e+02 3.516000e+02
2.360000e+02 3.558000e+02
2.300000e+02 3.630000e+02
2.245000e+02 3.690000e+02
2.225000e+02 3.714000e+02
2.190000e+02 3.756000e+02
2.175000e+02 3.774000e+02
2.150000e+02 3.798000e+02
2.135000e+02 3.816000e+02
2.130000e+02 3.822000e+02
2.120000e+02 3.828000e+02
2.115000e+02 3.828000e+02
2.115000e+02 3.822000e+02
2.115000e+02 3.792000e+02
2.115000e+02 3.780000e+02
2.115000e+02 3.780000e+02
2.135000e+02 3.714000e+02
2.135000e+02 3.714000e+02
2.135000e+02 3.714000e+02
2.135000e+02 3.693000e+02
2.135000e+02 3.672000e+02
2.137500e+02 3.636000e+02
2.140000e+02 3.600000e+02
2.142500e+02 3.579000e+02
2.145000e+02 3.558000e+02
2.155000e+02 3.501000e+02
2.165000e+02 3.444000e+02
2.177500e+02 3.378000e+02
2.190000e+02 3.312000e+02
2.195000e+02 3.279000e+02
2.200000e+02 3.246000e+02
2.212500e+02 3.171000e+02
2.225000e+02 3.096000e+02
2.235000e+02 3.018000e+02
2.245000e+02 2.940000e+02
2.252500e+02 2.901000e+02
2.260000e+02 2.862000e+02
2.272500e+02 2.784000e+02
2.285000e+02 2.706000e+02
2.295000e+02 2.628000e+02
2.305000e+02 2.550000e+02
2.312500e+02 2.508000e+02
2.320000e+02 2.466000e+02
2.332500e+02 2.391000e+02
2.345000e+02 2.316000e+02
2.357500e+02 2.238000e+02
2.370000e+02 2.160000e+02
2.395000e+02 2.010000e+02
2.415000e+02 1.860000e+02
2.425000e+02 1.782000e+02
2.450000e+02 1.632000e+02
2.465000e+02 1.548000e+02
2.495000e+02 1.392000e+02
2.525000e+02 1.242000e+02
2.540000e+02 1.176000e+02
2.570000e+02 1.044000e+02
2.605000e+02 9.240000e+01
2.640000e+02 8.220000e+01
2.675000e+02 7.260000e+01
2.710000e+02 6.540000e+01
2.745000e+02 5.940000e+01
2.780000e+02 5.580000e+01
2.795000e+02 5.460000e+01
2.835000e+02 5.460000e+01
2.870000e+02 5.700000e+01
2.910000e+02 6.120000e+01
2.935000e+02 6.360000e+01
2.980000e+02 7.020000e+01
3.005000e+02 7.380000e+01
3.060000e+02 8.220000e+01
3.115000e+02 9.240000e+01
3.145000e+02 9.900000e+01
3.210000e+02 1.122000e+02
3.280000e+02 1.272000e+02
3.315000e+02 1.350000e+02
3.390000e+02 1.524000e+02
3.470000e+02 1.704000e+02
3.510000e+02 1.800000e+02
3.590000e+02 1.992000e+02
3.625000e+02 2.076000e+02
3.740000e+02 2.376000e+02
3.780000e+02 2.472000e+02
3.865000e+02 2.664000e+02
3.945000e+02 2.844000e+02
3.985000e+02 2.928000e+02
4.050000e+02 3.090000e+02
4.120000e+02 3.234000e+02
4.155000e+02 3.306000e+02
4.220000e+02 3.426000e+02
4.270000e+02 3.528000e+02
4.295000e+02 3.570000e+02
4.335000e+02 3.648000e+02
4.370000e+02 3.714000e+02
4.380000e+02 3.738000e+02
4.395000e+02 3.780000e+02
4.405000e+02 3.810000e+02
4.410000e+02 3.834000e+02
4.410000e+02 3.840000e+02
4.395000e+02 3.858000e+02
4.370000e+02 3.858000e+02
4.350000e+02 3.858000e+02
4.310000e+02 3.852000e+02
4.250000e+02 3.834000e+02
4.185000e+02 3.804000e+02
4.145000e+02 3.780000e+02
4.050000e+02 3.738000e+02
3.935000e+02 3.684000e+02
3.875000e+02 3.654000e+02
3.745000e+02 3.594000e+02
3.675000e+02 3.564000e+02
3.525000e+02 3.492000e+02
3.390000e+02 3.426000e+02
3.255000e+02 3.348000e+02
3.185000e+02 3.318000e+02
3.035000e+02 3.228000e+02
2.875000e+02 3.156000e+02
2.795000e+02 3.120000e+02
2.620000e+02 3.048000e+02
2.535000e+02 3.012000e+02
2.360000e+02 2.958000e+02
2.285000e+02 2.928000e+02
2.135000e+02 2.868000e+02
1.990000e+02 2.820000e+02
1.930000e+02 2.802000e+02
1.810000e+02 2.766000e+02
1.710000e+02 2.736000e+02
1.660000e+02 2.724000e+02
1.570000e+02 2.700000e+02
1.495000e+02 2.688000e+02
1.460000e+02 2.682000e+02
1.400000e+02 2.676000e+02
1.350000e+02 2.670000e+02
1.320000e+02 2.664000e+02
1.300000e+02 2.658000e+02
1.300000e+02 2.646000e+02
1.305000e+02 2.640000e+02
1.340000e+02 2.616000e+02
1.400000e+02 2.568000e+02
1.480000e+02 2.514000e+02
1.540000e+02 2.472000e+02
1.680000e+02 2.394000e+02
1.760000e+02 2.352000e+02
1.920000e+02 2.250000e+02
2.100000e+02 2.142000e+02
2.195000e+02 2.088000e+02
2.400000e+02 1.974000e+02
2.605000e+02 1.854000e+02
2.705000e+02 1.794000e+02
2.910000e+02 1.674000e+02
3.095000e+02 1.566000e+02
3.180000e+02 1.524000e+02
3.360000e+02 1.422000e+02
3.530000e+02 1.332000e+02
3.615000e+02 1.290000e+02
3.765000e+02 1.212000e+02
3.905000e+02 1.146000e+02
3.970000e+02 1.110000e+02
4.095000e+02 1.044000e+02
4.205000e+02 9.960000e+01
4.295000e+02 9.540000e+01
4.335000e+02 9.360000e+01
4.400000e+02 9.000000e+01
4.455000e+02 8.760000e+01
4.480000e+02 8.640000e+01
4.515000e+02 8.520000e+01
4.540000e+02 8.400000e+01
4.545000e+02 8.400000e+01
4.560000e+02 8.340000e+01
4.560000e+02 8.400000e+01
4.560000e+02 8.460000e+01
4.545000e+02 8.640000e+01
4.520000e+02 8.940000e+01
4.510000e+02 9.060000e+01
4.480000e+02 9.360000e+01
4.440000e+02 9.840000e+01
4.415000e+02 1.014000e+02
4.390000e+02 1.044000e+02
4.340000e+02 1.116000e+02
4.275000e+02 1.200000e+02
4.235000e+02 1.248000e+02
4.155000e+02 1.356000e+02
4.110000e+02 1.416000e+02
4.000000e+02 1.554000e+02
3.880000e+02 1.698000e+02
3.825000e+02 1.776000e+02
3.710000e+02 1.914000e+02
3.590000e+02 2.058000e+02
3.530000e+02 2.124000e+02
3.410000e+02 2.274000e+02
3.290000e+02 2.424000e+02
3.235000e+02 2.490000e+02
3.170000e+02 2.568000e+02
3.050000e+02 2.712000e+02
2.935000e+02 2.856000e+02
2.875000e+02 2.922000e+02
2.820000e+02 2.994000e+02
2.710000e+02 3.126000e+02
2.660000e+02 3.186000e+02
2.565000e+02 3.300000e+02
2.475000e+02 3.408000e+02
2.395000e+02 3.516000e+02
2.360000e+02 3.558000e+02
2.300000e+02 3.630000e+02
2.245000e+02 3.690000e+02
2.225000e+02 3.714000e+02
2.190000e+02 3.756000e+02
2.175000e+02 3.774000e+02
2.150000e+02 3.798000e+02
2.135000e+02 3.816000e+02
2.130000e+02 3.822000e+02
2.120000e+02 3.828000e+02
2.115000e+02 3.828000e+02
2.115000e+02 3.822000e+02
2.115000e+02 3.792000e+02
2.115000e+02 3.780000e+02
2.115000e+02 3.780000e+02
