1.980000e+02 1.530000e+02
1.980000e+02 1.530000e+02
1.980000e+02 1.530000e+02
1.977500e+02 1.530000e+02
1.975000e+02 1.530000e+02
1.975000e+02 1.530000e+02
1.975000e+02 1.530000e+02
1.975000e+02 1.530000e+02
1.975000e+02 1.530000e+02
1.975000e+02 1.530000e+02
1.975000e+02 1.530000e+02
1.975000e+02 1.530000e+02
1.975000e+02 1.530000e+02
1.975000e+02 1.527000e+02
1.975000e+02 1.524000e+02
1.977500e+02 1.524000e+02
1.980000e+02 1.524000e+02
1.985000e+02 1.521000e+02
1.990000e+02 1.518000e+02
2.002500e+02 1.515000e+02
2.015000e+02 1.512000e+02
2.037500e+02 1.506000e+02
2.060000e+02 1.500000e+02
2.110000e+02 1.488000e+02
2.160000e+02 1.476000e+02
2.225000e+02 1.464000e+02
2.290000e+02 1.452000e+02
2.357500e+02 1.443000e+02
2.425000e+02 1.434000e+02
2.472500e+02 1.428000e+02
2.520000e+02 1.422000e+02
2.567500e+02 1.416000e+02
2.615000e+02 1.410000e+02
2.670000e+02 1.404000e+02
2.725000e+02 1.398000e+02
2.775000e+02 1.392000e+02
2.825000e+02 1.386000e+02
2.875000e+02 1.383000e+02
2.925000e+02 1.380000e+02
2.977500e+02 1.374000e+02
3.030000e+02 1.368000e+02
3.082500e+02 1.362000e+02
3.135000e+02 1.356000e+02
3.192500e+02 1.350000e+02
3.250000e+02 1.344000e+02
3.305000e+02 1.338000e+02
3.360000e+02 1.332000e+02
3.410000e+02 1.329000e+02
3.460000e+02 1.326000e+02
3.512500e+02 1.326000e+02
3.565000e+02 1.326000e+02
3.615000e+02 1.320000e+02
3.665000e+02 1.314000e+02
3.717500e+02 1.314000e+02
3.770000e+02 1.314000e+02
3.815000e+02 1.314000e+02
3.860000e+02 1.314000e+02
3.920000e+02 1.311000e+02
3.980000e+02 1.308000e+02
4.017500e+02 1.308000e+02
4.055000e+02 1.308000e+02
4.070000e+02 1.311000e+02
4.085000e+02 1.314000e+02
4.132500e+02 1.311000e+02
4.180000e+02 1.308000e+02
4.205000e+02 1.308000e+02
4.230000e+02 1.308000e+02
4.270000e+02 1.308000e+02
4.305000e+02 1.308000e+02
4.325000e+02 1.308000e+02
4.345000e+02 1.308000e+02
4.355000e+02 1.302000e+02
4.365000e+02 1.302000e+02
4.370000e+02 1.302000e+02
4.370000e+02 1.302000e+02
4.375000e+02 1.302000e+02
4.380000e+02 1.302000e+02
4.380000e+02 1.302000e+02
4.380000e+02 1.308000e+02
4.380000e+02 1.308000e+02
4.380000e+02 1.308000e+02
4.380000e+02 1.314000e+02
4.375000e+02 1.314000e+02
4.375000e+02 1.320000e+02
4.375000e+02 1.332000e+02
4.375000e+02 1.332000e+02
4.370000e+02 1.356000e+02
4.365000e+02 1.380000e+02
4.360000e+02 1.422000e+02
4.360000e+02 1.452000e+02
4.355000e+02 1.536000e+02
4.355000e+02 1.608000e+02
4.355000e+02 1.692000e+02
4.360000e+02 1.782000e+02
4.360000e+02 1.902000e+02
4.360000e+02 2.010000e+02
4.365000e+02 2.112000e+02
4.365000e+02 2.226000e+02
4.365000e+02 2.328000e+02
4.365000e+02 2.424000e+02
4.370000e+02 2.532000e+02
4.370000e+02 2.610000e+02
4.370000e+02 2.700000e+02
4.370000e+02 2.778000e+02
4.370000e+02 2.880000e+02
4.370000e+02 2.952000e+02
4.370000e+02 3.006000e+02
4.370000e+02 3.054000e+02
4.375000e+02 3.096000e+02
4.375000e+02 3.138000e+02
4.380000e+02 3.162000e+02
4.380000e+02 3.180000e+02
4.385000e+02 3.204000e+02
4.385000e+02 3.210000e+02
4.385000e+02 3.222000e+02
4.390000e+02 3.228000e+02
4.390000e+02 3.228000e+02
4.390000e+02 3.234000e+02
4.390000e+02 3.234000e+02
4.390000e+02 3.234000e+02
4.390000e+02 3.234000e+02
4.385000e+02 3.234000e+02
4.385000e+02 3.234000e+02
4.380000e+02 3.228000e+02
4.365000e+02 3.228000e+02
4.340000e+02 3.222000e+02
4.300000e+02 3.222000e+02
4.220000e+02 3.216000e+02
4.120000e+02 3.216000e+02
4.040000e+02 3.216000e+02
3.945000e+02 3.216000e+02
3.840000e+02 3.222000e+02
3.730000e+02 3.222000e+02
3.620000e+02 3.228000e+02
3.495000e+02 3.228000e+02
3.375000e+02 3.240000e+02
3.190000e+02 3.258000e+02
3.050000e+02 3.270000e+02
2.925000e+02 3.282000e+02
2.800000e+02 3.300000e+02
2.690000e+02 3.318000e+02
2.585000e+02 3.336000e+02
2.475000e+02 3.348000e+02
2.395000e+02 3.360000e+02
2.325000e+02 3.366000e+02
2.265000e+02 3.372000e+02
2.215000e+02 3.372000e+02
2.185000e+02 3.372000e+02
2.160000e+02 3.366000e+02
2.140000e+02 3.360000e+02
2.125000e+02 3.354000e+02
2.115000e+02 3.348000e+02
2.115000e+02 3.342000e+02
2.110000e+02 3.336000e+02
2.105000e+02 3.330000e+02
2.105000e+02 3.324000e+02
2.105000e+02 3.312000e+02
2.105000e+02 3.306000e+02
2.110000e+02 3.288000e+02
2.110000e+02 3.276000e+02
2.110000e+02 3.258000e+02
2.115000e+02 3.228000e+02
2.115000e+02 3.174000e+02
2.110000e+02 3.120000e+02
2.105000e+02 3.060000e+02
2.100000e+02 3.006000e+02
2.090000e+02 2.946000e+02
2.080000e+02 2.874000e+02
2.070000e+02 2.802000e+02
2.060000e+02 2.712000e+02
2.050000e+02 2.616000e+02
2.040000e+02 2.532000e+02
2.035000e+02 2.442000e+02
2.030000e+02 2.370000e+02
2.025000e+02 2.286000e+02
2.020000e+02 2.214000e+02
2.015000e+02 2.130000e+02
2.015000e+02 2.064000e+02
2.010000e+02 1.950000e+02
2.010000e+02 1.884000e+02
2.010000e+02 1.806000e+02
2.010000e+02 1.752000e+02
2.005000e+02 1.686000e+02
2.005000e+02 1.632000e+02
2.005000e+02 1.590000e+02
2.005000e+02 1.560000e+02
2.005000e+02 1.524000e+02
2.005000e+02 1.506000e+02
2.010000e+02 1.488000e+02
2.010000e+02 1.476000e+02
2.010000e+02 1.470000e+02
2.010000e+02 1.464000e+02
2.010000e+02 1.458000e+02
2.010000e+02 1.458000e+02
2.010000e+02 1.458000e+02
2.010000e+02 1.458000e+02
2.015000e+02 1.458000e+02
2.015000e+02 1.464000e+02
2.015000e+02 1.470000e+02
2.015000e+02 1.470000e+02
1.980000e+02 1.530000e+02
1.980000e+02 1.530000e+02
1.980000e+02 1.530000e+02
1.977500e+02 1.530000e+02
1.975000e+02 1.530000e+02
1.975000e+02 1.530000e+02
1.975000e+02 1.530000e+02
1.975000e+02 1.530000e+02
1.975000e+02 1.530000e+02
1.975000e+02 1.530000e+02
1.975000e+02 1.530000e+02
1.975000e+02 1.530000e+02
1.975000e+02 1.530000e+02
1.975000e+02 1.527000e+02
1.975000e+02 1.524000e+02
1.977500e+02 1.524000e+02
1.980000e+02 1.524000e+02
1.985000e+02 1.521000e+02
1.990000e+02 1.518000e+02
2.002500e+02 1.515000e+02
2.015000e+02 1.512000e+02
2.037500e+02 1.506000e+02
2.060000e+02 1.500000e+02
2.110000e+02 1.488000e+02
2.160000e+02 1.476000e+02
2.225000e+02 1.464000e+02
2.290000e+02 1.452000e+02
2.357500e+02 1.443000e+02
2.425000e+02 1.434000e+02
2.472500e+02 1.428000e+02
2.520000e+02 1.422000e+02
2.567500e+02 1.416000e+02
2.615000e+02 1.410000e+02
2.670000e+02 1.404000e+02
2.725000e+02 1.398000e+02
2.775000e+02 1.392000e+02
2.825000e+02 1.386000e+02
2.875000e+02 1.383000e+02
2.925000e+02 1.380000e+02
2.977500e+02 1.374000e+02
3.030000e+02 1.368000e+02
3.082500e+02 1.362000e+02
3.135000e+02 1.356000e+02
3.192500e+02 1.350000e+02
3.250000e+02 1.344000e+02
3.305000e+02 1.338000e+02
3.360000e+02 1.332000e+02
3.410000e+02 1.329000e+02
3.460000e+02 1.326000e+02
3.512500e+02 1.326000e+02
3.565000e+02 1.326000e+02
3.615000e+02 1.320000e+02
3.665000e+02 1.314000e+02
3.717500e+02 1.314000e+02
3.770000e+02 1.314000e+02
3.815000e+02 1.314000e+02
3.860000e+02 1.314000e+02
3.920000e+02 1.311000e+02
3.980000e+02 1.308000e+02
4.017500e+02 1.308000e+02
4.055000e+02 1.308000e+02
4.070000e+02 1.311000e+02
4.085000e+02 1.314000e+02
4.132500e+02 1.311000e+02
4.180000e+02 1.308000e+02
4.205000e+02 1.308000e+02
4.230000e+02 1.308000e+02
4.270000e+02 1.308000e+02
4.305000e+02 1.308000e+02
4.325000e+02 1.308000e+02
4.345000e+02 1.308000e+02
4.355000e+02 1.302000e+02
4.365000e+02 1.302000e+02
4.370000e+02 1.302000e+02
4.370000e+02 1.302000e+02
4.375000e+02 1.302000e+02
4.380000e+02 1.302000e+02
4.380000e+02 1.302000e+02
4.380000e+02 1.308000e+02
4.380000e+02 1.308000e+02
4.380000e+02 1.308000e+02
4.380000e+02 1.314000e+02
4.375000e+02 1.314000e+02
4.375000e+02 1.320000e+02
4.375000e+02 1.332000e+02
4.375000e+02 1.332000e+02
4.370000e+02 1.356000e+02
4.365000e+02 1.380000e+02
4.360000e+02 1.422000e+02
4.360000e+02 1.452000e+02
4.355000e+02 1.536000e+02
4.355000e+02 1.608000e+02
4.355000e+02 1.692000e+02
4.360000e+02 1.782000e+02
4.360000e+02 1.902000e+02
4.360000e+02 2.010000e+02
4.365000e+02 2.112000e+02
4.365000e+02 2.226000e+02
4.365000e+02 2.328000e+02
4.365000e+02 2.424000e+02
4.370000e+02 2.532000e+02
4.370000e+02 2.610000e+02
4.370000e+02 2.700000e+02
4.370000e+02 2.778000e+02
4.370000e+02 2.880000e+02
4.370000e+02 2.952000e+02
4.370000e+02 3.006000e+02
4.370000e+02 3.054000e+02
4.375000e+02 3.096000e+02
4.375000e+02 3.138000e+02
4.380000e+02 3.162000e+02
4.380000e+02 3.180000e+02
4.385000e+02 3.204000e+02
4.385000e+02 3.210000e+02
4.385000e+02 3.222000e+02
4.390000e+02 3.228000e+02
4.390000e+02 3.228000e+02
4.390000e+02 3.234000e+02
4.390000e+02 3.234000e+02
4.390000e+02 3.234000e+02
4.390000e+02 3.234000e+02
4.385000e+02 3.234000e+02
4.385000e+02 3.234000e+02
4.380000e+02 3.228000e+02
4.365000e+02 3.228000e+02
4.340000e+02 3.222000e+02
4.300000e+02 3.222000e+02
4.220000e+02 3.216000e+02
4.120000e+02 3.216000e+02
4.040000e+02 3.216000e+02
3.945000e+02 3.216000e+02
3.840000e+02 3.222000e+02
3.730000e+02 3.222000e+02
3.620000e+02 3.228000e+02
3.495000e+02 3.228000e+02
3.375000e+02 3.240000e+02
3.190000e+02 3.258000e+02
3.050000e+02 3.270000e+02
2.925000e+02 3.282000e+02
2.800000e+02 3.300000e+02
2.690000e+02 3.318000e+02
2.585000e+02 3.336000e+02
2.475000e+02 3.348000e+02
2.395000e+02 3.360000e+02
2.325000e+02 3.366000e+02
2.265000e+02 3.372000e+02
2.215000e+02 3.372000e+02
2.185000e+02 3.372000e+02
2.160000e+02 3.366000e+02
2.140000e+02 3.360000e+02
2.125000e+02 3.354000e+02
2.115000e+02 3.348000e+02
2.115000e+02 3.342000e+02
2.110000e+02 3.336000e+02
2.105000e+02 3.330000e+02
2.105000e+02 3.324000e+02
2.105000e+02 3.312000e+02
2.105000e+02 3.306000e+02
2.110000e+02 3.288000e+02
2.110000e+02 3.276000e+02
2.110000e+02 3.258000e+02
2.115000e+02 3.228000e+02
2.115000e+02 3.174000e+02
2.110000e+02 3.120000e+02
2.105000e+02 3.060000e+02
2.100000e+02 3.006000e+02
2.090000e+02 2.946000e+02
2.080000e+02 2.874000e+02
2.070000e+02 2.802000e+02
2.060000e+02 2.712000e+02
2.050000e+02 2.616000e+02
2.040000e+02 2.532000e+02
2.035000e+02 2.442000e+02
2.030000e+02 2.370000e+02
2.025000e+02 2.286000e+02
2.020000e+02 2.214000e+02
2.015000e+02 2.130000e+02
2.015000e+02 2.064000e+02
2.010000e+02 1.950000e+02
2.010000e+02 1.884000e+02
2.010000e+02 1.806000e+02
2.010000e+02 1.752000e+02
2.005000e+02 1.686000e+02
2.005000e+02 1.632000e+02
2.005000e+02 1.590000e+02
2.005000e+02 1.560000e+02
2.005000e+02 1.524000e+02
2.005000e+02 1.506000e+02
2.010000e+02 1.488000e+02
2.010000e+02 1.476000e+02
2.010000e+02 1.470000e+02
2.010000e+02 1.464000e+02
2.010000e+02 1.458000e+02
2.010000e+02 1.458000e+02
2.010000e+02 1.458000e+02
2.010000e+02 1.458000e+02
2.015000e+02 1.458000e+02
2.015000e+02 1.464000e+02
2.015000e+02 1.470000e+02
2.015000e+02 1.470000e+02
1.980000e+02 1.530000e+02
1.980000e+02 1.530000e+02
1.980000e+02 1.530000e+02
1.977500e+02 1.530000e+02
1.975000e+02 1.530000e+02
1.975000e+02 1.530000e+02
1.975000e+02 1.530000e+02
1.975000e+02 1.530000e+02
1.975000e+02 1.530000e+02
1.975000e+02 1.530000e+02
1.975000e+02 1.530000e+02
1.975000e+02 1.530000e+02
1.975000e+02 1.530000e+02
1.975000e+02 1.527000e+02
1.975000e+02 1.524000e+02
1.977500e+02 1.524000e+02
1.980000e+02 1.524000e+02
1.985000e+02 1.521000e+02
1.990000e+02 1.518000e+02
2.002500e+02 1.515000e+02
2.015000e+02 1.512000e+02
2.037500e+02 1.506000e+02
2.060000e+02 1.500000e+02
2.110000e+02 1.488000e+02
2.160000e+02 1.476000e+02
2.225000e+02 1.464000e+02
2.290000e+02 1.452000e+02
2.357500e+02 1.443000e+02
2.425000e+02 1.434000e+02
2.472500e+02 1.428000e+02
2.520000e+02 1.422000e+02
2.567500e+02 1.416000e+02
2.615000e+02 1.410000e+02
2.670000e+02 1.404000e+02
2.725000e+02 1.398000e+02
2.775000e+02 1.392000e+02
2.825000e+02 1.386000e+02
2.875000e+02 1.383000e+02
2.925000e+02 1.380000e+02
2.977500e+02 1.374000e+02
3.030000e+02 1.368000e+02
3.082500e+02 1.362000e+02
3.135000e+02 1.356000e+02
3.192500e+02 1.350000e+02
3.250000e+02 1.344000e+02
3.305000e+02 1.338000e+02
3.360000e+02 1.332000e+02
3.410000e+02 1.329000e+02
3.460000e+02 1.326000e+02
3.512500e+02 1.326000e+02
3.565000e+02 1.326000e+02
3.615000e+02 1.320000e+02
3.665000e+02 1.314000e+02
3.717500e+02 1.314000e+02
3.770000e+02 1.314000e+02
3.815000e+02 1.314000e+02
3.860000e+02 1.314000e+02
3.920000e+02 1.311000e+02
3.980000e+02 1.308000e+02
4.017500e+02 1.308000e+02
4.055000e+02 1.308000e+02
4.070000e+02 1.311000e+02
4.085000e+02 1.314000e+02
4.132500e+02 1.311000e+02
4.180000e+02 1.308000e+02
4.205000e+02 1.308000e+02
4.230000e+02 1.308000e+02
4.270000e+02 1.308000e+02
4.305000e+02 1.308000e+02
4.325000e+02 1.308000e+02
4.345000e+02 1.308000e+02
4.355000e+02 1.302000e+02
4.365000e+02 1.302000e+02
4.370000e+02 1.302000e+02
4.370000e+02 1.302000e+02
4.375000e+02 1.302000e+02
4.380000e+02 1.302000e+02
4.380000e+02 1.302000e+02
4.380000e+02 1.308000e+02
4.380000e+02 1.308000e+02
4.380000e+02 1.308000e+02
4.380000e+02 1.314000e+02
4.375000e+02 1.314000e+02
4.375000e+02 1.320000e+02
4.375000e+02 1.332000e+02
4.375000e+02 1.332000e+02
4.370000e+02 1.356000e+02
4.365000e+02 1.380000e+02
4.360000e+02 1.422000e+02
4.360000e+02 1.452000e+02
4.355000e+02 1.536000e+02
4.355000e+02 1.608000e+02
4.355000e+02 1.692000e+02
4.360000e+02 1.782000e+02
4.360000e+02 1.902000e+02
4.360000e+02 2.010000e+02
4.365000e+02 2.112000e+02
4.365000e+02 2.226000e+02
4.365000e+02 2.328000e+02
4.365000e+02 2.424000e+02
4.370000e+02 2.532000e+02
4.370000e+02 2.610000e+02
4.370000e+02 2.700000e+02
4.370000e+02 2.778000e+02
4.370000e+02 2.880000e+02
4.370000e+02 2.952000e+02
4.370000e+02 3.006000e+02
4.370000e+02 3.054000e+02
4.375000e+02 3.096000e+02
4.375000e+02 3.138000e+02
4.380000e+02 3.162000e+02
4.380000e+02 3.180000e+02
4.385000e+02 3.204000e+02
4.385000e+02 3.210000e+02
4.385000e+02 3.222000e+02
4.390000e+02 3.228000e+02
4.390000e+02 3.228000e+02
4.390000e+02 3.234000e+02
4.390000e+02 3.234000e+02
4.390000e+02 3.234000e+02
4.390000e+02 3.234000e+02
4.385000e+02 3.234000e+02
4.385000e+02 3.234000e+02
4.380000e+02 3.228000e+02
4.365000e+02 3.228000e+02
4.340000e+02 3.222000e+02
4.300000e+02 3.222000e+02
4.220000e+02 3.216000e+02
4.120000e+02 3.216000e+02
4.040000e+02 3.216000e+02
3.945000e+02 3.216000e+02
3.840000e+02 3.222000e+02
3.730000e+02 3.222000e+02
3.620000e+02 3.228000e+02
3.495000e+02 3.228000e+02
3.375000e+02 3.240000e+02
3.190000e+02 3.258000e+02
3.050000e+02 3.270000e+02
2.925000e+02 3.282000e+02
2.800000e+02 3.300000e+02
2.690000e+02 3.318000e+02
2.585000e+02 3.336000e+02
2.475000e+02 3.348000e+02
2.395000e+02 3.360000e+02
2.325000e+02 3.366000e+02
2.265000e+02 3.372000e+02
2.215000e+02 3.372000e+02
2.185000e+02 3.372000e+02
2.160000e+02 3.366000e+02
2.140000e+02 3.360000e+02
2.125000e+02 3.354000e+02
2.115000e+02 3.348000e+02
2.115000e+02 3.342000e+02
2.110000e+02 3.336000e+02
2.105000e+02 3.330000e+02
2.105000e+02 3.324000e+02
2.105000e+02 3.312000e+02
2.105000e+02 3.306000e+02
2.110000e+02 3.288000e+02
2.110000e+02 3.276000e+02
2.110000e+02 3.258000e+02
2.115000e+02 3.228000e+02
2.115000e+02 3.174000e+02
2.110000e+02 3.120000e+02
2.105000e+02 3.060000e+02
2.100000e+02 3.006000e+02
2.090000e+02 2.946000e+02
2.080000e+02 2.874000e+02
2.070000e+02 2.802000e+02
2.060000e+02 2.712000e+02
2.050000e+02 2.616000e+02
2.040000e+02 2.532000e+02
2.035000e+02 2.442000e+02
2.030000e+02 2.370000e+02
2.025000e+02 2.286000e+02
2.020000e+02 2.214000e+02
2.015000e+02 2.130000e+02
2.015000e+02 2.064000e+02
2.010000e+02 1.950000e+02
2.010000e+02 1.884000e+02
2.010000e+02 1.806000e+02
2.010000e+02 1.752000e+02
2.005000e+02 1.686000e+02
2.005000e+02 1.632000e+02
2.005000e+02 1.590000e+02
2.005000e+02 1.560000e+02
2.005000e+02 1.524000e+02
2.005000e+02 1.506000e+02
2.010000e+02 1.488000e+02
2.010000e+02 1.476000e+02
2.010000e+02 1.470000e+02
2.010000e+02 1.464000e+02
2.010000e+02 1.458000e+02
2.010000e+02 1.458000e+02
2.010000e+02 1.458000e+02
2.010000e+02 1.458000e+02
2.015000e+02 1.458000e+02
2.015000e+02 1.464000e+02
2.015000e+02 1.470000e+02
2.015000e+02 1.470000e+02
