4.185000e+02 3.834000e+02
4.185000e+02 3.834000e+02
4.185000e+02 3.834000e+02
4.185000e+02 3.834000e+02
4.185000e+02 3.834000e+02
4.185000e+02 3.832500e+02
4.185000e+02 3.831000e+02
4.185000e+02 3.829500e+02
4.185000e+02 3.828000e+02
4.185000e+02 3.825000e+02
4.185000e+02 3.822000e+02
4.185000e+02 3.819000e+02
4.185000e+02 3.816000e+02
4.185000e+02 3.811500e+02
4.185000e+02 3.807000e+02
4.185000e+02 3.802500e+02
4.185000e+02 3.798000e+02
4.185000e+02 3.793500e+02
4.185000e+02 3.789000e+02
4.185000e+02 3.784500e+02
4.185000e+02 3.780000e+02
4.183750e+02 3.774000e+02
4.182500e+02 3.768000e+02
4.181250e+02 3.762000e+02
4.180000e+02 3.756000e+02
4.180000e+02 3.747000e+02
4.180000e+02 3.738000e+02
4.180000e+02 3.729000e+02
4.180000e+02 3.720000e+02
4.180000e+02 3.717000e+02
4.180000e+02 3.714000e+02
4.180000e+02 3.711000e+02
4.180000e+02 3.708000e+02
4.178750e+02 3.699000e+02
4.177500e+02 3.690000e+02
4.176250e+02 3.681000e+02
4.175000e+02 3.672000e+02
4.175000e+02 3.661500e+02
4.175000e+02 3.651000e+02
4.175000e+02 3.640500e+02
4.175000e+02 3.630000e+02
4.175000e+02 3.619500e+02
4.175000e+02 3.609000e+02
4.175000e+02 3.598500e+02
4.175000e+02 3.588000e+02
4.175000e+02 3.577500e+02
4.175000e+02 3.567000e+02
4.175000e+02 3.556500e+02
4.175000e+02 3.546000e+02
4.173750e+02 3.532500e+02
4.172500e+02 3.519000e+02
4.171250e+02 3.505500e+02
4.170000e+02 3.492000e+02
4.170000e+02 3.481500e+02
4.170000e+02 3.471000e+02
4.170000e+02 3.460500e+02
4.170000e+02 3.450000e+02
4.170000e+02 3.438000e+02
4.170000e+02 3.426000e+02
4.170000e+02 3.414000e+02
4.170000e+02 3.402000e+02
4.170000e+02 3.390000e+02
4.170000e+02 3.378000e+02
4.170000e+02 3.366000e+02
4.170000e+02 3.354000e+02
4.168750e+02 3.342000e+02
4.167500e+02 3.330000e+02
4.166250e+02 3.318000e+02
4.165000e+02 3.306000e+02
4.165000e+02 3.294000e+02
4.165000e+02 3.282000e+02
4.165000e+02 3.270000e+02
4.165000e+02 3.258000e+02
4.165000e+02 3.244500e+02
4.165000e+02 3.231000e+02
4.165000e+02 3.217500e+02
4.165000e+02 3.204000e+02
4.163750e+02 3.183000e+02
4.162500e+02 3.162000e+02
4.161250e+02 3.141000e+02
4.160000e+02 3.120000e+02
4.160000e+02 3.106500e+02
4.160000e+02 3.093000e+02
4.160000e+02 3.079500e+02
4.160000e+02 3.066000e+02
4.158750e+02 3.051000e+02
4.157500e+02 3.036000e+02
4.156250e+02 3.021000e+02
4.155000e+02 3.006000e+02
4.155000e+02 2.989500e+02
4.155000e+02 2.973000e+02
4.155000e+02 2.956500e+02
4.155000e+02 2.940000e+02
4.153750e+02 2.932500e+02
4.152500e+02 2.925000e+02
4.151250e+02 2.917500e+02
4.150000e+02 2.910000e+02
4.148750e+02 2.887500e+02
4.147500e+02 2.865000e+02
4.146250e+02 2.842500e+02
4.145000e+02 2.820000e+02
4.143750e+02 2.803500e+02
4.142500e+02 2.787000e+02
4.141250e+02 2.770500e+02
4.140000e+02 2.754000e+02
4.140000e+02 2.739000e+02
4.140000e+02 2.724000e+02
4.140000e+02 2.709000e+02
4.140000e+02 2.694000e+02
4.138750e+02 2.677500e+02
4.137500e+02 2.661000e+02
4.136250e+02 2.644500e+02
4.135000e+02 2.628000e+02
4.133750e+02 2.613000e+02
4.132500e+02 2.598000e+02
4.131250e+02 2.583000e+02
4.130000e+02 2.568000e+02
4.128750e+02 2.554500e+02
4.127500e+02 2.541000e+02
4.126250e+02 2.527500e+02
4.125000e+02 2.514000e+02
4.122500e+02 2.493000e+02
4.120000e+02 2.472000e+02
4.117500e+02 2.451000e+02
4.115000e+02 2.430000e+02
4.113750e+02 2.416500e+02
4.112500e+02 2.403000e+02
4.111250e+02 2.389500e+02
4.110000e+02 2.376000e+02
4.108750e+02 2.361000e+02
4.107500e+02 2.346000e+02
4.106250e+02 2.331000e+02
4.105000e+02 2.316000e+02
4.102500e+02 2.302500e+02
4.100000e+02 2.289000e+02
4.097500e+02 2.275500e+02
4.095000e+02 2.262000e+02
4.093750e+02 2.248500e+02
4.092500e+02 2.235000e+02
4.091250e+02 2.221500e+02
4.090000e+02 2.208000e+02
4.088750e+02 2.196000e+02
4.087500e+02 2.184000e+02
4.086250e+02 2.172000e+02
4.085000e+02 2.160000e+02
4.083750e+02 2.145000e+02
4.082500e+02 2.130000e+02
4.081250e+02 2.115000e+02
4.080000e+02 2.100000e+02
4.078750e+02 2.088000e+02
4.077500e+02 2.076000e+02
4.075000e+02 2.052000e+02
4.070000e+02 2.028000e+02
4.065000e+02 2.004000e+02
4.062500e+02 1.965000e+02
4.060000e+02 1.926000e+02
4.057500e+02 1.905000e+02
4.055000e+02 1.884000e+02
4.055000e+02 1.872000e+02
4.055000e+02 1.860000e+02
4.052500e+02 1.836000e+02
4.050000e+02 1.812000e+02
4.047500e+02 1.794000e+02
4.045000e+02 1.776000e+02
4.045000e+02 1.755000e+02
4.045000e+02 1.734000e+02
4.042500e+02 1.716000e+02
4.040000e+02 1.698000e+02
4.040000e+02 1.680000e+02
4.040000e+02 1.662000e+02
4.040000e+02 1.644000e+02
4.040000e+02 1.626000e+02
4.037500e+02 1.614000e+02
4.035000e+02 1.602000e+02
4.035000e+02 1.581000e+02
4.035000e+02 1.560000e+02
4.035000e+02 1.545000e+02
4.035000e+02 1.530000e+02
4.035000e+02 1.512000e+02
4.035000e+02 1.494000e+02
4.032500e+02 1.482000e+02
4.030000e+02 1.470000e+02
4.030000e+02 1.461000e+02
4.030000e+02 1.452000e+02
4.030000e+02 1.446000e+02
4.030000e+02 1.440000e+02
4.030000e+02 1.434000e+02
4.030000e+02 1.428000e+02
4.030000e+02 1.422000e+02
4.030000e+02 1.416000e+02
4.030000e+02 1.413000e+02
4.030000e+02 1.410000e+02
4.030000e+02 1.407000e+02
4.030000e+02 1.404000e+02
4.030000e+02 1.404000e+02
4.030000e+02 1.404000e+02
4.030000e+02 1.401000e+02
4.030000e+02 1.398000e+02
4.030000e+02 1.398000e+02
4.030000e+02 1.398000e+02
