5.650000e+02 2.406000e+02
5.650000e+02 2.406000e+02
5.650000e+02 2.406000e+02
5.647500e+02 2.406000e+02
5.645000e+02 2.406000e+02
5.645000e+02 2.403000e+02
5.645000e+02 2.400000e+02
5.637500e+02 2.394000e+02
5.630000e+02 2.388000e+02
5.625000e+02 2.388000e+02
5.620000e+02 2.388000e+02
5.602500e+02 2.379000e+02
5.585000e+02 2.370000e+02
5.570000e+02 2.367000e+02
5.555000e+02 2.364000e+02
5.550000e+02 2.364000e+02
5.545000e+02 2.364000e+02
5.515000e+02 2.358000e+02
5.485000e+02 2.352000e+02
5.465000e+02 2.349000e+02
5.445000e+02 2.346000e+02
5.422500e+02 2.346000e+02
5.400000e+02 2.346000e+02
5.375000e+02 2.343000e+02
5.350000e+02 2.340000e+02
5.327500e+02 2.340000e+02
5.305000e+02 2.340000e+02
5.277500e+02 2.340000e+02
5.250000e+02 2.340000e+02
5.225000e+02 2.337000e+02
5.200000e+02 2.334000e+02
5.170000e+02 2.334000e+02
5.140000e+02 2.334000e+02
5.115000e+02 2.331000e+02
5.090000e+02 2.328000e+02
5.062500e+02 2.328000e+02
5.035000e+02 2.328000e+02
5.005000e+02 2.328000e+02
4.975000e+02 2.328000e+02
4.947500e+02 2.328000e+02
4.920000e+02 2.328000e+02
4.890000e+02 2.328000e+02
4.860000e+02 2.328000e+02
4.835000e+02 2.325000e+02
4.810000e+02 2.322000e+02
4.797500e+02 2.322000e+02
4.785000e+02 2.322000e+02
4.745000e+02 2.319000e+02
4.705000e+02 2.316000e+02
4.677500e+02 2.313000e+02
4.650000e+02 2.310000e+02
4.622500e+02 2.310000e+02
4.595000e+02 2.310000e+02
4.570000e+02 2.307000e+02
4.545000e+02 2.304000e+02
4.517500e+02 2.301000e+02
4.490000e+02 2.298000e+02
4.467500e+02 2.298000e+02
4.445000e+02 2.298000e+02
4.405000e+02 2.295000e+02
4.365000e+02 2.292000e+02
4.330000e+02 2.286000e+02
4.295000e+02 2.280000e+02
4.267500e+02 2.280000e+02
4.240000e+02 2.280000e+02
4.205000e+02 2.277000e+02
4.170000e+02 2.274000e+02
4.142500e+02 2.274000e+02
4.115000e+02 2.274000e+02
4.090000e+02 2.274000e+02
4.065000e+02 2.274000e+02
4.042500e+02 2.274000e+02
4.020000e+02 2.274000e+02
3.992500e+02 2.274000e+02
3.965000e+02 2.274000e+02
3.942500e+02 2.274000e+02
3.920000e+02 2.274000e+02
3.887500e+02 2.274000e+02
3.855000e+02 2.274000e+02
3.827500e+02 2.274000e+02
3.800000e+02 2.274000e+02
3.757500e+02 2.277000e+02
3.715000e+02 2.280000e+02
3.685000e+02 2.280000e+02
3.655000e+02 2.280000e+02
3.622500e+02 2.283000e+02
3.590000e+02 2.286000e+02
3.562500e+02 2.286000e+02
3.535000e+02 2.286000e+02
3.505000e+02 2.289000e+02
3.475000e+02 2.292000e+02
3.450000e+02 2.295000e+02
3.425000e+02 2.298000e+02
3.395000e+02 2.298000e+02
3.365000e+02 2.298000e+02
3.340000e+02 2.298000e+02
3.315000e+02 2.298000e+02
3.285000e+02 2.301000e+02
3.255000e+02 2.304000e+02
3.230000e+02 2.304000e+02
3.205000e+02 2.304000e+02
3.177500e+02 2.307000e+02
3.150000e+02 2.310000e+02
3.122500e+02 2.310000e+02
3.095000e+02 2.310000e+02
3.070000e+02 2.310000e+02
3.045000e+02 2.310000e+02
3.017500e+02 2.310000e+02
2.990000e+02 2.310000e+02
2.957500e+02 2.310000e+02
2.925000e+02 2.310000e+02
2.912500e+02 2.310000e+02
2.900000e+02 2.310000e+02
2.865000e+02 2.310000e+02
2.830000e+02 2.310000e+02
2.805000e+02 2.310000e+02
2.780000e+02 2.310000e+02
2.755000e+02 2.310000e+02
2.730000e+02 2.310000e+02
2.707500e+02 2.310000e+02
2.685000e+02 2.310000e+02
2.662500e+02 2.310000e+02
2.640000e+02 2.310000e+02
2.630000e+02 2.310000e+02
2.620000e+02 2.310000e+02
2.587500e+02 2.310000e+02
2.555000e+02 2.310000e+02
2.530000e+02 2.310000e+02
2.505000e+02 2.310000e+02
2.482500e+02 2.313000e+02
2.460000e+02 2.316000e+02
2.437500e+02 2.316000e+02
2.415000e+02 2.316000e+02
2.390000e+02 2.316000e+02
2.365000e+02 2.316000e+02
2.345000e+02 2.319000e+02
2.325000e+02 2.322000e+02
2.302500e+02 2.322000e+02
2.280000e+02 2.322000e+02
2.257500e+02 2.322000e+02
2.235000e+02 2.322000e+02
2.212500e+02 2.325000e+02
2.190000e+02 2.328000e+02
2.155000e+02 2.331000e+02
2.120000e+02 2.334000e+02
2.097500e+02 2.334000e+02
2.075000e+02 2.334000e+02
2.030000e+02 2.340000e+02
1.985000e+02 2.346000e+02
1.962500e+02 2.349000e+02
1.940000e+02 2.352000e+02
1.915000e+02 2.355000e+02
1.890000e+02 2.358000e+02
1.865000e+02 2.361000e+02
1.840000e+02 2.364000e+02
1.817500e+02 2.367000e+02
1.795000e+02 2.370000e+02
1.770000e+02 2.376000e+02
1.745000e+02 2.382000e+02
1.725000e+02 2.385000e+02
1.705000e+02 2.388000e+02
1.670000e+02 2.394000e+02
1.635000e+02 2.400000e+02
1.622500e+02 2.403000e+02
1.610000e+02 2.406000e+02
1.582500e+02 2.409000e+02
1.555000e+02 2.412000e+02
1.535000e+02 2.415000e+02
1.515000e+02 2.418000e+02
1.495000e+02 2.421000e+02
1.475000e+02 2.424000e+02
1.457500e+02 2.427000e+02
1.440000e+02 2.430000e+02
1.420000e+02 2.433000e+02
1.400000e+02 2.436000e+02
1.382500e+02 2.439000e+02
1.365000e+02 2.442000e+02
1.350000e+02 2.445000e+02
1.335000e+02 2.448000e+02
1.320000e+02 2.448000e+02
1.305000e+02 2.448000e+02
1.292500e+02 2.451000e+02
1.280000e+02 2.454000e+02
1.262500e+02 2.457000e+02
1.245000e+02 2.460000e+02
1.225000e+02 2.463000e+02
1.205000e+02 2.466000e+02
1.192500e+02 2.466000e+02
1.180000e+02 2.466000e+02
1.170000e+02 2.469000e+02
1.160000e+02 2.472000e+02
1.145000e+02 2.472000e+02
1.125000e+02 2.478000e+02
1.095000e+02 2.478000e+02
1.085000e+02 2.478000e+02
1.075000e+02 2.478000e+02
1.060000e+02 2.478000e+02
1.060000e+02 2.478000e+02
1.055000e+02 2.484000e+02
1.055000e+02 2.484000e+02
5.650000e+02 2.406000e+02
5.650000e+02 2.406000e+02
5.650000e+02 2.406000e+02
5.647500e+02 2.406000e+02
5.645000e+02 2.406000e+02
5.645000e+02 2.403000e+02
5.645000e+02 2.400000e+02
5.637500e+02 2.394000e+02
5.630000e+02 2.388000e+02
5.625000e+02 2.388000e+02
5.620000e+02 2.388000e+02
5.602500e+02 2.379000e+02
5.585000e+02 2.370000e+02
5.570000e+02 2.367000e+02
5.555000e+02 2.364000e+02
5.550000e+02 2.364000e+02
5.545000e+02 2.364000e+02
5.515000e+02 2.358000e+02
5.485000e+02 2.352000e+02
5.465000e+02 2.349000e+02
5.445000e+02 2.346000e+02
5.422500e+02 2.346000e+02
5.400000e+02 2.346000e+02
5.375000e+02 2.343000e+02
5.350000e+02 2.340000e+02
5.327500e+02 2.340000e+02
5.305000e+02 2.340000e+02
5.277500e+02 2.340000e+02
5.250000e+02 2.340000e+02
5.225000e+02 2.337000e+02
5.200000e+02 2.334000e+02
5.170000e+02 2.334000e+02
5.140000e+02 2.334000e+02
5.115000e+02 2.331000e+02
5.090000e+02 2.328000e+02
5.062500e+02 2.328000e+02
5.035000e+02 2.328000e+02
5.005000e+02 2.328000e+02
4.975000e+02 2.328000e+02
4.947500e+02 2.328000e+02
4.920000e+02 2.328000e+02
4.890000e+02 2.328000e+02
4.860000e+02 2.328000e+02
4.835000e+02 2.325000e+02
4.810000e+02 2.322000e+02
4.797500e+02 2.322000e+02
4.785000e+02 2.322000e+02
4.745000e+02 2.319000e+02
4.705000e+02 2.316000e+02
4.677500e+02 2.313000e+02
4.650000e+02 2.310000e+02
4.622500e+02 2.310000e+02
4.595000e+02 2.310000e+02
4.570000e+02 2.307000e+02
4.545000e+02 2.304000e+02
4.517500e+02 2.301000e+02
4.490000e+02 2.298000e+02
4.467500e+02 2.298000e+02
4.445000e+02 2.298000e+02
4.405000e+02 2.295000e+02
4.365000e+02 2.292000e+02
4.330000e+02 2.286000e+02
4.295000e+02 2.280000e+02
4.267500e+02 2.280000e+02
4.240000e+02 2.280000e+02
4.205000e+02 2.277000e+02
4.170000e+02 2.274000e+02
4.142500e+02 2.274000e+02
4.115000e+02 2.274000e+02
4.090000e+02 2.274000e+02
4.065000e+02 2.274000e+02
4.042500e+02 2.274000e+02
4.020000e+02 2.274000e+02
3.992500e+02 2.274000e+02
3.965000e+02 2.274000e+02
3.942500e+02 2.274000e+02
3.920000e+02 2.274000e+02
3.887500e+02 2.274000e+02
3.855000e+02 2.274000e+02
3.827500e+02 2.274000e+02
3.800000e+02 2.274000e+02
3.757500e+02 2.277000e+02
3.715000e+02 2.280000e+02
3.685000e+02 2.280000e+02
3.655000e+02 2.280000e+02
3.622500e+02 2.283000e+02
3.590000e+02 2.286000e+02
3.562500e+02 2.286000e+02
3.535000e+02 2.286000e+02
3.505000e+02 2.289000e+02
3.475000e+02 2.292000e+02
3.450000e+02 2.295000e+02
3.425000e+02 2.298000e+02
3.395000e+02 2.298000e+02
3.365000e+02 2.298000e+02
3.340000e+02 2.298000e+02
3.315000e+02 2.298000e+02
3.285000e+02 2.301000e+02
3.255000e+02 2.304000e+02
3.230000e+02 2.304000e+02
3.205000e+02 2.304000e+02
3.177500e+02 2.307000e+02
3.150000e+02 2.310000e+02
3.122500e+02 2.310000e+02
3.095000e+02 2.310000e+02
3.070000e+02 2.310000e+02
3.045000e+02 2.310000e+02
3.017500e+02 2.310000e+02
2.990000e+02 2.310000e+02
2.957500e+02 2.310000e+02
2.925000e+02 2.310000e+02
2.912500e+02 2.310000e+02
2.900000e+02 2.310000e+02
2.865000e+02 2.310000e+02
2.830000e+02 2.310000e+02
2.805000e+02 2.310000e+02
2.780000e+02 2.310000e+02
2.755000e+02 2.310000e+02
2.730000e+02 2.310000e+02
2.707500e+02 2.310000e+02
2.685000e+02 2.310000e+02
2.662500e+02 2.310000e+02
2.640000e+02 2.310000e+02
2.630000e+02 2.310000e+02
2.620000e+02 2.310000e+02
2.587500e+02 2.310000e+02
2.555000e+02 2.310000e+02
2.530000e+02 2.310000e+02
2.505000e+02 2.310000e+02
2.482500e+02 2.313000e+02
2.460000e+02 2.316000e+02
2.437500e+02 2.316000e+02
2.415000e+02 2.316000e+02
2.390000e+02 2.316000e+02
2.365000e+02 2.316000e+02
2.345000e+02 2.319000e+02
2.325000e+02 2.322000e+02
2.302500e+02 2.322000e+02
2.280000e+02 2.322000e+02
2.257500e+02 2.322000e+02
2.235000e+02 2.322000e+02
2.212500e+02 2.325000e+02
2.190000e+02 2.328000e+02
2.155000e+02 2.331000e+02
2.120000e+02 2.334000e+02
2.097500e+02 2.334000e+02
2.075000e+02 2.334000e+02
2.030000e+02 2.340000e+02
1.985000e+02 2.346000e+02
1.962500e+02 2.349000e+02
1.940000e+02 2.352000e+02
1.915000e+02 2.355000e+02
1.890000e+02 2.358000e+02
1.865000e+02 2.361000e+02
1.840000e+02 2.364000e+02
1.817500e+02 2.367000e+02
1.795000e+02 2.370000e+02
1.770000e+02 2.376000e+02
1.745000e+02 2.382000e+02
1.725000e+02 2.385000e+02
1.705000e+02 2.388000e+02
1.670000e+02 2.394000e+02
1.635000e+02 2.400000e+02
1.622500e+02 2.403000e+02
1.610000e+02 2.406000e+02
1.582500e+02 2.409000e+02
1.555000e+02 2.412000e+02
1.535000e+02 2.415000e+02
1.515000e+02 2.418000e+02
1.495000e+02 2.421000e+02
1.475000e+02 2.424000e+02
1.457500e+02 2.427000e+02
1.440000e+02 2.430000e+02
1.420000e+02 2.433000e+02
1.400000e+02 2.436000e+02
1.382500e+02 2.439000e+02
1.365000e+02 2.442000e+02
1.350000e+02 2.445000e+02
1.335000e+02 2.448000e+02
1.320000e+02 2.448000e+02
1.305000e+02 2.448000e+02
1.292500e+02 2.451000e+02
1.280000e+02 2.454000e+02
1.262500e+02 2.457000e+02
1.245000e+02 2.460000e+02
1.225000e+02 2.463000e+02
1.205000e+02 2.466000e+02
1.192500e+02 2.466000e+02
1.180000e+02 2.466000e+02
1.170000e+02 2.469000e+02
1.160000e+02 2.472000e+02
1.145000e+02 2.472000e+02
1.125000e+02 2.478000e+02
1.095000e+02 2.478000e+02
1.085000e+02 2.478000e+02
1.075000e+02 2.478000e+02
1.060000e+02 2.478000e+02
1.060000e+02 2.478000e+02
1.055000e+02 2.484000e+02
1.055000e+02 2.484000e+02
5.650000e+02 2.406000e+02
5.650000e+02 2.406000e+02
5.650000e+02 2.406000e+02
5.647500e+02 2.406000e+02
5.645000e+02 2.406000e+02
5.645000e+02 2.403000e+02
5.645000e+02 2.400000e+02
5.637500e+02 2.394000e+02
5.630000e+02 2.388000e+02
5.625000e+02 2.388000e+02
5.620000e+02 2.388000e+02
5.602500e+02 2.379000e+02
5.585000e+02 2.370000e+02
5.570000e+02 2.367000e+02
5.555000e+02 2.364000e+02
5.550000e+02 2.364000e+02
5.545000e+02 2.364000e+02
5.515000e+02 2.358000e+02
5.485000e+02 2.352000e+02
5.465000e+02 2.349000e+02
5.445000e+02 2.346000e+02
5.422500e+02 2.346000e+02
5.400000e+02 2.346000e+02
5.375000e+02 2.343000e+02
5.350000e+02 2.340000e+02
5.327500e+02 2.340000e+02
5.305000e+02 2.340000e+02
5.277500e+02 2.340000e+02
5.250000e+02 2.340000e+02
5.225000e+02 2.337000e+02
5.200000e+02 2.334000e+02
5.170000e+02 2.334000e+02
5.140000e+02 2.334000e+02
5.115000e+02 2.331000e+02
5.090000e+02 2.328000e+02
5.062500e+02 2.328000e+02
5.035000e+02 2.328000e+02
5.005000e+02 2.328000e+02
4.975000e+02 2.328000e+02
4.947500e+02 2.328000e+02
4.920000e+02 2.328000e+02
4.890000e+02 2.328000e+02
4.860000e+02 2.328000e+02
4.835000e+02 2.325000e+02
4.810000e+02 2.322000e+02
4.797500e+02 2.322000e+02
4.785000e+02 2.322000e+02
4.745000e+02 2.319000e+02
4.705000e+02 2.316000e+02
4.677500e+02 2.313000e+02
4.650000e+02 2.310000e+02
4.622500e+02 2.310000e+02
4.595000e+02 2.310000e+02
4.570000e+02 2.307000e+02
4.545000e+02 2.304000e+02
4.517500e+02 2.301000e+02
4.490000e+02 2.298000e+02
4.467500e+02 2.298000e+02
4.445000e+02 2.298000e+02
4.405000e+02 2.295000e+02
4.365000e+02 2.292000e+02
4.330000e+02 2.286000e+02
4.295000e+02 2.280000e+02
4.267500e+02 2.280000e+02
4.240000e+02 2.280000e+02
4.205000e+02 2.277000e+02
4.170000e+02 2.274000e+02
4.142500e+02 2.274000e+02
4.115000e+02 2.274000e+02
4.090000e+02 2.274000e+02
4.065000e+02 2.274000e+02
4.042500e+02 2.274000e+02
4.020000e+02 2.274000e+02
3.992500e+02 2.274000e+02
3.965000e+02 2.274000e+02
3.942500e+02 2.274000e+02
3.920000e+02 2.274000e+02
3.887500e+02 2.274000e+02
3.855000e+02 2.274000e+02
3.827500e+02 2.274000e+02
3.800000e+02 2.274000e+02
3.757500e+02 2.277000e+02
3.715000e+02 2.280000e+02
3.685000e+02 2.280000e+02
3.655000e+02 2.280000e+02
3.622500e+02 2.283000e+02
3.590000e+02 2.286000e+02
3.562500e+02 2.286000e+02
3.535000e+02 2.286000e+02
3.505000e+02 2.289000e+02
3.475000e+02 2.292000e+02
3.450000e+02 2.295000e+02
3.425000e+02 2.298000e+02
3.395000e+02 2.298000e+02
3.365000e+02 2.298000e+02
3.340000e+02 2.298000e+02
3.315000e+02 2.298000e+02
3.285000e+02 2.301000e+02
3.255000e+02 2.304000e+02
3.230000e+02 2.304000e+02
3.205000e+02 2.304000e+02
3.177500e+02 2.307000e+02
3.150000e+02 2.310000e+02
3.122500e+02 2.310000e+02
3.095000e+02 2.310000e+02
3.070000e+02 2.310000e+02
3.045000e+02 2.310000e+02
3.017500e+02 2.310000e+02
2.990000e+02 2.310000e+02
2.957500e+02 2.310000e+02
2.925000e+02 2.310000e+02
2.912500e+02 2.310000e+02
2.900000e+02 2.310000e+02
2.865000e+02 2.310000e+02
2.830000e+02 2.310000e+02
2.805000e+02 2.310000e+02
2.780000e+02 2.310000e+02
2.755000e+02 2.310000e+02
2.730000e+02 2.310000e+02
2.707500e+02 2.310000e+02
2.685000e+02 2.310000e+02
2.662500e+02 2.310000e+02
2.640000e+02 2.310000e+02
2.630000e+02 2.310000e+02
2.620000e+02 2.310000e+02
2.587500e+02 2.310000e+02
2.555000e+02 2.310000e+02
2.530000e+02 2.310000e+02
2.505000e+02 2.310000e+02
2.482500e+02 2.313000e+02
2.460000e+02 2.316000e+02
2.437500e+02 2.316000e+02
2.415000e+02 2.316000e+02
2.390000e+02 2.316000e+02
2.365000e+02 2.316000e+02
2.345000e+02 2.319000e+02
2.325000e+02 2.322000e+02
2.302500e+02 2.322000e+02
2.280000e+02 2.322000e+02
2.257500e+02 2.322000e+02
2.235000e+02 2.322000e+02
2.212500e+02 2.325000e+02
2.190000e+02 2.328000e+02
2.155000e+02 2.331000e+02
2.120000e+02 2.334000e+02
2.097500e+02 2.334000e+02
2.075000e+02 2.334000e+02
2.030000e+02 2.340000e+02
1.985000e+02 2.346000e+02
1.962500e+02 2.349000e+02
1.940000e+02 2.352000e+02
1.915000e+02 2.355000e+02
1.890000e+02 2.358000e+02
1.865000e+02 2.361000e+02
1.840000e+02 2.364000e+02
1.817500e+02 2.367000e+02
1.795000e+02 2.370000e+02
1.770000e+02 2.376000e+02
1.745000e+02 2.382000e+02
1.725000e+02 2.385000e+02
1.705000e+02 2.388000e+02
1.670000e+02 2.394000e+02
1.635000e+02 2.400000e+02
1.622500e+02 2.403000e+02
1.610000e+02 2.406000e+02
1.582500e+02 2.409000e+02
1.555000e+02 2.412000e+02
1.535000e+02 2.415000e+02
1.515000e+02 2.418000e+02
1.495000e+02 2.421000e+02
1.475000e+02 2.424000e+02
1.457500e+02 2.427000e+02
1.440000e+02 2.430000e+02
1.420000e+02 2.433000e+02
1.400000e+02 2.436000e+02
1.382500e+02 2.439000e+02
1.365000e+02 2.442000e+02
1.350000e+02 2.445000e+02
1.335000e+02 2.448000e+02
1.320000e+02 2.448000e+02
1.305000e+02 2.448000e+02
1.292500e+02 2.451000e+02
1.280000e+02 2.454000e+02
1.262500e+02 2.457000e+02
1.245000e+02 2.460000e+02
1.225000e+02 2.463000e+02
1.205000e+02 2.466000e+02
1.192500e+02 2.466000e+02
1.180000e+02 2.466000e+02
1.170000e+02 2.469000e+02
1.160000e+02 2.472000e+02
1.145000e+02 2.472000e+02
1.125000e+02 2.478000e+02
1.095000e+02 2.478000e+02
1.085000e+02 2.478000e+02
1.075000e+02 2.478000e+02
1.060000e+02 2.478000e+02
1.060000e+02 2.478000e+02
1.055000e+02 2.484000e+02
1.055000e+02 2.484000e+02
