2.725000e+02 1.614000e+02
2.725000e+02 1.614000e+02
2.725000e+02 1.614000e+02
2.725000e+02 1.614000e+02
2.725000e+02 1.614000e+02
2.725000e+02 1.614000e+02
2.725000e+02 1.614000e+02
2.722500e+02 1.614000e+02
2.720000e+02 1.614000e+02
2.720000e+02 1.614000e+02
2.720000e+02 1.614000e+02
2.720000e+02 1.614000e+02
2.720000e+02 1.614000e+02
2.725000e+02 1.614000e+02
2.730000e+02 1.614000e+02
2.737500e+02 1.614000e+02
2.745000e+02 1.614000e+02
2.767500e+02 1.614000e+02
2.790000e+02 1.614000e+02
2.822500e+02 1.611000e+02
2.855000e+02 1.608000e+02
2.897500e+02 1.602000e+02
2.940000e+02 1.596000e+02
2.987500e+02 1.590000e+02
3.035000e+02 1.584000e+02
3.107500e+02 1.572000e+02
3.180000e+02 1.560000e+02
3.232500e+02 1.554000e+02
3.285000e+02 1.548000e+02
3.337500e+02 1.542000e+02
3.390000e+02 1.536000e+02
3.440000e+02 1.530000e+02
3.490000e+02 1.524000e+02
3.605000e+02 1.518000e+02
3.705000e+02 1.512000e+02
3.805000e+02 1.500000e+02
3.900000e+02 1.500000e+02
3.985000e+02 1.494000e+02
4.080000e+02 1.488000e+02
4.160000e+02 1.482000e+02
4.225000e+02 1.482000e+02
4.295000e+02 1.482000e+02
4.345000e+02 1.482000e+02
4.420000e+02 1.482000e+02
4.460000e+02 1.476000e+02
4.515000e+02 1.476000e+02
4.540000e+02 1.476000e+02
4.560000e+02 1.476000e+02
4.570000e+02 1.476000e+02
4.580000e+02 1.476000e+02
4.585000e+02 1.476000e+02
4.590000e+02 1.476000e+02
4.595000e+02 1.476000e+02
4.600000e+02 1.476000e+02
4.600000e+02 1.476000e+02
4.600000e+02 1.476000e+02
4.605000e+02 1.476000e+02
4.605000e+02 1.476000e+02
4.605000e+02 1.482000e+02
4.605000e+02 1.482000e+02
4.605000e+02 1.488000e+02
4.605000e+02 1.494000e+02
4.600000e+02 1.506000e+02
4.600000e+02 1.524000e+02
4.595000e+02 1.548000e+02
4.585000e+02 1.590000e+02
4.580000e+02 1.638000e+02
4.575000e+02 1.680000e+02
4.570000e+02 1.740000e+02
4.565000e+02 1.794000e+02
4.565000e+02 1.848000e+02
4.555000e+02 1.914000e+02
4.550000e+02 1.968000e+02
4.540000e+02 2.058000e+02
4.535000e+02 2.118000e+02
4.535000e+02 2.148000e+02
4.525000e+02 2.244000e+02
4.515000e+02 2.328000e+02
4.510000e+02 2.412000e+02
4.505000e+02 2.466000e+02
4.500000e+02 2.526000e+02
4.495000e+02 2.574000e+02
4.490000e+02 2.634000e+02
4.485000e+02 2.688000e+02
4.475000e+02 2.742000e+02
4.470000e+02 2.796000e+02
4.465000e+02 2.838000e+02
4.460000e+02 2.874000e+02
4.455000e+02 2.910000e+02
4.450000e+02 2.946000e+02
4.440000e+02 2.976000e+02
4.435000e+02 3.000000e+02
4.425000e+02 3.024000e+02
4.420000e+02 3.030000e+02
4.410000e+02 3.042000e+02
4.405000e+02 3.048000e+02
4.395000e+02 3.054000e+02
4.380000e+02 3.054000e+02
4.345000e+02 3.060000e+02
4.300000e+02 3.060000e+02
4.225000e+02 3.054000e+02
4.160000e+02 3.048000e+02
4.045000e+02 3.036000e+02
3.945000e+02 3.024000e+02
3.845000e+02 3.024000e+02
3.790000e+02 3.018000e+02
3.620000e+02 3.018000e+02
3.505000e+02 3.018000e+02
3.380000e+02 3.030000e+02
3.250000e+02 3.042000e+02
3.135000e+02 3.048000e+02
3.015000e+02 3.060000e+02
2.895000e+02 3.078000e+02
2.765000e+02 3.090000e+02
2.640000e+02 3.108000e+02
2.535000e+02 3.126000e+02
2.430000e+02 3.144000e+02
2.330000e+02 3.162000e+02
2.230000e+02 3.180000e+02
2.150000e+02 3.198000e+02
2.080000e+02 3.204000e+02
2.015000e+02 3.216000e+02
1.965000e+02 3.222000e+02
1.930000e+02 3.222000e+02
1.900000e+02 3.228000e+02
1.885000e+02 3.228000e+02
1.860000e+02 3.228000e+02
1.855000e+02 3.222000e+02
1.845000e+02 3.222000e+02
1.845000e+02 3.216000e+02
1.840000e+02 3.216000e+02
1.840000e+02 3.210000e+02
1.840000e+02 3.210000e+02
1.845000e+02 3.204000e+02
1.850000e+02 3.186000e+02
1.860000e+02 3.150000e+02
1.880000e+02 3.108000e+02
1.900000e+02 3.036000e+02
1.920000e+02 2.976000e+02
1.955000e+02 2.868000e+02
1.965000e+02 2.832000e+02
1.990000e+02 2.730000e+02
2.010000e+02 2.628000e+02
2.030000e+02 2.538000e+02
2.045000e+02 2.448000e+02
2.060000e+02 2.376000e+02
2.075000e+02 2.304000e+02
2.090000e+02 2.232000e+02
2.115000e+02 2.148000e+02
2.125000e+02 2.100000e+02
2.135000e+02 2.058000e+02
2.145000e+02 2.022000e+02
2.160000e+02 1.974000e+02
2.175000e+02 1.932000e+02
2.185000e+02 1.896000e+02
2.200000e+02 1.860000e+02
2.215000e+02 1.812000e+02
2.230000e+02 1.776000e+02
2.240000e+02 1.752000e+02
2.245000e+02 1.728000e+02
2.250000e+02 1.704000e+02
2.260000e+02 1.686000e+02
2.265000e+02 1.668000e+02
2.270000e+02 1.656000e+02
2.275000e+02 1.644000e+02
2.280000e+02 1.638000e+02
2.285000e+02 1.632000e+02
2.290000e+02 1.626000e+02
2.295000e+02 1.626000e+02
2.310000e+02 1.620000e+02
2.325000e+02 1.614000e+02
2.360000e+02 1.614000e+02
2.370000e+02 1.614000e+02
2.415000e+02 1.614000e+02
2.455000e+02 1.620000e+02
2.495000e+02 1.620000e+02
2.560000e+02 1.626000e+02
2.630000e+02 1.632000e+02
2.705000e+02 1.632000e+02
2.785000e+02 1.632000e+02
2.865000e+02 1.626000e+02
2.965000e+02 1.620000e+02
3.065000e+02 1.614000e+02
3.170000e+02 1.608000e+02
3.265000e+02 1.602000e+02
3.360000e+02 1.596000e+02
3.455000e+02 1.584000e+02
3.535000e+02 1.578000e+02
3.595000e+02 1.572000e+02
3.650000e+02 1.572000e+02
3.690000e+02 1.566000e+02
3.720000e+02 1.566000e+02
3.750000e+02 1.566000e+02
3.760000e+02 1.566000e+02
3.770000e+02 1.566000e+02
3.770000e+02 1.566000e+02
3.775000e+02 1.572000e+02
3.780000e+02 1.572000e+02
3.785000e+02 1.572000e+02
3.785000e+02 1.572000e+02
2.725000e+02 1.614000e+02
2.725000e+02 1.614000e+02
2.725000e+02 1.614000e+02
2.725000e+02 1.614000e+02
2.725000e+02 1.614000e+02
2.725000e+02 1.614000e+02
2.725000e+02 1.614000e+02
2.722500e+02 1.614000e+02
2.720000e+02 1.614000e+02
2.720000e+02 1.614000e+02
2.720000e+02 1.614000e+02
2.720000e+02 1.614000e+02
2.720000e+02 1.614000e+02
2.725000e+02 1.614000e+02
2.730000e+02 1.614000e+02
2.737500e+02 1.614000e+02
2.745000e+02 1.614000e+02
2.767500e+02 1.614000e+02
2.790000e+02 1.614000e+02
2.822500e+02 1.611000e+02
2.855000e+02 1.608000e+02
2.897500e+02 1.602000e+02
2.940000e+02 1.596000e+02
2.987500e+02 1.590000e+02
3.035000e+02 1.584000e+02
3.107500e+02 1.572000e+02
3.180000e+02 1.560000e+02
3.232500e+02 1.554000e+02
3.285000e+02 1.548000e+02
3.337500e+02 1.542000e+02
3.390000e+02 1.536000e+02
3.440000e+02 1.530000e+02
3.490000e+02 1.524000e+02
3.605000e+02 1.518000e+02
3.705000e+02 1.512000e+02
3.805000e+02 1.500000e+02
3.900000e+02 1.500000e+02
3.985000e+02 1.494000e+02
4.080000e+02 1.488000e+02
4.160000e+02 1.482000e+02
4.225000e+02 1.482000e+02
4.295000e+02 1.482000e+02
4.345000e+02 1.482000e+02
4.420000e+02 1.482000e+02
4.460000e+02 1.476000e+02
4.515000e+02 1.476000e+02
4.540000e+02 1.476000e+02
4.560000e+02 1.476000e+02
4.570000e+02 1.476000e+02
4.580000e+02 1.476000e+02
4.585000e+02 1.476000e+02
4.590000e+02 1.476000e+02
4.595000e+02 1.476000e+02
4.600000e+02 1.476000e+02
4.600000e+02 1.476000e+02
4.600000e+02 1.476000e+02
4.605000e+02 1.476000e+02
4.605000e+02 1.476000e+02
4.605000e+02 1.482000e+02
4.605000e+02 1.482000e+02
4.605000e+02 1.488000e+02
4.605000e+02 1.494000e+02
4.600000e+02 1.506000e+02
4.600000e+02 1.524000e+02
4.595000e+02 1.548000e+02
4.585000e+02 1.590000e+02
4.580000e+02 1.638000e+02
4.575000e+02 1.680000e+02
4.570000e+02 1.740000e+02
4.565000e+02 1.794000e+02
4.565000e+02 1.848000e+02
4.555000e+02 1.914000e+02
4.550000e+02 1.968000e+02
4.540000e+02 2.058000e+02
4.535000e+02 2.118000e+02
4.535000e+02 2.148000e+02
4.525000e+02 2.244000e+02
4.515000e+02 2.328000e+02
4.510000e+02 2.412000e+02
4.505000e+02 2.466000e+02
4.500000e+02 2.526000e+02
4.495000e+02 2.574000e+02
4.490000e+02 2.634000e+02
4.485000e+02 2.688000e+02
4.475000e+02 2.742000e+02
4.470000e+02 2.796000e+02
4.465000e+02 2.838000e+02
4.460000e+02 2.874000e+02
4.455000e+02 2.910000e+02
4.450000e+02 2.946000e+02
4.440000e+02 2.976000e+02
4.435000e+02 3.000000e+02
4.425000e+02 3.024000e+02
4.420000e+02 3.030000e+02
4.410000e+02 3.042000e+02
4.405000e+02 3.048000e+02
4.395000e+02 3.054000e+02
4.380000e+02 3.054000e+02
4.345000e+02 3.060000e+02
4.300000e+02 3.060000e+02
4.225000e+02 3.054000e+02
4.160000e+02 3.048000e+02
4.045000e+02 3.036000e+02
3.945000e+02 3.024000e+02
3.845000e+02 3.024000e+02
3.790000e+02 3.018000e+02
3.620000e+02 3.018000e+02
3.505000e+02 3.018000e+02
3.380000e+02 3.030000e+02
3.250000e+02 3.042000e+02
3.135000e+02 3.048000e+02
3.015000e+02 3.060000e+02
2.895000e+02 3.078000e+02
2.765000e+02 3.090000e+02
2.640000e+02 3.108000e+02
2.535000e+02 3.126000e+02
2.430000e+02 3.144000e+02
2.330000e+02 3.162000e+02
2.230000e+02 3.180000e+02
2.150000e+02 3.198000e+02
2.080000e+02 3.204000e+02
2.015000e+02 3.216000e+02
1.965000e+02 3.222000e+02
1.930000e+02 3.222000e+02
1.900000e+02 3.228000e+02
1.885000e+02 3.228000e+02
1.860000e+02 3.228000e+02
1.855000e+02 3.222000e+02
1.845000e+02 3.222000e+02
1.845000e+02 3.216000e+02
1.840000e+02 3.216000e+02
1.840000e+02 3.210000e+02
1.840000e+02 3.210000e+02
1.845000e+02 3.204000e+02
1.850000e+02 3.186000e+02
1.860000e+02 3.150000e+02
1.880000e+02 3.108000e+02
1.900000e+02 3.036000e+02
1.920000e+02 2.976000e+02
1.955000e+02 2.868000e+02
1.965000e+02 2.832000e+02
1.990000e+02 2.730000e+02
2.010000e+02 2.628000e+02
2.030000e+02 2.538000e+02
2.045000e+02 2.448000e+02
2.060000e+02 2.376000e+02
2.075000e+02 2.304000e+02
2.090000e+02 2.232000e+02
2.115000e+02 2.148000e+02
2.125000e+02 2.100000e+02
2.135000e+02 2.058000e+02
2.145000e+02 2.022000e+02
2.160000e+02 1.974000e+02
2.175000e+02 1.932000e+02
2.185000e+02 1.896000e+02
2.200000e+02 1.860000e+02
2.215000e+02 1.812000e+02
2.230000e+02 1.776000e+02
2.240000e+02 1.752000e+02
2.245000e+02 1.728000e+02
2.250000e+02 1.704000e+02
2.260000e+02 1.686000e+02
2.265000e+02 1.668000e+02
2.270000e+02 1.656000e+02
2.275000e+02 1.644000e+02
2.280000e+02 1.638000e+02
2.285000e+02 1.632000e+02
2.290000e+02 1.626000e+02
2.295000e+02 1.626000e+02
2.310000e+02 1.620000e+02
2.325000e+02 1.614000e+02
2.360000e+02 1.614000e+02
2.370000e+02 1.614000e+02
2.415000e+02 1.614000e+02
2.455000e+02 1.620000e+02
2.495000e+02 1.620000e+02
2.560000e+02 1.626000e+02
2.630000e+02 1.632000e+02
2.705000e+02 1.632000e+02
2.785000e+02 1.632000e+02
2.865000e+02 1.626000e+02
2.965000e+02 1.620000e+02
3.065000e+02 1.614000e+02
3.170000e+02 1.608000e+02
3.265000e+02 1.602000e+02
3.360000e+02 1.596000e+02
3.455000e+02 1.584000e+02
3.535000e+02 1.578000e+02
3.595000e+02 1.572000e+02
3.650000e+02 1.572000e+02
3.690000e+02 1.566000e+02
3.720000e+02 1.566000e+02
3.750000e+02 1.566000e+02
3.760000e+02 1.566000e+02
3.770000e+02 1.566000e+02
3.770000e+02 1.566000e+02
3.775000e+02 1.572000e+02
3.780000e+02 1.572000e+02
3.785000e+02 1.572000e+02
3.785000e+02 1.572000e+02
2.725000e+02 1.614000e+02
2.725000e+02 1.614000e+02
2.725000e+02 1.614000e+02
2.725000e+02 1.614000e+02
2.725000e+02 1.614000e+02
2.725000e+02 1.614000e+02
2.725000e+02 1.614000e+02
2.722500e+02 1.614000e+02
2.720000e+02 1.614000e+02
2.720000e+02 1.614000e+02
2.720000e+02 1.614000e+02
2.720000e+02 1.614000e+02
2.720000e+02 1.614000e+02
2.725000e+02 1.614000e+02
2.730000e+02 1.614000e+02
2.737500e+02 1.614000e+02
2.745000e+02 1.614000e+02
2.767500e+02 1.614000e+02
2.790000e+02 1.614000e+02
2.822500e+02 1.611000e+02
2.855000e+02 1.608000e+02
2.897500e+02 1.602000e+02
2.940000e+02 1.596000e+02
2.987500e+02 1.590000e+02
3.035000e+02 1.584000e+02
3.107500e+02 1.572000e+02
3.180000e+02 1.560000e+02
3.232500e+02 1.554000e+02
3.285000e+02 1.548000e+02
3.337500e+02 1.542000e+02
3.390000e+02 1.536000e+02
3.440000e+02 1.530000e+02
3.490000e+02 1.524000e+02
3.605000e+02 1.518000e+02
3.705000e+02 1.512000e+02
3.805000e+02 1.500000e+02
3.900000e+02 1.500000e+02
3.985000e+02 1.494000e+02
4.080000e+02 1.488000e+02
4.160000e+02 1.482000e+02
4.225000e+02 1.482000e+02
4.295000e+02 1.482000e+02
4.345000e+02 1.482000e+02
4.420000e+02 1.482000e+02
4.460000e+02 1.476000e+02
4.515000e+02 1.476000e+02
4.540000e+02 1.476000e+02
4.560000e+02 1.476000e+02
4.570000e+02 1.476000e+02
4.580000e+02 1.476000e+02
4.585000e+02 1.476000e+02
4.590000e+02 1.476000e+02
4.595000e+02 1.476000e+02
4.600000e+02 1.476000e+02
4.600000e+02 1.476000e+02
4.600000e+02 1.476000e+02
4.605000e+02 1.476000e+02
4.605000e+02 1.476000e+02
4.605000e+02 1.482000e+02
4.605000e+02 1.482000e+02
4.605000e+02 1.488000e+02
4.605000e+02 1.494000e+02
4.600000e+02 1.506000e+02
4.600000e+02 1.524000e+02
4.595000e+02 1.548000e+02
4.585000e+02 1.590000e+02
4.580000e+02 1.638000e+02
4.575000e+02 1.680000e+02
4.570000e+02 1.740000e+02
4.565000e+02 1.794000e+02
4.565000e+02 1.848000e+02
4.555000e+02 1.914000e+02
4.550000e+02 1.968000e+02
4.540000e+02 2.058000e+02
4.535000e+02 2.118000e+02
4.535000e+02 2.148000e+02
4.525000e+02 2.244000e+02
4.515000e+02 2.328000e+02
4.510000e+02 2.412000e+02
4.505000e+02 2.466000e+02
4.500000e+02 2.526000e+02
4.495000e+02 2.574000e+02
4.490000e+02 2.634000e+02
4.485000e+02 2.688000e+02
4.475000e+02 2.742000e+02
4.470000e+02 2.796000e+02
4.465000e+02 2.838000e+02
4.460000e+02 2.874000e+02
4.455000e+02 2.910000e+02
4.450000e+02 2.946000e+02
4.440000e+02 2.976000e+02
4.435000e+02 3.000000e+02
4.425000e+02 3.024000e+02
4.420000e+02 3.030000e+02
4.410000e+02 3.042000e+02
4.405000e+02 3.048000e+02
4.395000e+02 3.054000e+02
4.380000e+02 3.054000e+02
4.345000e+02 3.060000e+02
4.300000e+02 3.060000e+02
4.225000e+02 3.054000e+02
4.160000e+02 3.048000e+02
4.045000e+02 3.036000e+02
3.945000e+02 3.024000e+02
3.845000e+02 3.024000e+02
3.790000e+02 3.018000e+02
3.620000e+02 3.018000e+02
3.505000e+02 3.018000e+02
3.380000e+02 3.030000e+02
3.250000e+02 3.042000e+02
3.135000e+02 3.048000e+02
3.015000e+02 3.060000e+02
2.895000e+02 3.078000e+02
2.765000e+02 3.090000e+02
2.640000e+02 3.108000e+02
2.535000e+02 3.126000e+02
2.430000e+02 3.144000e+02
2.330000e+02 3.162000e+02
2.230000e+02 3.180000e+02
2.150000e+02 3.198000e+02
2.080000e+02 3.204000e+02
2.015000e+02 3.216000e+02
1.965000e+02 3.222000e+02
1.930000e+02 3.222000e+02
1.900000e+02 3.228000e+02
1.885000e+02 3.228000e+02
1.860000e+02 3.228000e+02
1.855000e+02 3.222000e+02
1.845000e+02 3.222000e+02
1.845000e+02 3.216000e+02
1.840000e+02 3.216000e+02
1.840000e+02 3.210000e+02
1.840000e+02 3.210000e+02
1.845000e+02 3.204000e+02
1.850000e+02 3.186000e+02
1.860000e+02 3.150000e+02
1.880000e+02 3.108000e+02
1.900000e+02 3.036000e+02
1.920000e+02 2.976000e+02
1.955000e+02 2.868000e+02
1.965000e+02 2.832000e+02
1.990000e+02 2.730000e+02
2.010000e+02 2.628000e+02
2.030000e+02 2.538000e+02
2.045000e+02 2.448000e+02
2.060000e+02 2.376000e+02
2.075000e+02 2.304000e+02
2.090000e+02 2.232000e+02
2.115000e+02 2.148000e+02
2.125000e+02 2.100000e+02
2.135000e+02 2.058000e+02
2.145000e+02 2.022000e+02
2.160000e+02 1.974000e+02
2.175000e+02 1.932000e+02
2.185000e+02 1.896000e+02
2.200000e+02 1.860000e+02
2.215000e+02 1.812000e+02
2.230000e+02 1.776000e+02
2.240000e+02 1.752000e+02
2.245000e+02 1.728000e+02
2.250000e+02 1.704000e+02
2.260000e+02 1.686000e+02
2.265000e+02 1.668000e+02
2.270000e+02 1.656000e+02
2.275000e+02 1.644000e+02
2.280000e+02 1.638000e+02
2.285000e+02 1.632000e+02
2.290000e+02 1.626000e+02
2.295000e+02 1.626000e+02
2.310000e+02 1.620000e+02
2.325000e+02 1.614000e+02
2.360000e+02 1.614000e+02
2.370000e+02 1.614000e+02
2.415000e+02 1.614000e+02
2.455000e+02 1.620000e+02
2.495000e+02 1.620000e+02
2.560000e+02 1.626000e+02
2.630000e+02 1.632000e+02
2.705000e+02 1.632000e+02
2.785000e+02 1.632000e+02
2.865000e+02 1.626000e+02
2.965000e+02 1.620000e+02
3.065000e+02 1.614000e+02
3.170000e+02 1.608000e+02
3.265000e+02 1.602000e+02
3.360000e+02 1.596000e+02
3.455000e+02 1.584000e+02
3.535000e+02 1.578000e+02
3.595000e+02 1.572000e+02
3.650000e+02 1.572000e+02
3.690000e+02 1.566000e+02
3.720000e+02 1.566000e+02
3.750000e+02 1.566000e+02
3.760000e+02 1.566000e+02
3.770000e+02 1.566000e+02
3.770000e+02 1.566000e+02
3.775000e+02 1.572000e+02
3.780000e+02 1.572000e+02
3.785000e+02 1.572000e+02
3.785000e+02 1.572000e+02
