2.385000e+02 3.390000e+02
2.385000e+02 3.390000e+02
2.385000e+02 3.390000e+02
2.387500e+02 3.378000e+02
2.390000e+02 3.366000e+02
2.392500e+02 3.354000e+02
2.395000e+02 3.342000e+02
2.405000e+02 3.309000e+02
2.415000e+02 3.276000e+02
2.422500e+02 3.240000e+02
2.430000e+02 3.204000e+02
2.437500e+02 3.159000e+02
2.445000e+02 3.114000e+02
2.450000e+02 3.090000e+02
2.455000e+02 3.066000e+02
2.465000e+02 3.009000e+02
2.475000e+02 2.952000e+02
2.485000e+02 2.886000e+02
2.495000e+02 2.820000e+02
2.502500e+02 2.784000e+02
2.510000e+02 2.748000e+02
2.520000e+02 2.682000e+02
2.530000e+02 2.616000e+02
2.537500e+02 2.550000e+02
2.545000e+02 2.484000e+02
2.550000e+02 2.451000e+02
2.555000e+02 2.418000e+02
2.565000e+02 2.349000e+02
2.575000e+02 2.280000e+02
2.587500e+02 2.217000e+02
2.600000e+02 2.154000e+02
2.605000e+02 2.121000e+02
2.610000e+02 2.088000e+02
2.622500e+02 2.025000e+02
2.635000e+02 1.962000e+02
2.645000e+02 1.902000e+02
2.655000e+02 1.842000e+02
2.675000e+02 1.734000e+02
2.690000e+02 1.620000e+02
2.705000e+02 1.518000e+02
2.720000e+02 1.422000e+02
2.725000e+02 1.374000e+02
2.740000e+02 1.278000e+02
2.755000e+02 1.200000e+02
2.775000e+02 1.128000e+02
2.795000e+02 1.074000e+02
2.805000e+02 1.044000e+02
2.825000e+02 1.008000e+02
2.855000e+02 9.780000e+01
2.885000e+02 9.600000e+01
2.910000e+02 9.540000e+01
2.940000e+02 9.540000e+01
2.970000e+02 9.720000e+01
3.000000e+02 1.002000e+02
3.030000e+02 1.038000e+02
3.050000e+02 1.062000e+02
3.090000e+02 1.122000e+02
3.110000e+02 1.152000e+02
3.150000e+02 1.224000e+02
3.170000e+02 1.260000e+02
3.245000e+02 1.398000e+02
3.270000e+02 1.446000e+02
3.325000e+02 1.548000e+02
3.375000e+02 1.668000e+02
3.435000e+02 1.794000e+02
3.485000e+02 1.926000e+02
3.535000e+02 2.052000e+02
3.555000e+02 2.118000e+02
3.605000e+02 2.250000e+02
3.645000e+02 2.382000e+02
3.665000e+02 2.442000e+02
3.710000e+02 2.574000e+02
3.755000e+02 2.700000e+02
3.770000e+02 2.760000e+02
3.815000e+02 2.880000e+02
3.855000e+02 3.000000e+02
3.870000e+02 3.060000e+02
3.910000e+02 3.174000e+02
3.950000e+02 3.276000e+02
3.965000e+02 3.324000e+02
4.000000e+02 3.414000e+02
4.035000e+02 3.492000e+02
4.045000e+02 3.534000e+02
4.075000e+02 3.594000e+02
4.085000e+02 3.624000e+02
4.110000e+02 3.672000e+02
4.125000e+02 3.702000e+02
4.135000e+02 3.714000e+02
4.140000e+02 3.732000e+02
4.145000e+02 3.738000e+02
4.140000e+02 3.738000e+02
4.130000e+02 3.732000e+02
4.115000e+02 3.714000e+02
4.085000e+02 3.690000e+02
4.075000e+02 3.672000e+02
4.030000e+02 3.624000e+02
3.980000e+02 3.576000e+02
3.945000e+02 3.540000e+02
3.875000e+02 3.480000e+02
3.780000e+02 3.402000e+02
3.730000e+02 3.366000e+02
3.600000e+02 3.270000e+02
3.460000e+02 3.180000e+02
3.390000e+02 3.126000e+02
3.240000e+02 3.030000e+02
3.085000e+02 2.934000e+02
2.930000e+02 2.850000e+02
2.845000e+02 2.802000e+02
2.765000e+02 2.754000e+02
2.605000e+02 2.676000e+02
2.440000e+02 2.598000e+02
2.355000e+02 2.568000e+02
2.190000e+02 2.508000e+02
2.100000e+02 2.472000e+02
1.860000e+02 2.394000e+02
1.725000e+02 2.358000e+02
1.605000e+02 2.334000e+02
1.550000e+02 2.322000e+02
1.455000e+02 2.304000e+02
1.385000e+02 2.286000e+02
1.355000e+02 2.280000e+02
1.310000e+02 2.262000e+02
1.280000e+02 2.244000e+02
1.270000e+02 2.238000e+02
1.275000e+02 2.220000e+02
1.300000e+02 2.196000e+02
1.320000e+02 2.184000e+02
1.385000e+02 2.154000e+02
1.470000e+02 2.106000e+02
1.525000e+02 2.082000e+02
1.660000e+02 2.034000e+02
1.820000e+02 1.980000e+02
1.990000e+02 1.926000e+02
2.080000e+02 1.908000e+02
2.275000e+02 1.848000e+02
2.465000e+02 1.788000e+02
2.570000e+02 1.764000e+02
2.765000e+02 1.704000e+02
2.950000e+02 1.644000e+02
3.035000e+02 1.620000e+02
3.210000e+02 1.578000e+02
3.370000e+02 1.530000e+02
3.455000e+02 1.506000e+02
3.605000e+02 1.464000e+02
3.735000e+02 1.434000e+02
3.845000e+02 1.416000e+02
3.895000e+02 1.410000e+02
3.965000e+02 1.398000e+02
4.025000e+02 1.386000e+02
4.045000e+02 1.386000e+02
4.080000e+02 1.380000e+02
4.095000e+02 1.380000e+02
4.100000e+02 1.380000e+02
4.095000e+02 1.386000e+02
4.075000e+02 1.398000e+02
4.060000e+02 1.404000e+02
4.025000e+02 1.422000e+02
3.975000e+02 1.446000e+02
3.945000e+02 1.470000e+02
3.880000e+02 1.512000e+02
3.800000e+02 1.566000e+02
3.755000e+02 1.602000e+02
3.660000e+02 1.668000e+02
3.610000e+02 1.704000e+02
3.505000e+02 1.788000e+02
3.385000e+02 1.878000e+02
3.250000e+02 1.986000e+02
3.185000e+02 2.040000e+02
3.110000e+02 2.094000e+02
2.955000e+02 2.208000e+02
2.880000e+02 2.262000e+02
2.805000e+02 2.316000e+02
2.645000e+02 2.424000e+02
2.475000e+02 2.544000e+02
2.395000e+02 2.598000e+02
2.245000e+02 2.712000e+02
2.095000e+02 2.814000e+02
2.025000e+02 2.868000e+02
1.885000e+02 2.970000e+02
1.815000e+02 3.018000e+02
1.695000e+02 3.114000e+02
1.590000e+02 3.186000e+02
1.500000e+02 3.258000e+02
1.430000e+02 3.318000e+02
1.395000e+02 3.342000e+02
1.340000e+02 3.384000e+02
1.290000e+02 3.420000e+02
1.275000e+02 3.438000e+02
1.240000e+02 3.462000e+02
1.215000e+02 3.480000e+02
1.210000e+02 3.480000e+02
1.195000e+02 3.492000e+02
1.190000e+02 3.498000e+02
1.185000e+02 3.498000e+02
1.185000e+02 3.498000e+02
1.180000e+02 3.498000e+02
1.180000e+02 3.504000e+02
1.185000e+02 3.504000e+02
1.190000e+02 3.504000e+02
1.190000e+02 3.504000e+02
2.385000e+02 3.390000e+02
2.385000e+02 3.390000e+02
2.385000e+02 3.390000e+02
2.387500e+02 3.378000e+02
2.390000e+02 3.366000e+02
2.392500e+02 3.354000e+02
2.395000e+02 3.342000e+02
2.405000e+02 3.309000e+02
2.415000e+02 3.276000e+02
2.422500e+02 3.240000e+02
2.430000e+02 3.204000e+02
2.437500e+02 3.159000e+02
2.445000e+02 3.114000e+02
2.450000e+02 3.090000e+02
2.455000e+02 3.066000e+02
2.465000e+02 3.009000e+02
2.475000e+02 2.952000e+02
2.485000e+02 2.886000e+02
2.495000e+02 2.820000e+02
2.502500e+02 2.784000e+02
2.510000e+02 2.748000e+02
2.520000e+02 2.682000e+02
2.530000e+02 2.616000e+02
2.537500e+02 2.550000e+02
2.545000e+02 2.484000e+02
2.550000e+02 2.451000e+02
2.555000e+02 2.418000e+02
2.565000e+02 2.349000e+02
2.575000e+02 2.280000e+02
2.587500e+02 2.217000e+02
2.600000e+02 2.154000e+02
2.605000e+02 2.121000e+02
2.610000e+02 2.088000e+02
2.622500e+02 2.025000e+02
2.635000e+02 1.962000e+02
2.645000e+02 1.902000e+02
2.655000e+02 1.842000e+02
2.675000e+02 1.734000e+02
2.690000e+02 1.620000e+02
2.705000e+02 1.518000e+02
2.720000e+02 1.422000e+02
2.725000e+02 1.374000e+02
2.740000e+02 1.278000e+02
2.755000e+02 1.200000e+02
2.775000e+02 1.128000e+02
2.795000e+02 1.074000e+02
2.805000e+02 1.044000e+02
2.825000e+02 1.008000e+02
2.855000e+02 9.780000e+01
2.885000e+02 9.600000e+01
2.910000e+02 9.540000e+01
2.940000e+02 9.540000e+01
2.970000e+02 9.720000e+01
3.000000e+02 1.002000e+02
3.030000e+02 1.038000e+02
3.050000e+02 1.062000e+02
3.090000e+02 1.122000e+02
3.110000e+02 1.152000e+02
3.150000e+02 1.224000e+02
3.170000e+02 1.260000e+02
3.245000e+02 1.398000e+02
3.270000e+02 1.446000e+02
3.325000e+02 1.548000e+02
3.375000e+02 1.668000e+02
3.435000e+02 1.794000e+02
3.485000e+02 1.926000e+02
3.535000e+02 2.052000e+02
3.555000e+02 2.118000e+02
3.605000e+02 2.250000e+02
3.645000e+02 2.382000e+02
3.665000e+02 2.442000e+02
3.710000e+02 2.574000e+02
3.755000e+02 2.700000e+02
3.770000e+02 2.760000e+02
3.815000e+02 2.880000e+02
3.855000e+02 3.000000e+02
3.870000e+02 3.060000e+02
3.910000e+02 3.174000e+02
3.950000e+02 3.276000e+02
3.965000e+02 3.324000e+02
4.000000e+02 3.414000e+02
4.035000e+02 3.492000e+02
4.045000e+02 3.534000e+02
4.075000e+02 3.594000e+02
4.085000e+02 3.624000e+02
4.110000e+02 3.672000e+02
4.125000e+02 3.702000e+02
4.135000e+02 3.714000e+02
4.140000e+02 3.732000e+02
4.145000e+02 3.738000e+02
4.140000e+02 3.738000e+02
4.130000e+02 3.732000e+02
4.115000e+02 3.714000e+02
4.085000e+02 3.690000e+02
4.075000e+02 3.672000e+02
4.030000e+02 3.624000e+02
3.980000e+02 3.576000e+02
3.945000e+02 3.540000e+02
3.875000e+02 3.480000e+02
3.780000e+02 3.402000e+02
3.730000e+02 3.366000e+02
3.600000e+02 3.270000e+02
3.460000e+02 3.180000e+02
3.390000e+02 3.126000e+02
3.240000e+02 3.030000e+02
3.085000e+02 2.934000e+02
2.930000e+02 2.850000e+02
2.845000e+02 2.802000e+02
2.765000e+02 2.754000e+02
2.605000e+02 2.676000e+02
2.440000e+02 2.598000e+02
2.355000e+02 2.568000e+02
2.190000e+02 2.508000e+02
2.100000e+02 2.472000e+02
1.860000e+02 2.394000e+02
1.725000e+02 2.358000e+02
1.605000e+02 2.334000e+02
1.550000e+02 2.322000e+02
1.455000e+02 2.304000e+02
1.385000e+02 2.286000e+02
1.355000e+02 2.280000e+02
1.310000e+02 2.262000e+02
1.280000e+02 2.244000e+02
1.270000e+02 2.238000e+02
1.275000e+02 2.220000e+02
1.300000e+02 2.196000e+02
1.320000e+02 2.184000e+02
1.385000e+02 2.154000e+02
1.470000e+02 2.106000e+02
1.525000e+02 2.082000e+02
1.660000e+02 2.034000e+02
1.820000e+02 1.980000e+02
1.990000e+02 1.926000e+02
2.080000e+02 1.908000e+02
2.275000e+02 1.848000e+02
2.465000e+02 1.788000e+02
2.570000e+02 1.764000e+02
2.765000e+02 1.704000e+02
2.950000e+02 1.644000e+02
3.035000e+02 1.620000e+02
3.210000e+02 1.578000e+02
3.370000e+02 1.530000e+02
3.455000e+02 1.506000e+02
3.605000e+02 1.464000e+02
3.735000e+02 1.434000e+02
3.845000e+02 1.416000e+02
3.895000e+02 1.410000e+02
3.965000e+02 1.398000e+02
4.025000e+02 1.386000e+02
4.045000e+02 1.386000e+02
4.080000e+02 1.380000e+02
4.095000e+02 1.380000e+02
4.100000e+02 1.380000e+02
4.095000e+02 1.386000e+02
4.075000e+02 1.398000e+02
4.060000e+02 1.404000e+02
4.025000e+02 1.422000e+02
3.975000e+02 1.446000e+02
3.945000e+02 1.470000e+02
3.880000e+02 1.512000e+02
3.800000e+02 1.566000e+02
3.755000e+02 1.602000e+02
3.660000e+02 1.668000e+02
3.610000e+02 1.704000e+02
3.505000e+02 1.788000e+02
3.385000e+02 1.878000e+02
3.250000e+02 1.986000e+02
3.185000e+02 2.040000e+02
3.110000e+02 2.094000e+02
2.955000e+02 2.208000e+02
2.880000e+02 2.262000e+02
2.805000e+02 2.316000e+02
2.645000e+02 2.424000e+02
2.475000e+02 2.544000e+02
2.395000e+02 2.598000e+02
2.245000e+02 2.712000e+02
2.095000e+02 2.814000e+02
2.025000e+02 2.868000e+02
1.885000e+02 2.970000e+02
1.815000e+02 3.018000e+02
1.695000e+02 3.114000e+02
1.590000e+02 3.186000e+02
1.500000e+02 3.258000e+02
1.430000e+02 3.318000e+02
1.395000e+02 3.342000e+02
1.340000e+02 3.384000e+02
1.290000e+02 3.420000e+02
1.275000e+02 3.438000e+02
1.240000e+02 3.462000e+02
1.215000e+02 3.480000e+02
1.210000e+02 3.480000e+02
1.195000e+02 3.492000e+02
1.190000e+02 3.498000e+02
1.185000e+02 3.498000e+02
1.185000e+02 3.498000e+02
1.180000e+02 3.498000e+02
1.180000e+02 3.504000e+02
1.185000e+02 3.504000e+02
1.190000e+02 3.504000e+02
1.190000e+02 3.504000e+02
2.385000e+02 3.390000e+02
2.385000e+02 3.390000e+02
2.385000e+02 3.390000e+02
2.387500e+02 3.378000e+02
2.390000e+02 3.366000e+02
2.392500e+02 3.354000e+02
2.395000e+02 3.342000e+02
2.405000e+02 3.309000e+02
2.415000e+02 3.276000e+02
2.422500e+02 3.240000e+02
2.430000e+02 3.204000e+02
2.437500e+02 3.159000e+02
2.445000e+02 3.114000e+02
2.450000e+02 3.090000e+02
2.455000e+02 3.066000e+02
2.465000e+02 3.009000e+02
2.475000e+02 2.952000e+02
2.485000e+02 2.886000e+02
2.495000e+02 2.820000e+02
2.502500e+02 2.784000e+02
2.510000e+02 2.748000e+02
2.520000e+02 2.682000e+02
2.530000e+02 2.616000e+02
2.537500e+02 2.550000e+02
2.545000e+02 2.484000e+02
2.550000e+02 2.451000e+02
2.555000e+02 2.418000e+02
2.565000e+02 2.349000e+02
2.575000e+02 2.280000e+02
2.587500e+02 2.217000e+02
2.600000e+02 2.154000e+02
2.605000e+02 2.121000e+02
2.610000e+02 2.088000e+02
2.622500e+02 2.025000e+02
2.635000e+02 1.962000e+02
2.645000e+02 1.902000e+02
2.655000e+02 1.842000e+02
2.675000e+02 1.734000e+02
2.690000e+02 1.620000e+02
2.705000e+02 1.518000e+02
2.720000e+02 1.422000e+02
2.725000e+02 1.374000e+02
2.740000e+02 1.278000e+02
2.755000e+02 1.200000e+02
2.775000e+02 1.128000e+02
2.795000e+02 1.074000e+02
2.805000e+02 1.044000e+02
2.825000e+02 1.008000e+02
2.855000e+02 9.780000e+01
2.885000e+02 9.600000e+01
2.910000e+02 9.540000e+01
2.940000e+02 9.540000e+01
2.970000e+02 9.720000e+01
3.000000e+02 1.002000e+02
3.030000e+02 1.038000e+02
3.050000e+02 1.062000e+02
3.090000e+02 1.122000e+02
3.110000e+02 1.152000e+02
3.150000e+02 1.224000e+02
3.170000e+02 1.260000e+02
3.245000e+02 1.398000e+02
3.270000e+02 1.446000e+02
3.325000e+02 1.548000e+02
3.375000e+02 1.668000e+02
3.435000e+02 1.794000e+02
3.485000e+02 1.926000e+02
3.535000e+02 2.052000e+02
3.555000e+02 2.118000e+02
3.605000e+02 2.250000e+02
3.645000e+02 2.382000e+02
3.665000e+02 2.442000e+02
3.710000e+02 2.574000e+02
3.755000e+02 2.700000e+02
3.770000e+02 2.760000e+02
3.815000e+02 2.880000e+02
3.855000e+02 3.000000e+02
3.870000e+02 3.060000e+02
3.910000e+02 3.174000e+02
3.950000e+02 3.276000e+02
3.965000e+02 3.324000e+02
4.000000e+02 3.414000e+02
4.035000e+02 3.492000e+02
4.045000e+02 3.534000e+02
4.075000e+02 3.594000e+02
4.085000e+02 3.624000e+02
4.110000e+02 3.672000e+02
4.125000e+02 3.702000e+02
4.135000e+02 3.714000e+02
4.140000e+02 3.732000e+02
4.145000e+02 3.738000e+02
4.140000e+02 3.738000e+02
4.130000e+02 3.732000e+02
4.115000e+02 3.714000e+02
4.085000e+02 3.690000e+02
4.075000e+02 3.672000e+02
4.030000e+02 3.624000e+02
3.980000e+02 3.576000e+02
3.945000e+02 3.540000e+02
3.875000e+02 3.480000e+02
3.780000e+02 3.402000e+02
3.730000e+02 3.366000e+02
3.600000e+02 3.270000e+02
3.460000e+02 3.180000e+02
3.390000e+02 3.126000e+02
3.240000e+02 3.030000e+02
3.085000e+02 2.934000e+02
2.930000e+02 2.850000e+02
2.845000e+02 2.802000e+02
2.765000e+02 2.754000e+02
2.605000e+02 2.676000e+02
2.440000e+02 2.598000e+02
2.355000e+02 2.568000e+02
2.190000e+02 2.508000e+02
2.100000e+02 2.472000e+02
1.860000e+02 2.394000e+02
1.725000e+02 2.358000e+02
1.605000e+02 2.334000e+02
1.550000e+02 2.322000e+02
1.455000e+02 2.304000e+02
1.385000e+02 2.286000e+02
1.355000e+02 2.280000e+02
1.310000e+02 2.262000e+02
1.280000e+02 2.244000e+02
1.270000e+02 2.238000e+02
1.275000e+02 2.220000e+02
1.300000e+02 2.196000e+02
1.320000e+02 2.184000e+02
1.385000e+02 2.154000e+02
1.470000e+02 2.106000e+02
1.525000e+02 2.082000e+02
1.660000e+02 2.034000e+02
1.820000e+02 1.980000e+02
1.990000e+02 1.926000e+02
2.080000e+02 1.908000e+02
2.275000e+02 1.848000e+02
2.465000e+02 1.788000e+02
2.570000e+02 1.764000e+02
2.765000e+02 1.704000e+02
2.950000e+02 1.644000e+02
3.035000e+02 1.620000e+02
3.210000e+02 1.578000e+02
3.370000e+02 1.530000e+02
3.455000e+02 1.506000e+02
3.605000e+02 1.464000e+02
3.735000e+02 1.434000e+02
3.845000e+02 1.416000e+02
3.895000e+02 1.410000e+02
3.965000e+02 1.398000e+02
4.025000e+02 1.386000e+02
4.045000e+02 1.386000e+02
4.080000e+02 1.380000e+02
4.095000e+02 1.380000e+02
4.100000e+02 1.380000e+02
4.095000e+02 1.386000e+02
4.075000e+02 1.398000e+02
4.060000e+02 1.404000e+02
4.025000e+02 1.422000e+02
3.975000e+02 1.446000e+02
3.945000e+02 1.470000e+02
3.880000e+02 1.512000e+02
3.800000e+02 1.566000e+02
3.755000e+02 1.602000e+02
3.660000e+02 1.668000e+02
3.610000e+02 1.704000e+02
3.505000e+02 1.788000e+02
3.385000e+02 1.878000e+02
3.250000e+02 1.986000e+02
3.185000e+02 2.040000e+02
3.110000e+02 2.094000e+02
2.955000e+02 2.208000e+02
2.880000e+02 2.262000e+02
2.805000e+02 2.316000e+02
2.645000e+02 2.424000e+02
2.475000e+02 2.544000e+02
2.395000e+02 2.598000e+02
2.245000e+02 2.712000e+02
2.095000e+02 2.814000e+02
2.025000e+02 2.868000e+02
1.885000e+02 2.970000e+02
1.815000e+02 3.018000e+02
1.695000e+02 3.114000e+02
1.590000e+02 3.186000e+02
1.500000e+02 3.258000e+02
1.430000e+02 3.318000e+02
1.395000e+02 3.342000e+02
1.340000e+02 3.384000e+02
1.290000e+02 3.420000e+02
1.275000e+02 3.438000e+02
1.240000e+02 3.462000e+02
1.215000e+02 3.480000e+02
1.210000e+02 3.480000e+02
1.195000e+02 3.492000e+02
1.190000e+02 3.498000e+02
1.185000e+02 3.498000e+02
1.185000e+02 3.498000e+02
1.180000e+02 3.498000e+02
1.180000e+02 3.504000e+02
1.185000e+02 3.504000e+02
1.190000e+02 3.504000e+02
1.190000e+02 3.504000e+02
