5.405000e+02 2.730000e+02
5.402500e+02 2.730000e+02
5.400000e+02 2.730000e+02
5.397500e+02 2.730000e+02
5.395000e+02 2.730000e+02
5.391250e+02 2.728500e+02
5.387500e+02 2.727000e+02
5.383750e+02 2.725500e+02
5.380000e+02 2.724000e+02
5.373750e+02 2.724000e+02
5.367500e+02 2.724000e+02
5.361250e+02 2.724000e+02
5.355000e+02 2.724000e+02
5.343750e+02 2.722500e+02
5.332500e+02 2.721000e+02
5.321250e+02 2.719500e+02
5.310000e+02 2.718000e+02
5.301250e+02 2.718000e+02
5.292500e+02 2.718000e+02
5.283750e+02 2.718000e+02
5.275000e+02 2.718000e+02
5.263750e+02 2.718000e+02
5.252500e+02 2.718000e+02
5.241250e+02 2.718000e+02
5.230000e+02 2.718000e+02
5.218750e+02 2.718000e+02
5.207500e+02 2.718000e+02
5.196250e+02 2.718000e+02
5.185000e+02 2.718000e+02
5.172500e+02 2.716500e+02
5.160000e+02 2.715000e+02
5.135000e+02 2.712000e+02
5.110000e+02 2.712000e+02
5.085000e+02 2.712000e+02
5.062500e+02 2.712000e+02
5.040000e+02 2.712000e+02
5.010000e+02 2.709000e+02
4.980000e+02 2.706000e+02
4.940000e+02 2.703000e+02
4.900000e+02 2.700000e+02
4.870000e+02 2.700000e+02
4.840000e+02 2.700000e+02
4.812500e+02 2.697000e+02
4.785000e+02 2.694000e+02
4.752500e+02 2.694000e+02
4.720000e+02 2.694000e+02
4.690000e+02 2.691000e+02
4.660000e+02 2.688000e+02
4.630000e+02 2.685000e+02
4.600000e+02 2.682000e+02
4.570000e+02 2.682000e+02
4.540000e+02 2.682000e+02
4.507500e+02 2.679000e+02
4.475000e+02 2.676000e+02
4.442500e+02 2.673000e+02
4.410000e+02 2.670000e+02
4.375000e+02 2.667000e+02
4.340000e+02 2.664000e+02
4.307500e+02 2.661000e+02
4.275000e+02 2.658000e+02
4.237500e+02 2.658000e+02
4.200000e+02 2.658000e+02
4.165000e+02 2.655000e+02
4.130000e+02 2.652000e+02
4.095000e+02 2.649000e+02
4.060000e+02 2.646000e+02
4.020000e+02 2.643000e+02
3.980000e+02 2.640000e+02
3.945000e+02 2.640000e+02
3.910000e+02 2.640000e+02
3.872500e+02 2.637000e+02
3.835000e+02 2.634000e+02
3.797500e+02 2.634000e+02
3.760000e+02 2.634000e+02
3.725000e+02 2.631000e+02
3.690000e+02 2.628000e+02
3.652500e+02 2.625000e+02
3.615000e+02 2.622000e+02
3.580000e+02 2.622000e+02
3.545000e+02 2.622000e+02
3.507500e+02 2.619000e+02
3.470000e+02 2.616000e+02
3.437500e+02 2.613000e+02
3.405000e+02 2.610000e+02
3.350000e+02 2.607000e+02
3.295000e+02 2.604000e+02
3.275000e+02 2.601000e+02
3.255000e+02 2.598000e+02
3.202500e+02 2.595000e+02
3.150000e+02 2.592000e+02
3.117500e+02 2.592000e+02
3.085000e+02 2.592000e+02
3.047500e+02 2.589000e+02
3.010000e+02 2.586000e+02
2.977500e+02 2.583000e+02
2.945000e+02 2.580000e+02
2.912500e+02 2.577000e+02
2.880000e+02 2.574000e+02
2.847500e+02 2.574000e+02
2.815000e+02 2.574000e+02
2.785000e+02 2.571000e+02
2.755000e+02 2.568000e+02
2.725000e+02 2.565000e+02
2.695000e+02 2.562000e+02
2.662500e+02 2.562000e+02
2.630000e+02 2.562000e+02
2.602500e+02 2.556000e+02
2.575000e+02 2.550000e+02
2.545000e+02 2.547000e+02
2.515000e+02 2.544000e+02
2.490000e+02 2.541000e+02
2.465000e+02 2.538000e+02
2.440000e+02 2.538000e+02
2.415000e+02 2.538000e+02
2.385000e+02 2.535000e+02
2.355000e+02 2.532000e+02
2.320000e+02 2.529000e+02
2.285000e+02 2.526000e+02
2.257500e+02 2.526000e+02
2.230000e+02 2.526000e+02
2.207500e+02 2.526000e+02
2.185000e+02 2.526000e+02
2.157500e+02 2.526000e+02
2.130000e+02 2.526000e+02
2.107500e+02 2.526000e+02
2.085000e+02 2.526000e+02
2.062500e+02 2.526000e+02
2.040000e+02 2.526000e+02
2.015000e+02 2.526000e+02
1.990000e+02 2.526000e+02
1.957500e+02 2.526000e+02
1.925000e+02 2.526000e+02
1.887500e+02 2.526000e+02
1.850000e+02 2.526000e+02
1.820000e+02 2.529000e+02
1.790000e+02 2.532000e+02
1.765000e+02 2.532000e+02
1.740000e+02 2.532000e+02
1.730000e+02 2.535000e+02
1.720000e+02 2.538000e+02
1.687500e+02 2.538000e+02
1.655000e+02 2.538000e+02
1.632500e+02 2.541000e+02
1.610000e+02 2.544000e+02
1.590000e+02 2.547000e+02
1.570000e+02 2.550000e+02
1.552500e+02 2.550000e+02
1.535000e+02 2.550000e+02
1.512500e+02 2.553000e+02
1.490000e+02 2.556000e+02
1.472500e+02 2.559000e+02
1.455000e+02 2.562000e+02
1.437500e+02 2.562000e+02
1.420000e+02 2.562000e+02
1.402500e+02 2.562000e+02
1.385000e+02 2.562000e+02
1.367500e+02 2.565000e+02
1.350000e+02 2.568000e+02
1.335000e+02 2.568000e+02
1.320000e+02 2.568000e+02
1.305000e+02 2.571000e+02
1.290000e+02 2.574000e+02
1.277500e+02 2.574000e+02
1.265000e+02 2.574000e+02
1.242500e+02 2.574000e+02
1.220000e+02 2.574000e+02
1.205000e+02 2.574000e+02
1.190000e+02 2.574000e+02
1.182500e+02 2.574000e+02
1.175000e+02 2.574000e+02
1.160000e+02 2.577000e+02
1.145000e+02 2.580000e+02
1.137500e+02 2.580000e+02
1.130000e+02 2.580000e+02
1.122500e+02 2.580000e+02
1.115000e+02 2.580000e+02
1.107500e+02 2.580000e+02
1.100000e+02 2.580000e+02
1.095000e+02 2.580000e+02
1.090000e+02 2.580000e+02
1.085000e+02 2.580000e+02
1.080000e+02 2.580000e+02
1.077500e+02 2.580000e+02
1.075000e+02 2.580000e+02
1.070000e+02 2.580000e+02
1.065000e+02 2.580000e+02
1.062500e+02 2.580000e+02
1.060000e+02 2.580000e+02
1.057500e+02 2.580000e+02
1.055000e+02 2.580000e+02
1.055000e+02 2.580000e+02
1.055000e+02 2.580000e+02
1.052500e+02 2.577000e+02
1.050000e+02 2.574000e+02
1.047500e+02 2.574000e+02
1.045000e+02 2.574000e+02
1.045000e+02 2.577000e+02
1.045000e+02 2.580000e+02
1.045000e+02 2.580000e+02
1.045000e+02 2.580000e+02
5.405000e+02 2.730000e+02
5.402500e+02 2.730000e+02
5.400000e+02 2.730000e+02
5.397500e+02 2.730000e+02
5.395000e+02 2.730000e+02
5.391250e+02 2.728500e+02
5.387500e+02 2.727000e+02
5.383750e+02 2.725500e+02
5.380000e+02 2.724000e+02
5.373750e+02 2.724000e+02
5.367500e+02 2.724000e+02
5.361250e+02 2.724000e+02
5.355000e+02 2.724000e+02
5.343750e+02 2.722500e+02
5.332500e+02 2.721000e+02
5.321250e+02 2.719500e+02
5.310000e+02 2.718000e+02
5.301250e+02 2.718000e+02
5.292500e+02 2.718000e+02
5.283750e+02 2.718000e+02
5.275000e+02 2.718000e+02
5.263750e+02 2.718000e+02
5.252500e+02 2.718000e+02
5.241250e+02 2.718000e+02
5.230000e+02 2.718000e+02
5.218750e+02 2.718000e+02
5.207500e+02 2.718000e+02
5.196250e+02 2.718000e+02
5.185000e+02 2.718000e+02
5.172500e+02 2.716500e+02
5.160000e+02 2.715000e+02
5.135000e+02 2.712000e+02
5.110000e+02 2.712000e+02
5.085000e+02 2.712000e+02
5.062500e+02 2.712000e+02
5.040000e+02 2.712000e+02
5.010000e+02 2.709000e+02
4.980000e+02 2.706000e+02
4.940000e+02 2.703000e+02
4.900000e+02 2.700000e+02
4.870000e+02 2.700000e+02
4.840000e+02 2.700000e+02
4.812500e+02 2.697000e+02
4.785000e+02 2.694000e+02
4.752500e+02 2.694000e+02
4.720000e+02 2.694000e+02
4.690000e+02 2.691000e+02
4.660000e+02 2.688000e+02
4.630000e+02 2.685000e+02
4.600000e+02 2.682000e+02
4.570000e+02 2.682000e+02
4.540000e+02 2.682000e+02
4.507500e+02 2.679000e+02
4.475000e+02 2.676000e+02
4.442500e+02 2.673000e+02
4.410000e+02 2.670000e+02
4.375000e+02 2.667000e+02
4.340000e+02 2.664000e+02
4.307500e+02 2.661000e+02
4.275000e+02 2.658000e+02
4.237500e+02 2.658000e+02
4.200000e+02 2.658000e+02
4.165000e+02 2.655000e+02
4.130000e+02 2.652000e+02
4.095000e+02 2.649000e+02
4.060000e+02 2.646000e+02
4.020000e+02 2.643000e+02
3.980000e+02 2.640000e+02
3.945000e+02 2.640000e+02
3.910000e+02 2.640000e+02
3.872500e+02 2.637000e+02
3.835000e+02 2.634000e+02
3.797500e+02 2.634000e+02
3.760000e+02 2.634000e+02
3.725000e+02 2.631000e+02
3.690000e+02 2.628000e+02
3.652500e+02 2.625000e+02
3.615000e+02 2.622000e+02
3.580000e+02 2.622000e+02
3.545000e+02 2.622000e+02
3.507500e+02 2.619000e+02
3.470000e+02 2.616000e+02
3.437500e+02 2.613000e+02
3.405000e+02 2.610000e+02
3.350000e+02 2.607000e+02
3.295000e+02 2.604000e+02
3.275000e+02 2.601000e+02
3.255000e+02 2.598000e+02
3.202500e+02 2.595000e+02
3.150000e+02 2.592000e+02
3.117500e+02 2.592000e+02
3.085000e+02 2.592000e+02
3.047500e+02 2.589000e+02
3.010000e+02 2.586000e+02
2.977500e+02 2.583000e+02
2.945000e+02 2.580000e+02
2.912500e+02 2.577000e+02
2.880000e+02 2.574000e+02
2.847500e+02 2.574000e+02
2.815000e+02 2.574000e+02
2.785000e+02 2.571000e+02
2.755000e+02 2.568000e+02
2.725000e+02 2.565000e+02
2.695000e+02 2.562000e+02
2.662500e+02 2.562000e+02
2.630000e+02 2.562000e+02
2.602500e+02 2.556000e+02
2.575000e+02 2.550000e+02
2.545000e+02 2.547000e+02
2.515000e+02 2.544000e+02
2.490000e+02 2.541000e+02
2.465000e+02 2.538000e+02
2.440000e+02 2.538000e+02
2.415000e+02 2.538000e+02
2.385000e+02 2.535000e+02
2.355000e+02 2.532000e+02
2.320000e+02 2.529000e+02
2.285000e+02 2.526000e+02
2.257500e+02 2.526000e+02
2.230000e+02 2.526000e+02
2.207500e+02 2.526000e+02
2.185000e+02 2.526000e+02
2.157500e+02 2.526000e+02
2.130000e+02 2.526000e+02
2.107500e+02 2.526000e+02
2.085000e+02 2.526000e+02
2.062500e+02 2.526000e+02
2.040000e+02 2.526000e+02
2.015000e+02 2.526000e+02
1.990000e+02 2.526000e+02
1.957500e+02 2.526000e+02
1.925000e+02 2.526000e+02
1.887500e+02 2.526000e+02
1.850000e+02 2.526000e+02
1.820000e+02 2.529000e+02
1.790000e+02 2.532000e+02
1.765000e+02 2.532000e+02
1.740000e+02 2.532000e+02
1.730000e+02 2.535000e+02
1.720000e+02 2.538000e+02
1.687500e+02 2.538000e+02
1.655000e+02 2.538000e+02
1.632500e+02 2.541000e+02
1.610000e+02 2.544000e+02
1.590000e+02 2.547000e+02
1.570000e+02 2.550000e+02
1.552500e+02 2.550000e+02
1.535000e+02 2.550000e+02
1.512500e+02 2.553000e+02
1.490000e+02 2.556000e+02
1.472500e+02 2.559000e+02
1.455000e+02 2.562000e+02
1.437500e+02 2.562000e+02
1.420000e+02 2.562000e+02
1.402500e+02 2.562000e+02
1.385000e+02 2.562000e+02
1.367500e+02 2.565000e+02
1.350000e+02 2.568000e+02
1.335000e+02 2.568000e+02
1.320000e+02 2.568000e+02
1.305000e+02 2.571000e+02
1.290000e+02 2.574000e+02
1.277500e+02 2.574000e+02
1.265000e+02 2.574000e+02
1.242500e+02 2.574000e+02
1.220000e+02 2.574000e+02
1.205000e+02 2.574000e+02
1.190000e+02 2.574000e+02
1.182500e+02 2.574000e+02
1.175000e+02 2.574000e+02
1.160000e+02 2.577000e+02
1.145000e+02 2.580000e+02
1.137500e+02 2.580000e+02
1.130000e+02 2.580000e+02
1.122500e+02 2.580000e+02
1.115000e+02 2.580000e+02
1.107500e+02 2.580000e+02
1.100000e+02 2.580000e+02
1.095000e+02 2.580000e+02
1.090000e+02 2.580000e+02
1.085000e+02 2.580000e+02
1.080000e+02 2.580000e+02
1.077500e+02 2.580000e+02
1.075000e+02 2.580000e+02
1.070000e+02 2.580000e+02
1.065000e+02 2.580000e+02
1.062500e+02 2.580000e+02
1.060000e+02 2.580000e+02
1.057500e+02 2.580000e+02
1.055000e+02 2.580000e+02
1.055000e+02 2.580000e+02
1.055000e+02 2.580000e+02
1.052500e+02 2.577000e+02
1.050000e+02 2.574000e+02
1.047500e+02 2.574000e+02
1.045000e+02 2.574000e+02
1.045000e+02 2.577000e+02
1.045000e+02 2.580000e+02
1.045000e+02 2.580000e+02
1.045000e+02 2.580000e+02
5.405000e+02 2.730000e+02
5.402500e+02 2.730000e+02
5.400000e+02 2.730000e+02
5.397500e+02 2.730000e+02
5.395000e+02 2.730000e+02
5.391250e+02 2.728500e+02
5.387500e+02 2.727000e+02
5.383750e+02 2.725500e+02
5.380000e+02 2.724000e+02
5.373750e+02 2.724000e+02
5.367500e+02 2.724000e+02
5.361250e+02 2.724000e+02
5.355000e+02 2.724000e+02
5.343750e+02 2.722500e+02
5.332500e+02 2.721000e+02
5.321250e+02 2.719500e+02
5.310000e+02 2.718000e+02
5.301250e+02 2.718000e+02
5.292500e+02 2.718000e+02
5.283750e+02 2.718000e+02
5.275000e+02 2.718000e+02
5.263750e+02 2.718000e+02
5.252500e+02 2.718000e+02
5.241250e+02 2.718000e+02
5.230000e+02 2.718000e+02
5.218750e+02 2.718000e+02
5.207500e+02 2.718000e+02
5.196250e+02 2.718000e+02
5.185000e+02 2.718000e+02
5.172500e+02 2.716500e+02
5.160000e+02 2.715000e+02
5.135000e+02 2.712000e+02
5.110000e+02 2.712000e+02
5.085000e+02 2.712000e+02
5.062500e+02 2.712000e+02
5.040000e+02 2.712000e+02
5.010000e+02 2.709000e+02
4.980000e+02 2.706000e+02
4.940000e+02 2.703000e+02
4.900000e+02 2.700000e+02
4.870000e+02 2.700000e+02
4.840000e+02 2.700000e+02
4.812500e+02 2.697000e+02
4.785000e+02 2.694000e+02
4.752500e+02 2.694000e+02
4.720000e+02 2.694000e+02
4.690000e+02 2.691000e+02
4.660000e+02 2.688000e+02
4.630000e+02 2.685000e+02
4.600000e+02 2.682000e+02
4.570000e+02 2.682000e+02
4.540000e+02 2.682000e+02
4.507500e+02 2.679000e+02
4.475000e+02 2.676000e+02
4.442500e+02 2.673000e+02
4.410000e+02 2.670000e+02
4.375000e+02 2.667000e+02
4.340000e+02 2.664000e+02
4.307500e+02 2.661000e+02
4.275000e+02 2.658000e+02
4.237500e+02 2.658000e+02
4.200000e+02 2.658000e+02
4.165000e+02 2.655000e+02
4.130000e+02 2.652000e+02
4.095000e+02 2.649000e+02
4.060000e+02 2.646000e+02
4.020000e+02 2.643000e+02
3.980000e+02 2.640000e+02
3.945000e+02 2.640000e+02
3.910000e+02 2.640000e+02
3.872500e+02 2.637000e+02
3.835000e+02 2.634000e+02
3.797500e+02 2.634000e+02
3.760000e+02 2.634000e+02
3.725000e+02 2.631000e+02
3.690000e+02 2.628000e+02
3.652500e+02 2.625000e+02
3.615000e+02 2.622000e+02
3.580000e+02 2.622000e+02
3.545000e+02 2.622000e+02
3.507500e+02 2.619000e+02
3.470000e+02 2.616000e+02
3.437500e+02 2.613000e+02
3.405000e+02 2.610000e+02
3.350000e+02 2.607000e+02
3.295000e+02 2.604000e+02
3.275000e+02 2.601000e+02
3.255000e+02 2.598000e+02
3.202500e+02 2.595000e+02
3.150000e+02 2.592000e+02
3.117500e+02 2.592000e+02
3.085000e+02 2.592000e+02
3.047500e+02 2.589000e+02
3.010000e+02 2.586000e+02
2.977500e+02 2.583000e+02
2.945000e+02 2.580000e+02
2.912500e+02 2.577000e+02
2.880000e+02 2.574000e+02
2.847500e+02 2.574000e+02
2.815000e+02 2.574000e+02
2.785000e+02 2.571000e+02
2.755000e+02 2.568000e+02
2.725000e+02 2.565000e+02
2.695000e+02 2.562000e+02
2.662500e+02 2.562000e+02
2.630000e+02 2.562000e+02
2.602500e+02 2.556000e+02
2.575000e+02 2.550000e+02
2.545000e+02 2.547000e+02
2.515000e+02 2.544000e+02
2.490000e+02 2.541000e+02
2.465000e+02 2.538000e+02
2.440000e+02 2.538000e+02
2.415000e+02 2.538000e+02
2.385000e+02 2.535000e+02
2.355000e+02 2.532000e+02
2.320000e+02 2.529000e+02
2.285000e+02 2.526000e+02
2.257500e+02 2.526000e+02
2.230000e+02 2.526000e+02
2.207500e+02 2.526000e+02
2.185000e+02 2.526000e+02
2.157500e+02 2.526000e+02
2.130000e+02 2.526000e+02
2.107500e+02 2.526000e+02
2.085000e+02 2.526000e+02
2.062500e+02 2.526000e+02
2.040000e+02 2.526000e+02
2.015000e+02 2.526000e+02
1.990000e+02 2.526000e+02
1.957500e+02 2.526000e+02
1.925000e+02 2.526000e+02
1.887500e+02 2.526000e+02
1.850000e+02 2.526000e+02
1.820000e+02 2.529000e+02
1.790000e+02 2.532000e+02
1.765000e+02 2.532000e+02
1.740000e+02 2.532000e+02
1.730000e+02 2.535000e+02
1.720000e+02 2.538000e+02
1.687500e+02 2.538000e+02
1.655000e+02 2.538000e+02
1.632500e+02 2.541000e+02
1.610000e+02 2.544000e+02
1.590000e+02 2.547000e+02
1.570000e+02 2.550000e+02
1.552500e+02 2.550000e+02
1.535000e+02 2.550000e+02
1.512500e+02 2.553000e+02
1.490000e+02 2.556000e+02
1.472500e+02 2.559000e+02
1.455000e+02 2.562000e+02
1.437500e+02 2.562000e+02
1.420000e+02 2.562000e+02
1.402500e+02 2.562000e+02
1.385000e+02 2.562000e+02
1.367500e+02 2.565000e+02
1.350000e+02 2.568000e+02
1.335000e+02 2.568000e+02
1.320000e+02 2.568000e+02
1.305000e+02 2.571000e+02
1.290000e+02 2.574000e+02
1.277500e+02 2.574000e+02
1.265000e+02 2.574000e+02
1.242500e+02 2.574000e+02
1.220000e+02 2.574000e+02
1.205000e+02 2.574000e+02
1.190000e+02 2.574000e+02
1.182500e+02 2.574000e+02
1.175000e+02 2.574000e+02
1.160000e+02 2.577000e+02
1.145000e+02 2.580000e+02
1.137500e+02 2.580000e+02
1.130000e+02 2.580000e+02
1.122500e+02 2.580000e+02
1.115000e+02 2.580000e+02
1.107500e+02 2.580000e+02
1.100000e+02 2.580000e+02
1.095000e+02 2.580000e+02
1.090000e+02 2.580000e+02
1.085000e+02 2.580000e+02
1.080000e+02 2.580000e+02
1.077500e+02 2.580000e+02
1.075000e+02 2.580000e+02
1.070000e+02 2.580000e+02
1.065000e+02 2.580000e+02
1.062500e+02 2.580000e+02
1.060000e+02 2.580000e+02
1.057500e+02 2.580000e+02
1.055000e+02 2.580000e+02
1.055000e+02 2.580000e+02
1.055000e+02 2.580000e+02
1.052500e+02 2.577000e+02
1.050000e+02 2.574000e+02
1.047500e+02 2.574000e+02
1.045000e+02 2.574000e+02
1.045000e+02 2.577000e+02
1.045000e+02 2.580000e+02
1.045000e+02 2.580000e+02
1.045000e+02 2.580000e+02
