3.615000e+02 4.164000e+02
3.615000e+02 4.164000e+02
3.615000e+02 4.164000e+02
3.615000e+02 4.164000e+02
3.615000e+02 4.164000e+02
3.615000e+02 4.164000e+02
3.615000e+02 4.164000e+02
3.615000e+02 4.164000e+02
3.615000e+02 4.164000e+02
3.613750e+02 4.162500e+02
3.612500e+02 4.161000e+02
3.611250e+02 4.159500e+02
3.610000e+02 4.158000e+02
3.608750e+02 4.153500e+02
3.607500e+02 4.149000e+02
3.606250e+02 4.144500e+02
3.605000e+02 4.140000e+02
3.601250e+02 4.129500e+02
3.597500e+02 4.119000e+02
3.593750e+02 4.108500e+02
3.590000e+02 4.098000e+02
3.585000e+02 4.078500e+02
3.580000e+02 4.059000e+02
3.575000e+02 4.039500e+02
3.570000e+02 4.020000e+02
3.567500e+02 4.002000e+02
3.565000e+02 3.984000e+02
3.562500e+02 3.966000e+02
3.560000e+02 3.948000e+02
3.556250e+02 3.930000e+02
3.552500e+02 3.912000e+02
3.548750e+02 3.894000e+02
3.545000e+02 3.876000e+02
3.542500e+02 3.856500e+02
3.540000e+02 3.837000e+02
3.537500e+02 3.817500e+02
3.535000e+02 3.798000e+02
3.533750e+02 3.780000e+02
3.532500e+02 3.762000e+02
3.531250e+02 3.744000e+02
3.530000e+02 3.726000e+02
3.527500e+02 3.705000e+02
3.525000e+02 3.684000e+02
3.522500e+02 3.663000e+02
3.520000e+02 3.642000e+02
3.518750e+02 3.624000e+02
3.517500e+02 3.606000e+02
3.516250e+02 3.588000e+02
3.515000e+02 3.570000e+02
3.513750e+02 3.547500e+02
3.512500e+02 3.525000e+02
3.511250e+02 3.502500e+02
3.510000e+02 3.480000e+02
3.508750e+02 3.453000e+02
3.507500e+02 3.426000e+02
3.506250e+02 3.399000e+02
3.505000e+02 3.372000e+02
3.505000e+02 3.355500e+02
3.505000e+02 3.339000e+02
3.505000e+02 3.322500e+02
3.505000e+02 3.306000e+02
3.505000e+02 3.288000e+02
3.505000e+02 3.270000e+02
3.505000e+02 3.252000e+02
3.505000e+02 3.234000e+02
3.505000e+02 3.216000e+02
3.505000e+02 3.198000e+02
3.505000e+02 3.180000e+02
3.505000e+02 3.162000e+02
3.505000e+02 3.142500e+02
3.505000e+02 3.123000e+02
3.505000e+02 3.103500e+02
3.505000e+02 3.084000e+02
3.505000e+02 3.066000e+02
3.505000e+02 3.048000e+02
3.505000e+02 3.030000e+02
3.505000e+02 3.012000e+02
3.505000e+02 2.994000e+02
3.505000e+02 2.976000e+02
3.505000e+02 2.958000e+02
3.505000e+02 2.940000e+02
3.506250e+02 2.920500e+02
3.507500e+02 2.901000e+02
3.508750e+02 2.881500e+02
3.510000e+02 2.862000e+02
3.510000e+02 2.844000e+02
3.510000e+02 2.826000e+02
3.510000e+02 2.808000e+02
3.510000e+02 2.790000e+02
3.511250e+02 2.772000e+02
3.512500e+02 2.754000e+02
3.513750e+02 2.736000e+02
3.515000e+02 2.718000e+02
3.516250e+02 2.703000e+02
3.517500e+02 2.688000e+02
3.518750e+02 2.673000e+02
3.520000e+02 2.658000e+02
3.521250e+02 2.638500e+02
3.522500e+02 2.619000e+02
3.523750e+02 2.599500e+02
3.525000e+02 2.580000e+02
3.526250e+02 2.565000e+02
3.527500e+02 2.550000e+02
3.528750e+02 2.535000e+02
3.530000e+02 2.520000e+02
3.531250e+02 2.500500e+02
3.532500e+02 2.481000e+02
3.533750e+02 2.461500e+02
3.535000e+02 2.442000e+02
3.536250e+02 2.425500e+02
3.537500e+02 2.409000e+02
3.538750e+02 2.392500e+02
3.540000e+02 2.376000e+02
3.540000e+02 2.359500e+02
3.540000e+02 2.343000e+02
3.540000e+02 2.326500e+02
3.540000e+02 2.310000e+02
3.541250e+02 2.286000e+02
3.542500e+02 2.262000e+02
3.543750e+02 2.238000e+02
3.545000e+02 2.214000e+02
3.545000e+02 2.205000e+02
3.545000e+02 2.196000e+02
3.545000e+02 2.187000e+02
3.545000e+02 2.178000e+02
3.545000e+02 2.160000e+02
3.545000e+02 2.142000e+02
3.545000e+02 2.124000e+02
3.545000e+02 2.106000e+02
3.545000e+02 2.082000e+02
3.545000e+02 2.058000e+02
3.545000e+02 2.034000e+02
3.545000e+02 2.010000e+02
3.543750e+02 1.984500e+02
3.542500e+02 1.959000e+02
3.541250e+02 1.933500e+02
3.540000e+02 1.908000e+02
3.538750e+02 1.882500e+02
3.537500e+02 1.857000e+02
3.536250e+02 1.831500e+02
3.535000e+02 1.806000e+02
3.535000e+02 1.788000e+02
3.535000e+02 1.770000e+02
3.535000e+02 1.752000e+02
3.535000e+02 1.734000e+02
3.533750e+02 1.717500e+02
3.532500e+02 1.701000e+02
3.531250e+02 1.684500e+02
3.530000e+02 1.668000e+02
3.530000e+02 1.653000e+02
3.530000e+02 1.638000e+02
3.530000e+02 1.623000e+02
3.530000e+02 1.608000e+02
3.530000e+02 1.593000e+02
3.530000e+02 1.578000e+02
3.530000e+02 1.563000e+02
3.530000e+02 1.548000e+02
3.528750e+02 1.533000e+02
3.527500e+02 1.518000e+02
3.526250e+02 1.503000e+02
3.525000e+02 1.488000e+02
3.525000e+02 1.473000e+02
3.525000e+02 1.458000e+02
3.525000e+02 1.443000e+02
3.525000e+02 1.428000e+02
3.525000e+02 1.411500e+02
3.525000e+02 1.395000e+02
3.525000e+02 1.378500e+02
3.525000e+02 1.362000e+02
3.523750e+02 1.347000e+02
3.522500e+02 1.332000e+02
3.521250e+02 1.317000e+02
3.520000e+02 1.302000e+02
3.520000e+02 1.284000e+02
3.520000e+02 1.266000e+02
3.520000e+02 1.248000e+02
3.520000e+02 1.230000e+02
3.518750e+02 1.213500e+02
3.517500e+02 1.197000e+02
3.516250e+02 1.180500e+02
3.515000e+02 1.164000e+02
3.513750e+02 1.144500e+02
3.512500e+02 1.125000e+02
3.511250e+02 1.105500e+02
3.510000e+02 1.086000e+02
3.507500e+02 1.062000e+02
3.505000e+02 1.038000e+02
3.502500e+02 1.014000e+02
3.500000e+02 9.900000e+01
3.497500e+02 9.690000e+01
3.495000e+02 9.480000e+01
3.490000e+02 9.060000e+01
3.490000e+02 8.730000e+01
3.490000e+02 8.400000e+01
3.487500e+02 8.220000e+01
3.485000e+02 8.040000e+01
3.482500e+02 7.920000e+01
3.480000e+02 7.800000e+01
3.480000e+02 7.800000e+01
3.480000e+02 7.800000e+01
3.615000e+02 4.164000e+02
3.615000e+02 4.164000e+02
3.615000e+02 4.164000e+02
3.615000e+02 4.164000e+02
3.615000e+02 4.164000e+02
3.615000e+02 4.164000e+02
3.615000e+02 4.164000e+02
3.615000e+02 4.164000e+02
3.615000e+02 4.164000e+02
3.613750e+02 4.162500e+02
3.612500e+02 4.161000e+02
3.611250e+02 4.159500e+02
3.610000e+02 4.158000e+02
3.608750e+02 4.153500e+02
3.607500e+02 4.149000e+02
3.606250e+02 4.144500e+02
3.605000e+02 4.140000e+02
3.601250e+02 4.129500e+02
3.597500e+02 4.119000e+02
3.593750e+02 4.108500e+02
3.590000e+02 4.098000e+02
3.585000e+02 4.078500e+02
3.580000e+02 4.059000e+02
3.575000e+02 4.039500e+02
3.570000e+02 4.020000e+02
3.567500e+02 4.002000e+02
3.565000e+02 3.984000e+02
3.562500e+02 3.966000e+02
3.560000e+02 3.948000e+02
3.556250e+02 3.930000e+02
3.552500e+02 3.912000e+02
3.548750e+02 3.894000e+02
3.545000e+02 3.876000e+02
3.542500e+02 3.856500e+02
3.540000e+02 3.837000e+02
3.537500e+02 3.817500e+02
3.535000e+02 3.798000e+02
3.533750e+02 3.780000e+02
3.532500e+02 3.762000e+02
3.531250e+02 3.744000e+02
3.530000e+02 3.726000e+02
3.527500e+02 3.705000e+02
3.525000e+02 3.684000e+02
3.522500e+02 3.663000e+02
3.520000e+02 3.642000e+02
3.518750e+02 3.624000e+02
3.517500e+02 3.606000e+02
3.516250e+02 3.588000e+02
3.515000e+02 3.570000e+02
3.513750e+02 3.547500e+02
3.512500e+02 3.525000e+02
3.511250e+02 3.502500e+02
3.510000e+02 3.480000e+02
3.508750e+02 3.453000e+02
3.507500e+02 3.426000e+02
3.506250e+02 3.399000e+02
3.505000e+02 3.372000e+02
3.505000e+02 3.355500e+02
3.505000e+02 3.339000e+02
3.505000e+02 3.322500e+02
3.505000e+02 3.306000e+02
3.505000e+02 3.288000e+02
3.505000e+02 3.270000e+02
3.505000e+02 3.252000e+02
3.505000e+02 3.234000e+02
3.505000e+02 3.216000e+02
3.505000e+02 3.198000e+02
3.505000e+02 3.180000e+02
3.505000e+02 3.162000e+02
3.505000e+02 3.142500e+02
3.505000e+02 3.123000e+02
3.505000e+02 3.103500e+02
3.505000e+02 3.084000e+02
3.505000e+02 3.066000e+02
3.505000e+02 3.048000e+02
3.505000e+02 3.030000e+02
3.505000e+02 3.012000e+02
3.505000e+02 2.994000e+02
3.505000e+02 2.976000e+02
3.505000e+02 2.958000e+02
3.505000e+02 2.940000e+02
3.506250e+02 2.920500e+02
3.507500e+02 2.901000e+02
3.508750e+02 2.881500e+02
3.510000e+02 2.862000e+02
3.510000e+02 2.844000e+02
3.510000e+02 2.826000e+02
3.510000e+02 2.808000e+02
3.510000e+02 2.790000e+02
3.511250e+02 2.772000e+02
3.512500e+02 2.754000e+02
3.513750e+02 2.736000e+02
3.515000e+02 2.718000e+02
3.516250e+02 2.703000e+02
3.517500e+02 2.688000e+02
3.518750e+02 2.673000e+02
3.520000e+02 2.658000e+02
3.521250e+02 2.638500e+02
3.522500e+02 2.619000e+02
3.523750e+02 2.599500e+02
3.525000e+02 2.580000e+02
3.526250e+02 2.565000e+02
3.527500e+02 2.550000e+02
3.528750e+02 2.535000e+02
3.530000e+02 2.520000e+02
3.531250e+02 2.500500e+02
3.532500e+02 2.481000e+02
3.533750e+02 2.461500e+02
3.535000e+02 2.442000e+02
3.536250e+02 2.425500e+02
3.537500e+02 2.409000e+02
3.538750e+02 2.392500e+02
3.540000e+02 2.376000e+02
3.540000e+02 2.359500e+02
3.540000e+02 2.343000e+02
3.540000e+02 2.326500e+02
3.540000e+02 2.310000e+02
3.541250e+02 2.286000e+02
3.542500e+02 2.262000e+02
3.543750e+02 2.238000e+02
3.545000e+02 2.214000e+02
3.545000e+02 2.205000e+02
3.545000e+02 2.196000e+02
3.545000e+02 2.187000e+02
3.545000e+02 2.178000e+02
3.545000e+02 2.160000e+02
3.545000e+02 2.142000e+02
3.545000e+02 2.124000e+02
3.545000e+02 2.106000e+02
3.545000e+02 2.082000e+02
3.545000e+02 2.058000e+02
3.545000e+02 2.034000e+02
3.545000e+02 2.010000e+02
3.543750e+02 1.984500e+02
3.542500e+02 1.959000e+02
3.541250e+02 1.933500e+02
3.540000e+02 1.908000e+02
3.538750e+02 1.882500e+02
3.537500e+02 1.857000e+02
3.536250e+02 1.831500e+02
3.535000e+02 1.806000e+02
3.535000e+02 1.788000e+02
3.535000e+02 1.770000e+02
3.535000e+02 1.752000e+02
3.535000e+02 1.734000e+02
3.533750e+02 1.717500e+02
3.532500e+02 1.701000e+02
3.531250e+02 1.684500e+02
3.530000e+02 1.668000e+02
3.530000e+02 1.653000e+02
3.530000e+02 1.638000e+02
3.530000e+02 1.623000e+02
3.530000e+02 1.608000e+02
3.530000e+02 1.593000e+02
3.530000e+02 1.578000e+02
3.530000e+02 1.563000e+02
3.530000e+02 1.548000e+02
3.528750e+02 1.533000e+02
3.527500e+02 1.518000e+02
3.526250e+02 1.503000e+02
3.525000e+02 1.488000e+02
3.525000e+02 1.473000e+02
3.525000e+02 1.458000e+02
3.525000e+02 1.443000e+02
3.525000e+02 1.428000e+02
3.525000e+02 1.411500e+02
3.525000e+02 1.395000e+02
3.525000e+02 1.378500e+02
3.525000e+02 1.362000e+02
3.523750e+02 1.347000e+02
3.522500e+02 1.332000e+02
3.521250e+02 1.317000e+02
3.520000e+02 1.302000e+02
3.520000e+02 1.284000e+02
3.520000e+02 1.266000e+02
3.520000e+02 1.248000e+02
3.520000e+02 1.230000e+02
3.518750e+02 1.213500e+02
3.517500e+02 1.197000e+02
3.516250e+02 1.180500e+02
3.515000e+02 1.164000e+02
3.513750e+02 1.144500e+02
3.512500e+02 1.125000e+02
3.511250e+02 1.105500e+02
3.510000e+02 1.086000e+02
3.507500e+02 1.062000e+02
3.505000e+02 1.038000e+02
3.502500e+02 1.014000e+02
3.500000e+02 9.900000e+01
3.497500e+02 9.690000e+01
3.495000e+02 9.480000e+01
3.490000e+02 9.060000e+01
3.490000e+02 8.730000e+01
3.490000e+02 8.400000e+01
3.487500e+02 8.220000e+01
3.485000e+02 8.040000e+01
3.482500e+02 7.920000e+01
3.480000e+02 7.800000e+01
3.480000e+02 7.800000e+01
3.480000e+02 7.800000e+01
3.615000e+02 4.164000e+02
3.615000e+02 4.164000e+02
3.615000e+02 4.164000e+02
3.615000e+02 4.164000e+02
3.615000e+02 4.164000e+02
3.615000e+02 4.164000e+02
3.615000e+02 4.164000e+02
3.615000e+02 4.164000e+02
3.615000e+02 4.164000e+02
3.613750e+02 4.162500e+02
3.612500e+02 4.161000e+02
3.611250e+02 4.159500e+02
3.610000e+02 4.158000e+02
3.608750e+02 4.153500e+02
3.607500e+02 4.149000e+02
3.606250e+02 4.144500e+02
3.605000e+02 4.140000e+02
3.601250e+02 4.129500e+02
3.597500e+02 4.119000e+02
3.593750e+02 4.108500e+02
3.590000e+02 4.098000e+02
3.585000e+02 4.078500e+02
3.580000e+02 4.059000e+02
3.575000e+02 4.039500e+02
3.570000e+02 4.020000e+02
3.567500e+02 4.002000e+02
3.565000e+02 3.984000e+02
3.562500e+02 3.966000e+02
3.560000e+02 3.948000e+02
3.556250e+02 3.930000e+02
3.552500e+02 3.912000e+02
3.548750e+02 3.894000e+02
3.545000e+02 3.876000e+02
3.542500e+02 3.856500e+02
3.540000e+02 3.837000e+02
3.537500e+02 3.817500e+02
3.535000e+02 3.798000e+02
3.533750e+02 3.780000e+02
3.532500e+02 3.762000e+02
3.531250e+02 3.744000e+02
3.530000e+02 3.726000e+02
3.527500e+02 3.705000e+02
3.525000e+02 3.684000e+02
3.522500e+02 3.663000e+02
3.520000e+02 3.642000e+02
3.518750e+02 3.624000e+02
3.517500e+02 3.606000e+02
3.516250e+02 3.588000e+02
3.515000e+02 3.570000e+02
3.513750e+02 3.547500e+02
3.512500e+02 3.525000e+02
3.511250e+02 3.502500e+02
3.510000e+02 3.480000e+02
3.508750e+02 3.453000e+02
3.507500e+02 3.426000e+02
3.506250e+02 3.399000e+02
3.505000e+02 3.372000e+02
3.505000e+02 3.355500e+02
3.505000e+02 3.339000e+02
3.505000e+02 3.322500e+02
3.505000e+02 3.306000e+02
3.505000e+02 3.288000e+02
3.505000e+02 3.270000e+02
3.505000e+02 3.252000e+02
3.505000e+02 3.234000e+02
3.505000e+02 3.216000e+02
3.505000e+02 3.198000e+02
3.505000e+02 3.180000e+02
3.505000e+02 3.162000e+02
3.505000e+02 3.142500e+02
3.505000e+02 3.123000e+02
3.505000e+02 3.103500e+02
3.505000e+02 3.084000e+02
3.505000e+02 3.066000e+02
3.505000e+02 3.048000e+02
3.505000e+02 3.030000e+02
3.505000e+02 3.012000e+02
3.505000e+02 2.994000e+02
3.505000e+02 2.976000e+02
3.505000e+02 2.958000e+02
3.505000e+02 2.940000e+02
3.506250e+02 2.920500e+02
3.507500e+02 2.901000e+02
3.508750e+02 2.881500e+02
3.510000e+02 2.862000e+02
3.510000e+02 2.844000e+02
3.510000e+02 2.826000e+02
3.510000e+02 2.808000e+02
3.510000e+02 2.790000e+02
3.511250e+02 2.772000e+02
3.512500e+02 2.754000e+02
3.513750e+02 2.736000e+02
3.515000e+02 2.718000e+02
3.516250e+02 2.703000e+02
3.517500e+02 2.688000e+02
3.518750e+02 2.673000e+02
3.520000e+02 2.658000e+02
3.521250e+02 2.638500e+02
3.522500e+02 2.619000e+02
3.523750e+02 2.599500e+02
3.525000e+02 2.580000e+02
3.526250e+02 2.565000e+02
3.527500e+02 2.550000e+02
3.528750e+02 2.535000e+02
3.530000e+02 2.520000e+02
3.531250e+02 2.500500e+02
3.532500e+02 2.481000e+02
3.533750e+02 2.461500e+02
3.535000e+02 2.442000e+02
3.536250e+02 2.425500e+02
3.537500e+02 2.409000e+02
3.538750e+02 2.392500e+02
3.540000e+02 2.376000e+02
3.540000e+02 2.359500e+02
3.540000e+02 2.343000e+02
3.540000e+02 2.326500e+02
3.540000e+02 2.310000e+02
3.541250e+02 2.286000e+02
3.542500e+02 2.262000e+02
3.543750e+02 2.238000e+02
3.545000e+02 2.214000e+02
3.545000e+02 2.205000e+02
3.545000e+02 2.196000e+02
3.545000e+02 2.187000e+02
3.545000e+02 2.178000e+02
3.545000e+02 2.160000e+02
3.545000e+02 2.142000e+02
3.545000e+02 2.124000e+02
3.545000e+02 2.106000e+02
3.545000e+02 2.082000e+02
3.545000e+02 2.058000e+02
3.545000e+02 2.034000e+02
3.545000e+02 2.010000e+02
3.543750e+02 1.984500e+02
3.542500e+02 1.959000e+02
3.541250e+02 1.933500e+02
3.540000e+02 1.908000e+02
3.538750e+02 1.882500e+02
3.537500e+02 1.857000e+02
3.536250e+02 1.831500e+02
3.535000e+02 1.806000e+02
3.535000e+02 1.788000e+02
3.535000e+02 1.770000e+02
3.535000e+02 1.752000e+02
3.535000e+02 1.734000e+02
3.533750e+02 1.717500e+02
3.532500e+02 1.701000e+02
3.531250e+02 1.684500e+02
3.530000e+02 1.668000e+02
3.530000e+02 1.653000e+02
3.530000e+02 1.638000e+02
3.530000e+02 1.623000e+02
3.530000e+02 1.608000e+02
3.530000e+02 1.593000e+02
3.530000e+02 1.578000e+02
3.530000e+02 1.563000e+02
3.530000e+02 1.548000e+02
3.528750e+02 1.533000e+02
3.527500e+02 1.518000e+02
3.526250e+02 1.503000e+02
3.525000e+02 1.488000e+02
3.525000e+02 1.473000e+02
3.525000e+02 1.458000e+02
3.525000e+02 1.443000e+02
3.525000e+02 1.428000e+02
3.525000e+02 1.411500e+02
3.525000e+02 1.395000e+02
3.525000e+02 1.378500e+02
3.525000e+02 1.362000e+02
3.523750e+02 1.347000e+02
3.522500e+02 1.332000e+02
3.521250e+02 1.317000e+02
3.520000e+02 1.302000e+02
3.520000e+02 1.284000e+02
3.520000e+02 1.266000e+02
3.520000e+02 1.248000e+02
3.520000e+02 1.230000e+02
3.518750e+02 1.213500e+02
3.517500e+02 1.197000e+02
3.516250e+02 1.180500e+02
3.515000e+02 1.164000e+02
3.513750e+02 1.144500e+02
3.512500e+02 1.125000e+02
3.511250e+02 1.105500e+02
3.510000e+02 1.086000e+02
3.507500e+02 1.062000e+02
3.505000e+02 1.038000e+02
3.502500e+02 1.014000e+02
3.500000e+02 9.900000e+01
3.497500e+02 9.690000e+01
3.495000e+02 9.480000e+01
3.490000e+02 9.060000e+01
3.490000e+02 8.730000e+01
3.490000e+02 8.400000e+01
3.487500e+02 8.220000e+01
3.485000e+02 8.040000e+01
3.482500e+02 7.920000e+01
3.480000e+02 7.800000e+01
3.480000e+02 7.800000e+01
3.480000e+02 7.800000e+01
