5.585000e+02 1.530000e+02
5.585000e+02 1.530000e+02
5.585000e+02 1.530000e+02
5.585000e+02 1.530000e+02
5.585000e+02 1.530000e+02
5.583750e+02 1.530000e+02
5.582500e+02 1.530000e+02
5.581250e+02 1.530000e+02
5.580000e+02 1.530000e+02
5.577500e+02 1.530000e+02
5.575000e+02 1.530000e+02
5.570000e+02 1.530000e+02
5.565000e+02 1.530000e+02
5.560000e+02 1.530000e+02
5.547500e+02 1.530000e+02
5.535000e+02 1.530000e+02
5.527500e+02 1.530000e+02
5.520000e+02 1.530000e+02
5.500000e+02 1.530000e+02
5.480000e+02 1.530000e+02
5.465000e+02 1.533000e+02
5.450000e+02 1.536000e+02
5.437500e+02 1.539000e+02
5.425000e+02 1.542000e+02
5.410000e+02 1.542000e+02
5.395000e+02 1.542000e+02
5.377500e+02 1.542000e+02
5.360000e+02 1.542000e+02
5.340000e+02 1.542000e+02
5.320000e+02 1.542000e+02
5.302500e+02 1.542000e+02
5.285000e+02 1.542000e+02
5.262500e+02 1.542000e+02
5.240000e+02 1.542000e+02
5.220000e+02 1.542000e+02
5.200000e+02 1.542000e+02
5.177500e+02 1.542000e+02
5.155000e+02 1.542000e+02
5.130000e+02 1.542000e+02
5.105000e+02 1.542000e+02
5.080000e+02 1.539000e+02
5.055000e+02 1.536000e+02
5.027500e+02 1.536000e+02
5.000000e+02 1.536000e+02
4.972500e+02 1.536000e+02
4.945000e+02 1.536000e+02
4.905000e+02 1.533000e+02
4.865000e+02 1.530000e+02
4.850000e+02 1.530000e+02
4.835000e+02 1.530000e+02
4.787500e+02 1.530000e+02
4.740000e+02 1.530000e+02
4.712500e+02 1.530000e+02
4.685000e+02 1.530000e+02
4.652500e+02 1.530000e+02
4.620000e+02 1.530000e+02
4.592500e+02 1.530000e+02
4.565000e+02 1.530000e+02
4.550000e+02 1.527000e+02
4.535000e+02 1.524000e+02
4.487500e+02 1.524000e+02
4.440000e+02 1.524000e+02
4.407500e+02 1.524000e+02
4.375000e+02 1.524000e+02
4.345000e+02 1.524000e+02
4.315000e+02 1.524000e+02
4.280000e+02 1.524000e+02
4.245000e+02 1.524000e+02
4.215000e+02 1.524000e+02
4.185000e+02 1.524000e+02
4.150000e+02 1.524000e+02
4.115000e+02 1.524000e+02
4.085000e+02 1.527000e+02
4.055000e+02 1.530000e+02
4.005000e+02 1.530000e+02
3.955000e+02 1.530000e+02
3.902500e+02 1.530000e+02
3.850000e+02 1.530000e+02
3.820000e+02 1.533000e+02
3.790000e+02 1.536000e+02
3.755000e+02 1.536000e+02
3.720000e+02 1.536000e+02
3.685000e+02 1.539000e+02
3.650000e+02 1.542000e+02
3.617500e+02 1.545000e+02
3.585000e+02 1.548000e+02
3.547500e+02 1.548000e+02
3.510000e+02 1.548000e+02
3.477500e+02 1.551000e+02
3.445000e+02 1.554000e+02
3.407500e+02 1.554000e+02
3.370000e+02 1.554000e+02
3.340000e+02 1.557000e+02
3.310000e+02 1.560000e+02
3.275000e+02 1.560000e+02
3.240000e+02 1.560000e+02
3.207500e+02 1.563000e+02
3.175000e+02 1.566000e+02
3.127500e+02 1.566000e+02
3.080000e+02 1.566000e+02
3.045000e+02 1.569000e+02
3.010000e+02 1.572000e+02
2.982500e+02 1.572000e+02
2.955000e+02 1.572000e+02
2.922500e+02 1.572000e+02
2.890000e+02 1.572000e+02
2.862500e+02 1.572000e+02
2.835000e+02 1.572000e+02
2.807500e+02 1.572000e+02
2.780000e+02 1.572000e+02
2.752500e+02 1.572000e+02
2.725000e+02 1.572000e+02
2.697500e+02 1.572000e+02
2.670000e+02 1.572000e+02
2.640000e+02 1.572000e+02
2.610000e+02 1.572000e+02
2.585000e+02 1.575000e+02
2.560000e+02 1.578000e+02
2.530000e+02 1.578000e+02
2.500000e+02 1.578000e+02
2.475000e+02 1.578000e+02
2.450000e+02 1.578000e+02
2.422500e+02 1.581000e+02
2.395000e+02 1.584000e+02
2.367500e+02 1.587000e+02
2.340000e+02 1.590000e+02
2.312500e+02 1.590000e+02
2.285000e+02 1.590000e+02
2.242500e+02 1.596000e+02
2.200000e+02 1.602000e+02
2.172500e+02 1.605000e+02
2.145000e+02 1.608000e+02
2.117500e+02 1.614000e+02
2.090000e+02 1.620000e+02
2.060000e+02 1.623000e+02
2.030000e+02 1.626000e+02
2.002500e+02 1.632000e+02
1.975000e+02 1.638000e+02
1.952500e+02 1.644000e+02
1.930000e+02 1.650000e+02
1.900000e+02 1.656000e+02
1.870000e+02 1.662000e+02
1.845000e+02 1.665000e+02
1.820000e+02 1.668000e+02
1.790000e+02 1.674000e+02
1.760000e+02 1.680000e+02
1.735000e+02 1.686000e+02
1.710000e+02 1.692000e+02
1.682500e+02 1.698000e+02
1.655000e+02 1.704000e+02
1.630000e+02 1.710000e+02
1.605000e+02 1.716000e+02
1.582500e+02 1.722000e+02
1.560000e+02 1.728000e+02
1.522500e+02 1.734000e+02
1.485000e+02 1.740000e+02
1.462500e+02 1.746000e+02
1.440000e+02 1.752000e+02
1.417500e+02 1.758000e+02
1.395000e+02 1.764000e+02
1.372500e+02 1.767000e+02
1.350000e+02 1.770000e+02
1.340000e+02 1.773000e+02
1.330000e+02 1.776000e+02
1.300000e+02 1.782000e+02
1.270000e+02 1.788000e+02
1.252500e+02 1.791000e+02
1.235000e+02 1.794000e+02
1.220000e+02 1.797000e+02
1.205000e+02 1.800000e+02
1.190000e+02 1.803000e+02
1.175000e+02 1.806000e+02
1.160000e+02 1.809000e+02
1.145000e+02 1.812000e+02
1.132500e+02 1.812000e+02
1.120000e+02 1.812000e+02
1.102500e+02 1.815000e+02
1.085000e+02 1.818000e+02
1.077500e+02 1.818000e+02
1.070000e+02 1.818000e+02
1.060000e+02 1.818000e+02
1.050000e+02 1.818000e+02
1.045000e+02 1.818000e+02
1.040000e+02 1.818000e+02
1.030000e+02 1.821000e+02
1.020000e+02 1.824000e+02
1.012500e+02 1.824000e+02
1.005000e+02 1.824000e+02
9.975000e+01 1.824000e+02
9.900000e+01 1.824000e+02
9.850000e+01 1.824000e+02
9.800000e+01 1.824000e+02
9.725000e+01 1.824000e+02
9.650000e+01 1.824000e+02
9.600000e+01 1.827000e+02
9.550000e+01 1.830000e+02
9.525000e+01 1.830000e+02
9.500000e+01 1.830000e+02
9.500000e+01 1.830000e+02
9.500000e+01 1.830000e+02
