4.335000e+02 1.182000e+02
4.335000e+02 1.182000e+02
4.335000e+02 1.182000e+02
4.335000e+02 1.182000e+02
4.335000e+02 1.182000e+02
4.332500e+02 1.180500e+02
4.330000e+02 1.179000e+02
4.327500e+02 1.177500e+02
4.325000e+02 1.176000e+02
4.323750e+02 1.176000e+02
4.322500e+02 1.176000e+02
4.321250e+02 1.176000e+02
4.320000e+02 1.176000e+02
4.317500e+02 1.176000e+02
4.315000e+02 1.176000e+02
4.312500e+02 1.176000e+02
4.310000e+02 1.176000e+02
4.307500e+02 1.176000e+02
4.305000e+02 1.176000e+02
4.302500e+02 1.176000e+02
4.300000e+02 1.176000e+02
4.292500e+02 1.176000e+02
4.285000e+02 1.176000e+02
4.277500e+02 1.176000e+02
4.270000e+02 1.176000e+02
4.263750e+02 1.176000e+02
4.257500e+02 1.176000e+02
4.251250e+02 1.176000e+02
4.245000e+02 1.176000e+02
4.237500e+02 1.176000e+02
4.230000e+02 1.176000e+02
4.222500e+02 1.176000e+02
4.215000e+02 1.176000e+02
4.211250e+02 1.176000e+02
4.207500e+02 1.176000e+02
4.203750e+02 1.176000e+02
4.200000e+02 1.176000e+02
4.187500e+02 1.174500e+02
4.175000e+02 1.173000e+02
4.162500e+02 1.171500e+02
4.150000e+02 1.170000e+02
4.140000e+02 1.170000e+02
4.130000e+02 1.170000e+02
4.120000e+02 1.170000e+02
4.110000e+02 1.170000e+02
4.101250e+02 1.170000e+02
4.092500e+02 1.170000e+02
4.083750e+02 1.170000e+02
4.075000e+02 1.170000e+02
4.065000e+02 1.168500e+02
4.055000e+02 1.167000e+02
4.045000e+02 1.165500e+02
4.035000e+02 1.164000e+02
4.022500e+02 1.162500e+02
4.010000e+02 1.161000e+02
3.997500e+02 1.159500e+02
3.985000e+02 1.158000e+02
3.973750e+02 1.158000e+02
3.962500e+02 1.158000e+02
3.951250e+02 1.158000e+02
3.940000e+02 1.158000e+02
3.928750e+02 1.158000e+02
3.917500e+02 1.158000e+02
3.906250e+02 1.158000e+02
3.895000e+02 1.158000e+02
3.883750e+02 1.158000e+02
3.872500e+02 1.158000e+02
3.861250e+02 1.158000e+02
3.850000e+02 1.158000e+02
3.838750e+02 1.156500e+02
3.827500e+02 1.155000e+02
3.805000e+02 1.152000e+02
3.780000e+02 1.155000e+02
3.755000e+02 1.158000e+02
3.730000e+02 1.158000e+02
3.705000e+02 1.158000e+02
3.682500e+02 1.158000e+02
3.660000e+02 1.158000e+02
3.635000e+02 1.158000e+02
3.610000e+02 1.158000e+02
3.587500e+02 1.161000e+02
3.565000e+02 1.164000e+02
3.540000e+02 1.164000e+02
3.515000e+02 1.164000e+02
3.480000e+02 1.167000e+02
3.445000e+02 1.170000e+02
3.422500e+02 1.170000e+02
3.400000e+02 1.170000e+02
3.377500e+02 1.173000e+02
3.355000e+02 1.176000e+02
3.335000e+02 1.176000e+02
3.315000e+02 1.176000e+02
3.295000e+02 1.176000e+02
3.275000e+02 1.176000e+02
3.255000e+02 1.179000e+02
3.235000e+02 1.182000e+02
3.217500e+02 1.182000e+02
3.200000e+02 1.182000e+02
3.182500e+02 1.182000e+02
3.165000e+02 1.182000e+02
3.145000e+02 1.182000e+02
3.125000e+02 1.182000e+02
3.107500e+02 1.185000e+02
3.090000e+02 1.188000e+02
3.072500e+02 1.188000e+02
3.055000e+02 1.188000e+02
3.035000e+02 1.188000e+02
3.015000e+02 1.188000e+02
2.997500e+02 1.188000e+02
2.980000e+02 1.188000e+02
2.962500e+02 1.188000e+02
2.945000e+02 1.188000e+02
2.927500e+02 1.188000e+02
2.910000e+02 1.188000e+02
2.882500e+02 1.185000e+02
2.855000e+02 1.182000e+02
2.847500e+02 1.182000e+02
2.840000e+02 1.182000e+02
2.825000e+02 1.182000e+02
2.810000e+02 1.182000e+02
2.795000e+02 1.182000e+02
2.780000e+02 1.182000e+02
2.765000e+02 1.182000e+02
2.750000e+02 1.182000e+02
2.735000e+02 1.182000e+02
2.720000e+02 1.182000e+02
2.710000e+02 1.185000e+02
2.700000e+02 1.188000e+02
2.687500e+02 1.188000e+02
2.675000e+02 1.188000e+02
2.667500e+02 1.188000e+02
2.660000e+02 1.188000e+02
2.655000e+02 1.188000e+02
2.650000e+02 1.188000e+02
2.645000e+02 1.191000e+02
2.640000e+02 1.194000e+02
2.635000e+02 1.194000e+02
2.630000e+02 1.194000e+02
2.625000e+02 1.194000e+02
2.620000e+02 1.194000e+02
2.615000e+02 1.194000e+02
2.610000e+02 1.194000e+02
2.602500e+02 1.194000e+02
2.595000e+02 1.194000e+02
2.590000e+02 1.194000e+02
2.585000e+02 1.194000e+02
2.577500e+02 1.194000e+02
2.570000e+02 1.194000e+02
2.560000e+02 1.194000e+02
2.550000e+02 1.194000e+02
2.540000e+02 1.197000e+02
2.530000e+02 1.200000e+02
2.517500e+02 1.200000e+02
2.505000e+02 1.200000e+02
2.490000e+02 1.200000e+02
2.475000e+02 1.200000e+02
2.462500e+02 1.200000e+02
2.450000e+02 1.200000e+02
2.437500e+02 1.203000e+02
2.425000e+02 1.206000e+02
2.410000e+02 1.206000e+02
2.395000e+02 1.206000e+02
2.380000e+02 1.206000e+02
2.365000e+02 1.206000e+02
2.355000e+02 1.206000e+02
2.345000e+02 1.206000e+02
2.340000e+02 1.209000e+02
2.335000e+02 1.212000e+02
2.325000e+02 1.212000e+02
2.315000e+02 1.212000e+02
2.310000e+02 1.215000e+02
2.305000e+02 1.218000e+02
2.300000e+02 1.218000e+02
2.295000e+02 1.218000e+02
2.290000e+02 1.218000e+02
2.285000e+02 1.218000e+02
2.285000e+02 1.218000e+02
2.285000e+02 1.218000e+02
2.282500e+02 1.218000e+02
2.280000e+02 1.218000e+02
2.277500e+02 1.218000e+02
2.275000e+02 1.218000e+02
2.275000e+02 1.218000e+02
2.275000e+02 1.218000e+02
2.275000e+02 1.218000e+02
2.275000e+02 1.218000e+02
2.272500e+02 1.218000e+02
2.270000e+02 1.218000e+02
2.270000e+02 1.218000e+02
2.270000e+02 1.218000e+02
2.270000e+02 1.218000e+02
2.270000e+02 1.218000e+02
2.270000e+02 1.218000e+02
2.270000e+02 1.218000e+02
2.267500e+02 1.218000e+02
2.265000e+02 1.218000e+02
2.265000e+02 1.218000e+02
2.265000e+02 1.218000e+02
2.265000e+02 1.218000e+02
2.265000e+02 1.218000e+02
