1.455000e+02 4.140000e+02
1.455000e+02 4.140000e+02
1.455000e+02 4.140000e+02
1.447500e+02 4.137000e+02
1.440000e+02 4.134000e+02
1.437500e+02 4.131000e+02
1.435000e+02 4.128000e+02
1.427500e+02 4.119000e+02
1.420000e+02 4.110000e+02
1.415000e+02 4.104000e+02
1.410000e+02 4.098000e+02
1.405000e+02 4.089000e+02
1.400000e+02 4.080000e+02
1.397500e+02 4.068000e+02
1.395000e+02 4.056000e+02
1.395000e+02 4.026000e+02
1.395000e+02 3.996000e+02
1.402500e+02 3.963000e+02
1.410000e+02 3.930000e+02
1.422500e+02 3.894000e+02
1.435000e+02 3.858000e+02
1.447500e+02 3.819000e+02
1.460000e+02 3.780000e+02
1.477500e+02 3.738000e+02
1.495000e+02 3.696000e+02
1.512500e+02 3.657000e+02
1.530000e+02 3.618000e+02
1.550000e+02 3.573000e+02
1.570000e+02 3.528000e+02
1.592500e+02 3.483000e+02
1.615000e+02 3.438000e+02
1.657500e+02 3.357000e+02
1.700000e+02 3.276000e+02
1.715000e+02 3.246000e+02
1.730000e+02 3.216000e+02
1.760000e+02 3.159000e+02
1.790000e+02 3.102000e+02
1.822500e+02 3.039000e+02
1.855000e+02 2.976000e+02
1.905000e+02 2.877000e+02
1.955000e+02 2.778000e+02
1.985000e+02 2.721000e+02
2.015000e+02 2.664000e+02
2.050000e+02 2.598000e+02
2.085000e+02 2.532000e+02
2.110000e+02 2.475000e+02
2.135000e+02 2.418000e+02
2.162500e+02 2.361000e+02
2.190000e+02 2.304000e+02
2.215000e+02 2.253000e+02
2.240000e+02 2.202000e+02
2.267500e+02 2.142000e+02
2.295000e+02 2.082000e+02
2.325000e+02 2.022000e+02
2.355000e+02 1.962000e+02
2.382500e+02 1.902000e+02
2.410000e+02 1.842000e+02
2.437500e+02 1.785000e+02
2.465000e+02 1.728000e+02
2.507500e+02 1.641000e+02
2.550000e+02 1.554000e+02
2.565000e+02 1.527000e+02
2.580000e+02 1.500000e+02
2.622500e+02 1.419000e+02
2.665000e+02 1.338000e+02
2.690000e+02 1.287000e+02
2.715000e+02 1.236000e+02
2.740000e+02 1.191000e+02
2.765000e+02 1.146000e+02
2.790000e+02 1.101000e+02
2.815000e+02 1.056000e+02
2.840000e+02 1.014000e+02
2.865000e+02 9.720000e+01
2.887500e+02 9.330000e+01
2.910000e+02 8.940000e+01
2.930000e+02 8.610000e+01
2.950000e+02 8.280000e+01
2.967500e+02 7.980000e+01
2.985000e+02 7.680000e+01
2.997500e+02 7.410000e+01
3.010000e+02 7.140000e+01
3.027500e+02 6.930000e+01
3.045000e+02 6.720000e+01
3.057500e+02 6.510000e+01
3.070000e+02 6.300000e+01
3.080000e+02 6.150000e+01
3.090000e+02 6.000000e+01
3.100000e+02 5.880000e+01
3.110000e+02 5.760000e+01
3.120000e+02 5.700000e+01
3.130000e+02 5.640000e+01
3.137500e+02 5.580000e+01
3.145000e+02 5.520000e+01
3.155000e+02 5.460000e+01
3.165000e+02 5.400000e+01
3.177500e+02 5.370000e+01
3.190000e+02 5.340000e+01
3.200000e+02 5.370000e+01
3.210000e+02 5.400000e+01
3.222500e+02 5.490000e+01
3.235000e+02 5.580000e+01
3.245000e+02 5.670000e+01
3.255000e+02 5.760000e+01
3.267500e+02 5.880000e+01
3.280000e+02 6.000000e+01
3.292500e+02 6.150000e+01
3.305000e+02 6.300000e+01
3.317500e+02 6.510000e+01
3.330000e+02 6.720000e+01
3.345000e+02 6.930000e+01
3.360000e+02 7.140000e+01
3.372500e+02 7.380000e+01
3.385000e+02 7.620000e+01
3.402500e+02 7.890000e+01
3.420000e+02 8.160000e+01
3.435000e+02 8.460000e+01
3.450000e+02 8.760000e+01
3.470000e+02 9.060000e+01
3.490000e+02 9.360000e+01
3.507500e+02 9.690000e+01
3.525000e+02 1.002000e+02
3.545000e+02 1.032000e+02
3.565000e+02 1.062000e+02
3.587500e+02 1.098000e+02
3.610000e+02 1.134000e+02
3.642500e+02 1.185000e+02
3.675000e+02 1.236000e+02
3.687500e+02 1.257000e+02
3.700000e+02 1.278000e+02
3.737500e+02 1.335000e+02
3.775000e+02 1.392000e+02
3.800000e+02 1.431000e+02
3.825000e+02 1.470000e+02
3.850000e+02 1.512000e+02
3.875000e+02 1.554000e+02
3.900000e+02 1.596000e+02
3.925000e+02 1.638000e+02
3.952500e+02 1.686000e+02
3.980000e+02 1.734000e+02
4.005000e+02 1.776000e+02
4.030000e+02 1.818000e+02
4.067500e+02 1.881000e+02
4.105000e+02 1.944000e+02
4.147500e+02 2.013000e+02
4.190000e+02 2.082000e+02
4.220000e+02 2.130000e+02
4.250000e+02 2.178000e+02
4.295000e+02 2.247000e+02
4.340000e+02 2.316000e+02
4.367500e+02 2.364000e+02
4.395000e+02 2.412000e+02
4.427500e+02 2.457000e+02
4.460000e+02 2.502000e+02
4.487500e+02 2.547000e+02
4.515000e+02 2.592000e+02
4.550000e+02 2.646000e+02
4.585000e+02 2.700000e+02
4.615000e+02 2.742000e+02
4.645000e+02 2.784000e+02
4.675000e+02 2.829000e+02
4.705000e+02 2.874000e+02
4.735000e+02 2.919000e+02
4.765000e+02 2.964000e+02
4.795000e+02 3.006000e+02
4.825000e+02 3.048000e+02
4.855000e+02 3.093000e+02
4.885000e+02 3.138000e+02
4.912500e+02 3.174000e+02
4.940000e+02 3.210000e+02
4.967500e+02 3.249000e+02
4.995000e+02 3.288000e+02
5.025000e+02 3.324000e+02
5.055000e+02 3.360000e+02
5.080000e+02 3.396000e+02
5.105000e+02 3.432000e+02
5.132500e+02 3.465000e+02
5.160000e+02 3.498000e+02
5.185000e+02 3.534000e+02
5.210000e+02 3.570000e+02
5.232500e+02 3.600000e+02
5.255000e+02 3.630000e+02
5.305000e+02 3.690000e+02
5.350000e+02 3.750000e+02
5.390000e+02 3.804000e+02
5.435000e+02 3.870000e+02
5.470000e+02 3.918000e+02
5.505000e+02 3.966000e+02
5.540000e+02 4.014000e+02
5.575000e+02 4.056000e+02
5.600000e+02 4.092000e+02
5.625000e+02 4.128000e+02
5.655000e+02 4.164000e+02
5.685000e+02 4.200000e+02
5.705000e+02 4.230000e+02
5.715000e+02 4.242000e+02
5.725000e+02 4.254000e+02
5.735000e+02 4.272000e+02
5.745000e+02 4.284000e+02
5.755000e+02 4.302000e+02
5.755000e+02 4.302000e+02
1.455000e+02 4.140000e+02
1.455000e+02 4.140000e+02
1.455000e+02 4.140000e+02
1.447500e+02 4.137000e+02
1.440000e+02 4.134000e+02
1.437500e+02 4.131000e+02
1.435000e+02 4.128000e+02
1.427500e+02 4.119000e+02
1.420000e+02 4.110000e+02
1.415000e+02 4.104000e+02
1.410000e+02 4.098000e+02
1.405000e+02 4.089000e+02
1.400000e+02 4.080000e+02
1.397500e+02 4.068000e+02
1.395000e+02 4.056000e+02
1.395000e+02 4.026000e+02
1.395000e+02 3.996000e+02
1.402500e+02 3.963000e+02
1.410000e+02 3.930000e+02
1.422500e+02 3.894000e+02
1.435000e+02 3.858000e+02
1.447500e+02 3.819000e+02
1.460000e+02 3.780000e+02
1.477500e+02 3.738000e+02
1.495000e+02 3.696000e+02
1.512500e+02 3.657000e+02
1.530000e+02 3.618000e+02
1.550000e+02 3.573000e+02
1.570000e+02 3.528000e+02
1.592500e+02 3.483000e+02
1.615000e+02 3.438000e+02
1.657500e+02 3.357000e+02
1.700000e+02 3.276000e+02
1.715000e+02 3.246000e+02
1.730000e+02 3.216000e+02
1.760000e+02 3.159000e+02
1.790000e+02 3.102000e+02
1.822500e+02 3.039000e+02
1.855000e+02 2.976000e+02
1.905000e+02 2.877000e+02
1.955000e+02 2.778000e+02
1.985000e+02 2.721000e+02
2.015000e+02 2.664000e+02
2.050000e+02 2.598000e+02
2.085000e+02 2.532000e+02
2.110000e+02 2.475000e+02
2.135000e+02 2.418000e+02
2.162500e+02 2.361000e+02
2.190000e+02 2.304000e+02
2.215000e+02 2.253000e+02
2.240000e+02 2.202000e+02
2.267500e+02 2.142000e+02
2.295000e+02 2.082000e+02
2.325000e+02 2.022000e+02
2.355000e+02 1.962000e+02
2.382500e+02 1.902000e+02
2.410000e+02 1.842000e+02
2.437500e+02 1.785000e+02
2.465000e+02 1.728000e+02
2.507500e+02 1.641000e+02
2.550000e+02 1.554000e+02
2.565000e+02 1.527000e+02
2.580000e+02 1.500000e+02
2.622500e+02 1.419000e+02
2.665000e+02 1.338000e+02
2.690000e+02 1.287000e+02
2.715000e+02 1.236000e+02
2.740000e+02 1.191000e+02
2.765000e+02 1.146000e+02
2.790000e+02 1.101000e+02
2.815000e+02 1.056000e+02
2.840000e+02 1.014000e+02
2.865000e+02 9.720000e+01
2.887500e+02 9.330000e+01
2.910000e+02 8.940000e+01
2.930000e+02 8.610000e+01
2.950000e+02 8.280000e+01
2.967500e+02 7.980000e+01
2.985000e+02 7.680000e+01
2.997500e+02 7.410000e+01
3.010000e+02 7.140000e+01
3.027500e+02 6.930000e+01
3.045000e+02 6.720000e+01
3.057500e+02 6.510000e+01
3.070000e+02 6.300000e+01
3.080000e+02 6.150000e+01
3.090000e+02 6.000000e+01
3.100000e+02 5.880000e+01
3.110000e+02 5.760000e+01
3.120000e+02 5.700000e+01
3.130000e+02 5.640000e+01
3.137500e+02 5.580000e+01
3.145000e+02 5.520000e+01
3.155000e+02 5.460000e+01
3.165000e+02 5.400000e+01
3.177500e+02 5.370000e+01
3.190000e+02 5.340000e+01
3.200000e+02 5.370000e+01
3.210000e+02 5.400000e+01
3.222500e+02 5.490000e+01
3.235000e+02 5.580000e+01
3.245000e+02 5.670000e+01
3.255000e+02 5.760000e+01
3.267500e+02 5.880000e+01
3.280000e+02 6.000000e+01
3.292500e+02 6.150000e+01
3.305000e+02 6.300000e+01
3.317500e+02 6.510000e+01
3.330000e+02 6.720000e+01
3.345000e+02 6.930000e+01
3.360000e+02 7.140000e+01
3.372500e+02 7.380000e+01
3.385000e+02 7.620000e+01
3.402500e+02 7.890000e+01
3.420000e+02 8.160000e+01
3.435000e+02 8.460000e+01
3.450000e+02 8.760000e+01
3.470000e+02 9.060000e+01
3.490000e+02 9.360000e+01
3.507500e+02 9.690000e+01
3.525000e+02 1.002000e+02
3.545000e+02 1.032000e+02
3.565000e+02 1.062000e+02
3.587500e+02 1.098000e+02
3.610000e+02 1.134000e+02
3.642500e+02 1.185000e+02
3.675000e+02 1.236000e+02
3.687500e+02 1.257000e+02
3.700000e+02 1.278000e+02
3.737500e+02 1.335000e+02
3.775000e+02 1.392000e+02
3.800000e+02 1.431000e+02
3.825000e+02 1.470000e+02
3.850000e+02 1.512000e+02
3.875000e+02 1.554000e+02
3.900000e+02 1.596000e+02
3.925000e+02 1.638000e+02
3.952500e+02 1.686000e+02
3.980000e+02 1.734000e+02
4.005000e+02 1.776000e+02
4.030000e+02 1.818000e+02
4.067500e+02 1.881000e+02
4.105000e+02 1.944000e+02
4.147500e+02 2.013000e+02
4.190000e+02 2.082000e+02
4.220000e+02 2.130000e+02
4.250000e+02 2.178000e+02
4.295000e+02 2.247000e+02
4.340000e+02 2.316000e+02
4.367500e+02 2.364000e+02
4.395000e+02 2.412000e+02
4.427500e+02 2.457000e+02
4.460000e+02 2.502000e+02
4.487500e+02 2.547000e+02
4.515000e+02 2.592000e+02
4.550000e+02 2.646000e+02
4.585000e+02 2.700000e+02
4.615000e+02 2.742000e+02
4.645000e+02 2.784000e+02
4.675000e+02 2.829000e+02
4.705000e+02 2.874000e+02
4.735000e+02 2.919000e+02
4.765000e+02 2.964000e+02
4.795000e+02 3.006000e+02
4.825000e+02 3.048000e+02
4.855000e+02 3.093000e+02
4.885000e+02 3.138000e+02
4.912500e+02 3.174000e+02
4.940000e+02 3.210000e+02
4.967500e+02 3.249000e+02
4.995000e+02 3.288000e+02
5.025000e+02 3.324000e+02
5.055000e+02 3.360000e+02
5.080000e+02 3.396000e+02
5.105000e+02 3.432000e+02
5.132500e+02 3.465000e+02
5.160000e+02 3.498000e+02
5.185000e+02 3.534000e+02
5.210000e+02 3.570000e+02
5.232500e+02 3.600000e+02
5.255000e+02 3.630000e+02
5.305000e+02 3.690000e+02
5.350000e+02 3.750000e+02
5.390000e+02 3.804000e+02
5.435000e+02 3.870000e+02
5.470000e+02 3.918000e+02
5.505000e+02 3.966000e+02
5.540000e+02 4.014000e+02
5.575000e+02 4.056000e+02
5.600000e+02 4.092000e+02
5.625000e+02 4.128000e+02
5.655000e+02 4.164000e+02
5.685000e+02 4.200000e+02
5.705000e+02 4.230000e+02
5.715000e+02 4.242000e+02
5.725000e+02 4.254000e+02
5.735000e+02 4.272000e+02
5.745000e+02 4.284000e+02
5.755000e+02 4.302000e+02
5.755000e+02 4.302000e+02
1.455000e+02 4.140000e+02
1.455000e+02 4.140000e+02
1.455000e+02 4.140000e+02
1.447500e+02 4.137000e+02
1.440000e+02 4.134000e+02
1.437500e+02 4.131000e+02
1.435000e+02 4.128000e+02
1.427500e+02 4.119000e+02
1.420000e+02 4.110000e+02
1.415000e+02 4.104000e+02
1.410000e+02 4.098000e+02
1.405000e+02 4.089000e+02
1.400000e+02 4.080000e+02
1.397500e+02 4.068000e+02
1.395000e+02 4.056000e+02
1.395000e+02 4.026000e+02
1.395000e+02 3.996000e+02
1.402500e+02 3.963000e+02
1.410000e+02 3.930000e+02
1.422500e+02 3.894000e+02
1.435000e+02 3.858000e+02
1.447500e+02 3.819000e+02
1.460000e+02 3.780000e+02
1.477500e+02 3.738000e+02
1.495000e+02 3.696000e+02
1.512500e+02 3.657000e+02
1.530000e+02 3.618000e+02
1.550000e+02 3.573000e+02
1.570000e+02 3.528000e+02
1.592500e+02 3.483000e+02
1.615000e+02 3.438000e+02
1.657500e+02 3.357000e+02
1.700000e+02 3.276000e+02
1.715000e+02 3.246000e+02
1.730000e+02 3.216000e+02
1.760000e+02 3.159000e+02
1.790000e+02 3.102000e+02
1.822500e+02 3.039000e+02
1.855000e+02 2.976000e+02
1.905000e+02 2.877000e+02
1.955000e+02 2.778000e+02
1.985000e+02 2.721000e+02
2.015000e+02 2.664000e+02
2.050000e+02 2.598000e+02
2.085000e+02 2.532000e+02
2.110000e+02 2.475000e+02
2.135000e+02 2.418000e+02
2.162500e+02 2.361000e+02
2.190000e+02 2.304000e+02
2.215000e+02 2.253000e+02
2.240000e+02 2.202000e+02
2.267500e+02 2.142000e+02
2.295000e+02 2.082000e+02
2.325000e+02 2.022000e+02
2.355000e+02 1.962000e+02
2.382500e+02 1.902000e+02
2.410000e+02 1.842000e+02
2.437500e+02 1.785000e+02
2.465000e+02 1.728000e+02
2.507500e+02 1.641000e+02
2.550000e+02 1.554000e+02
2.565000e+02 1.527000e+02
2.580000e+02 1.500000e+02
2.622500e+02 1.419000e+02
2.665000e+02 1.338000e+02
2.690000e+02 1.287000e+02
2.715000e+02 1.236000e+02
2.740000e+02 1.191000e+02
2.765000e+02 1.146000e+02
2.790000e+02 1.101000e+02
2.815000e+02 1.056000e+02
2.840000e+02 1.014000e+02
2.865000e+02 9.720000e+01
2.887500e+02 9.330000e+01
2.910000e+02 8.940000e+01
2.930000e+02 8.610000e+01
2.950000e+02 8.280000e+01
2.967500e+02 7.980000e+01
2.985000e+02 7.680000e+01
2.997500e+02 7.410000e+01
3.010000e+02 7.140000e+01
3.027500e+02 6.930000e+01
3.045000e+02 6.720000e+01
3.057500e+02 6.510000e+01
3.070000e+02 6.300000e+01
3.080000e+02 6.150000e+01
3.090000e+02 6.000000e+01
3.100000e+02 5.880000e+01
3.110000e+02 5.760000e+01
3.120000e+02 5.700000e+01
3.130000e+02 5.640000e+01
3.137500e+02 5.580000e+01
3.145000e+02 5.520000e+01
3.155000e+02 5.460000e+01
3.165000e+02 5.400000e+01
3.177500e+02 5.370000e+01
3.190000e+02 5.340000e+01
3.200000e+02 5.370000e+01
3.210000e+02 5.400000e+01
3.222500e+02 5.490000e+01
3.235000e+02 5.580000e+01
3.245000e+02 5.670000e+01
3.255000e+02 5.760000e+01
3.267500e+02 5.880000e+01
3.280000e+02 6.000000e+01
3.292500e+02 6.150000e+01
3.305000e+02 6.300000e+01
3.317500e+02 6.510000e+01
3.330000e+02 6.720000e+01
3.345000e+02 6.930000e+01
3.360000e+02 7.140000e+01
3.372500e+02 7.380000e+01
3.385000e+02 7.620000e+01
3.402500e+02 7.890000e+01
3.420000e+02 8.160000e+01
3.435000e+02 8.460000e+01
3.450000e+02 8.760000e+01
3.470000e+02 9.060000e+01
3.490000e+02 9.360000e+01
3.507500e+02 9.690000e+01
3.525000e+02 1.002000e+02
3.545000e+02 1.032000e+02
3.565000e+02 1.062000e+02
3.587500e+02 1.098000e+02
3.610000e+02 1.134000e+02
3.642500e+02 1.185000e+02
3.675000e+02 1.236000e+02
3.687500e+02 1.257000e+02
3.700000e+02 1.278000e+02
3.737500e+02 1.335000e+02
3.775000e+02 1.392000e+02
3.800000e+02 1.431000e+02
3.825000e+02 1.470000e+02
3.850000e+02 1.512000e+02
3.875000e+02 1.554000e+02
3.900000e+02 1.596000e+02
3.925000e+02 1.638000e+02
3.952500e+02 1.686000e+02
3.980000e+02 1.734000e+02
4.005000e+02 1.776000e+02
4.030000e+02 1.818000e+02
4.067500e+02 1.881000e+02
4.105000e+02 1.944000e+02
4.147500e+02 2.013000e+02
4.190000e+02 2.082000e+02
4.220000e+02 2.130000e+02
4.250000e+02 2.178000e+02
4.295000e+02 2.247000e+02
4.340000e+02 2.316000e+02
4.367500e+02 2.364000e+02
4.395000e+02 2.412000e+02
4.427500e+02 2.457000e+02
4.460000e+02 2.502000e+02
4.487500e+02 2.547000e+02
4.515000e+02 2.592000e+02
4.550000e+02 2.646000e+02
4.585000e+02 2.700000e+02
4.615000e+02 2.742000e+02
4.645000e+02 2.784000e+02
4.675000e+02 2.829000e+02
4.705000e+02 2.874000e+02
4.735000e+02 2.919000e+02
4.765000e+02 2.964000e+02
4.795000e+02 3.006000e+02
4.825000e+02 3.048000e+02
4.855000e+02 3.093000e+02
4.885000e+02 3.138000e+02
4.912500e+02 3.174000e+02
4.940000e+02 3.210000e+02
4.967500e+02 3.249000e+02
4.995000e+02 3.288000e+02
5.025000e+02 3.324000e+02
5.055000e+02 3.360000e+02
5.080000e+02 3.396000e+02
5.105000e+02 3.432000e+02
5.132500e+02 3.465000e+02
5.160000e+02 3.498000e+02
5.185000e+02 3.534000e+02
5.210000e+02 3.570000e+02
5.232500e+02 3.600000e+02
5.255000e+02 3.630000e+02
5.305000e+02 3.690000e+02
5.350000e+02 3.750000e+02
5.390000e+02 3.804000e+02
5.435000e+02 3.870000e+02
5.470000e+02 3.918000e+02
5.505000e+02 3.966000e+02
5.540000e+02 4.014000e+02
5.575000e+02 4.056000e+02
5.600000e+02 4.092000e+02
5.625000e+02 4.128000e+02
5.655000e+02 4.164000e+02
5.685000e+02 4.200000e+02
5.705000e+02 4.230000e+02
5.715000e+02 4.242000e+02
5.725000e+02 4.254000e+02
5.735000e+02 4.272000e+02
5.745000e+02 4.284000e+02
5.755000e+02 4.302000e+02
5.755000e+02 4.302000e+02
1.455000e+02 4.140000e+02
1.455000e+02 4.140000e+02
1.455000e+02 4.140000e+02
1.447500e+02 4.137000e+02
1.440000e+02 4.134000e+02
1.437500e+02 4.131000e+02
1.435000e+02 4.128000e+02
1.427500e+02 4.119000e+02
1.420000e+02 4.110000e+02
1.415000e+02 4.104000e+02
1.410000e+02 4.098000e+02
1.405000e+02 4.089000e+02
1.400000e+02 4.080000e+02
1.397500e+02 4.068000e+02
1.395000e+02 4.056000e+02
1.395000e+02 4.026000e+02
1.395000e+02 3.996000e+02
1.402500e+02 3.963000e+02
1.410000e+02 3.930000e+02
1.422500e+02 3.894000e+02
1.435000e+02 3.858000e+02
1.447500e+02 3.819000e+02
1.460000e+02 3.780000e+02
1.477500e+02 3.738000e+02
1.495000e+02 3.696000e+02
1.512500e+02 3.657000e+02
1.530000e+02 3.618000e+02
1.550000e+02 3.573000e+02
1.570000e+02 3.528000e+02
1.592500e+02 3.483000e+02
1.615000e+02 3.438000e+02
1.657500e+02 3.357000e+02
1.700000e+02 3.276000e+02
1.715000e+02 3.246000e+02
1.730000e+02 3.216000e+02
1.760000e+02 3.159000e+02
1.790000e+02 3.102000e+02
1.822500e+02 3.039000e+02
1.855000e+02 2.976000e+02
1.905000e+02 2.877000e+02
1.955000e+02 2.778000e+02
1.985000e+02 2.721000e+02
2.015000e+02 2.664000e+02
2.050000e+02 2.598000e+02
2.085000e+02 2.532000e+02
2.110000e+02 2.475000e+02
2.135000e+02 2.418000e+02
2.162500e+02 2.361000e+02
2.190000e+02 2.304000e+02
2.215000e+02 2.253000e+02
2.240000e+02 2.202000e+02
2.267500e+02 2.142000e+02
2.295000e+02 2.082000e+02
2.325000e+02 2.022000e+02
2.355000e+02 1.962000e+02
2.382500e+02 1.902000e+02
2.410000e+02 1.842000e+02
2.437500e+02 1.785000e+02
2.465000e+02 1.728000e+02
2.507500e+02 1.641000e+02
2.550000e+02 1.554000e+02
2.565000e+02 1.527000e+02
2.580000e+02 1.500000e+02
2.622500e+02 1.419000e+02
2.665000e+02 1.338000e+02
2.690000e+02 1.287000e+02
2.715000e+02 1.236000e+02
2.740000e+02 1.191000e+02
2.765000e+02 1.146000e+02
2.790000e+02 1.101000e+02
2.815000e+02 1.056000e+02
2.840000e+02 1.014000e+02
2.865000e+02 9.720000e+01
2.887500e+02 9.330000e+01
2.910000e+02 8.940000e+01
2.930000e+02 8.610000e+01
2.950000e+02 8.280000e+01
2.967500e+02 7.980000e+01
2.985000e+02 7.680000e+01
2.997500e+02 7.410000e+01
3.010000e+02 7.140000e+01
3.027500e+02 6.930000e+01
3.045000e+02 6.720000e+01
3.057500e+02 6.510000e+01
3.070000e+02 6.300000e+01
3.080000e+02 6.150000e+01
3.090000e+02 6.000000e+01
3.100000e+02 5.880000e+01
3.110000e+02 5.760000e+01
3.120000e+02 5.700000e+01
3.130000e+02 5.640000e+01
3.137500e+02 5.580000e+01
3.145000e+02 5.520000e+01
3.155000e+02 5.460000e+01
3.165000e+02 5.400000e+01
3.177500e+02 5.370000e+01
3.190000e+02 5.340000e+01
3.200000e+02 5.370000e+01
3.210000e+02 5.400000e+01
3.222500e+02 5.490000e+01
3.235000e+02 5.580000e+01
3.245000e+02 5.670000e+01
3.255000e+02 5.760000e+01
3.267500e+02 5.880000e+01
3.280000e+02 6.000000e+01
3.292500e+02 6.150000e+01
3.305000e+02 6.300000e+01
3.317500e+02 6.510000e+01
3.330000e+02 6.720000e+01
3.345000e+02 6.930000e+01
3.360000e+02 7.140000e+01
3.372500e+02 7.380000e+01
3.385000e+02 7.620000e+01
3.402500e+02 7.890000e+01
3.420000e+02 8.160000e+01
3.435000e+02 8.460000e+01
3.450000e+02 8.760000e+01
3.470000e+02 9.060000e+01
3.490000e+02 9.360000e+01
3.507500e+02 9.690000e+01
3.525000e+02 1.002000e+02
3.545000e+02 1.032000e+02
3.565000e+02 1.062000e+02
3.587500e+02 1.098000e+02
3.610000e+02 1.134000e+02
3.642500e+02 1.185000e+02
3.675000e+02 1.236000e+02
3.687500e+02 1.257000e+02
3.700000e+02 1.278000e+02
3.737500e+02 1.335000e+02
3.775000e+02 1.392000e+02
3.800000e+02 1.431000e+02
3.825000e+02 1.470000e+02
3.850000e+02 1.512000e+02
3.875000e+02 1.554000e+02
3.900000e+02 1.596000e+02
3.925000e+02 1.638000e+02
3.952500e+02 1.686000e+02
3.980000e+02 1.734000e+02
4.005000e+02 1.776000e+02
4.030000e+02 1.818000e+02
4.067500e+02 1.881000e+02
4.105000e+02 1.944000e+02
4.147500e+02 2.013000e+02
4.190000e+02 2.082000e+02
4.220000e+02 2.130000e+02
4.250000e+02 2.178000e+02
4.295000e+02 2.247000e+02
4.340000e+02 2.316000e+02
4.367500e+02 2.364000e+02
4.395000e+02 2.412000e+02
4.427500e+02 2.457000e+02
4.460000e+02 2.502000e+02
4.487500e+02 2.547000e+02
4.515000e+02 2.592000e+02
4.550000e+02 2.646000e+02
4.585000e+02 2.700000e+02
4.615000e+02 2.742000e+02
4.645000e+02 2.784000e+02
4.675000e+02 2.829000e+02
4.705000e+02 2.874000e+02
4.735000e+02 2.919000e+02
4.765000e+02 2.964000e+02
4.795000e+02 3.006000e+02
4.825000e+02 3.048000e+02
4.855000e+02 3.093000e+02
4.885000e+02 3.138000e+02
4.912500e+02 3.174000e+02
4.940000e+02 3.210000e+02
4.967500e+02 3.249000e+02
4.995000e+02 3.288000e+02
5.025000e+02 3.324000e+02
5.055000e+02 3.360000e+02
5.080000e+02 3.396000e+02
5.105000e+02 3.432000e+02
5.132500e+02 3.465000e+02
5.160000e+02 3.498000e+02
5.185000e+02 3.534000e+02
5.210000e+02 3.570000e+02
5.232500e+02 3.600000e+02
5.255000e+02 3.630000e+02
5.305000e+02 3.690000e+02
5.350000e+02 3.750000e+02
5.390000e+02 3.804000e+02
5.435000e+02 3.870000e+02
5.470000e+02 3.918000e+02
5.505000e+02 3.966000e+02
5.540000e+02 4.014000e+02
5.575000e+02 4.056000e+02
5.600000e+02 4.092000e+02
5.625000e+02 4.128000e+02
5.655000e+02 4.164000e+02
5.685000e+02 4.200000e+02
5.705000e+02 4.230000e+02
5.715000e+02 4.242000e+02
5.725000e+02 4.254000e+02
5.735000e+02 4.272000e+02
5.745000e+02 4.284000e+02
5.755000e+02 4.302000e+02
5.755000e+02 4.302000e+02
