5.345000e+02 2.412000e+02
5.345000e+02 2.412000e+02
5.345000e+02 2.412000e+02
5.345000e+02 2.412000e+02
5.345000e+02 2.412000e+02
5.345000e+02 2.412000e+02
5.345000e+02 2.412000e+02
5.345000e+02 2.412000e+02
5.345000e+02 2.412000e+02
5.341875e+02 2.412000e+02
5.338750e+02 2.412000e+02
5.335625e+02 2.412000e+02
5.332500e+02 2.412000e+02
5.329375e+02 2.412000e+02
5.326250e+02 2.412000e+02
5.323125e+02 2.412000e+02
5.320000e+02 2.412000e+02
5.315625e+02 2.412750e+02
5.311250e+02 2.413500e+02
5.306875e+02 2.414250e+02
5.302500e+02 2.415000e+02
5.298125e+02 2.415750e+02
5.293750e+02 2.416500e+02
5.285000e+02 2.418000e+02
5.272500e+02 2.418000e+02
5.260000e+02 2.418000e+02
5.247500e+02 2.418000e+02
5.235000e+02 2.418000e+02
5.221250e+02 2.419500e+02
5.207500e+02 2.421000e+02
5.193750e+02 2.422500e+02
5.180000e+02 2.424000e+02
5.155000e+02 2.425500e+02
5.130000e+02 2.427000e+02
5.105000e+02 2.428500e+02
5.080000e+02 2.430000e+02
5.061250e+02 2.431500e+02
5.042500e+02 2.433000e+02
5.023750e+02 2.434500e+02
5.005000e+02 2.436000e+02
4.986250e+02 2.436000e+02
4.967500e+02 2.436000e+02
4.948750e+02 2.436000e+02
4.930000e+02 2.436000e+02
4.906250e+02 2.437500e+02
4.882500e+02 2.439000e+02
4.858750e+02 2.440500e+02
4.835000e+02 2.442000e+02
4.811250e+02 2.443500e+02
4.787500e+02 2.445000e+02
4.763750e+02 2.446500e+02
4.740000e+02 2.448000e+02
4.702500e+02 2.449500e+02
4.665000e+02 2.451000e+02
4.627500e+02 2.452500e+02
4.590000e+02 2.454000e+02
4.578750e+02 2.454000e+02
4.567500e+02 2.454000e+02
4.556250e+02 2.454000e+02
4.545000e+02 2.454000e+02
4.517500e+02 2.455500e+02
4.490000e+02 2.457000e+02
4.462500e+02 2.458500e+02
4.435000e+02 2.460000e+02
4.403750e+02 2.460000e+02
4.372500e+02 2.460000e+02
4.341250e+02 2.460000e+02
4.310000e+02 2.460000e+02
4.265000e+02 2.460000e+02
4.220000e+02 2.460000e+02
4.175000e+02 2.460000e+02
4.130000e+02 2.460000e+02
4.100000e+02 2.460000e+02
4.070000e+02 2.460000e+02
4.040000e+02 2.460000e+02
4.010000e+02 2.460000e+02
3.977500e+02 2.458500e+02
3.945000e+02 2.457000e+02
3.912500e+02 2.455500e+02
3.880000e+02 2.454000e+02
3.846250e+02 2.454000e+02
3.812500e+02 2.454000e+02
3.778750e+02 2.454000e+02
3.745000e+02 2.454000e+02
3.711250e+02 2.455500e+02
3.677500e+02 2.457000e+02
3.643750e+02 2.458500e+02
3.610000e+02 2.460000e+02
3.576250e+02 2.460000e+02
3.542500e+02 2.460000e+02
3.508750e+02 2.460000e+02
3.475000e+02 2.460000e+02
3.440000e+02 2.461500e+02
3.405000e+02 2.463000e+02
3.370000e+02 2.464500e+02
3.335000e+02 2.466000e+02
3.300000e+02 2.466000e+02
3.265000e+02 2.466000e+02
3.230000e+02 2.466000e+02
3.195000e+02 2.466000e+02
3.157500e+02 2.469000e+02
3.120000e+02 2.472000e+02
3.082500e+02 2.475000e+02
3.045000e+02 2.478000e+02
3.007500e+02 2.479500e+02
2.970000e+02 2.481000e+02
2.932500e+02 2.482500e+02
2.895000e+02 2.484000e+02
2.858750e+02 2.485500e+02
2.822500e+02 2.487000e+02
2.786250e+02 2.488500e+02
2.750000e+02 2.490000e+02
2.715000e+02 2.491500e+02
2.680000e+02 2.493000e+02
2.645000e+02 2.494500e+02
2.610000e+02 2.496000e+02
2.573750e+02 2.497500e+02
2.537500e+02 2.499000e+02
2.501250e+02 2.500500e+02
2.465000e+02 2.502000e+02
2.430000e+02 2.502000e+02
2.395000e+02 2.502000e+02
2.360000e+02 2.502000e+02
2.325000e+02 2.502000e+02
2.290000e+02 2.503500e+02
2.255000e+02 2.505000e+02
2.220000e+02 2.506500e+02
2.185000e+02 2.508000e+02
2.153750e+02 2.506500e+02
2.122500e+02 2.505000e+02
2.091250e+02 2.503500e+02
2.060000e+02 2.502000e+02
2.031250e+02 2.500500e+02
2.002500e+02 2.499000e+02
1.973750e+02 2.497500e+02
1.945000e+02 2.496000e+02
1.916250e+02 2.494500e+02
1.887500e+02 2.493000e+02
1.858750e+02 2.491500e+02
1.830000e+02 2.490000e+02
1.786250e+02 2.488500e+02
1.742500e+02 2.487000e+02
1.698750e+02 2.485500e+02
1.655000e+02 2.484000e+02
1.631250e+02 2.482500e+02
1.607500e+02 2.481000e+02
1.583750e+02 2.479500e+02
1.560000e+02 2.478000e+02
1.535000e+02 2.478000e+02
1.510000e+02 2.478000e+02
1.485000e+02 2.478000e+02
1.460000e+02 2.478000e+02
1.438750e+02 2.476500e+02
1.417500e+02 2.475000e+02
1.396250e+02 2.473500e+02
1.375000e+02 2.472000e+02
1.355000e+02 2.472000e+02
1.335000e+02 2.472000e+02
1.315000e+02 2.472000e+02
1.295000e+02 2.472000e+02
1.275000e+02 2.470500e+02
1.255000e+02 2.469000e+02
1.235000e+02 2.467500e+02
1.215000e+02 2.466000e+02
1.197500e+02 2.466000e+02
1.180000e+02 2.466000e+02
1.162500e+02 2.466000e+02
1.145000e+02 2.466000e+02
1.130000e+02 2.466000e+02
1.115000e+02 2.466000e+02
1.100000e+02 2.466000e+02
1.085000e+02 2.466000e+02
1.068750e+02 2.467500e+02
1.052500e+02 2.469000e+02
1.036250e+02 2.470500e+02
1.020000e+02 2.472000e+02
1.006250e+02 2.472000e+02
9.925000e+01 2.472000e+02
9.787500e+01 2.472000e+02
9.650000e+01 2.472000e+02
9.500000e+01 2.473500e+02
9.350000e+01 2.475000e+02
9.200000e+01 2.476500e+02
9.050000e+01 2.478000e+02
8.912500e+01 2.479500e+02
8.775000e+01 2.481000e+02
8.637500e+01 2.482500e+02
8.500000e+01 2.484000e+02
8.400000e+01 2.485500e+02
8.300000e+01 2.487000e+02
8.200000e+01 2.488500e+02
8.100000e+01 2.490000e+02
8.012500e+01 2.490000e+02
7.925000e+01 2.490000e+02
7.837500e+01 2.490000e+02
7.750000e+01 2.490000e+02
7.750000e+01 2.490000e+02
7.750000e+01 2.490000e+02
7.750000e+01 2.490000e+02
7.750000e+01 2.490000e+02
5.345000e+02 2.412000e+02
5.345000e+02 2.412000e+02
5.345000e+02 2.412000e+02
5.345000e+02 2.412000e+02
5.345000e+02 2.412000e+02
5.345000e+02 2.412000e+02
5.345000e+02 2.412000e+02
5.345000e+02 2.412000e+02
5.345000e+02 2.412000e+02
5.341875e+02 2.412000e+02
5.338750e+02 2.412000e+02
5.335625e+02 2.412000e+02
5.332500e+02 2.412000e+02
5.329375e+02 2.412000e+02
5.326250e+02 2.412000e+02
5.323125e+02 2.412000e+02
5.320000e+02 2.412000e+02
5.315625e+02 2.412750e+02
5.311250e+02 2.413500e+02
5.306875e+02 2.414250e+02
5.302500e+02 2.415000e+02
5.298125e+02 2.415750e+02
5.293750e+02 2.416500e+02
5.285000e+02 2.418000e+02
5.272500e+02 2.418000e+02
5.260000e+02 2.418000e+02
5.247500e+02 2.418000e+02
5.235000e+02 2.418000e+02
5.221250e+02 2.419500e+02
5.207500e+02 2.421000e+02
5.193750e+02 2.422500e+02
5.180000e+02 2.424000e+02
5.155000e+02 2.425500e+02
5.130000e+02 2.427000e+02
5.105000e+02 2.428500e+02
5.080000e+02 2.430000e+02
5.061250e+02 2.431500e+02
5.042500e+02 2.433000e+02
5.023750e+02 2.434500e+02
5.005000e+02 2.436000e+02
4.986250e+02 2.436000e+02
4.967500e+02 2.436000e+02
4.948750e+02 2.436000e+02
4.930000e+02 2.436000e+02
4.906250e+02 2.437500e+02
4.882500e+02 2.439000e+02
4.858750e+02 2.440500e+02
4.835000e+02 2.442000e+02
4.811250e+02 2.443500e+02
4.787500e+02 2.445000e+02
4.763750e+02 2.446500e+02
4.740000e+02 2.448000e+02
4.702500e+02 2.449500e+02
4.665000e+02 2.451000e+02
4.627500e+02 2.452500e+02
4.590000e+02 2.454000e+02
4.578750e+02 2.454000e+02
4.567500e+02 2.454000e+02
4.556250e+02 2.454000e+02
4.545000e+02 2.454000e+02
4.517500e+02 2.455500e+02
4.490000e+02 2.457000e+02
4.462500e+02 2.458500e+02
4.435000e+02 2.460000e+02
4.403750e+02 2.460000e+02
4.372500e+02 2.460000e+02
4.341250e+02 2.460000e+02
4.310000e+02 2.460000e+02
4.265000e+02 2.460000e+02
4.220000e+02 2.460000e+02
4.175000e+02 2.460000e+02
4.130000e+02 2.460000e+02
4.100000e+02 2.460000e+02
4.070000e+02 2.460000e+02
4.040000e+02 2.460000e+02
4.010000e+02 2.460000e+02
3.977500e+02 2.458500e+02
3.945000e+02 2.457000e+02
3.912500e+02 2.455500e+02
3.880000e+02 2.454000e+02
3.846250e+02 2.454000e+02
3.812500e+02 2.454000e+02
3.778750e+02 2.454000e+02
3.745000e+02 2.454000e+02
3.711250e+02 2.455500e+02
3.677500e+02 2.457000e+02
3.643750e+02 2.458500e+02
3.610000e+02 2.460000e+02
3.576250e+02 2.460000e+02
3.542500e+02 2.460000e+02
3.508750e+02 2.460000e+02
3.475000e+02 2.460000e+02
3.440000e+02 2.461500e+02
3.405000e+02 2.463000e+02
3.370000e+02 2.464500e+02
3.335000e+02 2.466000e+02
3.300000e+02 2.466000e+02
3.265000e+02 2.466000e+02
3.230000e+02 2.466000e+02
3.195000e+02 2.466000e+02
3.157500e+02 2.469000e+02
3.120000e+02 2.472000e+02
3.082500e+02 2.475000e+02
3.045000e+02 2.478000e+02
3.007500e+02 2.479500e+02
2.970000e+02 2.481000e+02
2.932500e+02 2.482500e+02
2.895000e+02 2.484000e+02
2.858750e+02 2.485500e+02
2.822500e+02 2.487000e+02
2.786250e+02 2.488500e+02
2.750000e+02 2.490000e+02
2.715000e+02 2.491500e+02
2.680000e+02 2.493000e+02
2.645000e+02 2.494500e+02
2.610000e+02 2.496000e+02
2.573750e+02 2.497500e+02
2.537500e+02 2.499000e+02
2.501250e+02 2.500500e+02
2.465000e+02 2.502000e+02
2.430000e+02 2.502000e+02
2.395000e+02 2.502000e+02
2.360000e+02 2.502000e+02
2.325000e+02 2.502000e+02
2.290000e+02 2.503500e+02
2.255000e+02 2.505000e+02
2.220000e+02 2.506500e+02
2.185000e+02 2.508000e+02
2.153750e+02 2.506500e+02
2.122500e+02 2.505000e+02
2.091250e+02 2.503500e+02
2.060000e+02 2.502000e+02
2.031250e+02 2.500500e+02
2.002500e+02 2.499000e+02
1.973750e+02 2.497500e+02
1.945000e+02 2.496000e+02
1.916250e+02 2.494500e+02
1.887500e+02 2.493000e+02
1.858750e+02 2.491500e+02
1.830000e+02 2.490000e+02
1.786250e+02 2.488500e+02
1.742500e+02 2.487000e+02
1.698750e+02 2.485500e+02
1.655000e+02 2.484000e+02
1.631250e+02 2.482500e+02
1.607500e+02 2.481000e+02
1.583750e+02 2.479500e+02
1.560000e+02 2.478000e+02
1.535000e+02 2.478000e+02
1.510000e+02 2.478000e+02
1.485000e+02 2.478000e+02
1.460000e+02 2.478000e+02
1.438750e+02 2.476500e+02
1.417500e+02 2.475000e+02
1.396250e+02 2.473500e+02
1.375000e+02 2.472000e+02
1.355000e+02 2.472000e+02
1.335000e+02 2.472000e+02
1.315000e+02 2.472000e+02
1.295000e+02 2.472000e+02
1.275000e+02 2.470500e+02
1.255000e+02 2.469000e+02
1.235000e+02 2.467500e+02
1.215000e+02 2.466000e+02
1.197500e+02 2.466000e+02
1.180000e+02 2.466000e+02
1.162500e+02 2.466000e+02
1.145000e+02 2.466000e+02
1.130000e+02 2.466000e+02
1.115000e+02 2.466000e+02
1.100000e+02 2.466000e+02
1.085000e+02 2.466000e+02
1.068750e+02 2.467500e+02
1.052500e+02 2.469000e+02
1.036250e+02 2.470500e+02
1.020000e+02 2.472000e+02
1.006250e+02 2.472000e+02
9.925000e+01 2.472000e+02
9.787500e+01 2.472000e+02
9.650000e+01 2.472000e+02
9.500000e+01 2.473500e+02
9.350000e+01 2.475000e+02
9.200000e+01 2.476500e+02
9.050000e+01 2.478000e+02
8.912500e+01 2.479500e+02
8.775000e+01 2.481000e+02
8.637500e+01 2.482500e+02
8.500000e+01 2.484000e+02
8.400000e+01 2.485500e+02
8.300000e+01 2.487000e+02
8.200000e+01 2.488500e+02
8.100000e+01 2.490000e+02
8.012500e+01 2.490000e+02
7.925000e+01 2.490000e+02
7.837500e+01 2.490000e+02
7.750000e+01 2.490000e+02
7.750000e+01 2.490000e+02
7.750000e+01 2.490000e+02
7.750000e+01 2.490000e+02
7.750000e+01 2.490000e+02
5.345000e+02 2.412000e+02
5.345000e+02 2.412000e+02
5.345000e+02 2.412000e+02
5.345000e+02 2.412000e+02
5.345000e+02 2.412000e+02
5.345000e+02 2.412000e+02
5.345000e+02 2.412000e+02
5.345000e+02 2.412000e+02
5.345000e+02 2.412000e+02
5.341875e+02 2.412000e+02
5.338750e+02 2.412000e+02
5.335625e+02 2.412000e+02
5.332500e+02 2.412000e+02
5.329375e+02 2.412000e+02
5.326250e+02 2.412000e+02
5.323125e+02 2.412000e+02
5.320000e+02 2.412000e+02
5.315625e+02 2.412750e+02
5.311250e+02 2.413500e+02
5.306875e+02 2.414250e+02
5.302500e+02 2.415000e+02
5.298125e+02 2.415750e+02
5.293750e+02 2.416500e+02
5.285000e+02 2.418000e+02
5.272500e+02 2.418000e+02
5.260000e+02 2.418000e+02
5.247500e+02 2.418000e+02
5.235000e+02 2.418000e+02
5.221250e+02 2.419500e+02
5.207500e+02 2.421000e+02
5.193750e+02 2.422500e+02
5.180000e+02 2.424000e+02
5.155000e+02 2.425500e+02
5.130000e+02 2.427000e+02
5.105000e+02 2.428500e+02
5.080000e+02 2.430000e+02
5.061250e+02 2.431500e+02
5.042500e+02 2.433000e+02
5.023750e+02 2.434500e+02
5.005000e+02 2.436000e+02
4.986250e+02 2.436000e+02
4.967500e+02 2.436000e+02
4.948750e+02 2.436000e+02
4.930000e+02 2.436000e+02
4.906250e+02 2.437500e+02
4.882500e+02 2.439000e+02
4.858750e+02 2.440500e+02
4.835000e+02 2.442000e+02
4.811250e+02 2.443500e+02
4.787500e+02 2.445000e+02
4.763750e+02 2.446500e+02
4.740000e+02 2.448000e+02
4.702500e+02 2.449500e+02
4.665000e+02 2.451000e+02
4.627500e+02 2.452500e+02
4.590000e+02 2.454000e+02
4.578750e+02 2.454000e+02
4.567500e+02 2.454000e+02
4.556250e+02 2.454000e+02
4.545000e+02 2.454000e+02
4.517500e+02 2.455500e+02
4.490000e+02 2.457000e+02
4.462500e+02 2.458500e+02
4.435000e+02 2.460000e+02
4.403750e+02 2.460000e+02
4.372500e+02 2.460000e+02
4.341250e+02 2.460000e+02
4.310000e+02 2.460000e+02
4.265000e+02 2.460000e+02
4.220000e+02 2.460000e+02
4.175000e+02 2.460000e+02
4.130000e+02 2.460000e+02
4.100000e+02 2.460000e+02
4.070000e+02 2.460000e+02
4.040000e+02 2.460000e+02
4.010000e+02 2.460000e+02
3.977500e+02 2.458500e+02
3.945000e+02 2.457000e+02
3.912500e+02 2.455500e+02
3.880000e+02 2.454000e+02
3.846250e+02 2.454000e+02
3.812500e+02 2.454000e+02
3.778750e+02 2.454000e+02
3.745000e+02 2.454000e+02
3.711250e+02 2.455500e+02
3.677500e+02 2.457000e+02
3.643750e+02 2.458500e+02
3.610000e+02 2.460000e+02
3.576250e+02 2.460000e+02
3.542500e+02 2.460000e+02
3.508750e+02 2.460000e+02
3.475000e+02 2.460000e+02
3.440000e+02 2.461500e+02
3.405000e+02 2.463000e+02
3.370000e+02 2.464500e+02
3.335000e+02 2.466000e+02
3.300000e+02 2.466000e+02
3.265000e+02 2.466000e+02
3.230000e+02 2.466000e+02
3.195000e+02 2.466000e+02
3.157500e+02 2.469000e+02
3.120000e+02 2.472000e+02
3.082500e+02 2.475000e+02
3.045000e+02 2.478000e+02
3.007500e+02 2.479500e+02
2.970000e+02 2.481000e+02
2.932500e+02 2.482500e+02
2.895000e+02 2.484000e+02
2.858750e+02 2.485500e+02
2.822500e+02 2.487000e+02
2.786250e+02 2.488500e+02
2.750000e+02 2.490000e+02
2.715000e+02 2.491500e+02
2.680000e+02 2.493000e+02
2.645000e+02 2.494500e+02
2.610000e+02 2.496000e+02
2.573750e+02 2.497500e+02
2.537500e+02 2.499000e+02
2.501250e+02 2.500500e+02
2.465000e+02 2.502000e+02
2.430000e+02 2.502000e+02
2.395000e+02 2.502000e+02
2.360000e+02 2.502000e+02
2.325000e+02 2.502000e+02
2.290000e+02 2.503500e+02
2.255000e+02 2.505000e+02
2.220000e+02 2.506500e+02
2.185000e+02 2.508000e+02
2.153750e+02 2.506500e+02
2.122500e+02 2.505000e+02
2.091250e+02 2.503500e+02
2.060000e+02 2.502000e+02
2.031250e+02 2.500500e+02
2.002500e+02 2.499000e+02
1.973750e+02 2.497500e+02
1.945000e+02 2.496000e+02
1.916250e+02 2.494500e+02
1.887500e+02 2.493000e+02
1.858750e+02 2.491500e+02
1.830000e+02 2.490000e+02
1.786250e+02 2.488500e+02
1.742500e+02 2.487000e+02
1.698750e+02 2.485500e+02
1.655000e+02 2.484000e+02
1.631250e+02 2.482500e+02
1.607500e+02 2.481000e+02
1.583750e+02 2.479500e+02
1.560000e+02 2.478000e+02
1.535000e+02 2.478000e+02
1.510000e+02 2.478000e+02
1.485000e+02 2.478000e+02
1.460000e+02 2.478000e+02
1.438750e+02 2.476500e+02
1.417500e+02 2.475000e+02
1.396250e+02 2.473500e+02
1.375000e+02 2.472000e+02
1.355000e+02 2.472000e+02
1.335000e+02 2.472000e+02
1.315000e+02 2.472000e+02
1.295000e+02 2.472000e+02
1.275000e+02 2.470500e+02
1.255000e+02 2.469000e+02
1.235000e+02 2.467500e+02
1.215000e+02 2.466000e+02
1.197500e+02 2.466000e+02
1.180000e+02 2.466000e+02
1.162500e+02 2.466000e+02
1.145000e+02 2.466000e+02
1.130000e+02 2.466000e+02
1.115000e+02 2.466000e+02
1.100000e+02 2.466000e+02
1.085000e+02 2.466000e+02
1.068750e+02 2.467500e+02
1.052500e+02 2.469000e+02
1.036250e+02 2.470500e+02
1.020000e+02 2.472000e+02
1.006250e+02 2.472000e+02
9.925000e+01 2.472000e+02
9.787500e+01 2.472000e+02
9.650000e+01 2.472000e+02
9.500000e+01 2.473500e+02
9.350000e+01 2.475000e+02
9.200000e+01 2.476500e+02
9.050000e+01 2.478000e+02
8.912500e+01 2.479500e+02
8.775000e+01 2.481000e+02
8.637500e+01 2.482500e+02
8.500000e+01 2.484000e+02
8.400000e+01 2.485500e+02
8.300000e+01 2.487000e+02
8.200000e+01 2.488500e+02
8.100000e+01 2.490000e+02
8.012500e+01 2.490000e+02
7.925000e+01 2.490000e+02
7.837500e+01 2.490000e+02
7.750000e+01 2.490000e+02
7.750000e+01 2.490000e+02
7.750000e+01 2.490000e+02
7.750000e+01 2.490000e+02
7.750000e+01 2.490000e+02
