2.285000e+02 1.224000e+02
2.285000e+02 1.224000e+02
2.285000e+02 1.224000e+02
2.292500e+02 1.233000e+02
2.300000e+02 1.242000e+02
2.310000e+02 1.260000e+02
2.320000e+02 1.278000e+02
2.337500e+02 1.302000e+02
2.355000e+02 1.326000e+02
2.362500e+02 1.341000e+02
2.370000e+02 1.356000e+02
2.392500e+02 1.389000e+02
2.415000e+02 1.422000e+02
2.440000e+02 1.452000e+02
2.465000e+02 1.482000e+02
2.495000e+02 1.521000e+02
2.525000e+02 1.560000e+02
2.555000e+02 1.599000e+02
2.585000e+02 1.638000e+02
2.620000e+02 1.683000e+02
2.655000e+02 1.728000e+02
2.672500e+02 1.752000e+02
2.690000e+02 1.776000e+02
2.727500e+02 1.830000e+02
2.765000e+02 1.884000e+02
2.802500e+02 1.941000e+02
2.840000e+02 1.998000e+02
2.880000e+02 2.061000e+02
2.920000e+02 2.124000e+02
2.940000e+02 2.151000e+02
2.960000e+02 2.178000e+02
2.997500e+02 2.241000e+02
3.035000e+02 2.304000e+02
3.077500e+02 2.367000e+02
3.120000e+02 2.430000e+02
3.140000e+02 2.460000e+02
3.160000e+02 2.490000e+02
3.202500e+02 2.556000e+02
3.245000e+02 2.622000e+02
3.267500e+02 2.655000e+02
3.290000e+02 2.688000e+02
3.307500e+02 2.718000e+02
3.325000e+02 2.748000e+02
3.360000e+02 2.808000e+02
3.395000e+02 2.868000e+02
3.427500e+02 2.922000e+02
3.460000e+02 2.976000e+02
3.477500e+02 3.006000e+02
3.495000e+02 3.036000e+02
3.525000e+02 3.090000e+02
3.555000e+02 3.144000e+02
3.582500e+02 3.192000e+02
3.610000e+02 3.240000e+02
3.622500e+02 3.264000e+02
3.635000e+02 3.288000e+02
3.662500e+02 3.333000e+02
3.690000e+02 3.378000e+02
3.715000e+02 3.414000e+02
3.740000e+02 3.450000e+02
3.752500e+02 3.471000e+02
3.765000e+02 3.492000e+02
3.790000e+02 3.531000e+02
3.815000e+02 3.570000e+02
3.835000e+02 3.603000e+02
3.855000e+02 3.636000e+02
3.865000e+02 3.651000e+02
3.875000e+02 3.666000e+02
3.892500e+02 3.696000e+02
3.910000e+02 3.726000e+02
3.925000e+02 3.753000e+02
3.940000e+02 3.780000e+02
3.947500e+02 3.792000e+02
3.955000e+02 3.804000e+02
3.970000e+02 3.831000e+02
3.985000e+02 3.858000e+02
3.995000e+02 3.876000e+02
4.005000e+02 3.894000e+02
4.010000e+02 3.909000e+02
4.015000e+02 3.924000e+02
4.020000e+02 3.936000e+02
4.025000e+02 3.948000e+02
4.025000e+02 3.957000e+02
4.025000e+02 3.966000e+02
4.027500e+02 3.969000e+02
4.030000e+02 3.972000e+02
4.030000e+02 3.975000e+02
4.030000e+02 3.978000e+02
4.025000e+02 3.981000e+02
4.020000e+02 3.984000e+02
4.020000e+02 3.984000e+02
4.020000e+02 3.984000e+02
4.015000e+02 3.987000e+02
4.010000e+02 3.990000e+02
4.002500e+02 3.990000e+02
3.995000e+02 3.990000e+02
3.990000e+02 3.993000e+02
3.985000e+02 3.996000e+02
3.975000e+02 3.996000e+02
3.965000e+02 3.996000e+02
3.960000e+02 3.996000e+02
3.955000e+02 3.996000e+02
3.940000e+02 3.993000e+02
3.925000e+02 3.990000e+02
3.910000e+02 3.990000e+02
3.895000e+02 3.990000e+02
3.887500e+02 3.990000e+02
3.880000e+02 3.990000e+02
3.835000e+02 3.984000e+02
3.815000e+02 3.984000e+02
3.765000e+02 3.990000e+02
3.710000e+02 3.990000e+02
3.680000e+02 3.990000e+02
3.615000e+02 3.996000e+02
3.545000e+02 3.996000e+02
3.465000e+02 4.008000e+02
3.425000e+02 4.014000e+02
3.340000e+02 4.020000e+02
3.255000e+02 4.038000e+02
3.210000e+02 4.050000e+02
3.125000e+02 4.068000e+02
3.085000e+02 4.074000e+02
3.010000e+02 4.092000e+02
2.940000e+02 4.110000e+02
2.905000e+02 4.116000e+02
2.845000e+02 4.128000e+02
2.790000e+02 4.134000e+02
2.745000e+02 4.140000e+02
2.730000e+02 4.140000e+02
2.695000e+02 4.140000e+02
2.680000e+02 4.140000e+02
2.660000e+02 4.140000e+02
2.640000e+02 4.140000e+02
2.635000e+02 4.140000e+02
2.625000e+02 4.140000e+02
2.615000e+02 4.134000e+02
2.615000e+02 4.134000e+02
2.610000e+02 4.128000e+02
2.610000e+02 4.122000e+02
2.610000e+02 4.116000e+02
2.615000e+02 4.104000e+02
2.625000e+02 4.086000e+02
2.630000e+02 4.074000e+02
2.640000e+02 4.068000e+02
2.655000e+02 4.044000e+02
2.675000e+02 4.020000e+02
2.700000e+02 3.996000e+02
2.750000e+02 3.936000e+02
2.770000e+02 3.918000e+02
2.810000e+02 3.876000e+02
2.835000e+02 3.846000e+02
2.885000e+02 3.792000e+02
2.940000e+02 3.726000e+02
2.970000e+02 3.690000e+02
3.035000e+02 3.624000e+02
3.070000e+02 3.588000e+02
3.140000e+02 3.516000e+02
3.185000e+02 3.474000e+02
3.280000e+02 3.390000e+02
3.370000e+02 3.324000e+02
3.415000e+02 3.282000e+02
3.510000e+02 3.204000e+02
3.600000e+02 3.126000e+02
3.645000e+02 3.090000e+02
3.735000e+02 3.012000e+02
3.820000e+02 2.922000e+02
3.915000e+02 2.838000e+02
3.995000e+02 2.754000e+02
4.085000e+02 2.664000e+02
4.125000e+02 2.622000e+02
4.210000e+02 2.544000e+02
4.290000e+02 2.466000e+02
4.375000e+02 2.382000e+02
4.415000e+02 2.340000e+02
4.455000e+02 2.304000e+02
4.535000e+02 2.220000e+02
4.610000e+02 2.142000e+02
4.645000e+02 2.106000e+02
4.720000e+02 2.028000e+02
4.790000e+02 1.950000e+02
4.855000e+02 1.878000e+02
4.925000e+02 1.800000e+02
4.960000e+02 1.764000e+02
5.025000e+02 1.692000e+02
5.085000e+02 1.632000e+02
5.115000e+02 1.602000e+02
5.140000e+02 1.566000e+02
5.200000e+02 1.506000e+02
5.225000e+02 1.482000e+02
5.270000e+02 1.428000e+02
5.315000e+02 1.386000e+02
5.330000e+02 1.368000e+02
5.360000e+02 1.338000e+02
5.380000e+02 1.314000e+02
5.395000e+02 1.302000e+02
5.400000e+02 1.296000e+02
5.405000e+02 1.290000e+02
5.410000e+02 1.290000e+02
5.405000e+02 1.302000e+02
5.395000e+02 1.314000e+02
5.395000e+02 1.314000e+02
2.285000e+02 1.224000e+02
2.285000e+02 1.224000e+02
2.285000e+02 1.224000e+02
2.292500e+02 1.233000e+02
2.300000e+02 1.242000e+02
2.310000e+02 1.260000e+02
2.320000e+02 1.278000e+02
2.337500e+02 1.302000e+02
2.355000e+02 1.326000e+02
2.362500e+02 1.341000e+02
2.370000e+02 1.356000e+02
2.392500e+02 1.389000e+02
2.415000e+02 1.422000e+02
2.440000e+02 1.452000e+02
2.465000e+02 1.482000e+02
2.495000e+02 1.521000e+02
2.525000e+02 1.560000e+02
2.555000e+02 1.599000e+02
2.585000e+02 1.638000e+02
2.620000e+02 1.683000e+02
2.655000e+02 1.728000e+02
2.672500e+02 1.752000e+02
2.690000e+02 1.776000e+02
2.727500e+02 1.830000e+02
2.765000e+02 1.884000e+02
2.802500e+02 1.941000e+02
2.840000e+02 1.998000e+02
2.880000e+02 2.061000e+02
2.920000e+02 2.124000e+02
2.940000e+02 2.151000e+02
2.960000e+02 2.178000e+02
2.997500e+02 2.241000e+02
3.035000e+02 2.304000e+02
3.077500e+02 2.367000e+02
3.120000e+02 2.430000e+02
3.140000e+02 2.460000e+02
3.160000e+02 2.490000e+02
3.202500e+02 2.556000e+02
3.245000e+02 2.622000e+02
3.267500e+02 2.655000e+02
3.290000e+02 2.688000e+02
3.307500e+02 2.718000e+02
3.325000e+02 2.748000e+02
3.360000e+02 2.808000e+02
3.395000e+02 2.868000e+02
3.427500e+02 2.922000e+02
3.460000e+02 2.976000e+02
3.477500e+02 3.006000e+02
3.495000e+02 3.036000e+02
3.525000e+02 3.090000e+02
3.555000e+02 3.144000e+02
3.582500e+02 3.192000e+02
3.610000e+02 3.240000e+02
3.622500e+02 3.264000e+02
3.635000e+02 3.288000e+02
3.662500e+02 3.333000e+02
3.690000e+02 3.378000e+02
3.715000e+02 3.414000e+02
3.740000e+02 3.450000e+02
3.752500e+02 3.471000e+02
3.765000e+02 3.492000e+02
3.790000e+02 3.531000e+02
3.815000e+02 3.570000e+02
3.835000e+02 3.603000e+02
3.855000e+02 3.636000e+02
3.865000e+02 3.651000e+02
3.875000e+02 3.666000e+02
3.892500e+02 3.696000e+02
3.910000e+02 3.726000e+02
3.925000e+02 3.753000e+02
3.940000e+02 3.780000e+02
3.947500e+02 3.792000e+02
3.955000e+02 3.804000e+02
3.970000e+02 3.831000e+02
3.985000e+02 3.858000e+02
3.995000e+02 3.876000e+02
4.005000e+02 3.894000e+02
4.010000e+02 3.909000e+02
4.015000e+02 3.924000e+02
4.020000e+02 3.936000e+02
4.025000e+02 3.948000e+02
4.025000e+02 3.957000e+02
4.025000e+02 3.966000e+02
4.027500e+02 3.969000e+02
4.030000e+02 3.972000e+02
4.030000e+02 3.975000e+02
4.030000e+02 3.978000e+02
4.025000e+02 3.981000e+02
4.020000e+02 3.984000e+02
4.020000e+02 3.984000e+02
4.020000e+02 3.984000e+02
4.015000e+02 3.987000e+02
4.010000e+02 3.990000e+02
4.002500e+02 3.990000e+02
3.995000e+02 3.990000e+02
3.990000e+02 3.993000e+02
3.985000e+02 3.996000e+02
3.975000e+02 3.996000e+02
3.965000e+02 3.996000e+02
3.960000e+02 3.996000e+02
3.955000e+02 3.996000e+02
3.940000e+02 3.993000e+02
3.925000e+02 3.990000e+02
3.910000e+02 3.990000e+02
3.895000e+02 3.990000e+02
3.887500e+02 3.990000e+02
3.880000e+02 3.990000e+02
3.835000e+02 3.984000e+02
3.815000e+02 3.984000e+02
3.765000e+02 3.990000e+02
3.710000e+02 3.990000e+02
3.680000e+02 3.990000e+02
3.615000e+02 3.996000e+02
3.545000e+02 3.996000e+02
3.465000e+02 4.008000e+02
3.425000e+02 4.014000e+02
3.340000e+02 4.020000e+02
3.255000e+02 4.038000e+02
3.210000e+02 4.050000e+02
3.125000e+02 4.068000e+02
3.085000e+02 4.074000e+02
3.010000e+02 4.092000e+02
2.940000e+02 4.110000e+02
2.905000e+02 4.116000e+02
2.845000e+02 4.128000e+02
2.790000e+02 4.134000e+02
2.745000e+02 4.140000e+02
2.730000e+02 4.140000e+02
2.695000e+02 4.140000e+02
2.680000e+02 4.140000e+02
2.660000e+02 4.140000e+02
2.640000e+02 4.140000e+02
2.635000e+02 4.140000e+02
2.625000e+02 4.140000e+02
2.615000e+02 4.134000e+02
2.615000e+02 4.134000e+02
2.610000e+02 4.128000e+02
2.610000e+02 4.122000e+02
2.610000e+02 4.116000e+02
2.615000e+02 4.104000e+02
2.625000e+02 4.086000e+02
2.630000e+02 4.074000e+02
2.640000e+02 4.068000e+02
2.655000e+02 4.044000e+02
2.675000e+02 4.020000e+02
2.700000e+02 3.996000e+02
2.750000e+02 3.936000e+02
2.770000e+02 3.918000e+02
2.810000e+02 3.876000e+02
2.835000e+02 3.846000e+02
2.885000e+02 3.792000e+02
2.940000e+02 3.726000e+02
2.970000e+02 3.690000e+02
3.035000e+02 3.624000e+02
3.070000e+02 3.588000e+02
3.140000e+02 3.516000e+02
3.185000e+02 3.474000e+02
3.280000e+02 3.390000e+02
3.370000e+02 3.324000e+02
3.415000e+02 3.282000e+02
3.510000e+02 3.204000e+02
3.600000e+02 3.126000e+02
3.645000e+02 3.090000e+02
3.735000e+02 3.012000e+02
3.820000e+02 2.922000e+02
3.915000e+02 2.838000e+02
3.995000e+02 2.754000e+02
4.085000e+02 2.664000e+02
4.125000e+02 2.622000e+02
4.210000e+02 2.544000e+02
4.290000e+02 2.466000e+02
4.375000e+02 2.382000e+02
4.415000e+02 2.340000e+02
4.455000e+02 2.304000e+02
4.535000e+02 2.220000e+02
4.610000e+02 2.142000e+02
4.645000e+02 2.106000e+02
4.720000e+02 2.028000e+02
4.790000e+02 1.950000e+02
4.855000e+02 1.878000e+02
4.925000e+02 1.800000e+02
4.960000e+02 1.764000e+02
5.025000e+02 1.692000e+02
5.085000e+02 1.632000e+02
5.115000e+02 1.602000e+02
5.140000e+02 1.566000e+02
5.200000e+02 1.506000e+02
5.225000e+02 1.482000e+02
5.270000e+02 1.428000e+02
5.315000e+02 1.386000e+02
5.330000e+02 1.368000e+02
5.360000e+02 1.338000e+02
5.380000e+02 1.314000e+02
5.395000e+02 1.302000e+02
5.400000e+02 1.296000e+02
5.405000e+02 1.290000e+02
5.410000e+02 1.290000e+02
5.405000e+02 1.302000e+02
5.395000e+02 1.314000e+02
5.395000e+02 1.314000e+02
2.285000e+02 1.224000e+02
2.285000e+02 1.224000e+02
2.285000e+02 1.224000e+02
2.292500e+02 1.233000e+02
2.300000e+02 1.242000e+02
2.310000e+02 1.260000e+02
2.320000e+02 1.278000e+02
2.337500e+02 1.302000e+02
2.355000e+02 1.326000e+02
2.362500e+02 1.341000e+02
2.370000e+02 1.356000e+02
2.392500e+02 1.389000e+02
2.415000e+02 1.422000e+02
2.440000e+02 1.452000e+02
2.465000e+02 1.482000e+02
2.495000e+02 1.521000e+02
2.525000e+02 1.560000e+02
2.555000e+02 1.599000e+02
2.585000e+02 1.638000e+02
2.620000e+02 1.683000e+02
2.655000e+02 1.728000e+02
2.672500e+02 1.752000e+02
2.690000e+02 1.776000e+02
2.727500e+02 1.830000e+02
2.765000e+02 1.884000e+02
2.802500e+02 1.941000e+02
2.840000e+02 1.998000e+02
2.880000e+02 2.061000e+02
2.920000e+02 2.124000e+02
2.940000e+02 2.151000e+02
2.960000e+02 2.178000e+02
2.997500e+02 2.241000e+02
3.035000e+02 2.304000e+02
3.077500e+02 2.367000e+02
3.120000e+02 2.430000e+02
3.140000e+02 2.460000e+02
3.160000e+02 2.490000e+02
3.202500e+02 2.556000e+02
3.245000e+02 2.622000e+02
3.267500e+02 2.655000e+02
3.290000e+02 2.688000e+02
3.307500e+02 2.718000e+02
3.325000e+02 2.748000e+02
3.360000e+02 2.808000e+02
3.395000e+02 2.868000e+02
3.427500e+02 2.922000e+02
3.460000e+02 2.976000e+02
3.477500e+02 3.006000e+02
3.495000e+02 3.036000e+02
3.525000e+02 3.090000e+02
3.555000e+02 3.144000e+02
3.582500e+02 3.192000e+02
3.610000e+02 3.240000e+02
3.622500e+02 3.264000e+02
3.635000e+02 3.288000e+02
3.662500e+02 3.333000e+02
3.690000e+02 3.378000e+02
3.715000e+02 3.414000e+02
3.740000e+02 3.450000e+02
3.752500e+02 3.471000e+02
3.765000e+02 3.492000e+02
3.790000e+02 3.531000e+02
3.815000e+02 3.570000e+02
3.835000e+02 3.603000e+02
3.855000e+02 3.636000e+02
3.865000e+02 3.651000e+02
3.875000e+02 3.666000e+02
3.892500e+02 3.696000e+02
3.910000e+02 3.726000e+02
3.925000e+02 3.753000e+02
3.940000e+02 3.780000e+02
3.947500e+02 3.792000e+02
3.955000e+02 3.804000e+02
3.970000e+02 3.831000e+02
3.985000e+02 3.858000e+02
3.995000e+02 3.876000e+02
4.005000e+02 3.894000e+02
4.010000e+02 3.909000e+02
4.015000e+02 3.924000e+02
4.020000e+02 3.936000e+02
4.025000e+02 3.948000e+02
4.025000e+02 3.957000e+02
4.025000e+02 3.966000e+02
4.027500e+02 3.969000e+02
4.030000e+02 3.972000e+02
4.030000e+02 3.975000e+02
4.030000e+02 3.978000e+02
4.025000e+02 3.981000e+02
4.020000e+02 3.984000e+02
4.020000e+02 3.984000e+02
4.020000e+02 3.984000e+02
4.015000e+02 3.987000e+02
4.010000e+02 3.990000e+02
4.002500e+02 3.990000e+02
3.995000e+02 3.990000e+02
3.990000e+02 3.993000e+02
3.985000e+02 3.996000e+02
3.975000e+02 3.996000e+02
3.965000e+02 3.996000e+02
3.960000e+02 3.996000e+02
3.955000e+02 3.996000e+02
3.940000e+02 3.993000e+02
3.925000e+02 3.990000e+02
3.910000e+02 3.990000e+02
3.895000e+02 3.990000e+02
3.887500e+02 3.990000e+02
3.880000e+02 3.990000e+02
3.835000e+02 3.984000e+02
3.815000e+02 3.984000e+02
3.765000e+02 3.990000e+02
3.710000e+02 3.990000e+02
3.680000e+02 3.990000e+02
3.615000e+02 3.996000e+02
3.545000e+02 3.996000e+02
3.465000e+02 4.008000e+02
3.425000e+02 4.014000e+02
3.340000e+02 4.020000e+02
3.255000e+02 4.038000e+02
3.210000e+02 4.050000e+02
3.125000e+02 4.068000e+02
3.085000e+02 4.074000e+02
3.010000e+02 4.092000e+02
2.940000e+02 4.110000e+02
2.905000e+02 4.116000e+02
2.845000e+02 4.128000e+02
2.790000e+02 4.134000e+02
2.745000e+02 4.140000e+02
2.730000e+02 4.140000e+02
2.695000e+02 4.140000e+02
2.680000e+02 4.140000e+02
2.660000e+02 4.140000e+02
2.640000e+02 4.140000e+02
2.635000e+02 4.140000e+02
2.625000e+02 4.140000e+02
2.615000e+02 4.134000e+02
2.615000e+02 4.134000e+02
2.610000e+02 4.128000e+02
2.610000e+02 4.122000e+02
2.610000e+02 4.116000e+02
2.615000e+02 4.104000e+02
2.625000e+02 4.086000e+02
2.630000e+02 4.074000e+02
2.640000e+02 4.068000e+02
2.655000e+02 4.044000e+02
2.675000e+02 4.020000e+02
2.700000e+02 3.996000e+02
2.750000e+02 3.936000e+02
2.770000e+02 3.918000e+02
2.810000e+02 3.876000e+02
2.835000e+02 3.846000e+02
2.885000e+02 3.792000e+02
2.940000e+02 3.726000e+02
2.970000e+02 3.690000e+02
3.035000e+02 3.624000e+02
3.070000e+02 3.588000e+02
3.140000e+02 3.516000e+02
3.185000e+02 3.474000e+02
3.280000e+02 3.390000e+02
3.370000e+02 3.324000e+02
3.415000e+02 3.282000e+02
3.510000e+02 3.204000e+02
3.600000e+02 3.126000e+02
3.645000e+02 3.090000e+02
3.735000e+02 3.012000e+02
3.820000e+02 2.922000e+02
3.915000e+02 2.838000e+02
3.995000e+02 2.754000e+02
4.085000e+02 2.664000e+02
4.125000e+02 2.622000e+02
4.210000e+02 2.544000e+02
4.290000e+02 2.466000e+02
4.375000e+02 2.382000e+02
4.415000e+02 2.340000e+02
4.455000e+02 2.304000e+02
4.535000e+02 2.220000e+02
4.610000e+02 2.142000e+02
4.645000e+02 2.106000e+02
4.720000e+02 2.028000e+02
4.790000e+02 1.950000e+02
4.855000e+02 1.878000e+02
4.925000e+02 1.800000e+02
4.960000e+02 1.764000e+02
5.025000e+02 1.692000e+02
5.085000e+02 1.632000e+02
5.115000e+02 1.602000e+02
5.140000e+02 1.566000e+02
5.200000e+02 1.506000e+02
5.225000e+02 1.482000e+02
5.270000e+02 1.428000e+02
5.315000e+02 1.386000e+02
5.330000e+02 1.368000e+02
5.360000e+02 1.338000e+02
5.380000e+02 1.314000e+02
5.395000e+02 1.302000e+02
5.400000e+02 1.296000e+02
5.405000e+02 1.290000e+02
5.410000e+02 1.290000e+02
5.405000e+02 1.302000e+02
5.395000e+02 1.314000e+02
5.395000e+02 1.314000e+02
