2.470000e+02 1.284000e+02
2.472500e+02 1.290000e+02
2.475000e+02 1.296000e+02
2.475000e+02 1.296000e+02
2.475000e+02 1.296000e+02
2.477500e+02 1.302000e+02
2.480000e+02 1.308000e+02
2.485000e+02 1.317000e+02
2.490000e+02 1.326000e+02
2.497500e+02 1.341000e+02
2.505000e+02 1.356000e+02
2.515000e+02 1.374000e+02
2.525000e+02 1.392000e+02
2.545000e+02 1.425000e+02
2.565000e+02 1.458000e+02
2.572500e+02 1.470000e+02
2.580000e+02 1.482000e+02
2.595000e+02 1.509000e+02
2.610000e+02 1.536000e+02
2.627500e+02 1.563000e+02
2.645000e+02 1.590000e+02
2.662500e+02 1.620000e+02
2.680000e+02 1.650000e+02
2.695000e+02 1.683000e+02
2.710000e+02 1.716000e+02
2.727500e+02 1.749000e+02
2.745000e+02 1.782000e+02
2.765000e+02 1.818000e+02
2.785000e+02 1.854000e+02
2.807500e+02 1.893000e+02
2.830000e+02 1.932000e+02
2.847500e+02 1.971000e+02
2.865000e+02 2.010000e+02
2.887500e+02 2.052000e+02
2.910000e+02 2.094000e+02
2.932500e+02 2.139000e+02
2.955000e+02 2.184000e+02
2.975000e+02 2.229000e+02
2.995000e+02 2.274000e+02
3.015000e+02 2.319000e+02
3.035000e+02 2.364000e+02
3.057500e+02 2.406000e+02
3.080000e+02 2.448000e+02
3.100000e+02 2.493000e+02
3.120000e+02 2.538000e+02
3.142500e+02 2.580000e+02
3.165000e+02 2.622000e+02
3.187500e+02 2.667000e+02
3.210000e+02 2.712000e+02
3.232500e+02 2.754000e+02
3.255000e+02 2.796000e+02
3.280000e+02 2.841000e+02
3.305000e+02 2.886000e+02
3.327500e+02 2.928000e+02
3.350000e+02 2.970000e+02
3.372500e+02 3.009000e+02
3.395000e+02 3.048000e+02
3.422500e+02 3.093000e+02
3.450000e+02 3.138000e+02
3.480000e+02 3.186000e+02
3.510000e+02 3.234000e+02
3.532500e+02 3.270000e+02
3.555000e+02 3.306000e+02
3.580000e+02 3.345000e+02
3.605000e+02 3.384000e+02
3.620000e+02 3.411000e+02
3.635000e+02 3.438000e+02
3.647500e+02 3.456000e+02
3.660000e+02 3.474000e+02
3.670000e+02 3.489000e+02
3.680000e+02 3.504000e+02
3.687500e+02 3.516000e+02
3.695000e+02 3.528000e+02
3.697500e+02 3.534000e+02
3.700000e+02 3.540000e+02
3.707500e+02 3.549000e+02
3.715000e+02 3.558000e+02
3.717500e+02 3.564000e+02
3.720000e+02 3.570000e+02
3.722500e+02 3.573000e+02
3.725000e+02 3.576000e+02
3.727500e+02 3.585000e+02
3.730000e+02 3.594000e+02
3.732500e+02 3.597000e+02
3.735000e+02 3.600000e+02
3.735000e+02 3.603000e+02
3.735000e+02 3.606000e+02
3.735000e+02 3.609000e+02
3.735000e+02 3.612000e+02
3.735000e+02 3.612000e+02
3.735000e+02 3.612000e+02
3.735000e+02 3.615000e+02
3.735000e+02 3.618000e+02
3.735000e+02 3.618000e+02
3.735000e+02 3.618000e+02
3.735000e+02 3.621000e+02
3.735000e+02 3.624000e+02
3.732500e+02 3.624000e+02
3.730000e+02 3.624000e+02
3.730000e+02 3.624000e+02
3.730000e+02 3.624000e+02
3.727500e+02 3.624000e+02
3.725000e+02 3.624000e+02
3.722500e+02 3.624000e+02
3.720000e+02 3.624000e+02
3.717500e+02 3.624000e+02
3.715000e+02 3.624000e+02
3.710000e+02 3.624000e+02
3.705000e+02 3.624000e+02
3.700000e+02 3.624000e+02
3.695000e+02 3.624000e+02
3.690000e+02 3.624000e+02
3.685000e+02 3.624000e+02
3.672500e+02 3.624000e+02
3.660000e+02 3.624000e+02
3.647500e+02 3.624000e+02
3.635000e+02 3.624000e+02
3.597500e+02 3.624000e+02
3.560000e+02 3.624000e+02
3.545000e+02 3.624000e+02
3.530000e+02 3.624000e+02
3.390000e+02 3.624000e+02
3.315000e+02 3.624000e+02
3.225000e+02 3.624000e+02
3.095000e+02 3.630000e+02
3.010000e+02 3.636000e+02
2.925000e+02 3.642000e+02
2.825000e+02 3.654000e+02
2.725000e+02 3.666000e+02
2.620000e+02 3.684000e+02
2.515000e+02 3.708000e+02
2.415000e+02 3.738000e+02
2.310000e+02 3.768000e+02
2.215000e+02 3.792000e+02
2.120000e+02 3.816000e+02
2.035000e+02 3.840000e+02
1.950000e+02 3.864000e+02
1.860000e+02 3.894000e+02
1.750000e+02 3.924000e+02
1.685000e+02 3.942000e+02
1.600000e+02 3.966000e+02
1.555000e+02 3.978000e+02
1.515000e+02 3.984000e+02
1.485000e+02 3.990000e+02
1.465000e+02 3.996000e+02
1.455000e+02 3.996000e+02
1.445000e+02 3.996000e+02
1.435000e+02 3.996000e+02
1.430000e+02 3.996000e+02
1.430000e+02 3.996000e+02
1.430000e+02 3.990000e+02
1.425000e+02 3.990000e+02
1.425000e+02 3.990000e+02
1.430000e+02 3.984000e+02
1.435000e+02 3.978000e+02
1.440000e+02 3.966000e+02
1.450000e+02 3.960000e+02
1.475000e+02 3.936000e+02
1.510000e+02 3.894000e+02
1.565000e+02 3.846000e+02
1.625000e+02 3.786000e+02
1.695000e+02 3.714000e+02
1.815000e+02 3.594000e+02
1.850000e+02 3.558000e+02
1.990000e+02 3.402000e+02
2.145000e+02 3.240000e+02
2.245000e+02 3.132000e+02
2.355000e+02 3.018000e+02
2.515000e+02 2.868000e+02
2.700000e+02 2.706000e+02
2.815000e+02 2.610000e+02
2.940000e+02 2.496000e+02
3.070000e+02 2.382000e+02
3.190000e+02 2.274000e+02
3.325000e+02 2.148000e+02
3.380000e+02 2.094000e+02
3.560000e+02 1.920000e+02
3.665000e+02 1.812000e+02
3.760000e+02 1.716000e+02
3.865000e+02 1.602000e+02
3.910000e+02 1.566000e+02
3.995000e+02 1.482000e+02
4.070000e+02 1.410000e+02
4.145000e+02 1.344000e+02
4.210000e+02 1.284000e+02
4.270000e+02 1.242000e+02
4.345000e+02 1.176000e+02
4.385000e+02 1.146000e+02
4.405000e+02 1.134000e+02
4.430000e+02 1.116000e+02
4.455000e+02 1.098000e+02
4.460000e+02 1.092000e+02
4.480000e+02 1.080000e+02
4.485000e+02 1.074000e+02
4.485000e+02 1.068000e+02
4.490000e+02 1.068000e+02
4.490000e+02 1.062000e+02
4.490000e+02 1.062000e+02
4.490000e+02 1.062000e+02
4.490000e+02 1.062000e+02
