2.310000e+02 3.588000e+02
2.310000e+02 3.588000e+02
2.320000e+02 3.546000e+02
2.340000e+02 3.474000e+02
2.355000e+02 3.432000e+02
2.370000e+02 3.378000e+02
2.400000e+02 3.264000e+02
2.435000e+02 3.126000e+02
2.470000e+02 2.970000e+02
2.510000e+02 2.802000e+02
2.525000e+02 2.718000e+02
2.565000e+02 2.550000e+02
2.605000e+02 2.388000e+02
2.620000e+02 2.304000e+02
2.655000e+02 2.142000e+02
2.680000e+02 1.986000e+02
2.695000e+02 1.908000e+02
2.720000e+02 1.758000e+02
2.750000e+02 1.620000e+02
2.760000e+02 1.554000e+02
2.785000e+02 1.428000e+02
2.805000e+02 1.302000e+02
2.815000e+02 1.248000e+02
2.835000e+02 1.146000e+02
2.850000e+02 1.068000e+02
2.870000e+02 9.960000e+01
2.880000e+02 9.600000e+01
2.895000e+02 9.060000e+01
2.900000e+02 8.880000e+01
2.910000e+02 8.520000e+01
2.920000e+02 8.340000e+01
2.925000e+02 8.280000e+01
2.935000e+02 8.400000e+01
2.945000e+02 8.760000e+01
2.955000e+02 8.940000e+01
2.970000e+02 9.540000e+01
2.995000e+02 1.026000e+02
3.020000e+02 1.110000e+02
3.050000e+02 1.218000e+02
3.090000e+02 1.338000e+02
3.130000e+02 1.464000e+02
3.175000e+02 1.596000e+02
3.220000e+02 1.746000e+02
3.270000e+02 1.908000e+02
3.315000e+02 2.064000e+02
3.335000e+02 2.136000e+02
3.360000e+02 2.214000e+02
3.410000e+02 2.340000e+02
3.430000e+02 2.412000e+02
3.485000e+02 2.532000e+02
3.535000e+02 2.652000e+02
3.590000e+02 2.766000e+02
3.645000e+02 2.880000e+02
3.700000e+02 2.982000e+02
3.750000e+02 3.084000e+02
3.805000e+02 3.168000e+02
3.825000e+02 3.210000e+02
3.865000e+02 3.276000e+02
3.900000e+02 3.336000e+02
3.925000e+02 3.384000e+02
3.935000e+02 3.402000e+02
3.950000e+02 3.444000e+02
3.950000e+02 3.456000e+02
3.960000e+02 3.480000e+02
3.960000e+02 3.486000e+02
3.960000e+02 3.492000e+02
3.960000e+02 3.498000e+02
3.950000e+02 3.492000e+02
3.945000e+02 3.486000e+02
3.930000e+02 3.474000e+02
3.905000e+02 3.450000e+02
3.890000e+02 3.438000e+02
3.850000e+02 3.414000e+02
3.805000e+02 3.372000e+02
3.775000e+02 3.348000e+02
3.715000e+02 3.306000e+02
3.650000e+02 3.264000e+02
3.565000e+02 3.222000e+02
3.475000e+02 3.174000e+02
3.430000e+02 3.150000e+02
3.380000e+02 3.138000e+02
3.285000e+02 3.096000e+02
3.185000e+02 3.054000e+02
3.130000e+02 3.036000e+02
3.035000e+02 2.994000e+02
2.940000e+02 2.952000e+02
2.895000e+02 2.928000e+02
2.800000e+02 2.874000e+02
2.710000e+02 2.826000e+02
2.665000e+02 2.808000e+02
2.570000e+02 2.760000e+02
2.520000e+02 2.730000e+02
2.465000e+02 2.712000e+02
2.360000e+02 2.676000e+02
2.250000e+02 2.646000e+02
2.140000e+02 2.622000e+02
2.095000e+02 2.610000e+02
2.045000e+02 2.598000e+02
1.945000e+02 2.574000e+02
1.845000e+02 2.556000e+02
1.805000e+02 2.550000e+02
1.720000e+02 2.538000e+02
1.655000e+02 2.526000e+02
1.620000e+02 2.520000e+02
1.590000e+02 2.514000e+02
1.540000e+02 2.508000e+02
1.520000e+02 2.508000e+02
1.485000e+02 2.502000e+02
1.465000e+02 2.496000e+02
1.455000e+02 2.490000e+02
1.450000e+02 2.484000e+02
1.465000e+02 2.472000e+02
1.475000e+02 2.466000e+02
1.510000e+02 2.442000e+02
1.560000e+02 2.412000e+02
1.625000e+02 2.376000e+02
1.710000e+02 2.340000e+02
1.810000e+02 2.292000e+02
1.920000e+02 2.244000e+02
1.980000e+02 2.220000e+02
2.110000e+02 2.160000e+02
2.175000e+02 2.130000e+02
2.315000e+02 2.076000e+02
2.460000e+02 2.022000e+02
2.600000e+02 1.968000e+02
2.670000e+02 1.944000e+02
2.810000e+02 1.896000e+02
2.955000e+02 1.842000e+02
3.030000e+02 1.818000e+02
3.165000e+02 1.764000e+02
3.305000e+02 1.722000e+02
3.370000e+02 1.698000e+02
3.495000e+02 1.650000e+02
3.555000e+02 1.632000e+02
3.675000e+02 1.590000e+02
3.790000e+02 1.554000e+02
3.895000e+02 1.512000e+02
3.940000e+02 1.494000e+02
4.035000e+02 1.464000e+02
4.075000e+02 1.446000e+02
4.160000e+02 1.422000e+02
4.240000e+02 1.404000e+02
4.305000e+02 1.386000e+02
4.360000e+02 1.374000e+02
4.400000e+02 1.374000e+02
4.415000e+02 1.374000e+02
4.440000e+02 1.374000e+02
4.455000e+02 1.380000e+02
4.465000e+02 1.392000e+02
4.465000e+02 1.398000e+02
4.455000e+02 1.416000e+02
4.435000e+02 1.452000e+02
4.405000e+02 1.488000e+02
4.390000e+02 1.506000e+02
4.345000e+02 1.560000e+02
4.290000e+02 1.620000e+02
4.220000e+02 1.692000e+02
4.150000e+02 1.764000e+02
4.060000e+02 1.848000e+02
4.015000e+02 1.890000e+02
3.960000e+02 1.938000e+02
3.855000e+02 2.040000e+02
3.750000e+02 2.148000e+02
3.690000e+02 2.208000e+02
3.575000e+02 2.322000e+02
3.470000e+02 2.442000e+02
3.365000e+02 2.556000e+02
3.315000e+02 2.616000e+02
3.215000e+02 2.730000e+02
3.120000e+02 2.838000e+02
3.030000e+02 2.940000e+02
2.945000e+02 3.042000e+02
2.910000e+02 3.090000e+02
2.835000e+02 3.174000e+02
2.800000e+02 3.222000e+02
2.745000e+02 3.288000e+02
2.695000e+02 3.348000e+02
2.675000e+02 3.372000e+02
2.635000e+02 3.420000e+02
2.600000e+02 3.462000e+02
2.585000e+02 3.480000e+02
2.555000e+02 3.516000e+02
2.520000e+02 3.558000e+02
2.510000e+02 3.582000e+02
2.480000e+02 3.624000e+02
2.455000e+02 3.660000e+02
2.440000e+02 3.678000e+02
2.395000e+02 3.750000e+02
2.365000e+02 3.792000e+02
2.350000e+02 3.810000e+02
2.325000e+02 3.846000e+02
2.315000e+02 3.864000e+02
2.295000e+02 3.894000e+02
2.285000e+02 3.912000e+02
2.280000e+02 3.918000e+02
2.275000e+02 3.930000e+02
2.270000e+02 3.936000e+02
2.275000e+02 3.930000e+02
2.285000e+02 3.918000e+02
2.285000e+02 3.918000e+02
2.310000e+02 3.588000e+02
2.310000e+02 3.588000e+02
2.320000e+02 3.546000e+02
2.340000e+02 3.474000e+02
2.355000e+02 3.432000e+02
2.370000e+02 3.378000e+02
2.400000e+02 3.264000e+02
2.435000e+02 3.126000e+02
2.470000e+02 2.970000e+02
2.510000e+02 2.802000e+02
2.525000e+02 2.718000e+02
2.565000e+02 2.550000e+02
2.605000e+02 2.388000e+02
2.620000e+02 2.304000e+02
2.655000e+02 2.142000e+02
2.680000e+02 1.986000e+02
2.695000e+02 1.908000e+02
2.720000e+02 1.758000e+02
2.750000e+02 1.620000e+02
2.760000e+02 1.554000e+02
2.785000e+02 1.428000e+02
2.805000e+02 1.302000e+02
2.815000e+02 1.248000e+02
2.835000e+02 1.146000e+02
2.850000e+02 1.068000e+02
2.870000e+02 9.960000e+01
2.880000e+02 9.600000e+01
2.895000e+02 9.060000e+01
2.900000e+02 8.880000e+01
2.910000e+02 8.520000e+01
2.920000e+02 8.340000e+01
2.925000e+02 8.280000e+01
2.935000e+02 8.400000e+01
2.945000e+02 8.760000e+01
2.955000e+02 8.940000e+01
2.970000e+02 9.540000e+01
2.995000e+02 1.026000e+02
3.020000e+02 1.110000e+02
3.050000e+02 1.218000e+02
3.090000e+02 1.338000e+02
3.130000e+02 1.464000e+02
3.175000e+02 1.596000e+02
3.220000e+02 1.746000e+02
3.270000e+02 1.908000e+02
3.315000e+02 2.064000e+02
3.335000e+02 2.136000e+02
3.360000e+02 2.214000e+02
3.410000e+02 2.340000e+02
3.430000e+02 2.412000e+02
3.485000e+02 2.532000e+02
3.535000e+02 2.652000e+02
3.590000e+02 2.766000e+02
3.645000e+02 2.880000e+02
3.700000e+02 2.982000e+02
3.750000e+02 3.084000e+02
3.805000e+02 3.168000e+02
3.825000e+02 3.210000e+02
3.865000e+02 3.276000e+02
3.900000e+02 3.336000e+02
3.925000e+02 3.384000e+02
3.935000e+02 3.402000e+02
3.950000e+02 3.444000e+02
3.950000e+02 3.456000e+02
3.960000e+02 3.480000e+02
3.960000e+02 3.486000e+02
3.960000e+02 3.492000e+02
3.960000e+02 3.498000e+02
3.950000e+02 3.492000e+02
3.945000e+02 3.486000e+02
3.930000e+02 3.474000e+02
3.905000e+02 3.450000e+02
3.890000e+02 3.438000e+02
3.850000e+02 3.414000e+02
3.805000e+02 3.372000e+02
3.775000e+02 3.348000e+02
3.715000e+02 3.306000e+02
3.650000e+02 3.264000e+02
3.565000e+02 3.222000e+02
3.475000e+02 3.174000e+02
3.430000e+02 3.150000e+02
3.380000e+02 3.138000e+02
3.285000e+02 3.096000e+02
3.185000e+02 3.054000e+02
3.130000e+02 3.036000e+02
3.035000e+02 2.994000e+02
2.940000e+02 2.952000e+02
2.895000e+02 2.928000e+02
2.800000e+02 2.874000e+02
2.710000e+02 2.826000e+02
2.665000e+02 2.808000e+02
2.570000e+02 2.760000e+02
2.520000e+02 2.730000e+02
2.465000e+02 2.712000e+02
2.360000e+02 2.676000e+02
2.250000e+02 2.646000e+02
2.140000e+02 2.622000e+02
2.095000e+02 2.610000e+02
2.045000e+02 2.598000e+02
1.945000e+02 2.574000e+02
1.845000e+02 2.556000e+02
1.805000e+02 2.550000e+02
1.720000e+02 2.538000e+02
1.655000e+02 2.526000e+02
1.620000e+02 2.520000e+02
1.590000e+02 2.514000e+02
1.540000e+02 2.508000e+02
1.520000e+02 2.508000e+02
1.485000e+02 2.502000e+02
1.465000e+02 2.496000e+02
1.455000e+02 2.490000e+02
1.450000e+02 2.484000e+02
1.465000e+02 2.472000e+02
1.475000e+02 2.466000e+02
1.510000e+02 2.442000e+02
1.560000e+02 2.412000e+02
1.625000e+02 2.376000e+02
1.710000e+02 2.340000e+02
1.810000e+02 2.292000e+02
1.920000e+02 2.244000e+02
1.980000e+02 2.220000e+02
2.110000e+02 2.160000e+02
2.175000e+02 2.130000e+02
2.315000e+02 2.076000e+02
2.460000e+02 2.022000e+02
2.600000e+02 1.968000e+02
2.670000e+02 1.944000e+02
2.810000e+02 1.896000e+02
2.955000e+02 1.842000e+02
3.030000e+02 1.818000e+02
3.165000e+02 1.764000e+02
3.305000e+02 1.722000e+02
3.370000e+02 1.698000e+02
3.495000e+02 1.650000e+02
3.555000e+02 1.632000e+02
3.675000e+02 1.590000e+02
3.790000e+02 1.554000e+02
3.895000e+02 1.512000e+02
3.940000e+02 1.494000e+02
4.035000e+02 1.464000e+02
4.075000e+02 1.446000e+02
4.160000e+02 1.422000e+02
4.240000e+02 1.404000e+02
4.305000e+02 1.386000e+02
4.360000e+02 1.374000e+02
4.400000e+02 1.374000e+02
4.415000e+02 1.374000e+02
4.440000e+02 1.374000e+02
4.455000e+02 1.380000e+02
4.465000e+02 1.392000e+02
4.465000e+02 1.398000e+02
4.455000e+02 1.416000e+02
4.435000e+02 1.452000e+02
4.405000e+02 1.488000e+02
4.390000e+02 1.506000e+02
4.345000e+02 1.560000e+02
4.290000e+02 1.620000e+02
4.220000e+02 1.692000e+02
4.150000e+02 1.764000e+02
4.060000e+02 1.848000e+02
4.015000e+02 1.890000e+02
3.960000e+02 1.938000e+02
3.855000e+02 2.040000e+02
3.750000e+02 2.148000e+02
3.690000e+02 2.208000e+02
3.575000e+02 2.322000e+02
3.470000e+02 2.442000e+02
3.365000e+02 2.556000e+02
3.315000e+02 2.616000e+02
3.215000e+02 2.730000e+02
3.120000e+02 2.838000e+02
3.030000e+02 2.940000e+02
2.945000e+02 3.042000e+02
2.910000e+02 3.090000e+02
2.835000e+02 3.174000e+02
2.800000e+02 3.222000e+02
2.745000e+02 3.288000e+02
2.695000e+02 3.348000e+02
2.675000e+02 3.372000e+02
2.635000e+02 3.420000e+02
2.600000e+02 3.462000e+02
2.585000e+02 3.480000e+02
2.555000e+02 3.516000e+02
2.520000e+02 3.558000e+02
2.510000e+02 3.582000e+02
2.480000e+02 3.624000e+02
2.455000e+02 3.660000e+02
2.440000e+02 3.678000e+02
2.395000e+02 3.750000e+02
2.365000e+02 3.792000e+02
2.350000e+02 3.810000e+02
2.325000e+02 3.846000e+02
2.315000e+02 3.864000e+02
2.295000e+02 3.894000e+02
2.285000e+02 3.912000e+02
2.280000e+02 3.918000e+02
2.275000e+02 3.930000e+02
2.270000e+02 3.936000e+02
2.275000e+02 3.930000e+02
2.285000e+02 3.918000e+02
2.285000e+02 3.918000e+02
2.310000e+02 3.588000e+02
2.310000e+02 3.588000e+02
2.320000e+02 3.546000e+02
2.340000e+02 3.474000e+02
2.355000e+02 3.432000e+02
2.370000e+02 3.378000e+02
2.400000e+02 3.264000e+02
2.435000e+02 3.126000e+02
2.470000e+02 2.970000e+02
2.510000e+02 2.802000e+02
2.525000e+02 2.718000e+02
2.565000e+02 2.550000e+02
2.605000e+02 2.388000e+02
2.620000e+02 2.304000e+02
2.655000e+02 2.142000e+02
2.680000e+02 1.986000e+02
2.695000e+02 1.908000e+02
2.720000e+02 1.758000e+02
2.750000e+02 1.620000e+02
2.760000e+02 1.554000e+02
2.785000e+02 1.428000e+02
2.805000e+02 1.302000e+02
2.815000e+02 1.248000e+02
2.835000e+02 1.146000e+02
2.850000e+02 1.068000e+02
2.870000e+02 9.960000e+01
2.880000e+02 9.600000e+01
2.895000e+02 9.060000e+01
2.900000e+02 8.880000e+01
2.910000e+02 8.520000e+01
2.920000e+02 8.340000e+01
2.925000e+02 8.280000e+01
2.935000e+02 8.400000e+01
2.945000e+02 8.760000e+01
2.955000e+02 8.940000e+01
2.970000e+02 9.540000e+01
2.995000e+02 1.026000e+02
3.020000e+02 1.110000e+02
3.050000e+02 1.218000e+02
3.090000e+02 1.338000e+02
3.130000e+02 1.464000e+02
3.175000e+02 1.596000e+02
3.220000e+02 1.746000e+02
3.270000e+02 1.908000e+02
3.315000e+02 2.064000e+02
3.335000e+02 2.136000e+02
3.360000e+02 2.214000e+02
3.410000e+02 2.340000e+02
3.430000e+02 2.412000e+02
3.485000e+02 2.532000e+02
3.535000e+02 2.652000e+02
3.590000e+02 2.766000e+02
3.645000e+02 2.880000e+02
3.700000e+02 2.982000e+02
3.750000e+02 3.084000e+02
3.805000e+02 3.168000e+02
3.825000e+02 3.210000e+02
3.865000e+02 3.276000e+02
3.900000e+02 3.336000e+02
3.925000e+02 3.384000e+02
3.935000e+02 3.402000e+02
3.950000e+02 3.444000e+02
3.950000e+02 3.456000e+02
3.960000e+02 3.480000e+02
3.960000e+02 3.486000e+02
3.960000e+02 3.492000e+02
3.960000e+02 3.498000e+02
3.950000e+02 3.492000e+02
3.945000e+02 3.486000e+02
3.930000e+02 3.474000e+02
3.905000e+02 3.450000e+02
3.890000e+02 3.438000e+02
3.850000e+02 3.414000e+02
3.805000e+02 3.372000e+02
3.775000e+02 3.348000e+02
3.715000e+02 3.306000e+02
3.650000e+02 3.264000e+02
3.565000e+02 3.222000e+02
3.475000e+02 3.174000e+02
3.430000e+02 3.150000e+02
3.380000e+02 3.138000e+02
3.285000e+02 3.096000e+02
3.185000e+02 3.054000e+02
3.130000e+02 3.036000e+02
3.035000e+02 2.994000e+02
2.940000e+02 2.952000e+02
2.895000e+02 2.928000e+02
2.800000e+02 2.874000e+02
2.710000e+02 2.826000e+02
2.665000e+02 2.808000e+02
2.570000e+02 2.760000e+02
2.520000e+02 2.730000e+02
2.465000e+02 2.712000e+02
2.360000e+02 2.676000e+02
2.250000e+02 2.646000e+02
2.140000e+02 2.622000e+02
2.095000e+02 2.610000e+02
2.045000e+02 2.598000e+02
1.945000e+02 2.574000e+02
1.845000e+02 2.556000e+02
1.805000e+02 2.550000e+02
1.720000e+02 2.538000e+02
1.655000e+02 2.526000e+02
1.620000e+02 2.520000e+02
1.590000e+02 2.514000e+02
1.540000e+02 2.508000e+02
1.520000e+02 2.508000e+02
1.485000e+02 2.502000e+02
1.465000e+02 2.496000e+02
1.455000e+02 2.490000e+02
1.450000e+02 2.484000e+02
1.465000e+02 2.472000e+02
1.475000e+02 2.466000e+02
1.510000e+02 2.442000e+02
1.560000e+02 2.412000e+02
1.625000e+02 2.376000e+02
1.710000e+02 2.340000e+02
1.810000e+02 2.292000e+02
1.920000e+02 2.244000e+02
1.980000e+02 2.220000e+02
2.110000e+02 2.160000e+02
2.175000e+02 2.130000e+02
2.315000e+02 2.076000e+02
2.460000e+02 2.022000e+02
2.600000e+02 1.968000e+02
2.670000e+02 1.944000e+02
2.810000e+02 1.896000e+02
2.955000e+02 1.842000e+02
3.030000e+02 1.818000e+02
3.165000e+02 1.764000e+02
3.305000e+02 1.722000e+02
3.370000e+02 1.698000e+02
3.495000e+02 1.650000e+02
3.555000e+02 1.632000e+02
3.675000e+02 1.590000e+02
3.790000e+02 1.554000e+02
3.895000e+02 1.512000e+02
3.940000e+02 1.494000e+02
4.035000e+02 1.464000e+02
4.075000e+02 1.446000e+02
4.160000e+02 1.422000e+02
4.240000e+02 1.404000e+02
4.305000e+02 1.386000e+02
4.360000e+02 1.374000e+02
4.400000e+02 1.374000e+02
4.415000e+02 1.374000e+02
4.440000e+02 1.374000e+02
4.455000e+02 1.380000e+02
4.465000e+02 1.392000e+02
4.465000e+02 1.398000e+02
4.455000e+02 1.416000e+02
4.435000e+02 1.452000e+02
4.405000e+02 1.488000e+02
4.390000e+02 1.506000e+02
4.345000e+02 1.560000e+02
4.290000e+02 1.620000e+02
4.220000e+02 1.692000e+02
4.150000e+02 1.764000e+02
4.060000e+02 1.848000e+02
4.015000e+02 1.890000e+02
3.960000e+02 1.938000e+02
3.855000e+02 2.040000e+02
3.750000e+02 2.148000e+02
3.690000e+02 2.208000e+02
3.575000e+02 2.322000e+02
3.470000e+02 2.442000e+02
3.365000e+02 2.556000e+02
3.315000e+02 2.616000e+02
3.215000e+02 2.730000e+02
3.120000e+02 2.838000e+02
3.030000e+02 2.940000e+02
2.945000e+02 3.042000e+02
2.910000e+02 3.090000e+02
2.835000e+02 3.174000e+02
2.800000e+02 3.222000e+02
2.745000e+02 3.288000e+02
2.695000e+02 3.348000e+02
2.675000e+02 3.372000e+02
2.635000e+02 3.420000e+02
2.600000e+02 3.462000e+02
2.585000e+02 3.480000e+02
2.555000e+02 3.516000e+02
2.520000e+02 3.558000e+02
2.510000e+02 3.582000e+02
2.480000e+02 3.624000e+02
2.455000e+02 3.660000e+02
2.440000e+02 3.678000e+02
2.395000e+02 3.750000e+02
2.365000e+02 3.792000e+02
2.350000e+02 3.810000e+02
2.325000e+02 3.846000e+02
2.315000e+02 3.864000e+02
2.295000e+02 3.894000e+02
2.285000e+02 3.912000e+02
2.280000e+02 3.918000e+02
2.275000e+02 3.930000e+02
2.270000e+02 3.936000e+02
2.275000e+02 3.930000e+02
2.285000e+02 3.918000e+02
2.285000e+02 3.918000e+02
