2.920000e+02 3.990000e+02
2.920000e+02 3.990000e+02
2.920000e+02 3.990000e+02
2.920000e+02 3.990000e+02
2.920000e+02 3.990000e+02
2.920000e+02 3.990000e+02
2.920000e+02 3.990000e+02
2.920000e+02 3.990000e+02
2.920000e+02 3.990000e+02
2.920000e+02 3.990000e+02
2.920000e+02 3.990000e+02
2.920000e+02 3.990000e+02
2.920000e+02 3.990000e+02
2.920000e+02 3.990000e+02
2.920000e+02 3.990000e+02
2.920000e+02 3.990000e+02
2.920000e+02 3.990000e+02
2.920000e+02 3.990000e+02
2.920000e+02 3.990000e+02
2.920000e+02 3.990000e+02
2.920000e+02 3.990000e+02
2.920000e+02 3.990000e+02
2.920000e+02 3.990000e+02
2.920000e+02 3.990000e+02
2.920000e+02 3.990000e+02
2.919375e+02 3.990000e+02
2.918750e+02 3.990000e+02
2.918125e+02 3.990000e+02
2.917500e+02 3.990000e+02
2.916875e+02 3.990000e+02
2.916250e+02 3.990000e+02
2.915625e+02 3.990000e+02
2.915000e+02 3.990000e+02
2.915000e+02 3.988500e+02
2.915000e+02 3.987000e+02
2.915000e+02 3.985500e+02
2.915000e+02 3.984000e+02
2.915000e+02 3.982500e+02
2.915000e+02 3.981000e+02
2.915000e+02 3.979500e+02
2.915000e+02 3.978000e+02
2.914375e+02 3.972750e+02
2.913750e+02 3.967500e+02
2.913125e+02 3.962250e+02
2.912500e+02 3.957000e+02
2.911875e+02 3.951750e+02
2.911250e+02 3.946500e+02
2.910625e+02 3.941250e+02
2.910000e+02 3.936000e+02
2.910000e+02 3.927750e+02
2.910000e+02 3.919500e+02
2.910000e+02 3.911250e+02
2.910000e+02 3.903000e+02
2.910000e+02 3.894750e+02
2.910000e+02 3.886500e+02
2.910000e+02 3.870000e+02
2.910000e+02 3.847500e+02
2.910000e+02 3.825000e+02
2.910000e+02 3.802500e+02
2.910000e+02 3.780000e+02
2.910000e+02 3.756000e+02
2.910000e+02 3.732000e+02
2.910000e+02 3.708000e+02
2.910000e+02 3.684000e+02
2.910000e+02 3.657000e+02
2.910000e+02 3.630000e+02
2.910000e+02 3.603000e+02
2.910000e+02 3.576000e+02
2.910000e+02 3.547500e+02
2.910000e+02 3.519000e+02
2.910000e+02 3.490500e+02
2.910000e+02 3.462000e+02
2.910000e+02 3.432000e+02
2.910000e+02 3.402000e+02
2.910000e+02 3.372000e+02
2.910000e+02 3.342000e+02
2.910000e+02 3.295500e+02
2.910000e+02 3.249000e+02
2.910000e+02 3.202500e+02
2.910000e+02 3.156000e+02
2.910000e+02 3.141000e+02
2.910000e+02 3.126000e+02
2.910000e+02 3.111000e+02
2.910000e+02 3.096000e+02
2.910000e+02 3.063000e+02
2.910000e+02 3.030000e+02
2.910000e+02 2.997000e+02
2.910000e+02 2.964000e+02
2.910000e+02 2.932500e+02
2.910000e+02 2.901000e+02
2.910000e+02 2.869500e+02
2.910000e+02 2.838000e+02
2.910000e+02 2.808000e+02
2.910000e+02 2.778000e+02
2.910000e+02 2.748000e+02
2.910000e+02 2.718000e+02
2.908750e+02 2.689500e+02
2.907500e+02 2.661000e+02
2.906250e+02 2.632500e+02
2.905000e+02 2.604000e+02
2.905000e+02 2.575500e+02
2.905000e+02 2.547000e+02
2.905000e+02 2.518500e+02
2.905000e+02 2.490000e+02
2.906250e+02 2.442000e+02
2.907500e+02 2.394000e+02
2.908750e+02 2.346000e+02
2.910000e+02 2.298000e+02
2.911250e+02 2.268000e+02
2.912500e+02 2.238000e+02
2.913750e+02 2.208000e+02
2.915000e+02 2.178000e+02
2.917500e+02 2.148000e+02
2.920000e+02 2.118000e+02
2.922500e+02 2.088000e+02
2.925000e+02 2.058000e+02
2.927500e+02 2.026500e+02
2.930000e+02 1.995000e+02
2.932500e+02 1.963500e+02
2.935000e+02 1.932000e+02
2.937500e+02 1.897500e+02
2.940000e+02 1.863000e+02
2.942500e+02 1.828500e+02
2.945000e+02 1.794000e+02
2.948750e+02 1.762500e+02
2.952500e+02 1.731000e+02
2.956250e+02 1.699500e+02
2.960000e+02 1.668000e+02
2.963750e+02 1.641000e+02
2.967500e+02 1.614000e+02
2.971250e+02 1.587000e+02
2.975000e+02 1.560000e+02
2.977500e+02 1.536000e+02
2.980000e+02 1.512000e+02
2.982500e+02 1.488000e+02
2.985000e+02 1.464000e+02
2.987500e+02 1.437000e+02
2.990000e+02 1.410000e+02
2.992500e+02 1.383000e+02
2.995000e+02 1.356000e+02
2.997500e+02 1.332000e+02
3.000000e+02 1.308000e+02
3.002500e+02 1.284000e+02
3.005000e+02 1.260000e+02
3.006250e+02 1.236000e+02
3.007500e+02 1.212000e+02
3.008750e+02 1.188000e+02
3.010000e+02 1.164000e+02
3.012500e+02 1.141500e+02
3.015000e+02 1.119000e+02
3.017500e+02 1.096500e+02
3.020000e+02 1.074000e+02
3.021250e+02 1.054500e+02
3.022500e+02 1.035000e+02
3.023750e+02 1.015500e+02
3.025000e+02 9.960000e+01
3.027500e+02 9.765000e+01
3.030000e+02 9.570000e+01
3.032500e+02 9.375000e+01
3.035000e+02 9.180000e+01
3.035000e+02 9.000000e+01
3.035000e+02 8.820000e+01
3.035000e+02 8.640000e+01
3.035000e+02 8.460000e+01
3.036250e+02 8.295000e+01
3.037500e+02 8.130000e+01
3.038750e+02 7.965000e+01
3.040000e+02 7.800000e+01
3.041250e+02 7.650000e+01
3.042500e+02 7.500000e+01
3.043750e+02 7.350000e+01
3.045000e+02 7.200000e+01
3.046250e+02 7.065000e+01
3.047500e+02 6.930000e+01
3.048750e+02 6.795000e+01
3.050000e+02 6.660000e+01
3.051250e+02 6.525000e+01
3.052500e+02 6.390000e+01
3.053750e+02 6.255000e+01
3.055000e+02 6.120000e+01
3.056250e+02 5.940000e+01
3.057500e+02 5.760000e+01
3.058750e+02 5.580000e+01
3.060000e+02 5.400000e+01
3.061250e+02 5.355000e+01
3.062500e+02 5.310000e+01
3.063750e+02 5.265000e+01
3.065000e+02 5.220000e+01
3.066250e+02 5.115000e+01
3.067500e+02 5.010000e+01
3.068750e+02 4.905000e+01
3.070000e+02 4.800000e+01
3.071250e+02 4.665000e+01
3.072500e+02 4.530000e+01
3.073750e+02 4.395000e+01
3.075000e+02 4.260000e+01
3.075000e+02 4.260000e+01
3.075000e+02 4.260000e+01
3.075000e+02 4.260000e+01
3.075000e+02 4.260000e+01
2.920000e+02 3.990000e+02
2.920000e+02 3.990000e+02
2.920000e+02 3.990000e+02
2.920000e+02 3.990000e+02
2.920000e+02 3.990000e+02
2.920000e+02 3.990000e+02
2.920000e+02 3.990000e+02
2.920000e+02 3.990000e+02
2.920000e+02 3.990000e+02
2.920000e+02 3.990000e+02
2.920000e+02 3.990000e+02
2.920000e+02 3.990000e+02
2.920000e+02 3.990000e+02
2.920000e+02 3.990000e+02
2.920000e+02 3.990000e+02
2.920000e+02 3.990000e+02
2.920000e+02 3.990000e+02
2.920000e+02 3.990000e+02
2.920000e+02 3.990000e+02
2.920000e+02 3.990000e+02
2.920000e+02 3.990000e+02
2.920000e+02 3.990000e+02
2.920000e+02 3.990000e+02
2.920000e+02 3.990000e+02
2.920000e+02 3.990000e+02
2.919375e+02 3.990000e+02
2.918750e+02 3.990000e+02
2.918125e+02 3.990000e+02
2.917500e+02 3.990000e+02
2.916875e+02 3.990000e+02
2.916250e+02 3.990000e+02
2.915625e+02 3.990000e+02
2.915000e+02 3.990000e+02
2.915000e+02 3.988500e+02
2.915000e+02 3.987000e+02
2.915000e+02 3.985500e+02
2.915000e+02 3.984000e+02
2.915000e+02 3.982500e+02
2.915000e+02 3.981000e+02
2.915000e+02 3.979500e+02
2.915000e+02 3.978000e+02
2.914375e+02 3.972750e+02
2.913750e+02 3.967500e+02
2.913125e+02 3.962250e+02
2.912500e+02 3.957000e+02
2.911875e+02 3.951750e+02
2.911250e+02 3.946500e+02
2.910625e+02 3.941250e+02
2.910000e+02 3.936000e+02
2.910000e+02 3.927750e+02
2.910000e+02 3.919500e+02
2.910000e+02 3.911250e+02
2.910000e+02 3.903000e+02
2.910000e+02 3.894750e+02
2.910000e+02 3.886500e+02
2.910000e+02 3.870000e+02
2.910000e+02 3.847500e+02
2.910000e+02 3.825000e+02
2.910000e+02 3.802500e+02
2.910000e+02 3.780000e+02
2.910000e+02 3.756000e+02
2.910000e+02 3.732000e+02
2.910000e+02 3.708000e+02
2.910000e+02 3.684000e+02
2.910000e+02 3.657000e+02
2.910000e+02 3.630000e+02
2.910000e+02 3.603000e+02
2.910000e+02 3.576000e+02
2.910000e+02 3.547500e+02
2.910000e+02 3.519000e+02
2.910000e+02 3.490500e+02
2.910000e+02 3.462000e+02
2.910000e+02 3.432000e+02
2.910000e+02 3.402000e+02
2.910000e+02 3.372000e+02
2.910000e+02 3.342000e+02
2.910000e+02 3.295500e+02
2.910000e+02 3.249000e+02
2.910000e+02 3.202500e+02
2.910000e+02 3.156000e+02
2.910000e+02 3.141000e+02
2.910000e+02 3.126000e+02
2.910000e+02 3.111000e+02
2.910000e+02 3.096000e+02
2.910000e+02 3.063000e+02
2.910000e+02 3.030000e+02
2.910000e+02 2.997000e+02
2.910000e+02 2.964000e+02
2.910000e+02 2.932500e+02
2.910000e+02 2.901000e+02
2.910000e+02 2.869500e+02
2.910000e+02 2.838000e+02
2.910000e+02 2.808000e+02
2.910000e+02 2.778000e+02
2.910000e+02 2.748000e+02
2.910000e+02 2.718000e+02
2.908750e+02 2.689500e+02
2.907500e+02 2.661000e+02
2.906250e+02 2.632500e+02
2.905000e+02 2.604000e+02
2.905000e+02 2.575500e+02
2.905000e+02 2.547000e+02
2.905000e+02 2.518500e+02
2.905000e+02 2.490000e+02
2.906250e+02 2.442000e+02
2.907500e+02 2.394000e+02
2.908750e+02 2.346000e+02
2.910000e+02 2.298000e+02
2.911250e+02 2.268000e+02
2.912500e+02 2.238000e+02
2.913750e+02 2.208000e+02
2.915000e+02 2.178000e+02
2.917500e+02 2.148000e+02
2.920000e+02 2.118000e+02
2.922500e+02 2.088000e+02
2.925000e+02 2.058000e+02
2.927500e+02 2.026500e+02
2.930000e+02 1.995000e+02
2.932500e+02 1.963500e+02
2.935000e+02 1.932000e+02
2.937500e+02 1.897500e+02
2.940000e+02 1.863000e+02
2.942500e+02 1.828500e+02
2.945000e+02 1.794000e+02
2.948750e+02 1.762500e+02
2.952500e+02 1.731000e+02
2.956250e+02 1.699500e+02
2.960000e+02 1.668000e+02
2.963750e+02 1.641000e+02
2.967500e+02 1.614000e+02
2.971250e+02 1.587000e+02
2.975000e+02 1.560000e+02
2.977500e+02 1.536000e+02
2.980000e+02 1.512000e+02
2.982500e+02 1.488000e+02
2.985000e+02 1.464000e+02
2.987500e+02 1.437000e+02
2.990000e+02 1.410000e+02
2.992500e+02 1.383000e+02
2.995000e+02 1.356000e+02
2.997500e+02 1.332000e+02
3.000000e+02 1.308000e+02
3.002500e+02 1.284000e+02
3.005000e+02 1.260000e+02
3.006250e+02 1.236000e+02
3.007500e+02 1.212000e+02
3.008750e+02 1.188000e+02
3.010000e+02 1.164000e+02
3.012500e+02 1.141500e+02
3.015000e+02 1.119000e+02
3.017500e+02 1.096500e+02
3.020000e+02 1.074000e+02
3.021250e+02 1.054500e+02
3.022500e+02 1.035000e+02
3.023750e+02 1.015500e+02
3.025000e+02 9.960000e+01
3.027500e+02 9.765000e+01
3.030000e+02 9.570000e+01
3.032500e+02 9.375000e+01
3.035000e+02 9.180000e+01
3.035000e+02 9.000000e+01
3.035000e+02 8.820000e+01
3.035000e+02 8.640000e+01
3.035000e+02 8.460000e+01
3.036250e+02 8.295000e+01
3.037500e+02 8.130000e+01
3.038750e+02 7.965000e+01
3.040000e+02 7.800000e+01
3.041250e+02 7.650000e+01
3.042500e+02 7.500000e+01
3.043750e+02 7.350000e+01
3.045000e+02 7.200000e+01
3.046250e+02 7.065000e+01
3.047500e+02 6.930000e+01
3.048750e+02 6.795000e+01
3.050000e+02 6.660000e+01
3.051250e+02 6.525000e+01
3.052500e+02 6.390000e+01
3.053750e+02 6.255000e+01
3.055000e+02 6.120000e+01
3.056250e+02 5.940000e+01
3.057500e+02 5.760000e+01
3.058750e+02 5.580000e+01
3.060000e+02 5.400000e+01
3.061250e+02 5.355000e+01
3.062500e+02 5.310000e+01
3.063750e+02 5.265000e+01
3.065000e+02 5.220000e+01
3.066250e+02 5.115000e+01
3.067500e+02 5.010000e+01
3.068750e+02 4.905000e+01
3.070000e+02 4.800000e+01
3.071250e+02 4.665000e+01
3.072500e+02 4.530000e+01
3.073750e+02 4.395000e+01
3.075000e+02 4.260000e+01
3.075000e+02 4.260000e+01
3.075000e+02 4.260000e+01
3.075000e+02 4.260000e+01
3.075000e+02 4.260000e+01
2.920000e+02 3.990000e+02
2.920000e+02 3.990000e+02
2.920000e+02 3.990000e+02
2.920000e+02 3.990000e+02
2.920000e+02 3.990000e+02
2.920000e+02 3.990000e+02
2.920000e+02 3.990000e+02
2.920000e+02 3.990000e+02
2.920000e+02 3.990000e+02
2.920000e+02 3.990000e+02
2.920000e+02 3.990000e+02
2.920000e+02 3.990000e+02
2.920000e+02 3.990000e+02
2.920000e+02 3.990000e+02
2.920000e+02 3.990000e+02
2.920000e+02 3.990000e+02
2.920000e+02 3.990000e+02
2.920000e+02 3.990000e+02
2.920000e+02 3.990000e+02
2.920000e+02 3.990000e+02
2.920000e+02 3.990000e+02
2.920000e+02 3.990000e+02
2.920000e+02 3.990000e+02
2.920000e+02 3.990000e+02
2.920000e+02 3.990000e+02
2.919375e+02 3.990000e+02
2.918750e+02 3.990000e+02
2.918125e+02 3.990000e+02
2.917500e+02 3.990000e+02
2.916875e+02 3.990000e+02
2.916250e+02 3.990000e+02
2.915625e+02 3.990000e+02
2.915000e+02 3.990000e+02
2.915000e+02 3.988500e+02
2.915000e+02 3.987000e+02
2.915000e+02 3.985500e+02
2.915000e+02 3.984000e+02
2.915000e+02 3.982500e+02
2.915000e+02 3.981000e+02
2.915000e+02 3.979500e+02
2.915000e+02 3.978000e+02
2.914375e+02 3.972750e+02
2.913750e+02 3.967500e+02
2.913125e+02 3.962250e+02
2.912500e+02 3.957000e+02
2.911875e+02 3.951750e+02
2.911250e+02 3.946500e+02
2.910625e+02 3.941250e+02
2.910000e+02 3.936000e+02
2.910000e+02 3.927750e+02
2.910000e+02 3.919500e+02
2.910000e+02 3.911250e+02
2.910000e+02 3.903000e+02
2.910000e+02 3.894750e+02
2.910000e+02 3.886500e+02
2.910000e+02 3.870000e+02
2.910000e+02 3.847500e+02
2.910000e+02 3.825000e+02
2.910000e+02 3.802500e+02
2.910000e+02 3.780000e+02
2.910000e+02 3.756000e+02
2.910000e+02 3.732000e+02
2.910000e+02 3.708000e+02
2.910000e+02 3.684000e+02
2.910000e+02 3.657000e+02
2.910000e+02 3.630000e+02
2.910000e+02 3.603000e+02
2.910000e+02 3.576000e+02
2.910000e+02 3.547500e+02
2.910000e+02 3.519000e+02
2.910000e+02 3.490500e+02
2.910000e+02 3.462000e+02
2.910000e+02 3.432000e+02
2.910000e+02 3.402000e+02
2.910000e+02 3.372000e+02
2.910000e+02 3.342000e+02
2.910000e+02 3.295500e+02
2.910000e+02 3.249000e+02
2.910000e+02 3.202500e+02
2.910000e+02 3.156000e+02
2.910000e+02 3.141000e+02
2.910000e+02 3.126000e+02
2.910000e+02 3.111000e+02
2.910000e+02 3.096000e+02
2.910000e+02 3.063000e+02
2.910000e+02 3.030000e+02
2.910000e+02 2.997000e+02
2.910000e+02 2.964000e+02
2.910000e+02 2.932500e+02
2.910000e+02 2.901000e+02
2.910000e+02 2.869500e+02
2.910000e+02 2.838000e+02
2.910000e+02 2.808000e+02
2.910000e+02 2.778000e+02
2.910000e+02 2.748000e+02
2.910000e+02 2.718000e+02
2.908750e+02 2.689500e+02
2.907500e+02 2.661000e+02
2.906250e+02 2.632500e+02
2.905000e+02 2.604000e+02
2.905000e+02 2.575500e+02
2.905000e+02 2.547000e+02
2.905000e+02 2.518500e+02
2.905000e+02 2.490000e+02
2.906250e+02 2.442000e+02
2.907500e+02 2.394000e+02
2.908750e+02 2.346000e+02
2.910000e+02 2.298000e+02
2.911250e+02 2.268000e+02
2.912500e+02 2.238000e+02
2.913750e+02 2.208000e+02
2.915000e+02 2.178000e+02
2.917500e+02 2.148000e+02
2.920000e+02 2.118000e+02
2.922500e+02 2.088000e+02
2.925000e+02 2.058000e+02
2.927500e+02 2.026500e+02
2.930000e+02 1.995000e+02
2.932500e+02 1.963500e+02
2.935000e+02 1.932000e+02
2.937500e+02 1.897500e+02
2.940000e+02 1.863000e+02
2.942500e+02 1.828500e+02
2.945000e+02 1.794000e+02
2.948750e+02 1.762500e+02
2.952500e+02 1.731000e+02
2.956250e+02 1.699500e+02
2.960000e+02 1.668000e+02
2.963750e+02 1.641000e+02
2.967500e+02 1.614000e+02
2.971250e+02 1.587000e+02
2.975000e+02 1.560000e+02
2.977500e+02 1.536000e+02
2.980000e+02 1.512000e+02
2.982500e+02 1.488000e+02
2.985000e+02 1.464000e+02
2.987500e+02 1.437000e+02
2.990000e+02 1.410000e+02
2.992500e+02 1.383000e+02
2.995000e+02 1.356000e+02
2.997500e+02 1.332000e+02
3.000000e+02 1.308000e+02
3.002500e+02 1.284000e+02
3.005000e+02 1.260000e+02
3.006250e+02 1.236000e+02
3.007500e+02 1.212000e+02
3.008750e+02 1.188000e+02
3.010000e+02 1.164000e+02
3.012500e+02 1.141500e+02
3.015000e+02 1.119000e+02
3.017500e+02 1.096500e+02
3.020000e+02 1.074000e+02
3.021250e+02 1.054500e+02
3.022500e+02 1.035000e+02
3.023750e+02 1.015500e+02
3.025000e+02 9.960000e+01
3.027500e+02 9.765000e+01
3.030000e+02 9.570000e+01
3.032500e+02 9.375000e+01
3.035000e+02 9.180000e+01
3.035000e+02 9.000000e+01
3.035000e+02 8.820000e+01
3.035000e+02 8.640000e+01
3.035000e+02 8.460000e+01
3.036250e+02 8.295000e+01
3.037500e+02 8.130000e+01
3.038750e+02 7.965000e+01
3.040000e+02 7.800000e+01
3.041250e+02 7.650000e+01
3.042500e+02 7.500000e+01
3.043750e+02 7.350000e+01
3.045000e+02 7.200000e+01
3.046250e+02 7.065000e+01
3.047500e+02 6.930000e+01
3.048750e+02 6.795000e+01
3.050000e+02 6.660000e+01
3.051250e+02 6.525000e+01
3.052500e+02 6.390000e+01
3.053750e+02 6.255000e+01
3.055000e+02 6.120000e+01
3.056250e+02 5.940000e+01
3.057500e+02 5.760000e+01
3.058750e+02 5.580000e+01
3.060000e+02 5.400000e+01
3.061250e+02 5.355000e+01
3.062500e+02 5.310000e+01
3.063750e+02 5.265000e+01
3.065000e+02 5.220000e+01
3.066250e+02 5.115000e+01
3.067500e+02 5.010000e+01
3.068750e+02 4.905000e+01
3.070000e+02 4.800000e+01
3.071250e+02 4.665000e+01
3.072500e+02 4.530000e+01
3.073750e+02 4.395000e+01
3.075000e+02 4.260000e+01
3.075000e+02 4.260000e+01
3.075000e+02 4.260000e+01
3.075000e+02 4.260000e+01
3.075000e+02 4.260000e+01
