5.040000e+02 3.528000e+02
5.040000e+02 3.528000e+02
5.040000e+02 3.528000e+02
5.040000e+02 3.528000e+02
5.040000e+02 3.528000e+02
5.040000e+02 3.528000e+02
5.040000e+02 3.528000e+02
5.040000e+02 3.528000e+02
5.040000e+02 3.528000e+02
5.041250e+02 3.526500e+02
5.042500e+02 3.525000e+02
5.043750e+02 3.523500e+02
5.045000e+02 3.522000e+02
5.045000e+02 3.519000e+02
5.045000e+02 3.516000e+02
5.045000e+02 3.513000e+02
5.045000e+02 3.510000e+02
5.046250e+02 3.505500e+02
5.047500e+02 3.501000e+02
5.048750e+02 3.496500e+02
5.050000e+02 3.492000e+02
5.050000e+02 3.486000e+02
5.050000e+02 3.480000e+02
5.050000e+02 3.474000e+02
5.050000e+02 3.468000e+02
5.051250e+02 3.457500e+02
5.052500e+02 3.447000e+02
5.053750e+02 3.436500e+02
5.055000e+02 3.426000e+02
5.055000e+02 3.423000e+02
5.055000e+02 3.420000e+02
5.055000e+02 3.417000e+02
5.055000e+02 3.414000e+02
5.055000e+02 3.405000e+02
5.055000e+02 3.396000e+02
5.055000e+02 3.387000e+02
5.055000e+02 3.378000e+02
5.053750e+02 3.369000e+02
5.052500e+02 3.360000e+02
5.051250e+02 3.351000e+02
5.050000e+02 3.342000e+02
5.048750e+02 3.331500e+02
5.047500e+02 3.321000e+02
5.046250e+02 3.310500e+02
5.045000e+02 3.300000e+02
5.043750e+02 3.286500e+02
5.042500e+02 3.273000e+02
5.041250e+02 3.259500e+02
5.040000e+02 3.246000e+02
5.038750e+02 3.231000e+02
5.037500e+02 3.216000e+02
5.036250e+02 3.201000e+02
5.035000e+02 3.186000e+02
5.032500e+02 3.162000e+02
5.030000e+02 3.138000e+02
5.027500e+02 3.114000e+02
5.025000e+02 3.090000e+02
5.023750e+02 3.072000e+02
5.022500e+02 3.054000e+02
5.021250e+02 3.036000e+02
5.020000e+02 3.018000e+02
5.018750e+02 3.000000e+02
5.017500e+02 2.982000e+02
5.016250e+02 2.964000e+02
5.015000e+02 2.946000e+02
5.013750e+02 2.929500e+02
5.012500e+02 2.913000e+02
5.011250e+02 2.896500e+02
5.010000e+02 2.880000e+02
5.008750e+02 2.860500e+02
5.007500e+02 2.841000e+02
5.006250e+02 2.821500e+02
5.005000e+02 2.802000e+02
5.005000e+02 2.784000e+02
5.005000e+02 2.766000e+02
5.005000e+02 2.748000e+02
5.005000e+02 2.730000e+02
5.005000e+02 2.712000e+02
5.005000e+02 2.694000e+02
5.005000e+02 2.676000e+02
5.005000e+02 2.658000e+02
5.005000e+02 2.640000e+02
5.005000e+02 2.622000e+02
5.005000e+02 2.604000e+02
5.005000e+02 2.586000e+02
5.005000e+02 2.569500e+02
5.005000e+02 2.553000e+02
5.005000e+02 2.536500e+02
5.005000e+02 2.520000e+02
5.005000e+02 2.500500e+02
5.005000e+02 2.481000e+02
5.005000e+02 2.461500e+02
5.005000e+02 2.442000e+02
5.005000e+02 2.427000e+02
5.005000e+02 2.412000e+02
5.005000e+02 2.397000e+02
5.005000e+02 2.382000e+02
5.006250e+02 2.356500e+02
5.007500e+02 2.331000e+02
5.008750e+02 2.305500e+02
5.010000e+02 2.280000e+02
5.010000e+02 2.272500e+02
5.010000e+02 2.265000e+02
5.010000e+02 2.257500e+02
5.010000e+02 2.250000e+02
5.011250e+02 2.233500e+02
5.012500e+02 2.217000e+02
5.013750e+02 2.200500e+02
5.015000e+02 2.184000e+02
5.015000e+02 2.167500e+02
5.015000e+02 2.151000e+02
5.015000e+02 2.134500e+02
5.015000e+02 2.118000e+02
5.016250e+02 2.101500e+02
5.017500e+02 2.085000e+02
5.018750e+02 2.068500e+02
5.020000e+02 2.052000e+02
5.021250e+02 2.037000e+02
5.022500e+02 2.022000e+02
5.023750e+02 2.007000e+02
5.025000e+02 1.992000e+02
5.026250e+02 1.977000e+02
5.027500e+02 1.962000e+02
5.028750e+02 1.947000e+02
5.030000e+02 1.932000e+02
5.031250e+02 1.917000e+02
5.032500e+02 1.902000e+02
5.033750e+02 1.887000e+02
5.035000e+02 1.872000e+02
5.037500e+02 1.857000e+02
5.040000e+02 1.842000e+02
5.042500e+02 1.827000e+02
5.045000e+02 1.812000e+02
5.046250e+02 1.797000e+02
5.047500e+02 1.782000e+02
5.048750e+02 1.767000e+02
5.050000e+02 1.752000e+02
5.052500e+02 1.737000e+02
5.055000e+02 1.722000e+02
5.057500e+02 1.707000e+02
5.060000e+02 1.692000e+02
5.061250e+02 1.678500e+02
5.062500e+02 1.665000e+02
5.063750e+02 1.651500e+02
5.065000e+02 1.638000e+02
5.067500e+02 1.624500e+02
5.070000e+02 1.611000e+02
5.072500e+02 1.597500e+02
5.075000e+02 1.584000e+02
5.077500e+02 1.566000e+02
5.080000e+02 1.548000e+02
5.082500e+02 1.530000e+02
5.085000e+02 1.512000e+02
5.086250e+02 1.506000e+02
5.087500e+02 1.500000e+02
5.088750e+02 1.494000e+02
5.090000e+02 1.488000e+02
5.090000e+02 1.477500e+02
5.090000e+02 1.467000e+02
5.090000e+02 1.456500e+02
5.090000e+02 1.446000e+02
5.091250e+02 1.435500e+02
5.092500e+02 1.425000e+02
5.093750e+02 1.414500e+02
5.095000e+02 1.404000e+02
5.096250e+02 1.393500e+02
5.097500e+02 1.383000e+02
5.098750e+02 1.372500e+02
5.100000e+02 1.362000e+02
5.100000e+02 1.357500e+02
5.100000e+02 1.353000e+02
5.100000e+02 1.348500e+02
5.100000e+02 1.344000e+02
5.101250e+02 1.336500e+02
5.102500e+02 1.329000e+02
5.105000e+02 1.314000e+02
5.105000e+02 1.296000e+02
5.105000e+02 1.278000e+02
5.107500e+02 1.263000e+02
5.110000e+02 1.248000e+02
5.110000e+02 1.236000e+02
5.110000e+02 1.224000e+02
5.110000e+02 1.212000e+02
5.110000e+02 1.200000e+02
5.110000e+02 1.188000e+02
5.110000e+02 1.176000e+02
5.110000e+02 1.170000e+02
5.110000e+02 1.164000e+02
5.112500e+02 1.155000e+02
5.115000e+02 1.146000e+02
5.115000e+02 1.140000e+02
5.115000e+02 1.134000e+02
5.115000e+02 1.131000e+02
5.115000e+02 1.128000e+02
5.115000e+02 1.125000e+02
5.115000e+02 1.122000e+02
5.115000e+02 1.125000e+02
5.115000e+02 1.128000e+02
5.115000e+02 1.128000e+02
5.115000e+02 1.128000e+02
