5.115000e+02 1.992000e+02
5.115000e+02 1.992000e+02
5.115000e+02 1.992000e+02
5.115000e+02 1.992000e+02
5.115000e+02 1.992000e+02
5.115000e+02 1.992000e+02
5.115000e+02 1.992000e+02
5.115000e+02 1.992000e+02
5.107500e+02 1.992000e+02
5.100000e+02 1.992000e+02
5.092500e+02 1.992000e+02
5.085000e+02 1.992000e+02
5.075000e+02 1.992000e+02
5.065000e+02 1.992000e+02
5.055000e+02 1.992000e+02
5.045000e+02 1.992000e+02
5.031250e+02 1.992000e+02
5.017500e+02 1.992000e+02
5.003750e+02 1.992000e+02
4.990000e+02 1.992000e+02
4.976250e+02 1.993500e+02
4.962500e+02 1.995000e+02
4.948750e+02 1.996500e+02
4.935000e+02 1.998000e+02
4.917500e+02 1.998000e+02
4.900000e+02 1.998000e+02
4.882500e+02 1.998000e+02
4.865000e+02 1.998000e+02
4.848750e+02 1.998000e+02
4.832500e+02 1.998000e+02
4.816250e+02 1.998000e+02
4.800000e+02 1.998000e+02
4.778750e+02 1.999500e+02
4.757500e+02 2.001000e+02
4.736250e+02 2.002500e+02
4.715000e+02 2.004000e+02
4.695000e+02 2.004000e+02
4.675000e+02 2.004000e+02
4.655000e+02 2.004000e+02
4.635000e+02 2.004000e+02
4.613750e+02 2.005500e+02
4.592500e+02 2.007000e+02
4.571250e+02 2.008500e+02
4.550000e+02 2.010000e+02
4.526250e+02 2.010000e+02
4.502500e+02 2.010000e+02
4.478750e+02 2.010000e+02
4.455000e+02 2.010000e+02
4.417500e+02 2.010000e+02
4.380000e+02 2.010000e+02
4.342500e+02 2.010000e+02
4.305000e+02 2.010000e+02
4.280000e+02 2.010000e+02
4.255000e+02 2.010000e+02
4.230000e+02 2.010000e+02
4.205000e+02 2.010000e+02
4.181250e+02 2.010000e+02
4.157500e+02 2.010000e+02
4.133750e+02 2.010000e+02
4.110000e+02 2.010000e+02
4.086250e+02 2.008500e+02
4.062500e+02 2.007000e+02
4.038750e+02 2.005500e+02
4.015000e+02 2.004000e+02
3.992500e+02 2.004000e+02
3.970000e+02 2.004000e+02
3.947500e+02 2.004000e+02
3.925000e+02 2.004000e+02
3.896250e+02 2.004000e+02
3.867500e+02 2.004000e+02
3.838750e+02 2.004000e+02
3.810000e+02 2.004000e+02
3.785000e+02 2.004000e+02
3.760000e+02 2.004000e+02
3.735000e+02 2.004000e+02
3.710000e+02 2.004000e+02
3.685000e+02 2.004000e+02
3.660000e+02 2.004000e+02
3.635000e+02 2.004000e+02
3.610000e+02 2.004000e+02
3.582500e+02 2.004000e+02
3.555000e+02 2.004000e+02
3.527500e+02 2.004000e+02
3.500000e+02 2.004000e+02
3.473750e+02 2.005500e+02
3.447500e+02 2.007000e+02
3.421250e+02 2.008500e+02
3.395000e+02 2.010000e+02
3.368750e+02 2.010000e+02
3.342500e+02 2.010000e+02
3.316250e+02 2.010000e+02
3.290000e+02 2.010000e+02
3.265000e+02 2.010000e+02
3.240000e+02 2.010000e+02
3.215000e+02 2.010000e+02
3.190000e+02 2.010000e+02
3.165000e+02 2.011500e+02
3.140000e+02 2.013000e+02
3.115000e+02 2.014500e+02
3.090000e+02 2.016000e+02
3.053750e+02 2.016000e+02
3.017500e+02 2.016000e+02
2.981250e+02 2.016000e+02
2.945000e+02 2.016000e+02
2.921250e+02 2.017500e+02
2.897500e+02 2.019000e+02
2.873750e+02 2.020500e+02
2.850000e+02 2.022000e+02
2.828750e+02 2.022000e+02
2.807500e+02 2.022000e+02
2.786250e+02 2.022000e+02
2.765000e+02 2.022000e+02
2.745000e+02 2.022000e+02
2.725000e+02 2.022000e+02
2.705000e+02 2.022000e+02
2.685000e+02 2.022000e+02
2.663750e+02 2.022000e+02
2.642500e+02 2.022000e+02
2.621250e+02 2.022000e+02
2.600000e+02 2.022000e+02
2.580000e+02 2.023500e+02
2.560000e+02 2.025000e+02
2.540000e+02 2.026500e+02
2.520000e+02 2.028000e+02
2.500000e+02 2.028000e+02
2.480000e+02 2.028000e+02
2.460000e+02 2.028000e+02
2.440000e+02 2.028000e+02
2.410000e+02 2.029500e+02
2.380000e+02 2.031000e+02
2.350000e+02 2.032500e+02
2.320000e+02 2.034000e+02
2.291250e+02 2.035500e+02
2.262500e+02 2.037000e+02
2.233750e+02 2.038500e+02
2.205000e+02 2.040000e+02
2.185000e+02 2.040000e+02
2.165000e+02 2.040000e+02
2.145000e+02 2.040000e+02
2.125000e+02 2.040000e+02
2.106250e+02 2.041500e+02
2.087500e+02 2.043000e+02
2.068750e+02 2.044500e+02
2.050000e+02 2.046000e+02
2.031250e+02 2.047500e+02
2.012500e+02 2.049000e+02
1.993750e+02 2.050500e+02
1.975000e+02 2.052000e+02
1.958750e+02 2.052000e+02
1.942500e+02 2.052000e+02
1.926250e+02 2.052000e+02
1.910000e+02 2.052000e+02
1.888750e+02 2.053500e+02
1.867500e+02 2.055000e+02
1.846250e+02 2.056500e+02
1.825000e+02 2.058000e+02
1.817500e+02 2.058000e+02
1.810000e+02 2.058000e+02
1.802500e+02 2.058000e+02
1.795000e+02 2.058000e+02
1.781250e+02 2.056500e+02
1.767500e+02 2.055000e+02
1.753750e+02 2.053500e+02
1.740000e+02 2.052000e+02
1.720000e+02 2.053500e+02
1.700000e+02 2.055000e+02
1.680000e+02 2.056500e+02
1.660000e+02 2.058000e+02
1.645000e+02 2.058000e+02
1.630000e+02 2.058000e+02
1.615000e+02 2.058000e+02
1.600000e+02 2.058000e+02
1.583750e+02 2.059500e+02
1.567500e+02 2.061000e+02
1.551250e+02 2.062500e+02
1.535000e+02 2.064000e+02
1.517500e+02 2.067000e+02
1.500000e+02 2.070000e+02
1.482500e+02 2.073000e+02
1.465000e+02 2.076000e+02
1.445000e+02 2.079000e+02
1.425000e+02 2.082000e+02
1.405000e+02 2.085000e+02
1.385000e+02 2.088000e+02
1.366250e+02 2.092500e+02
1.347500e+02 2.097000e+02
1.328750e+02 2.101500e+02
1.310000e+02 2.106000e+02
1.287500e+02 2.110500e+02
1.265000e+02 2.115000e+02
1.242500e+02 2.119500e+02
1.220000e+02 2.124000e+02
1.196250e+02 2.128500e+02
1.172500e+02 2.133000e+02
1.148750e+02 2.137500e+02
1.125000e+02 2.142000e+02
1.125000e+02 2.142000e+02
1.125000e+02 2.142000e+02
1.125000e+02 2.142000e+02
1.125000e+02 2.142000e+02
5.115000e+02 1.992000e+02
5.115000e+02 1.992000e+02
5.115000e+02 1.992000e+02
5.115000e+02 1.992000e+02
5.115000e+02 1.992000e+02
5.115000e+02 1.992000e+02
5.115000e+02 1.992000e+02
5.115000e+02 1.992000e+02
5.107500e+02 1.992000e+02
5.100000e+02 1.992000e+02
5.092500e+02 1.992000e+02
5.085000e+02 1.992000e+02
5.075000e+02 1.992000e+02
5.065000e+02 1.992000e+02
5.055000e+02 1.992000e+02
5.045000e+02 1.992000e+02
5.031250e+02 1.992000e+02
5.017500e+02 1.992000e+02
5.003750e+02 1.992000e+02
4.990000e+02 1.992000e+02
4.976250e+02 1.993500e+02
4.962500e+02 1.995000e+02
4.948750e+02 1.996500e+02
4.935000e+02 1.998000e+02
4.917500e+02 1.998000e+02
4.900000e+02 1.998000e+02
4.882500e+02 1.998000e+02
4.865000e+02 1.998000e+02
4.848750e+02 1.998000e+02
4.832500e+02 1.998000e+02
4.816250e+02 1.998000e+02
4.800000e+02 1.998000e+02
4.778750e+02 1.999500e+02
4.757500e+02 2.001000e+02
4.736250e+02 2.002500e+02
4.715000e+02 2.004000e+02
4.695000e+02 2.004000e+02
4.675000e+02 2.004000e+02
4.655000e+02 2.004000e+02
4.635000e+02 2.004000e+02
4.613750e+02 2.005500e+02
4.592500e+02 2.007000e+02
4.571250e+02 2.008500e+02
4.550000e+02 2.010000e+02
4.526250e+02 2.010000e+02
4.502500e+02 2.010000e+02
4.478750e+02 2.010000e+02
4.455000e+02 2.010000e+02
4.417500e+02 2.010000e+02
4.380000e+02 2.010000e+02
4.342500e+02 2.010000e+02
4.305000e+02 2.010000e+02
4.280000e+02 2.010000e+02
4.255000e+02 2.010000e+02
4.230000e+02 2.010000e+02
4.205000e+02 2.010000e+02
4.181250e+02 2.010000e+02
4.157500e+02 2.010000e+02
4.133750e+02 2.010000e+02
4.110000e+02 2.010000e+02
4.086250e+02 2.008500e+02
4.062500e+02 2.007000e+02
4.038750e+02 2.005500e+02
4.015000e+02 2.004000e+02
3.992500e+02 2.004000e+02
3.970000e+02 2.004000e+02
3.947500e+02 2.004000e+02
3.925000e+02 2.004000e+02
3.896250e+02 2.004000e+02
3.867500e+02 2.004000e+02
3.838750e+02 2.004000e+02
3.810000e+02 2.004000e+02
3.785000e+02 2.004000e+02
3.760000e+02 2.004000e+02
3.735000e+02 2.004000e+02
3.710000e+02 2.004000e+02
3.685000e+02 2.004000e+02
3.660000e+02 2.004000e+02
3.635000e+02 2.004000e+02
3.610000e+02 2.004000e+02
3.582500e+02 2.004000e+02
3.555000e+02 2.004000e+02
3.527500e+02 2.004000e+02
3.500000e+02 2.004000e+02
3.473750e+02 2.005500e+02
3.447500e+02 2.007000e+02
3.421250e+02 2.008500e+02
3.395000e+02 2.010000e+02
3.368750e+02 2.010000e+02
3.342500e+02 2.010000e+02
3.316250e+02 2.010000e+02
3.290000e+02 2.010000e+02
3.265000e+02 2.010000e+02
3.240000e+02 2.010000e+02
3.215000e+02 2.010000e+02
3.190000e+02 2.010000e+02
3.165000e+02 2.011500e+02
3.140000e+02 2.013000e+02
3.115000e+02 2.014500e+02
3.090000e+02 2.016000e+02
3.053750e+02 2.016000e+02
3.017500e+02 2.016000e+02
2.981250e+02 2.016000e+02
2.945000e+02 2.016000e+02
2.921250e+02 2.017500e+02
2.897500e+02 2.019000e+02
2.873750e+02 2.020500e+02
2.850000e+02 2.022000e+02
2.828750e+02 2.022000e+02
2.807500e+02 2.022000e+02
2.786250e+02 2.022000e+02
2.765000e+02 2.022000e+02
2.745000e+02 2.022000e+02
2.725000e+02 2.022000e+02
2.705000e+02 2.022000e+02
2.685000e+02 2.022000e+02
2.663750e+02 2.022000e+02
2.642500e+02 2.022000e+02
2.621250e+02 2.022000e+02
2.600000e+02 2.022000e+02
2.580000e+02 2.023500e+02
2.560000e+02 2.025000e+02
2.540000e+02 2.026500e+02
2.520000e+02 2.028000e+02
2.500000e+02 2.028000e+02
2.480000e+02 2.028000e+02
2.460000e+02 2.028000e+02
2.440000e+02 2.028000e+02
2.410000e+02 2.029500e+02
2.380000e+02 2.031000e+02
2.350000e+02 2.032500e+02
2.320000e+02 2.034000e+02
2.291250e+02 2.035500e+02
2.262500e+02 2.037000e+02
2.233750e+02 2.038500e+02
2.205000e+02 2.040000e+02
2.185000e+02 2.040000e+02
2.165000e+02 2.040000e+02
2.145000e+02 2.040000e+02
2.125000e+02 2.040000e+02
2.106250e+02 2.041500e+02
2.087500e+02 2.043000e+02
2.068750e+02 2.044500e+02
2.050000e+02 2.046000e+02
2.031250e+02 2.047500e+02
2.012500e+02 2.049000e+02
1.993750e+02 2.050500e+02
1.975000e+02 2.052000e+02
1.958750e+02 2.052000e+02
1.942500e+02 2.052000e+02
1.926250e+02 2.052000e+02
1.910000e+02 2.052000e+02
1.888750e+02 2.053500e+02
1.867500e+02 2.055000e+02
1.846250e+02 2.056500e+02
1.825000e+02 2.058000e+02
1.817500e+02 2.058000e+02
1.810000e+02 2.058000e+02
1.802500e+02 2.058000e+02
1.795000e+02 2.058000e+02
1.781250e+02 2.056500e+02
1.767500e+02 2.055000e+02
1.753750e+02 2.053500e+02
1.740000e+02 2.052000e+02
1.720000e+02 2.053500e+02
1.700000e+02 2.055000e+02
1.680000e+02 2.056500e+02
1.660000e+02 2.058000e+02
1.645000e+02 2.058000e+02
1.630000e+02 2.058000e+02
1.615000e+02 2.058000e+02
1.600000e+02 2.058000e+02
1.583750e+02 2.059500e+02
1.567500e+02 2.061000e+02
1.551250e+02 2.062500e+02
1.535000e+02 2.064000e+02
1.517500e+02 2.067000e+02
1.500000e+02 2.070000e+02
1.482500e+02 2.073000e+02
1.465000e+02 2.076000e+02
1.445000e+02 2.079000e+02
1.425000e+02 2.082000e+02
1.405000e+02 2.085000e+02
1.385000e+02 2.088000e+02
1.366250e+02 2.092500e+02
1.347500e+02 2.097000e+02
1.328750e+02 2.101500e+02
1.310000e+02 2.106000e+02
1.287500e+02 2.110500e+02
1.265000e+02 2.115000e+02
1.242500e+02 2.119500e+02
1.220000e+02 2.124000e+02
1.196250e+02 2.128500e+02
1.172500e+02 2.133000e+02
1.148750e+02 2.137500e+02
1.125000e+02 2.142000e+02
1.125000e+02 2.142000e+02
1.125000e+02 2.142000e+02
1.125000e+02 2.142000e+02
1.125000e+02 2.142000e+02
5.115000e+02 1.992000e+02
5.115000e+02 1.992000e+02
5.115000e+02 1.992000e+02
5.115000e+02 1.992000e+02
5.115000e+02 1.992000e+02
5.115000e+02 1.992000e+02
5.115000e+02 1.992000e+02
5.115000e+02 1.992000e+02
5.107500e+02 1.992000e+02
5.100000e+02 1.992000e+02
5.092500e+02 1.992000e+02
5.085000e+02 1.992000e+02
5.075000e+02 1.992000e+02
5.065000e+02 1.992000e+02
5.055000e+02 1.992000e+02
5.045000e+02 1.992000e+02
5.031250e+02 1.992000e+02
5.017500e+02 1.992000e+02
5.003750e+02 1.992000e+02
4.990000e+02 1.992000e+02
4.976250e+02 1.993500e+02
4.962500e+02 1.995000e+02
4.948750e+02 1.996500e+02
4.935000e+02 1.998000e+02
4.917500e+02 1.998000e+02
4.900000e+02 1.998000e+02
4.882500e+02 1.998000e+02
4.865000e+02 1.998000e+02
4.848750e+02 1.998000e+02
4.832500e+02 1.998000e+02
4.816250e+02 1.998000e+02
4.800000e+02 1.998000e+02
4.778750e+02 1.999500e+02
4.757500e+02 2.001000e+02
4.736250e+02 2.002500e+02
4.715000e+02 2.004000e+02
4.695000e+02 2.004000e+02
4.675000e+02 2.004000e+02
4.655000e+02 2.004000e+02
4.635000e+02 2.004000e+02
4.613750e+02 2.005500e+02
4.592500e+02 2.007000e+02
4.571250e+02 2.008500e+02
4.550000e+02 2.010000e+02
4.526250e+02 2.010000e+02
4.502500e+02 2.010000e+02
4.478750e+02 2.010000e+02
4.455000e+02 2.010000e+02
4.417500e+02 2.010000e+02
4.380000e+02 2.010000e+02
4.342500e+02 2.010000e+02
4.305000e+02 2.010000e+02
4.280000e+02 2.010000e+02
4.255000e+02 2.010000e+02
4.230000e+02 2.010000e+02
4.205000e+02 2.010000e+02
4.181250e+02 2.010000e+02
4.157500e+02 2.010000e+02
4.133750e+02 2.010000e+02
4.110000e+02 2.010000e+02
4.086250e+02 2.008500e+02
4.062500e+02 2.007000e+02
4.038750e+02 2.005500e+02
4.015000e+02 2.004000e+02
3.992500e+02 2.004000e+02
3.970000e+02 2.004000e+02
3.947500e+02 2.004000e+02
3.925000e+02 2.004000e+02
3.896250e+02 2.004000e+02
3.867500e+02 2.004000e+02
3.838750e+02 2.004000e+02
3.810000e+02 2.004000e+02
3.785000e+02 2.004000e+02
3.760000e+02 2.004000e+02
3.735000e+02 2.004000e+02
3.710000e+02 2.004000e+02
3.685000e+02 2.004000e+02
3.660000e+02 2.004000e+02
3.635000e+02 2.004000e+02
3.610000e+02 2.004000e+02
3.582500e+02 2.004000e+02
3.555000e+02 2.004000e+02
3.527500e+02 2.004000e+02
3.500000e+02 2.004000e+02
3.473750e+02 2.005500e+02
3.447500e+02 2.007000e+02
3.421250e+02 2.008500e+02
3.395000e+02 2.010000e+02
3.368750e+02 2.010000e+02
3.342500e+02 2.010000e+02
3.316250e+02 2.010000e+02
3.290000e+02 2.010000e+02
3.265000e+02 2.010000e+02
3.240000e+02 2.010000e+02
3.215000e+02 2.010000e+02
3.190000e+02 2.010000e+02
3.165000e+02 2.011500e+02
3.140000e+02 2.013000e+02
3.115000e+02 2.014500e+02
3.090000e+02 2.016000e+02
3.053750e+02 2.016000e+02
3.017500e+02 2.016000e+02
2.981250e+02 2.016000e+02
2.945000e+02 2.016000e+02
2.921250e+02 2.017500e+02
2.897500e+02 2.019000e+02
2.873750e+02 2.020500e+02
2.850000e+02 2.022000e+02
2.828750e+02 2.022000e+02
2.807500e+02 2.022000e+02
2.786250e+02 2.022000e+02
2.765000e+02 2.022000e+02
2.745000e+02 2.022000e+02
2.725000e+02 2.022000e+02
2.705000e+02 2.022000e+02
2.685000e+02 2.022000e+02
2.663750e+02 2.022000e+02
2.642500e+02 2.022000e+02
2.621250e+02 2.022000e+02
2.600000e+02 2.022000e+02
2.580000e+02 2.023500e+02
2.560000e+02 2.025000e+02
2.540000e+02 2.026500e+02
2.520000e+02 2.028000e+02
2.500000e+02 2.028000e+02
2.480000e+02 2.028000e+02
2.460000e+02 2.028000e+02
2.440000e+02 2.028000e+02
2.410000e+02 2.029500e+02
2.380000e+02 2.031000e+02
2.350000e+02 2.032500e+02
2.320000e+02 2.034000e+02
2.291250e+02 2.035500e+02
2.262500e+02 2.037000e+02
2.233750e+02 2.038500e+02
2.205000e+02 2.040000e+02
2.185000e+02 2.040000e+02
2.165000e+02 2.040000e+02
2.145000e+02 2.040000e+02
2.125000e+02 2.040000e+02
2.106250e+02 2.041500e+02
2.087500e+02 2.043000e+02
2.068750e+02 2.044500e+02
2.050000e+02 2.046000e+02
2.031250e+02 2.047500e+02
2.012500e+02 2.049000e+02
1.993750e+02 2.050500e+02
1.975000e+02 2.052000e+02
1.958750e+02 2.052000e+02
1.942500e+02 2.052000e+02
1.926250e+02 2.052000e+02
1.910000e+02 2.052000e+02
1.888750e+02 2.053500e+02
1.867500e+02 2.055000e+02
1.846250e+02 2.056500e+02
1.825000e+02 2.058000e+02
1.817500e+02 2.058000e+02
1.810000e+02 2.058000e+02
1.802500e+02 2.058000e+02
1.795000e+02 2.058000e+02
1.781250e+02 2.056500e+02
1.767500e+02 2.055000e+02
1.753750e+02 2.053500e+02
1.740000e+02 2.052000e+02
1.720000e+02 2.053500e+02
1.700000e+02 2.055000e+02
1.680000e+02 2.056500e+02
1.660000e+02 2.058000e+02
1.645000e+02 2.058000e+02
1.630000e+02 2.058000e+02
1.615000e+02 2.058000e+02
1.600000e+02 2.058000e+02
1.583750e+02 2.059500e+02
1.567500e+02 2.061000e+02
1.551250e+02 2.062500e+02
1.535000e+02 2.064000e+02
1.517500e+02 2.067000e+02
1.500000e+02 2.070000e+02
1.482500e+02 2.073000e+02
1.465000e+02 2.076000e+02
1.445000e+02 2.079000e+02
1.425000e+02 2.082000e+02
1.405000e+02 2.085000e+02
1.385000e+02 2.088000e+02
1.366250e+02 2.092500e+02
1.347500e+02 2.097000e+02
1.328750e+02 2.101500e+02
1.310000e+02 2.106000e+02
1.287500e+02 2.110500e+02
1.265000e+02 2.115000e+02
1.242500e+02 2.119500e+02
1.220000e+02 2.124000e+02
1.196250e+02 2.128500e+02
1.172500e+02 2.133000e+02
1.148750e+02 2.137500e+02
1.125000e+02 2.142000e+02
1.125000e+02 2.142000e+02
1.125000e+02 2.142000e+02
1.125000e+02 2.142000e+02
1.125000e+02 2.142000e+02
