9.750000e+01 3.786000e+02
9.750000e+01 3.786000e+02
9.750000e+01 3.786000e+02
9.725000e+01 3.786000e+02
9.700000e+01 3.786000e+02
9.700000e+01 3.783000e+02
9.700000e+01 3.780000e+02
9.700000e+01 3.780000e+02
9.700000e+01 3.780000e+02
9.700000e+01 3.777000e+02
9.700000e+01 3.774000e+02
9.700000e+01 3.774000e+02
9.700000e+01 3.774000e+02
9.725000e+01 3.771000e+02
9.750000e+01 3.768000e+02
9.800000e+01 3.759000e+02
9.850000e+01 3.750000e+02
9.950000e+01 3.732000e+02
1.005000e+02 3.714000e+02
1.025000e+02 3.687000e+02
1.045000e+02 3.660000e+02
1.067500e+02 3.630000e+02
1.090000e+02 3.600000e+02
1.115000e+02 3.570000e+02
1.140000e+02 3.540000e+02
1.172500e+02 3.501000e+02
1.205000e+02 3.462000e+02
1.235000e+02 3.429000e+02
1.265000e+02 3.396000e+02
1.310000e+02 3.339000e+02
1.355000e+02 3.282000e+02
1.372500e+02 3.261000e+02
1.390000e+02 3.240000e+02
1.427500e+02 3.198000e+02
1.465000e+02 3.156000e+02
1.505000e+02 3.111000e+02
1.545000e+02 3.066000e+02
1.607500e+02 2.994000e+02
1.670000e+02 2.922000e+02
1.692500e+02 2.895000e+02
1.715000e+02 2.868000e+02
1.785000e+02 2.790000e+02
1.855000e+02 2.712000e+02
1.900000e+02 2.661000e+02
1.945000e+02 2.610000e+02
1.997500e+02 2.553000e+02
2.050000e+02 2.496000e+02
2.095000e+02 2.448000e+02
2.140000e+02 2.400000e+02
2.185000e+02 2.352000e+02
2.230000e+02 2.304000e+02
2.280000e+02 2.256000e+02
2.330000e+02 2.208000e+02
2.380000e+02 2.154000e+02
2.430000e+02 2.100000e+02
2.485000e+02 2.046000e+02
2.540000e+02 1.992000e+02
2.587500e+02 1.944000e+02
2.635000e+02 1.896000e+02
2.685000e+02 1.845000e+02
2.735000e+02 1.794000e+02
2.807500e+02 1.722000e+02
2.880000e+02 1.650000e+02
2.950000e+02 1.578000e+02
3.020000e+02 1.506000e+02
3.062500e+02 1.467000e+02
3.105000e+02 1.428000e+02
3.165000e+02 1.362000e+02
3.225000e+02 1.296000e+02
3.265000e+02 1.257000e+02
3.305000e+02 1.218000e+02
3.325000e+02 1.197000e+02
3.345000e+02 1.176000e+02
3.385000e+02 1.137000e+02
3.425000e+02 1.098000e+02
3.475000e+02 1.044000e+02
3.525000e+02 9.900000e+01
3.557500e+02 9.570000e+01
3.590000e+02 9.240000e+01
3.620000e+02 8.910000e+01
3.650000e+02 8.580000e+01
3.677500e+02 8.310000e+01
3.705000e+02 8.040000e+01
3.730000e+02 7.770000e+01
3.755000e+02 7.500000e+01
3.777500e+02 7.260000e+01
3.800000e+02 7.020000e+01
3.817500e+02 6.810000e+01
3.835000e+02 6.600000e+01
3.850000e+02 6.420000e+01
3.865000e+02 6.240000e+01
3.877500e+02 6.090000e+01
3.890000e+02 5.940000e+01
3.902500e+02 5.820000e+01
3.915000e+02 5.700000e+01
3.922500e+02 5.580000e+01
3.930000e+02 5.460000e+01
3.937500e+02 5.370000e+01
3.945000e+02 5.280000e+01
3.952500e+02 5.220000e+01
3.960000e+02 5.160000e+01
3.962500e+02 5.100000e+01
3.965000e+02 5.040000e+01
3.967500e+02 5.010000e+01
3.970000e+02 4.980000e+01
3.972500e+02 4.950000e+01
3.975000e+02 4.920000e+01
3.977500e+02 4.920000e+01
3.980000e+02 4.920000e+01
3.980000e+02 4.890000e+01
3.980000e+02 4.860000e+01
3.982500e+02 4.860000e+01
3.985000e+02 4.860000e+01
3.985000e+02 4.860000e+01
3.985000e+02 4.860000e+01
3.985000e+02 4.890000e+01
3.985000e+02 4.920000e+01
3.985000e+02 4.920000e+01
3.985000e+02 4.920000e+01
3.987500e+02 4.980000e+01
3.990000e+02 5.040000e+01
3.992500e+02 5.130000e+01
3.995000e+02 5.220000e+01
3.997500e+02 5.310000e+01
4.000000e+02 5.400000e+01
4.002500e+02 5.520000e+01
4.005000e+02 5.640000e+01
4.010000e+02 5.790000e+01
4.015000e+02 5.940000e+01
4.020000e+02 6.090000e+01
4.025000e+02 6.240000e+01
4.032500e+02 6.420000e+01
4.040000e+02 6.600000e+01
4.045000e+02 6.810000e+01
4.050000e+02 7.020000e+01
4.062500e+02 7.320000e+01
4.075000e+02 7.620000e+01
4.090000e+02 7.950000e+01
4.105000e+02 8.280000e+01
4.115000e+02 8.520000e+01
4.125000e+02 8.760000e+01
4.142500e+02 9.120000e+01
4.160000e+02 9.480000e+01
4.175000e+02 9.750000e+01
4.190000e+02 1.002000e+02
4.212500e+02 1.038000e+02
4.235000e+02 1.074000e+02
4.260000e+02 1.116000e+02
4.285000e+02 1.158000e+02
4.302500e+02 1.185000e+02
4.320000e+02 1.212000e+02
4.360000e+02 1.272000e+02
4.390000e+02 1.326000e+02
4.430000e+02 1.380000e+02
4.465000e+02 1.440000e+02
4.500000e+02 1.500000e+02
4.535000e+02 1.566000e+02
4.570000e+02 1.626000e+02
4.605000e+02 1.698000e+02
4.635000e+02 1.770000e+02
4.670000e+02 1.848000e+02
4.700000e+02 1.920000e+02
4.730000e+02 1.998000e+02
4.755000e+02 2.076000e+02
4.795000e+02 2.196000e+02
4.830000e+02 2.310000e+02
4.855000e+02 2.382000e+02
4.875000e+02 2.454000e+02
4.910000e+02 2.562000e+02
4.930000e+02 2.628000e+02
4.950000e+02 2.694000e+02
4.970000e+02 2.754000e+02
4.995000e+02 2.820000e+02
5.015000e+02 2.874000e+02
5.035000e+02 2.934000e+02
5.060000e+02 2.994000e+02
5.080000e+02 3.048000e+02
5.105000e+02 3.102000e+02
5.120000e+02 3.150000e+02
5.140000e+02 3.198000e+02
5.165000e+02 3.264000e+02
5.180000e+02 3.306000e+02
5.195000e+02 3.342000e+02
5.205000e+02 3.378000e+02
5.215000e+02 3.414000e+02
5.225000e+02 3.438000e+02
5.235000e+02 3.468000e+02
5.245000e+02 3.498000e+02
5.255000e+02 3.522000e+02
5.260000e+02 3.534000e+02
5.260000e+02 3.546000e+02
5.265000e+02 3.558000e+02
5.270000e+02 3.564000e+02
5.270000e+02 3.570000e+02
5.270000e+02 3.576000e+02
5.270000e+02 3.576000e+02
5.275000e+02 3.576000e+02
5.275000e+02 3.582000e+02
5.275000e+02 3.582000e+02
5.275000e+02 3.582000e+02
9.750000e+01 3.786000e+02
9.750000e+01 3.786000e+02
9.750000e+01 3.786000e+02
9.725000e+01 3.786000e+02
9.700000e+01 3.786000e+02
9.700000e+01 3.783000e+02
9.700000e+01 3.780000e+02
9.700000e+01 3.780000e+02
9.700000e+01 3.780000e+02
9.700000e+01 3.777000e+02
9.700000e+01 3.774000e+02
9.700000e+01 3.774000e+02
9.700000e+01 3.774000e+02
9.725000e+01 3.771000e+02
9.750000e+01 3.768000e+02
9.800000e+01 3.759000e+02
9.850000e+01 3.750000e+02
9.950000e+01 3.732000e+02
1.005000e+02 3.714000e+02
1.025000e+02 3.687000e+02
1.045000e+02 3.660000e+02
1.067500e+02 3.630000e+02
1.090000e+02 3.600000e+02
1.115000e+02 3.570000e+02
1.140000e+02 3.540000e+02
1.172500e+02 3.501000e+02
1.205000e+02 3.462000e+02
1.235000e+02 3.429000e+02
1.265000e+02 3.396000e+02
1.310000e+02 3.339000e+02
1.355000e+02 3.282000e+02
1.372500e+02 3.261000e+02
1.390000e+02 3.240000e+02
1.427500e+02 3.198000e+02
1.465000e+02 3.156000e+02
1.505000e+02 3.111000e+02
1.545000e+02 3.066000e+02
1.607500e+02 2.994000e+02
1.670000e+02 2.922000e+02
1.692500e+02 2.895000e+02
1.715000e+02 2.868000e+02
1.785000e+02 2.790000e+02
1.855000e+02 2.712000e+02
1.900000e+02 2.661000e+02
1.945000e+02 2.610000e+02
1.997500e+02 2.553000e+02
2.050000e+02 2.496000e+02
2.095000e+02 2.448000e+02
2.140000e+02 2.400000e+02
2.185000e+02 2.352000e+02
2.230000e+02 2.304000e+02
2.280000e+02 2.256000e+02
2.330000e+02 2.208000e+02
2.380000e+02 2.154000e+02
2.430000e+02 2.100000e+02
2.485000e+02 2.046000e+02
2.540000e+02 1.992000e+02
2.587500e+02 1.944000e+02
2.635000e+02 1.896000e+02
2.685000e+02 1.845000e+02
2.735000e+02 1.794000e+02
2.807500e+02 1.722000e+02
2.880000e+02 1.650000e+02
2.950000e+02 1.578000e+02
3.020000e+02 1.506000e+02
3.062500e+02 1.467000e+02
3.105000e+02 1.428000e+02
3.165000e+02 1.362000e+02
3.225000e+02 1.296000e+02
3.265000e+02 1.257000e+02
3.305000e+02 1.218000e+02
3.325000e+02 1.197000e+02
3.345000e+02 1.176000e+02
3.385000e+02 1.137000e+02
3.425000e+02 1.098000e+02
3.475000e+02 1.044000e+02
3.525000e+02 9.900000e+01
3.557500e+02 9.570000e+01
3.590000e+02 9.240000e+01
3.620000e+02 8.910000e+01
3.650000e+02 8.580000e+01
3.677500e+02 8.310000e+01
3.705000e+02 8.040000e+01
3.730000e+02 7.770000e+01
3.755000e+02 7.500000e+01
3.777500e+02 7.260000e+01
3.800000e+02 7.020000e+01
3.817500e+02 6.810000e+01
3.835000e+02 6.600000e+01
3.850000e+02 6.420000e+01
3.865000e+02 6.240000e+01
3.877500e+02 6.090000e+01
3.890000e+02 5.940000e+01
3.902500e+02 5.820000e+01
3.915000e+02 5.700000e+01
3.922500e+02 5.580000e+01
3.930000e+02 5.460000e+01
3.937500e+02 5.370000e+01
3.945000e+02 5.280000e+01
3.952500e+02 5.220000e+01
3.960000e+02 5.160000e+01
3.962500e+02 5.100000e+01
3.965000e+02 5.040000e+01
3.967500e+02 5.010000e+01
3.970000e+02 4.980000e+01
3.972500e+02 4.950000e+01
3.975000e+02 4.920000e+01
3.977500e+02 4.920000e+01
3.980000e+02 4.920000e+01
3.980000e+02 4.890000e+01
3.980000e+02 4.860000e+01
3.982500e+02 4.860000e+01
3.985000e+02 4.860000e+01
3.985000e+02 4.860000e+01
3.985000e+02 4.860000e+01
3.985000e+02 4.890000e+01
3.985000e+02 4.920000e+01
3.985000e+02 4.920000e+01
3.985000e+02 4.920000e+01
3.987500e+02 4.980000e+01
3.990000e+02 5.040000e+01
3.992500e+02 5.130000e+01
3.995000e+02 5.220000e+01
3.997500e+02 5.310000e+01
4.000000e+02 5.400000e+01
4.002500e+02 5.520000e+01
4.005000e+02 5.640000e+01
4.010000e+02 5.790000e+01
4.015000e+02 5.940000e+01
4.020000e+02 6.090000e+01
4.025000e+02 6.240000e+01
4.032500e+02 6.420000e+01
4.040000e+02 6.600000e+01
4.045000e+02 6.810000e+01
4.050000e+02 7.020000e+01
4.062500e+02 7.320000e+01
4.075000e+02 7.620000e+01
4.090000e+02 7.950000e+01
4.105000e+02 8.280000e+01
4.115000e+02 8.520000e+01
4.125000e+02 8.760000e+01
4.142500e+02 9.120000e+01
4.160000e+02 9.480000e+01
4.175000e+02 9.750000e+01
4.190000e+02 1.002000e+02
4.212500e+02 1.038000e+02
4.235000e+02 1.074000e+02
4.260000e+02 1.116000e+02
4.285000e+02 1.158000e+02
4.302500e+02 1.185000e+02
4.320000e+02 1.212000e+02
4.360000e+02 1.272000e+02
4.390000e+02 1.326000e+02
4.430000e+02 1.380000e+02
4.465000e+02 1.440000e+02
4.500000e+02 1.500000e+02
4.535000e+02 1.566000e+02
4.570000e+02 1.626000e+02
4.605000e+02 1.698000e+02
4.635000e+02 1.770000e+02
4.670000e+02 1.848000e+02
4.700000e+02 1.920000e+02
4.730000e+02 1.998000e+02
4.755000e+02 2.076000e+02
4.795000e+02 2.196000e+02
4.830000e+02 2.310000e+02
4.855000e+02 2.382000e+02
4.875000e+02 2.454000e+02
4.910000e+02 2.562000e+02
4.930000e+02 2.628000e+02
4.950000e+02 2.694000e+02
4.970000e+02 2.754000e+02
4.995000e+02 2.820000e+02
5.015000e+02 2.874000e+02
5.035000e+02 2.934000e+02
5.060000e+02 2.994000e+02
5.080000e+02 3.048000e+02
5.105000e+02 3.102000e+02
5.120000e+02 3.150000e+02
5.140000e+02 3.198000e+02
5.165000e+02 3.264000e+02
5.180000e+02 3.306000e+02
5.195000e+02 3.342000e+02
5.205000e+02 3.378000e+02
5.215000e+02 3.414000e+02
5.225000e+02 3.438000e+02
5.235000e+02 3.468000e+02
5.245000e+02 3.498000e+02
5.255000e+02 3.522000e+02
5.260000e+02 3.534000e+02
5.260000e+02 3.546000e+02
5.265000e+02 3.558000e+02
5.270000e+02 3.564000e+02
5.270000e+02 3.570000e+02
5.270000e+02 3.576000e+02
5.270000e+02 3.576000e+02
5.275000e+02 3.576000e+02
5.275000e+02 3.582000e+02
5.275000e+02 3.582000e+02
5.275000e+02 3.582000e+02
9.750000e+01 3.786000e+02
9.750000e+01 3.786000e+02
9.750000e+01 3.786000e+02
9.725000e+01 3.786000e+02
9.700000e+01 3.786000e+02
9.700000e+01 3.783000e+02
9.700000e+01 3.780000e+02
9.700000e+01 3.780000e+02
9.700000e+01 3.780000e+02
9.700000e+01 3.777000e+02
9.700000e+01 3.774000e+02
9.700000e+01 3.774000e+02
9.700000e+01 3.774000e+02
9.725000e+01 3.771000e+02
9.750000e+01 3.768000e+02
9.800000e+01 3.759000e+02
9.850000e+01 3.750000e+02
9.950000e+01 3.732000e+02
1.005000e+02 3.714000e+02
1.025000e+02 3.687000e+02
1.045000e+02 3.660000e+02
1.067500e+02 3.630000e+02
1.090000e+02 3.600000e+02
1.115000e+02 3.570000e+02
1.140000e+02 3.540000e+02
1.172500e+02 3.501000e+02
1.205000e+02 3.462000e+02
1.235000e+02 3.429000e+02
1.265000e+02 3.396000e+02
1.310000e+02 3.339000e+02
1.355000e+02 3.282000e+02
1.372500e+02 3.261000e+02
1.390000e+02 3.240000e+02
1.427500e+02 3.198000e+02
1.465000e+02 3.156000e+02
1.505000e+02 3.111000e+02
1.545000e+02 3.066000e+02
1.607500e+02 2.994000e+02
1.670000e+02 2.922000e+02
1.692500e+02 2.895000e+02
1.715000e+02 2.868000e+02
1.785000e+02 2.790000e+02
1.855000e+02 2.712000e+02
1.900000e+02 2.661000e+02
1.945000e+02 2.610000e+02
1.997500e+02 2.553000e+02
2.050000e+02 2.496000e+02
2.095000e+02 2.448000e+02
2.140000e+02 2.400000e+02
2.185000e+02 2.352000e+02
2.230000e+02 2.304000e+02
2.280000e+02 2.256000e+02
2.330000e+02 2.208000e+02
2.380000e+02 2.154000e+02
2.430000e+02 2.100000e+02
2.485000e+02 2.046000e+02
2.540000e+02 1.992000e+02
2.587500e+02 1.944000e+02
2.635000e+02 1.896000e+02
2.685000e+02 1.845000e+02
2.735000e+02 1.794000e+02
2.807500e+02 1.722000e+02
2.880000e+02 1.650000e+02
2.950000e+02 1.578000e+02
3.020000e+02 1.506000e+02
3.062500e+02 1.467000e+02
3.105000e+02 1.428000e+02
3.165000e+02 1.362000e+02
3.225000e+02 1.296000e+02
3.265000e+02 1.257000e+02
3.305000e+02 1.218000e+02
3.325000e+02 1.197000e+02
3.345000e+02 1.176000e+02
3.385000e+02 1.137000e+02
3.425000e+02 1.098000e+02
3.475000e+02 1.044000e+02
3.525000e+02 9.900000e+01
3.557500e+02 9.570000e+01
3.590000e+02 9.240000e+01
3.620000e+02 8.910000e+01
3.650000e+02 8.580000e+01
3.677500e+02 8.310000e+01
3.705000e+02 8.040000e+01
3.730000e+02 7.770000e+01
3.755000e+02 7.500000e+01
3.777500e+02 7.260000e+01
3.800000e+02 7.020000e+01
3.817500e+02 6.810000e+01
3.835000e+02 6.600000e+01
3.850000e+02 6.420000e+01
3.865000e+02 6.240000e+01
3.877500e+02 6.090000e+01
3.890000e+02 5.940000e+01
3.902500e+02 5.820000e+01
3.915000e+02 5.700000e+01
3.922500e+02 5.580000e+01
3.930000e+02 5.460000e+01
3.937500e+02 5.370000e+01
3.945000e+02 5.280000e+01
3.952500e+02 5.220000e+01
3.960000e+02 5.160000e+01
3.962500e+02 5.100000e+01
3.965000e+02 5.040000e+01
3.967500e+02 5.010000e+01
3.970000e+02 4.980000e+01
3.972500e+02 4.950000e+01
3.975000e+02 4.920000e+01
3.977500e+02 4.920000e+01
3.980000e+02 4.920000e+01
3.980000e+02 4.890000e+01
3.980000e+02 4.860000e+01
3.982500e+02 4.860000e+01
3.985000e+02 4.860000e+01
3.985000e+02 4.860000e+01
3.985000e+02 4.860000e+01
3.985000e+02 4.890000e+01
3.985000e+02 4.920000e+01
3.985000e+02 4.920000e+01
3.985000e+02 4.920000e+01
3.987500e+02 4.980000e+01
3.990000e+02 5.040000e+01
3.992500e+02 5.130000e+01
3.995000e+02 5.220000e+01
3.997500e+02 5.310000e+01
4.000000e+02 5.400000e+01
4.002500e+02 5.520000e+01
4.005000e+02 5.640000e+01
4.010000e+02 5.790000e+01
4.015000e+02 5.940000e+01
4.020000e+02 6.090000e+01
4.025000e+02 6.240000e+01
4.032500e+02 6.420000e+01
4.040000e+02 6.600000e+01
4.045000e+02 6.810000e+01
4.050000e+02 7.020000e+01
4.062500e+02 7.320000e+01
4.075000e+02 7.620000e+01
4.090000e+02 7.950000e+01
4.105000e+02 8.280000e+01
4.115000e+02 8.520000e+01
4.125000e+02 8.760000e+01
4.142500e+02 9.120000e+01
4.160000e+02 9.480000e+01
4.175000e+02 9.750000e+01
4.190000e+02 1.002000e+02
4.212500e+02 1.038000e+02
4.235000e+02 1.074000e+02
4.260000e+02 1.116000e+02
4.285000e+02 1.158000e+02
4.302500e+02 1.185000e+02
4.320000e+02 1.212000e+02
4.360000e+02 1.272000e+02
4.390000e+02 1.326000e+02
4.430000e+02 1.380000e+02
4.465000e+02 1.440000e+02
4.500000e+02 1.500000e+02
4.535000e+02 1.566000e+02
4.570000e+02 1.626000e+02
4.605000e+02 1.698000e+02
4.635000e+02 1.770000e+02
4.670000e+02 1.848000e+02
4.700000e+02 1.920000e+02
4.730000e+02 1.998000e+02
4.755000e+02 2.076000e+02
4.795000e+02 2.196000e+02
4.830000e+02 2.310000e+02
4.855000e+02 2.382000e+02
4.875000e+02 2.454000e+02
4.910000e+02 2.562000e+02
4.930000e+02 2.628000e+02
4.950000e+02 2.694000e+02
4.970000e+02 2.754000e+02
4.995000e+02 2.820000e+02
5.015000e+02 2.874000e+02
5.035000e+02 2.934000e+02
5.060000e+02 2.994000e+02
5.080000e+02 3.048000e+02
5.105000e+02 3.102000e+02
5.120000e+02 3.150000e+02
5.140000e+02 3.198000e+02
5.165000e+02 3.264000e+02
5.180000e+02 3.306000e+02
5.195000e+02 3.342000e+02
5.205000e+02 3.378000e+02
5.215000e+02 3.414000e+02
5.225000e+02 3.438000e+02
5.235000e+02 3.468000e+02
5.245000e+02 3.498000e+02
5.255000e+02 3.522000e+02
5.260000e+02 3.534000e+02
5.260000e+02 3.546000e+02
5.265000e+02 3.558000e+02
5.270000e+02 3.564000e+02
5.270000e+02 3.570000e+02
5.270000e+02 3.576000e+02
5.270000e+02 3.576000e+02
5.275000e+02 3.576000e+02
5.275000e+02 3.582000e+02
5.275000e+02 3.582000e+02
5.275000e+02 3.582000e+02
9.750000e+01 3.786000e+02
9.750000e+01 3.786000e+02
9.750000e+01 3.786000e+02
9.725000e+01 3.786000e+02
9.700000e+01 3.786000e+02
9.700000e+01 3.783000e+02
9.700000e+01 3.780000e+02
9.700000e+01 3.780000e+02
9.700000e+01 3.780000e+02
9.700000e+01 3.777000e+02
9.700000e+01 3.774000e+02
9.700000e+01 3.774000e+02
9.700000e+01 3.774000e+02
9.725000e+01 3.771000e+02
9.750000e+01 3.768000e+02
9.800000e+01 3.759000e+02
9.850000e+01 3.750000e+02
9.950000e+01 3.732000e+02
1.005000e+02 3.714000e+02
1.025000e+02 3.687000e+02
1.045000e+02 3.660000e+02
1.067500e+02 3.630000e+02
1.090000e+02 3.600000e+02
1.115000e+02 3.570000e+02
1.140000e+02 3.540000e+02
1.172500e+02 3.501000e+02
1.205000e+02 3.462000e+02
1.235000e+02 3.429000e+02
1.265000e+02 3.396000e+02
1.310000e+02 3.339000e+02
1.355000e+02 3.282000e+02
1.372500e+02 3.261000e+02
1.390000e+02 3.240000e+02
1.427500e+02 3.198000e+02
1.465000e+02 3.156000e+02
1.505000e+02 3.111000e+02
1.545000e+02 3.066000e+02
1.607500e+02 2.994000e+02
1.670000e+02 2.922000e+02
1.692500e+02 2.895000e+02
1.715000e+02 2.868000e+02
1.785000e+02 2.790000e+02
1.855000e+02 2.712000e+02
1.900000e+02 2.661000e+02
1.945000e+02 2.610000e+02
1.997500e+02 2.553000e+02
2.050000e+02 2.496000e+02
2.095000e+02 2.448000e+02
2.140000e+02 2.400000e+02
2.185000e+02 2.352000e+02
2.230000e+02 2.304000e+02
2.280000e+02 2.256000e+02
2.330000e+02 2.208000e+02
2.380000e+02 2.154000e+02
2.430000e+02 2.100000e+02
2.485000e+02 2.046000e+02
2.540000e+02 1.992000e+02
2.587500e+02 1.944000e+02
2.635000e+02 1.896000e+02
2.685000e+02 1.845000e+02
2.735000e+02 1.794000e+02
2.807500e+02 1.722000e+02
2.880000e+02 1.650000e+02
2.950000e+02 1.578000e+02
3.020000e+02 1.506000e+02
3.062500e+02 1.467000e+02
3.105000e+02 1.428000e+02
3.165000e+02 1.362000e+02
3.225000e+02 1.296000e+02
3.265000e+02 1.257000e+02
3.305000e+02 1.218000e+02
3.325000e+02 1.197000e+02
3.345000e+02 1.176000e+02
3.385000e+02 1.137000e+02
3.425000e+02 1.098000e+02
3.475000e+02 1.044000e+02
3.525000e+02 9.900000e+01
3.557500e+02 9.570000e+01
3.590000e+02 9.240000e+01
3.620000e+02 8.910000e+01
3.650000e+02 8.580000e+01
3.677500e+02 8.310000e+01
3.705000e+02 8.040000e+01
3.730000e+02 7.770000e+01
3.755000e+02 7.500000e+01
3.777500e+02 7.260000e+01
3.800000e+02 7.020000e+01
3.817500e+02 6.810000e+01
3.835000e+02 6.600000e+01
3.850000e+02 6.420000e+01
3.865000e+02 6.240000e+01
3.877500e+02 6.090000e+01
3.890000e+02 5.940000e+01
3.902500e+02 5.820000e+01
3.915000e+02 5.700000e+01
3.922500e+02 5.580000e+01
3.930000e+02 5.460000e+01
3.937500e+02 5.370000e+01
3.945000e+02 5.280000e+01
3.952500e+02 5.220000e+01
3.960000e+02 5.160000e+01
3.962500e+02 5.100000e+01
3.965000e+02 5.040000e+01
3.967500e+02 5.010000e+01
3.970000e+02 4.980000e+01
3.972500e+02 4.950000e+01
3.975000e+02 4.920000e+01
3.977500e+02 4.920000e+01
3.980000e+02 4.920000e+01
3.980000e+02 4.890000e+01
3.980000e+02 4.860000e+01
3.982500e+02 4.860000e+01
3.985000e+02 4.860000e+01
3.985000e+02 4.860000e+01
3.985000e+02 4.860000e+01
3.985000e+02 4.890000e+01
3.985000e+02 4.920000e+01
3.985000e+02 4.920000e+01
3.985000e+02 4.920000e+01
3.987500e+02 4.980000e+01
3.990000e+02 5.040000e+01
3.992500e+02 5.130000e+01
3.995000e+02 5.220000e+01
3.997500e+02 5.310000e+01
4.000000e+02 5.400000e+01
4.002500e+02 5.520000e+01
4.005000e+02 5.640000e+01
4.010000e+02 5.790000e+01
4.015000e+02 5.940000e+01
4.020000e+02 6.090000e+01
4.025000e+02 6.240000e+01
4.032500e+02 6.420000e+01
4.040000e+02 6.600000e+01
4.045000e+02 6.810000e+01
4.050000e+02 7.020000e+01
4.062500e+02 7.320000e+01
4.075000e+02 7.620000e+01
4.090000e+02 7.950000e+01
4.105000e+02 8.280000e+01
4.115000e+02 8.520000e+01
4.125000e+02 8.760000e+01
4.142500e+02 9.120000e+01
4.160000e+02 9.480000e+01
4.175000e+02 9.750000e+01
4.190000e+02 1.002000e+02
4.212500e+02 1.038000e+02
4.235000e+02 1.074000e+02
4.260000e+02 1.116000e+02
4.285000e+02 1.158000e+02
4.302500e+02 1.185000e+02
4.320000e+02 1.212000e+02
4.360000e+02 1.272000e+02
4.390000e+02 1.326000e+02
4.430000e+02 1.380000e+02
4.465000e+02 1.440000e+02
4.500000e+02 1.500000e+02
4.535000e+02 1.566000e+02
4.570000e+02 1.626000e+02
4.605000e+02 1.698000e+02
4.635000e+02 1.770000e+02
4.670000e+02 1.848000e+02
4.700000e+02 1.920000e+02
4.730000e+02 1.998000e+02
4.755000e+02 2.076000e+02
4.795000e+02 2.196000e+02
4.830000e+02 2.310000e+02
4.855000e+02 2.382000e+02
4.875000e+02 2.454000e+02
4.910000e+02 2.562000e+02
4.930000e+02 2.628000e+02
4.950000e+02 2.694000e+02
4.970000e+02 2.754000e+02
4.995000e+02 2.820000e+02
5.015000e+02 2.874000e+02
5.035000e+02 2.934000e+02
5.060000e+02 2.994000e+02
5.080000e+02 3.048000e+02
5.105000e+02 3.102000e+02
5.120000e+02 3.150000e+02
5.140000e+02 3.198000e+02
5.165000e+02 3.264000e+02
5.180000e+02 3.306000e+02
5.195000e+02 3.342000e+02
5.205000e+02 3.378000e+02
5.215000e+02 3.414000e+02
5.225000e+02 3.438000e+02
5.235000e+02 3.468000e+02
5.245000e+02 3.498000e+02
5.255000e+02 3.522000e+02
5.260000e+02 3.534000e+02
5.260000e+02 3.546000e+02
5.265000e+02 3.558000e+02
5.270000e+02 3.564000e+02
5.270000e+02 3.570000e+02
5.270000e+02 3.576000e+02
5.270000e+02 3.576000e+02
5.275000e+02 3.576000e+02
5.275000e+02 3.582000e+02
5.275000e+02 3.582000e+02
5.275000e+02 3.582000e+02
