3.135000e+02 6.480000e+01
3.135000e+02 6.480000e+01
3.135000e+02 6.480000e+01
3.135000e+02 6.480000e+01
3.135000e+02 6.480000e+01
3.135000e+02 6.480000e+01
3.135000e+02 6.480000e+01
3.135000e+02 6.480000e+01
3.135000e+02 6.480000e+01
3.135000e+02 6.495000e+01
3.135000e+02 6.510000e+01
3.135000e+02 6.525000e+01
3.135000e+02 6.540000e+01
3.135000e+02 6.540000e+01
3.135000e+02 6.540000e+01
3.135000e+02 6.540000e+01
3.135000e+02 6.540000e+01
3.135000e+02 6.600000e+01
3.135000e+02 6.660000e+01
3.135000e+02 6.720000e+01
3.135000e+02 6.780000e+01
3.136250e+02 6.975000e+01
3.137500e+02 7.170000e+01
3.138750e+02 7.365000e+01
3.140000e+02 7.560000e+01
3.140000e+02 7.725000e+01
3.140000e+02 7.890000e+01
3.140000e+02 8.055000e+01
3.140000e+02 8.220000e+01
3.140000e+02 8.370000e+01
3.140000e+02 8.520000e+01
3.140000e+02 8.670000e+01
3.140000e+02 8.820000e+01
3.140000e+02 9.015000e+01
3.140000e+02 9.210000e+01
3.140000e+02 9.405000e+01
3.140000e+02 9.600000e+01
3.140000e+02 9.765000e+01
3.140000e+02 9.930000e+01
3.140000e+02 1.009500e+02
3.140000e+02 1.026000e+02
3.140000e+02 1.044000e+02
3.140000e+02 1.062000e+02
3.140000e+02 1.080000e+02
3.140000e+02 1.098000e+02
3.138750e+02 1.114500e+02
3.137500e+02 1.131000e+02
3.136250e+02 1.147500e+02
3.135000e+02 1.164000e+02
3.135000e+02 1.183500e+02
3.135000e+02 1.203000e+02
3.135000e+02 1.222500e+02
3.135000e+02 1.242000e+02
3.133750e+02 1.261500e+02
3.132500e+02 1.281000e+02
3.131250e+02 1.300500e+02
3.130000e+02 1.320000e+02
3.128750e+02 1.341000e+02
3.127500e+02 1.362000e+02
3.126250e+02 1.383000e+02
3.125000e+02 1.404000e+02
3.125000e+02 1.423500e+02
3.125000e+02 1.443000e+02
3.125000e+02 1.462500e+02
3.125000e+02 1.482000e+02
3.122500e+02 1.506000e+02
3.120000e+02 1.530000e+02
3.117500e+02 1.554000e+02
3.115000e+02 1.578000e+02
3.113750e+02 1.600500e+02
3.112500e+02 1.623000e+02
3.111250e+02 1.645500e+02
3.110000e+02 1.668000e+02
3.108750e+02 1.693500e+02
3.107500e+02 1.719000e+02
3.106250e+02 1.744500e+02
3.105000e+02 1.770000e+02
3.103750e+02 1.806000e+02
3.102500e+02 1.842000e+02
3.101250e+02 1.878000e+02
3.100000e+02 1.914000e+02
3.100000e+02 1.923000e+02
3.100000e+02 1.932000e+02
3.100000e+02 1.941000e+02
3.100000e+02 1.950000e+02
3.098750e+02 1.983000e+02
3.097500e+02 2.016000e+02
3.096250e+02 2.049000e+02
3.095000e+02 2.082000e+02
3.093750e+02 2.101500e+02
3.092500e+02 2.121000e+02
3.091250e+02 2.140500e+02
3.090000e+02 2.160000e+02
3.090000e+02 2.181000e+02
3.090000e+02 2.202000e+02
3.090000e+02 2.223000e+02
3.090000e+02 2.244000e+02
3.090000e+02 2.265000e+02
3.090000e+02 2.286000e+02
3.090000e+02 2.307000e+02
3.090000e+02 2.328000e+02
3.088750e+02 2.346000e+02
3.087500e+02 2.364000e+02
3.086250e+02 2.382000e+02
3.085000e+02 2.400000e+02
3.085000e+02 2.421000e+02
3.085000e+02 2.442000e+02
3.085000e+02 2.463000e+02
3.085000e+02 2.484000e+02
3.083750e+02 2.500500e+02
3.082500e+02 2.517000e+02
3.081250e+02 2.533500e+02
3.080000e+02 2.550000e+02
3.078750e+02 2.571000e+02
3.077500e+02 2.592000e+02
3.076250e+02 2.613000e+02
3.075000e+02 2.634000e+02
3.073750e+02 2.652000e+02
3.072500e+02 2.670000e+02
3.071250e+02 2.688000e+02
3.070000e+02 2.706000e+02
3.068750e+02 2.733000e+02
3.067500e+02 2.760000e+02
3.066250e+02 2.787000e+02
3.065000e+02 2.814000e+02
3.063750e+02 2.830500e+02
3.062500e+02 2.847000e+02
3.061250e+02 2.863500e+02
3.060000e+02 2.880000e+02
3.057500e+02 2.898000e+02
3.055000e+02 2.916000e+02
3.052500e+02 2.934000e+02
3.050000e+02 2.952000e+02
3.048750e+02 2.965500e+02
3.047500e+02 2.979000e+02
3.046250e+02 2.992500e+02
3.045000e+02 3.006000e+02
3.043750e+02 3.021000e+02
3.042500e+02 3.036000e+02
3.041250e+02 3.051000e+02
3.040000e+02 3.066000e+02
3.038750e+02 3.081000e+02
3.037500e+02 3.096000e+02
3.036250e+02 3.111000e+02
3.035000e+02 3.126000e+02
3.033750e+02 3.138000e+02
3.032500e+02 3.150000e+02
3.031250e+02 3.162000e+02
3.030000e+02 3.174000e+02
3.028750e+02 3.187500e+02
3.027500e+02 3.201000e+02
3.026250e+02 3.214500e+02
3.025000e+02 3.228000e+02
3.023750e+02 3.241500e+02
3.022500e+02 3.255000e+02
3.021250e+02 3.268500e+02
3.020000e+02 3.282000e+02
3.020000e+02 3.292500e+02
3.020000e+02 3.303000e+02
3.020000e+02 3.313500e+02
3.020000e+02 3.324000e+02
3.018750e+02 3.334500e+02
3.017500e+02 3.345000e+02
3.016250e+02 3.355500e+02
3.015000e+02 3.366000e+02
3.015000e+02 3.376500e+02
3.015000e+02 3.387000e+02
3.015000e+02 3.397500e+02
3.015000e+02 3.408000e+02
3.013750e+02 3.418500e+02
3.012500e+02 3.429000e+02
3.010000e+02 3.450000e+02
3.010000e+02 3.465000e+02
3.010000e+02 3.480000e+02
3.010000e+02 3.498000e+02
3.010000e+02 3.516000e+02
3.007500e+02 3.543000e+02
3.005000e+02 3.570000e+02
3.005000e+02 3.579000e+02
3.005000e+02 3.588000e+02
3.002500e+02 3.606000e+02
3.000000e+02 3.624000e+02
3.000000e+02 3.651000e+02
3.000000e+02 3.678000e+02
2.997500e+02 3.696000e+02
2.995000e+02 3.714000e+02
2.995000e+02 3.729000e+02
2.995000e+02 3.744000e+02
2.995000e+02 3.759000e+02
2.995000e+02 3.774000e+02
2.995000e+02 3.786000e+02
2.995000e+02 3.798000e+02
2.992500e+02 3.810000e+02
2.990000e+02 3.822000e+02
2.990000e+02 3.843000e+02
2.990000e+02 3.864000e+02
2.987500e+02 3.912000e+02
2.985000e+02 3.960000e+02
2.985000e+02 3.960000e+02
2.985000e+02 3.960000e+02
3.135000e+02 6.480000e+01
3.135000e+02 6.480000e+01
3.135000e+02 6.480000e+01
3.135000e+02 6.480000e+01
3.135000e+02 6.480000e+01
3.135000e+02 6.480000e+01
3.135000e+02 6.480000e+01
3.135000e+02 6.480000e+01
3.135000e+02 6.480000e+01
3.135000e+02 6.495000e+01
3.135000e+02 6.510000e+01
3.135000e+02 6.525000e+01
3.135000e+02 6.540000e+01
3.135000e+02 6.540000e+01
3.135000e+02 6.540000e+01
3.135000e+02 6.540000e+01
3.135000e+02 6.540000e+01
3.135000e+02 6.600000e+01
3.135000e+02 6.660000e+01
3.135000e+02 6.720000e+01
3.135000e+02 6.780000e+01
3.136250e+02 6.975000e+01
3.137500e+02 7.170000e+01
3.138750e+02 7.365000e+01
3.140000e+02 7.560000e+01
3.140000e+02 7.725000e+01
3.140000e+02 7.890000e+01
3.140000e+02 8.055000e+01
3.140000e+02 8.220000e+01
3.140000e+02 8.370000e+01
3.140000e+02 8.520000e+01
3.140000e+02 8.670000e+01
3.140000e+02 8.820000e+01
3.140000e+02 9.015000e+01
3.140000e+02 9.210000e+01
3.140000e+02 9.405000e+01
3.140000e+02 9.600000e+01
3.140000e+02 9.765000e+01
3.140000e+02 9.930000e+01
3.140000e+02 1.009500e+02
3.140000e+02 1.026000e+02
3.140000e+02 1.044000e+02
3.140000e+02 1.062000e+02
3.140000e+02 1.080000e+02
3.140000e+02 1.098000e+02
3.138750e+02 1.114500e+02
3.137500e+02 1.131000e+02
3.136250e+02 1.147500e+02
3.135000e+02 1.164000e+02
3.135000e+02 1.183500e+02
3.135000e+02 1.203000e+02
3.135000e+02 1.222500e+02
3.135000e+02 1.242000e+02
3.133750e+02 1.261500e+02
3.132500e+02 1.281000e+02
3.131250e+02 1.300500e+02
3.130000e+02 1.320000e+02
3.128750e+02 1.341000e+02
3.127500e+02 1.362000e+02
3.126250e+02 1.383000e+02
3.125000e+02 1.404000e+02
3.125000e+02 1.423500e+02
3.125000e+02 1.443000e+02
3.125000e+02 1.462500e+02
3.125000e+02 1.482000e+02
3.122500e+02 1.506000e+02
3.120000e+02 1.530000e+02
3.117500e+02 1.554000e+02
3.115000e+02 1.578000e+02
3.113750e+02 1.600500e+02
3.112500e+02 1.623000e+02
3.111250e+02 1.645500e+02
3.110000e+02 1.668000e+02
3.108750e+02 1.693500e+02
3.107500e+02 1.719000e+02
3.106250e+02 1.744500e+02
3.105000e+02 1.770000e+02
3.103750e+02 1.806000e+02
3.102500e+02 1.842000e+02
3.101250e+02 1.878000e+02
3.100000e+02 1.914000e+02
3.100000e+02 1.923000e+02
3.100000e+02 1.932000e+02
3.100000e+02 1.941000e+02
3.100000e+02 1.950000e+02
3.098750e+02 1.983000e+02
3.097500e+02 2.016000e+02
3.096250e+02 2.049000e+02
3.095000e+02 2.082000e+02
3.093750e+02 2.101500e+02
3.092500e+02 2.121000e+02
3.091250e+02 2.140500e+02
3.090000e+02 2.160000e+02
3.090000e+02 2.181000e+02
3.090000e+02 2.202000e+02
3.090000e+02 2.223000e+02
3.090000e+02 2.244000e+02
3.090000e+02 2.265000e+02
3.090000e+02 2.286000e+02
3.090000e+02 2.307000e+02
3.090000e+02 2.328000e+02
3.088750e+02 2.346000e+02
3.087500e+02 2.364000e+02
3.086250e+02 2.382000e+02
3.085000e+02 2.400000e+02
3.085000e+02 2.421000e+02
3.085000e+02 2.442000e+02
3.085000e+02 2.463000e+02
3.085000e+02 2.484000e+02
3.083750e+02 2.500500e+02
3.082500e+02 2.517000e+02
3.081250e+02 2.533500e+02
3.080000e+02 2.550000e+02
3.078750e+02 2.571000e+02
3.077500e+02 2.592000e+02
3.076250e+02 2.613000e+02
3.075000e+02 2.634000e+02
3.073750e+02 2.652000e+02
3.072500e+02 2.670000e+02
3.071250e+02 2.688000e+02
3.070000e+02 2.706000e+02
3.068750e+02 2.733000e+02
3.067500e+02 2.760000e+02
3.066250e+02 2.787000e+02
3.065000e+02 2.814000e+02
3.063750e+02 2.830500e+02
3.062500e+02 2.847000e+02
3.061250e+02 2.863500e+02
3.060000e+02 2.880000e+02
3.057500e+02 2.898000e+02
3.055000e+02 2.916000e+02
3.052500e+02 2.934000e+02
3.050000e+02 2.952000e+02
3.048750e+02 2.965500e+02
3.047500e+02 2.979000e+02
3.046250e+02 2.992500e+02
3.045000e+02 3.006000e+02
3.043750e+02 3.021000e+02
3.042500e+02 3.036000e+02
3.041250e+02 3.051000e+02
3.040000e+02 3.066000e+02
3.038750e+02 3.081000e+02
3.037500e+02 3.096000e+02
3.036250e+02 3.111000e+02
3.035000e+02 3.126000e+02
3.033750e+02 3.138000e+02
3.032500e+02 3.150000e+02
3.031250e+02 3.162000e+02
3.030000e+02 3.174000e+02
3.028750e+02 3.187500e+02
3.027500e+02 3.201000e+02
3.026250e+02 3.214500e+02
3.025000e+02 3.228000e+02
3.023750e+02 3.241500e+02
3.022500e+02 3.255000e+02
3.021250e+02 3.268500e+02
3.020000e+02 3.282000e+02
3.020000e+02 3.292500e+02
3.020000e+02 3.303000e+02
3.020000e+02 3.313500e+02
3.020000e+02 3.324000e+02
3.018750e+02 3.334500e+02
3.017500e+02 3.345000e+02
3.016250e+02 3.355500e+02
3.015000e+02 3.366000e+02
3.015000e+02 3.376500e+02
3.015000e+02 3.387000e+02
3.015000e+02 3.397500e+02
3.015000e+02 3.408000e+02
3.013750e+02 3.418500e+02
3.012500e+02 3.429000e+02
3.010000e+02 3.450000e+02
3.010000e+02 3.465000e+02
3.010000e+02 3.480000e+02
3.010000e+02 3.498000e+02
3.010000e+02 3.516000e+02
3.007500e+02 3.543000e+02
3.005000e+02 3.570000e+02
3.005000e+02 3.579000e+02
3.005000e+02 3.588000e+02
3.002500e+02 3.606000e+02
3.000000e+02 3.624000e+02
3.000000e+02 3.651000e+02
3.000000e+02 3.678000e+02
2.997500e+02 3.696000e+02
2.995000e+02 3.714000e+02
2.995000e+02 3.729000e+02
2.995000e+02 3.744000e+02
2.995000e+02 3.759000e+02
2.995000e+02 3.774000e+02
2.995000e+02 3.786000e+02
2.995000e+02 3.798000e+02
2.992500e+02 3.810000e+02
2.990000e+02 3.822000e+02
2.990000e+02 3.843000e+02
2.990000e+02 3.864000e+02
2.987500e+02 3.912000e+02
2.985000e+02 3.960000e+02
2.985000e+02 3.960000e+02
2.985000e+02 3.960000e+02
3.135000e+02 6.480000e+01
3.135000e+02 6.480000e+01
3.135000e+02 6.480000e+01
3.135000e+02 6.480000e+01
3.135000e+02 6.480000e+01
3.135000e+02 6.480000e+01
3.135000e+02 6.480000e+01
3.135000e+02 6.480000e+01
3.135000e+02 6.480000e+01
3.135000e+02 6.495000e+01
3.135000e+02 6.510000e+01
3.135000e+02 6.525000e+01
3.135000e+02 6.540000e+01
3.135000e+02 6.540000e+01
3.135000e+02 6.540000e+01
3.135000e+02 6.540000e+01
3.135000e+02 6.540000e+01
3.135000e+02 6.600000e+01
3.135000e+02 6.660000e+01
3.135000e+02 6.720000e+01
3.135000e+02 6.780000e+01
3.136250e+02 6.975000e+01
3.137500e+02 7.170000e+01
3.138750e+02 7.365000e+01
3.140000e+02 7.560000e+01
3.140000e+02 7.725000e+01
3.140000e+02 7.890000e+01
3.140000e+02 8.055000e+01
3.140000e+02 8.220000e+01
3.140000e+02 8.370000e+01
3.140000e+02 8.520000e+01
3.140000e+02 8.670000e+01
3.140000e+02 8.820000e+01
3.140000e+02 9.015000e+01
3.140000e+02 9.210000e+01
3.140000e+02 9.405000e+01
3.140000e+02 9.600000e+01
3.140000e+02 9.765000e+01
3.140000e+02 9.930000e+01
3.140000e+02 1.009500e+02
3.140000e+02 1.026000e+02
3.140000e+02 1.044000e+02
3.140000e+02 1.062000e+02
3.140000e+02 1.080000e+02
3.140000e+02 1.098000e+02
3.138750e+02 1.114500e+02
3.137500e+02 1.131000e+02
3.136250e+02 1.147500e+02
3.135000e+02 1.164000e+02
3.135000e+02 1.183500e+02
3.135000e+02 1.203000e+02
3.135000e+02 1.222500e+02
3.135000e+02 1.242000e+02
3.133750e+02 1.261500e+02
3.132500e+02 1.281000e+02
3.131250e+02 1.300500e+02
3.130000e+02 1.320000e+02
3.128750e+02 1.341000e+02
3.127500e+02 1.362000e+02
3.126250e+02 1.383000e+02
3.125000e+02 1.404000e+02
3.125000e+02 1.423500e+02
3.125000e+02 1.443000e+02
3.125000e+02 1.462500e+02
3.125000e+02 1.482000e+02
3.122500e+02 1.506000e+02
3.120000e+02 1.530000e+02
3.117500e+02 1.554000e+02
3.115000e+02 1.578000e+02
3.113750e+02 1.600500e+02
3.112500e+02 1.623000e+02
3.111250e+02 1.645500e+02
3.110000e+02 1.668000e+02
3.108750e+02 1.693500e+02
3.107500e+02 1.719000e+02
3.106250e+02 1.744500e+02
3.105000e+02 1.770000e+02
3.103750e+02 1.806000e+02
3.102500e+02 1.842000e+02
3.101250e+02 1.878000e+02
3.100000e+02 1.914000e+02
3.100000e+02 1.923000e+02
3.100000e+02 1.932000e+02
3.100000e+02 1.941000e+02
3.100000e+02 1.950000e+02
3.098750e+02 1.983000e+02
3.097500e+02 2.016000e+02
3.096250e+02 2.049000e+02
3.095000e+02 2.082000e+02
3.093750e+02 2.101500e+02
3.092500e+02 2.121000e+02
3.091250e+02 2.140500e+02
3.090000e+02 2.160000e+02
3.090000e+02 2.181000e+02
3.090000e+02 2.202000e+02
3.090000e+02 2.223000e+02
3.090000e+02 2.244000e+02
3.090000e+02 2.265000e+02
3.090000e+02 2.286000e+02
3.090000e+02 2.307000e+02
3.090000e+02 2.328000e+02
3.088750e+02 2.346000e+02
3.087500e+02 2.364000e+02
3.086250e+02 2.382000e+02
3.085000e+02 2.400000e+02
3.085000e+02 2.421000e+02
3.085000e+02 2.442000e+02
3.085000e+02 2.463000e+02
3.085000e+02 2.484000e+02
3.083750e+02 2.500500e+02
3.082500e+02 2.517000e+02
3.081250e+02 2.533500e+02
3.080000e+02 2.550000e+02
3.078750e+02 2.571000e+02
3.077500e+02 2.592000e+02
3.076250e+02 2.613000e+02
3.075000e+02 2.634000e+02
3.073750e+02 2.652000e+02
3.072500e+02 2.670000e+02
3.071250e+02 2.688000e+02
3.070000e+02 2.706000e+02
3.068750e+02 2.733000e+02
3.067500e+02 2.760000e+02
3.066250e+02 2.787000e+02
3.065000e+02 2.814000e+02
3.063750e+02 2.830500e+02
3.062500e+02 2.847000e+02
3.061250e+02 2.863500e+02
3.060000e+02 2.880000e+02
3.057500e+02 2.898000e+02
3.055000e+02 2.916000e+02
3.052500e+02 2.934000e+02
3.050000e+02 2.952000e+02
3.048750e+02 2.965500e+02
3.047500e+02 2.979000e+02
3.046250e+02 2.992500e+02
3.045000e+02 3.006000e+02
3.043750e+02 3.021000e+02
3.042500e+02 3.036000e+02
3.041250e+02 3.051000e+02
3.040000e+02 3.066000e+02
3.038750e+02 3.081000e+02
3.037500e+02 3.096000e+02
3.036250e+02 3.111000e+02
3.035000e+02 3.126000e+02
3.033750e+02 3.138000e+02
3.032500e+02 3.150000e+02
3.031250e+02 3.162000e+02
3.030000e+02 3.174000e+02
3.028750e+02 3.187500e+02
3.027500e+02 3.201000e+02
3.026250e+02 3.214500e+02
3.025000e+02 3.228000e+02
3.023750e+02 3.241500e+02
3.022500e+02 3.255000e+02
3.021250e+02 3.268500e+02
3.020000e+02 3.282000e+02
3.020000e+02 3.292500e+02
3.020000e+02 3.303000e+02
3.020000e+02 3.313500e+02
3.020000e+02 3.324000e+02
3.018750e+02 3.334500e+02
3.017500e+02 3.345000e+02
3.016250e+02 3.355500e+02
3.015000e+02 3.366000e+02
3.015000e+02 3.376500e+02
3.015000e+02 3.387000e+02
3.015000e+02 3.397500e+02
3.015000e+02 3.408000e+02
3.013750e+02 3.418500e+02
3.012500e+02 3.429000e+02
3.010000e+02 3.450000e+02
3.010000e+02 3.465000e+02
3.010000e+02 3.480000e+02
3.010000e+02 3.498000e+02
3.010000e+02 3.516000e+02
3.007500e+02 3.543000e+02
3.005000e+02 3.570000e+02
3.005000e+02 3.579000e+02
3.005000e+02 3.588000e+02
3.002500e+02 3.606000e+02
3.000000e+02 3.624000e+02
3.000000e+02 3.651000e+02
3.000000e+02 3.678000e+02
2.997500e+02 3.696000e+02
2.995000e+02 3.714000e+02
2.995000e+02 3.729000e+02
2.995000e+02 3.744000e+02
2.995000e+02 3.759000e+02
2.995000e+02 3.774000e+02
2.995000e+02 3.786000e+02
2.995000e+02 3.798000e+02
2.992500e+02 3.810000e+02
2.990000e+02 3.822000e+02
2.990000e+02 3.843000e+02
2.990000e+02 3.864000e+02
2.987500e+02 3.912000e+02
2.985000e+02 3.960000e+02
2.985000e+02 3.960000e+02
2.985000e+02 3.960000e+02
