2.110000e+02 1.308000e+02
2.110000e+02 1.308000e+02
2.110000e+02 1.308000e+02
2.110000e+02 1.308000e+02
2.110000e+02 1.308000e+02
2.110000e+02 1.308000e+02
2.110000e+02 1.308000e+02
2.110000e+02 1.308000e+02
2.110000e+02 1.308000e+02
2.110000e+02 1.309500e+02
2.110000e+02 1.311000e+02
2.110000e+02 1.312500e+02
2.110000e+02 1.314000e+02
2.108750e+02 1.315500e+02
2.107500e+02 1.317000e+02
2.106250e+02 1.318500e+02
2.105000e+02 1.320000e+02
2.105000e+02 1.323000e+02
2.105000e+02 1.326000e+02
2.105000e+02 1.329000e+02
2.105000e+02 1.332000e+02
2.105000e+02 1.336500e+02
2.105000e+02 1.341000e+02
2.105000e+02 1.345500e+02
2.105000e+02 1.350000e+02
2.103750e+02 1.362000e+02
2.102500e+02 1.374000e+02
2.101250e+02 1.386000e+02
2.100000e+02 1.398000e+02
2.100000e+02 1.407000e+02
2.100000e+02 1.416000e+02
2.100000e+02 1.425000e+02
2.100000e+02 1.434000e+02
2.098750e+02 1.444500e+02
2.097500e+02 1.455000e+02
2.096250e+02 1.465500e+02
2.095000e+02 1.476000e+02
2.093750e+02 1.486500e+02
2.092500e+02 1.497000e+02
2.091250e+02 1.507500e+02
2.090000e+02 1.518000e+02
2.090000e+02 1.531500e+02
2.090000e+02 1.545000e+02
2.090000e+02 1.558500e+02
2.090000e+02 1.572000e+02
2.090000e+02 1.584000e+02
2.090000e+02 1.596000e+02
2.090000e+02 1.608000e+02
2.090000e+02 1.620000e+02
2.088750e+02 1.633500e+02
2.087500e+02 1.647000e+02
2.086250e+02 1.660500e+02
2.085000e+02 1.674000e+02
2.085000e+02 1.687500e+02
2.085000e+02 1.701000e+02
2.085000e+02 1.714500e+02
2.085000e+02 1.728000e+02
2.085000e+02 1.741500e+02
2.085000e+02 1.755000e+02
2.085000e+02 1.768500e+02
2.085000e+02 1.782000e+02
2.086250e+02 1.795500e+02
2.087500e+02 1.809000e+02
2.088750e+02 1.822500e+02
2.090000e+02 1.836000e+02
2.090000e+02 1.849500e+02
2.090000e+02 1.863000e+02
2.090000e+02 1.876500e+02
2.090000e+02 1.890000e+02
2.090000e+02 1.900500e+02
2.090000e+02 1.911000e+02
2.090000e+02 1.921500e+02
2.090000e+02 1.932000e+02
2.091250e+02 1.944000e+02
2.092500e+02 1.956000e+02
2.093750e+02 1.968000e+02
2.095000e+02 1.980000e+02
2.096250e+02 1.990500e+02
2.097500e+02 2.001000e+02
2.098750e+02 2.011500e+02
2.100000e+02 2.022000e+02
2.101250e+02 2.035500e+02
2.102500e+02 2.049000e+02
2.105000e+02 2.076000e+02
2.105000e+02 2.088000e+02
2.105000e+02 2.100000e+02
2.107500e+02 2.112000e+02
2.110000e+02 2.124000e+02
2.110000e+02 2.133000e+02
2.110000e+02 2.142000e+02
2.112500e+02 2.148000e+02
2.115000e+02 2.154000e+02
2.115000e+02 2.160000e+02
2.115000e+02 2.166000e+02
2.115000e+02 2.172000e+02
2.115000e+02 2.178000e+02
2.117500e+02 2.181000e+02
2.120000e+02 2.184000e+02
2.120000e+02 2.184000e+02
2.120000e+02 2.184000e+02
2.120000e+02 2.187000e+02
2.120000e+02 2.190000e+02
2.120000e+02 2.190000e+02
2.120000e+02 2.190000e+02
2.122500e+02 2.193000e+02
2.125000e+02 2.196000e+02
2.127500e+02 2.193000e+02
2.130000e+02 2.190000e+02
2.145000e+02 2.184000e+02
2.160000e+02 2.178000e+02
2.192500e+02 2.160000e+02
2.225000e+02 2.142000e+02
2.265000e+02 2.118000e+02
2.305000e+02 2.094000e+02
2.347500e+02 2.070000e+02
2.390000e+02 2.046000e+02
2.435000e+02 2.025000e+02
2.480000e+02 2.004000e+02
2.530000e+02 1.977000e+02
2.580000e+02 1.950000e+02
2.630000e+02 1.923000e+02
2.680000e+02 1.896000e+02
2.727500e+02 1.872000e+02
2.775000e+02 1.848000e+02
2.825000e+02 1.821000e+02
2.875000e+02 1.794000e+02
2.927500e+02 1.773000e+02
2.980000e+02 1.752000e+02
3.037500e+02 1.728000e+02
3.095000e+02 1.704000e+02
3.162500e+02 1.674000e+02
3.230000e+02 1.644000e+02
3.290000e+02 1.620000e+02
3.350000e+02 1.596000e+02
3.412500e+02 1.575000e+02
3.475000e+02 1.554000e+02
3.567500e+02 1.524000e+02
3.660000e+02 1.494000e+02
3.717500e+02 1.476000e+02
3.775000e+02 1.458000e+02
3.837500e+02 1.440000e+02
3.900000e+02 1.422000e+02
3.955000e+02 1.407000e+02
4.010000e+02 1.392000e+02
4.067500e+02 1.377000e+02
4.125000e+02 1.362000e+02
4.182500e+02 1.347000e+02
4.240000e+02 1.332000e+02
4.297500e+02 1.317000e+02
4.355000e+02 1.302000e+02
4.417500e+02 1.290000e+02
4.480000e+02 1.278000e+02
4.532500e+02 1.266000e+02
4.585000e+02 1.254000e+02
4.637500e+02 1.245000e+02
4.690000e+02 1.236000e+02
4.735000e+02 1.227000e+02
4.780000e+02 1.218000e+02
4.820000e+02 1.212000e+02
4.860000e+02 1.206000e+02
4.897500e+02 1.200000e+02
4.935000e+02 1.194000e+02
4.980000e+02 1.185000e+02
5.025000e+02 1.176000e+02
5.057500e+02 1.173000e+02
5.090000e+02 1.170000e+02
5.112500e+02 1.164000e+02
5.135000e+02 1.158000e+02
5.147500e+02 1.155000e+02
5.160000e+02 1.152000e+02
5.167500e+02 1.152000e+02
5.175000e+02 1.152000e+02
5.180000e+02 1.152000e+02
5.185000e+02 1.152000e+02
5.187500e+02 1.149000e+02
5.190000e+02 1.146000e+02
5.192500e+02 1.146000e+02
5.195000e+02 1.146000e+02
5.197500e+02 1.146000e+02
5.200000e+02 1.146000e+02
5.202500e+02 1.146000e+02
5.205000e+02 1.146000e+02
5.205000e+02 1.146000e+02
5.205000e+02 1.146000e+02
5.205000e+02 1.146000e+02
5.205000e+02 1.146000e+02
5.205000e+02 1.146000e+02
5.205000e+02 1.146000e+02
5.207500e+02 1.149000e+02
5.210000e+02 1.152000e+02
5.210000e+02 1.152000e+02
5.210000e+02 1.152000e+02
5.210000e+02 1.152000e+02
5.210000e+02 1.152000e+02
5.210000e+02 1.152000e+02
5.210000e+02 1.152000e+02
5.210000e+02 1.152000e+02
5.210000e+02 1.152000e+02
5.210000e+02 1.152000e+02
5.210000e+02 1.152000e+02
2.110000e+02 1.308000e+02
2.110000e+02 1.308000e+02
2.110000e+02 1.308000e+02
2.110000e+02 1.308000e+02
2.110000e+02 1.308000e+02
2.110000e+02 1.308000e+02
2.110000e+02 1.308000e+02
2.110000e+02 1.308000e+02
2.110000e+02 1.308000e+02
2.110000e+02 1.309500e+02
2.110000e+02 1.311000e+02
2.110000e+02 1.312500e+02
2.110000e+02 1.314000e+02
2.108750e+02 1.315500e+02
2.107500e+02 1.317000e+02
2.106250e+02 1.318500e+02
2.105000e+02 1.320000e+02
2.105000e+02 1.323000e+02
2.105000e+02 1.326000e+02
2.105000e+02 1.329000e+02
2.105000e+02 1.332000e+02
2.105000e+02 1.336500e+02
2.105000e+02 1.341000e+02
2.105000e+02 1.345500e+02
2.105000e+02 1.350000e+02
2.103750e+02 1.362000e+02
2.102500e+02 1.374000e+02
2.101250e+02 1.386000e+02
2.100000e+02 1.398000e+02
2.100000e+02 1.407000e+02
2.100000e+02 1.416000e+02
2.100000e+02 1.425000e+02
2.100000e+02 1.434000e+02
2.098750e+02 1.444500e+02
2.097500e+02 1.455000e+02
2.096250e+02 1.465500e+02
2.095000e+02 1.476000e+02
2.093750e+02 1.486500e+02
2.092500e+02 1.497000e+02
2.091250e+02 1.507500e+02
2.090000e+02 1.518000e+02
2.090000e+02 1.531500e+02
2.090000e+02 1.545000e+02
2.090000e+02 1.558500e+02
2.090000e+02 1.572000e+02
2.090000e+02 1.584000e+02
2.090000e+02 1.596000e+02
2.090000e+02 1.608000e+02
2.090000e+02 1.620000e+02
2.088750e+02 1.633500e+02
2.087500e+02 1.647000e+02
2.086250e+02 1.660500e+02
2.085000e+02 1.674000e+02
2.085000e+02 1.687500e+02
2.085000e+02 1.701000e+02
2.085000e+02 1.714500e+02
2.085000e+02 1.728000e+02
2.085000e+02 1.741500e+02
2.085000e+02 1.755000e+02
2.085000e+02 1.768500e+02
2.085000e+02 1.782000e+02
2.086250e+02 1.795500e+02
2.087500e+02 1.809000e+02
2.088750e+02 1.822500e+02
2.090000e+02 1.836000e+02
2.090000e+02 1.849500e+02
2.090000e+02 1.863000e+02
2.090000e+02 1.876500e+02
2.090000e+02 1.890000e+02
2.090000e+02 1.900500e+02
2.090000e+02 1.911000e+02
2.090000e+02 1.921500e+02
2.090000e+02 1.932000e+02
2.091250e+02 1.944000e+02
2.092500e+02 1.956000e+02
2.093750e+02 1.968000e+02
2.095000e+02 1.980000e+02
2.096250e+02 1.990500e+02
2.097500e+02 2.001000e+02
2.098750e+02 2.011500e+02
2.100000e+02 2.022000e+02
2.101250e+02 2.035500e+02
2.102500e+02 2.049000e+02
2.105000e+02 2.076000e+02
2.105000e+02 2.088000e+02
2.105000e+02 2.100000e+02
2.107500e+02 2.112000e+02
2.110000e+02 2.124000e+02
2.110000e+02 2.133000e+02
2.110000e+02 2.142000e+02
2.112500e+02 2.148000e+02
2.115000e+02 2.154000e+02
2.115000e+02 2.160000e+02
2.115000e+02 2.166000e+02
2.115000e+02 2.172000e+02
2.115000e+02 2.178000e+02
2.117500e+02 2.181000e+02
2.120000e+02 2.184000e+02
2.120000e+02 2.184000e+02
2.120000e+02 2.184000e+02
2.120000e+02 2.187000e+02
2.120000e+02 2.190000e+02
2.120000e+02 2.190000e+02
2.120000e+02 2.190000e+02
2.122500e+02 2.193000e+02
2.125000e+02 2.196000e+02
2.127500e+02 2.193000e+02
2.130000e+02 2.190000e+02
2.145000e+02 2.184000e+02
2.160000e+02 2.178000e+02
2.192500e+02 2.160000e+02
2.225000e+02 2.142000e+02
2.265000e+02 2.118000e+02
2.305000e+02 2.094000e+02
2.347500e+02 2.070000e+02
2.390000e+02 2.046000e+02
2.435000e+02 2.025000e+02
2.480000e+02 2.004000e+02
2.530000e+02 1.977000e+02
2.580000e+02 1.950000e+02
2.630000e+02 1.923000e+02
2.680000e+02 1.896000e+02
2.727500e+02 1.872000e+02
2.775000e+02 1.848000e+02
2.825000e+02 1.821000e+02
2.875000e+02 1.794000e+02
2.927500e+02 1.773000e+02
2.980000e+02 1.752000e+02
3.037500e+02 1.728000e+02
3.095000e+02 1.704000e+02
3.162500e+02 1.674000e+02
3.230000e+02 1.644000e+02
3.290000e+02 1.620000e+02
3.350000e+02 1.596000e+02
3.412500e+02 1.575000e+02
3.475000e+02 1.554000e+02
3.567500e+02 1.524000e+02
3.660000e+02 1.494000e+02
3.717500e+02 1.476000e+02
3.775000e+02 1.458000e+02
3.837500e+02 1.440000e+02
3.900000e+02 1.422000e+02
3.955000e+02 1.407000e+02
4.010000e+02 1.392000e+02
4.067500e+02 1.377000e+02
4.125000e+02 1.362000e+02
4.182500e+02 1.347000e+02
4.240000e+02 1.332000e+02
4.297500e+02 1.317000e+02
4.355000e+02 1.302000e+02
4.417500e+02 1.290000e+02
4.480000e+02 1.278000e+02
4.532500e+02 1.266000e+02
4.585000e+02 1.254000e+02
4.637500e+02 1.245000e+02
4.690000e+02 1.236000e+02
4.735000e+02 1.227000e+02
4.780000e+02 1.218000e+02
4.820000e+02 1.212000e+02
4.860000e+02 1.206000e+02
4.897500e+02 1.200000e+02
4.935000e+02 1.194000e+02
4.980000e+02 1.185000e+02
5.025000e+02 1.176000e+02
5.057500e+02 1.173000e+02
5.090000e+02 1.170000e+02
5.112500e+02 1.164000e+02
5.135000e+02 1.158000e+02
5.147500e+02 1.155000e+02
5.160000e+02 1.152000e+02
5.167500e+02 1.152000e+02
5.175000e+02 1.152000e+02
5.180000e+02 1.152000e+02
5.185000e+02 1.152000e+02
5.187500e+02 1.149000e+02
5.190000e+02 1.146000e+02
5.192500e+02 1.146000e+02
5.195000e+02 1.146000e+02
5.197500e+02 1.146000e+02
5.200000e+02 1.146000e+02
5.202500e+02 1.146000e+02
5.205000e+02 1.146000e+02
5.205000e+02 1.146000e+02
5.205000e+02 1.146000e+02
5.205000e+02 1.146000e+02
5.205000e+02 1.146000e+02
5.205000e+02 1.146000e+02
5.205000e+02 1.146000e+02
5.207500e+02 1.149000e+02
5.210000e+02 1.152000e+02
5.210000e+02 1.152000e+02
5.210000e+02 1.152000e+02
5.210000e+02 1.152000e+02
5.210000e+02 1.152000e+02
5.210000e+02 1.152000e+02
5.210000e+02 1.152000e+02
5.210000e+02 1.152000e+02
5.210000e+02 1.152000e+02
5.210000e+02 1.152000e+02
5.210000e+02 1.152000e+02
2.110000e+02 1.308000e+02
2.110000e+02 1.308000e+02
2.110000e+02 1.308000e+02
2.110000e+02 1.308000e+02
2.110000e+02 1.308000e+02
2.110000e+02 1.308000e+02
2.110000e+02 1.308000e+02
2.110000e+02 1.308000e+02
2.110000e+02 1.308000e+02
2.110000e+02 1.309500e+02
2.110000e+02 1.311000e+02
2.110000e+02 1.312500e+02
2.110000e+02 1.314000e+02
2.108750e+02 1.315500e+02
2.107500e+02 1.317000e+02
2.106250e+02 1.318500e+02
2.105000e+02 1.320000e+02
2.105000e+02 1.323000e+02
2.105000e+02 1.326000e+02
2.105000e+02 1.329000e+02
2.105000e+02 1.332000e+02
2.105000e+02 1.336500e+02
2.105000e+02 1.341000e+02
2.105000e+02 1.345500e+02
2.105000e+02 1.350000e+02
2.103750e+02 1.362000e+02
2.102500e+02 1.374000e+02
2.101250e+02 1.386000e+02
2.100000e+02 1.398000e+02
2.100000e+02 1.407000e+02
2.100000e+02 1.416000e+02
2.100000e+02 1.425000e+02
2.100000e+02 1.434000e+02
2.098750e+02 1.444500e+02
2.097500e+02 1.455000e+02
2.096250e+02 1.465500e+02
2.095000e+02 1.476000e+02
2.093750e+02 1.486500e+02
2.092500e+02 1.497000e+02
2.091250e+02 1.507500e+02
2.090000e+02 1.518000e+02
2.090000e+02 1.531500e+02
2.090000e+02 1.545000e+02
2.090000e+02 1.558500e+02
2.090000e+02 1.572000e+02
2.090000e+02 1.584000e+02
2.090000e+02 1.596000e+02
2.090000e+02 1.608000e+02
2.090000e+02 1.620000e+02
2.088750e+02 1.633500e+02
2.087500e+02 1.647000e+02
2.086250e+02 1.660500e+02
2.085000e+02 1.674000e+02
2.085000e+02 1.687500e+02
2.085000e+02 1.701000e+02
2.085000e+02 1.714500e+02
2.085000e+02 1.728000e+02
2.085000e+02 1.741500e+02
2.085000e+02 1.755000e+02
2.085000e+02 1.768500e+02
2.085000e+02 1.782000e+02
2.086250e+02 1.795500e+02
2.087500e+02 1.809000e+02
2.088750e+02 1.822500e+02
2.090000e+02 1.836000e+02
2.090000e+02 1.849500e+02
2.090000e+02 1.863000e+02
2.090000e+02 1.876500e+02
2.090000e+02 1.890000e+02
2.090000e+02 1.900500e+02
2.090000e+02 1.911000e+02
2.090000e+02 1.921500e+02
2.090000e+02 1.932000e+02
2.091250e+02 1.944000e+02
2.092500e+02 1.956000e+02
2.093750e+02 1.968000e+02
2.095000e+02 1.980000e+02
2.096250e+02 1.990500e+02
2.097500e+02 2.001000e+02
2.098750e+02 2.011500e+02
2.100000e+02 2.022000e+02
2.101250e+02 2.035500e+02
2.102500e+02 2.049000e+02
2.105000e+02 2.076000e+02
2.105000e+02 2.088000e+02
2.105000e+02 2.100000e+02
2.107500e+02 2.112000e+02
2.110000e+02 2.124000e+02
2.110000e+02 2.133000e+02
2.110000e+02 2.142000e+02
2.112500e+02 2.148000e+02
2.115000e+02 2.154000e+02
2.115000e+02 2.160000e+02
2.115000e+02 2.166000e+02
2.115000e+02 2.172000e+02
2.115000e+02 2.178000e+02
2.117500e+02 2.181000e+02
2.120000e+02 2.184000e+02
2.120000e+02 2.184000e+02
2.120000e+02 2.184000e+02
2.120000e+02 2.187000e+02
2.120000e+02 2.190000e+02
2.120000e+02 2.190000e+02
2.120000e+02 2.190000e+02
2.122500e+02 2.193000e+02
2.125000e+02 2.196000e+02
2.127500e+02 2.193000e+02
2.130000e+02 2.190000e+02
2.145000e+02 2.184000e+02
2.160000e+02 2.178000e+02
2.192500e+02 2.160000e+02
2.225000e+02 2.142000e+02
2.265000e+02 2.118000e+02
2.305000e+02 2.094000e+02
2.347500e+02 2.070000e+02
2.390000e+02 2.046000e+02
2.435000e+02 2.025000e+02
2.480000e+02 2.004000e+02
2.530000e+02 1.977000e+02
2.580000e+02 1.950000e+02
2.630000e+02 1.923000e+02
2.680000e+02 1.896000e+02
2.727500e+02 1.872000e+02
2.775000e+02 1.848000e+02
2.825000e+02 1.821000e+02
2.875000e+02 1.794000e+02
2.927500e+02 1.773000e+02
2.980000e+02 1.752000e+02
3.037500e+02 1.728000e+02
3.095000e+02 1.704000e+02
3.162500e+02 1.674000e+02
3.230000e+02 1.644000e+02
3.290000e+02 1.620000e+02
3.350000e+02 1.596000e+02
3.412500e+02 1.575000e+02
3.475000e+02 1.554000e+02
3.567500e+02 1.524000e+02
3.660000e+02 1.494000e+02
3.717500e+02 1.476000e+02
3.775000e+02 1.458000e+02
3.837500e+02 1.440000e+02
3.900000e+02 1.422000e+02
3.955000e+02 1.407000e+02
4.010000e+02 1.392000e+02
4.067500e+02 1.377000e+02
4.125000e+02 1.362000e+02
4.182500e+02 1.347000e+02
4.240000e+02 1.332000e+02
4.297500e+02 1.317000e+02
4.355000e+02 1.302000e+02
4.417500e+02 1.290000e+02
4.480000e+02 1.278000e+02
4.532500e+02 1.266000e+02
4.585000e+02 1.254000e+02
4.637500e+02 1.245000e+02
4.690000e+02 1.236000e+02
4.735000e+02 1.227000e+02
4.780000e+02 1.218000e+02
4.820000e+02 1.212000e+02
4.860000e+02 1.206000e+02
4.897500e+02 1.200000e+02
4.935000e+02 1.194000e+02
4.980000e+02 1.185000e+02
5.025000e+02 1.176000e+02
5.057500e+02 1.173000e+02
5.090000e+02 1.170000e+02
5.112500e+02 1.164000e+02
5.135000e+02 1.158000e+02
5.147500e+02 1.155000e+02
5.160000e+02 1.152000e+02
5.167500e+02 1.152000e+02
5.175000e+02 1.152000e+02
5.180000e+02 1.152000e+02
5.185000e+02 1.152000e+02
5.187500e+02 1.149000e+02
5.190000e+02 1.146000e+02
5.192500e+02 1.146000e+02
5.195000e+02 1.146000e+02
5.197500e+02 1.146000e+02
5.200000e+02 1.146000e+02
5.202500e+02 1.146000e+02
5.205000e+02 1.146000e+02
5.205000e+02 1.146000e+02
5.205000e+02 1.146000e+02
5.205000e+02 1.146000e+02
5.205000e+02 1.146000e+02
5.205000e+02 1.146000e+02
5.205000e+02 1.146000e+02
5.207500e+02 1.149000e+02
5.210000e+02 1.152000e+02
5.210000e+02 1.152000e+02
5.210000e+02 1.152000e+02
5.210000e+02 1.152000e+02
5.210000e+02 1.152000e+02
5.210000e+02 1.152000e+02
5.210000e+02 1.152000e+02
5.210000e+02 1.152000e+02
5.210000e+02 1.152000e+02
5.210000e+02 1.152000e+02
5.210000e+02 1.152000e+02
