1.820000e+02 1.146000e+02
1.820000e+02 1.146000e+02
1.820000e+02 1.146000e+02
1.820000e+02 1.146000e+02
1.820000e+02 1.146000e+02
1.820000e+02 1.146000e+02
1.820000e+02 1.146000e+02
1.820000e+02 1.146000e+02
1.820000e+02 1.146000e+02
1.820000e+02 1.143000e+02
1.820000e+02 1.140000e+02
1.820000e+02 1.140000e+02
1.820000e+02 1.140000e+02
1.820000e+02 1.143000e+02
1.820000e+02 1.146000e+02
1.827500e+02 1.155000e+02
1.835000e+02 1.164000e+02
1.847500e+02 1.182000e+02
1.860000e+02 1.200000e+02
1.867500e+02 1.209000e+02
1.875000e+02 1.218000e+02
1.897500e+02 1.245000e+02
1.920000e+02 1.272000e+02
1.955000e+02 1.317000e+02
1.990000e+02 1.362000e+02
2.005000e+02 1.377000e+02
2.020000e+02 1.392000e+02
2.052500e+02 1.428000e+02
2.085000e+02 1.464000e+02
2.117500e+02 1.500000e+02
2.150000e+02 1.536000e+02
2.182500e+02 1.578000e+02
2.215000e+02 1.620000e+02
2.250000e+02 1.659000e+02
2.285000e+02 1.698000e+02
2.320000e+02 1.740000e+02
2.355000e+02 1.782000e+02
2.407500e+02 1.854000e+02
2.460000e+02 1.926000e+02
2.475000e+02 1.947000e+02
2.490000e+02 1.968000e+02
2.525000e+02 2.016000e+02
2.560000e+02 2.064000e+02
2.592500e+02 2.109000e+02
2.625000e+02 2.154000e+02
2.662500e+02 2.205000e+02
2.700000e+02 2.256000e+02
2.730000e+02 2.301000e+02
2.760000e+02 2.346000e+02
2.797500e+02 2.403000e+02
2.835000e+02 2.460000e+02
2.865000e+02 2.508000e+02
2.895000e+02 2.556000e+02
2.912500e+02 2.580000e+02
2.930000e+02 2.604000e+02
2.975000e+02 2.673000e+02
3.020000e+02 2.742000e+02
3.050000e+02 2.790000e+02
3.080000e+02 2.838000e+02
3.095000e+02 2.862000e+02
3.110000e+02 2.886000e+02
3.155000e+02 2.952000e+02
3.200000e+02 3.018000e+02
3.225000e+02 3.057000e+02
3.250000e+02 3.096000e+02
3.277500e+02 3.135000e+02
3.305000e+02 3.174000e+02
3.327500e+02 3.210000e+02
3.350000e+02 3.246000e+02
3.372500e+02 3.282000e+02
3.395000e+02 3.318000e+02
3.417500e+02 3.348000e+02
3.440000e+02 3.378000e+02
3.460000e+02 3.408000e+02
3.480000e+02 3.438000e+02
3.505000e+02 3.471000e+02
3.530000e+02 3.504000e+02
3.547500e+02 3.528000e+02
3.565000e+02 3.552000e+02
3.577500e+02 3.570000e+02
3.590000e+02 3.588000e+02
3.600000e+02 3.600000e+02
3.610000e+02 3.612000e+02
3.625000e+02 3.636000e+02
3.640000e+02 3.654000e+02
3.650000e+02 3.672000e+02
3.660000e+02 3.678000e+02
3.665000e+02 3.690000e+02
3.665000e+02 3.696000e+02
3.670000e+02 3.696000e+02
3.670000e+02 3.702000e+02
3.670000e+02 3.702000e+02
3.670000e+02 3.702000e+02
3.665000e+02 3.708000e+02
3.660000e+02 3.708000e+02
3.655000e+02 3.708000e+02
3.650000e+02 3.708000e+02
3.620000e+02 3.702000e+02
3.605000e+02 3.702000e+02
3.565000e+02 3.702000e+02
3.530000e+02 3.696000e+02
3.450000e+02 3.696000e+02
3.360000e+02 3.690000e+02
3.290000e+02 3.684000e+02
3.215000e+02 3.678000e+02
3.140000e+02 3.672000e+02
3.070000e+02 3.660000e+02
2.995000e+02 3.654000e+02
2.915000e+02 3.642000e+02
2.825000e+02 3.630000e+02
2.660000e+02 3.624000e+02
2.550000e+02 3.618000e+02
2.380000e+02 3.624000e+02
2.275000e+02 3.630000e+02
2.155000e+02 3.636000e+02
2.060000e+02 3.642000e+02
1.970000e+02 3.654000e+02
1.880000e+02 3.660000e+02
1.840000e+02 3.666000e+02
1.755000e+02 3.678000e+02
1.675000e+02 3.684000e+02
1.605000e+02 3.696000e+02
1.555000e+02 3.702000e+02
1.500000e+02 3.708000e+02
1.465000e+02 3.714000e+02
1.435000e+02 3.714000e+02
1.410000e+02 3.714000e+02
1.390000e+02 3.714000e+02
1.375000e+02 3.714000e+02
1.360000e+02 3.714000e+02
1.350000e+02 3.714000e+02
1.345000e+02 3.714000e+02
1.340000e+02 3.714000e+02
1.330000e+02 3.714000e+02
1.330000e+02 3.714000e+02
1.325000e+02 3.708000e+02
1.325000e+02 3.708000e+02
1.320000e+02 3.708000e+02
1.320000e+02 3.702000e+02
1.320000e+02 3.696000e+02
1.325000e+02 3.696000e+02
1.330000e+02 3.690000e+02
1.340000e+02 3.666000e+02
1.365000e+02 3.636000e+02
1.405000e+02 3.570000e+02
1.445000e+02 3.516000e+02
1.485000e+02 3.462000e+02
1.525000e+02 3.408000e+02
1.550000e+02 3.378000e+02
1.605000e+02 3.306000e+02
1.665000e+02 3.240000e+02
1.730000e+02 3.168000e+02
1.830000e+02 3.060000e+02
1.900000e+02 2.982000e+02
2.015000e+02 2.862000e+02
2.095000e+02 2.784000e+02
2.175000e+02 2.700000e+02
2.240000e+02 2.634000e+02
2.325000e+02 2.538000e+02
2.390000e+02 2.472000e+02
2.470000e+02 2.388000e+02
2.575000e+02 2.280000e+02
2.650000e+02 2.208000e+02
2.735000e+02 2.112000e+02
2.800000e+02 2.046000e+02
2.865000e+02 1.980000e+02
2.925000e+02 1.914000e+02
2.985000e+02 1.860000e+02
3.055000e+02 1.788000e+02
3.110000e+02 1.734000e+02
3.170000e+02 1.674000e+02
3.225000e+02 1.614000e+02
3.280000e+02 1.560000e+02
3.340000e+02 1.494000e+02
3.395000e+02 1.440000e+02
3.445000e+02 1.392000e+02
3.520000e+02 1.314000e+02
3.545000e+02 1.284000e+02
3.615000e+02 1.212000e+02
3.680000e+02 1.146000e+02
3.735000e+02 1.086000e+02
3.780000e+02 1.044000e+02
3.810000e+02 1.008000e+02
3.840000e+02 9.840000e+01
3.860000e+02 9.660000e+01
3.875000e+02 9.480000e+01
3.885000e+02 9.360000e+01
3.900000e+02 9.240000e+01
3.910000e+02 9.120000e+01
3.915000e+02 9.060000e+01
3.915000e+02 9.060000e+01
3.920000e+02 9.000000e+01
3.925000e+02 9.000000e+01
3.925000e+02 8.940000e+01
3.930000e+02 8.940000e+01
3.930000e+02 8.940000e+01
3.930000e+02 8.940000e+01
3.930000e+02 8.940000e+01
3.930000e+02 9.000000e+01
3.930000e+02 9.000000e+01
1.820000e+02 1.146000e+02
1.820000e+02 1.146000e+02
1.820000e+02 1.146000e+02
1.820000e+02 1.146000e+02
1.820000e+02 1.146000e+02
1.820000e+02 1.146000e+02
1.820000e+02 1.146000e+02
1.820000e+02 1.146000e+02
1.820000e+02 1.146000e+02
1.820000e+02 1.143000e+02
1.820000e+02 1.140000e+02
1.820000e+02 1.140000e+02
1.820000e+02 1.140000e+02
1.820000e+02 1.143000e+02
1.820000e+02 1.146000e+02
1.827500e+02 1.155000e+02
1.835000e+02 1.164000e+02
1.847500e+02 1.182000e+02
1.860000e+02 1.200000e+02
1.867500e+02 1.209000e+02
1.875000e+02 1.218000e+02
1.897500e+02 1.245000e+02
1.920000e+02 1.272000e+02
1.955000e+02 1.317000e+02
1.990000e+02 1.362000e+02
2.005000e+02 1.377000e+02
2.020000e+02 1.392000e+02
2.052500e+02 1.428000e+02
2.085000e+02 1.464000e+02
2.117500e+02 1.500000e+02
2.150000e+02 1.536000e+02
2.182500e+02 1.578000e+02
2.215000e+02 1.620000e+02
2.250000e+02 1.659000e+02
2.285000e+02 1.698000e+02
2.320000e+02 1.740000e+02
2.355000e+02 1.782000e+02
2.407500e+02 1.854000e+02
2.460000e+02 1.926000e+02
2.475000e+02 1.947000e+02
2.490000e+02 1.968000e+02
2.525000e+02 2.016000e+02
2.560000e+02 2.064000e+02
2.592500e+02 2.109000e+02
2.625000e+02 2.154000e+02
2.662500e+02 2.205000e+02
2.700000e+02 2.256000e+02
2.730000e+02 2.301000e+02
2.760000e+02 2.346000e+02
2.797500e+02 2.403000e+02
2.835000e+02 2.460000e+02
2.865000e+02 2.508000e+02
2.895000e+02 2.556000e+02
2.912500e+02 2.580000e+02
2.930000e+02 2.604000e+02
2.975000e+02 2.673000e+02
3.020000e+02 2.742000e+02
3.050000e+02 2.790000e+02
3.080000e+02 2.838000e+02
3.095000e+02 2.862000e+02
3.110000e+02 2.886000e+02
3.155000e+02 2.952000e+02
3.200000e+02 3.018000e+02
3.225000e+02 3.057000e+02
3.250000e+02 3.096000e+02
3.277500e+02 3.135000e+02
3.305000e+02 3.174000e+02
3.327500e+02 3.210000e+02
3.350000e+02 3.246000e+02
3.372500e+02 3.282000e+02
3.395000e+02 3.318000e+02
3.417500e+02 3.348000e+02
3.440000e+02 3.378000e+02
3.460000e+02 3.408000e+02
3.480000e+02 3.438000e+02
3.505000e+02 3.471000e+02
3.530000e+02 3.504000e+02
3.547500e+02 3.528000e+02
3.565000e+02 3.552000e+02
3.577500e+02 3.570000e+02
3.590000e+02 3.588000e+02
3.600000e+02 3.600000e+02
3.610000e+02 3.612000e+02
3.625000e+02 3.636000e+02
3.640000e+02 3.654000e+02
3.650000e+02 3.672000e+02
3.660000e+02 3.678000e+02
3.665000e+02 3.690000e+02
3.665000e+02 3.696000e+02
3.670000e+02 3.696000e+02
3.670000e+02 3.702000e+02
3.670000e+02 3.702000e+02
3.670000e+02 3.702000e+02
3.665000e+02 3.708000e+02
3.660000e+02 3.708000e+02
3.655000e+02 3.708000e+02
3.650000e+02 3.708000e+02
3.620000e+02 3.702000e+02
3.605000e+02 3.702000e+02
3.565000e+02 3.702000e+02
3.530000e+02 3.696000e+02
3.450000e+02 3.696000e+02
3.360000e+02 3.690000e+02
3.290000e+02 3.684000e+02
3.215000e+02 3.678000e+02
3.140000e+02 3.672000e+02
3.070000e+02 3.660000e+02
2.995000e+02 3.654000e+02
2.915000e+02 3.642000e+02
2.825000e+02 3.630000e+02
2.660000e+02 3.624000e+02
2.550000e+02 3.618000e+02
2.380000e+02 3.624000e+02
2.275000e+02 3.630000e+02
2.155000e+02 3.636000e+02
2.060000e+02 3.642000e+02
1.970000e+02 3.654000e+02
1.880000e+02 3.660000e+02
1.840000e+02 3.666000e+02
1.755000e+02 3.678000e+02
1.675000e+02 3.684000e+02
1.605000e+02 3.696000e+02
1.555000e+02 3.702000e+02
1.500000e+02 3.708000e+02
1.465000e+02 3.714000e+02
1.435000e+02 3.714000e+02
1.410000e+02 3.714000e+02
1.390000e+02 3.714000e+02
1.375000e+02 3.714000e+02
1.360000e+02 3.714000e+02
1.350000e+02 3.714000e+02
1.345000e+02 3.714000e+02
1.340000e+02 3.714000e+02
1.330000e+02 3.714000e+02
1.330000e+02 3.714000e+02
1.325000e+02 3.708000e+02
1.325000e+02 3.708000e+02
1.320000e+02 3.708000e+02
1.320000e+02 3.702000e+02
1.320000e+02 3.696000e+02
1.325000e+02 3.696000e+02
1.330000e+02 3.690000e+02
1.340000e+02 3.666000e+02
1.365000e+02 3.636000e+02
1.405000e+02 3.570000e+02
1.445000e+02 3.516000e+02
1.485000e+02 3.462000e+02
1.525000e+02 3.408000e+02
1.550000e+02 3.378000e+02
1.605000e+02 3.306000e+02
1.665000e+02 3.240000e+02
1.730000e+02 3.168000e+02
1.830000e+02 3.060000e+02
1.900000e+02 2.982000e+02
2.015000e+02 2.862000e+02
2.095000e+02 2.784000e+02
2.175000e+02 2.700000e+02
2.240000e+02 2.634000e+02
2.325000e+02 2.538000e+02
2.390000e+02 2.472000e+02
2.470000e+02 2.388000e+02
2.575000e+02 2.280000e+02
2.650000e+02 2.208000e+02
2.735000e+02 2.112000e+02
2.800000e+02 2.046000e+02
2.865000e+02 1.980000e+02
2.925000e+02 1.914000e+02
2.985000e+02 1.860000e+02
3.055000e+02 1.788000e+02
3.110000e+02 1.734000e+02
3.170000e+02 1.674000e+02
3.225000e+02 1.614000e+02
3.280000e+02 1.560000e+02
3.340000e+02 1.494000e+02
3.395000e+02 1.440000e+02
3.445000e+02 1.392000e+02
3.520000e+02 1.314000e+02
3.545000e+02 1.284000e+02
3.615000e+02 1.212000e+02
3.680000e+02 1.146000e+02
3.735000e+02 1.086000e+02
3.780000e+02 1.044000e+02
3.810000e+02 1.008000e+02
3.840000e+02 9.840000e+01
3.860000e+02 9.660000e+01
3.875000e+02 9.480000e+01
3.885000e+02 9.360000e+01
3.900000e+02 9.240000e+01
3.910000e+02 9.120000e+01
3.915000e+02 9.060000e+01
3.915000e+02 9.060000e+01
3.920000e+02 9.000000e+01
3.925000e+02 9.000000e+01
3.925000e+02 8.940000e+01
3.930000e+02 8.940000e+01
3.930000e+02 8.940000e+01
3.930000e+02 8.940000e+01
3.930000e+02 8.940000e+01
3.930000e+02 9.000000e+01
3.930000e+02 9.000000e+01
1.820000e+02 1.146000e+02
1.820000e+02 1.146000e+02
1.820000e+02 1.146000e+02
1.820000e+02 1.146000e+02
1.820000e+02 1.146000e+02
1.820000e+02 1.146000e+02
1.820000e+02 1.146000e+02
1.820000e+02 1.146000e+02
1.820000e+02 1.146000e+02
1.820000e+02 1.143000e+02
1.820000e+02 1.140000e+02
1.820000e+02 1.140000e+02
1.820000e+02 1.140000e+02
1.820000e+02 1.143000e+02
1.820000e+02 1.146000e+02
1.827500e+02 1.155000e+02
1.835000e+02 1.164000e+02
1.847500e+02 1.182000e+02
1.860000e+02 1.200000e+02
1.867500e+02 1.209000e+02
1.875000e+02 1.218000e+02
1.897500e+02 1.245000e+02
1.920000e+02 1.272000e+02
1.955000e+02 1.317000e+02
1.990000e+02 1.362000e+02
2.005000e+02 1.377000e+02
2.020000e+02 1.392000e+02
2.052500e+02 1.428000e+02
2.085000e+02 1.464000e+02
2.117500e+02 1.500000e+02
2.150000e+02 1.536000e+02
2.182500e+02 1.578000e+02
2.215000e+02 1.620000e+02
2.250000e+02 1.659000e+02
2.285000e+02 1.698000e+02
2.320000e+02 1.740000e+02
2.355000e+02 1.782000e+02
2.407500e+02 1.854000e+02
2.460000e+02 1.926000e+02
2.475000e+02 1.947000e+02
2.490000e+02 1.968000e+02
2.525000e+02 2.016000e+02
2.560000e+02 2.064000e+02
2.592500e+02 2.109000e+02
2.625000e+02 2.154000e+02
2.662500e+02 2.205000e+02
2.700000e+02 2.256000e+02
2.730000e+02 2.301000e+02
2.760000e+02 2.346000e+02
2.797500e+02 2.403000e+02
2.835000e+02 2.460000e+02
2.865000e+02 2.508000e+02
2.895000e+02 2.556000e+02
2.912500e+02 2.580000e+02
2.930000e+02 2.604000e+02
2.975000e+02 2.673000e+02
3.020000e+02 2.742000e+02
3.050000e+02 2.790000e+02
3.080000e+02 2.838000e+02
3.095000e+02 2.862000e+02
3.110000e+02 2.886000e+02
3.155000e+02 2.952000e+02
3.200000e+02 3.018000e+02
3.225000e+02 3.057000e+02
3.250000e+02 3.096000e+02
3.277500e+02 3.135000e+02
3.305000e+02 3.174000e+02
3.327500e+02 3.210000e+02
3.350000e+02 3.246000e+02
3.372500e+02 3.282000e+02
3.395000e+02 3.318000e+02
3.417500e+02 3.348000e+02
3.440000e+02 3.378000e+02
3.460000e+02 3.408000e+02
3.480000e+02 3.438000e+02
3.505000e+02 3.471000e+02
3.530000e+02 3.504000e+02
3.547500e+02 3.528000e+02
3.565000e+02 3.552000e+02
3.577500e+02 3.570000e+02
3.590000e+02 3.588000e+02
3.600000e+02 3.600000e+02
3.610000e+02 3.612000e+02
3.625000e+02 3.636000e+02
3.640000e+02 3.654000e+02
3.650000e+02 3.672000e+02
3.660000e+02 3.678000e+02
3.665000e+02 3.690000e+02
3.665000e+02 3.696000e+02
3.670000e+02 3.696000e+02
3.670000e+02 3.702000e+02
3.670000e+02 3.702000e+02
3.670000e+02 3.702000e+02
3.665000e+02 3.708000e+02
3.660000e+02 3.708000e+02
3.655000e+02 3.708000e+02
3.650000e+02 3.708000e+02
3.620000e+02 3.702000e+02
3.605000e+02 3.702000e+02
3.565000e+02 3.702000e+02
3.530000e+02 3.696000e+02
3.450000e+02 3.696000e+02
3.360000e+02 3.690000e+02
3.290000e+02 3.684000e+02
3.215000e+02 3.678000e+02
3.140000e+02 3.672000e+02
3.070000e+02 3.660000e+02
2.995000e+02 3.654000e+02
2.915000e+02 3.642000e+02
2.825000e+02 3.630000e+02
2.660000e+02 3.624000e+02
2.550000e+02 3.618000e+02
2.380000e+02 3.624000e+02
2.275000e+02 3.630000e+02
2.155000e+02 3.636000e+02
2.060000e+02 3.642000e+02
1.970000e+02 3.654000e+02
1.880000e+02 3.660000e+02
1.840000e+02 3.666000e+02
1.755000e+02 3.678000e+02
1.675000e+02 3.684000e+02
1.605000e+02 3.696000e+02
1.555000e+02 3.702000e+02
1.500000e+02 3.708000e+02
1.465000e+02 3.714000e+02
1.435000e+02 3.714000e+02
1.410000e+02 3.714000e+02
1.390000e+02 3.714000e+02
1.375000e+02 3.714000e+02
1.360000e+02 3.714000e+02
1.350000e+02 3.714000e+02
1.345000e+02 3.714000e+02
1.340000e+02 3.714000e+02
1.330000e+02 3.714000e+02
1.330000e+02 3.714000e+02
1.325000e+02 3.708000e+02
1.325000e+02 3.708000e+02
1.320000e+02 3.708000e+02
1.320000e+02 3.702000e+02
1.320000e+02 3.696000e+02
1.325000e+02 3.696000e+02
1.330000e+02 3.690000e+02
1.340000e+02 3.666000e+02
1.365000e+02 3.636000e+02
1.405000e+02 3.570000e+02
1.445000e+02 3.516000e+02
1.485000e+02 3.462000e+02
1.525000e+02 3.408000e+02
1.550000e+02 3.378000e+02
1.605000e+02 3.306000e+02
1.665000e+02 3.240000e+02
1.730000e+02 3.168000e+02
1.830000e+02 3.060000e+02
1.900000e+02 2.982000e+02
2.015000e+02 2.862000e+02
2.095000e+02 2.784000e+02
2.175000e+02 2.700000e+02
2.240000e+02 2.634000e+02
2.325000e+02 2.538000e+02
2.390000e+02 2.472000e+02
2.470000e+02 2.388000e+02
2.575000e+02 2.280000e+02
2.650000e+02 2.208000e+02
2.735000e+02 2.112000e+02
2.800000e+02 2.046000e+02
2.865000e+02 1.980000e+02
2.925000e+02 1.914000e+02
2.985000e+02 1.860000e+02
3.055000e+02 1.788000e+02
3.110000e+02 1.734000e+02
3.170000e+02 1.674000e+02
3.225000e+02 1.614000e+02
3.280000e+02 1.560000e+02
3.340000e+02 1.494000e+02
3.395000e+02 1.440000e+02
3.445000e+02 1.392000e+02
3.520000e+02 1.314000e+02
3.545000e+02 1.284000e+02
3.615000e+02 1.212000e+02
3.680000e+02 1.146000e+02
3.735000e+02 1.086000e+02
3.780000e+02 1.044000e+02
3.810000e+02 1.008000e+02
3.840000e+02 9.840000e+01
3.860000e+02 9.660000e+01
3.875000e+02 9.480000e+01
3.885000e+02 9.360000e+01
3.900000e+02 9.240000e+01
3.910000e+02 9.120000e+01
3.915000e+02 9.060000e+01
3.915000e+02 9.060000e+01
3.920000e+02 9.000000e+01
3.925000e+02 9.000000e+01
3.925000e+02 8.940000e+01
3.930000e+02 8.940000e+01
3.930000e+02 8.940000e+01
3.930000e+02 8.940000e+01
3.930000e+02 8.940000e+01
3.930000e+02 9.000000e+01
3.930000e+02 9.000000e+01
