1.515000e+02 1.380000e+02
1.515000e+02 1.380000e+02
1.515000e+02 1.380000e+02
1.517500e+02 1.383000e+02
1.520000e+02 1.386000e+02
1.520000e+02 1.392000e+02
1.520000e+02 1.398000e+02
1.522500e+02 1.401000e+02
1.525000e+02 1.404000e+02
1.530000e+02 1.416000e+02
1.535000e+02 1.428000e+02
1.540000e+02 1.440000e+02
1.545000e+02 1.452000e+02
1.552500e+02 1.467000e+02
1.560000e+02 1.482000e+02
1.570000e+02 1.500000e+02
1.580000e+02 1.518000e+02
1.592500e+02 1.536000e+02
1.605000e+02 1.554000e+02
1.617500e+02 1.575000e+02
1.630000e+02 1.596000e+02
1.645000e+02 1.617000e+02
1.660000e+02 1.638000e+02
1.675000e+02 1.662000e+02
1.690000e+02 1.686000e+02
1.705000e+02 1.710000e+02
1.720000e+02 1.734000e+02
1.742500e+02 1.770000e+02
1.765000e+02 1.806000e+02
1.777500e+02 1.830000e+02
1.790000e+02 1.854000e+02
1.800000e+02 1.866000e+02
1.810000e+02 1.878000e+02
1.832500e+02 1.914000e+02
1.855000e+02 1.950000e+02
1.867500e+02 1.974000e+02
1.880000e+02 1.998000e+02
1.895000e+02 2.019000e+02
1.910000e+02 2.040000e+02
1.922500e+02 2.061000e+02
1.935000e+02 2.082000e+02
1.950000e+02 2.106000e+02
1.965000e+02 2.130000e+02
1.977500e+02 2.148000e+02
1.990000e+02 2.166000e+02
2.000000e+02 2.184000e+02
2.010000e+02 2.202000e+02
2.020000e+02 2.214000e+02
2.030000e+02 2.226000e+02
2.040000e+02 2.241000e+02
2.050000e+02 2.256000e+02
2.057500e+02 2.268000e+02
2.065000e+02 2.280000e+02
2.075000e+02 2.289000e+02
2.085000e+02 2.298000e+02
2.092500e+02 2.310000e+02
2.100000e+02 2.322000e+02
2.105000e+02 2.328000e+02
2.110000e+02 2.334000e+02
2.112500e+02 2.337000e+02
2.115000e+02 2.340000e+02
2.117500e+02 2.343000e+02
2.120000e+02 2.346000e+02
2.122500e+02 2.349000e+02
2.125000e+02 2.352000e+02
2.125000e+02 2.352000e+02
2.125000e+02 2.352000e+02
2.127500e+02 2.352000e+02
2.130000e+02 2.352000e+02
2.132500e+02 2.352000e+02
2.135000e+02 2.352000e+02
2.137500e+02 2.349000e+02
2.140000e+02 2.346000e+02
2.142500e+02 2.343000e+02
2.145000e+02 2.340000e+02
2.147500e+02 2.334000e+02
2.150000e+02 2.328000e+02
2.155000e+02 2.322000e+02
2.160000e+02 2.316000e+02
2.165000e+02 2.307000e+02
2.170000e+02 2.298000e+02
2.180000e+02 2.286000e+02
2.190000e+02 2.274000e+02
2.200000e+02 2.259000e+02
2.210000e+02 2.244000e+02
2.220000e+02 2.229000e+02
2.230000e+02 2.214000e+02
2.242500e+02 2.202000e+02
2.255000e+02 2.190000e+02
2.272500e+02 2.172000e+02
2.290000e+02 2.154000e+02
2.312500e+02 2.139000e+02
2.335000e+02 2.124000e+02
2.357500e+02 2.106000e+02
2.380000e+02 2.088000e+02
2.407500e+02 2.073000e+02
2.435000e+02 2.058000e+02
2.465000e+02 2.043000e+02
2.495000e+02 2.028000e+02
2.530000e+02 2.010000e+02
2.565000e+02 1.992000e+02
2.600000e+02 1.977000e+02
2.635000e+02 1.962000e+02
2.670000e+02 1.947000e+02
2.705000e+02 1.932000e+02
2.745000e+02 1.917000e+02
2.785000e+02 1.902000e+02
2.825000e+02 1.887000e+02
2.865000e+02 1.872000e+02
2.910000e+02 1.857000e+02
2.955000e+02 1.842000e+02
2.995000e+02 1.830000e+02
3.035000e+02 1.818000e+02
3.080000e+02 1.803000e+02
3.125000e+02 1.788000e+02
3.167500e+02 1.773000e+02
3.210000e+02 1.758000e+02
3.260000e+02 1.746000e+02
3.310000e+02 1.734000e+02
3.365000e+02 1.719000e+02
3.420000e+02 1.704000e+02
3.492500e+02 1.689000e+02
3.565000e+02 1.674000e+02
3.615000e+02 1.665000e+02
3.665000e+02 1.656000e+02
3.717500e+02 1.644000e+02
3.770000e+02 1.632000e+02
3.827500e+02 1.620000e+02
3.885000e+02 1.608000e+02
3.935000e+02 1.599000e+02
3.985000e+02 1.590000e+02
4.032500e+02 1.581000e+02
4.080000e+02 1.572000e+02
4.132500e+02 1.566000e+02
4.185000e+02 1.560000e+02
4.232500e+02 1.551000e+02
4.280000e+02 1.542000e+02
4.330000e+02 1.536000e+02
4.380000e+02 1.530000e+02
4.422500e+02 1.524000e+02
4.465000e+02 1.518000e+02
4.507500e+02 1.512000e+02
4.550000e+02 1.506000e+02
4.590000e+02 1.503000e+02
4.630000e+02 1.500000e+02
4.665000e+02 1.494000e+02
4.700000e+02 1.488000e+02
4.737500e+02 1.485000e+02
4.775000e+02 1.482000e+02
4.807500e+02 1.479000e+02
4.840000e+02 1.476000e+02
4.870000e+02 1.473000e+02
4.900000e+02 1.470000e+02
4.925000e+02 1.467000e+02
4.950000e+02 1.464000e+02
4.972500e+02 1.461000e+02
4.995000e+02 1.458000e+02
5.017500e+02 1.455000e+02
5.040000e+02 1.452000e+02
5.057500e+02 1.452000e+02
5.075000e+02 1.452000e+02
5.090000e+02 1.452000e+02
5.105000e+02 1.452000e+02
5.122500e+02 1.449000e+02
5.140000e+02 1.446000e+02
5.152500e+02 1.443000e+02
5.165000e+02 1.440000e+02
5.172500e+02 1.440000e+02
5.180000e+02 1.440000e+02
5.185000e+02 1.440000e+02
5.190000e+02 1.440000e+02
5.192500e+02 1.440000e+02
5.195000e+02 1.440000e+02
5.197500e+02 1.440000e+02
5.200000e+02 1.440000e+02
5.202500e+02 1.440000e+02
5.205000e+02 1.440000e+02
5.205000e+02 1.440000e+02
5.205000e+02 1.440000e+02
5.207500e+02 1.440000e+02
5.210000e+02 1.440000e+02
5.210000e+02 1.440000e+02
5.210000e+02 1.440000e+02
5.210000e+02 1.440000e+02
5.210000e+02 1.440000e+02
5.210000e+02 1.440000e+02
5.210000e+02 1.440000e+02
5.210000e+02 1.440000e+02
5.210000e+02 1.440000e+02
5.210000e+02 1.440000e+02
5.210000e+02 1.440000e+02
5.210000e+02 1.440000e+02
5.210000e+02 1.440000e+02
5.207500e+02 1.440000e+02
5.205000e+02 1.440000e+02
5.205000e+02 1.443000e+02
5.205000e+02 1.446000e+02
5.205000e+02 1.449000e+02
5.205000e+02 1.452000e+02
5.205000e+02 1.452000e+02
1.515000e+02 1.380000e+02
1.515000e+02 1.380000e+02
1.515000e+02 1.380000e+02
1.517500e+02 1.383000e+02
1.520000e+02 1.386000e+02
1.520000e+02 1.392000e+02
1.520000e+02 1.398000e+02
1.522500e+02 1.401000e+02
1.525000e+02 1.404000e+02
1.530000e+02 1.416000e+02
1.535000e+02 1.428000e+02
1.540000e+02 1.440000e+02
1.545000e+02 1.452000e+02
1.552500e+02 1.467000e+02
1.560000e+02 1.482000e+02
1.570000e+02 1.500000e+02
1.580000e+02 1.518000e+02
1.592500e+02 1.536000e+02
1.605000e+02 1.554000e+02
1.617500e+02 1.575000e+02
1.630000e+02 1.596000e+02
1.645000e+02 1.617000e+02
1.660000e+02 1.638000e+02
1.675000e+02 1.662000e+02
1.690000e+02 1.686000e+02
1.705000e+02 1.710000e+02
1.720000e+02 1.734000e+02
1.742500e+02 1.770000e+02
1.765000e+02 1.806000e+02
1.777500e+02 1.830000e+02
1.790000e+02 1.854000e+02
1.800000e+02 1.866000e+02
1.810000e+02 1.878000e+02
1.832500e+02 1.914000e+02
1.855000e+02 1.950000e+02
1.867500e+02 1.974000e+02
1.880000e+02 1.998000e+02
1.895000e+02 2.019000e+02
1.910000e+02 2.040000e+02
1.922500e+02 2.061000e+02
1.935000e+02 2.082000e+02
1.950000e+02 2.106000e+02
1.965000e+02 2.130000e+02
1.977500e+02 2.148000e+02
1.990000e+02 2.166000e+02
2.000000e+02 2.184000e+02
2.010000e+02 2.202000e+02
2.020000e+02 2.214000e+02
2.030000e+02 2.226000e+02
2.040000e+02 2.241000e+02
2.050000e+02 2.256000e+02
2.057500e+02 2.268000e+02
2.065000e+02 2.280000e+02
2.075000e+02 2.289000e+02
2.085000e+02 2.298000e+02
2.092500e+02 2.310000e+02
2.100000e+02 2.322000e+02
2.105000e+02 2.328000e+02
2.110000e+02 2.334000e+02
2.112500e+02 2.337000e+02
2.115000e+02 2.340000e+02
2.117500e+02 2.343000e+02
2.120000e+02 2.346000e+02
2.122500e+02 2.349000e+02
2.125000e+02 2.352000e+02
2.125000e+02 2.352000e+02
2.125000e+02 2.352000e+02
2.127500e+02 2.352000e+02
2.130000e+02 2.352000e+02
2.132500e+02 2.352000e+02
2.135000e+02 2.352000e+02
2.137500e+02 2.349000e+02
2.140000e+02 2.346000e+02
2.142500e+02 2.343000e+02
2.145000e+02 2.340000e+02
2.147500e+02 2.334000e+02
2.150000e+02 2.328000e+02
2.155000e+02 2.322000e+02
2.160000e+02 2.316000e+02
2.165000e+02 2.307000e+02
2.170000e+02 2.298000e+02
2.180000e+02 2.286000e+02
2.190000e+02 2.274000e+02
2.200000e+02 2.259000e+02
2.210000e+02 2.244000e+02
2.220000e+02 2.229000e+02
2.230000e+02 2.214000e+02
2.242500e+02 2.202000e+02
2.255000e+02 2.190000e+02
2.272500e+02 2.172000e+02
2.290000e+02 2.154000e+02
2.312500e+02 2.139000e+02
2.335000e+02 2.124000e+02
2.357500e+02 2.106000e+02
2.380000e+02 2.088000e+02
2.407500e+02 2.073000e+02
2.435000e+02 2.058000e+02
2.465000e+02 2.043000e+02
2.495000e+02 2.028000e+02
2.530000e+02 2.010000e+02
2.565000e+02 1.992000e+02
2.600000e+02 1.977000e+02
2.635000e+02 1.962000e+02
2.670000e+02 1.947000e+02
2.705000e+02 1.932000e+02
2.745000e+02 1.917000e+02
2.785000e+02 1.902000e+02
2.825000e+02 1.887000e+02
2.865000e+02 1.872000e+02
2.910000e+02 1.857000e+02
2.955000e+02 1.842000e+02
2.995000e+02 1.830000e+02
3.035000e+02 1.818000e+02
3.080000e+02 1.803000e+02
3.125000e+02 1.788000e+02
3.167500e+02 1.773000e+02
3.210000e+02 1.758000e+02
3.260000e+02 1.746000e+02
3.310000e+02 1.734000e+02
3.365000e+02 1.719000e+02
3.420000e+02 1.704000e+02
3.492500e+02 1.689000e+02
3.565000e+02 1.674000e+02
3.615000e+02 1.665000e+02
3.665000e+02 1.656000e+02
3.717500e+02 1.644000e+02
3.770000e+02 1.632000e+02
3.827500e+02 1.620000e+02
3.885000e+02 1.608000e+02
3.935000e+02 1.599000e+02
3.985000e+02 1.590000e+02
4.032500e+02 1.581000e+02
4.080000e+02 1.572000e+02
4.132500e+02 1.566000e+02
4.185000e+02 1.560000e+02
4.232500e+02 1.551000e+02
4.280000e+02 1.542000e+02
4.330000e+02 1.536000e+02
4.380000e+02 1.530000e+02
4.422500e+02 1.524000e+02
4.465000e+02 1.518000e+02
4.507500e+02 1.512000e+02
4.550000e+02 1.506000e+02
4.590000e+02 1.503000e+02
4.630000e+02 1.500000e+02
4.665000e+02 1.494000e+02
4.700000e+02 1.488000e+02
4.737500e+02 1.485000e+02
4.775000e+02 1.482000e+02
4.807500e+02 1.479000e+02
4.840000e+02 1.476000e+02
4.870000e+02 1.473000e+02
4.900000e+02 1.470000e+02
4.925000e+02 1.467000e+02
4.950000e+02 1.464000e+02
4.972500e+02 1.461000e+02
4.995000e+02 1.458000e+02
5.017500e+02 1.455000e+02
5.040000e+02 1.452000e+02
5.057500e+02 1.452000e+02
5.075000e+02 1.452000e+02
5.090000e+02 1.452000e+02
5.105000e+02 1.452000e+02
5.122500e+02 1.449000e+02
5.140000e+02 1.446000e+02
5.152500e+02 1.443000e+02
5.165000e+02 1.440000e+02
5.172500e+02 1.440000e+02
5.180000e+02 1.440000e+02
5.185000e+02 1.440000e+02
5.190000e+02 1.440000e+02
5.192500e+02 1.440000e+02
5.195000e+02 1.440000e+02
5.197500e+02 1.440000e+02
5.200000e+02 1.440000e+02
5.202500e+02 1.440000e+02
5.205000e+02 1.440000e+02
5.205000e+02 1.440000e+02
5.205000e+02 1.440000e+02
5.207500e+02 1.440000e+02
5.210000e+02 1.440000e+02
5.210000e+02 1.440000e+02
5.210000e+02 1.440000e+02
5.210000e+02 1.440000e+02
5.210000e+02 1.440000e+02
5.210000e+02 1.440000e+02
5.210000e+02 1.440000e+02
5.210000e+02 1.440000e+02
5.210000e+02 1.440000e+02
5.210000e+02 1.440000e+02
5.210000e+02 1.440000e+02
5.210000e+02 1.440000e+02
5.210000e+02 1.440000e+02
5.207500e+02 1.440000e+02
5.205000e+02 1.440000e+02
5.205000e+02 1.443000e+02
5.205000e+02 1.446000e+02
5.205000e+02 1.449000e+02
5.205000e+02 1.452000e+02
5.205000e+02 1.452000e+02
1.515000e+02 1.380000e+02
1.515000e+02 1.380000e+02
1.515000e+02 1.380000e+02
1.517500e+02 1.383000e+02
1.520000e+02 1.386000e+02
1.520000e+02 1.392000e+02
1.520000e+02 1.398000e+02
1.522500e+02 1.401000e+02
1.525000e+02 1.404000e+02
1.530000e+02 1.416000e+02
1.535000e+02 1.428000e+02
1.540000e+02 1.440000e+02
1.545000e+02 1.452000e+02
1.552500e+02 1.467000e+02
1.560000e+02 1.482000e+02
1.570000e+02 1.500000e+02
1.580000e+02 1.518000e+02
1.592500e+02 1.536000e+02
1.605000e+02 1.554000e+02
1.617500e+02 1.575000e+02
1.630000e+02 1.596000e+02
1.645000e+02 1.617000e+02
1.660000e+02 1.638000e+02
1.675000e+02 1.662000e+02
1.690000e+02 1.686000e+02
1.705000e+02 1.710000e+02
1.720000e+02 1.734000e+02
1.742500e+02 1.770000e+02
1.765000e+02 1.806000e+02
1.777500e+02 1.830000e+02
1.790000e+02 1.854000e+02
1.800000e+02 1.866000e+02
1.810000e+02 1.878000e+02
1.832500e+02 1.914000e+02
1.855000e+02 1.950000e+02
1.867500e+02 1.974000e+02
1.880000e+02 1.998000e+02
1.895000e+02 2.019000e+02
1.910000e+02 2.040000e+02
1.922500e+02 2.061000e+02
1.935000e+02 2.082000e+02
1.950000e+02 2.106000e+02
1.965000e+02 2.130000e+02
1.977500e+02 2.148000e+02
1.990000e+02 2.166000e+02
2.000000e+02 2.184000e+02
2.010000e+02 2.202000e+02
2.020000e+02 2.214000e+02
2.030000e+02 2.226000e+02
2.040000e+02 2.241000e+02
2.050000e+02 2.256000e+02
2.057500e+02 2.268000e+02
2.065000e+02 2.280000e+02
2.075000e+02 2.289000e+02
2.085000e+02 2.298000e+02
2.092500e+02 2.310000e+02
2.100000e+02 2.322000e+02
2.105000e+02 2.328000e+02
2.110000e+02 2.334000e+02
2.112500e+02 2.337000e+02
2.115000e+02 2.340000e+02
2.117500e+02 2.343000e+02
2.120000e+02 2.346000e+02
2.122500e+02 2.349000e+02
2.125000e+02 2.352000e+02
2.125000e+02 2.352000e+02
2.125000e+02 2.352000e+02
2.127500e+02 2.352000e+02
2.130000e+02 2.352000e+02
2.132500e+02 2.352000e+02
2.135000e+02 2.352000e+02
2.137500e+02 2.349000e+02
2.140000e+02 2.346000e+02
2.142500e+02 2.343000e+02
2.145000e+02 2.340000e+02
2.147500e+02 2.334000e+02
2.150000e+02 2.328000e+02
2.155000e+02 2.322000e+02
2.160000e+02 2.316000e+02
2.165000e+02 2.307000e+02
2.170000e+02 2.298000e+02
2.180000e+02 2.286000e+02
2.190000e+02 2.274000e+02
2.200000e+02 2.259000e+02
2.210000e+02 2.244000e+02
2.220000e+02 2.229000e+02
2.230000e+02 2.214000e+02
2.242500e+02 2.202000e+02
2.255000e+02 2.190000e+02
2.272500e+02 2.172000e+02
2.290000e+02 2.154000e+02
2.312500e+02 2.139000e+02
2.335000e+02 2.124000e+02
2.357500e+02 2.106000e+02
2.380000e+02 2.088000e+02
2.407500e+02 2.073000e+02
2.435000e+02 2.058000e+02
2.465000e+02 2.043000e+02
2.495000e+02 2.028000e+02
2.530000e+02 2.010000e+02
2.565000e+02 1.992000e+02
2.600000e+02 1.977000e+02
2.635000e+02 1.962000e+02
2.670000e+02 1.947000e+02
2.705000e+02 1.932000e+02
2.745000e+02 1.917000e+02
2.785000e+02 1.902000e+02
2.825000e+02 1.887000e+02
2.865000e+02 1.872000e+02
2.910000e+02 1.857000e+02
2.955000e+02 1.842000e+02
2.995000e+02 1.830000e+02
3.035000e+02 1.818000e+02
3.080000e+02 1.803000e+02
3.125000e+02 1.788000e+02
3.167500e+02 1.773000e+02
3.210000e+02 1.758000e+02
3.260000e+02 1.746000e+02
3.310000e+02 1.734000e+02
3.365000e+02 1.719000e+02
3.420000e+02 1.704000e+02
3.492500e+02 1.689000e+02
3.565000e+02 1.674000e+02
3.615000e+02 1.665000e+02
3.665000e+02 1.656000e+02
3.717500e+02 1.644000e+02
3.770000e+02 1.632000e+02
3.827500e+02 1.620000e+02
3.885000e+02 1.608000e+02
3.935000e+02 1.599000e+02
3.985000e+02 1.590000e+02
4.032500e+02 1.581000e+02
4.080000e+02 1.572000e+02
4.132500e+02 1.566000e+02
4.185000e+02 1.560000e+02
4.232500e+02 1.551000e+02
4.280000e+02 1.542000e+02
4.330000e+02 1.536000e+02
4.380000e+02 1.530000e+02
4.422500e+02 1.524000e+02
4.465000e+02 1.518000e+02
4.507500e+02 1.512000e+02
4.550000e+02 1.506000e+02
4.590000e+02 1.503000e+02
4.630000e+02 1.500000e+02
4.665000e+02 1.494000e+02
4.700000e+02 1.488000e+02
4.737500e+02 1.485000e+02
4.775000e+02 1.482000e+02
4.807500e+02 1.479000e+02
4.840000e+02 1.476000e+02
4.870000e+02 1.473000e+02
4.900000e+02 1.470000e+02
4.925000e+02 1.467000e+02
4.950000e+02 1.464000e+02
4.972500e+02 1.461000e+02
4.995000e+02 1.458000e+02
5.017500e+02 1.455000e+02
5.040000e+02 1.452000e+02
5.057500e+02 1.452000e+02
5.075000e+02 1.452000e+02
5.090000e+02 1.452000e+02
5.105000e+02 1.452000e+02
5.122500e+02 1.449000e+02
5.140000e+02 1.446000e+02
5.152500e+02 1.443000e+02
5.165000e+02 1.440000e+02
5.172500e+02 1.440000e+02
5.180000e+02 1.440000e+02
5.185000e+02 1.440000e+02
5.190000e+02 1.440000e+02
5.192500e+02 1.440000e+02
5.195000e+02 1.440000e+02
5.197500e+02 1.440000e+02
5.200000e+02 1.440000e+02
5.202500e+02 1.440000e+02
5.205000e+02 1.440000e+02
5.205000e+02 1.440000e+02
5.205000e+02 1.440000e+02
5.207500e+02 1.440000e+02
5.210000e+02 1.440000e+02
5.210000e+02 1.440000e+02
5.210000e+02 1.440000e+02
5.210000e+02 1.440000e+02
5.210000e+02 1.440000e+02
5.210000e+02 1.440000e+02
5.210000e+02 1.440000e+02
5.210000e+02 1.440000e+02
5.210000e+02 1.440000e+02
5.210000e+02 1.440000e+02
5.210000e+02 1.440000e+02
5.210000e+02 1.440000e+02
5.210000e+02 1.440000e+02
5.207500e+02 1.440000e+02
5.205000e+02 1.440000e+02
5.205000e+02 1.443000e+02
5.205000e+02 1.446000e+02
5.205000e+02 1.449000e+02
5.205000e+02 1.452000e+02
5.205000e+02 1.452000e+02
