1.305000e+02 2.124000e+02
1.305000e+02 2.124000e+02
1.305000e+02 2.124000e+02
1.305000e+02 2.124000e+02
1.305000e+02 2.124000e+02
1.303750e+02 2.124000e+02
1.302500e+02 2.124000e+02
1.301250e+02 2.124000e+02
1.300000e+02 2.124000e+02
1.298750e+02 2.124000e+02
1.297500e+02 2.124000e+02
1.296250e+02 2.124000e+02
1.295000e+02 2.124000e+02
1.295000e+02 2.124000e+02
1.295000e+02 2.124000e+02
1.295000e+02 2.124000e+02
1.295000e+02 2.124000e+02
1.293750e+02 2.125500e+02
1.292500e+02 2.127000e+02
1.291250e+02 2.128500e+02
1.290000e+02 2.130000e+02
1.290000e+02 2.130000e+02
1.290000e+02 2.130000e+02
1.290000e+02 2.130000e+02
1.290000e+02 2.130000e+02
1.296250e+02 2.133000e+02
1.302500e+02 2.136000e+02
1.308750e+02 2.139000e+02
1.315000e+02 2.142000e+02
1.320000e+02 2.143500e+02
1.325000e+02 2.145000e+02
1.330000e+02 2.146500e+02
1.335000e+02 2.148000e+02
1.346250e+02 2.152500e+02
1.357500e+02 2.157000e+02
1.368750e+02 2.161500e+02
1.380000e+02 2.166000e+02
1.401250e+02 2.178000e+02
1.422500e+02 2.190000e+02
1.443750e+02 2.202000e+02
1.465000e+02 2.214000e+02
1.480000e+02 2.221500e+02
1.495000e+02 2.229000e+02
1.510000e+02 2.236500e+02
1.525000e+02 2.244000e+02
1.541250e+02 2.251500e+02
1.557500e+02 2.259000e+02
1.573750e+02 2.266500e+02
1.590000e+02 2.274000e+02
1.605000e+02 2.281500e+02
1.620000e+02 2.289000e+02
1.635000e+02 2.296500e+02
1.650000e+02 2.304000e+02
1.665000e+02 2.311500e+02
1.680000e+02 2.319000e+02
1.695000e+02 2.326500e+02
1.710000e+02 2.334000e+02
1.726250e+02 2.338500e+02
1.742500e+02 2.343000e+02
1.758750e+02 2.347500e+02
1.775000e+02 2.352000e+02
1.790000e+02 2.358000e+02
1.805000e+02 2.364000e+02
1.820000e+02 2.370000e+02
1.835000e+02 2.376000e+02
1.852500e+02 2.382000e+02
1.870000e+02 2.388000e+02
1.887500e+02 2.394000e+02
1.905000e+02 2.400000e+02
1.921250e+02 2.406000e+02
1.937500e+02 2.412000e+02
1.953750e+02 2.418000e+02
1.970000e+02 2.424000e+02
1.990000e+02 2.433000e+02
2.010000e+02 2.442000e+02
2.030000e+02 2.451000e+02
2.050000e+02 2.460000e+02
2.066250e+02 2.464500e+02
2.082500e+02 2.469000e+02
2.098750e+02 2.473500e+02
2.115000e+02 2.478000e+02
2.132500e+02 2.482500e+02
2.150000e+02 2.487000e+02
2.167500e+02 2.491500e+02
2.185000e+02 2.496000e+02
2.211250e+02 2.499000e+02
2.237500e+02 2.502000e+02
2.263750e+02 2.505000e+02
2.290000e+02 2.508000e+02
2.320000e+02 2.508000e+02
2.350000e+02 2.508000e+02
2.380000e+02 2.508000e+02
2.410000e+02 2.508000e+02
2.436250e+02 2.506500e+02
2.462500e+02 2.505000e+02
2.488750e+02 2.503500e+02
2.515000e+02 2.502000e+02
2.533750e+02 2.502000e+02
2.552500e+02 2.502000e+02
2.571250e+02 2.502000e+02
2.590000e+02 2.502000e+02
2.608750e+02 2.500500e+02
2.627500e+02 2.499000e+02
2.646250e+02 2.497500e+02
2.665000e+02 2.496000e+02
2.683750e+02 2.493000e+02
2.702500e+02 2.490000e+02
2.740000e+02 2.484000e+02
2.777500e+02 2.478000e+02
2.815000e+02 2.472000e+02
2.847500e+02 2.469000e+02
2.880000e+02 2.466000e+02
2.917500e+02 2.460000e+02
2.955000e+02 2.454000e+02
2.992500e+02 2.448000e+02
3.030000e+02 2.442000e+02
3.067500e+02 2.439000e+02
3.105000e+02 2.436000e+02
3.142500e+02 2.430000e+02
3.180000e+02 2.424000e+02
3.215000e+02 2.418000e+02
3.250000e+02 2.412000e+02
3.287500e+02 2.406000e+02
3.325000e+02 2.400000e+02
3.362500e+02 2.391000e+02
3.400000e+02 2.382000e+02
3.457500e+02 2.370000e+02
3.515000e+02 2.358000e+02
3.532500e+02 2.355000e+02
3.550000e+02 2.352000e+02
3.602500e+02 2.346000e+02
3.655000e+02 2.340000e+02
3.672500e+02 2.340000e+02
3.690000e+02 2.340000e+02
3.722500e+02 2.337000e+02
3.755000e+02 2.334000e+02
3.790000e+02 2.331000e+02
3.825000e+02 2.328000e+02
3.860000e+02 2.328000e+02
3.895000e+02 2.328000e+02
3.940000e+02 2.328000e+02
3.985000e+02 2.328000e+02
4.017500e+02 2.325000e+02
4.050000e+02 2.322000e+02
4.065000e+02 2.322000e+02
4.080000e+02 2.322000e+02
4.130000e+02 2.325000e+02
4.180000e+02 2.328000e+02
4.205000e+02 2.328000e+02
4.230000e+02 2.328000e+02
4.260000e+02 2.328000e+02
4.290000e+02 2.328000e+02
4.315000e+02 2.331000e+02
4.340000e+02 2.334000e+02
4.365000e+02 2.334000e+02
4.390000e+02 2.334000e+02
4.417500e+02 2.334000e+02
4.445000e+02 2.334000e+02
4.480000e+02 2.331000e+02
4.515000e+02 2.328000e+02
4.540000e+02 2.328000e+02
4.565000e+02 2.328000e+02
4.592500e+02 2.328000e+02
4.620000e+02 2.328000e+02
4.642500e+02 2.325000e+02
4.665000e+02 2.322000e+02
4.685000e+02 2.319000e+02
4.705000e+02 2.316000e+02
4.730000e+02 2.313000e+02
4.755000e+02 2.310000e+02
4.762500e+02 2.307000e+02
4.770000e+02 2.304000e+02
4.787500e+02 2.298000e+02
4.805000e+02 2.292000e+02
4.822500e+02 2.289000e+02
4.840000e+02 2.286000e+02
4.852500e+02 2.283000e+02
4.865000e+02 2.280000e+02
4.882500e+02 2.274000e+02
4.900000e+02 2.268000e+02
4.915000e+02 2.262000e+02
4.930000e+02 2.256000e+02
4.945000e+02 2.250000e+02
4.960000e+02 2.244000e+02
4.975000e+02 2.235000e+02
4.990000e+02 2.226000e+02
5.002500e+02 2.220000e+02
5.015000e+02 2.214000e+02
5.027500e+02 2.208000e+02
5.040000e+02 2.202000e+02
5.050000e+02 2.196000e+02
5.060000e+02 2.190000e+02
5.075000e+02 2.184000e+02
5.090000e+02 2.178000e+02
5.097500e+02 2.172000e+02
5.105000e+02 2.166000e+02
5.110000e+02 2.163000e+02
5.115000e+02 2.160000e+02
5.115000e+02 2.160000e+02
5.115000e+02 2.160000e+02
1.305000e+02 2.124000e+02
1.305000e+02 2.124000e+02
1.305000e+02 2.124000e+02
1.305000e+02 2.124000e+02
1.305000e+02 2.124000e+02
1.303750e+02 2.124000e+02
1.302500e+02 2.124000e+02
1.301250e+02 2.124000e+02
1.300000e+02 2.124000e+02
1.298750e+02 2.124000e+02
1.297500e+02 2.124000e+02
1.296250e+02 2.124000e+02
1.295000e+02 2.124000e+02
1.295000e+02 2.124000e+02
1.295000e+02 2.124000e+02
1.295000e+02 2.124000e+02
1.295000e+02 2.124000e+02
1.293750e+02 2.125500e+02
1.292500e+02 2.127000e+02
1.291250e+02 2.128500e+02
1.290000e+02 2.130000e+02
1.290000e+02 2.130000e+02
1.290000e+02 2.130000e+02
1.290000e+02 2.130000e+02
1.290000e+02 2.130000e+02
1.296250e+02 2.133000e+02
1.302500e+02 2.136000e+02
1.308750e+02 2.139000e+02
1.315000e+02 2.142000e+02
1.320000e+02 2.143500e+02
1.325000e+02 2.145000e+02
1.330000e+02 2.146500e+02
1.335000e+02 2.148000e+02
1.346250e+02 2.152500e+02
1.357500e+02 2.157000e+02
1.368750e+02 2.161500e+02
1.380000e+02 2.166000e+02
1.401250e+02 2.178000e+02
1.422500e+02 2.190000e+02
1.443750e+02 2.202000e+02
1.465000e+02 2.214000e+02
1.480000e+02 2.221500e+02
1.495000e+02 2.229000e+02
1.510000e+02 2.236500e+02
1.525000e+02 2.244000e+02
1.541250e+02 2.251500e+02
1.557500e+02 2.259000e+02
1.573750e+02 2.266500e+02
1.590000e+02 2.274000e+02
1.605000e+02 2.281500e+02
1.620000e+02 2.289000e+02
1.635000e+02 2.296500e+02
1.650000e+02 2.304000e+02
1.665000e+02 2.311500e+02
1.680000e+02 2.319000e+02
1.695000e+02 2.326500e+02
1.710000e+02 2.334000e+02
1.726250e+02 2.338500e+02
1.742500e+02 2.343000e+02
1.758750e+02 2.347500e+02
1.775000e+02 2.352000e+02
1.790000e+02 2.358000e+02
1.805000e+02 2.364000e+02
1.820000e+02 2.370000e+02
1.835000e+02 2.376000e+02
1.852500e+02 2.382000e+02
1.870000e+02 2.388000e+02
1.887500e+02 2.394000e+02
1.905000e+02 2.400000e+02
1.921250e+02 2.406000e+02
1.937500e+02 2.412000e+02
1.953750e+02 2.418000e+02
1.970000e+02 2.424000e+02
1.990000e+02 2.433000e+02
2.010000e+02 2.442000e+02
2.030000e+02 2.451000e+02
2.050000e+02 2.460000e+02
2.066250e+02 2.464500e+02
2.082500e+02 2.469000e+02
2.098750e+02 2.473500e+02
2.115000e+02 2.478000e+02
2.132500e+02 2.482500e+02
2.150000e+02 2.487000e+02
2.167500e+02 2.491500e+02
2.185000e+02 2.496000e+02
2.211250e+02 2.499000e+02
2.237500e+02 2.502000e+02
2.263750e+02 2.505000e+02
2.290000e+02 2.508000e+02
2.320000e+02 2.508000e+02
2.350000e+02 2.508000e+02
2.380000e+02 2.508000e+02
2.410000e+02 2.508000e+02
2.436250e+02 2.506500e+02
2.462500e+02 2.505000e+02
2.488750e+02 2.503500e+02
2.515000e+02 2.502000e+02
2.533750e+02 2.502000e+02
2.552500e+02 2.502000e+02
2.571250e+02 2.502000e+02
2.590000e+02 2.502000e+02
2.608750e+02 2.500500e+02
2.627500e+02 2.499000e+02
2.646250e+02 2.497500e+02
2.665000e+02 2.496000e+02
2.683750e+02 2.493000e+02
2.702500e+02 2.490000e+02
2.740000e+02 2.484000e+02
2.777500e+02 2.478000e+02
2.815000e+02 2.472000e+02
2.847500e+02 2.469000e+02
2.880000e+02 2.466000e+02
2.917500e+02 2.460000e+02
2.955000e+02 2.454000e+02
2.992500e+02 2.448000e+02
3.030000e+02 2.442000e+02
3.067500e+02 2.439000e+02
3.105000e+02 2.436000e+02
3.142500e+02 2.430000e+02
3.180000e+02 2.424000e+02
3.215000e+02 2.418000e+02
3.250000e+02 2.412000e+02
3.287500e+02 2.406000e+02
3.325000e+02 2.400000e+02
3.362500e+02 2.391000e+02
3.400000e+02 2.382000e+02
3.457500e+02 2.370000e+02
3.515000e+02 2.358000e+02
3.532500e+02 2.355000e+02
3.550000e+02 2.352000e+02
3.602500e+02 2.346000e+02
3.655000e+02 2.340000e+02
3.672500e+02 2.340000e+02
3.690000e+02 2.340000e+02
3.722500e+02 2.337000e+02
3.755000e+02 2.334000e+02
3.790000e+02 2.331000e+02
3.825000e+02 2.328000e+02
3.860000e+02 2.328000e+02
3.895000e+02 2.328000e+02
3.940000e+02 2.328000e+02
3.985000e+02 2.328000e+02
4.017500e+02 2.325000e+02
4.050000e+02 2.322000e+02
4.065000e+02 2.322000e+02
4.080000e+02 2.322000e+02
4.130000e+02 2.325000e+02
4.180000e+02 2.328000e+02
4.205000e+02 2.328000e+02
4.230000e+02 2.328000e+02
4.260000e+02 2.328000e+02
4.290000e+02 2.328000e+02
4.315000e+02 2.331000e+02
4.340000e+02 2.334000e+02
4.365000e+02 2.334000e+02
4.390000e+02 2.334000e+02
4.417500e+02 2.334000e+02
4.445000e+02 2.334000e+02
4.480000e+02 2.331000e+02
4.515000e+02 2.328000e+02
4.540000e+02 2.328000e+02
4.565000e+02 2.328000e+02
4.592500e+02 2.328000e+02
4.620000e+02 2.328000e+02
4.642500e+02 2.325000e+02
4.665000e+02 2.322000e+02
4.685000e+02 2.319000e+02
4.705000e+02 2.316000e+02
4.730000e+02 2.313000e+02
4.755000e+02 2.310000e+02
4.762500e+02 2.307000e+02
4.770000e+02 2.304000e+02
4.787500e+02 2.298000e+02
4.805000e+02 2.292000e+02
4.822500e+02 2.289000e+02
4.840000e+02 2.286000e+02
4.852500e+02 2.283000e+02
4.865000e+02 2.280000e+02
4.882500e+02 2.274000e+02
4.900000e+02 2.268000e+02
4.915000e+02 2.262000e+02
4.930000e+02 2.256000e+02
4.945000e+02 2.250000e+02
4.960000e+02 2.244000e+02
4.975000e+02 2.235000e+02
4.990000e+02 2.226000e+02
5.002500e+02 2.220000e+02
5.015000e+02 2.214000e+02
5.027500e+02 2.208000e+02
5.040000e+02 2.202000e+02
5.050000e+02 2.196000e+02
5.060000e+02 2.190000e+02
5.075000e+02 2.184000e+02
5.090000e+02 2.178000e+02
5.097500e+02 2.172000e+02
5.105000e+02 2.166000e+02
5.110000e+02 2.163000e+02
5.115000e+02 2.160000e+02
5.115000e+02 2.160000e+02
5.115000e+02 2.160000e+02
1.305000e+02 2.124000e+02
1.305000e+02 2.124000e+02
1.305000e+02 2.124000e+02
1.305000e+02 2.124000e+02
1.305000e+02 2.124000e+02
1.303750e+02 2.124000e+02
1.302500e+02 2.124000e+02
1.301250e+02 2.124000e+02
1.300000e+02 2.124000e+02
1.298750e+02 2.124000e+02
1.297500e+02 2.124000e+02
1.296250e+02 2.124000e+02
1.295000e+02 2.124000e+02
1.295000e+02 2.124000e+02
1.295000e+02 2.124000e+02
1.295000e+02 2.124000e+02
1.295000e+02 2.124000e+02
1.293750e+02 2.125500e+02
1.292500e+02 2.127000e+02
1.291250e+02 2.128500e+02
1.290000e+02 2.130000e+02
1.290000e+02 2.130000e+02
1.290000e+02 2.130000e+02
1.290000e+02 2.130000e+02
1.290000e+02 2.130000e+02
1.296250e+02 2.133000e+02
1.302500e+02 2.136000e+02
1.308750e+02 2.139000e+02
1.315000e+02 2.142000e+02
1.320000e+02 2.143500e+02
1.325000e+02 2.145000e+02
1.330000e+02 2.146500e+02
1.335000e+02 2.148000e+02
1.346250e+02 2.152500e+02
1.357500e+02 2.157000e+02
1.368750e+02 2.161500e+02
1.380000e+02 2.166000e+02
1.401250e+02 2.178000e+02
1.422500e+02 2.190000e+02
1.443750e+02 2.202000e+02
1.465000e+02 2.214000e+02
1.480000e+02 2.221500e+02
1.495000e+02 2.229000e+02
1.510000e+02 2.236500e+02
1.525000e+02 2.244000e+02
1.541250e+02 2.251500e+02
1.557500e+02 2.259000e+02
1.573750e+02 2.266500e+02
1.590000e+02 2.274000e+02
1.605000e+02 2.281500e+02
1.620000e+02 2.289000e+02
1.635000e+02 2.296500e+02
1.650000e+02 2.304000e+02
1.665000e+02 2.311500e+02
1.680000e+02 2.319000e+02
1.695000e+02 2.326500e+02
1.710000e+02 2.334000e+02
1.726250e+02 2.338500e+02
1.742500e+02 2.343000e+02
1.758750e+02 2.347500e+02
1.775000e+02 2.352000e+02
1.790000e+02 2.358000e+02
1.805000e+02 2.364000e+02
1.820000e+02 2.370000e+02
1.835000e+02 2.376000e+02
1.852500e+02 2.382000e+02
1.870000e+02 2.388000e+02
1.887500e+02 2.394000e+02
1.905000e+02 2.400000e+02
1.921250e+02 2.406000e+02
1.937500e+02 2.412000e+02
1.953750e+02 2.418000e+02
1.970000e+02 2.424000e+02
1.990000e+02 2.433000e+02
2.010000e+02 2.442000e+02
2.030000e+02 2.451000e+02
2.050000e+02 2.460000e+02
2.066250e+02 2.464500e+02
2.082500e+02 2.469000e+02
2.098750e+02 2.473500e+02
2.115000e+02 2.478000e+02
2.132500e+02 2.482500e+02
2.150000e+02 2.487000e+02
2.167500e+02 2.491500e+02
2.185000e+02 2.496000e+02
2.211250e+02 2.499000e+02
2.237500e+02 2.502000e+02
2.263750e+02 2.505000e+02
2.290000e+02 2.508000e+02
2.320000e+02 2.508000e+02
2.350000e+02 2.508000e+02
2.380000e+02 2.508000e+02
2.410000e+02 2.508000e+02
2.436250e+02 2.506500e+02
2.462500e+02 2.505000e+02
2.488750e+02 2.503500e+02
2.515000e+02 2.502000e+02
2.533750e+02 2.502000e+02
2.552500e+02 2.502000e+02
2.571250e+02 2.502000e+02
2.590000e+02 2.502000e+02
2.608750e+02 2.500500e+02
2.627500e+02 2.499000e+02
2.646250e+02 2.497500e+02
2.665000e+02 2.496000e+02
2.683750e+02 2.493000e+02
2.702500e+02 2.490000e+02
2.740000e+02 2.484000e+02
2.777500e+02 2.478000e+02
2.815000e+02 2.472000e+02
2.847500e+02 2.469000e+02
2.880000e+02 2.466000e+02
2.917500e+02 2.460000e+02
2.955000e+02 2.454000e+02
2.992500e+02 2.448000e+02
3.030000e+02 2.442000e+02
3.067500e+02 2.439000e+02
3.105000e+02 2.436000e+02
3.142500e+02 2.430000e+02
3.180000e+02 2.424000e+02
3.215000e+02 2.418000e+02
3.250000e+02 2.412000e+02
3.287500e+02 2.406000e+02
3.325000e+02 2.400000e+02
3.362500e+02 2.391000e+02
3.400000e+02 2.382000e+02
3.457500e+02 2.370000e+02
3.515000e+02 2.358000e+02
3.532500e+02 2.355000e+02
3.550000e+02 2.352000e+02
3.602500e+02 2.346000e+02
3.655000e+02 2.340000e+02
3.672500e+02 2.340000e+02
3.690000e+02 2.340000e+02
3.722500e+02 2.337000e+02
3.755000e+02 2.334000e+02
3.790000e+02 2.331000e+02
3.825000e+02 2.328000e+02
3.860000e+02 2.328000e+02
3.895000e+02 2.328000e+02
3.940000e+02 2.328000e+02
3.985000e+02 2.328000e+02
4.017500e+02 2.325000e+02
4.050000e+02 2.322000e+02
4.065000e+02 2.322000e+02
4.080000e+02 2.322000e+02
4.130000e+02 2.325000e+02
4.180000e+02 2.328000e+02
4.205000e+02 2.328000e+02
4.230000e+02 2.328000e+02
4.260000e+02 2.328000e+02
4.290000e+02 2.328000e+02
4.315000e+02 2.331000e+02
4.340000e+02 2.334000e+02
4.365000e+02 2.334000e+02
4.390000e+02 2.334000e+02
4.417500e+02 2.334000e+02
4.445000e+02 2.334000e+02
4.480000e+02 2.331000e+02
4.515000e+02 2.328000e+02
4.540000e+02 2.328000e+02
4.565000e+02 2.328000e+02
4.592500e+02 2.328000e+02
4.620000e+02 2.328000e+02
4.642500e+02 2.325000e+02
4.665000e+02 2.322000e+02
4.685000e+02 2.319000e+02
4.705000e+02 2.316000e+02
4.730000e+02 2.313000e+02
4.755000e+02 2.310000e+02
4.762500e+02 2.307000e+02
4.770000e+02 2.304000e+02
4.787500e+02 2.298000e+02
4.805000e+02 2.292000e+02
4.822500e+02 2.289000e+02
4.840000e+02 2.286000e+02
4.852500e+02 2.283000e+02
4.865000e+02 2.280000e+02
4.882500e+02 2.274000e+02
4.900000e+02 2.268000e+02
4.915000e+02 2.262000e+02
4.930000e+02 2.256000e+02
4.945000e+02 2.250000e+02
4.960000e+02 2.244000e+02
4.975000e+02 2.235000e+02
4.990000e+02 2.226000e+02
5.002500e+02 2.220000e+02
5.015000e+02 2.214000e+02
5.027500e+02 2.208000e+02
5.040000e+02 2.202000e+02
5.050000e+02 2.196000e+02
5.060000e+02 2.190000e+02
5.075000e+02 2.184000e+02
5.090000e+02 2.178000e+02
5.097500e+02 2.172000e+02
5.105000e+02 2.166000e+02
5.110000e+02 2.163000e+02
5.115000e+02 2.160000e+02
5.115000e+02 2.160000e+02
5.115000e+02 2.160000e+02
