2.170000e+02 3.150000e+02
2.170000e+02 3.150000e+02
2.170000e+02 3.150000e+02
2.177500e+02 3.123000e+02
2.185000e+02 3.096000e+02
2.190000e+02 3.078000e+02
2.195000e+02 3.060000e+02
2.212500e+02 3.018000e+02
2.230000e+02 2.976000e+02
2.250000e+02 2.928000e+02
2.290000e+02 2.808000e+02
2.340000e+02 2.670000e+02
2.365000e+02 2.598000e+02
2.415000e+02 2.454000e+02
2.465000e+02 2.304000e+02
2.490000e+02 2.232000e+02
2.545000e+02 2.088000e+02
2.600000e+02 1.938000e+02
2.630000e+02 1.860000e+02
2.690000e+02 1.710000e+02
2.745000e+02 1.578000e+02
2.770000e+02 1.512000e+02
2.830000e+02 1.374000e+02
2.885000e+02 1.236000e+02
2.945000e+02 1.110000e+02
2.970000e+02 1.044000e+02
3.020000e+02 9.420000e+01
3.065000e+02 8.460000e+01
3.105000e+02 7.620000e+01
3.145000e+02 6.840000e+01
3.160000e+02 6.480000e+01
3.190000e+02 6.000000e+01
3.220000e+02 5.580000e+01
3.235000e+02 5.460000e+01
3.265000e+02 5.280000e+01
3.290000e+02 5.280000e+01
3.300000e+02 5.340000e+01
3.320000e+02 5.580000e+01
3.340000e+02 5.940000e+01
3.350000e+02 6.240000e+01
3.375000e+02 6.780000e+01
3.400000e+02 7.560000e+01
3.410000e+02 7.980000e+01
3.440000e+02 8.880000e+01
3.470000e+02 9.960000e+01
3.510000e+02 1.110000e+02
3.530000e+02 1.176000e+02
3.575000e+02 1.308000e+02
3.595000e+02 1.374000e+02
3.645000e+02 1.512000e+02
3.695000e+02 1.650000e+02
3.725000e+02 1.716000e+02
3.785000e+02 1.860000e+02
3.845000e+02 2.004000e+02
3.880000e+02 2.076000e+02
3.910000e+02 2.142000e+02
3.965000e+02 2.286000e+02
3.995000e+02 2.352000e+02
4.040000e+02 2.478000e+02
4.090000e+02 2.604000e+02
4.135000e+02 2.724000e+02
4.175000e+02 2.826000e+02
4.190000e+02 2.874000e+02
4.210000e+02 2.922000e+02
4.240000e+02 3.012000e+02
4.265000e+02 3.090000e+02
4.275000e+02 3.120000e+02
4.290000e+02 3.174000e+02
4.295000e+02 3.192000e+02
4.305000e+02 3.228000e+02
4.310000e+02 3.234000e+02
4.310000e+02 3.258000e+02
4.305000e+02 3.264000e+02
4.290000e+02 3.258000e+02
4.280000e+02 3.258000e+02
4.250000e+02 3.240000e+02
4.210000e+02 3.210000e+02
4.160000e+02 3.168000e+02
4.105000e+02 3.126000e+02
4.035000e+02 3.066000e+02
3.995000e+02 3.042000e+02
3.905000e+02 2.988000e+02
3.805000e+02 2.928000e+02
3.690000e+02 2.874000e+02
3.565000e+02 2.814000e+02
3.375000e+02 2.724000e+02
3.310000e+02 2.700000e+02
3.170000e+02 2.646000e+02
3.100000e+02 2.616000e+02
2.955000e+02 2.556000e+02
2.815000e+02 2.508000e+02
2.680000e+02 2.460000e+02
2.615000e+02 2.436000e+02
2.550000e+02 2.412000e+02
2.415000e+02 2.370000e+02
2.355000e+02 2.352000e+02
2.290000e+02 2.334000e+02
2.160000e+02 2.304000e+02
2.045000e+02 2.280000e+02
1.990000e+02 2.268000e+02
1.875000e+02 2.250000e+02
1.770000e+02 2.232000e+02
1.720000e+02 2.226000e+02
1.635000e+02 2.214000e+02
1.565000e+02 2.208000e+02
1.540000e+02 2.208000e+02
1.495000e+02 2.202000e+02
1.465000e+02 2.196000e+02
1.445000e+02 2.190000e+02
1.445000e+02 2.178000e+02
1.470000e+02 2.166000e+02
1.490000e+02 2.154000e+02
1.545000e+02 2.124000e+02
1.620000e+02 2.088000e+02
1.665000e+02 2.070000e+02
1.770000e+02 2.034000e+02
1.835000e+02 2.016000e+02
1.965000e+02 1.968000e+02
2.105000e+02 1.920000e+02
2.185000e+02 1.902000e+02
2.340000e+02 1.854000e+02
2.495000e+02 1.800000e+02
2.645000e+02 1.758000e+02
2.725000e+02 1.734000e+02
2.885000e+02 1.680000e+02
3.050000e+02 1.626000e+02
3.125000e+02 1.602000e+02
3.275000e+02 1.554000e+02
3.420000e+02 1.506000e+02
3.490000e+02 1.482000e+02
3.630000e+02 1.434000e+02
3.770000e+02 1.392000e+02
3.835000e+02 1.368000e+02
3.950000e+02 1.326000e+02
4.060000e+02 1.290000e+02
4.165000e+02 1.254000e+02
4.265000e+02 1.224000e+02
4.305000e+02 1.206000e+02
4.385000e+02 1.176000e+02
4.460000e+02 1.152000e+02
4.490000e+02 1.140000e+02
4.520000e+02 1.128000e+02
4.550000e+02 1.128000e+02
4.595000e+02 1.116000e+02
4.635000e+02 1.104000e+02
4.645000e+02 1.098000e+02
4.670000e+02 1.098000e+02
4.685000e+02 1.092000e+02
4.690000e+02 1.092000e+02
4.700000e+02 1.092000e+02
4.700000e+02 1.092000e+02
4.705000e+02 1.092000e+02
4.705000e+02 1.092000e+02
4.700000e+02 1.092000e+02
4.695000e+02 1.098000e+02
4.685000e+02 1.104000e+02
4.680000e+02 1.110000e+02
4.660000e+02 1.128000e+02
4.635000e+02 1.158000e+02
4.605000e+02 1.188000e+02
4.590000e+02 1.200000e+02
4.545000e+02 1.242000e+02
4.500000e+02 1.290000e+02
4.450000e+02 1.344000e+02
4.385000e+02 1.410000e+02
4.325000e+02 1.476000e+02
4.255000e+02 1.560000e+02
4.220000e+02 1.596000e+02
4.150000e+02 1.680000e+02
4.075000e+02 1.770000e+02
4.030000e+02 1.818000e+02
3.940000e+02 1.920000e+02
3.890000e+02 1.974000e+02
3.800000e+02 2.082000e+02
3.695000e+02 2.190000e+02
3.580000e+02 2.310000e+02
3.470000e+02 2.418000e+02
3.355000e+02 2.526000e+02
3.235000e+02 2.634000e+02
3.180000e+02 2.688000e+02
3.070000e+02 2.790000e+02
2.970000e+02 2.874000e+02
2.925000e+02 2.922000e+02
2.840000e+02 2.994000e+02
2.805000e+02 3.030000e+02
2.730000e+02 3.102000e+02
2.665000e+02 3.162000e+02
2.640000e+02 3.186000e+02
2.585000e+02 3.246000e+02
2.540000e+02 3.294000e+02
2.515000e+02 3.318000e+02
2.485000e+02 3.354000e+02
2.455000e+02 3.384000e+02
2.435000e+02 3.408000e+02
2.425000e+02 3.420000e+02
2.410000e+02 3.444000e+02
2.400000e+02 3.450000e+02
2.390000e+02 3.462000e+02
2.385000e+02 3.474000e+02
2.385000e+02 3.474000e+02
2.170000e+02 3.150000e+02
2.170000e+02 3.150000e+02
2.170000e+02 3.150000e+02
2.177500e+02 3.123000e+02
2.185000e+02 3.096000e+02
2.190000e+02 3.078000e+02
2.195000e+02 3.060000e+02
2.212500e+02 3.018000e+02
2.230000e+02 2.976000e+02
2.250000e+02 2.928000e+02
2.290000e+02 2.808000e+02
2.340000e+02 2.670000e+02
2.365000e+02 2.598000e+02
2.415000e+02 2.454000e+02
2.465000e+02 2.304000e+02
2.490000e+02 2.232000e+02
2.545000e+02 2.088000e+02
2.600000e+02 1.938000e+02
2.630000e+02 1.860000e+02
2.690000e+02 1.710000e+02
2.745000e+02 1.578000e+02
2.770000e+02 1.512000e+02
2.830000e+02 1.374000e+02
2.885000e+02 1.236000e+02
2.945000e+02 1.110000e+02
2.970000e+02 1.044000e+02
3.020000e+02 9.420000e+01
3.065000e+02 8.460000e+01
3.105000e+02 7.620000e+01
3.145000e+02 6.840000e+01
3.160000e+02 6.480000e+01
3.190000e+02 6.000000e+01
3.220000e+02 5.580000e+01
3.235000e+02 5.460000e+01
3.265000e+02 5.280000e+01
3.290000e+02 5.280000e+01
3.300000e+02 5.340000e+01
3.320000e+02 5.580000e+01
3.340000e+02 5.940000e+01
3.350000e+02 6.240000e+01
3.375000e+02 6.780000e+01
3.400000e+02 7.560000e+01
3.410000e+02 7.980000e+01
3.440000e+02 8.880000e+01
3.470000e+02 9.960000e+01
3.510000e+02 1.110000e+02
3.530000e+02 1.176000e+02
3.575000e+02 1.308000e+02
3.595000e+02 1.374000e+02
3.645000e+02 1.512000e+02
3.695000e+02 1.650000e+02
3.725000e+02 1.716000e+02
3.785000e+02 1.860000e+02
3.845000e+02 2.004000e+02
3.880000e+02 2.076000e+02
3.910000e+02 2.142000e+02
3.965000e+02 2.286000e+02
3.995000e+02 2.352000e+02
4.040000e+02 2.478000e+02
4.090000e+02 2.604000e+02
4.135000e+02 2.724000e+02
4.175000e+02 2.826000e+02
4.190000e+02 2.874000e+02
4.210000e+02 2.922000e+02
4.240000e+02 3.012000e+02
4.265000e+02 3.090000e+02
4.275000e+02 3.120000e+02
4.290000e+02 3.174000e+02
4.295000e+02 3.192000e+02
4.305000e+02 3.228000e+02
4.310000e+02 3.234000e+02
4.310000e+02 3.258000e+02
4.305000e+02 3.264000e+02
4.290000e+02 3.258000e+02
4.280000e+02 3.258000e+02
4.250000e+02 3.240000e+02
4.210000e+02 3.210000e+02
4.160000e+02 3.168000e+02
4.105000e+02 3.126000e+02
4.035000e+02 3.066000e+02
3.995000e+02 3.042000e+02
3.905000e+02 2.988000e+02
3.805000e+02 2.928000e+02
3.690000e+02 2.874000e+02
3.565000e+02 2.814000e+02
3.375000e+02 2.724000e+02
3.310000e+02 2.700000e+02
3.170000e+02 2.646000e+02
3.100000e+02 2.616000e+02
2.955000e+02 2.556000e+02
2.815000e+02 2.508000e+02
2.680000e+02 2.460000e+02
2.615000e+02 2.436000e+02
2.550000e+02 2.412000e+02
2.415000e+02 2.370000e+02
2.355000e+02 2.352000e+02
2.290000e+02 2.334000e+02
2.160000e+02 2.304000e+02
2.045000e+02 2.280000e+02
1.990000e+02 2.268000e+02
1.875000e+02 2.250000e+02
1.770000e+02 2.232000e+02
1.720000e+02 2.226000e+02
1.635000e+02 2.214000e+02
1.565000e+02 2.208000e+02
1.540000e+02 2.208000e+02
1.495000e+02 2.202000e+02
1.465000e+02 2.196000e+02
1.445000e+02 2.190000e+02
1.445000e+02 2.178000e+02
1.470000e+02 2.166000e+02
1.490000e+02 2.154000e+02
1.545000e+02 2.124000e+02
1.620000e+02 2.088000e+02
1.665000e+02 2.070000e+02
1.770000e+02 2.034000e+02
1.835000e+02 2.016000e+02
1.965000e+02 1.968000e+02
2.105000e+02 1.920000e+02
2.185000e+02 1.902000e+02
2.340000e+02 1.854000e+02
2.495000e+02 1.800000e+02
2.645000e+02 1.758000e+02
2.725000e+02 1.734000e+02
2.885000e+02 1.680000e+02
3.050000e+02 1.626000e+02
3.125000e+02 1.602000e+02
3.275000e+02 1.554000e+02
3.420000e+02 1.506000e+02
3.490000e+02 1.482000e+02
3.630000e+02 1.434000e+02
3.770000e+02 1.392000e+02
3.835000e+02 1.368000e+02
3.950000e+02 1.326000e+02
4.060000e+02 1.290000e+02
4.165000e+02 1.254000e+02
4.265000e+02 1.224000e+02
4.305000e+02 1.206000e+02
4.385000e+02 1.176000e+02
4.460000e+02 1.152000e+02
4.490000e+02 1.140000e+02
4.520000e+02 1.128000e+02
4.550000e+02 1.128000e+02
4.595000e+02 1.116000e+02
4.635000e+02 1.104000e+02
4.645000e+02 1.098000e+02
4.670000e+02 1.098000e+02
4.685000e+02 1.092000e+02
4.690000e+02 1.092000e+02
4.700000e+02 1.092000e+02
4.700000e+02 1.092000e+02
4.705000e+02 1.092000e+02
4.705000e+02 1.092000e+02
4.700000e+02 1.092000e+02
4.695000e+02 1.098000e+02
4.685000e+02 1.104000e+02
4.680000e+02 1.110000e+02
4.660000e+02 1.128000e+02
4.635000e+02 1.158000e+02
4.605000e+02 1.188000e+02
4.590000e+02 1.200000e+02
4.545000e+02 1.242000e+02
4.500000e+02 1.290000e+02
4.450000e+02 1.344000e+02
4.385000e+02 1.410000e+02
4.325000e+02 1.476000e+02
4.255000e+02 1.560000e+02
4.220000e+02 1.596000e+02
4.150000e+02 1.680000e+02
4.075000e+02 1.770000e+02
4.030000e+02 1.818000e+02
3.940000e+02 1.920000e+02
3.890000e+02 1.974000e+02
3.800000e+02 2.082000e+02
3.695000e+02 2.190000e+02
3.580000e+02 2.310000e+02
3.470000e+02 2.418000e+02
3.355000e+02 2.526000e+02
3.235000e+02 2.634000e+02
3.180000e+02 2.688000e+02
3.070000e+02 2.790000e+02
2.970000e+02 2.874000e+02
2.925000e+02 2.922000e+02
2.840000e+02 2.994000e+02
2.805000e+02 3.030000e+02
2.730000e+02 3.102000e+02
2.665000e+02 3.162000e+02
2.640000e+02 3.186000e+02
2.585000e+02 3.246000e+02
2.540000e+02 3.294000e+02
2.515000e+02 3.318000e+02
2.485000e+02 3.354000e+02
2.455000e+02 3.384000e+02
2.435000e+02 3.408000e+02
2.425000e+02 3.420000e+02
2.410000e+02 3.444000e+02
2.400000e+02 3.450000e+02
2.390000e+02 3.462000e+02
2.385000e+02 3.474000e+02
2.385000e+02 3.474000e+02
2.170000e+02 3.150000e+02
2.170000e+02 3.150000e+02
2.170000e+02 3.150000e+02
2.177500e+02 3.123000e+02
2.185000e+02 3.096000e+02
2.190000e+02 3.078000e+02
2.195000e+02 3.060000e+02
2.212500e+02 3.018000e+02
2.230000e+02 2.976000e+02
2.250000e+02 2.928000e+02
2.290000e+02 2.808000e+02
2.340000e+02 2.670000e+02
2.365000e+02 2.598000e+02
2.415000e+02 2.454000e+02
2.465000e+02 2.304000e+02
2.490000e+02 2.232000e+02
2.545000e+02 2.088000e+02
2.600000e+02 1.938000e+02
2.630000e+02 1.860000e+02
2.690000e+02 1.710000e+02
2.745000e+02 1.578000e+02
2.770000e+02 1.512000e+02
2.830000e+02 1.374000e+02
2.885000e+02 1.236000e+02
2.945000e+02 1.110000e+02
2.970000e+02 1.044000e+02
3.020000e+02 9.420000e+01
3.065000e+02 8.460000e+01
3.105000e+02 7.620000e+01
3.145000e+02 6.840000e+01
3.160000e+02 6.480000e+01
3.190000e+02 6.000000e+01
3.220000e+02 5.580000e+01
3.235000e+02 5.460000e+01
3.265000e+02 5.280000e+01
3.290000e+02 5.280000e+01
3.300000e+02 5.340000e+01
3.320000e+02 5.580000e+01
3.340000e+02 5.940000e+01
3.350000e+02 6.240000e+01
3.375000e+02 6.780000e+01
3.400000e+02 7.560000e+01
3.410000e+02 7.980000e+01
3.440000e+02 8.880000e+01
3.470000e+02 9.960000e+01
3.510000e+02 1.110000e+02
3.530000e+02 1.176000e+02
3.575000e+02 1.308000e+02
3.595000e+02 1.374000e+02
3.645000e+02 1.512000e+02
3.695000e+02 1.650000e+02
3.725000e+02 1.716000e+02
3.785000e+02 1.860000e+02
3.845000e+02 2.004000e+02
3.880000e+02 2.076000e+02
3.910000e+02 2.142000e+02
3.965000e+02 2.286000e+02
3.995000e+02 2.352000e+02
4.040000e+02 2.478000e+02
4.090000e+02 2.604000e+02
4.135000e+02 2.724000e+02
4.175000e+02 2.826000e+02
4.190000e+02 2.874000e+02
4.210000e+02 2.922000e+02
4.240000e+02 3.012000e+02
4.265000e+02 3.090000e+02
4.275000e+02 3.120000e+02
4.290000e+02 3.174000e+02
4.295000e+02 3.192000e+02
4.305000e+02 3.228000e+02
4.310000e+02 3.234000e+02
4.310000e+02 3.258000e+02
4.305000e+02 3.264000e+02
4.290000e+02 3.258000e+02
4.280000e+02 3.258000e+02
4.250000e+02 3.240000e+02
4.210000e+02 3.210000e+02
4.160000e+02 3.168000e+02
4.105000e+02 3.126000e+02
4.035000e+02 3.066000e+02
3.995000e+02 3.042000e+02
3.905000e+02 2.988000e+02
3.805000e+02 2.928000e+02
3.690000e+02 2.874000e+02
3.565000e+02 2.814000e+02
3.375000e+02 2.724000e+02
3.310000e+02 2.700000e+02
3.170000e+02 2.646000e+02
3.100000e+02 2.616000e+02
2.955000e+02 2.556000e+02
2.815000e+02 2.508000e+02
2.680000e+02 2.460000e+02
2.615000e+02 2.436000e+02
2.550000e+02 2.412000e+02
2.415000e+02 2.370000e+02
2.355000e+02 2.352000e+02
2.290000e+02 2.334000e+02
2.160000e+02 2.304000e+02
2.045000e+02 2.280000e+02
1.990000e+02 2.268000e+02
1.875000e+02 2.250000e+02
1.770000e+02 2.232000e+02
1.720000e+02 2.226000e+02
1.635000e+02 2.214000e+02
1.565000e+02 2.208000e+02
1.540000e+02 2.208000e+02
1.495000e+02 2.202000e+02
1.465000e+02 2.196000e+02
1.445000e+02 2.190000e+02
1.445000e+02 2.178000e+02
1.470000e+02 2.166000e+02
1.490000e+02 2.154000e+02
1.545000e+02 2.124000e+02
1.620000e+02 2.088000e+02
1.665000e+02 2.070000e+02
1.770000e+02 2.034000e+02
1.835000e+02 2.016000e+02
1.965000e+02 1.968000e+02
2.105000e+02 1.920000e+02
2.185000e+02 1.902000e+02
2.340000e+02 1.854000e+02
2.495000e+02 1.800000e+02
2.645000e+02 1.758000e+02
2.725000e+02 1.734000e+02
2.885000e+02 1.680000e+02
3.050000e+02 1.626000e+02
3.125000e+02 1.602000e+02
3.275000e+02 1.554000e+02
3.420000e+02 1.506000e+02
3.490000e+02 1.482000e+02
3.630000e+02 1.434000e+02
3.770000e+02 1.392000e+02
3.835000e+02 1.368000e+02
3.950000e+02 1.326000e+02
4.060000e+02 1.290000e+02
4.165000e+02 1.254000e+02
4.265000e+02 1.224000e+02
4.305000e+02 1.206000e+02
4.385000e+02 1.176000e+02
4.460000e+02 1.152000e+02
4.490000e+02 1.140000e+02
4.520000e+02 1.128000e+02
4.550000e+02 1.128000e+02
4.595000e+02 1.116000e+02
4.635000e+02 1.104000e+02
4.645000e+02 1.098000e+02
4.670000e+02 1.098000e+02
4.685000e+02 1.092000e+02
4.690000e+02 1.092000e+02
4.700000e+02 1.092000e+02
4.700000e+02 1.092000e+02
4.705000e+02 1.092000e+02
4.705000e+02 1.092000e+02
4.700000e+02 1.092000e+02
4.695000e+02 1.098000e+02
4.685000e+02 1.104000e+02
4.680000e+02 1.110000e+02
4.660000e+02 1.128000e+02
4.635000e+02 1.158000e+02
4.605000e+02 1.188000e+02
4.590000e+02 1.200000e+02
4.545000e+02 1.242000e+02
4.500000e+02 1.290000e+02
4.450000e+02 1.344000e+02
4.385000e+02 1.410000e+02
4.325000e+02 1.476000e+02
4.255000e+02 1.560000e+02
4.220000e+02 1.596000e+02
4.150000e+02 1.680000e+02
4.075000e+02 1.770000e+02
4.030000e+02 1.818000e+02
3.940000e+02 1.920000e+02
3.890000e+02 1.974000e+02
3.800000e+02 2.082000e+02
3.695000e+02 2.190000e+02
3.580000e+02 2.310000e+02
3.470000e+02 2.418000e+02
3.355000e+02 2.526000e+02
3.235000e+02 2.634000e+02
3.180000e+02 2.688000e+02
3.070000e+02 2.790000e+02
2.970000e+02 2.874000e+02
2.925000e+02 2.922000e+02
2.840000e+02 2.994000e+02
2.805000e+02 3.030000e+02
2.730000e+02 3.102000e+02
2.665000e+02 3.162000e+02
2.640000e+02 3.186000e+02
2.585000e+02 3.246000e+02
2.540000e+02 3.294000e+02
2.515000e+02 3.318000e+02
2.485000e+02 3.354000e+02
2.455000e+02 3.384000e+02
2.435000e+02 3.408000e+02
2.425000e+02 3.420000e+02
2.410000e+02 3.444000e+02
2.400000e+02 3.450000e+02
2.390000e+02 3.462000e+02
2.385000e+02 3.474000e+02
2.385000e+02 3.474000e+02
