3.740000e+02 3.564000e+02
3.740000e+02 3.564000e+02
3.740000e+02 3.564000e+02
3.740000e+02 3.564000e+02
3.740000e+02 3.564000e+02
3.741250e+02 3.553500e+02
3.742500e+02 3.543000e+02
3.743750e+02 3.532500e+02
3.745000e+02 3.522000e+02
3.746250e+02 3.516000e+02
3.747500e+02 3.510000e+02
3.748750e+02 3.504000e+02
3.750000e+02 3.498000e+02
3.752500e+02 3.483000e+02
3.755000e+02 3.468000e+02
3.760000e+02 3.438000e+02
3.765000e+02 3.420000e+02
3.770000e+02 3.402000e+02
3.780000e+02 3.363000e+02
3.790000e+02 3.324000e+02
3.797500e+02 3.279000e+02
3.805000e+02 3.234000e+02
3.812500e+02 3.180000e+02
3.820000e+02 3.126000e+02
3.825000e+02 3.099000e+02
3.830000e+02 3.072000e+02
3.842500e+02 3.012000e+02
3.855000e+02 2.952000e+02
3.870000e+02 2.886000e+02
3.885000e+02 2.820000e+02
3.892500e+02 2.784000e+02
3.900000e+02 2.748000e+02
3.915000e+02 2.682000e+02
3.930000e+02 2.616000e+02
3.947500e+02 2.550000e+02
3.965000e+02 2.484000e+02
3.972500e+02 2.451000e+02
3.980000e+02 2.418000e+02
3.997500e+02 2.349000e+02
4.015000e+02 2.280000e+02
4.030000e+02 2.217000e+02
4.045000e+02 2.154000e+02
4.052500e+02 2.121000e+02
4.060000e+02 2.088000e+02
4.080000e+02 2.016000e+02
4.100000e+02 1.944000e+02
4.117500e+02 1.878000e+02
4.135000e+02 1.812000e+02
4.145000e+02 1.779000e+02
4.155000e+02 1.746000e+02
4.172500e+02 1.683000e+02
4.190000e+02 1.620000e+02
4.207500e+02 1.560000e+02
4.225000e+02 1.500000e+02
4.250000e+02 1.419000e+02
4.275000e+02 1.338000e+02
4.290000e+02 1.290000e+02
4.305000e+02 1.242000e+02
4.315000e+02 1.221000e+02
4.325000e+02 1.200000e+02
4.340000e+02 1.158000e+02
4.355000e+02 1.116000e+02
4.367500e+02 1.080000e+02
4.380000e+02 1.044000e+02
4.387500e+02 1.029000e+02
4.395000e+02 1.014000e+02
4.405000e+02 9.840000e+01
4.415000e+02 9.540000e+01
4.425000e+02 9.270000e+01
4.435000e+02 9.000000e+01
4.442500e+02 8.820000e+01
4.450000e+02 8.640000e+01
4.452500e+02 8.550000e+01
4.455000e+02 8.460000e+01
4.462500e+02 8.340000e+01
4.470000e+02 8.220000e+01
4.475000e+02 8.130000e+01
4.480000e+02 8.040000e+01
4.482500e+02 8.010000e+01
4.485000e+02 7.980000e+01
4.487500e+02 7.950000e+01
4.490000e+02 7.920000e+01
4.492500e+02 7.860000e+01
4.495000e+02 7.800000e+01
4.497500e+02 7.800000e+01
4.500000e+02 7.800000e+01
4.505000e+02 7.830000e+01
4.510000e+02 7.860000e+01
4.515000e+02 7.890000e+01
4.520000e+02 7.920000e+01
4.522500e+02 7.980000e+01
4.525000e+02 8.040000e+01
4.532500e+02 8.160000e+01
4.540000e+02 8.280000e+01
4.547500e+02 8.460000e+01
4.555000e+02 8.640000e+01
4.560000e+02 8.730000e+01
4.565000e+02 8.820000e+01
4.575000e+02 9.030000e+01
4.585000e+02 9.240000e+01
4.597500e+02 9.510000e+01
4.610000e+02 9.780000e+01
4.617500e+02 9.900000e+01
4.625000e+02 1.002000e+02
4.637500e+02 1.029000e+02
4.650000e+02 1.056000e+02
4.657500e+02 1.071000e+02
4.665000e+02 1.086000e+02
4.682500e+02 1.119000e+02
4.700000e+02 1.152000e+02
4.707500e+02 1.167000e+02
4.715000e+02 1.182000e+02
4.730000e+02 1.221000e+02
4.745000e+02 1.260000e+02
4.755000e+02 1.278000e+02
4.765000e+02 1.296000e+02
4.782500e+02 1.335000e+02
4.800000e+02 1.374000e+02
4.817500e+02 1.413000e+02
4.835000e+02 1.452000e+02
4.855000e+02 1.497000e+02
4.875000e+02 1.542000e+02
4.885000e+02 1.563000e+02
4.895000e+02 1.584000e+02
4.915000e+02 1.629000e+02
4.935000e+02 1.674000e+02
4.957500e+02 1.722000e+02
4.980000e+02 1.770000e+02
4.990000e+02 1.794000e+02
5.000000e+02 1.818000e+02
5.010000e+02 1.842000e+02
5.020000e+02 1.866000e+02
5.040000e+02 1.917000e+02
5.060000e+02 1.968000e+02
5.082500e+02 2.019000e+02
5.105000e+02 2.070000e+02
5.127500e+02 2.121000e+02
5.150000e+02 2.172000e+02
5.172500e+02 2.226000e+02
5.195000e+02 2.280000e+02
5.215000e+02 2.328000e+02
5.235000e+02 2.376000e+02
5.257500e+02 2.427000e+02
5.280000e+02 2.478000e+02
5.292500e+02 2.502000e+02
5.305000e+02 2.526000e+02
5.327500e+02 2.574000e+02
5.350000e+02 2.622000e+02
5.372500e+02 2.670000e+02
5.395000e+02 2.718000e+02
5.405000e+02 2.742000e+02
5.415000e+02 2.766000e+02
5.437500e+02 2.808000e+02
5.460000e+02 2.850000e+02
5.477500e+02 2.892000e+02
5.495000e+02 2.934000e+02
5.505000e+02 2.952000e+02
5.515000e+02 2.970000e+02
5.535000e+02 3.012000e+02
5.555000e+02 3.054000e+02
5.565000e+02 3.072000e+02
5.575000e+02 3.090000e+02
5.592500e+02 3.126000e+02
5.610000e+02 3.162000e+02
5.627500e+02 3.198000e+02
5.645000e+02 3.234000e+02
5.652500e+02 3.252000e+02
5.660000e+02 3.270000e+02
5.675000e+02 3.297000e+02
5.690000e+02 3.324000e+02
5.702500e+02 3.357000e+02
5.715000e+02 3.390000e+02
5.722500e+02 3.402000e+02
5.730000e+02 3.414000e+02
5.740000e+02 3.438000e+02
5.750000e+02 3.462000e+02
5.757500e+02 3.483000e+02
5.765000e+02 3.504000e+02
5.767500e+02 3.510000e+02
5.770000e+02 3.516000e+02
5.777500e+02 3.531000e+02
5.785000e+02 3.546000e+02
5.787500e+02 3.555000e+02
5.790000e+02 3.564000e+02
5.792500e+02 3.570000e+02
5.795000e+02 3.576000e+02
5.797500e+02 3.582000e+02
5.800000e+02 3.588000e+02
5.800000e+02 3.588000e+02
5.800000e+02 3.588000e+02
5.800000e+02 3.591000e+02
5.800000e+02 3.594000e+02
5.795000e+02 3.591000e+02
5.790000e+02 3.588000e+02
5.785000e+02 3.585000e+02
5.780000e+02 3.582000e+02
5.772500e+02 3.579000e+02
5.765000e+02 3.576000e+02
5.765000e+02 3.576000e+02
5.765000e+02 3.576000e+02
