1.140000e+02 1.878000e+02
1.140000e+02 1.878000e+02
1.140000e+02 1.878000e+02
1.140000e+02 1.878000e+02
1.140000e+02 1.878000e+02
1.138750e+02 1.878000e+02
1.137500e+02 1.878000e+02
1.136250e+02 1.878000e+02
1.135000e+02 1.878000e+02
1.135000e+02 1.878000e+02
1.135000e+02 1.878000e+02
1.135000e+02 1.878000e+02
1.135000e+02 1.878000e+02
1.135000e+02 1.879500e+02
1.135000e+02 1.881000e+02
1.135000e+02 1.882500e+02
1.135000e+02 1.884000e+02
1.135000e+02 1.884000e+02
1.135000e+02 1.884000e+02
1.135000e+02 1.884000e+02
1.135000e+02 1.884000e+02
1.138750e+02 1.887000e+02
1.142500e+02 1.890000e+02
1.146250e+02 1.893000e+02
1.150000e+02 1.896000e+02
1.156250e+02 1.899000e+02
1.162500e+02 1.902000e+02
1.168750e+02 1.905000e+02
1.175000e+02 1.908000e+02
1.180000e+02 1.909500e+02
1.185000e+02 1.911000e+02
1.190000e+02 1.912500e+02
1.195000e+02 1.914000e+02
1.211250e+02 1.917000e+02
1.227500e+02 1.920000e+02
1.243750e+02 1.923000e+02
1.260000e+02 1.926000e+02
1.267500e+02 1.926000e+02
1.275000e+02 1.926000e+02
1.290000e+02 1.926000e+02
1.315000e+02 1.929000e+02
1.340000e+02 1.932000e+02
1.372500e+02 1.935000e+02
1.405000e+02 1.938000e+02
1.435000e+02 1.938000e+02
1.465000e+02 1.938000e+02
1.502500e+02 1.941000e+02
1.540000e+02 1.944000e+02
1.575000e+02 1.950000e+02
1.610000e+02 1.956000e+02
1.662500e+02 1.965000e+02
1.715000e+02 1.974000e+02
1.752500e+02 1.977000e+02
1.790000e+02 1.980000e+02
1.825000e+02 1.986000e+02
1.860000e+02 1.992000e+02
1.897500e+02 1.998000e+02
1.935000e+02 2.004000e+02
1.965000e+02 2.007000e+02
1.995000e+02 2.010000e+02
2.030000e+02 2.016000e+02
2.065000e+02 2.022000e+02
2.097500e+02 2.025000e+02
2.130000e+02 2.028000e+02
2.165000e+02 2.031000e+02
2.200000e+02 2.034000e+02
2.232500e+02 2.040000e+02
2.265000e+02 2.046000e+02
2.297500e+02 2.052000e+02
2.330000e+02 2.058000e+02
2.362500e+02 2.064000e+02
2.395000e+02 2.070000e+02
2.427500e+02 2.076000e+02
2.460000e+02 2.082000e+02
2.495000e+02 2.088000e+02
2.530000e+02 2.094000e+02
2.562500e+02 2.100000e+02
2.595000e+02 2.106000e+02
2.630000e+02 2.112000e+02
2.665000e+02 2.118000e+02
2.695000e+02 2.121000e+02
2.725000e+02 2.124000e+02
2.760000e+02 2.124000e+02
2.795000e+02 2.124000e+02
2.827500e+02 2.127000e+02
2.860000e+02 2.130000e+02
2.895000e+02 2.133000e+02
2.930000e+02 2.136000e+02
2.980000e+02 2.142000e+02
3.030000e+02 2.148000e+02
3.075000e+02 2.148000e+02
3.120000e+02 2.148000e+02
3.155000e+02 2.148000e+02
3.190000e+02 2.148000e+02
3.222500e+02 2.145000e+02
3.255000e+02 2.142000e+02
3.285000e+02 2.139000e+02
3.315000e+02 2.136000e+02
3.345000e+02 2.133000e+02
3.375000e+02 2.130000e+02
3.405000e+02 2.124000e+02
3.435000e+02 2.118000e+02
3.465000e+02 2.115000e+02
3.495000e+02 2.112000e+02
3.540000e+02 2.109000e+02
3.585000e+02 2.106000e+02
3.627500e+02 2.100000e+02
3.670000e+02 2.094000e+02
3.695000e+02 2.091000e+02
3.720000e+02 2.088000e+02
3.735000e+02 2.088000e+02
3.750000e+02 2.088000e+02
3.780000e+02 2.085000e+02
3.810000e+02 2.082000e+02
3.835000e+02 2.079000e+02
3.860000e+02 2.076000e+02
3.887500e+02 2.076000e+02
3.915000e+02 2.076000e+02
3.940000e+02 2.073000e+02
3.965000e+02 2.070000e+02
3.990000e+02 2.070000e+02
4.015000e+02 2.070000e+02
4.042500e+02 2.067000e+02
4.070000e+02 2.064000e+02
4.082500e+02 2.064000e+02
4.095000e+02 2.064000e+02
4.135000e+02 2.064000e+02
4.175000e+02 2.064000e+02
4.197500e+02 2.064000e+02
4.220000e+02 2.064000e+02
4.232500e+02 2.064000e+02
4.245000e+02 2.064000e+02
4.272500e+02 2.064000e+02
4.300000e+02 2.064000e+02
4.322500e+02 2.064000e+02
4.345000e+02 2.064000e+02
4.370000e+02 2.064000e+02
4.395000e+02 2.064000e+02
4.417500e+02 2.067000e+02
4.440000e+02 2.070000e+02
4.462500e+02 2.070000e+02
4.485000e+02 2.070000e+02
4.512500e+02 2.070000e+02
4.540000e+02 2.070000e+02
4.562500e+02 2.073000e+02
4.585000e+02 2.076000e+02
4.607500e+02 2.076000e+02
4.630000e+02 2.076000e+02
4.662500e+02 2.076000e+02
4.695000e+02 2.076000e+02
4.705000e+02 2.076000e+02
4.715000e+02 2.076000e+02
4.737500e+02 2.076000e+02
4.760000e+02 2.076000e+02
4.780000e+02 2.073000e+02
4.800000e+02 2.070000e+02
4.820000e+02 2.070000e+02
4.840000e+02 2.070000e+02
4.857500e+02 2.070000e+02
4.875000e+02 2.070000e+02
4.892500e+02 2.070000e+02
4.910000e+02 2.070000e+02
4.925000e+02 2.070000e+02
4.940000e+02 2.070000e+02
4.952500e+02 2.070000e+02
4.965000e+02 2.070000e+02
4.975000e+02 2.070000e+02
4.985000e+02 2.070000e+02
4.995000e+02 2.067000e+02
5.005000e+02 2.064000e+02
5.010000e+02 2.064000e+02
5.015000e+02 2.064000e+02
5.015000e+02 2.064000e+02
5.015000e+02 2.064000e+02
5.022500e+02 2.064000e+02
5.030000e+02 2.064000e+02
5.035000e+02 2.064000e+02
5.040000e+02 2.064000e+02
5.042500e+02 2.064000e+02
5.045000e+02 2.064000e+02
5.047500e+02 2.064000e+02
5.050000e+02 2.064000e+02
5.050000e+02 2.064000e+02
5.050000e+02 2.064000e+02
5.052500e+02 2.064000e+02
5.055000e+02 2.064000e+02
5.055000e+02 2.064000e+02
5.055000e+02 2.064000e+02
5.055000e+02 2.064000e+02
5.055000e+02 2.064000e+02
5.052500e+02 2.061000e+02
5.050000e+02 2.058000e+02
5.050000e+02 2.058000e+02
5.050000e+02 2.058000e+02
5.047500e+02 2.058000e+02
5.045000e+02 2.058000e+02
5.045000e+02 2.058000e+02
5.045000e+02 2.058000e+02
5.045000e+02 2.058000e+02
5.045000e+02 2.058000e+02
1.140000e+02 1.878000e+02
1.140000e+02 1.878000e+02
1.140000e+02 1.878000e+02
1.140000e+02 1.878000e+02
1.140000e+02 1.878000e+02
1.138750e+02 1.878000e+02
1.137500e+02 1.878000e+02
1.136250e+02 1.878000e+02
1.135000e+02 1.878000e+02
1.135000e+02 1.878000e+02
1.135000e+02 1.878000e+02
1.135000e+02 1.878000e+02
1.135000e+02 1.878000e+02
1.135000e+02 1.879500e+02
1.135000e+02 1.881000e+02
1.135000e+02 1.882500e+02
1.135000e+02 1.884000e+02
1.135000e+02 1.884000e+02
1.135000e+02 1.884000e+02
1.135000e+02 1.884000e+02
1.135000e+02 1.884000e+02
1.138750e+02 1.887000e+02
1.142500e+02 1.890000e+02
1.146250e+02 1.893000e+02
1.150000e+02 1.896000e+02
1.156250e+02 1.899000e+02
1.162500e+02 1.902000e+02
1.168750e+02 1.905000e+02
1.175000e+02 1.908000e+02
1.180000e+02 1.909500e+02
1.185000e+02 1.911000e+02
1.190000e+02 1.912500e+02
1.195000e+02 1.914000e+02
1.211250e+02 1.917000e+02
1.227500e+02 1.920000e+02
1.243750e+02 1.923000e+02
1.260000e+02 1.926000e+02
1.267500e+02 1.926000e+02
1.275000e+02 1.926000e+02
1.290000e+02 1.926000e+02
1.315000e+02 1.929000e+02
1.340000e+02 1.932000e+02
1.372500e+02 1.935000e+02
1.405000e+02 1.938000e+02
1.435000e+02 1.938000e+02
1.465000e+02 1.938000e+02
1.502500e+02 1.941000e+02
1.540000e+02 1.944000e+02
1.575000e+02 1.950000e+02
1.610000e+02 1.956000e+02
1.662500e+02 1.965000e+02
1.715000e+02 1.974000e+02
1.752500e+02 1.977000e+02
1.790000e+02 1.980000e+02
1.825000e+02 1.986000e+02
1.860000e+02 1.992000e+02
1.897500e+02 1.998000e+02
1.935000e+02 2.004000e+02
1.965000e+02 2.007000e+02
1.995000e+02 2.010000e+02
2.030000e+02 2.016000e+02
2.065000e+02 2.022000e+02
2.097500e+02 2.025000e+02
2.130000e+02 2.028000e+02
2.165000e+02 2.031000e+02
2.200000e+02 2.034000e+02
2.232500e+02 2.040000e+02
2.265000e+02 2.046000e+02
2.297500e+02 2.052000e+02
2.330000e+02 2.058000e+02
2.362500e+02 2.064000e+02
2.395000e+02 2.070000e+02
2.427500e+02 2.076000e+02
2.460000e+02 2.082000e+02
2.495000e+02 2.088000e+02
2.530000e+02 2.094000e+02
2.562500e+02 2.100000e+02
2.595000e+02 2.106000e+02
2.630000e+02 2.112000e+02
2.665000e+02 2.118000e+02
2.695000e+02 2.121000e+02
2.725000e+02 2.124000e+02
2.760000e+02 2.124000e+02
2.795000e+02 2.124000e+02
2.827500e+02 2.127000e+02
2.860000e+02 2.130000e+02
2.895000e+02 2.133000e+02
2.930000e+02 2.136000e+02
2.980000e+02 2.142000e+02
3.030000e+02 2.148000e+02
3.075000e+02 2.148000e+02
3.120000e+02 2.148000e+02
3.155000e+02 2.148000e+02
3.190000e+02 2.148000e+02
3.222500e+02 2.145000e+02
3.255000e+02 2.142000e+02
3.285000e+02 2.139000e+02
3.315000e+02 2.136000e+02
3.345000e+02 2.133000e+02
3.375000e+02 2.130000e+02
3.405000e+02 2.124000e+02
3.435000e+02 2.118000e+02
3.465000e+02 2.115000e+02
3.495000e+02 2.112000e+02
3.540000e+02 2.109000e+02
3.585000e+02 2.106000e+02
3.627500e+02 2.100000e+02
3.670000e+02 2.094000e+02
3.695000e+02 2.091000e+02
3.720000e+02 2.088000e+02
3.735000e+02 2.088000e+02
3.750000e+02 2.088000e+02
3.780000e+02 2.085000e+02
3.810000e+02 2.082000e+02
3.835000e+02 2.079000e+02
3.860000e+02 2.076000e+02
3.887500e+02 2.076000e+02
3.915000e+02 2.076000e+02
3.940000e+02 2.073000e+02
3.965000e+02 2.070000e+02
3.990000e+02 2.070000e+02
4.015000e+02 2.070000e+02
4.042500e+02 2.067000e+02
4.070000e+02 2.064000e+02
4.082500e+02 2.064000e+02
4.095000e+02 2.064000e+02
4.135000e+02 2.064000e+02
4.175000e+02 2.064000e+02
4.197500e+02 2.064000e+02
4.220000e+02 2.064000e+02
4.232500e+02 2.064000e+02
4.245000e+02 2.064000e+02
4.272500e+02 2.064000e+02
4.300000e+02 2.064000e+02
4.322500e+02 2.064000e+02
4.345000e+02 2.064000e+02
4.370000e+02 2.064000e+02
4.395000e+02 2.064000e+02
4.417500e+02 2.067000e+02
4.440000e+02 2.070000e+02
4.462500e+02 2.070000e+02
4.485000e+02 2.070000e+02
4.512500e+02 2.070000e+02
4.540000e+02 2.070000e+02
4.562500e+02 2.073000e+02
4.585000e+02 2.076000e+02
4.607500e+02 2.076000e+02
4.630000e+02 2.076000e+02
4.662500e+02 2.076000e+02
4.695000e+02 2.076000e+02
4.705000e+02 2.076000e+02
4.715000e+02 2.076000e+02
4.737500e+02 2.076000e+02
4.760000e+02 2.076000e+02
4.780000e+02 2.073000e+02
4.800000e+02 2.070000e+02
4.820000e+02 2.070000e+02
4.840000e+02 2.070000e+02
4.857500e+02 2.070000e+02
4.875000e+02 2.070000e+02
4.892500e+02 2.070000e+02
4.910000e+02 2.070000e+02
4.925000e+02 2.070000e+02
4.940000e+02 2.070000e+02
4.952500e+02 2.070000e+02
4.965000e+02 2.070000e+02
4.975000e+02 2.070000e+02
4.985000e+02 2.070000e+02
4.995000e+02 2.067000e+02
5.005000e+02 2.064000e+02
5.010000e+02 2.064000e+02
5.015000e+02 2.064000e+02
5.015000e+02 2.064000e+02
5.015000e+02 2.064000e+02
5.022500e+02 2.064000e+02
5.030000e+02 2.064000e+02
5.035000e+02 2.064000e+02
5.040000e+02 2.064000e+02
5.042500e+02 2.064000e+02
5.045000e+02 2.064000e+02
5.047500e+02 2.064000e+02
5.050000e+02 2.064000e+02
5.050000e+02 2.064000e+02
5.050000e+02 2.064000e+02
5.052500e+02 2.064000e+02
5.055000e+02 2.064000e+02
5.055000e+02 2.064000e+02
5.055000e+02 2.064000e+02
5.055000e+02 2.064000e+02
5.055000e+02 2.064000e+02
5.052500e+02 2.061000e+02
5.050000e+02 2.058000e+02
5.050000e+02 2.058000e+02
5.050000e+02 2.058000e+02
5.047500e+02 2.058000e+02
5.045000e+02 2.058000e+02
5.045000e+02 2.058000e+02
5.045000e+02 2.058000e+02
5.045000e+02 2.058000e+02
5.045000e+02 2.058000e+02
1.140000e+02 1.878000e+02
1.140000e+02 1.878000e+02
1.140000e+02 1.878000e+02
1.140000e+02 1.878000e+02
1.140000e+02 1.878000e+02
1.138750e+02 1.878000e+02
1.137500e+02 1.878000e+02
1.136250e+02 1.878000e+02
1.135000e+02 1.878000e+02
1.135000e+02 1.878000e+02
1.135000e+02 1.878000e+02
1.135000e+02 1.878000e+02
1.135000e+02 1.878000e+02
1.135000e+02 1.879500e+02
1.135000e+02 1.881000e+02
1.135000e+02 1.882500e+02
1.135000e+02 1.884000e+02
1.135000e+02 1.884000e+02
1.135000e+02 1.884000e+02
1.135000e+02 1.884000e+02
1.135000e+02 1.884000e+02
1.138750e+02 1.887000e+02
1.142500e+02 1.890000e+02
1.146250e+02 1.893000e+02
1.150000e+02 1.896000e+02
1.156250e+02 1.899000e+02
1.162500e+02 1.902000e+02
1.168750e+02 1.905000e+02
1.175000e+02 1.908000e+02
1.180000e+02 1.909500e+02
1.185000e+02 1.911000e+02
1.190000e+02 1.912500e+02
1.195000e+02 1.914000e+02
1.211250e+02 1.917000e+02
1.227500e+02 1.920000e+02
1.243750e+02 1.923000e+02
1.260000e+02 1.926000e+02
1.267500e+02 1.926000e+02
1.275000e+02 1.926000e+02
1.290000e+02 1.926000e+02
1.315000e+02 1.929000e+02
1.340000e+02 1.932000e+02
1.372500e+02 1.935000e+02
1.405000e+02 1.938000e+02
1.435000e+02 1.938000e+02
1.465000e+02 1.938000e+02
1.502500e+02 1.941000e+02
1.540000e+02 1.944000e+02
1.575000e+02 1.950000e+02
1.610000e+02 1.956000e+02
1.662500e+02 1.965000e+02
1.715000e+02 1.974000e+02
1.752500e+02 1.977000e+02
1.790000e+02 1.980000e+02
1.825000e+02 1.986000e+02
1.860000e+02 1.992000e+02
1.897500e+02 1.998000e+02
1.935000e+02 2.004000e+02
1.965000e+02 2.007000e+02
1.995000e+02 2.010000e+02
2.030000e+02 2.016000e+02
2.065000e+02 2.022000e+02
2.097500e+02 2.025000e+02
2.130000e+02 2.028000e+02
2.165000e+02 2.031000e+02
2.200000e+02 2.034000e+02
2.232500e+02 2.040000e+02
2.265000e+02 2.046000e+02
2.297500e+02 2.052000e+02
2.330000e+02 2.058000e+02
2.362500e+02 2.064000e+02
2.395000e+02 2.070000e+02
2.427500e+02 2.076000e+02
2.460000e+02 2.082000e+02
2.495000e+02 2.088000e+02
2.530000e+02 2.094000e+02
2.562500e+02 2.100000e+02
2.595000e+02 2.106000e+02
2.630000e+02 2.112000e+02
2.665000e+02 2.118000e+02
2.695000e+02 2.121000e+02
2.725000e+02 2.124000e+02
2.760000e+02 2.124000e+02
2.795000e+02 2.124000e+02
2.827500e+02 2.127000e+02
2.860000e+02 2.130000e+02
2.895000e+02 2.133000e+02
2.930000e+02 2.136000e+02
2.980000e+02 2.142000e+02
3.030000e+02 2.148000e+02
3.075000e+02 2.148000e+02
3.120000e+02 2.148000e+02
3.155000e+02 2.148000e+02
3.190000e+02 2.148000e+02
3.222500e+02 2.145000e+02
3.255000e+02 2.142000e+02
3.285000e+02 2.139000e+02
3.315000e+02 2.136000e+02
3.345000e+02 2.133000e+02
3.375000e+02 2.130000e+02
3.405000e+02 2.124000e+02
3.435000e+02 2.118000e+02
3.465000e+02 2.115000e+02
3.495000e+02 2.112000e+02
3.540000e+02 2.109000e+02
3.585000e+02 2.106000e+02
3.627500e+02 2.100000e+02
3.670000e+02 2.094000e+02
3.695000e+02 2.091000e+02
3.720000e+02 2.088000e+02
3.735000e+02 2.088000e+02
3.750000e+02 2.088000e+02
3.780000e+02 2.085000e+02
3.810000e+02 2.082000e+02
3.835000e+02 2.079000e+02
3.860000e+02 2.076000e+02
3.887500e+02 2.076000e+02
3.915000e+02 2.076000e+02
3.940000e+02 2.073000e+02
3.965000e+02 2.070000e+02
3.990000e+02 2.070000e+02
4.015000e+02 2.070000e+02
4.042500e+02 2.067000e+02
4.070000e+02 2.064000e+02
4.082500e+02 2.064000e+02
4.095000e+02 2.064000e+02
4.135000e+02 2.064000e+02
4.175000e+02 2.064000e+02
4.197500e+02 2.064000e+02
4.220000e+02 2.064000e+02
4.232500e+02 2.064000e+02
4.245000e+02 2.064000e+02
4.272500e+02 2.064000e+02
4.300000e+02 2.064000e+02
4.322500e+02 2.064000e+02
4.345000e+02 2.064000e+02
4.370000e+02 2.064000e+02
4.395000e+02 2.064000e+02
4.417500e+02 2.067000e+02
4.440000e+02 2.070000e+02
4.462500e+02 2.070000e+02
4.485000e+02 2.070000e+02
4.512500e+02 2.070000e+02
4.540000e+02 2.070000e+02
4.562500e+02 2.073000e+02
4.585000e+02 2.076000e+02
4.607500e+02 2.076000e+02
4.630000e+02 2.076000e+02
4.662500e+02 2.076000e+02
4.695000e+02 2.076000e+02
4.705000e+02 2.076000e+02
4.715000e+02 2.076000e+02
4.737500e+02 2.076000e+02
4.760000e+02 2.076000e+02
4.780000e+02 2.073000e+02
4.800000e+02 2.070000e+02
4.820000e+02 2.070000e+02
4.840000e+02 2.070000e+02
4.857500e+02 2.070000e+02
4.875000e+02 2.070000e+02
4.892500e+02 2.070000e+02
4.910000e+02 2.070000e+02
4.925000e+02 2.070000e+02
4.940000e+02 2.070000e+02
4.952500e+02 2.070000e+02
4.965000e+02 2.070000e+02
4.975000e+02 2.070000e+02
4.985000e+02 2.070000e+02
4.995000e+02 2.067000e+02
5.005000e+02 2.064000e+02
5.010000e+02 2.064000e+02
5.015000e+02 2.064000e+02
5.015000e+02 2.064000e+02
5.015000e+02 2.064000e+02
5.022500e+02 2.064000e+02
5.030000e+02 2.064000e+02
5.035000e+02 2.064000e+02
5.040000e+02 2.064000e+02
5.042500e+02 2.064000e+02
5.045000e+02 2.064000e+02
5.047500e+02 2.064000e+02
5.050000e+02 2.064000e+02
5.050000e+02 2.064000e+02
5.050000e+02 2.064000e+02
5.052500e+02 2.064000e+02
5.055000e+02 2.064000e+02
5.055000e+02 2.064000e+02
5.055000e+02 2.064000e+02
5.055000e+02 2.064000e+02
5.055000e+02 2.064000e+02
5.052500e+02 2.061000e+02
5.050000e+02 2.058000e+02
5.050000e+02 2.058000e+02
5.050000e+02 2.058000e+02
5.047500e+02 2.058000e+02
5.045000e+02 2.058000e+02
5.045000e+02 2.058000e+02
5.045000e+02 2.058000e+02
5.045000e+02 2.058000e+02
5.045000e+02 2.058000e+02
