1.365000e+02 2.664000e+02
1.365000e+02 2.664000e+02
1.365000e+02 2.664000e+02
1.365000e+02 2.664000e+02
1.365000e+02 2.664000e+02
1.363750e+02 2.665500e+02
1.362500e+02 2.667000e+02
1.361250e+02 2.668500e+02
1.360000e+02 2.670000e+02
1.358750e+02 2.670000e+02
1.357500e+02 2.670000e+02
1.356250e+02 2.670000e+02
1.355000e+02 2.670000e+02
1.355000e+02 2.670000e+02
1.355000e+02 2.670000e+02
1.355000e+02 2.670000e+02
1.355000e+02 2.670000e+02
1.353750e+02 2.670000e+02
1.352500e+02 2.670000e+02
1.351250e+02 2.670000e+02
1.350000e+02 2.670000e+02
1.352500e+02 2.671500e+02
1.355000e+02 2.673000e+02
1.357500e+02 2.674500e+02
1.360000e+02 2.676000e+02
1.365000e+02 2.679000e+02
1.370000e+02 2.682000e+02
1.375000e+02 2.685000e+02
1.380000e+02 2.688000e+02
1.388750e+02 2.692500e+02
1.397500e+02 2.697000e+02
1.406250e+02 2.701500e+02
1.415000e+02 2.706000e+02
1.425000e+02 2.710500e+02
1.435000e+02 2.715000e+02
1.445000e+02 2.719500e+02
1.455000e+02 2.724000e+02
1.463750e+02 2.725500e+02
1.472500e+02 2.727000e+02
1.481250e+02 2.728500e+02
1.490000e+02 2.730000e+02
1.500000e+02 2.733000e+02
1.510000e+02 2.736000e+02
1.520000e+02 2.739000e+02
1.530000e+02 2.742000e+02
1.540000e+02 2.743500e+02
1.550000e+02 2.745000e+02
1.560000e+02 2.746500e+02
1.570000e+02 2.748000e+02
1.580000e+02 2.748000e+02
1.590000e+02 2.748000e+02
1.600000e+02 2.748000e+02
1.610000e+02 2.748000e+02
1.627500e+02 2.746500e+02
1.645000e+02 2.745000e+02
1.662500e+02 2.743500e+02
1.680000e+02 2.742000e+02
1.698750e+02 2.739000e+02
1.717500e+02 2.736000e+02
1.736250e+02 2.733000e+02
1.755000e+02 2.730000e+02
1.770000e+02 2.728500e+02
1.785000e+02 2.727000e+02
1.800000e+02 2.725500e+02
1.815000e+02 2.724000e+02
1.822500e+02 2.724000e+02
1.830000e+02 2.724000e+02
1.837500e+02 2.724000e+02
1.845000e+02 2.724000e+02
1.861250e+02 2.722500e+02
1.877500e+02 2.721000e+02
1.893750e+02 2.719500e+02
1.910000e+02 2.718000e+02
1.933750e+02 2.716500e+02
1.957500e+02 2.715000e+02
1.981250e+02 2.713500e+02
2.005000e+02 2.712000e+02
2.022500e+02 2.710500e+02
2.040000e+02 2.709000e+02
2.057500e+02 2.707500e+02
2.075000e+02 2.706000e+02
2.102500e+02 2.706000e+02
2.130000e+02 2.706000e+02
2.157500e+02 2.706000e+02
2.185000e+02 2.706000e+02
2.203750e+02 2.707500e+02
2.222500e+02 2.709000e+02
2.241250e+02 2.710500e+02
2.260000e+02 2.712000e+02
2.278750e+02 2.713500e+02
2.297500e+02 2.715000e+02
2.316250e+02 2.716500e+02
2.335000e+02 2.718000e+02
2.353750e+02 2.719500e+02
2.372500e+02 2.721000e+02
2.391250e+02 2.722500e+02
2.410000e+02 2.724000e+02
2.427500e+02 2.724000e+02
2.445000e+02 2.724000e+02
2.462500e+02 2.724000e+02
2.480000e+02 2.724000e+02
2.500000e+02 2.725500e+02
2.520000e+02 2.727000e+02
2.540000e+02 2.728500e+02
2.560000e+02 2.730000e+02
2.578750e+02 2.731500e+02
2.597500e+02 2.733000e+02
2.616250e+02 2.734500e+02
2.635000e+02 2.736000e+02
2.653750e+02 2.737500e+02
2.672500e+02 2.739000e+02
2.691250e+02 2.740500e+02
2.710000e+02 2.742000e+02
2.727500e+02 2.742000e+02
2.745000e+02 2.742000e+02
2.762500e+02 2.742000e+02
2.780000e+02 2.742000e+02
2.796250e+02 2.743500e+02
2.812500e+02 2.745000e+02
2.845000e+02 2.748000e+02
2.900000e+02 2.751000e+02
2.955000e+02 2.754000e+02
2.987500e+02 2.754000e+02
3.020000e+02 2.754000e+02
3.067500e+02 2.760000e+02
3.115000e+02 2.766000e+02
3.150000e+02 2.766000e+02
3.185000e+02 2.766000e+02
3.215000e+02 2.769000e+02
3.245000e+02 2.772000e+02
3.280000e+02 2.772000e+02
3.315000e+02 2.772000e+02
3.347500e+02 2.772000e+02
3.380000e+02 2.772000e+02
3.412500e+02 2.772000e+02
3.445000e+02 2.772000e+02
3.475000e+02 2.772000e+02
3.505000e+02 2.772000e+02
3.537500e+02 2.772000e+02
3.570000e+02 2.772000e+02
3.602500e+02 2.769000e+02
3.635000e+02 2.766000e+02
3.682500e+02 2.763000e+02
3.730000e+02 2.760000e+02
3.765000e+02 2.757000e+02
3.800000e+02 2.754000e+02
3.815000e+02 2.754000e+02
3.830000e+02 2.754000e+02
3.865000e+02 2.754000e+02
3.900000e+02 2.754000e+02
3.935000e+02 2.754000e+02
3.970000e+02 2.754000e+02
4.005000e+02 2.754000e+02
4.040000e+02 2.754000e+02
4.070000e+02 2.754000e+02
4.100000e+02 2.754000e+02
4.150000e+02 2.754000e+02
4.200000e+02 2.754000e+02
4.232500e+02 2.751000e+02
4.265000e+02 2.748000e+02
4.292500e+02 2.751000e+02
4.320000e+02 2.754000e+02
4.347500e+02 2.754000e+02
4.375000e+02 2.754000e+02
4.415000e+02 2.754000e+02
4.455000e+02 2.754000e+02
4.492500e+02 2.754000e+02
4.530000e+02 2.754000e+02
4.552500e+02 2.751000e+02
4.575000e+02 2.748000e+02
4.595000e+02 2.742000e+02
4.615000e+02 2.736000e+02
4.635000e+02 2.733000e+02
4.655000e+02 2.730000e+02
4.672500e+02 2.724000e+02
4.690000e+02 2.718000e+02
4.705000e+02 2.712000e+02
4.720000e+02 2.706000e+02
4.727500e+02 2.703000e+02
4.735000e+02 2.700000e+02
4.755000e+02 2.694000e+02
4.775000e+02 2.688000e+02
4.780000e+02 2.688000e+02
4.785000e+02 2.688000e+02
4.802500e+02 2.682000e+02
4.820000e+02 2.676000e+02
4.825000e+02 2.673000e+02
4.830000e+02 2.670000e+02
4.832500e+02 2.667000e+02
4.835000e+02 2.664000e+02
4.837500e+02 2.664000e+02
4.840000e+02 2.664000e+02
4.842500e+02 2.661000e+02
4.845000e+02 2.658000e+02
4.847500e+02 2.655000e+02
4.850000e+02 2.652000e+02
4.847500e+02 2.649000e+02
4.845000e+02 2.646000e+02
4.845000e+02 2.646000e+02
4.845000e+02 2.646000e+02
1.365000e+02 2.664000e+02
1.365000e+02 2.664000e+02
1.365000e+02 2.664000e+02
1.365000e+02 2.664000e+02
1.365000e+02 2.664000e+02
1.363750e+02 2.665500e+02
1.362500e+02 2.667000e+02
1.361250e+02 2.668500e+02
1.360000e+02 2.670000e+02
1.358750e+02 2.670000e+02
1.357500e+02 2.670000e+02
1.356250e+02 2.670000e+02
1.355000e+02 2.670000e+02
1.355000e+02 2.670000e+02
1.355000e+02 2.670000e+02
1.355000e+02 2.670000e+02
1.355000e+02 2.670000e+02
1.353750e+02 2.670000e+02
1.352500e+02 2.670000e+02
1.351250e+02 2.670000e+02
1.350000e+02 2.670000e+02
1.352500e+02 2.671500e+02
1.355000e+02 2.673000e+02
1.357500e+02 2.674500e+02
1.360000e+02 2.676000e+02
1.365000e+02 2.679000e+02
1.370000e+02 2.682000e+02
1.375000e+02 2.685000e+02
1.380000e+02 2.688000e+02
1.388750e+02 2.692500e+02
1.397500e+02 2.697000e+02
1.406250e+02 2.701500e+02
1.415000e+02 2.706000e+02
1.425000e+02 2.710500e+02
1.435000e+02 2.715000e+02
1.445000e+02 2.719500e+02
1.455000e+02 2.724000e+02
1.463750e+02 2.725500e+02
1.472500e+02 2.727000e+02
1.481250e+02 2.728500e+02
1.490000e+02 2.730000e+02
1.500000e+02 2.733000e+02
1.510000e+02 2.736000e+02
1.520000e+02 2.739000e+02
1.530000e+02 2.742000e+02
1.540000e+02 2.743500e+02
1.550000e+02 2.745000e+02
1.560000e+02 2.746500e+02
1.570000e+02 2.748000e+02
1.580000e+02 2.748000e+02
1.590000e+02 2.748000e+02
1.600000e+02 2.748000e+02
1.610000e+02 2.748000e+02
1.627500e+02 2.746500e+02
1.645000e+02 2.745000e+02
1.662500e+02 2.743500e+02
1.680000e+02 2.742000e+02
1.698750e+02 2.739000e+02
1.717500e+02 2.736000e+02
1.736250e+02 2.733000e+02
1.755000e+02 2.730000e+02
1.770000e+02 2.728500e+02
1.785000e+02 2.727000e+02
1.800000e+02 2.725500e+02
1.815000e+02 2.724000e+02
1.822500e+02 2.724000e+02
1.830000e+02 2.724000e+02
1.837500e+02 2.724000e+02
1.845000e+02 2.724000e+02
1.861250e+02 2.722500e+02
1.877500e+02 2.721000e+02
1.893750e+02 2.719500e+02
1.910000e+02 2.718000e+02
1.933750e+02 2.716500e+02
1.957500e+02 2.715000e+02
1.981250e+02 2.713500e+02
2.005000e+02 2.712000e+02
2.022500e+02 2.710500e+02
2.040000e+02 2.709000e+02
2.057500e+02 2.707500e+02
2.075000e+02 2.706000e+02
2.102500e+02 2.706000e+02
2.130000e+02 2.706000e+02
2.157500e+02 2.706000e+02
2.185000e+02 2.706000e+02
2.203750e+02 2.707500e+02
2.222500e+02 2.709000e+02
2.241250e+02 2.710500e+02
2.260000e+02 2.712000e+02
2.278750e+02 2.713500e+02
2.297500e+02 2.715000e+02
2.316250e+02 2.716500e+02
2.335000e+02 2.718000e+02
2.353750e+02 2.719500e+02
2.372500e+02 2.721000e+02
2.391250e+02 2.722500e+02
2.410000e+02 2.724000e+02
2.427500e+02 2.724000e+02
2.445000e+02 2.724000e+02
2.462500e+02 2.724000e+02
2.480000e+02 2.724000e+02
2.500000e+02 2.725500e+02
2.520000e+02 2.727000e+02
2.540000e+02 2.728500e+02
2.560000e+02 2.730000e+02
2.578750e+02 2.731500e+02
2.597500e+02 2.733000e+02
2.616250e+02 2.734500e+02
2.635000e+02 2.736000e+02
2.653750e+02 2.737500e+02
2.672500e+02 2.739000e+02
2.691250e+02 2.740500e+02
2.710000e+02 2.742000e+02
2.727500e+02 2.742000e+02
2.745000e+02 2.742000e+02
2.762500e+02 2.742000e+02
2.780000e+02 2.742000e+02
2.796250e+02 2.743500e+02
2.812500e+02 2.745000e+02
2.845000e+02 2.748000e+02
2.900000e+02 2.751000e+02
2.955000e+02 2.754000e+02
2.987500e+02 2.754000e+02
3.020000e+02 2.754000e+02
3.067500e+02 2.760000e+02
3.115000e+02 2.766000e+02
3.150000e+02 2.766000e+02
3.185000e+02 2.766000e+02
3.215000e+02 2.769000e+02
3.245000e+02 2.772000e+02
3.280000e+02 2.772000e+02
3.315000e+02 2.772000e+02
3.347500e+02 2.772000e+02
3.380000e+02 2.772000e+02
3.412500e+02 2.772000e+02
3.445000e+02 2.772000e+02
3.475000e+02 2.772000e+02
3.505000e+02 2.772000e+02
3.537500e+02 2.772000e+02
3.570000e+02 2.772000e+02
3.602500e+02 2.769000e+02
3.635000e+02 2.766000e+02
3.682500e+02 2.763000e+02
3.730000e+02 2.760000e+02
3.765000e+02 2.757000e+02
3.800000e+02 2.754000e+02
3.815000e+02 2.754000e+02
3.830000e+02 2.754000e+02
3.865000e+02 2.754000e+02
3.900000e+02 2.754000e+02
3.935000e+02 2.754000e+02
3.970000e+02 2.754000e+02
4.005000e+02 2.754000e+02
4.040000e+02 2.754000e+02
4.070000e+02 2.754000e+02
4.100000e+02 2.754000e+02
4.150000e+02 2.754000e+02
4.200000e+02 2.754000e+02
4.232500e+02 2.751000e+02
4.265000e+02 2.748000e+02
4.292500e+02 2.751000e+02
4.320000e+02 2.754000e+02
4.347500e+02 2.754000e+02
4.375000e+02 2.754000e+02
4.415000e+02 2.754000e+02
4.455000e+02 2.754000e+02
4.492500e+02 2.754000e+02
4.530000e+02 2.754000e+02
4.552500e+02 2.751000e+02
4.575000e+02 2.748000e+02
4.595000e+02 2.742000e+02
4.615000e+02 2.736000e+02
4.635000e+02 2.733000e+02
4.655000e+02 2.730000e+02
4.672500e+02 2.724000e+02
4.690000e+02 2.718000e+02
4.705000e+02 2.712000e+02
4.720000e+02 2.706000e+02
4.727500e+02 2.703000e+02
4.735000e+02 2.700000e+02
4.755000e+02 2.694000e+02
4.775000e+02 2.688000e+02
4.780000e+02 2.688000e+02
4.785000e+02 2.688000e+02
4.802500e+02 2.682000e+02
4.820000e+02 2.676000e+02
4.825000e+02 2.673000e+02
4.830000e+02 2.670000e+02
4.832500e+02 2.667000e+02
4.835000e+02 2.664000e+02
4.837500e+02 2.664000e+02
4.840000e+02 2.664000e+02
4.842500e+02 2.661000e+02
4.845000e+02 2.658000e+02
4.847500e+02 2.655000e+02
4.850000e+02 2.652000e+02
4.847500e+02 2.649000e+02
4.845000e+02 2.646000e+02
4.845000e+02 2.646000e+02
4.845000e+02 2.646000e+02
1.365000e+02 2.664000e+02
1.365000e+02 2.664000e+02
1.365000e+02 2.664000e+02
1.365000e+02 2.664000e+02
1.365000e+02 2.664000e+02
1.363750e+02 2.665500e+02
1.362500e+02 2.667000e+02
1.361250e+02 2.668500e+02
1.360000e+02 2.670000e+02
1.358750e+02 2.670000e+02
1.357500e+02 2.670000e+02
1.356250e+02 2.670000e+02
1.355000e+02 2.670000e+02
1.355000e+02 2.670000e+02
1.355000e+02 2.670000e+02
1.355000e+02 2.670000e+02
1.355000e+02 2.670000e+02
1.353750e+02 2.670000e+02
1.352500e+02 2.670000e+02
1.351250e+02 2.670000e+02
1.350000e+02 2.670000e+02
1.352500e+02 2.671500e+02
1.355000e+02 2.673000e+02
1.357500e+02 2.674500e+02
1.360000e+02 2.676000e+02
1.365000e+02 2.679000e+02
1.370000e+02 2.682000e+02
1.375000e+02 2.685000e+02
1.380000e+02 2.688000e+02
1.388750e+02 2.692500e+02
1.397500e+02 2.697000e+02
1.406250e+02 2.701500e+02
1.415000e+02 2.706000e+02
1.425000e+02 2.710500e+02
1.435000e+02 2.715000e+02
1.445000e+02 2.719500e+02
1.455000e+02 2.724000e+02
1.463750e+02 2.725500e+02
1.472500e+02 2.727000e+02
1.481250e+02 2.728500e+02
1.490000e+02 2.730000e+02
1.500000e+02 2.733000e+02
1.510000e+02 2.736000e+02
1.520000e+02 2.739000e+02
1.530000e+02 2.742000e+02
1.540000e+02 2.743500e+02
1.550000e+02 2.745000e+02
1.560000e+02 2.746500e+02
1.570000e+02 2.748000e+02
1.580000e+02 2.748000e+02
1.590000e+02 2.748000e+02
1.600000e+02 2.748000e+02
1.610000e+02 2.748000e+02
1.627500e+02 2.746500e+02
1.645000e+02 2.745000e+02
1.662500e+02 2.743500e+02
1.680000e+02 2.742000e+02
1.698750e+02 2.739000e+02
1.717500e+02 2.736000e+02
1.736250e+02 2.733000e+02
1.755000e+02 2.730000e+02
1.770000e+02 2.728500e+02
1.785000e+02 2.727000e+02
1.800000e+02 2.725500e+02
1.815000e+02 2.724000e+02
1.822500e+02 2.724000e+02
1.830000e+02 2.724000e+02
1.837500e+02 2.724000e+02
1.845000e+02 2.724000e+02
1.861250e+02 2.722500e+02
1.877500e+02 2.721000e+02
1.893750e+02 2.719500e+02
1.910000e+02 2.718000e+02
1.933750e+02 2.716500e+02
1.957500e+02 2.715000e+02
1.981250e+02 2.713500e+02
2.005000e+02 2.712000e+02
2.022500e+02 2.710500e+02
2.040000e+02 2.709000e+02
2.057500e+02 2.707500e+02
2.075000e+02 2.706000e+02
2.102500e+02 2.706000e+02
2.130000e+02 2.706000e+02
2.157500e+02 2.706000e+02
2.185000e+02 2.706000e+02
2.203750e+02 2.707500e+02
2.222500e+02 2.709000e+02
2.241250e+02 2.710500e+02
2.260000e+02 2.712000e+02
2.278750e+02 2.713500e+02
2.297500e+02 2.715000e+02
2.316250e+02 2.716500e+02
2.335000e+02 2.718000e+02
2.353750e+02 2.719500e+02
2.372500e+02 2.721000e+02
2.391250e+02 2.722500e+02
2.410000e+02 2.724000e+02
2.427500e+02 2.724000e+02
2.445000e+02 2.724000e+02
2.462500e+02 2.724000e+02
2.480000e+02 2.724000e+02
2.500000e+02 2.725500e+02
2.520000e+02 2.727000e+02
2.540000e+02 2.728500e+02
2.560000e+02 2.730000e+02
2.578750e+02 2.731500e+02
2.597500e+02 2.733000e+02
2.616250e+02 2.734500e+02
2.635000e+02 2.736000e+02
2.653750e+02 2.737500e+02
2.672500e+02 2.739000e+02
2.691250e+02 2.740500e+02
2.710000e+02 2.742000e+02
2.727500e+02 2.742000e+02
2.745000e+02 2.742000e+02
2.762500e+02 2.742000e+02
2.780000e+02 2.742000e+02
2.796250e+02 2.743500e+02
2.812500e+02 2.745000e+02
2.845000e+02 2.748000e+02
2.900000e+02 2.751000e+02
2.955000e+02 2.754000e+02
2.987500e+02 2.754000e+02
3.020000e+02 2.754000e+02
3.067500e+02 2.760000e+02
3.115000e+02 2.766000e+02
3.150000e+02 2.766000e+02
3.185000e+02 2.766000e+02
3.215000e+02 2.769000e+02
3.245000e+02 2.772000e+02
3.280000e+02 2.772000e+02
3.315000e+02 2.772000e+02
3.347500e+02 2.772000e+02
3.380000e+02 2.772000e+02
3.412500e+02 2.772000e+02
3.445000e+02 2.772000e+02
3.475000e+02 2.772000e+02
3.505000e+02 2.772000e+02
3.537500e+02 2.772000e+02
3.570000e+02 2.772000e+02
3.602500e+02 2.769000e+02
3.635000e+02 2.766000e+02
3.682500e+02 2.763000e+02
3.730000e+02 2.760000e+02
3.765000e+02 2.757000e+02
3.800000e+02 2.754000e+02
3.815000e+02 2.754000e+02
3.830000e+02 2.754000e+02
3.865000e+02 2.754000e+02
3.900000e+02 2.754000e+02
3.935000e+02 2.754000e+02
3.970000e+02 2.754000e+02
4.005000e+02 2.754000e+02
4.040000e+02 2.754000e+02
4.070000e+02 2.754000e+02
4.100000e+02 2.754000e+02
4.150000e+02 2.754000e+02
4.200000e+02 2.754000e+02
4.232500e+02 2.751000e+02
4.265000e+02 2.748000e+02
4.292500e+02 2.751000e+02
4.320000e+02 2.754000e+02
4.347500e+02 2.754000e+02
4.375000e+02 2.754000e+02
4.415000e+02 2.754000e+02
4.455000e+02 2.754000e+02
4.492500e+02 2.754000e+02
4.530000e+02 2.754000e+02
4.552500e+02 2.751000e+02
4.575000e+02 2.748000e+02
4.595000e+02 2.742000e+02
4.615000e+02 2.736000e+02
4.635000e+02 2.733000e+02
4.655000e+02 2.730000e+02
4.672500e+02 2.724000e+02
4.690000e+02 2.718000e+02
4.705000e+02 2.712000e+02
4.720000e+02 2.706000e+02
4.727500e+02 2.703000e+02
4.735000e+02 2.700000e+02
4.755000e+02 2.694000e+02
4.775000e+02 2.688000e+02
4.780000e+02 2.688000e+02
4.785000e+02 2.688000e+02
4.802500e+02 2.682000e+02
4.820000e+02 2.676000e+02
4.825000e+02 2.673000e+02
4.830000e+02 2.670000e+02
4.832500e+02 2.667000e+02
4.835000e+02 2.664000e+02
4.837500e+02 2.664000e+02
4.840000e+02 2.664000e+02
4.842500e+02 2.661000e+02
4.845000e+02 2.658000e+02
4.847500e+02 2.655000e+02
4.850000e+02 2.652000e+02
4.847500e+02 2.649000e+02
4.845000e+02 2.646000e+02
4.845000e+02 2.646000e+02
4.845000e+02 2.646000e+02
