1.650000e+02 1.560000e+02
1.650000e+02 1.560000e+02
1.650000e+02 1.560000e+02
1.645000e+02 1.563000e+02
1.640000e+02 1.566000e+02
1.632500e+02 1.569000e+02
1.625000e+02 1.572000e+02
1.620000e+02 1.572000e+02
1.615000e+02 1.572000e+02
1.607500e+02 1.578000e+02
1.600000e+02 1.584000e+02
1.590000e+02 1.596000e+02
1.580000e+02 1.608000e+02
1.575000e+02 1.614000e+02
1.570000e+02 1.620000e+02
1.565000e+02 1.626000e+02
1.560000e+02 1.632000e+02
1.545000e+02 1.647000e+02
1.530000e+02 1.662000e+02
1.515000e+02 1.677000e+02
1.500000e+02 1.692000e+02
1.495000e+02 1.701000e+02
1.490000e+02 1.710000e+02
1.477500e+02 1.728000e+02
1.465000e+02 1.746000e+02
1.452500e+02 1.767000e+02
1.440000e+02 1.788000e+02
1.437500e+02 1.797000e+02
1.435000e+02 1.806000e+02
1.425000e+02 1.821000e+02
1.415000e+02 1.836000e+02
1.407500e+02 1.857000e+02
1.400000e+02 1.878000e+02
1.397500e+02 1.890000e+02
1.395000e+02 1.902000e+02
1.385000e+02 1.944000e+02
1.375000e+02 1.986000e+02
1.375000e+02 2.010000e+02
1.370000e+02 2.082000e+02
1.375000e+02 2.130000e+02
1.380000e+02 2.190000e+02
1.385000e+02 2.220000e+02
1.400000e+02 2.274000e+02
1.410000e+02 2.334000e+02
1.415000e+02 2.364000e+02
1.430000e+02 2.412000e+02
1.440000e+02 2.472000e+02
1.450000e+02 2.496000e+02
1.470000e+02 2.550000e+02
1.495000e+02 2.616000e+02
1.510000e+02 2.646000e+02
1.535000e+02 2.706000e+02
1.555000e+02 2.772000e+02
1.570000e+02 2.808000e+02
1.605000e+02 2.868000e+02
1.635000e+02 2.928000e+02
1.655000e+02 2.958000e+02
1.690000e+02 3.012000e+02
1.735000e+02 3.060000e+02
1.755000e+02 3.084000e+02
1.800000e+02 3.132000e+02
1.820000e+02 3.156000e+02
1.865000e+02 3.186000e+02
1.910000e+02 3.216000e+02
1.950000e+02 3.234000e+02
1.970000e+02 3.240000e+02
2.015000e+02 3.258000e+02
2.055000e+02 3.264000e+02
2.075000e+02 3.270000e+02
2.115000e+02 3.276000e+02
2.150000e+02 3.270000e+02
2.190000e+02 3.270000e+02
2.225000e+02 3.264000e+02
2.255000e+02 3.258000e+02
2.290000e+02 3.246000e+02
2.305000e+02 3.240000e+02
2.335000e+02 3.234000e+02
2.365000e+02 3.222000e+02
2.380000e+02 3.210000e+02
2.410000e+02 3.192000e+02
2.435000e+02 3.174000e+02
2.445000e+02 3.162000e+02
2.470000e+02 3.138000e+02
2.480000e+02 3.126000e+02
2.500000e+02 3.108000e+02
2.520000e+02 3.090000e+02
2.530000e+02 3.084000e+02
2.545000e+02 3.066000e+02
2.560000e+02 3.042000e+02
2.570000e+02 3.024000e+02
2.580000e+02 3.000000e+02
2.595000e+02 2.976000e+02
2.600000e+02 2.964000e+02
2.610000e+02 2.940000e+02
2.625000e+02 2.916000e+02
2.635000e+02 2.904000e+02
2.645000e+02 2.874000e+02
2.655000e+02 2.844000e+02
2.660000e+02 2.826000e+02
2.670000e+02 2.802000e+02
2.675000e+02 2.790000e+02
2.685000e+02 2.766000e+02
2.690000e+02 2.748000e+02
2.700000e+02 2.712000e+02
2.710000e+02 2.676000e+02
2.720000e+02 2.652000e+02
2.725000e+02 2.634000e+02
2.735000e+02 2.616000e+02
2.740000e+02 2.586000e+02
2.740000e+02 2.568000e+02
2.745000e+02 2.538000e+02
2.750000e+02 2.514000e+02
2.750000e+02 2.502000e+02
2.750000e+02 2.478000e+02
2.750000e+02 2.460000e+02
2.750000e+02 2.430000e+02
2.750000e+02 2.400000e+02
2.745000e+02 2.388000e+02
2.740000e+02 2.364000e+02
2.740000e+02 2.340000e+02
2.735000e+02 2.328000e+02
2.730000e+02 2.298000e+02
2.725000e+02 2.274000e+02
2.720000e+02 2.256000e+02
2.710000e+02 2.232000e+02
2.710000e+02 2.220000e+02
2.695000e+02 2.196000e+02
2.685000e+02 2.172000e+02
2.680000e+02 2.160000e+02
2.665000e+02 2.130000e+02
2.650000e+02 2.094000e+02
2.640000e+02 2.082000e+02
2.620000e+02 2.058000e+02
2.610000e+02 2.046000e+02
2.590000e+02 2.028000e+02
2.575000e+02 2.004000e+02
2.560000e+02 1.998000e+02
2.540000e+02 1.968000e+02
2.520000e+02 1.944000e+02
2.505000e+02 1.932000e+02
2.480000e+02 1.908000e+02
2.465000e+02 1.896000e+02
2.440000e+02 1.878000e+02
2.415000e+02 1.854000e+02
2.400000e+02 1.842000e+02
2.375000e+02 1.818000e+02
2.350000e+02 1.794000e+02
2.340000e+02 1.782000e+02
2.315000e+02 1.764000e+02
2.285000e+02 1.746000e+02
2.275000e+02 1.740000e+02
2.250000e+02 1.728000e+02
2.225000e+02 1.716000e+02
2.210000e+02 1.704000e+02
2.185000e+02 1.692000e+02
2.160000e+02 1.680000e+02
2.145000e+02 1.674000e+02
2.120000e+02 1.656000e+02
2.100000e+02 1.638000e+02
2.090000e+02 1.632000e+02
2.065000e+02 1.620000e+02
2.040000e+02 1.608000e+02
2.025000e+02 1.602000e+02
1.995000e+02 1.590000e+02
1.965000e+02 1.584000e+02
1.950000e+02 1.578000e+02
1.915000e+02 1.578000e+02
1.880000e+02 1.578000e+02
1.860000e+02 1.578000e+02
1.820000e+02 1.578000e+02
1.800000e+02 1.578000e+02
1.760000e+02 1.578000e+02
1.720000e+02 1.584000e+02
1.700000e+02 1.584000e+02
1.660000e+02 1.590000e+02
1.640000e+02 1.590000e+02
1.605000e+02 1.596000e+02
1.565000e+02 1.608000e+02
1.530000e+02 1.614000e+02
1.510000e+02 1.620000e+02
1.480000e+02 1.626000e+02
1.445000e+02 1.644000e+02
1.430000e+02 1.650000e+02
1.400000e+02 1.662000e+02
1.370000e+02 1.680000e+02
1.350000e+02 1.686000e+02
1.340000e+02 1.692000e+02
1.320000e+02 1.704000e+02
1.310000e+02 1.710000e+02
1.295000e+02 1.716000e+02
1.280000e+02 1.722000e+02
1.270000e+02 1.728000e+02
1.260000e+02 1.728000e+02
1.250000e+02 1.734000e+02
1.245000e+02 1.740000e+02
1.240000e+02 1.740000e+02
1.230000e+02 1.764000e+02
1.215000e+02 1.788000e+02
1.205000e+02 1.800000e+02
1.205000e+02 1.800000e+02
