1.210000e+02 2.484000e+02
1.210000e+02 2.484000e+02
1.210000e+02 2.484000e+02
1.210000e+02 2.484000e+02
1.210000e+02 2.484000e+02
1.211250e+02 2.485500e+02
1.212500e+02 2.487000e+02
1.213750e+02 2.488500e+02
1.215000e+02 2.490000e+02
1.215000e+02 2.491500e+02
1.215000e+02 2.493000e+02
1.215000e+02 2.494500e+02
1.215000e+02 2.496000e+02
1.216250e+02 2.499000e+02
1.217500e+02 2.502000e+02
1.218750e+02 2.505000e+02
1.220000e+02 2.508000e+02
1.223750e+02 2.512500e+02
1.227500e+02 2.517000e+02
1.235000e+02 2.526000e+02
1.242500e+02 2.532000e+02
1.250000e+02 2.538000e+02
1.260000e+02 2.544000e+02
1.270000e+02 2.550000e+02
1.282500e+02 2.559000e+02
1.295000e+02 2.568000e+02
1.310000e+02 2.574000e+02
1.325000e+02 2.580000e+02
1.340000e+02 2.586000e+02
1.355000e+02 2.592000e+02
1.382500e+02 2.601000e+02
1.410000e+02 2.610000e+02
1.432500e+02 2.616000e+02
1.455000e+02 2.622000e+02
1.482500e+02 2.628000e+02
1.510000e+02 2.634000e+02
1.532500e+02 2.637000e+02
1.555000e+02 2.640000e+02
1.572500e+02 2.646000e+02
1.590000e+02 2.652000e+02
1.610000e+02 2.652000e+02
1.630000e+02 2.652000e+02
1.652500e+02 2.655000e+02
1.675000e+02 2.658000e+02
1.695000e+02 2.658000e+02
1.715000e+02 2.658000e+02
1.737500e+02 2.658000e+02
1.760000e+02 2.658000e+02
1.785000e+02 2.658000e+02
1.810000e+02 2.658000e+02
1.832500e+02 2.658000e+02
1.855000e+02 2.658000e+02
1.877500e+02 2.658000e+02
1.900000e+02 2.658000e+02
1.925000e+02 2.655000e+02
1.950000e+02 2.652000e+02
1.972500e+02 2.652000e+02
1.995000e+02 2.652000e+02
2.022500e+02 2.649000e+02
2.050000e+02 2.646000e+02
2.075000e+02 2.646000e+02
2.100000e+02 2.646000e+02
2.137500e+02 2.643000e+02
2.175000e+02 2.640000e+02
2.197500e+02 2.640000e+02
2.220000e+02 2.640000e+02
2.230000e+02 2.640000e+02
2.240000e+02 2.640000e+02
2.265000e+02 2.640000e+02
2.290000e+02 2.640000e+02
2.312500e+02 2.640000e+02
2.335000e+02 2.640000e+02
2.355000e+02 2.640000e+02
2.375000e+02 2.640000e+02
2.387500e+02 2.640000e+02
2.400000e+02 2.640000e+02
2.432500e+02 2.640000e+02
2.465000e+02 2.640000e+02
2.485000e+02 2.637000e+02
2.505000e+02 2.634000e+02
2.520000e+02 2.634000e+02
2.535000e+02 2.634000e+02
2.557500e+02 2.631000e+02
2.580000e+02 2.628000e+02
2.612500e+02 2.625000e+02
2.645000e+02 2.622000e+02
2.667500e+02 2.619000e+02
2.690000e+02 2.616000e+02
2.712500e+02 2.613000e+02
2.735000e+02 2.610000e+02
2.760000e+02 2.607000e+02
2.785000e+02 2.604000e+02
2.822500e+02 2.601000e+02
2.860000e+02 2.598000e+02
2.872500e+02 2.595000e+02
2.885000e+02 2.592000e+02
2.922500e+02 2.589000e+02
2.960000e+02 2.586000e+02
3.000000e+02 2.580000e+02
3.040000e+02 2.574000e+02
3.077500e+02 2.568000e+02
3.115000e+02 2.562000e+02
3.142500e+02 2.553000e+02
3.170000e+02 2.544000e+02
3.195000e+02 2.538000e+02
3.220000e+02 2.532000e+02
3.232500e+02 2.532000e+02
3.245000e+02 2.532000e+02
3.277500e+02 2.526000e+02
3.310000e+02 2.520000e+02
3.335000e+02 2.514000e+02
3.360000e+02 2.508000e+02
3.390000e+02 2.505000e+02
3.420000e+02 2.502000e+02
3.442500e+02 2.499000e+02
3.465000e+02 2.496000e+02
3.492500e+02 2.490000e+02
3.520000e+02 2.484000e+02
3.547500e+02 2.481000e+02
3.575000e+02 2.478000e+02
3.615000e+02 2.469000e+02
3.655000e+02 2.460000e+02
3.692500e+02 2.451000e+02
3.730000e+02 2.442000e+02
3.757500e+02 2.439000e+02
3.785000e+02 2.436000e+02
3.810000e+02 2.433000e+02
3.835000e+02 2.430000e+02
3.860000e+02 2.427000e+02
3.885000e+02 2.424000e+02
3.910000e+02 2.421000e+02
3.935000e+02 2.418000e+02
3.967500e+02 2.412000e+02
4.000000e+02 2.406000e+02
4.025000e+02 2.403000e+02
4.050000e+02 2.400000e+02
4.082500e+02 2.397000e+02
4.115000e+02 2.394000e+02
4.140000e+02 2.391000e+02
4.165000e+02 2.388000e+02
4.185000e+02 2.385000e+02
4.205000e+02 2.382000e+02
4.225000e+02 2.376000e+02
4.245000e+02 2.370000e+02
4.270000e+02 2.364000e+02
4.295000e+02 2.358000e+02
4.315000e+02 2.352000e+02
4.335000e+02 2.346000e+02
4.352500e+02 2.340000e+02
4.370000e+02 2.334000e+02
4.392500e+02 2.328000e+02
4.415000e+02 2.322000e+02
4.432500e+02 2.316000e+02
4.450000e+02 2.310000e+02
4.467500e+02 2.304000e+02
4.485000e+02 2.298000e+02
4.502500e+02 2.292000e+02
4.520000e+02 2.286000e+02
4.545000e+02 2.280000e+02
4.570000e+02 2.274000e+02
4.585000e+02 2.268000e+02
4.600000e+02 2.262000e+02
4.620000e+02 2.256000e+02
4.640000e+02 2.250000e+02
4.655000e+02 2.247000e+02
4.670000e+02 2.244000e+02
4.682500e+02 2.241000e+02
4.695000e+02 2.238000e+02
4.705000e+02 2.235000e+02
4.715000e+02 2.232000e+02
4.725000e+02 2.232000e+02
4.735000e+02 2.232000e+02
4.742500e+02 2.229000e+02
4.750000e+02 2.226000e+02
4.757500e+02 2.226000e+02
4.765000e+02 2.226000e+02
4.770000e+02 2.223000e+02
4.775000e+02 2.220000e+02
4.782500e+02 2.220000e+02
4.790000e+02 2.220000e+02
4.795000e+02 2.220000e+02
4.800000e+02 2.220000e+02
4.805000e+02 2.217000e+02
4.810000e+02 2.214000e+02
4.812500e+02 2.214000e+02
4.815000e+02 2.214000e+02
4.820000e+02 2.214000e+02
4.825000e+02 2.214000e+02
4.827500e+02 2.214000e+02
4.830000e+02 2.214000e+02
4.832500e+02 2.214000e+02
4.835000e+02 2.214000e+02
4.837500e+02 2.214000e+02
4.840000e+02 2.214000e+02
4.840000e+02 2.211000e+02
4.840000e+02 2.208000e+02
4.842500e+02 2.208000e+02
4.845000e+02 2.208000e+02
4.845000e+02 2.208000e+02
4.845000e+02 2.208000e+02
