2.300000e+01 2.142000e+02
2.300000e+01 2.142000e+02
2.300000e+01 2.142000e+02
2.300000e+01 2.142000e+02
2.300000e+01 2.142000e+02
2.300000e+01 2.142000e+02
2.300000e+01 2.142000e+02
2.300000e+01 2.142000e+02
2.300000e+01 2.142000e+02
2.300000e+01 2.142000e+02
2.300000e+01 2.142000e+02
2.300000e+01 2.142000e+02
2.325000e+01 2.139000e+02
2.350000e+01 2.136000e+02
2.350000e+01 2.136000e+02
2.350000e+01 2.136000e+02
2.375000e+01 2.136000e+02
2.400000e+01 2.136000e+02
2.400000e+01 2.136000e+02
2.400000e+01 2.136000e+02
2.500000e+01 2.139000e+02
2.600000e+01 2.142000e+02
2.725000e+01 2.145000e+02
2.850000e+01 2.148000e+02
3.000000e+01 2.151000e+02
3.150000e+01 2.154000e+02
3.300000e+01 2.157000e+02
3.450000e+01 2.160000e+02
3.675000e+01 2.163000e+02
3.900000e+01 2.166000e+02
4.125000e+01 2.169000e+02
4.350000e+01 2.172000e+02
4.575000e+01 2.172000e+02
4.800000e+01 2.172000e+02
5.050000e+01 2.175000e+02
5.300000e+01 2.178000e+02
5.550000e+01 2.178000e+02
5.800000e+01 2.178000e+02
6.100000e+01 2.181000e+02
6.400000e+01 2.184000e+02
6.700000e+01 2.184000e+02
7.000000e+01 2.184000e+02
7.275000e+01 2.187000e+02
7.550000e+01 2.190000e+02
8.000000e+01 2.190000e+02
8.450000e+01 2.190000e+02
8.600000e+01 2.193000e+02
8.750000e+01 2.196000e+02
9.100000e+01 2.196000e+02
9.450000e+01 2.196000e+02
9.775000e+01 2.196000e+02
1.010000e+02 2.196000e+02
1.045000e+02 2.193000e+02
1.080000e+02 2.190000e+02
1.117500e+02 2.190000e+02
1.155000e+02 2.190000e+02
1.187500e+02 2.190000e+02
1.220000e+02 2.190000e+02
1.260000e+02 2.190000e+02
1.300000e+02 2.190000e+02
1.335000e+02 2.187000e+02
1.370000e+02 2.184000e+02
1.407500e+02 2.184000e+02
1.445000e+02 2.184000e+02
1.480000e+02 2.187000e+02
1.515000e+02 2.190000e+02
1.552500e+02 2.190000e+02
1.590000e+02 2.190000e+02
1.627500e+02 2.190000e+02
1.665000e+02 2.190000e+02
1.722500e+02 2.193000e+02
1.780000e+02 2.196000e+02
1.832500e+02 2.196000e+02
1.885000e+02 2.196000e+02
1.920000e+02 2.196000e+02
1.955000e+02 2.196000e+02
1.997500e+02 2.199000e+02
2.040000e+02 2.202000e+02
2.075000e+02 2.202000e+02
2.110000e+02 2.202000e+02
2.150000e+02 2.202000e+02
2.190000e+02 2.202000e+02
2.245000e+02 2.202000e+02
2.300000e+02 2.202000e+02
2.317500e+02 2.202000e+02
2.335000e+02 2.202000e+02
2.375000e+02 2.205000e+02
2.415000e+02 2.208000e+02
2.432500e+02 2.208000e+02
2.450000e+02 2.208000e+02
2.502500e+02 2.208000e+02
2.555000e+02 2.208000e+02
2.585000e+02 2.208000e+02
2.615000e+02 2.208000e+02
2.650000e+02 2.208000e+02
2.685000e+02 2.208000e+02
2.715000e+02 2.208000e+02
2.745000e+02 2.208000e+02
2.792500e+02 2.208000e+02
2.840000e+02 2.208000e+02
2.872500e+02 2.211000e+02
2.905000e+02 2.214000e+02
2.935000e+02 2.214000e+02
2.965000e+02 2.214000e+02
2.977500e+02 2.214000e+02
2.990000e+02 2.214000e+02
3.020000e+02 2.214000e+02
3.050000e+02 2.214000e+02
3.090000e+02 2.217000e+02
3.130000e+02 2.220000e+02
3.145000e+02 2.220000e+02
3.160000e+02 2.220000e+02
3.185000e+02 2.217000e+02
3.210000e+02 2.214000e+02
3.235000e+02 2.214000e+02
3.260000e+02 2.214000e+02
3.285000e+02 2.214000e+02
3.310000e+02 2.214000e+02
3.332500e+02 2.214000e+02
3.355000e+02 2.214000e+02
3.377500e+02 2.214000e+02
3.400000e+02 2.214000e+02
3.420000e+02 2.214000e+02
3.440000e+02 2.214000e+02
3.460000e+02 2.214000e+02
3.480000e+02 2.214000e+02
3.500000e+02 2.214000e+02
3.520000e+02 2.214000e+02
3.540000e+02 2.214000e+02
3.560000e+02 2.214000e+02
3.577500e+02 2.211000e+02
3.595000e+02 2.208000e+02
3.612500e+02 2.208000e+02
3.630000e+02 2.208000e+02
3.647500e+02 2.208000e+02
3.665000e+02 2.208000e+02
3.685000e+02 2.205000e+02
3.705000e+02 2.202000e+02
3.720000e+02 2.199000e+02
3.735000e+02 2.196000e+02
3.755000e+02 2.196000e+02
3.775000e+02 2.196000e+02
3.800000e+02 2.193000e+02
3.825000e+02 2.190000e+02
3.840000e+02 2.187000e+02
3.855000e+02 2.184000e+02
3.870000e+02 2.184000e+02
3.885000e+02 2.184000e+02
3.900000e+02 2.181000e+02
3.915000e+02 2.178000e+02
3.930000e+02 2.178000e+02
3.945000e+02 2.178000e+02
3.952500e+02 2.178000e+02
3.960000e+02 2.178000e+02
3.972500e+02 2.178000e+02
3.985000e+02 2.178000e+02
4.000000e+02 2.178000e+02
4.015000e+02 2.178000e+02
4.032500e+02 2.178000e+02
4.050000e+02 2.178000e+02
4.065000e+02 2.175000e+02
4.080000e+02 2.172000e+02
4.092500e+02 2.172000e+02
4.105000e+02 2.172000e+02
4.115000e+02 2.172000e+02
4.125000e+02 2.172000e+02
4.135000e+02 2.172000e+02
4.145000e+02 2.172000e+02
4.152500e+02 2.172000e+02
4.160000e+02 2.172000e+02
4.167500e+02 2.172000e+02
4.175000e+02 2.172000e+02
4.185000e+02 2.175000e+02
4.195000e+02 2.178000e+02
4.197500e+02 2.178000e+02
4.200000e+02 2.178000e+02
4.207500e+02 2.178000e+02
4.215000e+02 2.178000e+02
4.217500e+02 2.178000e+02
4.220000e+02 2.178000e+02
4.225000e+02 2.178000e+02
4.230000e+02 2.178000e+02
4.232500e+02 2.178000e+02
4.235000e+02 2.178000e+02
4.237500e+02 2.181000e+02
4.240000e+02 2.184000e+02
4.242500e+02 2.184000e+02
4.245000e+02 2.184000e+02
4.245000e+02 2.184000e+02
4.245000e+02 2.184000e+02
4.247500e+02 2.184000e+02
4.250000e+02 2.184000e+02
4.250000e+02 2.184000e+02
4.250000e+02 2.184000e+02
4.250000e+02 2.184000e+02
4.250000e+02 2.184000e+02
4.247500e+02 2.187000e+02
4.245000e+02 2.190000e+02
4.245000e+02 2.190000e+02
4.245000e+02 2.190000e+02
