2.275000e+02 1.104000e+02
2.275000e+02 1.104000e+02
2.275000e+02 1.104000e+02
2.277500e+02 1.107000e+02
2.280000e+02 1.110000e+02
2.282500e+02 1.113000e+02
2.285000e+02 1.116000e+02
2.292500e+02 1.128000e+02
2.300000e+02 1.140000e+02
2.312500e+02 1.158000e+02
2.325000e+02 1.176000e+02
2.342500e+02 1.200000e+02
2.360000e+02 1.224000e+02
2.382500e+02 1.254000e+02
2.405000e+02 1.284000e+02
2.430000e+02 1.314000e+02
2.455000e+02 1.344000e+02
2.497500e+02 1.398000e+02
2.540000e+02 1.452000e+02
2.567500e+02 1.485000e+02
2.595000e+02 1.518000e+02
2.630000e+02 1.560000e+02
2.665000e+02 1.602000e+02
2.695000e+02 1.638000e+02
2.725000e+02 1.674000e+02
2.765000e+02 1.725000e+02
2.805000e+02 1.776000e+02
2.837500e+02 1.815000e+02
2.870000e+02 1.854000e+02
2.922500e+02 1.923000e+02
2.975000e+02 1.992000e+02
3.012500e+02 2.043000e+02
3.050000e+02 2.094000e+02
3.107500e+02 2.172000e+02
3.165000e+02 2.250000e+02
3.197500e+02 2.295000e+02
3.230000e+02 2.340000e+02
3.265000e+02 2.391000e+02
3.300000e+02 2.442000e+02
3.330000e+02 2.487000e+02
3.360000e+02 2.532000e+02
3.392500e+02 2.580000e+02
3.425000e+02 2.628000e+02
3.457500e+02 2.679000e+02
3.490000e+02 2.730000e+02
3.520000e+02 2.775000e+02
3.550000e+02 2.820000e+02
3.590000e+02 2.886000e+02
3.630000e+02 2.952000e+02
3.655000e+02 2.994000e+02
3.680000e+02 3.036000e+02
3.705000e+02 3.075000e+02
3.730000e+02 3.114000e+02
3.755000e+02 3.153000e+02
3.780000e+02 3.192000e+02
3.805000e+02 3.225000e+02
3.830000e+02 3.258000e+02
3.850000e+02 3.288000e+02
3.870000e+02 3.318000e+02
3.892500e+02 3.345000e+02
3.915000e+02 3.372000e+02
3.935000e+02 3.402000e+02
3.955000e+02 3.432000e+02
3.972500e+02 3.456000e+02
3.990000e+02 3.480000e+02
4.025000e+02 3.522000e+02
4.060000e+02 3.570000e+02
4.090000e+02 3.612000e+02
4.105000e+02 3.630000e+02
4.135000e+02 3.660000e+02
4.145000e+02 3.672000e+02
4.165000e+02 3.696000e+02
4.185000e+02 3.720000e+02
4.210000e+02 3.750000e+02
4.220000e+02 3.762000e+02
4.230000e+02 3.780000e+02
4.235000e+02 3.786000e+02
4.240000e+02 3.792000e+02
4.240000e+02 3.792000e+02
4.240000e+02 3.798000e+02
4.240000e+02 3.804000e+02
4.240000e+02 3.804000e+02
4.235000e+02 3.804000e+02
4.235000e+02 3.810000e+02
4.230000e+02 3.810000e+02
4.215000e+02 3.810000e+02
4.205000e+02 3.810000e+02
4.185000e+02 3.810000e+02
4.155000e+02 3.810000e+02
4.105000e+02 3.810000e+02
4.015000e+02 3.804000e+02
3.890000e+02 3.804000e+02
3.845000e+02 3.804000e+02
3.715000e+02 3.804000e+02
3.630000e+02 3.804000e+02
3.540000e+02 3.804000e+02
3.450000e+02 3.810000e+02
3.350000e+02 3.804000e+02
3.235000e+02 3.810000e+02
3.120000e+02 3.816000e+02
3.005000e+02 3.822000e+02
2.835000e+02 3.834000e+02
2.780000e+02 3.840000e+02
2.660000e+02 3.852000e+02
2.560000e+02 3.864000e+02
2.460000e+02 3.876000e+02
2.360000e+02 3.888000e+02
2.275000e+02 3.906000e+02
2.190000e+02 3.924000e+02
2.115000e+02 3.936000e+02
2.050000e+02 3.948000e+02
1.975000e+02 3.966000e+02
1.910000e+02 3.978000e+02
1.845000e+02 3.996000e+02
1.790000e+02 4.008000e+02
1.735000e+02 4.020000e+02
1.675000e+02 4.038000e+02
1.635000e+02 4.050000e+02
1.595000e+02 4.062000e+02
1.585000e+02 4.062000e+02
1.565000e+02 4.068000e+02
1.555000e+02 4.068000e+02
1.545000e+02 4.074000e+02
1.540000e+02 4.074000e+02
1.535000e+02 4.074000e+02
1.530000e+02 4.074000e+02
1.530000e+02 4.074000e+02
1.530000e+02 4.074000e+02
1.530000e+02 4.074000e+02
1.525000e+02 4.068000e+02
1.525000e+02 4.068000e+02
1.525000e+02 4.068000e+02
1.530000e+02 4.062000e+02
1.535000e+02 4.056000e+02
1.535000e+02 4.050000e+02
1.555000e+02 4.038000e+02
1.595000e+02 4.002000e+02
1.635000e+02 3.966000e+02
1.680000e+02 3.924000e+02
1.730000e+02 3.876000e+02
1.780000e+02 3.828000e+02
1.840000e+02 3.768000e+02
1.915000e+02 3.690000e+02
1.965000e+02 3.630000e+02
2.015000e+02 3.576000e+02
2.070000e+02 3.522000e+02
2.105000e+02 3.480000e+02
2.165000e+02 3.426000e+02
2.230000e+02 3.354000e+02
2.305000e+02 3.282000e+02
2.370000e+02 3.210000e+02
2.445000e+02 3.132000e+02
2.510000e+02 3.066000e+02
2.585000e+02 2.988000e+02
2.655000e+02 2.916000e+02
2.730000e+02 2.838000e+02
2.815000e+02 2.748000e+02
2.935000e+02 2.622000e+02
3.015000e+02 2.532000e+02
3.090000e+02 2.460000e+02
3.170000e+02 2.376000e+02
3.245000e+02 2.292000e+02
3.320000e+02 2.214000e+02
3.395000e+02 2.142000e+02
3.475000e+02 2.064000e+02
3.550000e+02 1.986000e+02
3.625000e+02 1.908000e+02
3.735000e+02 1.794000e+02
3.765000e+02 1.758000e+02
3.870000e+02 1.662000e+02
3.945000e+02 1.590000e+02
4.000000e+02 1.536000e+02
4.065000e+02 1.476000e+02
4.160000e+02 1.398000e+02
4.190000e+02 1.368000e+02
4.280000e+02 1.284000e+02
4.360000e+02 1.224000e+02
4.415000e+02 1.176000e+02
4.460000e+02 1.140000e+02
4.480000e+02 1.122000e+02
4.545000e+02 1.074000e+02
4.585000e+02 1.038000e+02
4.615000e+02 1.008000e+02
4.655000e+02 9.780000e+01
4.675000e+02 9.600000e+01
4.700000e+02 9.360000e+01
4.705000e+02 9.300000e+01
4.715000e+02 9.240000e+01
4.725000e+02 9.180000e+01
4.730000e+02 9.120000e+01
4.735000e+02 9.060000e+01
4.735000e+02 9.000000e+01
4.740000e+02 9.000000e+01
4.740000e+02 8.940000e+01
4.740000e+02 8.940000e+01
4.745000e+02 8.940000e+01
4.745000e+02 8.940000e+01
4.745000e+02 9.000000e+01
4.740000e+02 9.000000e+01
4.740000e+02 9.000000e+01
2.275000e+02 1.104000e+02
2.275000e+02 1.104000e+02
2.275000e+02 1.104000e+02
2.277500e+02 1.107000e+02
2.280000e+02 1.110000e+02
2.282500e+02 1.113000e+02
2.285000e+02 1.116000e+02
2.292500e+02 1.128000e+02
2.300000e+02 1.140000e+02
2.312500e+02 1.158000e+02
2.325000e+02 1.176000e+02
2.342500e+02 1.200000e+02
2.360000e+02 1.224000e+02
2.382500e+02 1.254000e+02
2.405000e+02 1.284000e+02
2.430000e+02 1.314000e+02
2.455000e+02 1.344000e+02
2.497500e+02 1.398000e+02
2.540000e+02 1.452000e+02
2.567500e+02 1.485000e+02
2.595000e+02 1.518000e+02
2.630000e+02 1.560000e+02
2.665000e+02 1.602000e+02
2.695000e+02 1.638000e+02
2.725000e+02 1.674000e+02
2.765000e+02 1.725000e+02
2.805000e+02 1.776000e+02
2.837500e+02 1.815000e+02
2.870000e+02 1.854000e+02
2.922500e+02 1.923000e+02
2.975000e+02 1.992000e+02
3.012500e+02 2.043000e+02
3.050000e+02 2.094000e+02
3.107500e+02 2.172000e+02
3.165000e+02 2.250000e+02
3.197500e+02 2.295000e+02
3.230000e+02 2.340000e+02
3.265000e+02 2.391000e+02
3.300000e+02 2.442000e+02
3.330000e+02 2.487000e+02
3.360000e+02 2.532000e+02
3.392500e+02 2.580000e+02
3.425000e+02 2.628000e+02
3.457500e+02 2.679000e+02
3.490000e+02 2.730000e+02
3.520000e+02 2.775000e+02
3.550000e+02 2.820000e+02
3.590000e+02 2.886000e+02
3.630000e+02 2.952000e+02
3.655000e+02 2.994000e+02
3.680000e+02 3.036000e+02
3.705000e+02 3.075000e+02
3.730000e+02 3.114000e+02
3.755000e+02 3.153000e+02
3.780000e+02 3.192000e+02
3.805000e+02 3.225000e+02
3.830000e+02 3.258000e+02
3.850000e+02 3.288000e+02
3.870000e+02 3.318000e+02
3.892500e+02 3.345000e+02
3.915000e+02 3.372000e+02
3.935000e+02 3.402000e+02
3.955000e+02 3.432000e+02
3.972500e+02 3.456000e+02
3.990000e+02 3.480000e+02
4.025000e+02 3.522000e+02
4.060000e+02 3.570000e+02
4.090000e+02 3.612000e+02
4.105000e+02 3.630000e+02
4.135000e+02 3.660000e+02
4.145000e+02 3.672000e+02
4.165000e+02 3.696000e+02
4.185000e+02 3.720000e+02
4.210000e+02 3.750000e+02
4.220000e+02 3.762000e+02
4.230000e+02 3.780000e+02
4.235000e+02 3.786000e+02
4.240000e+02 3.792000e+02
4.240000e+02 3.792000e+02
4.240000e+02 3.798000e+02
4.240000e+02 3.804000e+02
4.240000e+02 3.804000e+02
4.235000e+02 3.804000e+02
4.235000e+02 3.810000e+02
4.230000e+02 3.810000e+02
4.215000e+02 3.810000e+02
4.205000e+02 3.810000e+02
4.185000e+02 3.810000e+02
4.155000e+02 3.810000e+02
4.105000e+02 3.810000e+02
4.015000e+02 3.804000e+02
3.890000e+02 3.804000e+02
3.845000e+02 3.804000e+02
3.715000e+02 3.804000e+02
3.630000e+02 3.804000e+02
3.540000e+02 3.804000e+02
3.450000e+02 3.810000e+02
3.350000e+02 3.804000e+02
3.235000e+02 3.810000e+02
3.120000e+02 3.816000e+02
3.005000e+02 3.822000e+02
2.835000e+02 3.834000e+02
2.780000e+02 3.840000e+02
2.660000e+02 3.852000e+02
2.560000e+02 3.864000e+02
2.460000e+02 3.876000e+02
2.360000e+02 3.888000e+02
2.275000e+02 3.906000e+02
2.190000e+02 3.924000e+02
2.115000e+02 3.936000e+02
2.050000e+02 3.948000e+02
1.975000e+02 3.966000e+02
1.910000e+02 3.978000e+02
1.845000e+02 3.996000e+02
1.790000e+02 4.008000e+02
1.735000e+02 4.020000e+02
1.675000e+02 4.038000e+02
1.635000e+02 4.050000e+02
1.595000e+02 4.062000e+02
1.585000e+02 4.062000e+02
1.565000e+02 4.068000e+02
1.555000e+02 4.068000e+02
1.545000e+02 4.074000e+02
1.540000e+02 4.074000e+02
1.535000e+02 4.074000e+02
1.530000e+02 4.074000e+02
1.530000e+02 4.074000e+02
1.530000e+02 4.074000e+02
1.530000e+02 4.074000e+02
1.525000e+02 4.068000e+02
1.525000e+02 4.068000e+02
1.525000e+02 4.068000e+02
1.530000e+02 4.062000e+02
1.535000e+02 4.056000e+02
1.535000e+02 4.050000e+02
1.555000e+02 4.038000e+02
1.595000e+02 4.002000e+02
1.635000e+02 3.966000e+02
1.680000e+02 3.924000e+02
1.730000e+02 3.876000e+02
1.780000e+02 3.828000e+02
1.840000e+02 3.768000e+02
1.915000e+02 3.690000e+02
1.965000e+02 3.630000e+02
2.015000e+02 3.576000e+02
2.070000e+02 3.522000e+02
2.105000e+02 3.480000e+02
2.165000e+02 3.426000e+02
2.230000e+02 3.354000e+02
2.305000e+02 3.282000e+02
2.370000e+02 3.210000e+02
2.445000e+02 3.132000e+02
2.510000e+02 3.066000e+02
2.585000e+02 2.988000e+02
2.655000e+02 2.916000e+02
2.730000e+02 2.838000e+02
2.815000e+02 2.748000e+02
2.935000e+02 2.622000e+02
3.015000e+02 2.532000e+02
3.090000e+02 2.460000e+02
3.170000e+02 2.376000e+02
3.245000e+02 2.292000e+02
3.320000e+02 2.214000e+02
3.395000e+02 2.142000e+02
3.475000e+02 2.064000e+02
3.550000e+02 1.986000e+02
3.625000e+02 1.908000e+02
3.735000e+02 1.794000e+02
3.765000e+02 1.758000e+02
3.870000e+02 1.662000e+02
3.945000e+02 1.590000e+02
4.000000e+02 1.536000e+02
4.065000e+02 1.476000e+02
4.160000e+02 1.398000e+02
4.190000e+02 1.368000e+02
4.280000e+02 1.284000e+02
4.360000e+02 1.224000e+02
4.415000e+02 1.176000e+02
4.460000e+02 1.140000e+02
4.480000e+02 1.122000e+02
4.545000e+02 1.074000e+02
4.585000e+02 1.038000e+02
4.615000e+02 1.008000e+02
4.655000e+02 9.780000e+01
4.675000e+02 9.600000e+01
4.700000e+02 9.360000e+01
4.705000e+02 9.300000e+01
4.715000e+02 9.240000e+01
4.725000e+02 9.180000e+01
4.730000e+02 9.120000e+01
4.735000e+02 9.060000e+01
4.735000e+02 9.000000e+01
4.740000e+02 9.000000e+01
4.740000e+02 8.940000e+01
4.740000e+02 8.940000e+01
4.745000e+02 8.940000e+01
4.745000e+02 8.940000e+01
4.745000e+02 9.000000e+01
4.740000e+02 9.000000e+01
4.740000e+02 9.000000e+01
2.275000e+02 1.104000e+02
2.275000e+02 1.104000e+02
2.275000e+02 1.104000e+02
2.277500e+02 1.107000e+02
2.280000e+02 1.110000e+02
2.282500e+02 1.113000e+02
2.285000e+02 1.116000e+02
2.292500e+02 1.128000e+02
2.300000e+02 1.140000e+02
2.312500e+02 1.158000e+02
2.325000e+02 1.176000e+02
2.342500e+02 1.200000e+02
2.360000e+02 1.224000e+02
2.382500e+02 1.254000e+02
2.405000e+02 1.284000e+02
2.430000e+02 1.314000e+02
2.455000e+02 1.344000e+02
2.497500e+02 1.398000e+02
2.540000e+02 1.452000e+02
2.567500e+02 1.485000e+02
2.595000e+02 1.518000e+02
2.630000e+02 1.560000e+02
2.665000e+02 1.602000e+02
2.695000e+02 1.638000e+02
2.725000e+02 1.674000e+02
2.765000e+02 1.725000e+02
2.805000e+02 1.776000e+02
2.837500e+02 1.815000e+02
2.870000e+02 1.854000e+02
2.922500e+02 1.923000e+02
2.975000e+02 1.992000e+02
3.012500e+02 2.043000e+02
3.050000e+02 2.094000e+02
3.107500e+02 2.172000e+02
3.165000e+02 2.250000e+02
3.197500e+02 2.295000e+02
3.230000e+02 2.340000e+02
3.265000e+02 2.391000e+02
3.300000e+02 2.442000e+02
3.330000e+02 2.487000e+02
3.360000e+02 2.532000e+02
3.392500e+02 2.580000e+02
3.425000e+02 2.628000e+02
3.457500e+02 2.679000e+02
3.490000e+02 2.730000e+02
3.520000e+02 2.775000e+02
3.550000e+02 2.820000e+02
3.590000e+02 2.886000e+02
3.630000e+02 2.952000e+02
3.655000e+02 2.994000e+02
3.680000e+02 3.036000e+02
3.705000e+02 3.075000e+02
3.730000e+02 3.114000e+02
3.755000e+02 3.153000e+02
3.780000e+02 3.192000e+02
3.805000e+02 3.225000e+02
3.830000e+02 3.258000e+02
3.850000e+02 3.288000e+02
3.870000e+02 3.318000e+02
3.892500e+02 3.345000e+02
3.915000e+02 3.372000e+02
3.935000e+02 3.402000e+02
3.955000e+02 3.432000e+02
3.972500e+02 3.456000e+02
3.990000e+02 3.480000e+02
4.025000e+02 3.522000e+02
4.060000e+02 3.570000e+02
4.090000e+02 3.612000e+02
4.105000e+02 3.630000e+02
4.135000e+02 3.660000e+02
4.145000e+02 3.672000e+02
4.165000e+02 3.696000e+02
4.185000e+02 3.720000e+02
4.210000e+02 3.750000e+02
4.220000e+02 3.762000e+02
4.230000e+02 3.780000e+02
4.235000e+02 3.786000e+02
4.240000e+02 3.792000e+02
4.240000e+02 3.792000e+02
4.240000e+02 3.798000e+02
4.240000e+02 3.804000e+02
4.240000e+02 3.804000e+02
4.235000e+02 3.804000e+02
4.235000e+02 3.810000e+02
4.230000e+02 3.810000e+02
4.215000e+02 3.810000e+02
4.205000e+02 3.810000e+02
4.185000e+02 3.810000e+02
4.155000e+02 3.810000e+02
4.105000e+02 3.810000e+02
4.015000e+02 3.804000e+02
3.890000e+02 3.804000e+02
3.845000e+02 3.804000e+02
3.715000e+02 3.804000e+02
3.630000e+02 3.804000e+02
3.540000e+02 3.804000e+02
3.450000e+02 3.810000e+02
3.350000e+02 3.804000e+02
3.235000e+02 3.810000e+02
3.120000e+02 3.816000e+02
3.005000e+02 3.822000e+02
2.835000e+02 3.834000e+02
2.780000e+02 3.840000e+02
2.660000e+02 3.852000e+02
2.560000e+02 3.864000e+02
2.460000e+02 3.876000e+02
2.360000e+02 3.888000e+02
2.275000e+02 3.906000e+02
2.190000e+02 3.924000e+02
2.115000e+02 3.936000e+02
2.050000e+02 3.948000e+02
1.975000e+02 3.966000e+02
1.910000e+02 3.978000e+02
1.845000e+02 3.996000e+02
1.790000e+02 4.008000e+02
1.735000e+02 4.020000e+02
1.675000e+02 4.038000e+02
1.635000e+02 4.050000e+02
1.595000e+02 4.062000e+02
1.585000e+02 4.062000e+02
1.565000e+02 4.068000e+02
1.555000e+02 4.068000e+02
1.545000e+02 4.074000e+02
1.540000e+02 4.074000e+02
1.535000e+02 4.074000e+02
1.530000e+02 4.074000e+02
1.530000e+02 4.074000e+02
1.530000e+02 4.074000e+02
1.530000e+02 4.074000e+02
1.525000e+02 4.068000e+02
1.525000e+02 4.068000e+02
1.525000e+02 4.068000e+02
1.530000e+02 4.062000e+02
1.535000e+02 4.056000e+02
1.535000e+02 4.050000e+02
1.555000e+02 4.038000e+02
1.595000e+02 4.002000e+02
1.635000e+02 3.966000e+02
1.680000e+02 3.924000e+02
1.730000e+02 3.876000e+02
1.780000e+02 3.828000e+02
1.840000e+02 3.768000e+02
1.915000e+02 3.690000e+02
1.965000e+02 3.630000e+02
2.015000e+02 3.576000e+02
2.070000e+02 3.522000e+02
2.105000e+02 3.480000e+02
2.165000e+02 3.426000e+02
2.230000e+02 3.354000e+02
2.305000e+02 3.282000e+02
2.370000e+02 3.210000e+02
2.445000e+02 3.132000e+02
2.510000e+02 3.066000e+02
2.585000e+02 2.988000e+02
2.655000e+02 2.916000e+02
2.730000e+02 2.838000e+02
2.815000e+02 2.748000e+02
2.935000e+02 2.622000e+02
3.015000e+02 2.532000e+02
3.090000e+02 2.460000e+02
3.170000e+02 2.376000e+02
3.245000e+02 2.292000e+02
3.320000e+02 2.214000e+02
3.395000e+02 2.142000e+02
3.475000e+02 2.064000e+02
3.550000e+02 1.986000e+02
3.625000e+02 1.908000e+02
3.735000e+02 1.794000e+02
3.765000e+02 1.758000e+02
3.870000e+02 1.662000e+02
3.945000e+02 1.590000e+02
4.000000e+02 1.536000e+02
4.065000e+02 1.476000e+02
4.160000e+02 1.398000e+02
4.190000e+02 1.368000e+02
4.280000e+02 1.284000e+02
4.360000e+02 1.224000e+02
4.415000e+02 1.176000e+02
4.460000e+02 1.140000e+02
4.480000e+02 1.122000e+02
4.545000e+02 1.074000e+02
4.585000e+02 1.038000e+02
4.615000e+02 1.008000e+02
4.655000e+02 9.780000e+01
4.675000e+02 9.600000e+01
4.700000e+02 9.360000e+01
4.705000e+02 9.300000e+01
4.715000e+02 9.240000e+01
4.725000e+02 9.180000e+01
4.730000e+02 9.120000e+01
4.735000e+02 9.060000e+01
4.735000e+02 9.000000e+01
4.740000e+02 9.000000e+01
4.740000e+02 8.940000e+01
4.740000e+02 8.940000e+01
4.745000e+02 8.940000e+01
4.745000e+02 8.940000e+01
4.745000e+02 9.000000e+01
4.740000e+02 9.000000e+01
4.740000e+02 9.000000e+01
