2.635000e+02 9.720000e+01
2.635000e+02 9.720000e+01
2.635000e+02 9.720000e+01
2.635000e+02 9.720000e+01
2.635000e+02 9.720000e+01
2.635000e+02 9.750000e+01
2.635000e+02 9.780000e+01
2.635000e+02 9.810000e+01
2.635000e+02 9.840000e+01
2.635000e+02 9.885000e+01
2.635000e+02 9.930000e+01
2.635000e+02 9.975000e+01
2.635000e+02 1.002000e+02
2.635000e+02 1.011000e+02
2.635000e+02 1.020000e+02
2.635000e+02 1.029000e+02
2.635000e+02 1.038000e+02
2.635000e+02 1.048500e+02
2.635000e+02 1.059000e+02
2.635000e+02 1.069500e+02
2.635000e+02 1.080000e+02
2.636250e+02 1.092000e+02
2.637500e+02 1.104000e+02
2.638750e+02 1.116000e+02
2.640000e+02 1.128000e+02
2.641250e+02 1.140000e+02
2.642500e+02 1.152000e+02
2.643750e+02 1.164000e+02
2.645000e+02 1.176000e+02
2.647500e+02 1.191000e+02
2.650000e+02 1.206000e+02
2.652500e+02 1.221000e+02
2.655000e+02 1.236000e+02
2.656250e+02 1.249500e+02
2.657500e+02 1.263000e+02
2.658750e+02 1.276500e+02
2.660000e+02 1.290000e+02
2.661250e+02 1.303500e+02
2.662500e+02 1.317000e+02
2.663750e+02 1.330500e+02
2.665000e+02 1.344000e+02
2.667500e+02 1.357500e+02
2.670000e+02 1.371000e+02
2.672500e+02 1.384500e+02
2.675000e+02 1.398000e+02
2.677500e+02 1.411500e+02
2.680000e+02 1.425000e+02
2.682500e+02 1.438500e+02
2.685000e+02 1.452000e+02
2.687500e+02 1.465500e+02
2.690000e+02 1.479000e+02
2.692500e+02 1.492500e+02
2.695000e+02 1.506000e+02
2.697500e+02 1.521000e+02
2.700000e+02 1.536000e+02
2.702500e+02 1.551000e+02
2.705000e+02 1.566000e+02
2.707500e+02 1.581000e+02
2.710000e+02 1.596000e+02
2.712500e+02 1.611000e+02
2.715000e+02 1.626000e+02
2.717500e+02 1.639500e+02
2.720000e+02 1.653000e+02
2.722500e+02 1.666500e+02
2.725000e+02 1.680000e+02
2.727500e+02 1.695000e+02
2.730000e+02 1.710000e+02
2.732500e+02 1.725000e+02
2.735000e+02 1.740000e+02
2.737500e+02 1.753500e+02
2.740000e+02 1.767000e+02
2.742500e+02 1.780500e+02
2.745000e+02 1.794000e+02
2.747500e+02 1.810500e+02
2.750000e+02 1.827000e+02
2.752500e+02 1.843500e+02
2.755000e+02 1.860000e+02
2.757500e+02 1.875000e+02
2.760000e+02 1.890000e+02
2.762500e+02 1.905000e+02
2.765000e+02 1.920000e+02
2.767500e+02 1.933500e+02
2.770000e+02 1.947000e+02
2.772500e+02 1.960500e+02
2.775000e+02 1.974000e+02
2.777500e+02 1.989000e+02
2.780000e+02 2.004000e+02
2.782500e+02 2.019000e+02
2.785000e+02 2.034000e+02
2.787500e+02 2.049000e+02
2.790000e+02 2.064000e+02
2.792500e+02 2.079000e+02
2.795000e+02 2.094000e+02
2.798750e+02 2.112000e+02
2.802500e+02 2.130000e+02
2.806250e+02 2.148000e+02
2.810000e+02 2.166000e+02
2.812500e+02 2.182500e+02
2.815000e+02 2.199000e+02
2.817500e+02 2.215500e+02
2.820000e+02 2.232000e+02
2.823750e+02 2.247000e+02
2.827500e+02 2.262000e+02
2.831250e+02 2.277000e+02
2.835000e+02 2.292000e+02
2.838750e+02 2.316000e+02
2.842500e+02 2.340000e+02
2.846250e+02 2.364000e+02
2.850000e+02 2.388000e+02
2.853750e+02 2.410500e+02
2.857500e+02 2.433000e+02
2.865000e+02 2.478000e+02
2.870000e+02 2.505000e+02
2.875000e+02 2.532000e+02
2.882500e+02 2.574000e+02
2.890000e+02 2.616000e+02
2.895000e+02 2.646000e+02
2.900000e+02 2.676000e+02
2.905000e+02 2.703000e+02
2.910000e+02 2.730000e+02
2.915000e+02 2.763000e+02
2.920000e+02 2.796000e+02
2.925000e+02 2.823000e+02
2.930000e+02 2.850000e+02
2.935000e+02 2.880000e+02
2.940000e+02 2.910000e+02
2.947500e+02 2.940000e+02
2.955000e+02 2.970000e+02
2.960000e+02 2.997000e+02
2.965000e+02 3.024000e+02
2.972500e+02 3.066000e+02
2.980000e+02 3.108000e+02
2.982500e+02 3.129000e+02
2.985000e+02 3.150000e+02
2.987500e+02 3.171000e+02
2.990000e+02 3.192000e+02
2.995000e+02 3.213000e+02
3.000000e+02 3.234000e+02
3.005000e+02 3.267000e+02
3.010000e+02 3.300000e+02
3.012500e+02 3.330000e+02
3.015000e+02 3.360000e+02
3.017500e+02 3.384000e+02
3.020000e+02 3.408000e+02
3.025000e+02 3.426000e+02
3.030000e+02 3.444000e+02
3.032500e+02 3.465000e+02
3.035000e+02 3.486000e+02
3.037500e+02 3.504000e+02
3.040000e+02 3.522000e+02
3.042500e+02 3.543000e+02
3.045000e+02 3.564000e+02
3.050000e+02 3.582000e+02
3.055000e+02 3.600000e+02
3.057500e+02 3.618000e+02
3.060000e+02 3.636000e+02
3.062500e+02 3.654000e+02
3.065000e+02 3.672000e+02
3.070000e+02 3.693000e+02
3.075000e+02 3.714000e+02
3.077500e+02 3.735000e+02
3.080000e+02 3.756000e+02
3.085000e+02 3.783000e+02
3.090000e+02 3.810000e+02
3.095000e+02 3.840000e+02
3.100000e+02 3.870000e+02
3.102500e+02 3.897000e+02
3.105000e+02 3.924000e+02
3.107500e+02 3.939000e+02
3.110000e+02 3.954000e+02
3.110000e+02 3.969000e+02
3.110000e+02 3.984000e+02
3.112500e+02 3.999000e+02
3.115000e+02 4.014000e+02
3.115000e+02 4.029000e+02
3.115000e+02 4.044000e+02
3.117500e+02 4.056000e+02
3.120000e+02 4.068000e+02
3.120000e+02 4.077000e+02
3.120000e+02 4.086000e+02
3.120000e+02 4.098000e+02
3.120000e+02 4.110000e+02
3.122500e+02 4.122000e+02
3.125000e+02 4.134000e+02
3.125000e+02 4.143000e+02
3.125000e+02 4.152000e+02
3.125000e+02 4.155000e+02
3.125000e+02 4.158000e+02
3.125000e+02 4.164000e+02
3.125000e+02 4.170000e+02
3.125000e+02 4.173000e+02
3.125000e+02 4.176000e+02
3.125000e+02 4.179000e+02
3.125000e+02 4.182000e+02
3.125000e+02 4.185000e+02
3.125000e+02 4.188000e+02
3.125000e+02 4.191000e+02
3.125000e+02 4.194000e+02
3.125000e+02 4.194000e+02
3.125000e+02 4.194000e+02
2.635000e+02 9.720000e+01
2.635000e+02 9.720000e+01
2.635000e+02 9.720000e+01
2.635000e+02 9.720000e+01
2.635000e+02 9.720000e+01
2.635000e+02 9.750000e+01
2.635000e+02 9.780000e+01
2.635000e+02 9.810000e+01
2.635000e+02 9.840000e+01
2.635000e+02 9.885000e+01
2.635000e+02 9.930000e+01
2.635000e+02 9.975000e+01
2.635000e+02 1.002000e+02
2.635000e+02 1.011000e+02
2.635000e+02 1.020000e+02
2.635000e+02 1.029000e+02
2.635000e+02 1.038000e+02
2.635000e+02 1.048500e+02
2.635000e+02 1.059000e+02
2.635000e+02 1.069500e+02
2.635000e+02 1.080000e+02
2.636250e+02 1.092000e+02
2.637500e+02 1.104000e+02
2.638750e+02 1.116000e+02
2.640000e+02 1.128000e+02
2.641250e+02 1.140000e+02
2.642500e+02 1.152000e+02
2.643750e+02 1.164000e+02
2.645000e+02 1.176000e+02
2.647500e+02 1.191000e+02
2.650000e+02 1.206000e+02
2.652500e+02 1.221000e+02
2.655000e+02 1.236000e+02
2.656250e+02 1.249500e+02
2.657500e+02 1.263000e+02
2.658750e+02 1.276500e+02
2.660000e+02 1.290000e+02
2.661250e+02 1.303500e+02
2.662500e+02 1.317000e+02
2.663750e+02 1.330500e+02
2.665000e+02 1.344000e+02
2.667500e+02 1.357500e+02
2.670000e+02 1.371000e+02
2.672500e+02 1.384500e+02
2.675000e+02 1.398000e+02
2.677500e+02 1.411500e+02
2.680000e+02 1.425000e+02
2.682500e+02 1.438500e+02
2.685000e+02 1.452000e+02
2.687500e+02 1.465500e+02
2.690000e+02 1.479000e+02
2.692500e+02 1.492500e+02
2.695000e+02 1.506000e+02
2.697500e+02 1.521000e+02
2.700000e+02 1.536000e+02
2.702500e+02 1.551000e+02
2.705000e+02 1.566000e+02
2.707500e+02 1.581000e+02
2.710000e+02 1.596000e+02
2.712500e+02 1.611000e+02
2.715000e+02 1.626000e+02
2.717500e+02 1.639500e+02
2.720000e+02 1.653000e+02
2.722500e+02 1.666500e+02
2.725000e+02 1.680000e+02
2.727500e+02 1.695000e+02
2.730000e+02 1.710000e+02
2.732500e+02 1.725000e+02
2.735000e+02 1.740000e+02
2.737500e+02 1.753500e+02
2.740000e+02 1.767000e+02
2.742500e+02 1.780500e+02
2.745000e+02 1.794000e+02
2.747500e+02 1.810500e+02
2.750000e+02 1.827000e+02
2.752500e+02 1.843500e+02
2.755000e+02 1.860000e+02
2.757500e+02 1.875000e+02
2.760000e+02 1.890000e+02
2.762500e+02 1.905000e+02
2.765000e+02 1.920000e+02
2.767500e+02 1.933500e+02
2.770000e+02 1.947000e+02
2.772500e+02 1.960500e+02
2.775000e+02 1.974000e+02
2.777500e+02 1.989000e+02
2.780000e+02 2.004000e+02
2.782500e+02 2.019000e+02
2.785000e+02 2.034000e+02
2.787500e+02 2.049000e+02
2.790000e+02 2.064000e+02
2.792500e+02 2.079000e+02
2.795000e+02 2.094000e+02
2.798750e+02 2.112000e+02
2.802500e+02 2.130000e+02
2.806250e+02 2.148000e+02
2.810000e+02 2.166000e+02
2.812500e+02 2.182500e+02
2.815000e+02 2.199000e+02
2.817500e+02 2.215500e+02
2.820000e+02 2.232000e+02
2.823750e+02 2.247000e+02
2.827500e+02 2.262000e+02
2.831250e+02 2.277000e+02
2.835000e+02 2.292000e+02
2.838750e+02 2.316000e+02
2.842500e+02 2.340000e+02
2.846250e+02 2.364000e+02
2.850000e+02 2.388000e+02
2.853750e+02 2.410500e+02
2.857500e+02 2.433000e+02
2.865000e+02 2.478000e+02
2.870000e+02 2.505000e+02
2.875000e+02 2.532000e+02
2.882500e+02 2.574000e+02
2.890000e+02 2.616000e+02
2.895000e+02 2.646000e+02
2.900000e+02 2.676000e+02
2.905000e+02 2.703000e+02
2.910000e+02 2.730000e+02
2.915000e+02 2.763000e+02
2.920000e+02 2.796000e+02
2.925000e+02 2.823000e+02
2.930000e+02 2.850000e+02
2.935000e+02 2.880000e+02
2.940000e+02 2.910000e+02
2.947500e+02 2.940000e+02
2.955000e+02 2.970000e+02
2.960000e+02 2.997000e+02
2.965000e+02 3.024000e+02
2.972500e+02 3.066000e+02
2.980000e+02 3.108000e+02
2.982500e+02 3.129000e+02
2.985000e+02 3.150000e+02
2.987500e+02 3.171000e+02
2.990000e+02 3.192000e+02
2.995000e+02 3.213000e+02
3.000000e+02 3.234000e+02
3.005000e+02 3.267000e+02
3.010000e+02 3.300000e+02
3.012500e+02 3.330000e+02
3.015000e+02 3.360000e+02
3.017500e+02 3.384000e+02
3.020000e+02 3.408000e+02
3.025000e+02 3.426000e+02
3.030000e+02 3.444000e+02
3.032500e+02 3.465000e+02
3.035000e+02 3.486000e+02
3.037500e+02 3.504000e+02
3.040000e+02 3.522000e+02
3.042500e+02 3.543000e+02
3.045000e+02 3.564000e+02
3.050000e+02 3.582000e+02
3.055000e+02 3.600000e+02
3.057500e+02 3.618000e+02
3.060000e+02 3.636000e+02
3.062500e+02 3.654000e+02
3.065000e+02 3.672000e+02
3.070000e+02 3.693000e+02
3.075000e+02 3.714000e+02
3.077500e+02 3.735000e+02
3.080000e+02 3.756000e+02
3.085000e+02 3.783000e+02
3.090000e+02 3.810000e+02
3.095000e+02 3.840000e+02
3.100000e+02 3.870000e+02
3.102500e+02 3.897000e+02
3.105000e+02 3.924000e+02
3.107500e+02 3.939000e+02
3.110000e+02 3.954000e+02
3.110000e+02 3.969000e+02
3.110000e+02 3.984000e+02
3.112500e+02 3.999000e+02
3.115000e+02 4.014000e+02
3.115000e+02 4.029000e+02
3.115000e+02 4.044000e+02
3.117500e+02 4.056000e+02
3.120000e+02 4.068000e+02
3.120000e+02 4.077000e+02
3.120000e+02 4.086000e+02
3.120000e+02 4.098000e+02
3.120000e+02 4.110000e+02
3.122500e+02 4.122000e+02
3.125000e+02 4.134000e+02
3.125000e+02 4.143000e+02
3.125000e+02 4.152000e+02
3.125000e+02 4.155000e+02
3.125000e+02 4.158000e+02
3.125000e+02 4.164000e+02
3.125000e+02 4.170000e+02
3.125000e+02 4.173000e+02
3.125000e+02 4.176000e+02
3.125000e+02 4.179000e+02
3.125000e+02 4.182000e+02
3.125000e+02 4.185000e+02
3.125000e+02 4.188000e+02
3.125000e+02 4.191000e+02
3.125000e+02 4.194000e+02
3.125000e+02 4.194000e+02
3.125000e+02 4.194000e+02
2.635000e+02 9.720000e+01
2.635000e+02 9.720000e+01
2.635000e+02 9.720000e+01
2.635000e+02 9.720000e+01
2.635000e+02 9.720000e+01
2.635000e+02 9.750000e+01
2.635000e+02 9.780000e+01
2.635000e+02 9.810000e+01
2.635000e+02 9.840000e+01
2.635000e+02 9.885000e+01
2.635000e+02 9.930000e+01
2.635000e+02 9.975000e+01
2.635000e+02 1.002000e+02
2.635000e+02 1.011000e+02
2.635000e+02 1.020000e+02
2.635000e+02 1.029000e+02
2.635000e+02 1.038000e+02
2.635000e+02 1.048500e+02
2.635000e+02 1.059000e+02
2.635000e+02 1.069500e+02
2.635000e+02 1.080000e+02
2.636250e+02 1.092000e+02
2.637500e+02 1.104000e+02
2.638750e+02 1.116000e+02
2.640000e+02 1.128000e+02
2.641250e+02 1.140000e+02
2.642500e+02 1.152000e+02
2.643750e+02 1.164000e+02
2.645000e+02 1.176000e+02
2.647500e+02 1.191000e+02
2.650000e+02 1.206000e+02
2.652500e+02 1.221000e+02
2.655000e+02 1.236000e+02
2.656250e+02 1.249500e+02
2.657500e+02 1.263000e+02
2.658750e+02 1.276500e+02
2.660000e+02 1.290000e+02
2.661250e+02 1.303500e+02
2.662500e+02 1.317000e+02
2.663750e+02 1.330500e+02
2.665000e+02 1.344000e+02
2.667500e+02 1.357500e+02
2.670000e+02 1.371000e+02
2.672500e+02 1.384500e+02
2.675000e+02 1.398000e+02
2.677500e+02 1.411500e+02
2.680000e+02 1.425000e+02
2.682500e+02 1.438500e+02
2.685000e+02 1.452000e+02
2.687500e+02 1.465500e+02
2.690000e+02 1.479000e+02
2.692500e+02 1.492500e+02
2.695000e+02 1.506000e+02
2.697500e+02 1.521000e+02
2.700000e+02 1.536000e+02
2.702500e+02 1.551000e+02
2.705000e+02 1.566000e+02
2.707500e+02 1.581000e+02
2.710000e+02 1.596000e+02
2.712500e+02 1.611000e+02
2.715000e+02 1.626000e+02
2.717500e+02 1.639500e+02
2.720000e+02 1.653000e+02
2.722500e+02 1.666500e+02
2.725000e+02 1.680000e+02
2.727500e+02 1.695000e+02
2.730000e+02 1.710000e+02
2.732500e+02 1.725000e+02
2.735000e+02 1.740000e+02
2.737500e+02 1.753500e+02
2.740000e+02 1.767000e+02
2.742500e+02 1.780500e+02
2.745000e+02 1.794000e+02
2.747500e+02 1.810500e+02
2.750000e+02 1.827000e+02
2.752500e+02 1.843500e+02
2.755000e+02 1.860000e+02
2.757500e+02 1.875000e+02
2.760000e+02 1.890000e+02
2.762500e+02 1.905000e+02
2.765000e+02 1.920000e+02
2.767500e+02 1.933500e+02
2.770000e+02 1.947000e+02
2.772500e+02 1.960500e+02
2.775000e+02 1.974000e+02
2.777500e+02 1.989000e+02
2.780000e+02 2.004000e+02
2.782500e+02 2.019000e+02
2.785000e+02 2.034000e+02
2.787500e+02 2.049000e+02
2.790000e+02 2.064000e+02
2.792500e+02 2.079000e+02
2.795000e+02 2.094000e+02
2.798750e+02 2.112000e+02
2.802500e+02 2.130000e+02
2.806250e+02 2.148000e+02
2.810000e+02 2.166000e+02
2.812500e+02 2.182500e+02
2.815000e+02 2.199000e+02
2.817500e+02 2.215500e+02
2.820000e+02 2.232000e+02
2.823750e+02 2.247000e+02
2.827500e+02 2.262000e+02
2.831250e+02 2.277000e+02
2.835000e+02 2.292000e+02
2.838750e+02 2.316000e+02
2.842500e+02 2.340000e+02
2.846250e+02 2.364000e+02
2.850000e+02 2.388000e+02
2.853750e+02 2.410500e+02
2.857500e+02 2.433000e+02
2.865000e+02 2.478000e+02
2.870000e+02 2.505000e+02
2.875000e+02 2.532000e+02
2.882500e+02 2.574000e+02
2.890000e+02 2.616000e+02
2.895000e+02 2.646000e+02
2.900000e+02 2.676000e+02
2.905000e+02 2.703000e+02
2.910000e+02 2.730000e+02
2.915000e+02 2.763000e+02
2.920000e+02 2.796000e+02
2.925000e+02 2.823000e+02
2.930000e+02 2.850000e+02
2.935000e+02 2.880000e+02
2.940000e+02 2.910000e+02
2.947500e+02 2.940000e+02
2.955000e+02 2.970000e+02
2.960000e+02 2.997000e+02
2.965000e+02 3.024000e+02
2.972500e+02 3.066000e+02
2.980000e+02 3.108000e+02
2.982500e+02 3.129000e+02
2.985000e+02 3.150000e+02
2.987500e+02 3.171000e+02
2.990000e+02 3.192000e+02
2.995000e+02 3.213000e+02
3.000000e+02 3.234000e+02
3.005000e+02 3.267000e+02
3.010000e+02 3.300000e+02
3.012500e+02 3.330000e+02
3.015000e+02 3.360000e+02
3.017500e+02 3.384000e+02
3.020000e+02 3.408000e+02
3.025000e+02 3.426000e+02
3.030000e+02 3.444000e+02
3.032500e+02 3.465000e+02
3.035000e+02 3.486000e+02
3.037500e+02 3.504000e+02
3.040000e+02 3.522000e+02
3.042500e+02 3.543000e+02
3.045000e+02 3.564000e+02
3.050000e+02 3.582000e+02
3.055000e+02 3.600000e+02
3.057500e+02 3.618000e+02
3.060000e+02 3.636000e+02
3.062500e+02 3.654000e+02
3.065000e+02 3.672000e+02
3.070000e+02 3.693000e+02
3.075000e+02 3.714000e+02
3.077500e+02 3.735000e+02
3.080000e+02 3.756000e+02
3.085000e+02 3.783000e+02
3.090000e+02 3.810000e+02
3.095000e+02 3.840000e+02
3.100000e+02 3.870000e+02
3.102500e+02 3.897000e+02
3.105000e+02 3.924000e+02
3.107500e+02 3.939000e+02
3.110000e+02 3.954000e+02
3.110000e+02 3.969000e+02
3.110000e+02 3.984000e+02
3.112500e+02 3.999000e+02
3.115000e+02 4.014000e+02
3.115000e+02 4.029000e+02
3.115000e+02 4.044000e+02
3.117500e+02 4.056000e+02
3.120000e+02 4.068000e+02
3.120000e+02 4.077000e+02
3.120000e+02 4.086000e+02
3.120000e+02 4.098000e+02
3.120000e+02 4.110000e+02
3.122500e+02 4.122000e+02
3.125000e+02 4.134000e+02
3.125000e+02 4.143000e+02
3.125000e+02 4.152000e+02
3.125000e+02 4.155000e+02
3.125000e+02 4.158000e+02
3.125000e+02 4.164000e+02
3.125000e+02 4.170000e+02
3.125000e+02 4.173000e+02
3.125000e+02 4.176000e+02
3.125000e+02 4.179000e+02
3.125000e+02 4.182000e+02
3.125000e+02 4.185000e+02
3.125000e+02 4.188000e+02
3.125000e+02 4.191000e+02
3.125000e+02 4.194000e+02
3.125000e+02 4.194000e+02
3.125000e+02 4.194000e+02
