3.060000e+02 8.160000e+01
3.060000e+02 8.160000e+01
3.060000e+02 8.160000e+01
3.060000e+02 8.160000e+01
3.060000e+02 8.160000e+01
3.058750e+02 8.205000e+01
3.057500e+02 8.250000e+01
3.056250e+02 8.295000e+01
3.055000e+02 8.340000e+01
3.052500e+02 8.430000e+01
3.050000e+02 8.520000e+01
3.047500e+02 8.610000e+01
3.045000e+02 8.700000e+01
3.042500e+02 8.865000e+01
3.040000e+02 9.030000e+01
3.037500e+02 9.195000e+01
3.035000e+02 9.360000e+01
3.032500e+02 9.495000e+01
3.030000e+02 9.630000e+01
3.027500e+02 9.765000e+01
3.025000e+02 9.900000e+01
3.022500e+02 1.003500e+02
3.020000e+02 1.017000e+02
3.017500e+02 1.030500e+02
3.015000e+02 1.044000e+02
3.012500e+02 1.060500e+02
3.010000e+02 1.077000e+02
3.007500e+02 1.093500e+02
3.005000e+02 1.110000e+02
3.002500e+02 1.125000e+02
3.000000e+02 1.140000e+02
2.997500e+02 1.155000e+02
2.995000e+02 1.170000e+02
2.992500e+02 1.186500e+02
2.990000e+02 1.203000e+02
2.987500e+02 1.219500e+02
2.985000e+02 1.236000e+02
2.982500e+02 1.252500e+02
2.980000e+02 1.269000e+02
2.977500e+02 1.285500e+02
2.975000e+02 1.302000e+02
2.972500e+02 1.317000e+02
2.970000e+02 1.332000e+02
2.967500e+02 1.347000e+02
2.965000e+02 1.362000e+02
2.962500e+02 1.378500e+02
2.960000e+02 1.395000e+02
2.957500e+02 1.411500e+02
2.955000e+02 1.428000e+02
2.951250e+02 1.444500e+02
2.947500e+02 1.461000e+02
2.943750e+02 1.477500e+02
2.940000e+02 1.494000e+02
2.937500e+02 1.521000e+02
2.935000e+02 1.548000e+02
2.932500e+02 1.575000e+02
2.930000e+02 1.602000e+02
2.927500e+02 1.620000e+02
2.925000e+02 1.638000e+02
2.922500e+02 1.656000e+02
2.920000e+02 1.674000e+02
2.917500e+02 1.693500e+02
2.915000e+02 1.713000e+02
2.912500e+02 1.732500e+02
2.910000e+02 1.752000e+02
2.907500e+02 1.774500e+02
2.905000e+02 1.797000e+02
2.902500e+02 1.819500e+02
2.900000e+02 1.842000e+02
2.898750e+02 1.863000e+02
2.897500e+02 1.884000e+02
2.896250e+02 1.905000e+02
2.895000e+02 1.926000e+02
2.892500e+02 1.950000e+02
2.890000e+02 1.974000e+02
2.887500e+02 1.998000e+02
2.885000e+02 2.022000e+02
2.882500e+02 2.044500e+02
2.880000e+02 2.067000e+02
2.877500e+02 2.089500e+02
2.875000e+02 2.112000e+02
2.872500e+02 2.136000e+02
2.870000e+02 2.160000e+02
2.867500e+02 2.184000e+02
2.865000e+02 2.208000e+02
2.862500e+02 2.230500e+02
2.860000e+02 2.253000e+02
2.857500e+02 2.275500e+02
2.855000e+02 2.298000e+02
2.852500e+02 2.320500e+02
2.850000e+02 2.343000e+02
2.847500e+02 2.365500e+02
2.845000e+02 2.388000e+02
2.842500e+02 2.409000e+02
2.840000e+02 2.430000e+02
2.837500e+02 2.451000e+02
2.835000e+02 2.472000e+02
2.833750e+02 2.490000e+02
2.832500e+02 2.508000e+02
2.831250e+02 2.526000e+02
2.830000e+02 2.544000e+02
2.827500e+02 2.563500e+02
2.825000e+02 2.583000e+02
2.822500e+02 2.602500e+02
2.820000e+02 2.622000e+02
2.817500e+02 2.641500e+02
2.815000e+02 2.661000e+02
2.812500e+02 2.680500e+02
2.810000e+02 2.700000e+02
2.807500e+02 2.727000e+02
2.805000e+02 2.754000e+02
2.802500e+02 2.781000e+02
2.800000e+02 2.808000e+02
2.797500e+02 2.824500e+02
2.795000e+02 2.841000e+02
2.792500e+02 2.857500e+02
2.790000e+02 2.874000e+02
2.788750e+02 2.890500e+02
2.787500e+02 2.907000e+02
2.786250e+02 2.923500e+02
2.785000e+02 2.940000e+02
2.782500e+02 2.953500e+02
2.780000e+02 2.967000e+02
2.777500e+02 2.980500e+02
2.775000e+02 2.994000e+02
2.773750e+02 3.009000e+02
2.772500e+02 3.024000e+02
2.771250e+02 3.039000e+02
2.770000e+02 3.054000e+02
2.768750e+02 3.069000e+02
2.767500e+02 3.084000e+02
2.766250e+02 3.099000e+02
2.765000e+02 3.114000e+02
2.762500e+02 3.126000e+02
2.760000e+02 3.138000e+02
2.755000e+02 3.162000e+02
2.752500e+02 3.186000e+02
2.750000e+02 3.210000e+02
2.747500e+02 3.237000e+02
2.745000e+02 3.264000e+02
2.740000e+02 3.288000e+02
2.735000e+02 3.312000e+02
2.732500e+02 3.333000e+02
2.730000e+02 3.354000e+02
2.725000e+02 3.378000e+02
2.720000e+02 3.402000e+02
2.715000e+02 3.435000e+02
2.710000e+02 3.468000e+02
2.707500e+02 3.480000e+02
2.705000e+02 3.492000e+02
2.697500e+02 3.528000e+02
2.690000e+02 3.564000e+02
2.687500e+02 3.582000e+02
2.685000e+02 3.600000e+02
2.680000e+02 3.618000e+02
2.675000e+02 3.636000e+02
2.672500e+02 3.654000e+02
2.670000e+02 3.672000e+02
2.667500e+02 3.690000e+02
2.665000e+02 3.708000e+02
2.660000e+02 3.726000e+02
2.655000e+02 3.744000e+02
2.652500e+02 3.762000e+02
2.650000e+02 3.780000e+02
2.647500e+02 3.810000e+02
2.645000e+02 3.840000e+02
2.642500e+02 3.873000e+02
2.640000e+02 3.906000e+02
2.637500e+02 3.933000e+02
2.635000e+02 3.960000e+02
2.635000e+02 3.981000e+02
2.635000e+02 4.002000e+02
2.635000e+02 4.020000e+02
2.635000e+02 4.038000e+02
2.632500e+02 4.056000e+02
2.630000e+02 4.074000e+02
2.630000e+02 4.086000e+02
2.630000e+02 4.098000e+02
2.630000e+02 4.113000e+02
2.630000e+02 4.128000e+02
2.627500e+02 4.137000e+02
2.625000e+02 4.146000e+02
2.625000e+02 4.155000e+02
2.625000e+02 4.164000e+02
2.622500e+02 4.173000e+02
2.620000e+02 4.182000e+02
2.620000e+02 4.188000e+02
2.620000e+02 4.194000e+02
2.620000e+02 4.200000e+02
2.620000e+02 4.206000e+02
2.620000e+02 4.209000e+02
2.620000e+02 4.212000e+02
2.620000e+02 4.218000e+02
2.620000e+02 4.224000e+02
2.620000e+02 4.236000e+02
2.620000e+02 4.248000e+02
2.620000e+02 4.260000e+02
2.620000e+02 4.272000e+02
2.620000e+02 4.272000e+02
2.620000e+02 4.272000e+02
3.060000e+02 8.160000e+01
3.060000e+02 8.160000e+01
3.060000e+02 8.160000e+01
3.060000e+02 8.160000e+01
3.060000e+02 8.160000e+01
3.058750e+02 8.205000e+01
3.057500e+02 8.250000e+01
3.056250e+02 8.295000e+01
3.055000e+02 8.340000e+01
3.052500e+02 8.430000e+01
3.050000e+02 8.520000e+01
3.047500e+02 8.610000e+01
3.045000e+02 8.700000e+01
3.042500e+02 8.865000e+01
3.040000e+02 9.030000e+01
3.037500e+02 9.195000e+01
3.035000e+02 9.360000e+01
3.032500e+02 9.495000e+01
3.030000e+02 9.630000e+01
3.027500e+02 9.765000e+01
3.025000e+02 9.900000e+01
3.022500e+02 1.003500e+02
3.020000e+02 1.017000e+02
3.017500e+02 1.030500e+02
3.015000e+02 1.044000e+02
3.012500e+02 1.060500e+02
3.010000e+02 1.077000e+02
3.007500e+02 1.093500e+02
3.005000e+02 1.110000e+02
3.002500e+02 1.125000e+02
3.000000e+02 1.140000e+02
2.997500e+02 1.155000e+02
2.995000e+02 1.170000e+02
2.992500e+02 1.186500e+02
2.990000e+02 1.203000e+02
2.987500e+02 1.219500e+02
2.985000e+02 1.236000e+02
2.982500e+02 1.252500e+02
2.980000e+02 1.269000e+02
2.977500e+02 1.285500e+02
2.975000e+02 1.302000e+02
2.972500e+02 1.317000e+02
2.970000e+02 1.332000e+02
2.967500e+02 1.347000e+02
2.965000e+02 1.362000e+02
2.962500e+02 1.378500e+02
2.960000e+02 1.395000e+02
2.957500e+02 1.411500e+02
2.955000e+02 1.428000e+02
2.951250e+02 1.444500e+02
2.947500e+02 1.461000e+02
2.943750e+02 1.477500e+02
2.940000e+02 1.494000e+02
2.937500e+02 1.521000e+02
2.935000e+02 1.548000e+02
2.932500e+02 1.575000e+02
2.930000e+02 1.602000e+02
2.927500e+02 1.620000e+02
2.925000e+02 1.638000e+02
2.922500e+02 1.656000e+02
2.920000e+02 1.674000e+02
2.917500e+02 1.693500e+02
2.915000e+02 1.713000e+02
2.912500e+02 1.732500e+02
2.910000e+02 1.752000e+02
2.907500e+02 1.774500e+02
2.905000e+02 1.797000e+02
2.902500e+02 1.819500e+02
2.900000e+02 1.842000e+02
2.898750e+02 1.863000e+02
2.897500e+02 1.884000e+02
2.896250e+02 1.905000e+02
2.895000e+02 1.926000e+02
2.892500e+02 1.950000e+02
2.890000e+02 1.974000e+02
2.887500e+02 1.998000e+02
2.885000e+02 2.022000e+02
2.882500e+02 2.044500e+02
2.880000e+02 2.067000e+02
2.877500e+02 2.089500e+02
2.875000e+02 2.112000e+02
2.872500e+02 2.136000e+02
2.870000e+02 2.160000e+02
2.867500e+02 2.184000e+02
2.865000e+02 2.208000e+02
2.862500e+02 2.230500e+02
2.860000e+02 2.253000e+02
2.857500e+02 2.275500e+02
2.855000e+02 2.298000e+02
2.852500e+02 2.320500e+02
2.850000e+02 2.343000e+02
2.847500e+02 2.365500e+02
2.845000e+02 2.388000e+02
2.842500e+02 2.409000e+02
2.840000e+02 2.430000e+02
2.837500e+02 2.451000e+02
2.835000e+02 2.472000e+02
2.833750e+02 2.490000e+02
2.832500e+02 2.508000e+02
2.831250e+02 2.526000e+02
2.830000e+02 2.544000e+02
2.827500e+02 2.563500e+02
2.825000e+02 2.583000e+02
2.822500e+02 2.602500e+02
2.820000e+02 2.622000e+02
2.817500e+02 2.641500e+02
2.815000e+02 2.661000e+02
2.812500e+02 2.680500e+02
2.810000e+02 2.700000e+02
2.807500e+02 2.727000e+02
2.805000e+02 2.754000e+02
2.802500e+02 2.781000e+02
2.800000e+02 2.808000e+02
2.797500e+02 2.824500e+02
2.795000e+02 2.841000e+02
2.792500e+02 2.857500e+02
2.790000e+02 2.874000e+02
2.788750e+02 2.890500e+02
2.787500e+02 2.907000e+02
2.786250e+02 2.923500e+02
2.785000e+02 2.940000e+02
2.782500e+02 2.953500e+02
2.780000e+02 2.967000e+02
2.777500e+02 2.980500e+02
2.775000e+02 2.994000e+02
2.773750e+02 3.009000e+02
2.772500e+02 3.024000e+02
2.771250e+02 3.039000e+02
2.770000e+02 3.054000e+02
2.768750e+02 3.069000e+02
2.767500e+02 3.084000e+02
2.766250e+02 3.099000e+02
2.765000e+02 3.114000e+02
2.762500e+02 3.126000e+02
2.760000e+02 3.138000e+02
2.755000e+02 3.162000e+02
2.752500e+02 3.186000e+02
2.750000e+02 3.210000e+02
2.747500e+02 3.237000e+02
2.745000e+02 3.264000e+02
2.740000e+02 3.288000e+02
2.735000e+02 3.312000e+02
2.732500e+02 3.333000e+02
2.730000e+02 3.354000e+02
2.725000e+02 3.378000e+02
2.720000e+02 3.402000e+02
2.715000e+02 3.435000e+02
2.710000e+02 3.468000e+02
2.707500e+02 3.480000e+02
2.705000e+02 3.492000e+02
2.697500e+02 3.528000e+02
2.690000e+02 3.564000e+02
2.687500e+02 3.582000e+02
2.685000e+02 3.600000e+02
2.680000e+02 3.618000e+02
2.675000e+02 3.636000e+02
2.672500e+02 3.654000e+02
2.670000e+02 3.672000e+02
2.667500e+02 3.690000e+02
2.665000e+02 3.708000e+02
2.660000e+02 3.726000e+02
2.655000e+02 3.744000e+02
2.652500e+02 3.762000e+02
2.650000e+02 3.780000e+02
2.647500e+02 3.810000e+02
2.645000e+02 3.840000e+02
2.642500e+02 3.873000e+02
2.640000e+02 3.906000e+02
2.637500e+02 3.933000e+02
2.635000e+02 3.960000e+02
2.635000e+02 3.981000e+02
2.635000e+02 4.002000e+02
2.635000e+02 4.020000e+02
2.635000e+02 4.038000e+02
2.632500e+02 4.056000e+02
2.630000e+02 4.074000e+02
2.630000e+02 4.086000e+02
2.630000e+02 4.098000e+02
2.630000e+02 4.113000e+02
2.630000e+02 4.128000e+02
2.627500e+02 4.137000e+02
2.625000e+02 4.146000e+02
2.625000e+02 4.155000e+02
2.625000e+02 4.164000e+02
2.622500e+02 4.173000e+02
2.620000e+02 4.182000e+02
2.620000e+02 4.188000e+02
2.620000e+02 4.194000e+02
2.620000e+02 4.200000e+02
2.620000e+02 4.206000e+02
2.620000e+02 4.209000e+02
2.620000e+02 4.212000e+02
2.620000e+02 4.218000e+02
2.620000e+02 4.224000e+02
2.620000e+02 4.236000e+02
2.620000e+02 4.248000e+02
2.620000e+02 4.260000e+02
2.620000e+02 4.272000e+02
2.620000e+02 4.272000e+02
2.620000e+02 4.272000e+02
3.060000e+02 8.160000e+01
3.060000e+02 8.160000e+01
3.060000e+02 8.160000e+01
3.060000e+02 8.160000e+01
3.060000e+02 8.160000e+01
3.058750e+02 8.205000e+01
3.057500e+02 8.250000e+01
3.056250e+02 8.295000e+01
3.055000e+02 8.340000e+01
3.052500e+02 8.430000e+01
3.050000e+02 8.520000e+01
3.047500e+02 8.610000e+01
3.045000e+02 8.700000e+01
3.042500e+02 8.865000e+01
3.040000e+02 9.030000e+01
3.037500e+02 9.195000e+01
3.035000e+02 9.360000e+01
3.032500e+02 9.495000e+01
3.030000e+02 9.630000e+01
3.027500e+02 9.765000e+01
3.025000e+02 9.900000e+01
3.022500e+02 1.003500e+02
3.020000e+02 1.017000e+02
3.017500e+02 1.030500e+02
3.015000e+02 1.044000e+02
3.012500e+02 1.060500e+02
3.010000e+02 1.077000e+02
3.007500e+02 1.093500e+02
3.005000e+02 1.110000e+02
3.002500e+02 1.125000e+02
3.000000e+02 1.140000e+02
2.997500e+02 1.155000e+02
2.995000e+02 1.170000e+02
2.992500e+02 1.186500e+02
2.990000e+02 1.203000e+02
2.987500e+02 1.219500e+02
2.985000e+02 1.236000e+02
2.982500e+02 1.252500e+02
2.980000e+02 1.269000e+02
2.977500e+02 1.285500e+02
2.975000e+02 1.302000e+02
2.972500e+02 1.317000e+02
2.970000e+02 1.332000e+02
2.967500e+02 1.347000e+02
2.965000e+02 1.362000e+02
2.962500e+02 1.378500e+02
2.960000e+02 1.395000e+02
2.957500e+02 1.411500e+02
2.955000e+02 1.428000e+02
2.951250e+02 1.444500e+02
2.947500e+02 1.461000e+02
2.943750e+02 1.477500e+02
2.940000e+02 1.494000e+02
2.937500e+02 1.521000e+02
2.935000e+02 1.548000e+02
2.932500e+02 1.575000e+02
2.930000e+02 1.602000e+02
2.927500e+02 1.620000e+02
2.925000e+02 1.638000e+02
2.922500e+02 1.656000e+02
2.920000e+02 1.674000e+02
2.917500e+02 1.693500e+02
2.915000e+02 1.713000e+02
2.912500e+02 1.732500e+02
2.910000e+02 1.752000e+02
2.907500e+02 1.774500e+02
2.905000e+02 1.797000e+02
2.902500e+02 1.819500e+02
2.900000e+02 1.842000e+02
2.898750e+02 1.863000e+02
2.897500e+02 1.884000e+02
2.896250e+02 1.905000e+02
2.895000e+02 1.926000e+02
2.892500e+02 1.950000e+02
2.890000e+02 1.974000e+02
2.887500e+02 1.998000e+02
2.885000e+02 2.022000e+02
2.882500e+02 2.044500e+02
2.880000e+02 2.067000e+02
2.877500e+02 2.089500e+02
2.875000e+02 2.112000e+02
2.872500e+02 2.136000e+02
2.870000e+02 2.160000e+02
2.867500e+02 2.184000e+02
2.865000e+02 2.208000e+02
2.862500e+02 2.230500e+02
2.860000e+02 2.253000e+02
2.857500e+02 2.275500e+02
2.855000e+02 2.298000e+02
2.852500e+02 2.320500e+02
2.850000e+02 2.343000e+02
2.847500e+02 2.365500e+02
2.845000e+02 2.388000e+02
2.842500e+02 2.409000e+02
2.840000e+02 2.430000e+02
2.837500e+02 2.451000e+02
2.835000e+02 2.472000e+02
2.833750e+02 2.490000e+02
2.832500e+02 2.508000e+02
2.831250e+02 2.526000e+02
2.830000e+02 2.544000e+02
2.827500e+02 2.563500e+02
2.825000e+02 2.583000e+02
2.822500e+02 2.602500e+02
2.820000e+02 2.622000e+02
2.817500e+02 2.641500e+02
2.815000e+02 2.661000e+02
2.812500e+02 2.680500e+02
2.810000e+02 2.700000e+02
2.807500e+02 2.727000e+02
2.805000e+02 2.754000e+02
2.802500e+02 2.781000e+02
2.800000e+02 2.808000e+02
2.797500e+02 2.824500e+02
2.795000e+02 2.841000e+02
2.792500e+02 2.857500e+02
2.790000e+02 2.874000e+02
2.788750e+02 2.890500e+02
2.787500e+02 2.907000e+02
2.786250e+02 2.923500e+02
2.785000e+02 2.940000e+02
2.782500e+02 2.953500e+02
2.780000e+02 2.967000e+02
2.777500e+02 2.980500e+02
2.775000e+02 2.994000e+02
2.773750e+02 3.009000e+02
2.772500e+02 3.024000e+02
2.771250e+02 3.039000e+02
2.770000e+02 3.054000e+02
2.768750e+02 3.069000e+02
2.767500e+02 3.084000e+02
2.766250e+02 3.099000e+02
2.765000e+02 3.114000e+02
2.762500e+02 3.126000e+02
2.760000e+02 3.138000e+02
2.755000e+02 3.162000e+02
2.752500e+02 3.186000e+02
2.750000e+02 3.210000e+02
2.747500e+02 3.237000e+02
2.745000e+02 3.264000e+02
2.740000e+02 3.288000e+02
2.735000e+02 3.312000e+02
2.732500e+02 3.333000e+02
2.730000e+02 3.354000e+02
2.725000e+02 3.378000e+02
2.720000e+02 3.402000e+02
2.715000e+02 3.435000e+02
2.710000e+02 3.468000e+02
2.707500e+02 3.480000e+02
2.705000e+02 3.492000e+02
2.697500e+02 3.528000e+02
2.690000e+02 3.564000e+02
2.687500e+02 3.582000e+02
2.685000e+02 3.600000e+02
2.680000e+02 3.618000e+02
2.675000e+02 3.636000e+02
2.672500e+02 3.654000e+02
2.670000e+02 3.672000e+02
2.667500e+02 3.690000e+02
2.665000e+02 3.708000e+02
2.660000e+02 3.726000e+02
2.655000e+02 3.744000e+02
2.652500e+02 3.762000e+02
2.650000e+02 3.780000e+02
2.647500e+02 3.810000e+02
2.645000e+02 3.840000e+02
2.642500e+02 3.873000e+02
2.640000e+02 3.906000e+02
2.637500e+02 3.933000e+02
2.635000e+02 3.960000e+02
2.635000e+02 3.981000e+02
2.635000e+02 4.002000e+02
2.635000e+02 4.020000e+02
2.635000e+02 4.038000e+02
2.632500e+02 4.056000e+02
2.630000e+02 4.074000e+02
2.630000e+02 4.086000e+02
2.630000e+02 4.098000e+02
2.630000e+02 4.113000e+02
2.630000e+02 4.128000e+02
2.627500e+02 4.137000e+02
2.625000e+02 4.146000e+02
2.625000e+02 4.155000e+02
2.625000e+02 4.164000e+02
2.622500e+02 4.173000e+02
2.620000e+02 4.182000e+02
2.620000e+02 4.188000e+02
2.620000e+02 4.194000e+02
2.620000e+02 4.200000e+02
2.620000e+02 4.206000e+02
2.620000e+02 4.209000e+02
2.620000e+02 4.212000e+02
2.620000e+02 4.218000e+02
2.620000e+02 4.224000e+02
2.620000e+02 4.236000e+02
2.620000e+02 4.248000e+02
2.620000e+02 4.260000e+02
2.620000e+02 4.272000e+02
2.620000e+02 4.272000e+02
2.620000e+02 4.272000e+02
