2.910000e+02 6.000000e+01
2.910000e+02 6.000000e+01
2.910000e+02 6.000000e+01
2.910000e+02 6.000000e+01
2.910000e+02 6.000000e+01
2.910000e+02 6.000000e+01
2.910000e+02 6.000000e+01
2.910000e+02 6.000000e+01
2.910000e+02 6.000000e+01
2.908750e+02 6.015000e+01
2.907500e+02 6.030000e+01
2.906250e+02 6.045000e+01
2.905000e+02 6.060000e+01
2.903750e+02 6.075000e+01
2.902500e+02 6.090000e+01
2.901250e+02 6.105000e+01
2.900000e+02 6.120000e+01
2.898750e+02 6.165000e+01
2.897500e+02 6.210000e+01
2.896250e+02 6.255000e+01
2.895000e+02 6.300000e+01
2.888750e+02 6.495000e+01
2.882500e+02 6.690000e+01
2.876250e+02 6.885000e+01
2.870000e+02 7.080000e+01
2.866250e+02 7.260000e+01
2.862500e+02 7.440000e+01
2.858750e+02 7.620000e+01
2.855000e+02 7.800000e+01
2.850000e+02 8.055000e+01
2.845000e+02 8.310000e+01
2.840000e+02 8.565000e+01
2.835000e+02 8.820000e+01
2.830000e+02 9.090000e+01
2.825000e+02 9.360000e+01
2.820000e+02 9.630000e+01
2.815000e+02 9.900000e+01
2.811250e+02 1.006500e+02
2.807500e+02 1.023000e+02
2.803750e+02 1.039500e+02
2.800000e+02 1.056000e+02
2.797500e+02 1.074000e+02
2.795000e+02 1.092000e+02
2.792500e+02 1.110000e+02
2.790000e+02 1.128000e+02
2.787500e+02 1.146000e+02
2.785000e+02 1.164000e+02
2.782500e+02 1.182000e+02
2.780000e+02 1.200000e+02
2.776250e+02 1.222500e+02
2.772500e+02 1.245000e+02
2.768750e+02 1.267500e+02
2.765000e+02 1.290000e+02
2.761250e+02 1.308000e+02
2.757500e+02 1.326000e+02
2.753750e+02 1.344000e+02
2.750000e+02 1.362000e+02
2.747500e+02 1.380000e+02
2.745000e+02 1.398000e+02
2.742500e+02 1.416000e+02
2.740000e+02 1.434000e+02
2.736250e+02 1.450500e+02
2.732500e+02 1.467000e+02
2.728750e+02 1.483500e+02
2.725000e+02 1.500000e+02
2.722500e+02 1.516500e+02
2.720000e+02 1.533000e+02
2.717500e+02 1.549500e+02
2.715000e+02 1.566000e+02
2.712500e+02 1.582500e+02
2.710000e+02 1.599000e+02
2.707500e+02 1.615500e+02
2.705000e+02 1.632000e+02
2.701250e+02 1.648500e+02
2.697500e+02 1.665000e+02
2.693750e+02 1.681500e+02
2.690000e+02 1.698000e+02
2.688750e+02 1.713000e+02
2.687500e+02 1.728000e+02
2.686250e+02 1.743000e+02
2.685000e+02 1.758000e+02
2.682500e+02 1.770000e+02
2.680000e+02 1.782000e+02
2.677500e+02 1.794000e+02
2.675000e+02 1.806000e+02
2.672500e+02 1.827000e+02
2.670000e+02 1.848000e+02
2.667500e+02 1.869000e+02
2.665000e+02 1.890000e+02
2.663750e+02 1.900500e+02
2.662500e+02 1.911000e+02
2.661250e+02 1.921500e+02
2.660000e+02 1.932000e+02
2.657500e+02 1.944000e+02
2.655000e+02 1.956000e+02
2.652500e+02 1.968000e+02
2.650000e+02 1.980000e+02
2.648750e+02 1.992000e+02
2.647500e+02 2.004000e+02
2.646250e+02 2.016000e+02
2.645000e+02 2.028000e+02
2.643750e+02 2.040000e+02
2.642500e+02 2.052000e+02
2.641250e+02 2.064000e+02
2.640000e+02 2.076000e+02
2.638750e+02 2.086500e+02
2.637500e+02 2.097000e+02
2.636250e+02 2.107500e+02
2.635000e+02 2.118000e+02
2.633750e+02 2.131500e+02
2.632500e+02 2.145000e+02
2.631250e+02 2.158500e+02
2.630000e+02 2.172000e+02
2.628750e+02 2.184000e+02
2.627500e+02 2.196000e+02
2.626250e+02 2.208000e+02
2.625000e+02 2.220000e+02
2.623750e+02 2.236500e+02
2.622500e+02 2.253000e+02
2.621250e+02 2.269500e+02
2.620000e+02 2.286000e+02
2.618750e+02 2.307000e+02
2.617500e+02 2.328000e+02
2.616250e+02 2.349000e+02
2.615000e+02 2.370000e+02
2.613750e+02 2.386500e+02
2.612500e+02 2.403000e+02
2.611250e+02 2.419500e+02
2.610000e+02 2.436000e+02
2.610000e+02 2.448000e+02
2.610000e+02 2.460000e+02
2.610000e+02 2.484000e+02
2.607500e+02 2.505000e+02
2.605000e+02 2.526000e+02
2.602500e+02 2.547000e+02
2.600000e+02 2.568000e+02
2.600000e+02 2.592000e+02
2.600000e+02 2.616000e+02
2.597500e+02 2.640000e+02
2.595000e+02 2.664000e+02
2.592500e+02 2.685000e+02
2.590000e+02 2.706000e+02
2.590000e+02 2.727000e+02
2.590000e+02 2.748000e+02
2.587500e+02 2.769000e+02
2.585000e+02 2.790000e+02
2.585000e+02 2.811000e+02
2.585000e+02 2.832000e+02
2.582500e+02 2.853000e+02
2.580000e+02 2.874000e+02
2.580000e+02 2.907000e+02
2.580000e+02 2.940000e+02
2.577500e+02 2.961000e+02
2.575000e+02 2.982000e+02
2.575000e+02 2.994000e+02
2.575000e+02 3.006000e+02
2.575000e+02 3.039000e+02
2.575000e+02 3.072000e+02
2.572500e+02 3.096000e+02
2.570000e+02 3.120000e+02
2.570000e+02 3.141000e+02
2.570000e+02 3.162000e+02
2.570000e+02 3.183000e+02
2.570000e+02 3.204000e+02
2.570000e+02 3.231000e+02
2.570000e+02 3.258000e+02
2.570000e+02 3.282000e+02
2.570000e+02 3.306000e+02
2.570000e+02 3.327000e+02
2.570000e+02 3.348000e+02
2.570000e+02 3.375000e+02
2.570000e+02 3.402000e+02
2.570000e+02 3.423000e+02
2.570000e+02 3.444000e+02
2.570000e+02 3.468000e+02
2.570000e+02 3.492000e+02
2.570000e+02 3.519000e+02
2.570000e+02 3.546000e+02
2.570000e+02 3.570000e+02
2.570000e+02 3.594000e+02
2.572500e+02 3.630000e+02
2.575000e+02 3.666000e+02
2.575000e+02 3.702000e+02
2.575000e+02 3.738000e+02
2.575000e+02 3.768000e+02
2.575000e+02 3.798000e+02
2.575000e+02 3.816000e+02
2.575000e+02 3.834000e+02
2.572500e+02 3.852000e+02
2.570000e+02 3.870000e+02
2.570000e+02 3.885000e+02
2.570000e+02 3.900000e+02
2.567500e+02 3.915000e+02
2.565000e+02 3.930000e+02
2.562500e+02 3.975000e+02
2.560000e+02 4.020000e+02
2.557500e+02 4.047000e+02
2.555000e+02 4.074000e+02
2.555000e+02 4.074000e+02
2.555000e+02 4.074000e+02
2.910000e+02 6.000000e+01
2.910000e+02 6.000000e+01
2.910000e+02 6.000000e+01
2.910000e+02 6.000000e+01
2.910000e+02 6.000000e+01
2.910000e+02 6.000000e+01
2.910000e+02 6.000000e+01
2.910000e+02 6.000000e+01
2.910000e+02 6.000000e+01
2.908750e+02 6.015000e+01
2.907500e+02 6.030000e+01
2.906250e+02 6.045000e+01
2.905000e+02 6.060000e+01
2.903750e+02 6.075000e+01
2.902500e+02 6.090000e+01
2.901250e+02 6.105000e+01
2.900000e+02 6.120000e+01
2.898750e+02 6.165000e+01
2.897500e+02 6.210000e+01
2.896250e+02 6.255000e+01
2.895000e+02 6.300000e+01
2.888750e+02 6.495000e+01
2.882500e+02 6.690000e+01
2.876250e+02 6.885000e+01
2.870000e+02 7.080000e+01
2.866250e+02 7.260000e+01
2.862500e+02 7.440000e+01
2.858750e+02 7.620000e+01
2.855000e+02 7.800000e+01
2.850000e+02 8.055000e+01
2.845000e+02 8.310000e+01
2.840000e+02 8.565000e+01
2.835000e+02 8.820000e+01
2.830000e+02 9.090000e+01
2.825000e+02 9.360000e+01
2.820000e+02 9.630000e+01
2.815000e+02 9.900000e+01
2.811250e+02 1.006500e+02
2.807500e+02 1.023000e+02
2.803750e+02 1.039500e+02
2.800000e+02 1.056000e+02
2.797500e+02 1.074000e+02
2.795000e+02 1.092000e+02
2.792500e+02 1.110000e+02
2.790000e+02 1.128000e+02
2.787500e+02 1.146000e+02
2.785000e+02 1.164000e+02
2.782500e+02 1.182000e+02
2.780000e+02 1.200000e+02
2.776250e+02 1.222500e+02
2.772500e+02 1.245000e+02
2.768750e+02 1.267500e+02
2.765000e+02 1.290000e+02
2.761250e+02 1.308000e+02
2.757500e+02 1.326000e+02
2.753750e+02 1.344000e+02
2.750000e+02 1.362000e+02
2.747500e+02 1.380000e+02
2.745000e+02 1.398000e+02
2.742500e+02 1.416000e+02
2.740000e+02 1.434000e+02
2.736250e+02 1.450500e+02
2.732500e+02 1.467000e+02
2.728750e+02 1.483500e+02
2.725000e+02 1.500000e+02
2.722500e+02 1.516500e+02
2.720000e+02 1.533000e+02
2.717500e+02 1.549500e+02
2.715000e+02 1.566000e+02
2.712500e+02 1.582500e+02
2.710000e+02 1.599000e+02
2.707500e+02 1.615500e+02
2.705000e+02 1.632000e+02
2.701250e+02 1.648500e+02
2.697500e+02 1.665000e+02
2.693750e+02 1.681500e+02
2.690000e+02 1.698000e+02
2.688750e+02 1.713000e+02
2.687500e+02 1.728000e+02
2.686250e+02 1.743000e+02
2.685000e+02 1.758000e+02
2.682500e+02 1.770000e+02
2.680000e+02 1.782000e+02
2.677500e+02 1.794000e+02
2.675000e+02 1.806000e+02
2.672500e+02 1.827000e+02
2.670000e+02 1.848000e+02
2.667500e+02 1.869000e+02
2.665000e+02 1.890000e+02
2.663750e+02 1.900500e+02
2.662500e+02 1.911000e+02
2.661250e+02 1.921500e+02
2.660000e+02 1.932000e+02
2.657500e+02 1.944000e+02
2.655000e+02 1.956000e+02
2.652500e+02 1.968000e+02
2.650000e+02 1.980000e+02
2.648750e+02 1.992000e+02
2.647500e+02 2.004000e+02
2.646250e+02 2.016000e+02
2.645000e+02 2.028000e+02
2.643750e+02 2.040000e+02
2.642500e+02 2.052000e+02
2.641250e+02 2.064000e+02
2.640000e+02 2.076000e+02
2.638750e+02 2.086500e+02
2.637500e+02 2.097000e+02
2.636250e+02 2.107500e+02
2.635000e+02 2.118000e+02
2.633750e+02 2.131500e+02
2.632500e+02 2.145000e+02
2.631250e+02 2.158500e+02
2.630000e+02 2.172000e+02
2.628750e+02 2.184000e+02
2.627500e+02 2.196000e+02
2.626250e+02 2.208000e+02
2.625000e+02 2.220000e+02
2.623750e+02 2.236500e+02
2.622500e+02 2.253000e+02
2.621250e+02 2.269500e+02
2.620000e+02 2.286000e+02
2.618750e+02 2.307000e+02
2.617500e+02 2.328000e+02
2.616250e+02 2.349000e+02
2.615000e+02 2.370000e+02
2.613750e+02 2.386500e+02
2.612500e+02 2.403000e+02
2.611250e+02 2.419500e+02
2.610000e+02 2.436000e+02
2.610000e+02 2.448000e+02
2.610000e+02 2.460000e+02
2.610000e+02 2.484000e+02
2.607500e+02 2.505000e+02
2.605000e+02 2.526000e+02
2.602500e+02 2.547000e+02
2.600000e+02 2.568000e+02
2.600000e+02 2.592000e+02
2.600000e+02 2.616000e+02
2.597500e+02 2.640000e+02
2.595000e+02 2.664000e+02
2.592500e+02 2.685000e+02
2.590000e+02 2.706000e+02
2.590000e+02 2.727000e+02
2.590000e+02 2.748000e+02
2.587500e+02 2.769000e+02
2.585000e+02 2.790000e+02
2.585000e+02 2.811000e+02
2.585000e+02 2.832000e+02
2.582500e+02 2.853000e+02
2.580000e+02 2.874000e+02
2.580000e+02 2.907000e+02
2.580000e+02 2.940000e+02
2.577500e+02 2.961000e+02
2.575000e+02 2.982000e+02
2.575000e+02 2.994000e+02
2.575000e+02 3.006000e+02
2.575000e+02 3.039000e+02
2.575000e+02 3.072000e+02
2.572500e+02 3.096000e+02
2.570000e+02 3.120000e+02
2.570000e+02 3.141000e+02
2.570000e+02 3.162000e+02
2.570000e+02 3.183000e+02
2.570000e+02 3.204000e+02
2.570000e+02 3.231000e+02
2.570000e+02 3.258000e+02
2.570000e+02 3.282000e+02
2.570000e+02 3.306000e+02
2.570000e+02 3.327000e+02
2.570000e+02 3.348000e+02
2.570000e+02 3.375000e+02
2.570000e+02 3.402000e+02
2.570000e+02 3.423000e+02
2.570000e+02 3.444000e+02
2.570000e+02 3.468000e+02
2.570000e+02 3.492000e+02
2.570000e+02 3.519000e+02
2.570000e+02 3.546000e+02
2.570000e+02 3.570000e+02
2.570000e+02 3.594000e+02
2.572500e+02 3.630000e+02
2.575000e+02 3.666000e+02
2.575000e+02 3.702000e+02
2.575000e+02 3.738000e+02
2.575000e+02 3.768000e+02
2.575000e+02 3.798000e+02
2.575000e+02 3.816000e+02
2.575000e+02 3.834000e+02
2.572500e+02 3.852000e+02
2.570000e+02 3.870000e+02
2.570000e+02 3.885000e+02
2.570000e+02 3.900000e+02
2.567500e+02 3.915000e+02
2.565000e+02 3.930000e+02
2.562500e+02 3.975000e+02
2.560000e+02 4.020000e+02
2.557500e+02 4.047000e+02
2.555000e+02 4.074000e+02
2.555000e+02 4.074000e+02
2.555000e+02 4.074000e+02
2.910000e+02 6.000000e+01
2.910000e+02 6.000000e+01
2.910000e+02 6.000000e+01
2.910000e+02 6.000000e+01
2.910000e+02 6.000000e+01
2.910000e+02 6.000000e+01
2.910000e+02 6.000000e+01
2.910000e+02 6.000000e+01
2.910000e+02 6.000000e+01
2.908750e+02 6.015000e+01
2.907500e+02 6.030000e+01
2.906250e+02 6.045000e+01
2.905000e+02 6.060000e+01
2.903750e+02 6.075000e+01
2.902500e+02 6.090000e+01
2.901250e+02 6.105000e+01
2.900000e+02 6.120000e+01
2.898750e+02 6.165000e+01
2.897500e+02 6.210000e+01
2.896250e+02 6.255000e+01
2.895000e+02 6.300000e+01
2.888750e+02 6.495000e+01
2.882500e+02 6.690000e+01
2.876250e+02 6.885000e+01
2.870000e+02 7.080000e+01
2.866250e+02 7.260000e+01
2.862500e+02 7.440000e+01
2.858750e+02 7.620000e+01
2.855000e+02 7.800000e+01
2.850000e+02 8.055000e+01
2.845000e+02 8.310000e+01
2.840000e+02 8.565000e+01
2.835000e+02 8.820000e+01
2.830000e+02 9.090000e+01
2.825000e+02 9.360000e+01
2.820000e+02 9.630000e+01
2.815000e+02 9.900000e+01
2.811250e+02 1.006500e+02
2.807500e+02 1.023000e+02
2.803750e+02 1.039500e+02
2.800000e+02 1.056000e+02
2.797500e+02 1.074000e+02
2.795000e+02 1.092000e+02
2.792500e+02 1.110000e+02
2.790000e+02 1.128000e+02
2.787500e+02 1.146000e+02
2.785000e+02 1.164000e+02
2.782500e+02 1.182000e+02
2.780000e+02 1.200000e+02
2.776250e+02 1.222500e+02
2.772500e+02 1.245000e+02
2.768750e+02 1.267500e+02
2.765000e+02 1.290000e+02
2.761250e+02 1.308000e+02
2.757500e+02 1.326000e+02
2.753750e+02 1.344000e+02
2.750000e+02 1.362000e+02
2.747500e+02 1.380000e+02
2.745000e+02 1.398000e+02
2.742500e+02 1.416000e+02
2.740000e+02 1.434000e+02
2.736250e+02 1.450500e+02
2.732500e+02 1.467000e+02
2.728750e+02 1.483500e+02
2.725000e+02 1.500000e+02
2.722500e+02 1.516500e+02
2.720000e+02 1.533000e+02
2.717500e+02 1.549500e+02
2.715000e+02 1.566000e+02
2.712500e+02 1.582500e+02
2.710000e+02 1.599000e+02
2.707500e+02 1.615500e+02
2.705000e+02 1.632000e+02
2.701250e+02 1.648500e+02
2.697500e+02 1.665000e+02
2.693750e+02 1.681500e+02
2.690000e+02 1.698000e+02
2.688750e+02 1.713000e+02
2.687500e+02 1.728000e+02
2.686250e+02 1.743000e+02
2.685000e+02 1.758000e+02
2.682500e+02 1.770000e+02
2.680000e+02 1.782000e+02
2.677500e+02 1.794000e+02
2.675000e+02 1.806000e+02
2.672500e+02 1.827000e+02
2.670000e+02 1.848000e+02
2.667500e+02 1.869000e+02
2.665000e+02 1.890000e+02
2.663750e+02 1.900500e+02
2.662500e+02 1.911000e+02
2.661250e+02 1.921500e+02
2.660000e+02 1.932000e+02
2.657500e+02 1.944000e+02
2.655000e+02 1.956000e+02
2.652500e+02 1.968000e+02
2.650000e+02 1.980000e+02
2.648750e+02 1.992000e+02
2.647500e+02 2.004000e+02
2.646250e+02 2.016000e+02
2.645000e+02 2.028000e+02
2.643750e+02 2.040000e+02
2.642500e+02 2.052000e+02
2.641250e+02 2.064000e+02
2.640000e+02 2.076000e+02
2.638750e+02 2.086500e+02
2.637500e+02 2.097000e+02
2.636250e+02 2.107500e+02
2.635000e+02 2.118000e+02
2.633750e+02 2.131500e+02
2.632500e+02 2.145000e+02
2.631250e+02 2.158500e+02
2.630000e+02 2.172000e+02
2.628750e+02 2.184000e+02
2.627500e+02 2.196000e+02
2.626250e+02 2.208000e+02
2.625000e+02 2.220000e+02
2.623750e+02 2.236500e+02
2.622500e+02 2.253000e+02
2.621250e+02 2.269500e+02
2.620000e+02 2.286000e+02
2.618750e+02 2.307000e+02
2.617500e+02 2.328000e+02
2.616250e+02 2.349000e+02
2.615000e+02 2.370000e+02
2.613750e+02 2.386500e+02
2.612500e+02 2.403000e+02
2.611250e+02 2.419500e+02
2.610000e+02 2.436000e+02
2.610000e+02 2.448000e+02
2.610000e+02 2.460000e+02
2.610000e+02 2.484000e+02
2.607500e+02 2.505000e+02
2.605000e+02 2.526000e+02
2.602500e+02 2.547000e+02
2.600000e+02 2.568000e+02
2.600000e+02 2.592000e+02
2.600000e+02 2.616000e+02
2.597500e+02 2.640000e+02
2.595000e+02 2.664000e+02
2.592500e+02 2.685000e+02
2.590000e+02 2.706000e+02
2.590000e+02 2.727000e+02
2.590000e+02 2.748000e+02
2.587500e+02 2.769000e+02
2.585000e+02 2.790000e+02
2.585000e+02 2.811000e+02
2.585000e+02 2.832000e+02
2.582500e+02 2.853000e+02
2.580000e+02 2.874000e+02
2.580000e+02 2.907000e+02
2.580000e+02 2.940000e+02
2.577500e+02 2.961000e+02
2.575000e+02 2.982000e+02
2.575000e+02 2.994000e+02
2.575000e+02 3.006000e+02
2.575000e+02 3.039000e+02
2.575000e+02 3.072000e+02
2.572500e+02 3.096000e+02
2.570000e+02 3.120000e+02
2.570000e+02 3.141000e+02
2.570000e+02 3.162000e+02
2.570000e+02 3.183000e+02
2.570000e+02 3.204000e+02
2.570000e+02 3.231000e+02
2.570000e+02 3.258000e+02
2.570000e+02 3.282000e+02
2.570000e+02 3.306000e+02
2.570000e+02 3.327000e+02
2.570000e+02 3.348000e+02
2.570000e+02 3.375000e+02
2.570000e+02 3.402000e+02
2.570000e+02 3.423000e+02
2.570000e+02 3.444000e+02
2.570000e+02 3.468000e+02
2.570000e+02 3.492000e+02
2.570000e+02 3.519000e+02
2.570000e+02 3.546000e+02
2.570000e+02 3.570000e+02
2.570000e+02 3.594000e+02
2.572500e+02 3.630000e+02
2.575000e+02 3.666000e+02
2.575000e+02 3.702000e+02
2.575000e+02 3.738000e+02
2.575000e+02 3.768000e+02
2.575000e+02 3.798000e+02
2.575000e+02 3.816000e+02
2.575000e+02 3.834000e+02
2.572500e+02 3.852000e+02
2.570000e+02 3.870000e+02
2.570000e+02 3.885000e+02
2.570000e+02 3.900000e+02
2.567500e+02 3.915000e+02
2.565000e+02 3.930000e+02
2.562500e+02 3.975000e+02
2.560000e+02 4.020000e+02
2.557500e+02 4.047000e+02
2.555000e+02 4.074000e+02
2.555000e+02 4.074000e+02
2.555000e+02 4.074000e+02
