5.255000e+02 1.878000e+02
5.247500e+02 1.879500e+02
5.240000e+02 1.881000e+02
5.232500e+02 1.882500e+02
5.225000e+02 1.884000e+02
5.206250e+02 1.885500e+02
5.187500e+02 1.887000e+02
5.168750e+02 1.888500e+02
5.150000e+02 1.890000e+02
5.136250e+02 1.890000e+02
5.122500e+02 1.890000e+02
5.108750e+02 1.890000e+02
5.095000e+02 1.890000e+02
5.082500e+02 1.890000e+02
5.070000e+02 1.890000e+02
5.057500e+02 1.890000e+02
5.045000e+02 1.890000e+02
5.028750e+02 1.890000e+02
5.012500e+02 1.890000e+02
4.996250e+02 1.890000e+02
4.980000e+02 1.890000e+02
4.966250e+02 1.891500e+02
4.952500e+02 1.893000e+02
4.938750e+02 1.894500e+02
4.925000e+02 1.896000e+02
4.908750e+02 1.896000e+02
4.892500e+02 1.896000e+02
4.876250e+02 1.896000e+02
4.860000e+02 1.896000e+02
4.842500e+02 1.897500e+02
4.825000e+02 1.899000e+02
4.807500e+02 1.900500e+02
4.790000e+02 1.902000e+02
4.770000e+02 1.903500e+02
4.750000e+02 1.905000e+02
4.730000e+02 1.906500e+02
4.710000e+02 1.908000e+02
4.685000e+02 1.909500e+02
4.660000e+02 1.911000e+02
4.635000e+02 1.912500e+02
4.610000e+02 1.914000e+02
4.588750e+02 1.915500e+02
4.567500e+02 1.917000e+02
4.546250e+02 1.918500e+02
4.525000e+02 1.920000e+02
4.502500e+02 1.921500e+02
4.480000e+02 1.923000e+02
4.457500e+02 1.924500e+02
4.435000e+02 1.926000e+02
4.398750e+02 1.929000e+02
4.362500e+02 1.932000e+02
4.326250e+02 1.935000e+02
4.290000e+02 1.938000e+02
4.250000e+02 1.941000e+02
4.210000e+02 1.944000e+02
4.170000e+02 1.947000e+02
4.130000e+02 1.950000e+02
4.092500e+02 1.951500e+02
4.055000e+02 1.953000e+02
4.017500e+02 1.954500e+02
3.980000e+02 1.956000e+02
3.953750e+02 1.959000e+02
3.927500e+02 1.962000e+02
3.901250e+02 1.965000e+02
3.875000e+02 1.968000e+02
3.850000e+02 1.968000e+02
3.825000e+02 1.968000e+02
3.800000e+02 1.968000e+02
3.775000e+02 1.968000e+02
3.750000e+02 1.969500e+02
3.725000e+02 1.971000e+02
3.700000e+02 1.972500e+02
3.675000e+02 1.974000e+02
3.647500e+02 1.975500e+02
3.620000e+02 1.977000e+02
3.592500e+02 1.978500e+02
3.565000e+02 1.980000e+02
3.538750e+02 1.981500e+02
3.512500e+02 1.983000e+02
3.486250e+02 1.984500e+02
3.460000e+02 1.986000e+02
3.435000e+02 1.987500e+02
3.410000e+02 1.989000e+02
3.385000e+02 1.990500e+02
3.360000e+02 1.992000e+02
3.335000e+02 1.993500e+02
3.310000e+02 1.995000e+02
3.285000e+02 1.996500e+02
3.260000e+02 1.998000e+02
3.236250e+02 1.998000e+02
3.212500e+02 1.998000e+02
3.188750e+02 1.998000e+02
3.165000e+02 1.998000e+02
3.140000e+02 1.998000e+02
3.115000e+02 1.998000e+02
3.090000e+02 1.998000e+02
3.065000e+02 1.998000e+02
3.031250e+02 1.999500e+02
2.997500e+02 2.001000e+02
2.963750e+02 2.002500e+02
2.930000e+02 2.004000e+02
2.907500e+02 2.004000e+02
2.885000e+02 2.004000e+02
2.862500e+02 2.004000e+02
2.840000e+02 2.004000e+02
2.808750e+02 2.004000e+02
2.777500e+02 2.004000e+02
2.746250e+02 2.004000e+02
2.715000e+02 2.004000e+02
2.691250e+02 2.004000e+02
2.667500e+02 2.004000e+02
2.643750e+02 2.004000e+02
2.620000e+02 2.004000e+02
2.590000e+02 2.005500e+02
2.560000e+02 2.007000e+02
2.530000e+02 2.008500e+02
2.500000e+02 2.010000e+02
2.481250e+02 2.010000e+02
2.462500e+02 2.010000e+02
2.443750e+02 2.010000e+02
2.425000e+02 2.010000e+02
2.405000e+02 2.011500e+02
2.385000e+02 2.013000e+02
2.365000e+02 2.014500e+02
2.345000e+02 2.016000e+02
2.336250e+02 2.016000e+02
2.327500e+02 2.016000e+02
2.318750e+02 2.016000e+02
2.310000e+02 2.016000e+02
2.281250e+02 2.017500e+02
2.252500e+02 2.019000e+02
2.223750e+02 2.020500e+02
2.195000e+02 2.022000e+02
2.186250e+02 2.023500e+02
2.177500e+02 2.025000e+02
2.168750e+02 2.026500e+02
2.160000e+02 2.028000e+02
2.132500e+02 2.029500e+02
2.105000e+02 2.031000e+02
2.077500e+02 2.032500e+02
2.050000e+02 2.034000e+02
2.032500e+02 2.035500e+02
2.015000e+02 2.037000e+02
1.997500e+02 2.038500e+02
1.980000e+02 2.040000e+02
1.962500e+02 2.040000e+02
1.945000e+02 2.040000e+02
1.927500e+02 2.040000e+02
1.910000e+02 2.040000e+02
1.892500e+02 2.041500e+02
1.875000e+02 2.043000e+02
1.857500e+02 2.044500e+02
1.840000e+02 2.046000e+02
1.825000e+02 2.047500e+02
1.810000e+02 2.049000e+02
1.795000e+02 2.050500e+02
1.780000e+02 2.052000e+02
1.765000e+02 2.053500e+02
1.750000e+02 2.055000e+02
1.735000e+02 2.056500e+02
1.720000e+02 2.058000e+02
1.707500e+02 2.059500e+02
1.695000e+02 2.061000e+02
1.682500e+02 2.062500e+02
1.670000e+02 2.064000e+02
1.655000e+02 2.065500e+02
1.640000e+02 2.067000e+02
1.625000e+02 2.068500e+02
1.610000e+02 2.070000e+02
1.596250e+02 2.070000e+02
1.582500e+02 2.070000e+02
1.568750e+02 2.070000e+02
1.555000e+02 2.070000e+02
1.540000e+02 2.071500e+02
1.525000e+02 2.073000e+02
1.510000e+02 2.074500e+02
1.495000e+02 2.076000e+02
1.482500e+02 2.077500e+02
1.470000e+02 2.079000e+02
1.445000e+02 2.082000e+02
1.417500e+02 2.088000e+02
1.390000e+02 2.094000e+02
1.365000e+02 2.097000e+02
1.340000e+02 2.100000e+02
1.315000e+02 2.106000e+02
1.290000e+02 2.112000e+02
1.267500e+02 2.115000e+02
1.245000e+02 2.118000e+02
1.220000e+02 2.124000e+02
1.195000e+02 2.130000e+02
1.187500e+02 2.130000e+02
1.180000e+02 2.130000e+02
1.155000e+02 2.133000e+02
1.130000e+02 2.136000e+02
1.112500e+02 2.139000e+02
1.095000e+02 2.142000e+02
1.087500e+02 2.145000e+02
1.080000e+02 2.148000e+02
1.080000e+02 2.148000e+02
1.080000e+02 2.148000e+02
