3.405000e+02 1.518000e+02
3.405000e+02 1.518000e+02
3.405000e+02 1.518000e+02
3.407500e+02 1.518000e+02
3.410000e+02 1.518000e+02
3.412500e+02 1.518000e+02
3.415000e+02 1.518000e+02
3.425000e+02 1.518000e+02
3.435000e+02 1.518000e+02
3.450000e+02 1.518000e+02
3.465000e+02 1.518000e+02
3.487500e+02 1.518000e+02
3.510000e+02 1.518000e+02
3.537500e+02 1.518000e+02
3.565000e+02 1.518000e+02
3.615000e+02 1.518000e+02
3.665000e+02 1.518000e+02
3.705000e+02 1.518000e+02
3.745000e+02 1.518000e+02
3.787500e+02 1.518000e+02
3.830000e+02 1.518000e+02
3.870000e+02 1.515000e+02
3.910000e+02 1.512000e+02
3.945000e+02 1.512000e+02
3.980000e+02 1.512000e+02
4.020000e+02 1.509000e+02
4.060000e+02 1.506000e+02
4.100000e+02 1.503000e+02
4.140000e+02 1.500000e+02
4.172500e+02 1.500000e+02
4.205000e+02 1.500000e+02
4.240000e+02 1.497000e+02
4.275000e+02 1.494000e+02
4.307500e+02 1.491000e+02
4.340000e+02 1.488000e+02
4.372500e+02 1.482000e+02
4.405000e+02 1.476000e+02
4.435000e+02 1.473000e+02
4.465000e+02 1.470000e+02
4.495000e+02 1.467000e+02
4.525000e+02 1.464000e+02
4.557500e+02 1.461000e+02
4.590000e+02 1.458000e+02
4.612500e+02 1.455000e+02
4.635000e+02 1.452000e+02
4.657500e+02 1.452000e+02
4.680000e+02 1.452000e+02
4.697500e+02 1.449000e+02
4.715000e+02 1.446000e+02
4.735000e+02 1.446000e+02
4.755000e+02 1.446000e+02
4.772500e+02 1.446000e+02
4.790000e+02 1.446000e+02
4.810000e+02 1.449000e+02
4.830000e+02 1.452000e+02
4.840000e+02 1.452000e+02
4.850000e+02 1.452000e+02
4.860000e+02 1.455000e+02
4.870000e+02 1.458000e+02
4.880000e+02 1.461000e+02
4.890000e+02 1.464000e+02
4.897500e+02 1.467000e+02
4.905000e+02 1.470000e+02
4.910000e+02 1.473000e+02
4.915000e+02 1.476000e+02
4.922500e+02 1.482000e+02
4.930000e+02 1.488000e+02
4.932500e+02 1.491000e+02
4.935000e+02 1.494000e+02
4.940000e+02 1.497000e+02
4.945000e+02 1.500000e+02
4.947500e+02 1.503000e+02
4.950000e+02 1.506000e+02
4.960000e+02 1.512000e+02
4.960000e+02 1.524000e+02
4.965000e+02 1.542000e+02
4.965000e+02 1.560000e+02
4.965000e+02 1.590000e+02
4.965000e+02 1.626000e+02
4.955000e+02 1.662000e+02
4.945000e+02 1.704000e+02
4.935000e+02 1.758000e+02
4.920000e+02 1.800000e+02
4.910000e+02 1.854000e+02
4.900000e+02 1.914000e+02
4.890000e+02 1.968000e+02
4.885000e+02 2.028000e+02
4.880000e+02 2.076000e+02
4.870000e+02 2.124000e+02
4.860000e+02 2.190000e+02
4.850000e+02 2.250000e+02
4.825000e+02 2.346000e+02
4.810000e+02 2.406000e+02
4.795000e+02 2.472000e+02
4.785000e+02 2.532000e+02
4.780000e+02 2.592000e+02
4.770000e+02 2.658000e+02
4.765000e+02 2.712000e+02
4.765000e+02 2.772000e+02
4.760000e+02 2.832000e+02
4.760000e+02 2.886000e+02
4.760000e+02 2.952000e+02
4.760000e+02 3.000000e+02
4.760000e+02 3.054000e+02
4.765000e+02 3.120000e+02
4.765000e+02 3.174000e+02
4.765000e+02 3.234000e+02
4.765000e+02 3.294000e+02
4.765000e+02 3.342000e+02
4.770000e+02 3.396000e+02
4.770000e+02 3.438000e+02
4.770000e+02 3.468000e+02
4.770000e+02 3.492000e+02
4.770000e+02 3.504000e+02
4.770000e+02 3.522000e+02
4.770000e+02 3.534000e+02
4.770000e+02 3.540000e+02
4.770000e+02 3.546000e+02
4.770000e+02 3.546000e+02
4.770000e+02 3.552000e+02
4.765000e+02 3.552000e+02
4.765000e+02 3.552000e+02
4.765000e+02 3.552000e+02
4.760000e+02 3.552000e+02
4.755000e+02 3.552000e+02
4.745000e+02 3.552000e+02
4.725000e+02 3.546000e+02
4.700000e+02 3.546000e+02
4.665000e+02 3.540000e+02
4.610000e+02 3.540000e+02
4.550000e+02 3.534000e+02
4.465000e+02 3.534000e+02
4.370000e+02 3.534000e+02
4.285000e+02 3.534000e+02
4.200000e+02 3.534000e+02
4.070000e+02 3.540000e+02
4.025000e+02 3.540000e+02
3.895000e+02 3.552000e+02
3.765000e+02 3.558000e+02
3.630000e+02 3.564000e+02
3.545000e+02 3.570000e+02
3.455000e+02 3.576000e+02
3.375000e+02 3.582000e+02
3.305000e+02 3.588000e+02
3.240000e+02 3.594000e+02
3.195000e+02 3.600000e+02
3.155000e+02 3.600000e+02
3.125000e+02 3.600000e+02
3.095000e+02 3.600000e+02
3.075000e+02 3.600000e+02
3.060000e+02 3.594000e+02
3.045000e+02 3.588000e+02
3.030000e+02 3.582000e+02
3.020000e+02 3.582000e+02
3.005000e+02 3.570000e+02
2.990000e+02 3.558000e+02
2.980000e+02 3.540000e+02
2.970000e+02 3.516000e+02
2.960000e+02 3.474000e+02
2.960000e+02 3.438000e+02
2.955000e+02 3.396000e+02
2.950000e+02 3.336000e+02
2.950000e+02 3.294000e+02
2.950000e+02 3.228000e+02
2.955000e+02 3.168000e+02
2.965000e+02 3.108000e+02
2.970000e+02 3.024000e+02
2.980000e+02 2.958000e+02
2.990000e+02 2.862000e+02
3.005000e+02 2.766000e+02
3.015000e+02 2.676000e+02
3.045000e+02 2.544000e+02
3.070000e+02 2.454000e+02
3.090000e+02 2.388000e+02
3.115000e+02 2.298000e+02
3.135000e+02 2.226000e+02
3.155000e+02 2.142000e+02
3.175000e+02 2.070000e+02
3.205000e+02 1.998000e+02
3.220000e+02 1.932000e+02
3.235000e+02 1.884000e+02
3.250000e+02 1.824000e+02
3.265000e+02 1.758000e+02
3.280000e+02 1.710000e+02
3.290000e+02 1.668000e+02
3.295000e+02 1.644000e+02
3.300000e+02 1.626000e+02
3.305000e+02 1.614000e+02
3.310000e+02 1.602000e+02
3.320000e+02 1.590000e+02
3.325000e+02 1.578000e+02
3.335000e+02 1.572000e+02
3.340000e+02 1.566000e+02
3.345000e+02 1.560000e+02
3.350000e+02 1.554000e+02
3.355000e+02 1.548000e+02
3.355000e+02 1.548000e+02
3.360000e+02 1.548000e+02
3.365000e+02 1.548000e+02
3.365000e+02 1.548000e+02
3.405000e+02 1.518000e+02
3.405000e+02 1.518000e+02
3.405000e+02 1.518000e+02
3.407500e+02 1.518000e+02
3.410000e+02 1.518000e+02
3.412500e+02 1.518000e+02
3.415000e+02 1.518000e+02
3.425000e+02 1.518000e+02
3.435000e+02 1.518000e+02
3.450000e+02 1.518000e+02
3.465000e+02 1.518000e+02
3.487500e+02 1.518000e+02
3.510000e+02 1.518000e+02
3.537500e+02 1.518000e+02
3.565000e+02 1.518000e+02
3.615000e+02 1.518000e+02
3.665000e+02 1.518000e+02
3.705000e+02 1.518000e+02
3.745000e+02 1.518000e+02
3.787500e+02 1.518000e+02
3.830000e+02 1.518000e+02
3.870000e+02 1.515000e+02
3.910000e+02 1.512000e+02
3.945000e+02 1.512000e+02
3.980000e+02 1.512000e+02
4.020000e+02 1.509000e+02
4.060000e+02 1.506000e+02
4.100000e+02 1.503000e+02
4.140000e+02 1.500000e+02
4.172500e+02 1.500000e+02
4.205000e+02 1.500000e+02
4.240000e+02 1.497000e+02
4.275000e+02 1.494000e+02
4.307500e+02 1.491000e+02
4.340000e+02 1.488000e+02
4.372500e+02 1.482000e+02
4.405000e+02 1.476000e+02
4.435000e+02 1.473000e+02
4.465000e+02 1.470000e+02
4.495000e+02 1.467000e+02
4.525000e+02 1.464000e+02
4.557500e+02 1.461000e+02
4.590000e+02 1.458000e+02
4.612500e+02 1.455000e+02
4.635000e+02 1.452000e+02
4.657500e+02 1.452000e+02
4.680000e+02 1.452000e+02
4.697500e+02 1.449000e+02
4.715000e+02 1.446000e+02
4.735000e+02 1.446000e+02
4.755000e+02 1.446000e+02
4.772500e+02 1.446000e+02
4.790000e+02 1.446000e+02
4.810000e+02 1.449000e+02
4.830000e+02 1.452000e+02
4.840000e+02 1.452000e+02
4.850000e+02 1.452000e+02
4.860000e+02 1.455000e+02
4.870000e+02 1.458000e+02
4.880000e+02 1.461000e+02
4.890000e+02 1.464000e+02
4.897500e+02 1.467000e+02
4.905000e+02 1.470000e+02
4.910000e+02 1.473000e+02
4.915000e+02 1.476000e+02
4.922500e+02 1.482000e+02
4.930000e+02 1.488000e+02
4.932500e+02 1.491000e+02
4.935000e+02 1.494000e+02
4.940000e+02 1.497000e+02
4.945000e+02 1.500000e+02
4.947500e+02 1.503000e+02
4.950000e+02 1.506000e+02
4.960000e+02 1.512000e+02
4.960000e+02 1.524000e+02
4.965000e+02 1.542000e+02
4.965000e+02 1.560000e+02
4.965000e+02 1.590000e+02
4.965000e+02 1.626000e+02
4.955000e+02 1.662000e+02
4.945000e+02 1.704000e+02
4.935000e+02 1.758000e+02
4.920000e+02 1.800000e+02
4.910000e+02 1.854000e+02
4.900000e+02 1.914000e+02
4.890000e+02 1.968000e+02
4.885000e+02 2.028000e+02
4.880000e+02 2.076000e+02
4.870000e+02 2.124000e+02
4.860000e+02 2.190000e+02
4.850000e+02 2.250000e+02
4.825000e+02 2.346000e+02
4.810000e+02 2.406000e+02
4.795000e+02 2.472000e+02
4.785000e+02 2.532000e+02
4.780000e+02 2.592000e+02
4.770000e+02 2.658000e+02
4.765000e+02 2.712000e+02
4.765000e+02 2.772000e+02
4.760000e+02 2.832000e+02
4.760000e+02 2.886000e+02
4.760000e+02 2.952000e+02
4.760000e+02 3.000000e+02
4.760000e+02 3.054000e+02
4.765000e+02 3.120000e+02
4.765000e+02 3.174000e+02
4.765000e+02 3.234000e+02
4.765000e+02 3.294000e+02
4.765000e+02 3.342000e+02
4.770000e+02 3.396000e+02
4.770000e+02 3.438000e+02
4.770000e+02 3.468000e+02
4.770000e+02 3.492000e+02
4.770000e+02 3.504000e+02
4.770000e+02 3.522000e+02
4.770000e+02 3.534000e+02
4.770000e+02 3.540000e+02
4.770000e+02 3.546000e+02
4.770000e+02 3.546000e+02
4.770000e+02 3.552000e+02
4.765000e+02 3.552000e+02
4.765000e+02 3.552000e+02
4.765000e+02 3.552000e+02
4.760000e+02 3.552000e+02
4.755000e+02 3.552000e+02
4.745000e+02 3.552000e+02
4.725000e+02 3.546000e+02
4.700000e+02 3.546000e+02
4.665000e+02 3.540000e+02
4.610000e+02 3.540000e+02
4.550000e+02 3.534000e+02
4.465000e+02 3.534000e+02
4.370000e+02 3.534000e+02
4.285000e+02 3.534000e+02
4.200000e+02 3.534000e+02
4.070000e+02 3.540000e+02
4.025000e+02 3.540000e+02
3.895000e+02 3.552000e+02
3.765000e+02 3.558000e+02
3.630000e+02 3.564000e+02
3.545000e+02 3.570000e+02
3.455000e+02 3.576000e+02
3.375000e+02 3.582000e+02
3.305000e+02 3.588000e+02
3.240000e+02 3.594000e+02
3.195000e+02 3.600000e+02
3.155000e+02 3.600000e+02
3.125000e+02 3.600000e+02
3.095000e+02 3.600000e+02
3.075000e+02 3.600000e+02
3.060000e+02 3.594000e+02
3.045000e+02 3.588000e+02
3.030000e+02 3.582000e+02
3.020000e+02 3.582000e+02
3.005000e+02 3.570000e+02
2.990000e+02 3.558000e+02
2.980000e+02 3.540000e+02
2.970000e+02 3.516000e+02
2.960000e+02 3.474000e+02
2.960000e+02 3.438000e+02
2.955000e+02 3.396000e+02
2.950000e+02 3.336000e+02
2.950000e+02 3.294000e+02
2.950000e+02 3.228000e+02
2.955000e+02 3.168000e+02
2.965000e+02 3.108000e+02
2.970000e+02 3.024000e+02
2.980000e+02 2.958000e+02
2.990000e+02 2.862000e+02
3.005000e+02 2.766000e+02
3.015000e+02 2.676000e+02
3.045000e+02 2.544000e+02
3.070000e+02 2.454000e+02
3.090000e+02 2.388000e+02
3.115000e+02 2.298000e+02
3.135000e+02 2.226000e+02
3.155000e+02 2.142000e+02
3.175000e+02 2.070000e+02
3.205000e+02 1.998000e+02
3.220000e+02 1.932000e+02
3.235000e+02 1.884000e+02
3.250000e+02 1.824000e+02
3.265000e+02 1.758000e+02
3.280000e+02 1.710000e+02
3.290000e+02 1.668000e+02
3.295000e+02 1.644000e+02
3.300000e+02 1.626000e+02
3.305000e+02 1.614000e+02
3.310000e+02 1.602000e+02
3.320000e+02 1.590000e+02
3.325000e+02 1.578000e+02
3.335000e+02 1.572000e+02
3.340000e+02 1.566000e+02
3.345000e+02 1.560000e+02
3.350000e+02 1.554000e+02
3.355000e+02 1.548000e+02
3.355000e+02 1.548000e+02
3.360000e+02 1.548000e+02
3.365000e+02 1.548000e+02
3.365000e+02 1.548000e+02
3.405000e+02 1.518000e+02
3.405000e+02 1.518000e+02
3.405000e+02 1.518000e+02
3.407500e+02 1.518000e+02
3.410000e+02 1.518000e+02
3.412500e+02 1.518000e+02
3.415000e+02 1.518000e+02
3.425000e+02 1.518000e+02
3.435000e+02 1.518000e+02
3.450000e+02 1.518000e+02
3.465000e+02 1.518000e+02
3.487500e+02 1.518000e+02
3.510000e+02 1.518000e+02
3.537500e+02 1.518000e+02
3.565000e+02 1.518000e+02
3.615000e+02 1.518000e+02
3.665000e+02 1.518000e+02
3.705000e+02 1.518000e+02
3.745000e+02 1.518000e+02
3.787500e+02 1.518000e+02
3.830000e+02 1.518000e+02
3.870000e+02 1.515000e+02
3.910000e+02 1.512000e+02
3.945000e+02 1.512000e+02
3.980000e+02 1.512000e+02
4.020000e+02 1.509000e+02
4.060000e+02 1.506000e+02
4.100000e+02 1.503000e+02
4.140000e+02 1.500000e+02
4.172500e+02 1.500000e+02
4.205000e+02 1.500000e+02
4.240000e+02 1.497000e+02
4.275000e+02 1.494000e+02
4.307500e+02 1.491000e+02
4.340000e+02 1.488000e+02
4.372500e+02 1.482000e+02
4.405000e+02 1.476000e+02
4.435000e+02 1.473000e+02
4.465000e+02 1.470000e+02
4.495000e+02 1.467000e+02
4.525000e+02 1.464000e+02
4.557500e+02 1.461000e+02
4.590000e+02 1.458000e+02
4.612500e+02 1.455000e+02
4.635000e+02 1.452000e+02
4.657500e+02 1.452000e+02
4.680000e+02 1.452000e+02
4.697500e+02 1.449000e+02
4.715000e+02 1.446000e+02
4.735000e+02 1.446000e+02
4.755000e+02 1.446000e+02
4.772500e+02 1.446000e+02
4.790000e+02 1.446000e+02
4.810000e+02 1.449000e+02
4.830000e+02 1.452000e+02
4.840000e+02 1.452000e+02
4.850000e+02 1.452000e+02
4.860000e+02 1.455000e+02
4.870000e+02 1.458000e+02
4.880000e+02 1.461000e+02
4.890000e+02 1.464000e+02
4.897500e+02 1.467000e+02
4.905000e+02 1.470000e+02
4.910000e+02 1.473000e+02
4.915000e+02 1.476000e+02
4.922500e+02 1.482000e+02
4.930000e+02 1.488000e+02
4.932500e+02 1.491000e+02
4.935000e+02 1.494000e+02
4.940000e+02 1.497000e+02
4.945000e+02 1.500000e+02
4.947500e+02 1.503000e+02
4.950000e+02 1.506000e+02
4.960000e+02 1.512000e+02
4.960000e+02 1.524000e+02
4.965000e+02 1.542000e+02
4.965000e+02 1.560000e+02
4.965000e+02 1.590000e+02
4.965000e+02 1.626000e+02
4.955000e+02 1.662000e+02
4.945000e+02 1.704000e+02
4.935000e+02 1.758000e+02
4.920000e+02 1.800000e+02
4.910000e+02 1.854000e+02
4.900000e+02 1.914000e+02
4.890000e+02 1.968000e+02
4.885000e+02 2.028000e+02
4.880000e+02 2.076000e+02
4.870000e+02 2.124000e+02
4.860000e+02 2.190000e+02
4.850000e+02 2.250000e+02
4.825000e+02 2.346000e+02
4.810000e+02 2.406000e+02
4.795000e+02 2.472000e+02
4.785000e+02 2.532000e+02
4.780000e+02 2.592000e+02
4.770000e+02 2.658000e+02
4.765000e+02 2.712000e+02
4.765000e+02 2.772000e+02
4.760000e+02 2.832000e+02
4.760000e+02 2.886000e+02
4.760000e+02 2.952000e+02
4.760000e+02 3.000000e+02
4.760000e+02 3.054000e+02
4.765000e+02 3.120000e+02
4.765000e+02 3.174000e+02
4.765000e+02 3.234000e+02
4.765000e+02 3.294000e+02
4.765000e+02 3.342000e+02
4.770000e+02 3.396000e+02
4.770000e+02 3.438000e+02
4.770000e+02 3.468000e+02
4.770000e+02 3.492000e+02
4.770000e+02 3.504000e+02
4.770000e+02 3.522000e+02
4.770000e+02 3.534000e+02
4.770000e+02 3.540000e+02
4.770000e+02 3.546000e+02
4.770000e+02 3.546000e+02
4.770000e+02 3.552000e+02
4.765000e+02 3.552000e+02
4.765000e+02 3.552000e+02
4.765000e+02 3.552000e+02
4.760000e+02 3.552000e+02
4.755000e+02 3.552000e+02
4.745000e+02 3.552000e+02
4.725000e+02 3.546000e+02
4.700000e+02 3.546000e+02
4.665000e+02 3.540000e+02
4.610000e+02 3.540000e+02
4.550000e+02 3.534000e+02
4.465000e+02 3.534000e+02
4.370000e+02 3.534000e+02
4.285000e+02 3.534000e+02
4.200000e+02 3.534000e+02
4.070000e+02 3.540000e+02
4.025000e+02 3.540000e+02
3.895000e+02 3.552000e+02
3.765000e+02 3.558000e+02
3.630000e+02 3.564000e+02
3.545000e+02 3.570000e+02
3.455000e+02 3.576000e+02
3.375000e+02 3.582000e+02
3.305000e+02 3.588000e+02
3.240000e+02 3.594000e+02
3.195000e+02 3.600000e+02
3.155000e+02 3.600000e+02
3.125000e+02 3.600000e+02
3.095000e+02 3.600000e+02
3.075000e+02 3.600000e+02
3.060000e+02 3.594000e+02
3.045000e+02 3.588000e+02
3.030000e+02 3.582000e+02
3.020000e+02 3.582000e+02
3.005000e+02 3.570000e+02
2.990000e+02 3.558000e+02
2.980000e+02 3.540000e+02
2.970000e+02 3.516000e+02
2.960000e+02 3.474000e+02
2.960000e+02 3.438000e+02
2.955000e+02 3.396000e+02
2.950000e+02 3.336000e+02
2.950000e+02 3.294000e+02
2.950000e+02 3.228000e+02
2.955000e+02 3.168000e+02
2.965000e+02 3.108000e+02
2.970000e+02 3.024000e+02
2.980000e+02 2.958000e+02
2.990000e+02 2.862000e+02
3.005000e+02 2.766000e+02
3.015000e+02 2.676000e+02
3.045000e+02 2.544000e+02
3.070000e+02 2.454000e+02
3.090000e+02 2.388000e+02
3.115000e+02 2.298000e+02
3.135000e+02 2.226000e+02
3.155000e+02 2.142000e+02
3.175000e+02 2.070000e+02
3.205000e+02 1.998000e+02
3.220000e+02 1.932000e+02
3.235000e+02 1.884000e+02
3.250000e+02 1.824000e+02
3.265000e+02 1.758000e+02
3.280000e+02 1.710000e+02
3.290000e+02 1.668000e+02
3.295000e+02 1.644000e+02
3.300000e+02 1.626000e+02
3.305000e+02 1.614000e+02
3.310000e+02 1.602000e+02
3.320000e+02 1.590000e+02
3.325000e+02 1.578000e+02
3.335000e+02 1.572000e+02
3.340000e+02 1.566000e+02
3.345000e+02 1.560000e+02
3.350000e+02 1.554000e+02
3.355000e+02 1.548000e+02
3.355000e+02 1.548000e+02
3.360000e+02 1.548000e+02
3.365000e+02 1.548000e+02
3.365000e+02 1.548000e+02
