2.385000e+02 1.794000e+02
2.385000e+02 1.794000e+02
2.385000e+02 1.794000e+02
2.385000e+02 1.794000e+02
2.385000e+02 1.794000e+02
2.385000e+02 1.794000e+02
2.385000e+02 1.794000e+02
2.385000e+02 1.794000e+02
2.385000e+02 1.794000e+02
2.385000e+02 1.794000e+02
2.385000e+02 1.794000e+02
2.395000e+02 1.794000e+02
2.405000e+02 1.794000e+02
2.427500e+02 1.791000e+02
2.450000e+02 1.788000e+02
2.490000e+02 1.782000e+02
2.530000e+02 1.776000e+02
2.605000e+02 1.767000e+02
2.680000e+02 1.758000e+02
2.765000e+02 1.746000e+02
2.850000e+02 1.734000e+02
2.945000e+02 1.722000e+02
3.040000e+02 1.710000e+02
3.110000e+02 1.701000e+02
3.180000e+02 1.692000e+02
3.247500e+02 1.686000e+02
3.315000e+02 1.680000e+02
3.385000e+02 1.677000e+02
3.455000e+02 1.674000e+02
3.525000e+02 1.668000e+02
3.595000e+02 1.662000e+02
3.665000e+02 1.659000e+02
3.735000e+02 1.656000e+02
3.815000e+02 1.653000e+02
3.895000e+02 1.650000e+02
4.002500e+02 1.656000e+02
4.110000e+02 1.662000e+02
4.210000e+02 1.668000e+02
4.310000e+02 1.674000e+02
4.395000e+02 1.686000e+02
4.480000e+02 1.698000e+02
4.530000e+02 1.701000e+02
4.580000e+02 1.704000e+02
4.622500e+02 1.713000e+02
4.665000e+02 1.722000e+02
4.700000e+02 1.725000e+02
4.735000e+02 1.728000e+02
4.767500e+02 1.731000e+02
4.800000e+02 1.734000e+02
4.825000e+02 1.740000e+02
4.850000e+02 1.746000e+02
4.870000e+02 1.749000e+02
4.890000e+02 1.752000e+02
4.907500e+02 1.755000e+02
4.925000e+02 1.758000e+02
4.937500e+02 1.761000e+02
4.950000e+02 1.764000e+02
4.957500e+02 1.764000e+02
4.965000e+02 1.764000e+02
4.970000e+02 1.767000e+02
4.975000e+02 1.770000e+02
4.980000e+02 1.770000e+02
4.985000e+02 1.770000e+02
4.987500e+02 1.770000e+02
4.990000e+02 1.770000e+02
4.990000e+02 1.770000e+02
4.990000e+02 1.770000e+02
4.992500e+02 1.773000e+02
4.995000e+02 1.776000e+02
4.995000e+02 1.776000e+02
4.995000e+02 1.776000e+02
4.995000e+02 1.776000e+02
4.995000e+02 1.776000e+02
4.995000e+02 1.776000e+02
4.995000e+02 1.776000e+02
4.995000e+02 1.779000e+02
4.995000e+02 1.782000e+02
4.995000e+02 1.785000e+02
4.995000e+02 1.788000e+02
4.992500e+02 1.791000e+02
4.990000e+02 1.794000e+02
4.987500e+02 1.800000e+02
4.985000e+02 1.806000e+02
4.975000e+02 1.824000e+02
4.965000e+02 1.842000e+02
4.955000e+02 1.866000e+02
4.945000e+02 1.890000e+02
4.925000e+02 1.944000e+02
4.905000e+02 2.052000e+02
4.890000e+02 2.172000e+02
4.885000e+02 2.244000e+02
4.880000e+02 2.328000e+02
4.870000e+02 2.418000e+02
4.865000e+02 2.508000e+02
4.865000e+02 2.574000e+02
4.865000e+02 2.652000e+02
4.860000e+02 2.706000e+02
4.860000e+02 2.754000e+02
4.855000e+02 2.820000e+02
4.855000e+02 2.832000e+02
4.850000e+02 2.868000e+02
4.845000e+02 2.880000e+02
4.845000e+02 2.892000e+02
4.840000e+02 2.898000e+02
4.840000e+02 2.904000e+02
4.840000e+02 2.910000e+02
4.835000e+02 2.916000e+02
4.835000e+02 2.916000e+02
4.830000e+02 2.922000e+02
4.825000e+02 2.922000e+02
4.820000e+02 2.922000e+02
4.810000e+02 2.922000e+02
4.795000e+02 2.922000e+02
4.745000e+02 2.922000e+02
4.685000e+02 2.922000e+02
4.600000e+02 2.928000e+02
4.465000e+02 2.928000e+02
4.375000e+02 2.928000e+02
4.275000e+02 2.928000e+02
4.175000e+02 2.928000e+02
4.060000e+02 2.928000e+02
3.930000e+02 2.934000e+02
3.810000e+02 2.940000e+02
3.680000e+02 2.946000e+02
3.560000e+02 2.958000e+02
3.430000e+02 2.976000e+02
3.300000e+02 2.994000e+02
3.180000e+02 3.024000e+02
3.065000e+02 3.042000e+02
2.955000e+02 3.066000e+02
2.840000e+02 3.084000e+02
2.735000e+02 3.108000e+02
2.645000e+02 3.126000e+02
2.565000e+02 3.144000e+02
2.490000e+02 3.168000e+02
2.430000e+02 3.186000e+02
2.365000e+02 3.204000e+02
2.315000e+02 3.216000e+02
2.275000e+02 3.228000e+02
2.240000e+02 3.234000e+02
2.210000e+02 3.240000e+02
2.190000e+02 3.252000e+02
2.170000e+02 3.258000e+02
2.155000e+02 3.258000e+02
2.145000e+02 3.258000e+02
2.140000e+02 3.258000e+02
2.135000e+02 3.258000e+02
2.135000e+02 3.252000e+02
2.135000e+02 3.252000e+02
2.130000e+02 3.246000e+02
2.130000e+02 3.234000e+02
2.120000e+02 3.204000e+02
2.105000e+02 3.150000e+02
2.095000e+02 3.066000e+02
2.090000e+02 2.982000e+02
2.090000e+02 2.886000e+02
2.090000e+02 2.814000e+02
2.100000e+02 2.718000e+02
2.105000e+02 2.646000e+02
2.110000e+02 2.562000e+02
2.120000e+02 2.502000e+02
2.130000e+02 2.418000e+02
2.140000e+02 2.358000e+02
2.160000e+02 2.238000e+02
2.175000e+02 2.154000e+02
2.190000e+02 2.082000e+02
2.210000e+02 1.998000e+02
2.225000e+02 1.938000e+02
2.235000e+02 1.884000e+02
2.240000e+02 1.836000e+02
2.245000e+02 1.800000e+02
2.245000e+02 1.776000e+02
2.250000e+02 1.764000e+02
2.250000e+02 1.752000e+02
2.250000e+02 1.740000e+02
2.250000e+02 1.734000e+02
2.250000e+02 1.728000e+02
2.250000e+02 1.728000e+02
2.250000e+02 1.722000e+02
2.250000e+02 1.722000e+02
2.250000e+02 1.716000e+02
2.250000e+02 1.716000e+02
2.255000e+02 1.716000e+02
2.255000e+02 1.710000e+02
2.260000e+02 1.710000e+02
2.265000e+02 1.710000e+02
2.275000e+02 1.710000e+02
2.295000e+02 1.710000e+02
2.325000e+02 1.710000e+02
2.365000e+02 1.704000e+02
2.410000e+02 1.704000e+02
2.455000e+02 1.704000e+02
2.510000e+02 1.698000e+02
2.545000e+02 1.698000e+02
2.575000e+02 1.698000e+02
2.590000e+02 1.698000e+02
2.605000e+02 1.698000e+02
2.625000e+02 1.704000e+02
2.650000e+02 1.704000e+02
2.650000e+02 1.704000e+02
2.385000e+02 1.794000e+02
2.385000e+02 1.794000e+02
2.385000e+02 1.794000e+02
2.385000e+02 1.794000e+02
2.385000e+02 1.794000e+02
2.385000e+02 1.794000e+02
2.385000e+02 1.794000e+02
2.385000e+02 1.794000e+02
2.385000e+02 1.794000e+02
2.385000e+02 1.794000e+02
2.385000e+02 1.794000e+02
2.395000e+02 1.794000e+02
2.405000e+02 1.794000e+02
2.427500e+02 1.791000e+02
2.450000e+02 1.788000e+02
2.490000e+02 1.782000e+02
2.530000e+02 1.776000e+02
2.605000e+02 1.767000e+02
2.680000e+02 1.758000e+02
2.765000e+02 1.746000e+02
2.850000e+02 1.734000e+02
2.945000e+02 1.722000e+02
3.040000e+02 1.710000e+02
3.110000e+02 1.701000e+02
3.180000e+02 1.692000e+02
3.247500e+02 1.686000e+02
3.315000e+02 1.680000e+02
3.385000e+02 1.677000e+02
3.455000e+02 1.674000e+02
3.525000e+02 1.668000e+02
3.595000e+02 1.662000e+02
3.665000e+02 1.659000e+02
3.735000e+02 1.656000e+02
3.815000e+02 1.653000e+02
3.895000e+02 1.650000e+02
4.002500e+02 1.656000e+02
4.110000e+02 1.662000e+02
4.210000e+02 1.668000e+02
4.310000e+02 1.674000e+02
4.395000e+02 1.686000e+02
4.480000e+02 1.698000e+02
4.530000e+02 1.701000e+02
4.580000e+02 1.704000e+02
4.622500e+02 1.713000e+02
4.665000e+02 1.722000e+02
4.700000e+02 1.725000e+02
4.735000e+02 1.728000e+02
4.767500e+02 1.731000e+02
4.800000e+02 1.734000e+02
4.825000e+02 1.740000e+02
4.850000e+02 1.746000e+02
4.870000e+02 1.749000e+02
4.890000e+02 1.752000e+02
4.907500e+02 1.755000e+02
4.925000e+02 1.758000e+02
4.937500e+02 1.761000e+02
4.950000e+02 1.764000e+02
4.957500e+02 1.764000e+02
4.965000e+02 1.764000e+02
4.970000e+02 1.767000e+02
4.975000e+02 1.770000e+02
4.980000e+02 1.770000e+02
4.985000e+02 1.770000e+02
4.987500e+02 1.770000e+02
4.990000e+02 1.770000e+02
4.990000e+02 1.770000e+02
4.990000e+02 1.770000e+02
4.992500e+02 1.773000e+02
4.995000e+02 1.776000e+02
4.995000e+02 1.776000e+02
4.995000e+02 1.776000e+02
4.995000e+02 1.776000e+02
4.995000e+02 1.776000e+02
4.995000e+02 1.776000e+02
4.995000e+02 1.776000e+02
4.995000e+02 1.779000e+02
4.995000e+02 1.782000e+02
4.995000e+02 1.785000e+02
4.995000e+02 1.788000e+02
4.992500e+02 1.791000e+02
4.990000e+02 1.794000e+02
4.987500e+02 1.800000e+02
4.985000e+02 1.806000e+02
4.975000e+02 1.824000e+02
4.965000e+02 1.842000e+02
4.955000e+02 1.866000e+02
4.945000e+02 1.890000e+02
4.925000e+02 1.944000e+02
4.905000e+02 2.052000e+02
4.890000e+02 2.172000e+02
4.885000e+02 2.244000e+02
4.880000e+02 2.328000e+02
4.870000e+02 2.418000e+02
4.865000e+02 2.508000e+02
4.865000e+02 2.574000e+02
4.865000e+02 2.652000e+02
4.860000e+02 2.706000e+02
4.860000e+02 2.754000e+02
4.855000e+02 2.820000e+02
4.855000e+02 2.832000e+02
4.850000e+02 2.868000e+02
4.845000e+02 2.880000e+02
4.845000e+02 2.892000e+02
4.840000e+02 2.898000e+02
4.840000e+02 2.904000e+02
4.840000e+02 2.910000e+02
4.835000e+02 2.916000e+02
4.835000e+02 2.916000e+02
4.830000e+02 2.922000e+02
4.825000e+02 2.922000e+02
4.820000e+02 2.922000e+02
4.810000e+02 2.922000e+02
4.795000e+02 2.922000e+02
4.745000e+02 2.922000e+02
4.685000e+02 2.922000e+02
4.600000e+02 2.928000e+02
4.465000e+02 2.928000e+02
4.375000e+02 2.928000e+02
4.275000e+02 2.928000e+02
4.175000e+02 2.928000e+02
4.060000e+02 2.928000e+02
3.930000e+02 2.934000e+02
3.810000e+02 2.940000e+02
3.680000e+02 2.946000e+02
3.560000e+02 2.958000e+02
3.430000e+02 2.976000e+02
3.300000e+02 2.994000e+02
3.180000e+02 3.024000e+02
3.065000e+02 3.042000e+02
2.955000e+02 3.066000e+02
2.840000e+02 3.084000e+02
2.735000e+02 3.108000e+02
2.645000e+02 3.126000e+02
2.565000e+02 3.144000e+02
2.490000e+02 3.168000e+02
2.430000e+02 3.186000e+02
2.365000e+02 3.204000e+02
2.315000e+02 3.216000e+02
2.275000e+02 3.228000e+02
2.240000e+02 3.234000e+02
2.210000e+02 3.240000e+02
2.190000e+02 3.252000e+02
2.170000e+02 3.258000e+02
2.155000e+02 3.258000e+02
2.145000e+02 3.258000e+02
2.140000e+02 3.258000e+02
2.135000e+02 3.258000e+02
2.135000e+02 3.252000e+02
2.135000e+02 3.252000e+02
2.130000e+02 3.246000e+02
2.130000e+02 3.234000e+02
2.120000e+02 3.204000e+02
2.105000e+02 3.150000e+02
2.095000e+02 3.066000e+02
2.090000e+02 2.982000e+02
2.090000e+02 2.886000e+02
2.090000e+02 2.814000e+02
2.100000e+02 2.718000e+02
2.105000e+02 2.646000e+02
2.110000e+02 2.562000e+02
2.120000e+02 2.502000e+02
2.130000e+02 2.418000e+02
2.140000e+02 2.358000e+02
2.160000e+02 2.238000e+02
2.175000e+02 2.154000e+02
2.190000e+02 2.082000e+02
2.210000e+02 1.998000e+02
2.225000e+02 1.938000e+02
2.235000e+02 1.884000e+02
2.240000e+02 1.836000e+02
2.245000e+02 1.800000e+02
2.245000e+02 1.776000e+02
2.250000e+02 1.764000e+02
2.250000e+02 1.752000e+02
2.250000e+02 1.740000e+02
2.250000e+02 1.734000e+02
2.250000e+02 1.728000e+02
2.250000e+02 1.728000e+02
2.250000e+02 1.722000e+02
2.250000e+02 1.722000e+02
2.250000e+02 1.716000e+02
2.250000e+02 1.716000e+02
2.255000e+02 1.716000e+02
2.255000e+02 1.710000e+02
2.260000e+02 1.710000e+02
2.265000e+02 1.710000e+02
2.275000e+02 1.710000e+02
2.295000e+02 1.710000e+02
2.325000e+02 1.710000e+02
2.365000e+02 1.704000e+02
2.410000e+02 1.704000e+02
2.455000e+02 1.704000e+02
2.510000e+02 1.698000e+02
2.545000e+02 1.698000e+02
2.575000e+02 1.698000e+02
2.590000e+02 1.698000e+02
2.605000e+02 1.698000e+02
2.625000e+02 1.704000e+02
2.650000e+02 1.704000e+02
2.650000e+02 1.704000e+02
2.385000e+02 1.794000e+02
2.385000e+02 1.794000e+02
2.385000e+02 1.794000e+02
2.385000e+02 1.794000e+02
2.385000e+02 1.794000e+02
2.385000e+02 1.794000e+02
2.385000e+02 1.794000e+02
2.385000e+02 1.794000e+02
2.385000e+02 1.794000e+02
2.385000e+02 1.794000e+02
2.385000e+02 1.794000e+02
2.395000e+02 1.794000e+02
2.405000e+02 1.794000e+02
2.427500e+02 1.791000e+02
2.450000e+02 1.788000e+02
2.490000e+02 1.782000e+02
2.530000e+02 1.776000e+02
2.605000e+02 1.767000e+02
2.680000e+02 1.758000e+02
2.765000e+02 1.746000e+02
2.850000e+02 1.734000e+02
2.945000e+02 1.722000e+02
3.040000e+02 1.710000e+02
3.110000e+02 1.701000e+02
3.180000e+02 1.692000e+02
3.247500e+02 1.686000e+02
3.315000e+02 1.680000e+02
3.385000e+02 1.677000e+02
3.455000e+02 1.674000e+02
3.525000e+02 1.668000e+02
3.595000e+02 1.662000e+02
3.665000e+02 1.659000e+02
3.735000e+02 1.656000e+02
3.815000e+02 1.653000e+02
3.895000e+02 1.650000e+02
4.002500e+02 1.656000e+02
4.110000e+02 1.662000e+02
4.210000e+02 1.668000e+02
4.310000e+02 1.674000e+02
4.395000e+02 1.686000e+02
4.480000e+02 1.698000e+02
4.530000e+02 1.701000e+02
4.580000e+02 1.704000e+02
4.622500e+02 1.713000e+02
4.665000e+02 1.722000e+02
4.700000e+02 1.725000e+02
4.735000e+02 1.728000e+02
4.767500e+02 1.731000e+02
4.800000e+02 1.734000e+02
4.825000e+02 1.740000e+02
4.850000e+02 1.746000e+02
4.870000e+02 1.749000e+02
4.890000e+02 1.752000e+02
4.907500e+02 1.755000e+02
4.925000e+02 1.758000e+02
4.937500e+02 1.761000e+02
4.950000e+02 1.764000e+02
4.957500e+02 1.764000e+02
4.965000e+02 1.764000e+02
4.970000e+02 1.767000e+02
4.975000e+02 1.770000e+02
4.980000e+02 1.770000e+02
4.985000e+02 1.770000e+02
4.987500e+02 1.770000e+02
4.990000e+02 1.770000e+02
4.990000e+02 1.770000e+02
4.990000e+02 1.770000e+02
4.992500e+02 1.773000e+02
4.995000e+02 1.776000e+02
4.995000e+02 1.776000e+02
4.995000e+02 1.776000e+02
4.995000e+02 1.776000e+02
4.995000e+02 1.776000e+02
4.995000e+02 1.776000e+02
4.995000e+02 1.776000e+02
4.995000e+02 1.779000e+02
4.995000e+02 1.782000e+02
4.995000e+02 1.785000e+02
4.995000e+02 1.788000e+02
4.992500e+02 1.791000e+02
4.990000e+02 1.794000e+02
4.987500e+02 1.800000e+02
4.985000e+02 1.806000e+02
4.975000e+02 1.824000e+02
4.965000e+02 1.842000e+02
4.955000e+02 1.866000e+02
4.945000e+02 1.890000e+02
4.925000e+02 1.944000e+02
4.905000e+02 2.052000e+02
4.890000e+02 2.172000e+02
4.885000e+02 2.244000e+02
4.880000e+02 2.328000e+02
4.870000e+02 2.418000e+02
4.865000e+02 2.508000e+02
4.865000e+02 2.574000e+02
4.865000e+02 2.652000e+02
4.860000e+02 2.706000e+02
4.860000e+02 2.754000e+02
4.855000e+02 2.820000e+02
4.855000e+02 2.832000e+02
4.850000e+02 2.868000e+02
4.845000e+02 2.880000e+02
4.845000e+02 2.892000e+02
4.840000e+02 2.898000e+02
4.840000e+02 2.904000e+02
4.840000e+02 2.910000e+02
4.835000e+02 2.916000e+02
4.835000e+02 2.916000e+02
4.830000e+02 2.922000e+02
4.825000e+02 2.922000e+02
4.820000e+02 2.922000e+02
4.810000e+02 2.922000e+02
4.795000e+02 2.922000e+02
4.745000e+02 2.922000e+02
4.685000e+02 2.922000e+02
4.600000e+02 2.928000e+02
4.465000e+02 2.928000e+02
4.375000e+02 2.928000e+02
4.275000e+02 2.928000e+02
4.175000e+02 2.928000e+02
4.060000e+02 2.928000e+02
3.930000e+02 2.934000e+02
3.810000e+02 2.940000e+02
3.680000e+02 2.946000e+02
3.560000e+02 2.958000e+02
3.430000e+02 2.976000e+02
3.300000e+02 2.994000e+02
3.180000e+02 3.024000e+02
3.065000e+02 3.042000e+02
2.955000e+02 3.066000e+02
2.840000e+02 3.084000e+02
2.735000e+02 3.108000e+02
2.645000e+02 3.126000e+02
2.565000e+02 3.144000e+02
2.490000e+02 3.168000e+02
2.430000e+02 3.186000e+02
2.365000e+02 3.204000e+02
2.315000e+02 3.216000e+02
2.275000e+02 3.228000e+02
2.240000e+02 3.234000e+02
2.210000e+02 3.240000e+02
2.190000e+02 3.252000e+02
2.170000e+02 3.258000e+02
2.155000e+02 3.258000e+02
2.145000e+02 3.258000e+02
2.140000e+02 3.258000e+02
2.135000e+02 3.258000e+02
2.135000e+02 3.252000e+02
2.135000e+02 3.252000e+02
2.130000e+02 3.246000e+02
2.130000e+02 3.234000e+02
2.120000e+02 3.204000e+02
2.105000e+02 3.150000e+02
2.095000e+02 3.066000e+02
2.090000e+02 2.982000e+02
2.090000e+02 2.886000e+02
2.090000e+02 2.814000e+02
2.100000e+02 2.718000e+02
2.105000e+02 2.646000e+02
2.110000e+02 2.562000e+02
2.120000e+02 2.502000e+02
2.130000e+02 2.418000e+02
2.140000e+02 2.358000e+02
2.160000e+02 2.238000e+02
2.175000e+02 2.154000e+02
2.190000e+02 2.082000e+02
2.210000e+02 1.998000e+02
2.225000e+02 1.938000e+02
2.235000e+02 1.884000e+02
2.240000e+02 1.836000e+02
2.245000e+02 1.800000e+02
2.245000e+02 1.776000e+02
2.250000e+02 1.764000e+02
2.250000e+02 1.752000e+02
2.250000e+02 1.740000e+02
2.250000e+02 1.734000e+02
2.250000e+02 1.728000e+02
2.250000e+02 1.728000e+02
2.250000e+02 1.722000e+02
2.250000e+02 1.722000e+02
2.250000e+02 1.716000e+02
2.250000e+02 1.716000e+02
2.255000e+02 1.716000e+02
2.255000e+02 1.710000e+02
2.260000e+02 1.710000e+02
2.265000e+02 1.710000e+02
2.275000e+02 1.710000e+02
2.295000e+02 1.710000e+02
2.325000e+02 1.710000e+02
2.365000e+02 1.704000e+02
2.410000e+02 1.704000e+02
2.455000e+02 1.704000e+02
2.510000e+02 1.698000e+02
2.545000e+02 1.698000e+02
2.575000e+02 1.698000e+02
2.590000e+02 1.698000e+02
2.605000e+02 1.698000e+02
2.625000e+02 1.704000e+02
2.650000e+02 1.704000e+02
2.650000e+02 1.704000e+02
