5.555000e+02 2.004000e+02
5.555000e+02 2.004000e+02
5.555000e+02 2.004000e+02
5.552500e+02 2.004000e+02
5.550000e+02 2.004000e+02
5.550000e+02 2.004000e+02
5.550000e+02 2.004000e+02
5.547500e+02 2.001000e+02
5.545000e+02 1.998000e+02
5.542500e+02 1.998000e+02
5.540000e+02 1.998000e+02
5.535000e+02 1.998000e+02
5.530000e+02 1.998000e+02
5.525000e+02 1.998000e+02
5.520000e+02 1.998000e+02
5.510000e+02 1.998000e+02
5.500000e+02 1.998000e+02
5.495000e+02 1.998000e+02
5.490000e+02 1.998000e+02
5.482500e+02 2.001000e+02
5.475000e+02 2.004000e+02
5.465000e+02 2.004000e+02
5.455000e+02 2.004000e+02
5.445000e+02 2.004000e+02
5.435000e+02 2.004000e+02
5.420000e+02 2.004000e+02
5.405000e+02 2.004000e+02
5.385000e+02 2.007000e+02
5.365000e+02 2.010000e+02
5.347500e+02 2.010000e+02
5.330000e+02 2.010000e+02
5.317500e+02 2.010000e+02
5.305000e+02 2.010000e+02
5.295000e+02 2.010000e+02
5.285000e+02 2.010000e+02
5.272500e+02 2.010000e+02
5.260000e+02 2.010000e+02
5.247500e+02 2.010000e+02
5.235000e+02 2.010000e+02
5.222500e+02 2.010000e+02
5.210000e+02 2.010000e+02
5.197500e+02 2.010000e+02
5.185000e+02 2.010000e+02
5.167500e+02 2.010000e+02
5.150000e+02 2.010000e+02
5.132500e+02 2.013000e+02
5.115000e+02 2.016000e+02
5.100000e+02 2.016000e+02
5.085000e+02 2.016000e+02
5.067500e+02 2.016000e+02
5.050000e+02 2.016000e+02
5.035000e+02 2.016000e+02
5.020000e+02 2.016000e+02
5.002500e+02 2.016000e+02
4.985000e+02 2.016000e+02
4.970000e+02 2.016000e+02
4.955000e+02 2.016000e+02
4.940000e+02 2.016000e+02
4.925000e+02 2.016000e+02
4.907500e+02 2.016000e+02
4.890000e+02 2.016000e+02
4.860000e+02 2.019000e+02
4.830000e+02 2.022000e+02
4.805000e+02 2.022000e+02
4.780000e+02 2.022000e+02
4.745000e+02 2.025000e+02
4.710000e+02 2.028000e+02
4.690000e+02 2.028000e+02
4.670000e+02 2.028000e+02
4.645000e+02 2.028000e+02
4.620000e+02 2.028000e+02
4.597500e+02 2.028000e+02
4.575000e+02 2.028000e+02
4.552500e+02 2.028000e+02
4.530000e+02 2.028000e+02
4.502500e+02 2.031000e+02
4.475000e+02 2.034000e+02
4.450000e+02 2.034000e+02
4.425000e+02 2.034000e+02
4.382500e+02 2.037000e+02
4.340000e+02 2.040000e+02
4.312500e+02 2.040000e+02
4.285000e+02 2.040000e+02
4.252500e+02 2.043000e+02
4.220000e+02 2.046000e+02
4.190000e+02 2.046000e+02
4.160000e+02 2.046000e+02
4.127500e+02 2.049000e+02
4.095000e+02 2.052000e+02
4.070000e+02 2.052000e+02
4.045000e+02 2.052000e+02
4.015000e+02 2.055000e+02
3.985000e+02 2.058000e+02
3.955000e+02 2.058000e+02
3.925000e+02 2.058000e+02
3.892500e+02 2.058000e+02
3.860000e+02 2.058000e+02
3.832500e+02 2.061000e+02
3.805000e+02 2.064000e+02
3.772500e+02 2.064000e+02
3.740000e+02 2.064000e+02
3.712500e+02 2.064000e+02
3.685000e+02 2.064000e+02
3.650000e+02 2.064000e+02
3.615000e+02 2.064000e+02
3.585000e+02 2.067000e+02
3.555000e+02 2.070000e+02
3.520000e+02 2.070000e+02
3.485000e+02 2.070000e+02
3.452500e+02 2.073000e+02
3.420000e+02 2.076000e+02
3.385000e+02 2.079000e+02
3.350000e+02 2.082000e+02
3.315000e+02 2.085000e+02
3.280000e+02 2.088000e+02
3.245000e+02 2.091000e+02
3.210000e+02 2.094000e+02
3.160000e+02 2.100000e+02
3.110000e+02 2.106000e+02
3.057500e+02 2.112000e+02
3.005000e+02 2.118000e+02
2.972500e+02 2.121000e+02
2.940000e+02 2.124000e+02
2.887500e+02 2.133000e+02
2.835000e+02 2.142000e+02
2.802500e+02 2.145000e+02
2.770000e+02 2.148000e+02
2.740000e+02 2.154000e+02
2.710000e+02 2.160000e+02
2.677500e+02 2.163000e+02
2.645000e+02 2.166000e+02
2.617500e+02 2.169000e+02
2.590000e+02 2.172000e+02
2.562500e+02 2.175000e+02
2.535000e+02 2.178000e+02
2.507500e+02 2.178000e+02
2.480000e+02 2.178000e+02
2.457500e+02 2.181000e+02
2.435000e+02 2.184000e+02
2.410000e+02 2.184000e+02
2.385000e+02 2.184000e+02
2.360000e+02 2.187000e+02
2.335000e+02 2.190000e+02
2.302500e+02 2.193000e+02
2.270000e+02 2.196000e+02
2.240000e+02 2.196000e+02
2.210000e+02 2.196000e+02
2.180000e+02 2.199000e+02
2.150000e+02 2.202000e+02
2.127500e+02 2.202000e+02
2.105000e+02 2.202000e+02
2.085000e+02 2.205000e+02
2.065000e+02 2.208000e+02
2.047500e+02 2.211000e+02
2.030000e+02 2.214000e+02
2.010000e+02 2.214000e+02
1.990000e+02 2.214000e+02
1.970000e+02 2.217000e+02
1.950000e+02 2.220000e+02
1.930000e+02 2.220000e+02
1.910000e+02 2.220000e+02
1.885000e+02 2.223000e+02
1.860000e+02 2.226000e+02
1.842500e+02 2.229000e+02
1.825000e+02 2.232000e+02
1.795000e+02 2.235000e+02
1.765000e+02 2.238000e+02
1.752500e+02 2.238000e+02
1.740000e+02 2.238000e+02
1.720000e+02 2.241000e+02
1.700000e+02 2.244000e+02
1.667500e+02 2.250000e+02
1.635000e+02 2.256000e+02
1.615000e+02 2.259000e+02
1.595000e+02 2.262000e+02
1.575000e+02 2.265000e+02
1.555000e+02 2.268000e+02
1.530000e+02 2.271000e+02
1.505000e+02 2.274000e+02
1.465000e+02 2.280000e+02
1.425000e+02 2.280000e+02
1.385000e+02 2.292000e+02
1.350000e+02 2.292000e+02
1.315000e+02 2.298000e+02
1.285000e+02 2.304000e+02
1.250000e+02 2.304000e+02
1.220000e+02 2.304000e+02
1.195000e+02 2.310000e+02
1.165000e+02 2.310000e+02
1.140000e+02 2.310000e+02
1.120000e+02 2.316000e+02
1.100000e+02 2.316000e+02
1.085000e+02 2.316000e+02
1.065000e+02 2.316000e+02
1.055000e+02 2.322000e+02
1.045000e+02 2.322000e+02
1.040000e+02 2.322000e+02
1.035000e+02 2.322000e+02
1.030000e+02 2.322000e+02
1.030000e+02 2.322000e+02
5.555000e+02 2.004000e+02
5.555000e+02 2.004000e+02
5.555000e+02 2.004000e+02
5.552500e+02 2.004000e+02
5.550000e+02 2.004000e+02
5.550000e+02 2.004000e+02
5.550000e+02 2.004000e+02
5.547500e+02 2.001000e+02
5.545000e+02 1.998000e+02
5.542500e+02 1.998000e+02
5.540000e+02 1.998000e+02
5.535000e+02 1.998000e+02
5.530000e+02 1.998000e+02
5.525000e+02 1.998000e+02
5.520000e+02 1.998000e+02
5.510000e+02 1.998000e+02
5.500000e+02 1.998000e+02
5.495000e+02 1.998000e+02
5.490000e+02 1.998000e+02
5.482500e+02 2.001000e+02
5.475000e+02 2.004000e+02
5.465000e+02 2.004000e+02
5.455000e+02 2.004000e+02
5.445000e+02 2.004000e+02
5.435000e+02 2.004000e+02
5.420000e+02 2.004000e+02
5.405000e+02 2.004000e+02
5.385000e+02 2.007000e+02
5.365000e+02 2.010000e+02
5.347500e+02 2.010000e+02
5.330000e+02 2.010000e+02
5.317500e+02 2.010000e+02
5.305000e+02 2.010000e+02
5.295000e+02 2.010000e+02
5.285000e+02 2.010000e+02
5.272500e+02 2.010000e+02
5.260000e+02 2.010000e+02
5.247500e+02 2.010000e+02
5.235000e+02 2.010000e+02
5.222500e+02 2.010000e+02
5.210000e+02 2.010000e+02
5.197500e+02 2.010000e+02
5.185000e+02 2.010000e+02
5.167500e+02 2.010000e+02
5.150000e+02 2.010000e+02
5.132500e+02 2.013000e+02
5.115000e+02 2.016000e+02
5.100000e+02 2.016000e+02
5.085000e+02 2.016000e+02
5.067500e+02 2.016000e+02
5.050000e+02 2.016000e+02
5.035000e+02 2.016000e+02
5.020000e+02 2.016000e+02
5.002500e+02 2.016000e+02
4.985000e+02 2.016000e+02
4.970000e+02 2.016000e+02
4.955000e+02 2.016000e+02
4.940000e+02 2.016000e+02
4.925000e+02 2.016000e+02
4.907500e+02 2.016000e+02
4.890000e+02 2.016000e+02
4.860000e+02 2.019000e+02
4.830000e+02 2.022000e+02
4.805000e+02 2.022000e+02
4.780000e+02 2.022000e+02
4.745000e+02 2.025000e+02
4.710000e+02 2.028000e+02
4.690000e+02 2.028000e+02
4.670000e+02 2.028000e+02
4.645000e+02 2.028000e+02
4.620000e+02 2.028000e+02
4.597500e+02 2.028000e+02
4.575000e+02 2.028000e+02
4.552500e+02 2.028000e+02
4.530000e+02 2.028000e+02
4.502500e+02 2.031000e+02
4.475000e+02 2.034000e+02
4.450000e+02 2.034000e+02
4.425000e+02 2.034000e+02
4.382500e+02 2.037000e+02
4.340000e+02 2.040000e+02
4.312500e+02 2.040000e+02
4.285000e+02 2.040000e+02
4.252500e+02 2.043000e+02
4.220000e+02 2.046000e+02
4.190000e+02 2.046000e+02
4.160000e+02 2.046000e+02
4.127500e+02 2.049000e+02
4.095000e+02 2.052000e+02
4.070000e+02 2.052000e+02
4.045000e+02 2.052000e+02
4.015000e+02 2.055000e+02
3.985000e+02 2.058000e+02
3.955000e+02 2.058000e+02
3.925000e+02 2.058000e+02
3.892500e+02 2.058000e+02
3.860000e+02 2.058000e+02
3.832500e+02 2.061000e+02
3.805000e+02 2.064000e+02
3.772500e+02 2.064000e+02
3.740000e+02 2.064000e+02
3.712500e+02 2.064000e+02
3.685000e+02 2.064000e+02
3.650000e+02 2.064000e+02
3.615000e+02 2.064000e+02
3.585000e+02 2.067000e+02
3.555000e+02 2.070000e+02
3.520000e+02 2.070000e+02
3.485000e+02 2.070000e+02
3.452500e+02 2.073000e+02
3.420000e+02 2.076000e+02
3.385000e+02 2.079000e+02
3.350000e+02 2.082000e+02
3.315000e+02 2.085000e+02
3.280000e+02 2.088000e+02
3.245000e+02 2.091000e+02
3.210000e+02 2.094000e+02
3.160000e+02 2.100000e+02
3.110000e+02 2.106000e+02
3.057500e+02 2.112000e+02
3.005000e+02 2.118000e+02
2.972500e+02 2.121000e+02
2.940000e+02 2.124000e+02
2.887500e+02 2.133000e+02
2.835000e+02 2.142000e+02
2.802500e+02 2.145000e+02
2.770000e+02 2.148000e+02
2.740000e+02 2.154000e+02
2.710000e+02 2.160000e+02
2.677500e+02 2.163000e+02
2.645000e+02 2.166000e+02
2.617500e+02 2.169000e+02
2.590000e+02 2.172000e+02
2.562500e+02 2.175000e+02
2.535000e+02 2.178000e+02
2.507500e+02 2.178000e+02
2.480000e+02 2.178000e+02
2.457500e+02 2.181000e+02
2.435000e+02 2.184000e+02
2.410000e+02 2.184000e+02
2.385000e+02 2.184000e+02
2.360000e+02 2.187000e+02
2.335000e+02 2.190000e+02
2.302500e+02 2.193000e+02
2.270000e+02 2.196000e+02
2.240000e+02 2.196000e+02
2.210000e+02 2.196000e+02
2.180000e+02 2.199000e+02
2.150000e+02 2.202000e+02
2.127500e+02 2.202000e+02
2.105000e+02 2.202000e+02
2.085000e+02 2.205000e+02
2.065000e+02 2.208000e+02
2.047500e+02 2.211000e+02
2.030000e+02 2.214000e+02
2.010000e+02 2.214000e+02
1.990000e+02 2.214000e+02
1.970000e+02 2.217000e+02
1.950000e+02 2.220000e+02
1.930000e+02 2.220000e+02
1.910000e+02 2.220000e+02
1.885000e+02 2.223000e+02
1.860000e+02 2.226000e+02
1.842500e+02 2.229000e+02
1.825000e+02 2.232000e+02
1.795000e+02 2.235000e+02
1.765000e+02 2.238000e+02
1.752500e+02 2.238000e+02
1.740000e+02 2.238000e+02
1.720000e+02 2.241000e+02
1.700000e+02 2.244000e+02
1.667500e+02 2.250000e+02
1.635000e+02 2.256000e+02
1.615000e+02 2.259000e+02
1.595000e+02 2.262000e+02
1.575000e+02 2.265000e+02
1.555000e+02 2.268000e+02
1.530000e+02 2.271000e+02
1.505000e+02 2.274000e+02
1.465000e+02 2.280000e+02
1.425000e+02 2.280000e+02
1.385000e+02 2.292000e+02
1.350000e+02 2.292000e+02
1.315000e+02 2.298000e+02
1.285000e+02 2.304000e+02
1.250000e+02 2.304000e+02
1.220000e+02 2.304000e+02
1.195000e+02 2.310000e+02
1.165000e+02 2.310000e+02
1.140000e+02 2.310000e+02
1.120000e+02 2.316000e+02
1.100000e+02 2.316000e+02
1.085000e+02 2.316000e+02
1.065000e+02 2.316000e+02
1.055000e+02 2.322000e+02
1.045000e+02 2.322000e+02
1.040000e+02 2.322000e+02
1.035000e+02 2.322000e+02
1.030000e+02 2.322000e+02
1.030000e+02 2.322000e+02
5.555000e+02 2.004000e+02
5.555000e+02 2.004000e+02
5.555000e+02 2.004000e+02
5.552500e+02 2.004000e+02
5.550000e+02 2.004000e+02
5.550000e+02 2.004000e+02
5.550000e+02 2.004000e+02
5.547500e+02 2.001000e+02
5.545000e+02 1.998000e+02
5.542500e+02 1.998000e+02
5.540000e+02 1.998000e+02
5.535000e+02 1.998000e+02
5.530000e+02 1.998000e+02
5.525000e+02 1.998000e+02
5.520000e+02 1.998000e+02
5.510000e+02 1.998000e+02
5.500000e+02 1.998000e+02
5.495000e+02 1.998000e+02
5.490000e+02 1.998000e+02
5.482500e+02 2.001000e+02
5.475000e+02 2.004000e+02
5.465000e+02 2.004000e+02
5.455000e+02 2.004000e+02
5.445000e+02 2.004000e+02
5.435000e+02 2.004000e+02
5.420000e+02 2.004000e+02
5.405000e+02 2.004000e+02
5.385000e+02 2.007000e+02
5.365000e+02 2.010000e+02
5.347500e+02 2.010000e+02
5.330000e+02 2.010000e+02
5.317500e+02 2.010000e+02
5.305000e+02 2.010000e+02
5.295000e+02 2.010000e+02
5.285000e+02 2.010000e+02
5.272500e+02 2.010000e+02
5.260000e+02 2.010000e+02
5.247500e+02 2.010000e+02
5.235000e+02 2.010000e+02
5.222500e+02 2.010000e+02
5.210000e+02 2.010000e+02
5.197500e+02 2.010000e+02
5.185000e+02 2.010000e+02
5.167500e+02 2.010000e+02
5.150000e+02 2.010000e+02
5.132500e+02 2.013000e+02
5.115000e+02 2.016000e+02
5.100000e+02 2.016000e+02
5.085000e+02 2.016000e+02
5.067500e+02 2.016000e+02
5.050000e+02 2.016000e+02
5.035000e+02 2.016000e+02
5.020000e+02 2.016000e+02
5.002500e+02 2.016000e+02
4.985000e+02 2.016000e+02
4.970000e+02 2.016000e+02
4.955000e+02 2.016000e+02
4.940000e+02 2.016000e+02
4.925000e+02 2.016000e+02
4.907500e+02 2.016000e+02
4.890000e+02 2.016000e+02
4.860000e+02 2.019000e+02
4.830000e+02 2.022000e+02
4.805000e+02 2.022000e+02
4.780000e+02 2.022000e+02
4.745000e+02 2.025000e+02
4.710000e+02 2.028000e+02
4.690000e+02 2.028000e+02
4.670000e+02 2.028000e+02
4.645000e+02 2.028000e+02
4.620000e+02 2.028000e+02
4.597500e+02 2.028000e+02
4.575000e+02 2.028000e+02
4.552500e+02 2.028000e+02
4.530000e+02 2.028000e+02
4.502500e+02 2.031000e+02
4.475000e+02 2.034000e+02
4.450000e+02 2.034000e+02
4.425000e+02 2.034000e+02
4.382500e+02 2.037000e+02
4.340000e+02 2.040000e+02
4.312500e+02 2.040000e+02
4.285000e+02 2.040000e+02
4.252500e+02 2.043000e+02
4.220000e+02 2.046000e+02
4.190000e+02 2.046000e+02
4.160000e+02 2.046000e+02
4.127500e+02 2.049000e+02
4.095000e+02 2.052000e+02
4.070000e+02 2.052000e+02
4.045000e+02 2.052000e+02
4.015000e+02 2.055000e+02
3.985000e+02 2.058000e+02
3.955000e+02 2.058000e+02
3.925000e+02 2.058000e+02
3.892500e+02 2.058000e+02
3.860000e+02 2.058000e+02
3.832500e+02 2.061000e+02
3.805000e+02 2.064000e+02
3.772500e+02 2.064000e+02
3.740000e+02 2.064000e+02
3.712500e+02 2.064000e+02
3.685000e+02 2.064000e+02
3.650000e+02 2.064000e+02
3.615000e+02 2.064000e+02
3.585000e+02 2.067000e+02
3.555000e+02 2.070000e+02
3.520000e+02 2.070000e+02
3.485000e+02 2.070000e+02
3.452500e+02 2.073000e+02
3.420000e+02 2.076000e+02
3.385000e+02 2.079000e+02
3.350000e+02 2.082000e+02
3.315000e+02 2.085000e+02
3.280000e+02 2.088000e+02
3.245000e+02 2.091000e+02
3.210000e+02 2.094000e+02
3.160000e+02 2.100000e+02
3.110000e+02 2.106000e+02
3.057500e+02 2.112000e+02
3.005000e+02 2.118000e+02
2.972500e+02 2.121000e+02
2.940000e+02 2.124000e+02
2.887500e+02 2.133000e+02
2.835000e+02 2.142000e+02
2.802500e+02 2.145000e+02
2.770000e+02 2.148000e+02
2.740000e+02 2.154000e+02
2.710000e+02 2.160000e+02
2.677500e+02 2.163000e+02
2.645000e+02 2.166000e+02
2.617500e+02 2.169000e+02
2.590000e+02 2.172000e+02
2.562500e+02 2.175000e+02
2.535000e+02 2.178000e+02
2.507500e+02 2.178000e+02
2.480000e+02 2.178000e+02
2.457500e+02 2.181000e+02
2.435000e+02 2.184000e+02
2.410000e+02 2.184000e+02
2.385000e+02 2.184000e+02
2.360000e+02 2.187000e+02
2.335000e+02 2.190000e+02
2.302500e+02 2.193000e+02
2.270000e+02 2.196000e+02
2.240000e+02 2.196000e+02
2.210000e+02 2.196000e+02
2.180000e+02 2.199000e+02
2.150000e+02 2.202000e+02
2.127500e+02 2.202000e+02
2.105000e+02 2.202000e+02
2.085000e+02 2.205000e+02
2.065000e+02 2.208000e+02
2.047500e+02 2.211000e+02
2.030000e+02 2.214000e+02
2.010000e+02 2.214000e+02
1.990000e+02 2.214000e+02
1.970000e+02 2.217000e+02
1.950000e+02 2.220000e+02
1.930000e+02 2.220000e+02
1.910000e+02 2.220000e+02
1.885000e+02 2.223000e+02
1.860000e+02 2.226000e+02
1.842500e+02 2.229000e+02
1.825000e+02 2.232000e+02
1.795000e+02 2.235000e+02
1.765000e+02 2.238000e+02
1.752500e+02 2.238000e+02
1.740000e+02 2.238000e+02
1.720000e+02 2.241000e+02
1.700000e+02 2.244000e+02
1.667500e+02 2.250000e+02
1.635000e+02 2.256000e+02
1.615000e+02 2.259000e+02
1.595000e+02 2.262000e+02
1.575000e+02 2.265000e+02
1.555000e+02 2.268000e+02
1.530000e+02 2.271000e+02
1.505000e+02 2.274000e+02
1.465000e+02 2.280000e+02
1.425000e+02 2.280000e+02
1.385000e+02 2.292000e+02
1.350000e+02 2.292000e+02
1.315000e+02 2.298000e+02
1.285000e+02 2.304000e+02
1.250000e+02 2.304000e+02
1.220000e+02 2.304000e+02
1.195000e+02 2.310000e+02
1.165000e+02 2.310000e+02
1.140000e+02 2.310000e+02
1.120000e+02 2.316000e+02
1.100000e+02 2.316000e+02
1.085000e+02 2.316000e+02
1.065000e+02 2.316000e+02
1.055000e+02 2.322000e+02
1.045000e+02 2.322000e+02
1.040000e+02 2.322000e+02
1.035000e+02 2.322000e+02
1.030000e+02 2.322000e+02
1.030000e+02 2.322000e+02
