3.040000e+02 1.104000e+02
3.040000e+02 1.104000e+02
3.040000e+02 1.104000e+02
3.040000e+02 1.104000e+02
3.040000e+02 1.104000e+02
3.040000e+02 1.105500e+02
3.040000e+02 1.107000e+02
3.040000e+02 1.108500e+02
3.040000e+02 1.110000e+02
3.040000e+02 1.110000e+02
3.040000e+02 1.110000e+02
3.040000e+02 1.110000e+02
3.040000e+02 1.110000e+02
3.038750e+02 1.111500e+02
3.037500e+02 1.113000e+02
3.036250e+02 1.114500e+02
3.035000e+02 1.116000e+02
3.035000e+02 1.119000e+02
3.035000e+02 1.122000e+02
3.035000e+02 1.125000e+02
3.035000e+02 1.128000e+02
3.035000e+02 1.134000e+02
3.035000e+02 1.140000e+02
3.035000e+02 1.146000e+02
3.035000e+02 1.152000e+02
3.033750e+02 1.159500e+02
3.032500e+02 1.167000e+02
3.031250e+02 1.174500e+02
3.030000e+02 1.182000e+02
3.030000e+02 1.191000e+02
3.030000e+02 1.200000e+02
3.030000e+02 1.209000e+02
3.030000e+02 1.218000e+02
3.028750e+02 1.230000e+02
3.027500e+02 1.242000e+02
3.026250e+02 1.254000e+02
3.025000e+02 1.266000e+02
3.023750e+02 1.278000e+02
3.022500e+02 1.290000e+02
3.021250e+02 1.302000e+02
3.020000e+02 1.314000e+02
3.018750e+02 1.335000e+02
3.017500e+02 1.356000e+02
3.016250e+02 1.377000e+02
3.015000e+02 1.398000e+02
3.015000e+02 1.413000e+02
3.015000e+02 1.428000e+02
3.015000e+02 1.443000e+02
3.015000e+02 1.458000e+02
3.013750e+02 1.473000e+02
3.012500e+02 1.488000e+02
3.011250e+02 1.503000e+02
3.010000e+02 1.518000e+02
3.010000e+02 1.534500e+02
3.010000e+02 1.551000e+02
3.010000e+02 1.567500e+02
3.010000e+02 1.584000e+02
3.010000e+02 1.597500e+02
3.010000e+02 1.611000e+02
3.010000e+02 1.624500e+02
3.010000e+02 1.638000e+02
3.008750e+02 1.654500e+02
3.007500e+02 1.671000e+02
3.006250e+02 1.687500e+02
3.005000e+02 1.704000e+02
3.005000e+02 1.717500e+02
3.005000e+02 1.731000e+02
3.005000e+02 1.744500e+02
3.005000e+02 1.758000e+02
3.003750e+02 1.773000e+02
3.002500e+02 1.788000e+02
3.001250e+02 1.803000e+02
3.000000e+02 1.818000e+02
3.000000e+02 1.833000e+02
3.000000e+02 1.848000e+02
3.000000e+02 1.863000e+02
3.000000e+02 1.878000e+02
2.998750e+02 1.890000e+02
2.997500e+02 1.902000e+02
2.996250e+02 1.914000e+02
2.995000e+02 1.926000e+02
2.995000e+02 1.938000e+02
2.995000e+02 1.950000e+02
2.995000e+02 1.962000e+02
2.995000e+02 1.974000e+02
2.995000e+02 1.987500e+02
2.995000e+02 2.001000e+02
2.995000e+02 2.014500e+02
2.995000e+02 2.028000e+02
2.995000e+02 2.040000e+02
2.995000e+02 2.052000e+02
2.995000e+02 2.064000e+02
2.995000e+02 2.076000e+02
2.995000e+02 2.088000e+02
2.995000e+02 2.100000e+02
2.995000e+02 2.112000e+02
2.995000e+02 2.124000e+02
2.995000e+02 2.143500e+02
2.995000e+02 2.163000e+02
2.995000e+02 2.182500e+02
2.995000e+02 2.202000e+02
2.995000e+02 2.208000e+02
2.995000e+02 2.214000e+02
2.995000e+02 2.220000e+02
2.995000e+02 2.226000e+02
2.995000e+02 2.245500e+02
2.995000e+02 2.265000e+02
2.995000e+02 2.284500e+02
2.995000e+02 2.304000e+02
2.995000e+02 2.317500e+02
2.995000e+02 2.331000e+02
2.995000e+02 2.344500e+02
2.995000e+02 2.358000e+02
2.993750e+02 2.370000e+02
2.992500e+02 2.382000e+02
2.991250e+02 2.394000e+02
2.990000e+02 2.406000e+02
2.990000e+02 2.419500e+02
2.990000e+02 2.433000e+02
2.990000e+02 2.460000e+02
2.990000e+02 2.484000e+02
2.990000e+02 2.508000e+02
2.990000e+02 2.529000e+02
2.990000e+02 2.550000e+02
2.987500e+02 2.571000e+02
2.985000e+02 2.592000e+02
2.985000e+02 2.616000e+02
2.985000e+02 2.640000e+02
2.985000e+02 2.661000e+02
2.985000e+02 2.682000e+02
2.985000e+02 2.703000e+02
2.985000e+02 2.724000e+02
2.985000e+02 2.742000e+02
2.985000e+02 2.760000e+02
2.987500e+02 2.793000e+02
2.990000e+02 2.826000e+02
2.990000e+02 2.841000e+02
2.990000e+02 2.856000e+02
2.990000e+02 2.874000e+02
2.990000e+02 2.892000e+02
2.990000e+02 2.907000e+02
2.990000e+02 2.922000e+02
2.990000e+02 2.940000e+02
2.990000e+02 2.958000e+02
2.990000e+02 2.973000e+02
2.990000e+02 2.988000e+02
2.990000e+02 3.000000e+02
2.990000e+02 3.012000e+02
2.990000e+02 3.024000e+02
2.990000e+02 3.036000e+02
2.990000e+02 3.048000e+02
2.990000e+02 3.060000e+02
2.987500e+02 3.075000e+02
2.985000e+02 3.090000e+02
2.982500e+02 3.105000e+02
2.980000e+02 3.120000e+02
2.977500e+02 3.129000e+02
2.975000e+02 3.138000e+02
2.972500e+02 3.150000e+02
2.970000e+02 3.162000e+02
2.967500e+02 3.174000e+02
2.965000e+02 3.186000e+02
2.962500e+02 3.195000e+02
2.960000e+02 3.204000e+02
2.957500e+02 3.216000e+02
2.955000e+02 3.228000e+02
2.952500e+02 3.240000e+02
2.950000e+02 3.252000e+02
2.947500e+02 3.267000e+02
2.945000e+02 3.282000e+02
2.945000e+02 3.294000e+02
2.945000e+02 3.306000e+02
2.942500e+02 3.330000e+02
2.940000e+02 3.354000e+02
2.942500e+02 3.375000e+02
2.945000e+02 3.396000e+02
2.947500e+02 3.420000e+02
2.950000e+02 3.444000e+02
2.955000e+02 3.468000e+02
2.960000e+02 3.492000e+02
2.967500e+02 3.528000e+02
2.975000e+02 3.564000e+02
2.980000e+02 3.594000e+02
2.985000e+02 3.624000e+02
2.992500e+02 3.642000e+02
3.000000e+02 3.660000e+02
3.005000e+02 3.681000e+02
3.010000e+02 3.702000e+02
3.012500e+02 3.720000e+02
3.015000e+02 3.738000e+02
3.017500e+02 3.750000e+02
3.020000e+02 3.762000e+02
3.020000e+02 3.768000e+02
3.020000e+02 3.774000e+02
3.020000e+02 3.780000e+02
3.020000e+02 3.786000e+02
3.022500e+02 3.789000e+02
3.025000e+02 3.792000e+02
3.025000e+02 3.792000e+02
3.025000e+02 3.792000e+02
