4.650000e+02 3.540000e+02
4.650000e+02 3.540000e+02
4.650000e+02 3.540000e+02
4.650000e+02 3.540000e+02
4.650000e+02 3.540000e+02
4.650000e+02 3.540000e+02
4.650000e+02 3.540000e+02
4.650000e+02 3.540000e+02
4.650000e+02 3.540000e+02
4.650000e+02 3.540000e+02
4.650000e+02 3.540000e+02
4.650000e+02 3.540000e+02
4.650000e+02 3.540000e+02
4.648750e+02 3.540000e+02
4.647500e+02 3.540000e+02
4.646250e+02 3.540000e+02
4.645000e+02 3.540000e+02
4.645000e+02 3.540000e+02
4.645000e+02 3.540000e+02
4.645000e+02 3.540000e+02
4.645000e+02 3.540000e+02
4.645000e+02 3.540000e+02
4.645000e+02 3.540000e+02
4.645000e+02 3.540000e+02
4.645000e+02 3.540000e+02
4.643750e+02 3.540000e+02
4.642500e+02 3.540000e+02
4.640000e+02 3.540000e+02
4.640000e+02 3.540000e+02
4.640000e+02 3.540000e+02
4.637500e+02 3.540000e+02
4.635000e+02 3.540000e+02
4.635000e+02 3.540000e+02
4.635000e+02 3.540000e+02
4.632500e+02 3.540000e+02
4.630000e+02 3.540000e+02
4.627500e+02 3.540000e+02
4.625000e+02 3.540000e+02
4.622500e+02 3.540000e+02
4.620000e+02 3.540000e+02
4.615000e+02 3.543000e+02
4.610000e+02 3.546000e+02
4.607500e+02 3.546000e+02
4.605000e+02 3.546000e+02
4.597500e+02 3.546000e+02
4.590000e+02 3.546000e+02
4.582500e+02 3.546000e+02
4.575000e+02 3.546000e+02
4.567500e+02 3.546000e+02
4.560000e+02 3.546000e+02
4.550000e+02 3.546000e+02
4.540000e+02 3.546000e+02
4.522500e+02 3.546000e+02
4.505000e+02 3.546000e+02
4.495000e+02 3.546000e+02
4.485000e+02 3.546000e+02
4.462500e+02 3.546000e+02
4.440000e+02 3.546000e+02
4.430000e+02 3.546000e+02
4.420000e+02 3.546000e+02
4.390000e+02 3.546000e+02
4.360000e+02 3.546000e+02
4.337500e+02 3.546000e+02
4.315000e+02 3.546000e+02
4.280000e+02 3.546000e+02
4.245000e+02 3.546000e+02
4.220000e+02 3.546000e+02
4.195000e+02 3.546000e+02
4.170000e+02 3.546000e+02
4.145000e+02 3.546000e+02
4.120000e+02 3.549000e+02
4.095000e+02 3.552000e+02
4.070000e+02 3.552000e+02
4.045000e+02 3.552000e+02
4.020000e+02 3.552000e+02
3.995000e+02 3.552000e+02
3.972500e+02 3.552000e+02
3.950000e+02 3.552000e+02
3.925000e+02 3.552000e+02
3.900000e+02 3.552000e+02
3.877500e+02 3.552000e+02
3.855000e+02 3.552000e+02
3.830000e+02 3.552000e+02
3.805000e+02 3.552000e+02
3.767500e+02 3.552000e+02
3.730000e+02 3.552000e+02
3.692500e+02 3.555000e+02
3.655000e+02 3.558000e+02
3.632500e+02 3.561000e+02
3.610000e+02 3.564000e+02
3.585000e+02 3.564000e+02
3.560000e+02 3.564000e+02
3.540000e+02 3.567000e+02
3.520000e+02 3.570000e+02
3.497500e+02 3.570000e+02
3.475000e+02 3.570000e+02
3.455000e+02 3.573000e+02
3.435000e+02 3.576000e+02
3.415000e+02 3.576000e+02
3.395000e+02 3.576000e+02
3.375000e+02 3.579000e+02
3.355000e+02 3.582000e+02
3.335000e+02 3.582000e+02
3.315000e+02 3.582000e+02
3.297500e+02 3.585000e+02
3.280000e+02 3.588000e+02
3.262500e+02 3.588000e+02
3.245000e+02 3.588000e+02
3.227500e+02 3.591000e+02
3.210000e+02 3.594000e+02
3.192500e+02 3.594000e+02
3.175000e+02 3.594000e+02
3.155000e+02 3.597000e+02
3.135000e+02 3.600000e+02
3.117500e+02 3.600000e+02
3.100000e+02 3.600000e+02
3.072500e+02 3.603000e+02
3.045000e+02 3.606000e+02
3.025000e+02 3.609000e+02
3.005000e+02 3.612000e+02
2.975000e+02 3.615000e+02
2.945000e+02 3.618000e+02
2.935000e+02 3.618000e+02
2.925000e+02 3.618000e+02
2.905000e+02 3.621000e+02
2.885000e+02 3.624000e+02
2.867500e+02 3.627000e+02
2.850000e+02 3.630000e+02
2.830000e+02 3.633000e+02
2.810000e+02 3.636000e+02
2.792500e+02 3.639000e+02
2.775000e+02 3.642000e+02
2.757500e+02 3.645000e+02
2.740000e+02 3.648000e+02
2.722500e+02 3.648000e+02
2.705000e+02 3.648000e+02
2.680000e+02 3.651000e+02
2.655000e+02 3.654000e+02
2.637500e+02 3.654000e+02
2.620000e+02 3.654000e+02
2.612500e+02 3.657000e+02
2.605000e+02 3.660000e+02
2.590000e+02 3.660000e+02
2.575000e+02 3.660000e+02
2.567500e+02 3.660000e+02
2.560000e+02 3.660000e+02
2.545000e+02 3.663000e+02
2.530000e+02 3.666000e+02
2.515000e+02 3.666000e+02
2.500000e+02 3.666000e+02
2.482500e+02 3.666000e+02
2.465000e+02 3.666000e+02
2.452500e+02 3.669000e+02
2.440000e+02 3.672000e+02
2.417500e+02 3.672000e+02
2.395000e+02 3.672000e+02
2.387500e+02 3.672000e+02
2.380000e+02 3.672000e+02
2.360000e+02 3.672000e+02
2.340000e+02 3.672000e+02
2.317500e+02 3.675000e+02
2.295000e+02 3.678000e+02
2.282500e+02 3.678000e+02
2.270000e+02 3.678000e+02
2.255000e+02 3.681000e+02
2.240000e+02 3.684000e+02
2.225000e+02 3.684000e+02
2.210000e+02 3.684000e+02
2.197500e+02 3.687000e+02
2.185000e+02 3.690000e+02
2.172500e+02 3.690000e+02
2.160000e+02 3.690000e+02
2.150000e+02 3.693000e+02
2.140000e+02 3.696000e+02
2.130000e+02 3.696000e+02
2.120000e+02 3.696000e+02
2.112500e+02 3.699000e+02
2.105000e+02 3.702000e+02
2.097500e+02 3.702000e+02
2.090000e+02 3.702000e+02
2.082500e+02 3.705000e+02
2.075000e+02 3.708000e+02
2.072500e+02 3.708000e+02
2.070000e+02 3.708000e+02
2.065000e+02 3.708000e+02
2.060000e+02 3.708000e+02
2.057500e+02 3.708000e+02
2.055000e+02 3.708000e+02
2.055000e+02 3.711000e+02
2.055000e+02 3.714000e+02
2.052500e+02 3.714000e+02
2.050000e+02 3.714000e+02
2.047500e+02 3.714000e+02
2.045000e+02 3.714000e+02
2.045000e+02 3.714000e+02
2.045000e+02 3.714000e+02
2.045000e+02 3.711000e+02
2.045000e+02 3.708000e+02
2.045000e+02 3.708000e+02
2.045000e+02 3.708000e+02
