2.980000e+02 6.120000e+01
2.980000e+02 6.120000e+01
2.980000e+02 6.120000e+01
2.980000e+02 6.120000e+01
2.980000e+02 6.120000e+01
2.980000e+02 6.120000e+01
2.980000e+02 6.120000e+01
2.980000e+02 6.120000e+01
2.980000e+02 6.120000e+01
2.980000e+02 6.135000e+01
2.980000e+02 6.150000e+01
2.980000e+02 6.165000e+01
2.980000e+02 6.180000e+01
2.980000e+02 6.195000e+01
2.980000e+02 6.210000e+01
2.980000e+02 6.225000e+01
2.980000e+02 6.240000e+01
2.980000e+02 6.300000e+01
2.980000e+02 6.360000e+01
2.980000e+02 6.420000e+01
2.980000e+02 6.480000e+01
2.978750e+02 6.570000e+01
2.977500e+02 6.660000e+01
2.976250e+02 6.750000e+01
2.975000e+02 6.840000e+01
2.975000e+02 6.945000e+01
2.975000e+02 7.050000e+01
2.975000e+02 7.155000e+01
2.975000e+02 7.260000e+01
2.973750e+02 7.365000e+01
2.972500e+02 7.470000e+01
2.971250e+02 7.575000e+01
2.970000e+02 7.680000e+01
2.968750e+02 7.815000e+01
2.967500e+02 7.950000e+01
2.966250e+02 8.085000e+01
2.965000e+02 8.220000e+01
2.965000e+02 8.340000e+01
2.965000e+02 8.460000e+01
2.965000e+02 8.580000e+01
2.965000e+02 8.700000e+01
2.963750e+02 8.820000e+01
2.962500e+02 8.940000e+01
2.961250e+02 9.060000e+01
2.960000e+02 9.180000e+01
2.958750e+02 9.315000e+01
2.957500e+02 9.450000e+01
2.956250e+02 9.585000e+01
2.955000e+02 9.720000e+01
2.953750e+02 9.840000e+01
2.952500e+02 9.960000e+01
2.951250e+02 1.008000e+02
2.950000e+02 1.020000e+02
2.948750e+02 1.035000e+02
2.947500e+02 1.050000e+02
2.946250e+02 1.065000e+02
2.945000e+02 1.080000e+02
2.943750e+02 1.095000e+02
2.942500e+02 1.110000e+02
2.941250e+02 1.125000e+02
2.940000e+02 1.140000e+02
2.937500e+02 1.161000e+02
2.935000e+02 1.182000e+02
2.932500e+02 1.203000e+02
2.930000e+02 1.224000e+02
2.927500e+02 1.246500e+02
2.925000e+02 1.269000e+02
2.922500e+02 1.291500e+02
2.920000e+02 1.314000e+02
2.917500e+02 1.339500e+02
2.915000e+02 1.365000e+02
2.912500e+02 1.390500e+02
2.910000e+02 1.416000e+02
2.908750e+02 1.431000e+02
2.907500e+02 1.446000e+02
2.906250e+02 1.461000e+02
2.905000e+02 1.476000e+02
2.903750e+02 1.492500e+02
2.902500e+02 1.509000e+02
2.901250e+02 1.525500e+02
2.900000e+02 1.542000e+02
2.898750e+02 1.557000e+02
2.897500e+02 1.572000e+02
2.896250e+02 1.587000e+02
2.895000e+02 1.602000e+02
2.892500e+02 1.615500e+02
2.890000e+02 1.629000e+02
2.887500e+02 1.642500e+02
2.885000e+02 1.656000e+02
2.883750e+02 1.671000e+02
2.882500e+02 1.686000e+02
2.881250e+02 1.701000e+02
2.880000e+02 1.716000e+02
2.878750e+02 1.728000e+02
2.877500e+02 1.740000e+02
2.876250e+02 1.752000e+02
2.875000e+02 1.764000e+02
2.873750e+02 1.776000e+02
2.872500e+02 1.788000e+02
2.870000e+02 1.812000e+02
2.867500e+02 1.836000e+02
2.865000e+02 1.860000e+02
2.865000e+02 1.884000e+02
2.865000e+02 1.908000e+02
2.862500e+02 1.929000e+02
2.860000e+02 1.950000e+02
2.857500e+02 1.971000e+02
2.855000e+02 1.992000e+02
2.855000e+02 2.016000e+02
2.855000e+02 2.040000e+02
2.852500e+02 2.061000e+02
2.850000e+02 2.082000e+02
2.850000e+02 2.103000e+02
2.850000e+02 2.124000e+02
2.847500e+02 2.148000e+02
2.845000e+02 2.172000e+02
2.845000e+02 2.208000e+02
2.845000e+02 2.244000e+02
2.845000e+02 2.280000e+02
2.845000e+02 2.316000e+02
2.845000e+02 2.343000e+02
2.845000e+02 2.370000e+02
2.845000e+02 2.406000e+02
2.845000e+02 2.442000e+02
2.845000e+02 2.472000e+02
2.845000e+02 2.502000e+02
2.845000e+02 2.526000e+02
2.845000e+02 2.550000e+02
2.845000e+02 2.580000e+02
2.845000e+02 2.610000e+02
2.847500e+02 2.640000e+02
2.850000e+02 2.670000e+02
2.850000e+02 2.697000e+02
2.850000e+02 2.724000e+02
2.850000e+02 2.757000e+02
2.850000e+02 2.790000e+02
2.850000e+02 2.820000e+02
2.850000e+02 2.850000e+02
2.852500e+02 2.877000e+02
2.855000e+02 2.904000e+02
2.855000e+02 2.952000e+02
2.855000e+02 3.000000e+02
2.855000e+02 3.030000e+02
2.855000e+02 3.060000e+02
2.857500e+02 3.102000e+02
2.860000e+02 3.144000e+02
2.860000e+02 3.159000e+02
2.860000e+02 3.174000e+02
2.862500e+02 3.201000e+02
2.865000e+02 3.228000e+02
2.865000e+02 3.258000e+02
2.865000e+02 3.288000e+02
2.867500e+02 3.312000e+02
2.870000e+02 3.336000e+02
2.872500e+02 3.366000e+02
2.875000e+02 3.396000e+02
2.877500e+02 3.423000e+02
2.880000e+02 3.450000e+02
2.882500e+02 3.474000e+02
2.885000e+02 3.498000e+02
2.885000e+02 3.528000e+02
2.885000e+02 3.558000e+02
2.887500e+02 3.582000e+02
2.890000e+02 3.606000e+02
2.890000e+02 3.627000e+02
2.890000e+02 3.648000e+02
2.892500e+02 3.666000e+02
2.895000e+02 3.684000e+02
2.895000e+02 3.705000e+02
2.895000e+02 3.726000e+02
2.897500e+02 3.744000e+02
2.900000e+02 3.762000e+02
2.902500e+02 3.786000e+02
2.905000e+02 3.810000e+02
2.907500e+02 3.837000e+02
2.910000e+02 3.864000e+02
2.910000e+02 3.888000e+02
2.910000e+02 3.912000e+02
2.912500e+02 3.924000e+02
2.915000e+02 3.936000e+02
2.917500e+02 3.948000e+02
2.920000e+02 3.960000e+02
2.920000e+02 3.969000e+02
2.920000e+02 3.978000e+02
2.920000e+02 3.987000e+02
2.920000e+02 3.996000e+02
2.922500e+02 4.008000e+02
2.925000e+02 4.020000e+02
2.925000e+02 4.029000e+02
2.925000e+02 4.038000e+02
2.925000e+02 4.044000e+02
2.925000e+02 4.050000e+02
2.925000e+02 4.059000e+02
2.925000e+02 4.068000e+02
2.925000e+02 4.071000e+02
2.925000e+02 4.074000e+02
2.922500e+02 4.086000e+02
2.920000e+02 4.098000e+02
2.920000e+02 4.098000e+02
2.920000e+02 4.098000e+02
2.980000e+02 6.120000e+01
2.980000e+02 6.120000e+01
2.980000e+02 6.120000e+01
2.980000e+02 6.120000e+01
2.980000e+02 6.120000e+01
2.980000e+02 6.120000e+01
2.980000e+02 6.120000e+01
2.980000e+02 6.120000e+01
2.980000e+02 6.120000e+01
2.980000e+02 6.135000e+01
2.980000e+02 6.150000e+01
2.980000e+02 6.165000e+01
2.980000e+02 6.180000e+01
2.980000e+02 6.195000e+01
2.980000e+02 6.210000e+01
2.980000e+02 6.225000e+01
2.980000e+02 6.240000e+01
2.980000e+02 6.300000e+01
2.980000e+02 6.360000e+01
2.980000e+02 6.420000e+01
2.980000e+02 6.480000e+01
2.978750e+02 6.570000e+01
2.977500e+02 6.660000e+01
2.976250e+02 6.750000e+01
2.975000e+02 6.840000e+01
2.975000e+02 6.945000e+01
2.975000e+02 7.050000e+01
2.975000e+02 7.155000e+01
2.975000e+02 7.260000e+01
2.973750e+02 7.365000e+01
2.972500e+02 7.470000e+01
2.971250e+02 7.575000e+01
2.970000e+02 7.680000e+01
2.968750e+02 7.815000e+01
2.967500e+02 7.950000e+01
2.966250e+02 8.085000e+01
2.965000e+02 8.220000e+01
2.965000e+02 8.340000e+01
2.965000e+02 8.460000e+01
2.965000e+02 8.580000e+01
2.965000e+02 8.700000e+01
2.963750e+02 8.820000e+01
2.962500e+02 8.940000e+01
2.961250e+02 9.060000e+01
2.960000e+02 9.180000e+01
2.958750e+02 9.315000e+01
2.957500e+02 9.450000e+01
2.956250e+02 9.585000e+01
2.955000e+02 9.720000e+01
2.953750e+02 9.840000e+01
2.952500e+02 9.960000e+01
2.951250e+02 1.008000e+02
2.950000e+02 1.020000e+02
2.948750e+02 1.035000e+02
2.947500e+02 1.050000e+02
2.946250e+02 1.065000e+02
2.945000e+02 1.080000e+02
2.943750e+02 1.095000e+02
2.942500e+02 1.110000e+02
2.941250e+02 1.125000e+02
2.940000e+02 1.140000e+02
2.937500e+02 1.161000e+02
2.935000e+02 1.182000e+02
2.932500e+02 1.203000e+02
2.930000e+02 1.224000e+02
2.927500e+02 1.246500e+02
2.925000e+02 1.269000e+02
2.922500e+02 1.291500e+02
2.920000e+02 1.314000e+02
2.917500e+02 1.339500e+02
2.915000e+02 1.365000e+02
2.912500e+02 1.390500e+02
2.910000e+02 1.416000e+02
2.908750e+02 1.431000e+02
2.907500e+02 1.446000e+02
2.906250e+02 1.461000e+02
2.905000e+02 1.476000e+02
2.903750e+02 1.492500e+02
2.902500e+02 1.509000e+02
2.901250e+02 1.525500e+02
2.900000e+02 1.542000e+02
2.898750e+02 1.557000e+02
2.897500e+02 1.572000e+02
2.896250e+02 1.587000e+02
2.895000e+02 1.602000e+02
2.892500e+02 1.615500e+02
2.890000e+02 1.629000e+02
2.887500e+02 1.642500e+02
2.885000e+02 1.656000e+02
2.883750e+02 1.671000e+02
2.882500e+02 1.686000e+02
2.881250e+02 1.701000e+02
2.880000e+02 1.716000e+02
2.878750e+02 1.728000e+02
2.877500e+02 1.740000e+02
2.876250e+02 1.752000e+02
2.875000e+02 1.764000e+02
2.873750e+02 1.776000e+02
2.872500e+02 1.788000e+02
2.870000e+02 1.812000e+02
2.867500e+02 1.836000e+02
2.865000e+02 1.860000e+02
2.865000e+02 1.884000e+02
2.865000e+02 1.908000e+02
2.862500e+02 1.929000e+02
2.860000e+02 1.950000e+02
2.857500e+02 1.971000e+02
2.855000e+02 1.992000e+02
2.855000e+02 2.016000e+02
2.855000e+02 2.040000e+02
2.852500e+02 2.061000e+02
2.850000e+02 2.082000e+02
2.850000e+02 2.103000e+02
2.850000e+02 2.124000e+02
2.847500e+02 2.148000e+02
2.845000e+02 2.172000e+02
2.845000e+02 2.208000e+02
2.845000e+02 2.244000e+02
2.845000e+02 2.280000e+02
2.845000e+02 2.316000e+02
2.845000e+02 2.343000e+02
2.845000e+02 2.370000e+02
2.845000e+02 2.406000e+02
2.845000e+02 2.442000e+02
2.845000e+02 2.472000e+02
2.845000e+02 2.502000e+02
2.845000e+02 2.526000e+02
2.845000e+02 2.550000e+02
2.845000e+02 2.580000e+02
2.845000e+02 2.610000e+02
2.847500e+02 2.640000e+02
2.850000e+02 2.670000e+02
2.850000e+02 2.697000e+02
2.850000e+02 2.724000e+02
2.850000e+02 2.757000e+02
2.850000e+02 2.790000e+02
2.850000e+02 2.820000e+02
2.850000e+02 2.850000e+02
2.852500e+02 2.877000e+02
2.855000e+02 2.904000e+02
2.855000e+02 2.952000e+02
2.855000e+02 3.000000e+02
2.855000e+02 3.030000e+02
2.855000e+02 3.060000e+02
2.857500e+02 3.102000e+02
2.860000e+02 3.144000e+02
2.860000e+02 3.159000e+02
2.860000e+02 3.174000e+02
2.862500e+02 3.201000e+02
2.865000e+02 3.228000e+02
2.865000e+02 3.258000e+02
2.865000e+02 3.288000e+02
2.867500e+02 3.312000e+02
2.870000e+02 3.336000e+02
2.872500e+02 3.366000e+02
2.875000e+02 3.396000e+02
2.877500e+02 3.423000e+02
2.880000e+02 3.450000e+02
2.882500e+02 3.474000e+02
2.885000e+02 3.498000e+02
2.885000e+02 3.528000e+02
2.885000e+02 3.558000e+02
2.887500e+02 3.582000e+02
2.890000e+02 3.606000e+02
2.890000e+02 3.627000e+02
2.890000e+02 3.648000e+02
2.892500e+02 3.666000e+02
2.895000e+02 3.684000e+02
2.895000e+02 3.705000e+02
2.895000e+02 3.726000e+02
2.897500e+02 3.744000e+02
2.900000e+02 3.762000e+02
2.902500e+02 3.786000e+02
2.905000e+02 3.810000e+02
2.907500e+02 3.837000e+02
2.910000e+02 3.864000e+02
2.910000e+02 3.888000e+02
2.910000e+02 3.912000e+02
2.912500e+02 3.924000e+02
2.915000e+02 3.936000e+02
2.917500e+02 3.948000e+02
2.920000e+02 3.960000e+02
2.920000e+02 3.969000e+02
2.920000e+02 3.978000e+02
2.920000e+02 3.987000e+02
2.920000e+02 3.996000e+02
2.922500e+02 4.008000e+02
2.925000e+02 4.020000e+02
2.925000e+02 4.029000e+02
2.925000e+02 4.038000e+02
2.925000e+02 4.044000e+02
2.925000e+02 4.050000e+02
2.925000e+02 4.059000e+02
2.925000e+02 4.068000e+02
2.925000e+02 4.071000e+02
2.925000e+02 4.074000e+02
2.922500e+02 4.086000e+02
2.920000e+02 4.098000e+02
2.920000e+02 4.098000e+02
2.920000e+02 4.098000e+02
2.980000e+02 6.120000e+01
2.980000e+02 6.120000e+01
2.980000e+02 6.120000e+01
2.980000e+02 6.120000e+01
2.980000e+02 6.120000e+01
2.980000e+02 6.120000e+01
2.980000e+02 6.120000e+01
2.980000e+02 6.120000e+01
2.980000e+02 6.120000e+01
2.980000e+02 6.135000e+01
2.980000e+02 6.150000e+01
2.980000e+02 6.165000e+01
2.980000e+02 6.180000e+01
2.980000e+02 6.195000e+01
2.980000e+02 6.210000e+01
2.980000e+02 6.225000e+01
2.980000e+02 6.240000e+01
2.980000e+02 6.300000e+01
2.980000e+02 6.360000e+01
2.980000e+02 6.420000e+01
2.980000e+02 6.480000e+01
2.978750e+02 6.570000e+01
2.977500e+02 6.660000e+01
2.976250e+02 6.750000e+01
2.975000e+02 6.840000e+01
2.975000e+02 6.945000e+01
2.975000e+02 7.050000e+01
2.975000e+02 7.155000e+01
2.975000e+02 7.260000e+01
2.973750e+02 7.365000e+01
2.972500e+02 7.470000e+01
2.971250e+02 7.575000e+01
2.970000e+02 7.680000e+01
2.968750e+02 7.815000e+01
2.967500e+02 7.950000e+01
2.966250e+02 8.085000e+01
2.965000e+02 8.220000e+01
2.965000e+02 8.340000e+01
2.965000e+02 8.460000e+01
2.965000e+02 8.580000e+01
2.965000e+02 8.700000e+01
2.963750e+02 8.820000e+01
2.962500e+02 8.940000e+01
2.961250e+02 9.060000e+01
2.960000e+02 9.180000e+01
2.958750e+02 9.315000e+01
2.957500e+02 9.450000e+01
2.956250e+02 9.585000e+01
2.955000e+02 9.720000e+01
2.953750e+02 9.840000e+01
2.952500e+02 9.960000e+01
2.951250e+02 1.008000e+02
2.950000e+02 1.020000e+02
2.948750e+02 1.035000e+02
2.947500e+02 1.050000e+02
2.946250e+02 1.065000e+02
2.945000e+02 1.080000e+02
2.943750e+02 1.095000e+02
2.942500e+02 1.110000e+02
2.941250e+02 1.125000e+02
2.940000e+02 1.140000e+02
2.937500e+02 1.161000e+02
2.935000e+02 1.182000e+02
2.932500e+02 1.203000e+02
2.930000e+02 1.224000e+02
2.927500e+02 1.246500e+02
2.925000e+02 1.269000e+02
2.922500e+02 1.291500e+02
2.920000e+02 1.314000e+02
2.917500e+02 1.339500e+02
2.915000e+02 1.365000e+02
2.912500e+02 1.390500e+02
2.910000e+02 1.416000e+02
2.908750e+02 1.431000e+02
2.907500e+02 1.446000e+02
2.906250e+02 1.461000e+02
2.905000e+02 1.476000e+02
2.903750e+02 1.492500e+02
2.902500e+02 1.509000e+02
2.901250e+02 1.525500e+02
2.900000e+02 1.542000e+02
2.898750e+02 1.557000e+02
2.897500e+02 1.572000e+02
2.896250e+02 1.587000e+02
2.895000e+02 1.602000e+02
2.892500e+02 1.615500e+02
2.890000e+02 1.629000e+02
2.887500e+02 1.642500e+02
2.885000e+02 1.656000e+02
2.883750e+02 1.671000e+02
2.882500e+02 1.686000e+02
2.881250e+02 1.701000e+02
2.880000e+02 1.716000e+02
2.878750e+02 1.728000e+02
2.877500e+02 1.740000e+02
2.876250e+02 1.752000e+02
2.875000e+02 1.764000e+02
2.873750e+02 1.776000e+02
2.872500e+02 1.788000e+02
2.870000e+02 1.812000e+02
2.867500e+02 1.836000e+02
2.865000e+02 1.860000e+02
2.865000e+02 1.884000e+02
2.865000e+02 1.908000e+02
2.862500e+02 1.929000e+02
2.860000e+02 1.950000e+02
2.857500e+02 1.971000e+02
2.855000e+02 1.992000e+02
2.855000e+02 2.016000e+02
2.855000e+02 2.040000e+02
2.852500e+02 2.061000e+02
2.850000e+02 2.082000e+02
2.850000e+02 2.103000e+02
2.850000e+02 2.124000e+02
2.847500e+02 2.148000e+02
2.845000e+02 2.172000e+02
2.845000e+02 2.208000e+02
2.845000e+02 2.244000e+02
2.845000e+02 2.280000e+02
2.845000e+02 2.316000e+02
2.845000e+02 2.343000e+02
2.845000e+02 2.370000e+02
2.845000e+02 2.406000e+02
2.845000e+02 2.442000e+02
2.845000e+02 2.472000e+02
2.845000e+02 2.502000e+02
2.845000e+02 2.526000e+02
2.845000e+02 2.550000e+02
2.845000e+02 2.580000e+02
2.845000e+02 2.610000e+02
2.847500e+02 2.640000e+02
2.850000e+02 2.670000e+02
2.850000e+02 2.697000e+02
2.850000e+02 2.724000e+02
2.850000e+02 2.757000e+02
2.850000e+02 2.790000e+02
2.850000e+02 2.820000e+02
2.850000e+02 2.850000e+02
2.852500e+02 2.877000e+02
2.855000e+02 2.904000e+02
2.855000e+02 2.952000e+02
2.855000e+02 3.000000e+02
2.855000e+02 3.030000e+02
2.855000e+02 3.060000e+02
2.857500e+02 3.102000e+02
2.860000e+02 3.144000e+02
2.860000e+02 3.159000e+02
2.860000e+02 3.174000e+02
2.862500e+02 3.201000e+02
2.865000e+02 3.228000e+02
2.865000e+02 3.258000e+02
2.865000e+02 3.288000e+02
2.867500e+02 3.312000e+02
2.870000e+02 3.336000e+02
2.872500e+02 3.366000e+02
2.875000e+02 3.396000e+02
2.877500e+02 3.423000e+02
2.880000e+02 3.450000e+02
2.882500e+02 3.474000e+02
2.885000e+02 3.498000e+02
2.885000e+02 3.528000e+02
2.885000e+02 3.558000e+02
2.887500e+02 3.582000e+02
2.890000e+02 3.606000e+02
2.890000e+02 3.627000e+02
2.890000e+02 3.648000e+02
2.892500e+02 3.666000e+02
2.895000e+02 3.684000e+02
2.895000e+02 3.705000e+02
2.895000e+02 3.726000e+02
2.897500e+02 3.744000e+02
2.900000e+02 3.762000e+02
2.902500e+02 3.786000e+02
2.905000e+02 3.810000e+02
2.907500e+02 3.837000e+02
2.910000e+02 3.864000e+02
2.910000e+02 3.888000e+02
2.910000e+02 3.912000e+02
2.912500e+02 3.924000e+02
2.915000e+02 3.936000e+02
2.917500e+02 3.948000e+02
2.920000e+02 3.960000e+02
2.920000e+02 3.969000e+02
2.920000e+02 3.978000e+02
2.920000e+02 3.987000e+02
2.920000e+02 3.996000e+02
2.922500e+02 4.008000e+02
2.925000e+02 4.020000e+02
2.925000e+02 4.029000e+02
2.925000e+02 4.038000e+02
2.925000e+02 4.044000e+02
2.925000e+02 4.050000e+02
2.925000e+02 4.059000e+02
2.925000e+02 4.068000e+02
2.925000e+02 4.071000e+02
2.925000e+02 4.074000e+02
2.922500e+02 4.086000e+02
2.920000e+02 4.098000e+02
2.920000e+02 4.098000e+02
2.920000e+02 4.098000e+02
