4.845000e+02 2.244000e+02
4.845000e+02 2.244000e+02
4.845000e+02 2.244000e+02
4.845000e+02 2.244000e+02
4.845000e+02 2.244000e+02
4.845000e+02 2.242500e+02
4.845000e+02 2.241000e+02
4.845000e+02 2.239500e+02
4.845000e+02 2.238000e+02
4.845000e+02 2.238000e+02
4.845000e+02 2.238000e+02
4.845000e+02 2.238000e+02
4.845000e+02 2.238000e+02
4.845000e+02 2.238000e+02
4.845000e+02 2.238000e+02
4.845000e+02 2.238000e+02
4.845000e+02 2.238000e+02
4.845000e+02 2.238000e+02
4.845000e+02 2.238000e+02
4.845000e+02 2.238000e+02
4.845000e+02 2.238000e+02
4.845000e+02 2.238000e+02
4.845000e+02 2.238000e+02
4.845000e+02 2.238000e+02
4.845000e+02 2.238000e+02
4.845000e+02 2.239500e+02
4.845000e+02 2.241000e+02
4.845000e+02 2.242500e+02
4.845000e+02 2.244000e+02
4.843750e+02 2.244000e+02
4.842500e+02 2.244000e+02
4.841250e+02 2.244000e+02
4.840000e+02 2.244000e+02
4.837500e+02 2.245500e+02
4.835000e+02 2.247000e+02
4.832500e+02 2.248500e+02
4.830000e+02 2.250000e+02
4.825000e+02 2.251500e+02
4.820000e+02 2.253000e+02
4.815000e+02 2.254500e+02
4.810000e+02 2.256000e+02
4.805000e+02 2.257500e+02
4.800000e+02 2.259000e+02
4.795000e+02 2.260500e+02
4.790000e+02 2.262000e+02
4.783750e+02 2.263500e+02
4.777500e+02 2.265000e+02
4.771250e+02 2.266500e+02
4.765000e+02 2.268000e+02
4.756250e+02 2.269500e+02
4.747500e+02 2.271000e+02
4.730000e+02 2.274000e+02
4.705000e+02 2.274000e+02
4.680000e+02 2.274000e+02
4.670000e+02 2.277000e+02
4.660000e+02 2.280000e+02
4.630000e+02 2.280000e+02
4.600000e+02 2.280000e+02
4.565000e+02 2.280000e+02
4.530000e+02 2.280000e+02
4.507500e+02 2.280000e+02
4.485000e+02 2.280000e+02
4.462500e+02 2.283000e+02
4.440000e+02 2.286000e+02
4.415000e+02 2.286000e+02
4.390000e+02 2.286000e+02
4.362500e+02 2.286000e+02
4.335000e+02 2.286000e+02
4.307500e+02 2.289000e+02
4.280000e+02 2.292000e+02
4.235000e+02 2.295000e+02
4.190000e+02 2.298000e+02
4.162500e+02 2.298000e+02
4.135000e+02 2.298000e+02
4.105000e+02 2.301000e+02
4.075000e+02 2.304000e+02
4.042500e+02 2.307000e+02
4.010000e+02 2.310000e+02
3.977500e+02 2.310000e+02
3.945000e+02 2.310000e+02
3.895000e+02 2.313000e+02
3.845000e+02 2.316000e+02
3.812500e+02 2.319000e+02
3.780000e+02 2.322000e+02
3.747500e+02 2.322000e+02
3.715000e+02 2.322000e+02
3.660000e+02 2.325000e+02
3.605000e+02 2.328000e+02
3.572500e+02 2.331000e+02
3.540000e+02 2.334000e+02
3.505000e+02 2.334000e+02
3.470000e+02 2.334000e+02
3.440000e+02 2.337000e+02
3.410000e+02 2.340000e+02
3.375000e+02 2.343000e+02
3.340000e+02 2.346000e+02
3.307500e+02 2.349000e+02
3.275000e+02 2.352000e+02
3.245000e+02 2.352000e+02
3.215000e+02 2.352000e+02
3.187500e+02 2.358000e+02
3.160000e+02 2.364000e+02
3.130000e+02 2.364000e+02
3.100000e+02 2.364000e+02
3.072500e+02 2.367000e+02
3.045000e+02 2.370000e+02
3.030000e+02 2.370000e+02
3.015000e+02 2.370000e+02
2.975000e+02 2.373000e+02
2.935000e+02 2.376000e+02
2.920000e+02 2.379000e+02
2.905000e+02 2.382000e+02
2.880000e+02 2.385000e+02
2.855000e+02 2.388000e+02
2.827500e+02 2.391000e+02
2.800000e+02 2.394000e+02
2.772500e+02 2.397000e+02
2.745000e+02 2.400000e+02
2.720000e+02 2.403000e+02
2.695000e+02 2.406000e+02
2.657500e+02 2.412000e+02
2.620000e+02 2.418000e+02
2.585000e+02 2.424000e+02
2.550000e+02 2.430000e+02
2.525000e+02 2.433000e+02
2.500000e+02 2.436000e+02
2.477500e+02 2.439000e+02
2.455000e+02 2.442000e+02
2.435000e+02 2.445000e+02
2.415000e+02 2.448000e+02
2.392500e+02 2.451000e+02
2.370000e+02 2.454000e+02
2.350000e+02 2.457000e+02
2.330000e+02 2.460000e+02
2.312500e+02 2.463000e+02
2.295000e+02 2.466000e+02
2.277500e+02 2.469000e+02
2.260000e+02 2.472000e+02
2.232500e+02 2.475000e+02
2.205000e+02 2.478000e+02
2.190000e+02 2.481000e+02
2.175000e+02 2.484000e+02
2.165000e+02 2.484000e+02
2.155000e+02 2.484000e+02
2.137500e+02 2.487000e+02
2.120000e+02 2.490000e+02
2.102500e+02 2.493000e+02
2.085000e+02 2.496000e+02
2.062500e+02 2.499000e+02
2.040000e+02 2.502000e+02
2.027500e+02 2.505000e+02
2.015000e+02 2.508000e+02
2.007500e+02 2.508000e+02
2.000000e+02 2.508000e+02
1.987500e+02 2.511000e+02
1.975000e+02 2.514000e+02
1.962500e+02 2.514000e+02
1.950000e+02 2.514000e+02
1.937500e+02 2.517000e+02
1.925000e+02 2.520000e+02
1.915000e+02 2.520000e+02
1.905000e+02 2.520000e+02
1.895000e+02 2.523000e+02
1.885000e+02 2.526000e+02
1.872500e+02 2.526000e+02
1.860000e+02 2.526000e+02
1.850000e+02 2.526000e+02
1.840000e+02 2.526000e+02
1.827500e+02 2.526000e+02
1.815000e+02 2.526000e+02
1.812500e+02 2.526000e+02
1.810000e+02 2.526000e+02
1.800000e+02 2.526000e+02
1.790000e+02 2.526000e+02
1.782500e+02 2.529000e+02
1.775000e+02 2.532000e+02
1.767500e+02 2.532000e+02
1.760000e+02 2.532000e+02
1.752500e+02 2.532000e+02
1.745000e+02 2.532000e+02
1.737500e+02 2.532000e+02
1.730000e+02 2.532000e+02
1.725000e+02 2.532000e+02
1.720000e+02 2.532000e+02
1.715000e+02 2.532000e+02
1.710000e+02 2.532000e+02
1.707500e+02 2.532000e+02
1.705000e+02 2.532000e+02
1.702500e+02 2.532000e+02
1.700000e+02 2.532000e+02
1.697500e+02 2.532000e+02
1.695000e+02 2.532000e+02
1.695000e+02 2.532000e+02
1.695000e+02 2.532000e+02
1.695000e+02 2.532000e+02
1.695000e+02 2.532000e+02
1.695000e+02 2.529000e+02
1.695000e+02 2.526000e+02
1.695000e+02 2.526000e+02
1.695000e+02 2.526000e+02
