5.630000e+02 1.752000e+02
5.627500e+02 1.746000e+02
5.625000e+02 1.740000e+02
5.622500e+02 1.740000e+02
5.620000e+02 1.740000e+02
5.617500e+02 1.737000e+02
5.615000e+02 1.734000e+02
5.612500e+02 1.731000e+02
5.610000e+02 1.728000e+02
5.597500e+02 1.725000e+02
5.585000e+02 1.722000e+02
5.575000e+02 1.719000e+02
5.565000e+02 1.716000e+02
5.560000e+02 1.713000e+02
5.555000e+02 1.710000e+02
5.545000e+02 1.710000e+02
5.535000e+02 1.710000e+02
5.517500e+02 1.707000e+02
5.500000e+02 1.704000e+02
5.475000e+02 1.704000e+02
5.450000e+02 1.704000e+02
5.420000e+02 1.707000e+02
5.390000e+02 1.710000e+02
5.357500e+02 1.713000e+02
5.325000e+02 1.716000e+02
5.302500e+02 1.716000e+02
5.280000e+02 1.716000e+02
5.252500e+02 1.719000e+02
5.225000e+02 1.722000e+02
5.200000e+02 1.725000e+02
5.175000e+02 1.728000e+02
5.145000e+02 1.731000e+02
5.115000e+02 1.734000e+02
5.090000e+02 1.737000e+02
5.065000e+02 1.740000e+02
5.035000e+02 1.743000e+02
5.005000e+02 1.746000e+02
4.977500e+02 1.749000e+02
4.950000e+02 1.752000e+02
4.920000e+02 1.755000e+02
4.890000e+02 1.758000e+02
4.860000e+02 1.764000e+02
4.830000e+02 1.770000e+02
4.797500e+02 1.773000e+02
4.765000e+02 1.776000e+02
4.737500e+02 1.779000e+02
4.710000e+02 1.782000e+02
4.677500e+02 1.785000e+02
4.645000e+02 1.788000e+02
4.615000e+02 1.791000e+02
4.585000e+02 1.794000e+02
4.557500e+02 1.794000e+02
4.530000e+02 1.794000e+02
4.500000e+02 1.797000e+02
4.470000e+02 1.800000e+02
4.445000e+02 1.800000e+02
4.420000e+02 1.800000e+02
4.387500e+02 1.800000e+02
4.355000e+02 1.800000e+02
4.315000e+02 1.803000e+02
4.275000e+02 1.806000e+02
4.260000e+02 1.806000e+02
4.245000e+02 1.806000e+02
4.202500e+02 1.809000e+02
4.160000e+02 1.812000e+02
4.145000e+02 1.812000e+02
4.130000e+02 1.812000e+02
4.085000e+02 1.815000e+02
4.040000e+02 1.818000e+02
4.022500e+02 1.818000e+02
4.005000e+02 1.818000e+02
3.962500e+02 1.821000e+02
3.920000e+02 1.824000e+02
3.887500e+02 1.827000e+02
3.855000e+02 1.830000e+02
3.825000e+02 1.833000e+02
3.795000e+02 1.836000e+02
3.760000e+02 1.839000e+02
3.725000e+02 1.842000e+02
3.697500e+02 1.845000e+02
3.670000e+02 1.848000e+02
3.635000e+02 1.851000e+02
3.600000e+02 1.854000e+02
3.570000e+02 1.857000e+02
3.540000e+02 1.860000e+02
3.502500e+02 1.863000e+02
3.465000e+02 1.866000e+02
3.430000e+02 1.869000e+02
3.395000e+02 1.872000e+02
3.362500e+02 1.875000e+02
3.330000e+02 1.878000e+02
3.277500e+02 1.881000e+02
3.225000e+02 1.884000e+02
3.195000e+02 1.887000e+02
3.165000e+02 1.890000e+02
3.112500e+02 1.893000e+02
3.060000e+02 1.896000e+02
3.012500e+02 1.899000e+02
2.965000e+02 1.902000e+02
2.932500e+02 1.905000e+02
2.900000e+02 1.908000e+02
2.870000e+02 1.908000e+02
2.840000e+02 1.908000e+02
2.807500e+02 1.911000e+02
2.775000e+02 1.914000e+02
2.745000e+02 1.917000e+02
2.715000e+02 1.920000e+02
2.687500e+02 1.920000e+02
2.660000e+02 1.920000e+02
2.630000e+02 1.923000e+02
2.600000e+02 1.926000e+02
2.570000e+02 1.926000e+02
2.540000e+02 1.926000e+02
2.505000e+02 1.929000e+02
2.470000e+02 1.932000e+02
2.425000e+02 1.932000e+02
2.380000e+02 1.932000e+02
2.365000e+02 1.935000e+02
2.350000e+02 1.938000e+02
2.305000e+02 1.938000e+02
2.260000e+02 1.938000e+02
2.247500e+02 1.941000e+02
2.235000e+02 1.944000e+02
2.205000e+02 1.944000e+02
2.175000e+02 1.944000e+02
2.145000e+02 1.944000e+02
2.115000e+02 1.944000e+02
2.075000e+02 1.941000e+02
2.035000e+02 1.938000e+02
2.007500e+02 1.941000e+02
1.980000e+02 1.944000e+02
1.952500e+02 1.944000e+02
1.925000e+02 1.944000e+02
1.895000e+02 1.944000e+02
1.865000e+02 1.944000e+02
1.840000e+02 1.944000e+02
1.815000e+02 1.944000e+02
1.790000e+02 1.944000e+02
1.765000e+02 1.944000e+02
1.740000e+02 1.944000e+02
1.715000e+02 1.944000e+02
1.695000e+02 1.941000e+02
1.675000e+02 1.938000e+02
1.650000e+02 1.938000e+02
1.625000e+02 1.938000e+02
1.605000e+02 1.938000e+02
1.585000e+02 1.938000e+02
1.567500e+02 1.935000e+02
1.550000e+02 1.932000e+02
1.530000e+02 1.929000e+02
1.510000e+02 1.926000e+02
1.490000e+02 1.926000e+02
1.470000e+02 1.926000e+02
1.452500e+02 1.926000e+02
1.435000e+02 1.926000e+02
1.415000e+02 1.923000e+02
1.395000e+02 1.920000e+02
1.375000e+02 1.920000e+02
1.355000e+02 1.920000e+02
1.337500e+02 1.920000e+02
1.320000e+02 1.920000e+02
1.300000e+02 1.920000e+02
1.280000e+02 1.920000e+02
1.250000e+02 1.923000e+02
1.220000e+02 1.926000e+02
1.212500e+02 1.926000e+02
1.205000e+02 1.926000e+02
1.175000e+02 1.932000e+02
1.145000e+02 1.938000e+02
1.125000e+02 1.941000e+02
1.105000e+02 1.944000e+02
1.087500e+02 1.950000e+02
1.070000e+02 1.956000e+02
1.052500e+02 1.959000e+02
1.035000e+02 1.962000e+02
1.017500e+02 1.965000e+02
1.000000e+02 1.968000e+02
9.850000e+01 1.971000e+02
9.700000e+01 1.974000e+02
9.575000e+01 1.980000e+02
9.450000e+01 1.986000e+02
9.350000e+01 1.989000e+02
9.250000e+01 1.992000e+02
9.175000e+01 1.992000e+02
9.100000e+01 1.992000e+02
9.000000e+01 1.995000e+02
8.900000e+01 1.998000e+02
8.825000e+01 1.998000e+02
8.750000e+01 1.998000e+02
8.700000e+01 2.001000e+02
8.650000e+01 2.004000e+02
8.600000e+01 2.004000e+02
8.550000e+01 2.004000e+02
8.450000e+01 2.004000e+02
8.400000e+01 2.004000e+02
8.300000e+01 2.010000e+02
8.250000e+01 2.016000e+02
8.200000e+01 2.022000e+02
8.200000e+01 2.028000e+02
8.200000e+01 2.028000e+02
