2.070000e+02 2.106000e+02
2.070000e+02 2.106000e+02
2.070000e+02 2.106000e+02
2.070000e+02 2.106000e+02
2.070000e+02 2.106000e+02
2.070000e+02 2.106000e+02
2.070000e+02 2.106000e+02
2.070000e+02 2.106000e+02
2.070000e+02 2.106000e+02
2.070000e+02 2.106000e+02
2.070000e+02 2.106000e+02
2.070000e+02 2.109000e+02
2.070000e+02 2.112000e+02
2.072500e+02 2.118000e+02
2.075000e+02 2.124000e+02
2.080000e+02 2.136000e+02
2.085000e+02 2.148000e+02
2.090000e+02 2.166000e+02
2.095000e+02 2.184000e+02
2.105000e+02 2.217000e+02
2.115000e+02 2.250000e+02
2.125000e+02 2.304000e+02
2.135000e+02 2.358000e+02
2.145000e+02 2.391000e+02
2.155000e+02 2.424000e+02
2.162500e+02 2.460000e+02
2.170000e+02 2.496000e+02
2.182500e+02 2.529000e+02
2.195000e+02 2.562000e+02
2.207500e+02 2.598000e+02
2.220000e+02 2.634000e+02
2.232500e+02 2.667000e+02
2.245000e+02 2.700000e+02
2.257500e+02 2.742000e+02
2.270000e+02 2.784000e+02
2.282500e+02 2.820000e+02
2.295000e+02 2.856000e+02
2.307500e+02 2.895000e+02
2.320000e+02 2.934000e+02
2.332500e+02 2.970000e+02
2.345000e+02 3.006000e+02
2.355000e+02 3.042000e+02
2.365000e+02 3.078000e+02
2.375000e+02 3.111000e+02
2.385000e+02 3.144000e+02
2.395000e+02 3.174000e+02
2.405000e+02 3.204000e+02
2.415000e+02 3.231000e+02
2.425000e+02 3.258000e+02
2.432500e+02 3.279000e+02
2.440000e+02 3.300000e+02
2.447500e+02 3.318000e+02
2.455000e+02 3.336000e+02
2.462500e+02 3.357000e+02
2.470000e+02 3.378000e+02
2.472500e+02 3.384000e+02
2.475000e+02 3.390000e+02
2.480000e+02 3.408000e+02
2.485000e+02 3.426000e+02
2.487500e+02 3.432000e+02
2.490000e+02 3.438000e+02
2.492500e+02 3.444000e+02
2.495000e+02 3.450000e+02
2.495000e+02 3.453000e+02
2.495000e+02 3.456000e+02
2.497500e+02 3.459000e+02
2.500000e+02 3.462000e+02
2.502500e+02 3.465000e+02
2.505000e+02 3.468000e+02
2.505000e+02 3.471000e+02
2.505000e+02 3.474000e+02
2.507500e+02 3.474000e+02
2.510000e+02 3.474000e+02
2.510000e+02 3.477000e+02
2.510000e+02 3.480000e+02
2.510000e+02 3.480000e+02
2.510000e+02 3.480000e+02
2.512500e+02 3.480000e+02
2.515000e+02 3.480000e+02
2.517500e+02 3.480000e+02
2.520000e+02 3.480000e+02
2.525000e+02 3.477000e+02
2.530000e+02 3.474000e+02
2.540000e+02 3.468000e+02
2.550000e+02 3.462000e+02
2.567500e+02 3.450000e+02
2.585000e+02 3.438000e+02
2.607500e+02 3.423000e+02
2.630000e+02 3.408000e+02
2.655000e+02 3.393000e+02
2.680000e+02 3.378000e+02
2.727500e+02 3.342000e+02
2.775000e+02 3.306000e+02
2.805000e+02 3.282000e+02
2.835000e+02 3.258000e+02
2.867500e+02 3.234000e+02
2.900000e+02 3.210000e+02
2.935000e+02 3.183000e+02
2.970000e+02 3.156000e+02
3.005000e+02 3.129000e+02
3.040000e+02 3.102000e+02
3.075000e+02 3.075000e+02
3.110000e+02 3.048000e+02
3.150000e+02 3.021000e+02
3.190000e+02 2.994000e+02
3.222500e+02 2.970000e+02
3.255000e+02 2.946000e+02
3.305000e+02 2.910000e+02
3.355000e+02 2.874000e+02
3.392500e+02 2.850000e+02
3.430000e+02 2.826000e+02
3.465000e+02 2.805000e+02
3.500000e+02 2.784000e+02
3.535000e+02 2.760000e+02
3.570000e+02 2.736000e+02
3.602500e+02 2.715000e+02
3.635000e+02 2.694000e+02
3.670000e+02 2.673000e+02
3.705000e+02 2.652000e+02
3.740000e+02 2.634000e+02
3.775000e+02 2.616000e+02
3.812500e+02 2.595000e+02
3.850000e+02 2.574000e+02
3.885000e+02 2.553000e+02
3.920000e+02 2.532000e+02
3.952500e+02 2.511000e+02
3.985000e+02 2.490000e+02
4.022500e+02 2.472000e+02
4.060000e+02 2.454000e+02
4.090000e+02 2.436000e+02
4.120000e+02 2.418000e+02
4.175000e+02 2.388000e+02
4.230000e+02 2.358000e+02
4.282500e+02 2.331000e+02
4.335000e+02 2.304000e+02
4.385000e+02 2.277000e+02
4.435000e+02 2.250000e+02
4.500000e+02 2.214000e+02
4.565000e+02 2.178000e+02
4.620000e+02 2.154000e+02
4.675000e+02 2.124000e+02
4.730000e+02 2.088000e+02
4.795000e+02 2.058000e+02
4.850000e+02 2.028000e+02
4.910000e+02 2.004000e+02
4.955000e+02 1.980000e+02
5.000000e+02 1.962000e+02
5.040000e+02 1.944000e+02
5.075000e+02 1.926000e+02
5.105000e+02 1.914000e+02
5.125000e+02 1.908000e+02
5.140000e+02 1.896000e+02
5.160000e+02 1.890000e+02
5.165000e+02 1.890000e+02
5.180000e+02 1.884000e+02
5.185000e+02 1.878000e+02
5.190000e+02 1.878000e+02
5.195000e+02 1.878000e+02
5.195000e+02 1.878000e+02
5.200000e+02 1.872000e+02
5.205000e+02 1.872000e+02
5.205000e+02 1.872000e+02
5.205000e+02 1.872000e+02
5.205000e+02 1.872000e+02
5.210000e+02 1.872000e+02
5.210000e+02 1.866000e+02
5.210000e+02 1.866000e+02
5.210000e+02 1.866000e+02
5.210000e+02 1.866000e+02
5.210000e+02 1.866000e+02
5.210000e+02 1.866000e+02
5.210000e+02 1.866000e+02
5.210000e+02 1.866000e+02
5.210000e+02 1.866000e+02
5.210000e+02 1.866000e+02
5.215000e+02 1.866000e+02
5.215000e+02 1.866000e+02
5.215000e+02 1.866000e+02
5.215000e+02 1.866000e+02
5.215000e+02 1.866000e+02
5.215000e+02 1.866000e+02
5.215000e+02 1.866000e+02
5.215000e+02 1.866000e+02
5.215000e+02 1.866000e+02
5.215000e+02 1.866000e+02
5.210000e+02 1.866000e+02
5.210000e+02 1.866000e+02
5.210000e+02 1.872000e+02
5.210000e+02 1.872000e+02
5.210000e+02 1.872000e+02
5.210000e+02 1.872000e+02
5.210000e+02 1.872000e+02
5.210000e+02 1.872000e+02
5.210000e+02 1.872000e+02
5.205000e+02 1.872000e+02
5.205000e+02 1.872000e+02
5.205000e+02 1.872000e+02
5.200000e+02 1.872000e+02
5.200000e+02 1.872000e+02
5.200000e+02 1.872000e+02
