3.990000e+02 3.420000e+02
3.990000e+02 3.420000e+02
3.990000e+02 3.420000e+02
3.990000e+02 3.420000e+02
3.990000e+02 3.420000e+02
3.990000e+02 3.421500e+02
3.990000e+02 3.423000e+02
3.990000e+02 3.424500e+02
3.990000e+02 3.426000e+02
3.990000e+02 3.426000e+02
3.990000e+02 3.426000e+02
3.990000e+02 3.426000e+02
3.990000e+02 3.426000e+02
3.990000e+02 3.426000e+02
3.990000e+02 3.426000e+02
3.990000e+02 3.426000e+02
3.990000e+02 3.426000e+02
3.991250e+02 3.426000e+02
3.992500e+02 3.426000e+02
3.993750e+02 3.426000e+02
3.995000e+02 3.426000e+02
3.996250e+02 3.427500e+02
3.997500e+02 3.429000e+02
3.998750e+02 3.430500e+02
4.000000e+02 3.432000e+02
4.003750e+02 3.433500e+02
4.007500e+02 3.435000e+02
4.011250e+02 3.436500e+02
4.015000e+02 3.438000e+02
4.020000e+02 3.439500e+02
4.025000e+02 3.441000e+02
4.030000e+02 3.442500e+02
4.035000e+02 3.444000e+02
4.041250e+02 3.447000e+02
4.047500e+02 3.450000e+02
4.053750e+02 3.453000e+02
4.060000e+02 3.456000e+02
4.071250e+02 3.459000e+02
4.082500e+02 3.462000e+02
4.093750e+02 3.465000e+02
4.105000e+02 3.468000e+02
4.113750e+02 3.469500e+02
4.122500e+02 3.471000e+02
4.131250e+02 3.472500e+02
4.140000e+02 3.474000e+02
4.148750e+02 3.475500e+02
4.157500e+02 3.477000e+02
4.166250e+02 3.478500e+02
4.175000e+02 3.480000e+02
4.185000e+02 3.480000e+02
4.195000e+02 3.480000e+02
4.205000e+02 3.480000e+02
4.215000e+02 3.480000e+02
4.226250e+02 3.481500e+02
4.237500e+02 3.483000e+02
4.248750e+02 3.484500e+02
4.260000e+02 3.486000e+02
4.272500e+02 3.486000e+02
4.285000e+02 3.486000e+02
4.297500e+02 3.486000e+02
4.310000e+02 3.486000e+02
4.321250e+02 3.487500e+02
4.332500e+02 3.489000e+02
4.343750e+02 3.490500e+02
4.355000e+02 3.492000e+02
4.367500e+02 3.492000e+02
4.380000e+02 3.492000e+02
4.392500e+02 3.492000e+02
4.405000e+02 3.492000e+02
4.416250e+02 3.493500e+02
4.427500e+02 3.495000e+02
4.438750e+02 3.496500e+02
4.450000e+02 3.498000e+02
4.461250e+02 3.499500e+02
4.472500e+02 3.501000e+02
4.483750e+02 3.502500e+02
4.495000e+02 3.504000e+02
4.507500e+02 3.504000e+02
4.520000e+02 3.504000e+02
4.532500e+02 3.504000e+02
4.545000e+02 3.504000e+02
4.562500e+02 3.508500e+02
4.580000e+02 3.513000e+02
4.597500e+02 3.517500e+02
4.615000e+02 3.522000e+02
4.621250e+02 3.523500e+02
4.627500e+02 3.525000e+02
4.633750e+02 3.526500e+02
4.640000e+02 3.528000e+02
4.653750e+02 3.529500e+02
4.667500e+02 3.531000e+02
4.681250e+02 3.532500e+02
4.695000e+02 3.534000e+02
4.706250e+02 3.537000e+02
4.717500e+02 3.540000e+02
4.728750e+02 3.543000e+02
4.740000e+02 3.546000e+02
4.753750e+02 3.549000e+02
4.767500e+02 3.552000e+02
4.781250e+02 3.555000e+02
4.795000e+02 3.558000e+02
4.806250e+02 3.561000e+02
4.817500e+02 3.564000e+02
4.828750e+02 3.567000e+02
4.840000e+02 3.570000e+02
4.852500e+02 3.573000e+02
4.865000e+02 3.576000e+02
4.877500e+02 3.579000e+02
4.890000e+02 3.582000e+02
4.902500e+02 3.585000e+02
4.915000e+02 3.588000e+02
4.927500e+02 3.591000e+02
4.940000e+02 3.594000e+02
4.951250e+02 3.595500e+02
4.962500e+02 3.597000e+02
4.973750e+02 3.598500e+02
4.985000e+02 3.600000e+02
4.998750e+02 3.603000e+02
5.012500e+02 3.606000e+02
5.026250e+02 3.609000e+02
5.040000e+02 3.612000e+02
5.057500e+02 3.615000e+02
5.075000e+02 3.618000e+02
5.092500e+02 3.621000e+02
5.110000e+02 3.624000e+02
5.116250e+02 3.625500e+02
5.122500e+02 3.627000e+02
5.128750e+02 3.628500e+02
5.135000e+02 3.630000e+02
5.148750e+02 3.631500e+02
5.162500e+02 3.633000e+02
5.190000e+02 3.636000e+02
5.202500e+02 3.639000e+02
5.215000e+02 3.642000e+02
5.240000e+02 3.645000e+02
5.265000e+02 3.648000e+02
5.290000e+02 3.651000e+02
5.315000e+02 3.654000e+02
5.340000e+02 3.657000e+02
5.365000e+02 3.660000e+02
5.392500e+02 3.663000e+02
5.420000e+02 3.666000e+02
5.442500e+02 3.669000e+02
5.465000e+02 3.672000e+02
5.502500e+02 3.675000e+02
5.540000e+02 3.678000e+02
5.550000e+02 3.678000e+02
5.560000e+02 3.678000e+02
5.590000e+02 3.684000e+02
5.620000e+02 3.690000e+02
5.652500e+02 3.696000e+02
5.685000e+02 3.702000e+02
5.700000e+02 3.705000e+02
5.715000e+02 3.708000e+02
5.727500e+02 3.711000e+02
5.740000e+02 3.714000e+02
5.750000e+02 3.717000e+02
5.760000e+02 3.720000e+02
5.772500e+02 3.723000e+02
5.785000e+02 3.726000e+02
5.797500e+02 3.729000e+02
5.810000e+02 3.732000e+02
5.825000e+02 3.738000e+02
5.840000e+02 3.744000e+02
5.855000e+02 3.747000e+02
5.870000e+02 3.750000e+02
5.877500e+02 3.753000e+02
5.885000e+02 3.756000e+02
5.895000e+02 3.759000e+02
5.905000e+02 3.762000e+02
5.917500e+02 3.768000e+02
5.930000e+02 3.774000e+02
5.940000e+02 3.777000e+02
5.950000e+02 3.780000e+02
5.957500e+02 3.780000e+02
5.965000e+02 3.780000e+02
5.967500e+02 3.783000e+02
5.970000e+02 3.786000e+02
5.975000e+02 3.789000e+02
5.980000e+02 3.792000e+02
5.985000e+02 3.792000e+02
5.990000e+02 3.792000e+02
5.990000e+02 3.795000e+02
5.990000e+02 3.798000e+02
5.992500e+02 3.798000e+02
5.995000e+02 3.798000e+02
5.997500e+02 3.798000e+02
6.000000e+02 3.798000e+02
6.000000e+02 3.798000e+02
6.000000e+02 3.798000e+02
6.000000e+02 3.798000e+02
6.000000e+02 3.798000e+02
6.000000e+02 3.798000e+02
6.000000e+02 3.798000e+02
6.000000e+02 3.798000e+02
6.000000e+02 3.798000e+02
6.000000e+02 3.798000e+02
6.000000e+02 3.798000e+02
6.000000e+02 3.798000e+02
6.000000e+02 3.798000e+02
3.990000e+02 3.420000e+02
3.990000e+02 3.420000e+02
3.990000e+02 3.420000e+02
3.990000e+02 3.420000e+02
3.990000e+02 3.420000e+02
3.990000e+02 3.421500e+02
3.990000e+02 3.423000e+02
3.990000e+02 3.424500e+02
3.990000e+02 3.426000e+02
3.990000e+02 3.426000e+02
3.990000e+02 3.426000e+02
3.990000e+02 3.426000e+02
3.990000e+02 3.426000e+02
3.990000e+02 3.426000e+02
3.990000e+02 3.426000e+02
3.990000e+02 3.426000e+02
3.990000e+02 3.426000e+02
3.991250e+02 3.426000e+02
3.992500e+02 3.426000e+02
3.993750e+02 3.426000e+02
3.995000e+02 3.426000e+02
3.996250e+02 3.427500e+02
3.997500e+02 3.429000e+02
3.998750e+02 3.430500e+02
4.000000e+02 3.432000e+02
4.003750e+02 3.433500e+02
4.007500e+02 3.435000e+02
4.011250e+02 3.436500e+02
4.015000e+02 3.438000e+02
4.020000e+02 3.439500e+02
4.025000e+02 3.441000e+02
4.030000e+02 3.442500e+02
4.035000e+02 3.444000e+02
4.041250e+02 3.447000e+02
4.047500e+02 3.450000e+02
4.053750e+02 3.453000e+02
4.060000e+02 3.456000e+02
4.071250e+02 3.459000e+02
4.082500e+02 3.462000e+02
4.093750e+02 3.465000e+02
4.105000e+02 3.468000e+02
4.113750e+02 3.469500e+02
4.122500e+02 3.471000e+02
4.131250e+02 3.472500e+02
4.140000e+02 3.474000e+02
4.148750e+02 3.475500e+02
4.157500e+02 3.477000e+02
4.166250e+02 3.478500e+02
4.175000e+02 3.480000e+02
4.185000e+02 3.480000e+02
4.195000e+02 3.480000e+02
4.205000e+02 3.480000e+02
4.215000e+02 3.480000e+02
4.226250e+02 3.481500e+02
4.237500e+02 3.483000e+02
4.248750e+02 3.484500e+02
4.260000e+02 3.486000e+02
4.272500e+02 3.486000e+02
4.285000e+02 3.486000e+02
4.297500e+02 3.486000e+02
4.310000e+02 3.486000e+02
4.321250e+02 3.487500e+02
4.332500e+02 3.489000e+02
4.343750e+02 3.490500e+02
4.355000e+02 3.492000e+02
4.367500e+02 3.492000e+02
4.380000e+02 3.492000e+02
4.392500e+02 3.492000e+02
4.405000e+02 3.492000e+02
4.416250e+02 3.493500e+02
4.427500e+02 3.495000e+02
4.438750e+02 3.496500e+02
4.450000e+02 3.498000e+02
4.461250e+02 3.499500e+02
4.472500e+02 3.501000e+02
4.483750e+02 3.502500e+02
4.495000e+02 3.504000e+02
4.507500e+02 3.504000e+02
4.520000e+02 3.504000e+02
4.532500e+02 3.504000e+02
4.545000e+02 3.504000e+02
4.562500e+02 3.508500e+02
4.580000e+02 3.513000e+02
4.597500e+02 3.517500e+02
4.615000e+02 3.522000e+02
4.621250e+02 3.523500e+02
4.627500e+02 3.525000e+02
4.633750e+02 3.526500e+02
4.640000e+02 3.528000e+02
4.653750e+02 3.529500e+02
4.667500e+02 3.531000e+02
4.681250e+02 3.532500e+02
4.695000e+02 3.534000e+02
4.706250e+02 3.537000e+02
4.717500e+02 3.540000e+02
4.728750e+02 3.543000e+02
4.740000e+02 3.546000e+02
4.753750e+02 3.549000e+02
4.767500e+02 3.552000e+02
4.781250e+02 3.555000e+02
4.795000e+02 3.558000e+02
4.806250e+02 3.561000e+02
4.817500e+02 3.564000e+02
4.828750e+02 3.567000e+02
4.840000e+02 3.570000e+02
4.852500e+02 3.573000e+02
4.865000e+02 3.576000e+02
4.877500e+02 3.579000e+02
4.890000e+02 3.582000e+02
4.902500e+02 3.585000e+02
4.915000e+02 3.588000e+02
4.927500e+02 3.591000e+02
4.940000e+02 3.594000e+02
4.951250e+02 3.595500e+02
4.962500e+02 3.597000e+02
4.973750e+02 3.598500e+02
4.985000e+02 3.600000e+02
4.998750e+02 3.603000e+02
5.012500e+02 3.606000e+02
5.026250e+02 3.609000e+02
5.040000e+02 3.612000e+02
5.057500e+02 3.615000e+02
5.075000e+02 3.618000e+02
5.092500e+02 3.621000e+02
5.110000e+02 3.624000e+02
5.116250e+02 3.625500e+02
5.122500e+02 3.627000e+02
5.128750e+02 3.628500e+02
5.135000e+02 3.630000e+02
5.148750e+02 3.631500e+02
5.162500e+02 3.633000e+02
5.190000e+02 3.636000e+02
5.202500e+02 3.639000e+02
5.215000e+02 3.642000e+02
5.240000e+02 3.645000e+02
5.265000e+02 3.648000e+02
5.290000e+02 3.651000e+02
5.315000e+02 3.654000e+02
5.340000e+02 3.657000e+02
5.365000e+02 3.660000e+02
5.392500e+02 3.663000e+02
5.420000e+02 3.666000e+02
5.442500e+02 3.669000e+02
5.465000e+02 3.672000e+02
5.502500e+02 3.675000e+02
5.540000e+02 3.678000e+02
5.550000e+02 3.678000e+02
5.560000e+02 3.678000e+02
5.590000e+02 3.684000e+02
5.620000e+02 3.690000e+02
5.652500e+02 3.696000e+02
5.685000e+02 3.702000e+02
5.700000e+02 3.705000e+02
5.715000e+02 3.708000e+02
5.727500e+02 3.711000e+02
5.740000e+02 3.714000e+02
5.750000e+02 3.717000e+02
5.760000e+02 3.720000e+02
5.772500e+02 3.723000e+02
5.785000e+02 3.726000e+02
5.797500e+02 3.729000e+02
5.810000e+02 3.732000e+02
5.825000e+02 3.738000e+02
5.840000e+02 3.744000e+02
5.855000e+02 3.747000e+02
5.870000e+02 3.750000e+02
5.877500e+02 3.753000e+02
5.885000e+02 3.756000e+02
5.895000e+02 3.759000e+02
5.905000e+02 3.762000e+02
5.917500e+02 3.768000e+02
5.930000e+02 3.774000e+02
5.940000e+02 3.777000e+02
5.950000e+02 3.780000e+02
5.957500e+02 3.780000e+02
5.965000e+02 3.780000e+02
5.967500e+02 3.783000e+02
5.970000e+02 3.786000e+02
5.975000e+02 3.789000e+02
5.980000e+02 3.792000e+02
5.985000e+02 3.792000e+02
5.990000e+02 3.792000e+02
5.990000e+02 3.795000e+02
5.990000e+02 3.798000e+02
5.992500e+02 3.798000e+02
5.995000e+02 3.798000e+02
5.997500e+02 3.798000e+02
6.000000e+02 3.798000e+02
6.000000e+02 3.798000e+02
6.000000e+02 3.798000e+02
6.000000e+02 3.798000e+02
6.000000e+02 3.798000e+02
6.000000e+02 3.798000e+02
6.000000e+02 3.798000e+02
6.000000e+02 3.798000e+02
6.000000e+02 3.798000e+02
6.000000e+02 3.798000e+02
6.000000e+02 3.798000e+02
6.000000e+02 3.798000e+02
6.000000e+02 3.798000e+02
3.990000e+02 3.420000e+02
3.990000e+02 3.420000e+02
3.990000e+02 3.420000e+02
3.990000e+02 3.420000e+02
3.990000e+02 3.420000e+02
3.990000e+02 3.421500e+02
3.990000e+02 3.423000e+02
3.990000e+02 3.424500e+02
3.990000e+02 3.426000e+02
3.990000e+02 3.426000e+02
3.990000e+02 3.426000e+02
3.990000e+02 3.426000e+02
3.990000e+02 3.426000e+02
3.990000e+02 3.426000e+02
3.990000e+02 3.426000e+02
3.990000e+02 3.426000e+02
3.990000e+02 3.426000e+02
3.991250e+02 3.426000e+02
3.992500e+02 3.426000e+02
3.993750e+02 3.426000e+02
3.995000e+02 3.426000e+02
3.996250e+02 3.427500e+02
3.997500e+02 3.429000e+02
3.998750e+02 3.430500e+02
4.000000e+02 3.432000e+02
4.003750e+02 3.433500e+02
4.007500e+02 3.435000e+02
4.011250e+02 3.436500e+02
4.015000e+02 3.438000e+02
4.020000e+02 3.439500e+02
4.025000e+02 3.441000e+02
4.030000e+02 3.442500e+02
4.035000e+02 3.444000e+02
4.041250e+02 3.447000e+02
4.047500e+02 3.450000e+02
4.053750e+02 3.453000e+02
4.060000e+02 3.456000e+02
4.071250e+02 3.459000e+02
4.082500e+02 3.462000e+02
4.093750e+02 3.465000e+02
4.105000e+02 3.468000e+02
4.113750e+02 3.469500e+02
4.122500e+02 3.471000e+02
4.131250e+02 3.472500e+02
4.140000e+02 3.474000e+02
4.148750e+02 3.475500e+02
4.157500e+02 3.477000e+02
4.166250e+02 3.478500e+02
4.175000e+02 3.480000e+02
4.185000e+02 3.480000e+02
4.195000e+02 3.480000e+02
4.205000e+02 3.480000e+02
4.215000e+02 3.480000e+02
4.226250e+02 3.481500e+02
4.237500e+02 3.483000e+02
4.248750e+02 3.484500e+02
4.260000e+02 3.486000e+02
4.272500e+02 3.486000e+02
4.285000e+02 3.486000e+02
4.297500e+02 3.486000e+02
4.310000e+02 3.486000e+02
4.321250e+02 3.487500e+02
4.332500e+02 3.489000e+02
4.343750e+02 3.490500e+02
4.355000e+02 3.492000e+02
4.367500e+02 3.492000e+02
4.380000e+02 3.492000e+02
4.392500e+02 3.492000e+02
4.405000e+02 3.492000e+02
4.416250e+02 3.493500e+02
4.427500e+02 3.495000e+02
4.438750e+02 3.496500e+02
4.450000e+02 3.498000e+02
4.461250e+02 3.499500e+02
4.472500e+02 3.501000e+02
4.483750e+02 3.502500e+02
4.495000e+02 3.504000e+02
4.507500e+02 3.504000e+02
4.520000e+02 3.504000e+02
4.532500e+02 3.504000e+02
4.545000e+02 3.504000e+02
4.562500e+02 3.508500e+02
4.580000e+02 3.513000e+02
4.597500e+02 3.517500e+02
4.615000e+02 3.522000e+02
4.621250e+02 3.523500e+02
4.627500e+02 3.525000e+02
4.633750e+02 3.526500e+02
4.640000e+02 3.528000e+02
4.653750e+02 3.529500e+02
4.667500e+02 3.531000e+02
4.681250e+02 3.532500e+02
4.695000e+02 3.534000e+02
4.706250e+02 3.537000e+02
4.717500e+02 3.540000e+02
4.728750e+02 3.543000e+02
4.740000e+02 3.546000e+02
4.753750e+02 3.549000e+02
4.767500e+02 3.552000e+02
4.781250e+02 3.555000e+02
4.795000e+02 3.558000e+02
4.806250e+02 3.561000e+02
4.817500e+02 3.564000e+02
4.828750e+02 3.567000e+02
4.840000e+02 3.570000e+02
4.852500e+02 3.573000e+02
4.865000e+02 3.576000e+02
4.877500e+02 3.579000e+02
4.890000e+02 3.582000e+02
4.902500e+02 3.585000e+02
4.915000e+02 3.588000e+02
4.927500e+02 3.591000e+02
4.940000e+02 3.594000e+02
4.951250e+02 3.595500e+02
4.962500e+02 3.597000e+02
4.973750e+02 3.598500e+02
4.985000e+02 3.600000e+02
4.998750e+02 3.603000e+02
5.012500e+02 3.606000e+02
5.026250e+02 3.609000e+02
5.040000e+02 3.612000e+02
5.057500e+02 3.615000e+02
5.075000e+02 3.618000e+02
5.092500e+02 3.621000e+02
5.110000e+02 3.624000e+02
5.116250e+02 3.625500e+02
5.122500e+02 3.627000e+02
5.128750e+02 3.628500e+02
5.135000e+02 3.630000e+02
5.148750e+02 3.631500e+02
5.162500e+02 3.633000e+02
5.190000e+02 3.636000e+02
5.202500e+02 3.639000e+02
5.215000e+02 3.642000e+02
5.240000e+02 3.645000e+02
5.265000e+02 3.648000e+02
5.290000e+02 3.651000e+02
5.315000e+02 3.654000e+02
5.340000e+02 3.657000e+02
5.365000e+02 3.660000e+02
5.392500e+02 3.663000e+02
5.420000e+02 3.666000e+02
5.442500e+02 3.669000e+02
5.465000e+02 3.672000e+02
5.502500e+02 3.675000e+02
5.540000e+02 3.678000e+02
5.550000e+02 3.678000e+02
5.560000e+02 3.678000e+02
5.590000e+02 3.684000e+02
5.620000e+02 3.690000e+02
5.652500e+02 3.696000e+02
5.685000e+02 3.702000e+02
5.700000e+02 3.705000e+02
5.715000e+02 3.708000e+02
5.727500e+02 3.711000e+02
5.740000e+02 3.714000e+02
5.750000e+02 3.717000e+02
5.760000e+02 3.720000e+02
5.772500e+02 3.723000e+02
5.785000e+02 3.726000e+02
5.797500e+02 3.729000e+02
5.810000e+02 3.732000e+02
5.825000e+02 3.738000e+02
5.840000e+02 3.744000e+02
5.855000e+02 3.747000e+02
5.870000e+02 3.750000e+02
5.877500e+02 3.753000e+02
5.885000e+02 3.756000e+02
5.895000e+02 3.759000e+02
5.905000e+02 3.762000e+02
5.917500e+02 3.768000e+02
5.930000e+02 3.774000e+02
5.940000e+02 3.777000e+02
5.950000e+02 3.780000e+02
5.957500e+02 3.780000e+02
5.965000e+02 3.780000e+02
5.967500e+02 3.783000e+02
5.970000e+02 3.786000e+02
5.975000e+02 3.789000e+02
5.980000e+02 3.792000e+02
5.985000e+02 3.792000e+02
5.990000e+02 3.792000e+02
5.990000e+02 3.795000e+02
5.990000e+02 3.798000e+02
5.992500e+02 3.798000e+02
5.995000e+02 3.798000e+02
5.997500e+02 3.798000e+02
6.000000e+02 3.798000e+02
6.000000e+02 3.798000e+02
6.000000e+02 3.798000e+02
6.000000e+02 3.798000e+02
6.000000e+02 3.798000e+02
6.000000e+02 3.798000e+02
6.000000e+02 3.798000e+02
6.000000e+02 3.798000e+02
6.000000e+02 3.798000e+02
6.000000e+02 3.798000e+02
6.000000e+02 3.798000e+02
6.000000e+02 3.798000e+02
6.000000e+02 3.798000e+02
