2.120000e+02 3.288000e+02
2.120000e+02 3.288000e+02
2.120000e+02 3.288000e+02
2.122500e+02 3.279000e+02
2.125000e+02 3.270000e+02
2.130000e+02 3.258000e+02
2.135000e+02 3.246000e+02
2.140000e+02 3.225000e+02
2.145000e+02 3.204000e+02
2.152500e+02 3.183000e+02
2.160000e+02 3.162000e+02
2.170000e+02 3.138000e+02
2.180000e+02 3.114000e+02
2.190000e+02 3.087000e+02
2.200000e+02 3.060000e+02
2.212500e+02 3.033000e+02
2.225000e+02 3.006000e+02
2.237500e+02 2.964000e+02
2.250000e+02 2.922000e+02
2.262500e+02 2.892000e+02
2.275000e+02 2.862000e+02
2.287500e+02 2.835000e+02
2.300000e+02 2.808000e+02
2.315000e+02 2.775000e+02
2.330000e+02 2.742000e+02
2.342500e+02 2.712000e+02
2.355000e+02 2.682000e+02
2.367500e+02 2.655000e+02
2.380000e+02 2.628000e+02
2.392500e+02 2.595000e+02
2.405000e+02 2.562000e+02
2.417500e+02 2.532000e+02
2.430000e+02 2.502000e+02
2.445000e+02 2.466000e+02
2.460000e+02 2.430000e+02
2.475000e+02 2.394000e+02
2.490000e+02 2.358000e+02
2.502500e+02 2.322000e+02
2.515000e+02 2.286000e+02
2.530000e+02 2.250000e+02
2.545000e+02 2.214000e+02
2.560000e+02 2.175000e+02
2.575000e+02 2.136000e+02
2.590000e+02 2.100000e+02
2.605000e+02 2.064000e+02
2.620000e+02 2.028000e+02
2.635000e+02 1.992000e+02
2.655000e+02 1.938000e+02
2.675000e+02 1.884000e+02
2.690000e+02 1.848000e+02
2.705000e+02 1.812000e+02
2.710000e+02 1.794000e+02
2.715000e+02 1.776000e+02
2.730000e+02 1.740000e+02
2.745000e+02 1.704000e+02
2.762500e+02 1.653000e+02
2.780000e+02 1.602000e+02
2.795000e+02 1.566000e+02
2.810000e+02 1.530000e+02
2.820000e+02 1.500000e+02
2.830000e+02 1.470000e+02
2.842500e+02 1.437000e+02
2.855000e+02 1.404000e+02
2.867500e+02 1.368000e+02
2.880000e+02 1.332000e+02
2.890000e+02 1.302000e+02
2.900000e+02 1.272000e+02
2.910000e+02 1.239000e+02
2.920000e+02 1.206000e+02
2.930000e+02 1.176000e+02
2.940000e+02 1.146000e+02
2.950000e+02 1.116000e+02
2.960000e+02 1.086000e+02
2.970000e+02 1.059000e+02
2.980000e+02 1.032000e+02
2.987500e+02 1.008000e+02
2.995000e+02 9.840000e+01
3.005000e+02 9.600000e+01
3.015000e+02 9.360000e+01
3.022500e+02 9.150000e+01
3.030000e+02 8.940000e+01
3.040000e+02 8.730000e+01
3.050000e+02 8.520000e+01
3.057500e+02 8.310000e+01
3.065000e+02 8.100000e+01
3.077500e+02 7.800000e+01
3.090000e+02 7.500000e+01
3.100000e+02 7.350000e+01
3.110000e+02 7.200000e+01
3.115000e+02 7.050000e+01
3.120000e+02 6.900000e+01
3.127500e+02 6.780000e+01
3.135000e+02 6.660000e+01
3.137500e+02 6.570000e+01
3.140000e+02 6.480000e+01
3.145000e+02 6.390000e+01
3.150000e+02 6.300000e+01
3.155000e+02 6.270000e+01
3.160000e+02 6.240000e+01
3.162500e+02 6.210000e+01
3.165000e+02 6.180000e+01
3.170000e+02 6.150000e+01
3.175000e+02 6.120000e+01
3.177500e+02 6.090000e+01
3.180000e+02 6.060000e+01
3.185000e+02 6.030000e+01
3.190000e+02 6.000000e+01
3.195000e+02 6.000000e+01
3.200000e+02 6.000000e+01
3.205000e+02 6.030000e+01
3.210000e+02 6.060000e+01
3.212500e+02 6.060000e+01
3.215000e+02 6.060000e+01
3.220000e+02 6.090000e+01
3.225000e+02 6.120000e+01
3.230000e+02 6.180000e+01
3.235000e+02 6.240000e+01
3.245000e+02 6.300000e+01
3.255000e+02 6.360000e+01
3.257500e+02 6.390000e+01
3.260000e+02 6.420000e+01
3.265000e+02 6.480000e+01
3.270000e+02 6.540000e+01
3.282500e+02 6.690000e+01
3.295000e+02 6.840000e+01
3.302500e+02 6.930000e+01
3.310000e+02 7.020000e+01
3.320000e+02 7.140000e+01
3.330000e+02 7.260000e+01
3.335000e+02 7.290000e+01
3.340000e+02 7.320000e+01
3.352500e+02 7.500000e+01
3.365000e+02 7.680000e+01
3.375000e+02 7.800000e+01
3.385000e+02 7.920000e+01
3.392500e+02 8.070000e+01
3.400000e+02 8.220000e+01
3.410000e+02 8.370000e+01
3.420000e+02 8.520000e+01
3.430000e+02 8.640000e+01
3.440000e+02 8.760000e+01
3.460000e+02 9.060000e+01
3.475000e+02 9.300000e+01
3.485000e+02 9.420000e+01
3.515000e+02 9.840000e+01
3.520000e+02 9.960000e+01
3.555000e+02 1.044000e+02
3.580000e+02 1.068000e+02
3.605000e+02 1.098000e+02
3.625000e+02 1.128000e+02
3.650000e+02 1.164000e+02
3.680000e+02 1.194000e+02
3.710000e+02 1.224000e+02
3.735000e+02 1.254000e+02
3.760000e+02 1.290000e+02
3.790000e+02 1.326000e+02
3.830000e+02 1.374000e+02
3.845000e+02 1.392000e+02
3.870000e+02 1.422000e+02
3.915000e+02 1.476000e+02
3.930000e+02 1.494000e+02
3.955000e+02 1.524000e+02
3.985000e+02 1.560000e+02
4.020000e+02 1.614000e+02
4.040000e+02 1.632000e+02
4.085000e+02 1.686000e+02
4.095000e+02 1.704000e+02
4.140000e+02 1.764000e+02
4.170000e+02 1.800000e+02
4.200000e+02 1.836000e+02
4.230000e+02 1.878000e+02
4.260000e+02 1.914000e+02
4.285000e+02 1.950000e+02
4.315000e+02 1.980000e+02
4.340000e+02 2.016000e+02
4.365000e+02 2.052000e+02
4.385000e+02 2.082000e+02
4.410000e+02 2.112000e+02
4.440000e+02 2.154000e+02
4.450000e+02 2.166000e+02
4.480000e+02 2.208000e+02
4.505000e+02 2.244000e+02
4.525000e+02 2.274000e+02
4.540000e+02 2.292000e+02
4.555000e+02 2.316000e+02
4.565000e+02 2.334000e+02
4.575000e+02 2.352000e+02
4.585000e+02 2.364000e+02
4.590000e+02 2.376000e+02
4.600000e+02 2.388000e+02
4.605000e+02 2.400000e+02
4.610000e+02 2.412000e+02
4.615000e+02 2.418000e+02
4.620000e+02 2.424000e+02
4.620000e+02 2.436000e+02
4.625000e+02 2.442000e+02
4.630000e+02 2.454000e+02
4.635000e+02 2.460000e+02
4.640000e+02 2.478000e+02
4.640000e+02 2.478000e+02
2.120000e+02 3.288000e+02
2.120000e+02 3.288000e+02
2.120000e+02 3.288000e+02
2.122500e+02 3.279000e+02
2.125000e+02 3.270000e+02
2.130000e+02 3.258000e+02
2.135000e+02 3.246000e+02
2.140000e+02 3.225000e+02
2.145000e+02 3.204000e+02
2.152500e+02 3.183000e+02
2.160000e+02 3.162000e+02
2.170000e+02 3.138000e+02
2.180000e+02 3.114000e+02
2.190000e+02 3.087000e+02
2.200000e+02 3.060000e+02
2.212500e+02 3.033000e+02
2.225000e+02 3.006000e+02
2.237500e+02 2.964000e+02
2.250000e+02 2.922000e+02
2.262500e+02 2.892000e+02
2.275000e+02 2.862000e+02
2.287500e+02 2.835000e+02
2.300000e+02 2.808000e+02
2.315000e+02 2.775000e+02
2.330000e+02 2.742000e+02
2.342500e+02 2.712000e+02
2.355000e+02 2.682000e+02
2.367500e+02 2.655000e+02
2.380000e+02 2.628000e+02
2.392500e+02 2.595000e+02
2.405000e+02 2.562000e+02
2.417500e+02 2.532000e+02
2.430000e+02 2.502000e+02
2.445000e+02 2.466000e+02
2.460000e+02 2.430000e+02
2.475000e+02 2.394000e+02
2.490000e+02 2.358000e+02
2.502500e+02 2.322000e+02
2.515000e+02 2.286000e+02
2.530000e+02 2.250000e+02
2.545000e+02 2.214000e+02
2.560000e+02 2.175000e+02
2.575000e+02 2.136000e+02
2.590000e+02 2.100000e+02
2.605000e+02 2.064000e+02
2.620000e+02 2.028000e+02
2.635000e+02 1.992000e+02
2.655000e+02 1.938000e+02
2.675000e+02 1.884000e+02
2.690000e+02 1.848000e+02
2.705000e+02 1.812000e+02
2.710000e+02 1.794000e+02
2.715000e+02 1.776000e+02
2.730000e+02 1.740000e+02
2.745000e+02 1.704000e+02
2.762500e+02 1.653000e+02
2.780000e+02 1.602000e+02
2.795000e+02 1.566000e+02
2.810000e+02 1.530000e+02
2.820000e+02 1.500000e+02
2.830000e+02 1.470000e+02
2.842500e+02 1.437000e+02
2.855000e+02 1.404000e+02
2.867500e+02 1.368000e+02
2.880000e+02 1.332000e+02
2.890000e+02 1.302000e+02
2.900000e+02 1.272000e+02
2.910000e+02 1.239000e+02
2.920000e+02 1.206000e+02
2.930000e+02 1.176000e+02
2.940000e+02 1.146000e+02
2.950000e+02 1.116000e+02
2.960000e+02 1.086000e+02
2.970000e+02 1.059000e+02
2.980000e+02 1.032000e+02
2.987500e+02 1.008000e+02
2.995000e+02 9.840000e+01
3.005000e+02 9.600000e+01
3.015000e+02 9.360000e+01
3.022500e+02 9.150000e+01
3.030000e+02 8.940000e+01
3.040000e+02 8.730000e+01
3.050000e+02 8.520000e+01
3.057500e+02 8.310000e+01
3.065000e+02 8.100000e+01
3.077500e+02 7.800000e+01
3.090000e+02 7.500000e+01
3.100000e+02 7.350000e+01
3.110000e+02 7.200000e+01
3.115000e+02 7.050000e+01
3.120000e+02 6.900000e+01
3.127500e+02 6.780000e+01
3.135000e+02 6.660000e+01
3.137500e+02 6.570000e+01
3.140000e+02 6.480000e+01
3.145000e+02 6.390000e+01
3.150000e+02 6.300000e+01
3.155000e+02 6.270000e+01
3.160000e+02 6.240000e+01
3.162500e+02 6.210000e+01
3.165000e+02 6.180000e+01
3.170000e+02 6.150000e+01
3.175000e+02 6.120000e+01
3.177500e+02 6.090000e+01
3.180000e+02 6.060000e+01
3.185000e+02 6.030000e+01
3.190000e+02 6.000000e+01
3.195000e+02 6.000000e+01
3.200000e+02 6.000000e+01
3.205000e+02 6.030000e+01
3.210000e+02 6.060000e+01
3.212500e+02 6.060000e+01
3.215000e+02 6.060000e+01
3.220000e+02 6.090000e+01
3.225000e+02 6.120000e+01
3.230000e+02 6.180000e+01
3.235000e+02 6.240000e+01
3.245000e+02 6.300000e+01
3.255000e+02 6.360000e+01
3.257500e+02 6.390000e+01
3.260000e+02 6.420000e+01
3.265000e+02 6.480000e+01
3.270000e+02 6.540000e+01
3.282500e+02 6.690000e+01
3.295000e+02 6.840000e+01
3.302500e+02 6.930000e+01
3.310000e+02 7.020000e+01
3.320000e+02 7.140000e+01
3.330000e+02 7.260000e+01
3.335000e+02 7.290000e+01
3.340000e+02 7.320000e+01
3.352500e+02 7.500000e+01
3.365000e+02 7.680000e+01
3.375000e+02 7.800000e+01
3.385000e+02 7.920000e+01
3.392500e+02 8.070000e+01
3.400000e+02 8.220000e+01
3.410000e+02 8.370000e+01
3.420000e+02 8.520000e+01
3.430000e+02 8.640000e+01
3.440000e+02 8.760000e+01
3.460000e+02 9.060000e+01
3.475000e+02 9.300000e+01
3.485000e+02 9.420000e+01
3.515000e+02 9.840000e+01
3.520000e+02 9.960000e+01
3.555000e+02 1.044000e+02
3.580000e+02 1.068000e+02
3.605000e+02 1.098000e+02
3.625000e+02 1.128000e+02
3.650000e+02 1.164000e+02
3.680000e+02 1.194000e+02
3.710000e+02 1.224000e+02
3.735000e+02 1.254000e+02
3.760000e+02 1.290000e+02
3.790000e+02 1.326000e+02
3.830000e+02 1.374000e+02
3.845000e+02 1.392000e+02
3.870000e+02 1.422000e+02
3.915000e+02 1.476000e+02
3.930000e+02 1.494000e+02
3.955000e+02 1.524000e+02
3.985000e+02 1.560000e+02
4.020000e+02 1.614000e+02
4.040000e+02 1.632000e+02
4.085000e+02 1.686000e+02
4.095000e+02 1.704000e+02
4.140000e+02 1.764000e+02
4.170000e+02 1.800000e+02
4.200000e+02 1.836000e+02
4.230000e+02 1.878000e+02
4.260000e+02 1.914000e+02
4.285000e+02 1.950000e+02
4.315000e+02 1.980000e+02
4.340000e+02 2.016000e+02
4.365000e+02 2.052000e+02
4.385000e+02 2.082000e+02
4.410000e+02 2.112000e+02
4.440000e+02 2.154000e+02
4.450000e+02 2.166000e+02
4.480000e+02 2.208000e+02
4.505000e+02 2.244000e+02
4.525000e+02 2.274000e+02
4.540000e+02 2.292000e+02
4.555000e+02 2.316000e+02
4.565000e+02 2.334000e+02
4.575000e+02 2.352000e+02
4.585000e+02 2.364000e+02
4.590000e+02 2.376000e+02
4.600000e+02 2.388000e+02
4.605000e+02 2.400000e+02
4.610000e+02 2.412000e+02
4.615000e+02 2.418000e+02
4.620000e+02 2.424000e+02
4.620000e+02 2.436000e+02
4.625000e+02 2.442000e+02
4.630000e+02 2.454000e+02
4.635000e+02 2.460000e+02
4.640000e+02 2.478000e+02
4.640000e+02 2.478000e+02
2.120000e+02 3.288000e+02
2.120000e+02 3.288000e+02
2.120000e+02 3.288000e+02
2.122500e+02 3.279000e+02
2.125000e+02 3.270000e+02
2.130000e+02 3.258000e+02
2.135000e+02 3.246000e+02
2.140000e+02 3.225000e+02
2.145000e+02 3.204000e+02
2.152500e+02 3.183000e+02
2.160000e+02 3.162000e+02
2.170000e+02 3.138000e+02
2.180000e+02 3.114000e+02
2.190000e+02 3.087000e+02
2.200000e+02 3.060000e+02
2.212500e+02 3.033000e+02
2.225000e+02 3.006000e+02
2.237500e+02 2.964000e+02
2.250000e+02 2.922000e+02
2.262500e+02 2.892000e+02
2.275000e+02 2.862000e+02
2.287500e+02 2.835000e+02
2.300000e+02 2.808000e+02
2.315000e+02 2.775000e+02
2.330000e+02 2.742000e+02
2.342500e+02 2.712000e+02
2.355000e+02 2.682000e+02
2.367500e+02 2.655000e+02
2.380000e+02 2.628000e+02
2.392500e+02 2.595000e+02
2.405000e+02 2.562000e+02
2.417500e+02 2.532000e+02
2.430000e+02 2.502000e+02
2.445000e+02 2.466000e+02
2.460000e+02 2.430000e+02
2.475000e+02 2.394000e+02
2.490000e+02 2.358000e+02
2.502500e+02 2.322000e+02
2.515000e+02 2.286000e+02
2.530000e+02 2.250000e+02
2.545000e+02 2.214000e+02
2.560000e+02 2.175000e+02
2.575000e+02 2.136000e+02
2.590000e+02 2.100000e+02
2.605000e+02 2.064000e+02
2.620000e+02 2.028000e+02
2.635000e+02 1.992000e+02
2.655000e+02 1.938000e+02
2.675000e+02 1.884000e+02
2.690000e+02 1.848000e+02
2.705000e+02 1.812000e+02
2.710000e+02 1.794000e+02
2.715000e+02 1.776000e+02
2.730000e+02 1.740000e+02
2.745000e+02 1.704000e+02
2.762500e+02 1.653000e+02
2.780000e+02 1.602000e+02
2.795000e+02 1.566000e+02
2.810000e+02 1.530000e+02
2.820000e+02 1.500000e+02
2.830000e+02 1.470000e+02
2.842500e+02 1.437000e+02
2.855000e+02 1.404000e+02
2.867500e+02 1.368000e+02
2.880000e+02 1.332000e+02
2.890000e+02 1.302000e+02
2.900000e+02 1.272000e+02
2.910000e+02 1.239000e+02
2.920000e+02 1.206000e+02
2.930000e+02 1.176000e+02
2.940000e+02 1.146000e+02
2.950000e+02 1.116000e+02
2.960000e+02 1.086000e+02
2.970000e+02 1.059000e+02
2.980000e+02 1.032000e+02
2.987500e+02 1.008000e+02
2.995000e+02 9.840000e+01
3.005000e+02 9.600000e+01
3.015000e+02 9.360000e+01
3.022500e+02 9.150000e+01
3.030000e+02 8.940000e+01
3.040000e+02 8.730000e+01
3.050000e+02 8.520000e+01
3.057500e+02 8.310000e+01
3.065000e+02 8.100000e+01
3.077500e+02 7.800000e+01
3.090000e+02 7.500000e+01
3.100000e+02 7.350000e+01
3.110000e+02 7.200000e+01
3.115000e+02 7.050000e+01
3.120000e+02 6.900000e+01
3.127500e+02 6.780000e+01
3.135000e+02 6.660000e+01
3.137500e+02 6.570000e+01
3.140000e+02 6.480000e+01
3.145000e+02 6.390000e+01
3.150000e+02 6.300000e+01
3.155000e+02 6.270000e+01
3.160000e+02 6.240000e+01
3.162500e+02 6.210000e+01
3.165000e+02 6.180000e+01
3.170000e+02 6.150000e+01
3.175000e+02 6.120000e+01
3.177500e+02 6.090000e+01
3.180000e+02 6.060000e+01
3.185000e+02 6.030000e+01
3.190000e+02 6.000000e+01
3.195000e+02 6.000000e+01
3.200000e+02 6.000000e+01
3.205000e+02 6.030000e+01
3.210000e+02 6.060000e+01
3.212500e+02 6.060000e+01
3.215000e+02 6.060000e+01
3.220000e+02 6.090000e+01
3.225000e+02 6.120000e+01
3.230000e+02 6.180000e+01
3.235000e+02 6.240000e+01
3.245000e+02 6.300000e+01
3.255000e+02 6.360000e+01
3.257500e+02 6.390000e+01
3.260000e+02 6.420000e+01
3.265000e+02 6.480000e+01
3.270000e+02 6.540000e+01
3.282500e+02 6.690000e+01
3.295000e+02 6.840000e+01
3.302500e+02 6.930000e+01
3.310000e+02 7.020000e+01
3.320000e+02 7.140000e+01
3.330000e+02 7.260000e+01
3.335000e+02 7.290000e+01
3.340000e+02 7.320000e+01
3.352500e+02 7.500000e+01
3.365000e+02 7.680000e+01
3.375000e+02 7.800000e+01
3.385000e+02 7.920000e+01
3.392500e+02 8.070000e+01
3.400000e+02 8.220000e+01
3.410000e+02 8.370000e+01
3.420000e+02 8.520000e+01
3.430000e+02 8.640000e+01
3.440000e+02 8.760000e+01
3.460000e+02 9.060000e+01
3.475000e+02 9.300000e+01
3.485000e+02 9.420000e+01
3.515000e+02 9.840000e+01
3.520000e+02 9.960000e+01
3.555000e+02 1.044000e+02
3.580000e+02 1.068000e+02
3.605000e+02 1.098000e+02
3.625000e+02 1.128000e+02
3.650000e+02 1.164000e+02
3.680000e+02 1.194000e+02
3.710000e+02 1.224000e+02
3.735000e+02 1.254000e+02
3.760000e+02 1.290000e+02
3.790000e+02 1.326000e+02
3.830000e+02 1.374000e+02
3.845000e+02 1.392000e+02
3.870000e+02 1.422000e+02
3.915000e+02 1.476000e+02
3.930000e+02 1.494000e+02
3.955000e+02 1.524000e+02
3.985000e+02 1.560000e+02
4.020000e+02 1.614000e+02
4.040000e+02 1.632000e+02
4.085000e+02 1.686000e+02
4.095000e+02 1.704000e+02
4.140000e+02 1.764000e+02
4.170000e+02 1.800000e+02
4.200000e+02 1.836000e+02
4.230000e+02 1.878000e+02
4.260000e+02 1.914000e+02
4.285000e+02 1.950000e+02
4.315000e+02 1.980000e+02
4.340000e+02 2.016000e+02
4.365000e+02 2.052000e+02
4.385000e+02 2.082000e+02
4.410000e+02 2.112000e+02
4.440000e+02 2.154000e+02
4.450000e+02 2.166000e+02
4.480000e+02 2.208000e+02
4.505000e+02 2.244000e+02
4.525000e+02 2.274000e+02
4.540000e+02 2.292000e+02
4.555000e+02 2.316000e+02
4.565000e+02 2.334000e+02
4.575000e+02 2.352000e+02
4.585000e+02 2.364000e+02
4.590000e+02 2.376000e+02
4.600000e+02 2.388000e+02
4.605000e+02 2.400000e+02
4.610000e+02 2.412000e+02
4.615000e+02 2.418000e+02
4.620000e+02 2.424000e+02
4.620000e+02 2.436000e+02
4.625000e+02 2.442000e+02
4.630000e+02 2.454000e+02
4.635000e+02 2.460000e+02
4.640000e+02 2.478000e+02
4.640000e+02 2.478000e+02
2.120000e+02 3.288000e+02
2.120000e+02 3.288000e+02
2.120000e+02 3.288000e+02
2.122500e+02 3.279000e+02
2.125000e+02 3.270000e+02
2.130000e+02 3.258000e+02
2.135000e+02 3.246000e+02
2.140000e+02 3.225000e+02
2.145000e+02 3.204000e+02
2.152500e+02 3.183000e+02
2.160000e+02 3.162000e+02
2.170000e+02 3.138000e+02
2.180000e+02 3.114000e+02
2.190000e+02 3.087000e+02
2.200000e+02 3.060000e+02
2.212500e+02 3.033000e+02
2.225000e+02 3.006000e+02
2.237500e+02 2.964000e+02
2.250000e+02 2.922000e+02
2.262500e+02 2.892000e+02
2.275000e+02 2.862000e+02
2.287500e+02 2.835000e+02
2.300000e+02 2.808000e+02
2.315000e+02 2.775000e+02
2.330000e+02 2.742000e+02
2.342500e+02 2.712000e+02
2.355000e+02 2.682000e+02
2.367500e+02 2.655000e+02
2.380000e+02 2.628000e+02
2.392500e+02 2.595000e+02
2.405000e+02 2.562000e+02
2.417500e+02 2.532000e+02
2.430000e+02 2.502000e+02
2.445000e+02 2.466000e+02
2.460000e+02 2.430000e+02
2.475000e+02 2.394000e+02
2.490000e+02 2.358000e+02
2.502500e+02 2.322000e+02
2.515000e+02 2.286000e+02
2.530000e+02 2.250000e+02
2.545000e+02 2.214000e+02
2.560000e+02 2.175000e+02
2.575000e+02 2.136000e+02
2.590000e+02 2.100000e+02
2.605000e+02 2.064000e+02
2.620000e+02 2.028000e+02
2.635000e+02 1.992000e+02
2.655000e+02 1.938000e+02
2.675000e+02 1.884000e+02
2.690000e+02 1.848000e+02
2.705000e+02 1.812000e+02
2.710000e+02 1.794000e+02
2.715000e+02 1.776000e+02
2.730000e+02 1.740000e+02
2.745000e+02 1.704000e+02
2.762500e+02 1.653000e+02
2.780000e+02 1.602000e+02
2.795000e+02 1.566000e+02
2.810000e+02 1.530000e+02
2.820000e+02 1.500000e+02
2.830000e+02 1.470000e+02
2.842500e+02 1.437000e+02
2.855000e+02 1.404000e+02
2.867500e+02 1.368000e+02
2.880000e+02 1.332000e+02
2.890000e+02 1.302000e+02
2.900000e+02 1.272000e+02
2.910000e+02 1.239000e+02
2.920000e+02 1.206000e+02
2.930000e+02 1.176000e+02
2.940000e+02 1.146000e+02
2.950000e+02 1.116000e+02
2.960000e+02 1.086000e+02
2.970000e+02 1.059000e+02
2.980000e+02 1.032000e+02
2.987500e+02 1.008000e+02
2.995000e+02 9.840000e+01
3.005000e+02 9.600000e+01
3.015000e+02 9.360000e+01
3.022500e+02 9.150000e+01
3.030000e+02 8.940000e+01
3.040000e+02 8.730000e+01
3.050000e+02 8.520000e+01
3.057500e+02 8.310000e+01
3.065000e+02 8.100000e+01
3.077500e+02 7.800000e+01
3.090000e+02 7.500000e+01
3.100000e+02 7.350000e+01
3.110000e+02 7.200000e+01
3.115000e+02 7.050000e+01
3.120000e+02 6.900000e+01
3.127500e+02 6.780000e+01
3.135000e+02 6.660000e+01
3.137500e+02 6.570000e+01
3.140000e+02 6.480000e+01
3.145000e+02 6.390000e+01
3.150000e+02 6.300000e+01
3.155000e+02 6.270000e+01
3.160000e+02 6.240000e+01
3.162500e+02 6.210000e+01
3.165000e+02 6.180000e+01
3.170000e+02 6.150000e+01
3.175000e+02 6.120000e+01
3.177500e+02 6.090000e+01
3.180000e+02 6.060000e+01
3.185000e+02 6.030000e+01
3.190000e+02 6.000000e+01
3.195000e+02 6.000000e+01
3.200000e+02 6.000000e+01
3.205000e+02 6.030000e+01
3.210000e+02 6.060000e+01
3.212500e+02 6.060000e+01
3.215000e+02 6.060000e+01
3.220000e+02 6.090000e+01
3.225000e+02 6.120000e+01
3.230000e+02 6.180000e+01
3.235000e+02 6.240000e+01
3.245000e+02 6.300000e+01
3.255000e+02 6.360000e+01
3.257500e+02 6.390000e+01
3.260000e+02 6.420000e+01
3.265000e+02 6.480000e+01
3.270000e+02 6.540000e+01
3.282500e+02 6.690000e+01
3.295000e+02 6.840000e+01
3.302500e+02 6.930000e+01
3.310000e+02 7.020000e+01
3.320000e+02 7.140000e+01
3.330000e+02 7.260000e+01
3.335000e+02 7.290000e+01
3.340000e+02 7.320000e+01
3.352500e+02 7.500000e+01
3.365000e+02 7.680000e+01
3.375000e+02 7.800000e+01
3.385000e+02 7.920000e+01
3.392500e+02 8.070000e+01
3.400000e+02 8.220000e+01
3.410000e+02 8.370000e+01
3.420000e+02 8.520000e+01
3.430000e+02 8.640000e+01
3.440000e+02 8.760000e+01
3.460000e+02 9.060000e+01
3.475000e+02 9.300000e+01
3.485000e+02 9.420000e+01
3.515000e+02 9.840000e+01
3.520000e+02 9.960000e+01
3.555000e+02 1.044000e+02
3.580000e+02 1.068000e+02
3.605000e+02 1.098000e+02
3.625000e+02 1.128000e+02
3.650000e+02 1.164000e+02
3.680000e+02 1.194000e+02
3.710000e+02 1.224000e+02
3.735000e+02 1.254000e+02
3.760000e+02 1.290000e+02
3.790000e+02 1.326000e+02
3.830000e+02 1.374000e+02
3.845000e+02 1.392000e+02
3.870000e+02 1.422000e+02
3.915000e+02 1.476000e+02
3.930000e+02 1.494000e+02
3.955000e+02 1.524000e+02
3.985000e+02 1.560000e+02
4.020000e+02 1.614000e+02
4.040000e+02 1.632000e+02
4.085000e+02 1.686000e+02
4.095000e+02 1.704000e+02
4.140000e+02 1.764000e+02
4.170000e+02 1.800000e+02
4.200000e+02 1.836000e+02
4.230000e+02 1.878000e+02
4.260000e+02 1.914000e+02
4.285000e+02 1.950000e+02
4.315000e+02 1.980000e+02
4.340000e+02 2.016000e+02
4.365000e+02 2.052000e+02
4.385000e+02 2.082000e+02
4.410000e+02 2.112000e+02
4.440000e+02 2.154000e+02
4.450000e+02 2.166000e+02
4.480000e+02 2.208000e+02
4.505000e+02 2.244000e+02
4.525000e+02 2.274000e+02
4.540000e+02 2.292000e+02
4.555000e+02 2.316000e+02
4.565000e+02 2.334000e+02
4.575000e+02 2.352000e+02
4.585000e+02 2.364000e+02
4.590000e+02 2.376000e+02
4.600000e+02 2.388000e+02
4.605000e+02 2.400000e+02
4.610000e+02 2.412000e+02
4.615000e+02 2.418000e+02
4.620000e+02 2.424000e+02
4.620000e+02 2.436000e+02
4.625000e+02 2.442000e+02
4.630000e+02 2.454000e+02
4.635000e+02 2.460000e+02
4.640000e+02 2.478000e+02
4.640000e+02 2.478000e+02
