2.430000e+02 1.470000e+02
2.430000e+02 1.470000e+02
2.430000e+02 1.470000e+02
2.432500e+02 1.479000e+02
2.435000e+02 1.488000e+02
2.435000e+02 1.491000e+02
2.435000e+02 1.494000e+02
2.437500e+02 1.506000e+02
2.440000e+02 1.518000e+02
2.445000e+02 1.536000e+02
2.450000e+02 1.554000e+02
2.457500e+02 1.578000e+02
2.465000e+02 1.602000e+02
2.470000e+02 1.611000e+02
2.475000e+02 1.620000e+02
2.487500e+02 1.650000e+02
2.500000e+02 1.680000e+02
2.505000e+02 1.695000e+02
2.510000e+02 1.710000e+02
2.520000e+02 1.740000e+02
2.530000e+02 1.770000e+02
2.540000e+02 1.809000e+02
2.550000e+02 1.848000e+02
2.560000e+02 1.887000e+02
2.570000e+02 1.926000e+02
2.580000e+02 1.965000e+02
2.590000e+02 2.004000e+02
2.597500e+02 2.025000e+02
2.605000e+02 2.046000e+02
2.617500e+02 2.091000e+02
2.630000e+02 2.136000e+02
2.645000e+02 2.184000e+02
2.660000e+02 2.232000e+02
2.665000e+02 2.256000e+02
2.670000e+02 2.280000e+02
2.685000e+02 2.331000e+02
2.700000e+02 2.382000e+02
2.717500e+02 2.430000e+02
2.735000e+02 2.478000e+02
2.742500e+02 2.505000e+02
2.750000e+02 2.532000e+02
2.767500e+02 2.577000e+02
2.785000e+02 2.622000e+02
2.800000e+02 2.667000e+02
2.815000e+02 2.712000e+02
2.832500e+02 2.757000e+02
2.850000e+02 2.802000e+02
2.867500e+02 2.850000e+02
2.885000e+02 2.898000e+02
2.900000e+02 2.955000e+02
2.915000e+02 3.012000e+02
2.925000e+02 3.039000e+02
2.935000e+02 3.066000e+02
2.950000e+02 3.123000e+02
2.965000e+02 3.180000e+02
2.980000e+02 3.228000e+02
2.995000e+02 3.276000e+02
3.002500e+02 3.300000e+02
3.010000e+02 3.324000e+02
3.022500e+02 3.366000e+02
3.035000e+02 3.408000e+02
3.047500e+02 3.453000e+02
3.060000e+02 3.498000e+02
3.070000e+02 3.534000e+02
3.080000e+02 3.570000e+02
3.085000e+02 3.588000e+02
3.090000e+02 3.606000e+02
3.097500e+02 3.624000e+02
3.105000e+02 3.642000e+02
3.115000e+02 3.675000e+02
3.125000e+02 3.708000e+02
3.132500e+02 3.732000e+02
3.140000e+02 3.756000e+02
3.147500e+02 3.774000e+02
3.155000e+02 3.792000e+02
3.157500e+02 3.807000e+02
3.160000e+02 3.822000e+02
3.162500e+02 3.828000e+02
3.165000e+02 3.834000e+02
3.165000e+02 3.840000e+02
3.165000e+02 3.846000e+02
3.165000e+02 3.849000e+02
3.165000e+02 3.852000e+02
3.165000e+02 3.858000e+02
3.165000e+02 3.864000e+02
3.165000e+02 3.867000e+02
3.165000e+02 3.870000e+02
3.160000e+02 3.876000e+02
3.155000e+02 3.882000e+02
3.147500e+02 3.885000e+02
3.140000e+02 3.888000e+02
3.135000e+02 3.888000e+02
3.130000e+02 3.888000e+02
3.120000e+02 3.891000e+02
3.110000e+02 3.894000e+02
3.095000e+02 3.894000e+02
3.080000e+02 3.894000e+02
3.072500e+02 3.894000e+02
3.065000e+02 3.894000e+02
3.045000e+02 3.897000e+02
3.025000e+02 3.900000e+02
3.005000e+02 3.903000e+02
2.985000e+02 3.906000e+02
2.975000e+02 3.906000e+02
2.965000e+02 3.906000e+02
2.942500e+02 3.912000e+02
2.920000e+02 3.918000e+02
2.895000e+02 3.924000e+02
2.870000e+02 3.930000e+02
2.845000e+02 3.936000e+02
2.820000e+02 3.942000e+02
2.795000e+02 3.948000e+02
2.770000e+02 3.954000e+02
2.760000e+02 3.957000e+02
2.750000e+02 3.960000e+02
2.730000e+02 3.966000e+02
2.710000e+02 3.972000e+02
2.695000e+02 3.975000e+02
2.680000e+02 3.978000e+02
2.672500e+02 3.981000e+02
2.665000e+02 3.984000e+02
2.657500e+02 3.984000e+02
2.650000e+02 3.984000e+02
2.647500e+02 3.987000e+02
2.645000e+02 3.990000e+02
2.640000e+02 3.990000e+02
2.635000e+02 3.990000e+02
2.632500e+02 3.987000e+02
2.630000e+02 3.984000e+02
2.630000e+02 3.984000e+02
2.630000e+02 3.984000e+02
2.632500e+02 3.981000e+02
2.635000e+02 3.978000e+02
2.640000e+02 3.969000e+02
2.645000e+02 3.960000e+02
2.647500e+02 3.954000e+02
2.650000e+02 3.948000e+02
2.670000e+02 3.918000e+02
2.680000e+02 3.900000e+02
2.710000e+02 3.870000e+02
2.725000e+02 3.858000e+02
2.755000e+02 3.816000e+02
2.790000e+02 3.768000e+02
2.825000e+02 3.720000e+02
2.865000e+02 3.666000e+02
2.900000e+02 3.612000e+02
2.920000e+02 3.582000e+02
2.965000e+02 3.516000e+02
3.005000e+02 3.456000e+02
3.025000e+02 3.420000e+02
3.065000e+02 3.348000e+02
3.110000e+02 3.276000e+02
3.160000e+02 3.198000e+02
3.210000e+02 3.114000e+02
3.260000e+02 3.024000e+02
3.285000e+02 2.982000e+02
3.340000e+02 2.886000e+02
3.365000e+02 2.832000e+02
3.425000e+02 2.724000e+02
3.485000e+02 2.616000e+02
3.515000e+02 2.556000e+02
3.575000e+02 2.454000e+02
3.630000e+02 2.352000e+02
3.655000e+02 2.304000e+02
3.710000e+02 2.214000e+02
3.760000e+02 2.124000e+02
3.810000e+02 2.034000e+02
3.835000e+02 1.998000e+02
3.880000e+02 1.914000e+02
3.925000e+02 1.836000e+02
3.970000e+02 1.758000e+02
4.010000e+02 1.680000e+02
4.050000e+02 1.620000e+02
4.070000e+02 1.584000e+02
4.105000e+02 1.524000e+02
4.140000e+02 1.464000e+02
4.155000e+02 1.434000e+02
4.180000e+02 1.380000e+02
4.205000e+02 1.332000e+02
4.230000e+02 1.290000e+02
4.240000e+02 1.272000e+02
4.265000e+02 1.230000e+02
4.280000e+02 1.200000e+02
4.285000e+02 1.188000e+02
4.300000e+02 1.164000e+02
4.310000e+02 1.140000e+02
4.315000e+02 1.128000e+02
4.320000e+02 1.122000e+02
4.325000e+02 1.116000e+02
4.330000e+02 1.110000e+02
4.335000e+02 1.104000e+02
4.335000e+02 1.098000e+02
4.335000e+02 1.098000e+02
4.335000e+02 1.098000e+02
4.335000e+02 1.092000e+02
4.335000e+02 1.092000e+02
4.330000e+02 1.092000e+02
4.320000e+02 1.086000e+02
4.310000e+02 1.080000e+02
4.310000e+02 1.080000e+02
