3.650000e+02 6.360000e+01
3.650000e+02 6.360000e+01
3.650000e+02 6.360000e+01
3.650000e+02 6.360000e+01
3.650000e+02 6.360000e+01
3.648750e+02 6.360000e+01
3.647500e+02 6.360000e+01
3.646250e+02 6.360000e+01
3.645000e+02 6.360000e+01
3.643750e+02 6.375000e+01
3.642500e+02 6.390000e+01
3.641250e+02 6.405000e+01
3.640000e+02 6.420000e+01
3.638750e+02 6.450000e+01
3.637500e+02 6.480000e+01
3.636250e+02 6.510000e+01
3.635000e+02 6.540000e+01
3.633750e+02 6.630000e+01
3.632500e+02 6.720000e+01
3.631250e+02 6.810000e+01
3.630000e+02 6.900000e+01
3.627500e+02 7.035000e+01
3.625000e+02 7.170000e+01
3.622500e+02 7.305000e+01
3.620000e+02 7.440000e+01
3.618750e+02 7.635000e+01
3.617500e+02 7.830000e+01
3.616250e+02 8.025000e+01
3.615000e+02 8.220000e+01
3.613750e+02 8.550000e+01
3.612500e+02 8.880000e+01
3.611250e+02 9.210000e+01
3.610000e+02 9.540000e+01
3.608750e+02 9.780000e+01
3.607500e+02 1.002000e+02
3.606250e+02 1.026000e+02
3.605000e+02 1.050000e+02
3.605000e+02 1.074000e+02
3.605000e+02 1.098000e+02
3.605000e+02 1.122000e+02
3.605000e+02 1.146000e+02
3.603750e+02 1.167000e+02
3.602500e+02 1.188000e+02
3.601250e+02 1.209000e+02
3.600000e+02 1.230000e+02
3.600000e+02 1.251000e+02
3.600000e+02 1.272000e+02
3.600000e+02 1.293000e+02
3.600000e+02 1.314000e+02
3.600000e+02 1.333500e+02
3.600000e+02 1.353000e+02
3.600000e+02 1.372500e+02
3.600000e+02 1.392000e+02
3.600000e+02 1.411500e+02
3.600000e+02 1.431000e+02
3.600000e+02 1.450500e+02
3.600000e+02 1.470000e+02
3.598750e+02 1.488000e+02
3.597500e+02 1.506000e+02
3.596250e+02 1.524000e+02
3.595000e+02 1.542000e+02
3.595000e+02 1.558500e+02
3.595000e+02 1.575000e+02
3.595000e+02 1.591500e+02
3.595000e+02 1.608000e+02
3.593750e+02 1.632000e+02
3.592500e+02 1.656000e+02
3.591250e+02 1.680000e+02
3.590000e+02 1.704000e+02
3.590000e+02 1.713000e+02
3.590000e+02 1.722000e+02
3.590000e+02 1.731000e+02
3.590000e+02 1.740000e+02
3.587500e+02 1.768500e+02
3.585000e+02 1.797000e+02
3.582500e+02 1.825500e+02
3.580000e+02 1.854000e+02
3.580000e+02 1.881000e+02
3.580000e+02 1.908000e+02
3.580000e+02 1.935000e+02
3.580000e+02 1.962000e+02
3.578750e+02 1.990500e+02
3.577500e+02 2.019000e+02
3.576250e+02 2.047500e+02
3.575000e+02 2.076000e+02
3.575000e+02 2.097000e+02
3.575000e+02 2.118000e+02
3.575000e+02 2.139000e+02
3.575000e+02 2.160000e+02
3.573750e+02 2.179500e+02
3.572500e+02 2.199000e+02
3.571250e+02 2.218500e+02
3.570000e+02 2.238000e+02
3.570000e+02 2.259000e+02
3.570000e+02 2.280000e+02
3.570000e+02 2.301000e+02
3.570000e+02 2.322000e+02
3.570000e+02 2.341500e+02
3.570000e+02 2.361000e+02
3.570000e+02 2.380500e+02
3.570000e+02 2.400000e+02
3.568750e+02 2.421000e+02
3.567500e+02 2.442000e+02
3.566250e+02 2.463000e+02
3.565000e+02 2.484000e+02
3.565000e+02 2.505000e+02
3.565000e+02 2.526000e+02
3.565000e+02 2.547000e+02
3.565000e+02 2.568000e+02
3.563750e+02 2.592000e+02
3.562500e+02 2.616000e+02
3.561250e+02 2.640000e+02
3.560000e+02 2.664000e+02
3.560000e+02 2.683500e+02
3.560000e+02 2.703000e+02
3.560000e+02 2.722500e+02
3.560000e+02 2.742000e+02
3.560000e+02 2.763000e+02
3.560000e+02 2.784000e+02
3.560000e+02 2.805000e+02
3.560000e+02 2.826000e+02
3.560000e+02 2.847000e+02
3.560000e+02 2.868000e+02
3.560000e+02 2.889000e+02
3.560000e+02 2.910000e+02
3.558750e+02 2.929500e+02
3.557500e+02 2.949000e+02
3.556250e+02 2.968500e+02
3.555000e+02 2.988000e+02
3.555000e+02 3.007500e+02
3.555000e+02 3.027000e+02
3.555000e+02 3.046500e+02
3.555000e+02 3.066000e+02
3.555000e+02 3.091500e+02
3.555000e+02 3.117000e+02
3.555000e+02 3.142500e+02
3.555000e+02 3.168000e+02
3.555000e+02 3.177000e+02
3.555000e+02 3.186000e+02
3.555000e+02 3.195000e+02
3.555000e+02 3.204000e+02
3.555000e+02 3.229500e+02
3.555000e+02 3.255000e+02
3.555000e+02 3.280500e+02
3.555000e+02 3.306000e+02
3.555000e+02 3.312000e+02
3.555000e+02 3.318000e+02
3.555000e+02 3.324000e+02
3.555000e+02 3.330000e+02
3.556250e+02 3.354000e+02
3.557500e+02 3.378000e+02
3.558750e+02 3.402000e+02
3.560000e+02 3.426000e+02
3.560000e+02 3.439500e+02
3.560000e+02 3.453000e+02
3.560000e+02 3.466500e+02
3.560000e+02 3.480000e+02
3.560000e+02 3.495000e+02
3.560000e+02 3.510000e+02
3.560000e+02 3.525000e+02
3.560000e+02 3.540000e+02
3.560000e+02 3.555000e+02
3.560000e+02 3.570000e+02
3.560000e+02 3.585000e+02
3.560000e+02 3.600000e+02
3.560000e+02 3.616500e+02
3.560000e+02 3.633000e+02
3.560000e+02 3.649500e+02
3.560000e+02 3.666000e+02
3.561250e+02 3.684000e+02
3.562500e+02 3.702000e+02
3.563750e+02 3.720000e+02
3.565000e+02 3.738000e+02
3.566250e+02 3.753000e+02
3.567500e+02 3.768000e+02
3.568750e+02 3.783000e+02
3.570000e+02 3.798000e+02
3.571250e+02 3.816000e+02
3.572500e+02 3.834000e+02
3.573750e+02 3.852000e+02
3.575000e+02 3.870000e+02
3.576250e+02 3.883500e+02
3.577500e+02 3.897000e+02
3.580000e+02 3.924000e+02
3.585000e+02 3.957000e+02
3.590000e+02 3.990000e+02
3.590000e+02 4.017000e+02
3.590000e+02 4.044000e+02
3.592500e+02 4.068000e+02
3.595000e+02 4.092000e+02
3.597500e+02 4.113000e+02
3.600000e+02 4.134000e+02
3.600000e+02 4.155000e+02
3.600000e+02 4.176000e+02
3.602500e+02 4.200000e+02
3.605000e+02 4.224000e+02
3.612500e+02 4.263000e+02
3.620000e+02 4.302000e+02
3.620000e+02 4.302000e+02
3.620000e+02 4.302000e+02
3.650000e+02 6.360000e+01
3.650000e+02 6.360000e+01
3.650000e+02 6.360000e+01
3.650000e+02 6.360000e+01
3.650000e+02 6.360000e+01
3.648750e+02 6.360000e+01
3.647500e+02 6.360000e+01
3.646250e+02 6.360000e+01
3.645000e+02 6.360000e+01
3.643750e+02 6.375000e+01
3.642500e+02 6.390000e+01
3.641250e+02 6.405000e+01
3.640000e+02 6.420000e+01
3.638750e+02 6.450000e+01
3.637500e+02 6.480000e+01
3.636250e+02 6.510000e+01
3.635000e+02 6.540000e+01
3.633750e+02 6.630000e+01
3.632500e+02 6.720000e+01
3.631250e+02 6.810000e+01
3.630000e+02 6.900000e+01
3.627500e+02 7.035000e+01
3.625000e+02 7.170000e+01
3.622500e+02 7.305000e+01
3.620000e+02 7.440000e+01
3.618750e+02 7.635000e+01
3.617500e+02 7.830000e+01
3.616250e+02 8.025000e+01
3.615000e+02 8.220000e+01
3.613750e+02 8.550000e+01
3.612500e+02 8.880000e+01
3.611250e+02 9.210000e+01
3.610000e+02 9.540000e+01
3.608750e+02 9.780000e+01
3.607500e+02 1.002000e+02
3.606250e+02 1.026000e+02
3.605000e+02 1.050000e+02
3.605000e+02 1.074000e+02
3.605000e+02 1.098000e+02
3.605000e+02 1.122000e+02
3.605000e+02 1.146000e+02
3.603750e+02 1.167000e+02
3.602500e+02 1.188000e+02
3.601250e+02 1.209000e+02
3.600000e+02 1.230000e+02
3.600000e+02 1.251000e+02
3.600000e+02 1.272000e+02
3.600000e+02 1.293000e+02
3.600000e+02 1.314000e+02
3.600000e+02 1.333500e+02
3.600000e+02 1.353000e+02
3.600000e+02 1.372500e+02
3.600000e+02 1.392000e+02
3.600000e+02 1.411500e+02
3.600000e+02 1.431000e+02
3.600000e+02 1.450500e+02
3.600000e+02 1.470000e+02
3.598750e+02 1.488000e+02
3.597500e+02 1.506000e+02
3.596250e+02 1.524000e+02
3.595000e+02 1.542000e+02
3.595000e+02 1.558500e+02
3.595000e+02 1.575000e+02
3.595000e+02 1.591500e+02
3.595000e+02 1.608000e+02
3.593750e+02 1.632000e+02
3.592500e+02 1.656000e+02
3.591250e+02 1.680000e+02
3.590000e+02 1.704000e+02
3.590000e+02 1.713000e+02
3.590000e+02 1.722000e+02
3.590000e+02 1.731000e+02
3.590000e+02 1.740000e+02
3.587500e+02 1.768500e+02
3.585000e+02 1.797000e+02
3.582500e+02 1.825500e+02
3.580000e+02 1.854000e+02
3.580000e+02 1.881000e+02
3.580000e+02 1.908000e+02
3.580000e+02 1.935000e+02
3.580000e+02 1.962000e+02
3.578750e+02 1.990500e+02
3.577500e+02 2.019000e+02
3.576250e+02 2.047500e+02
3.575000e+02 2.076000e+02
3.575000e+02 2.097000e+02
3.575000e+02 2.118000e+02
3.575000e+02 2.139000e+02
3.575000e+02 2.160000e+02
3.573750e+02 2.179500e+02
3.572500e+02 2.199000e+02
3.571250e+02 2.218500e+02
3.570000e+02 2.238000e+02
3.570000e+02 2.259000e+02
3.570000e+02 2.280000e+02
3.570000e+02 2.301000e+02
3.570000e+02 2.322000e+02
3.570000e+02 2.341500e+02
3.570000e+02 2.361000e+02
3.570000e+02 2.380500e+02
3.570000e+02 2.400000e+02
3.568750e+02 2.421000e+02
3.567500e+02 2.442000e+02
3.566250e+02 2.463000e+02
3.565000e+02 2.484000e+02
3.565000e+02 2.505000e+02
3.565000e+02 2.526000e+02
3.565000e+02 2.547000e+02
3.565000e+02 2.568000e+02
3.563750e+02 2.592000e+02
3.562500e+02 2.616000e+02
3.561250e+02 2.640000e+02
3.560000e+02 2.664000e+02
3.560000e+02 2.683500e+02
3.560000e+02 2.703000e+02
3.560000e+02 2.722500e+02
3.560000e+02 2.742000e+02
3.560000e+02 2.763000e+02
3.560000e+02 2.784000e+02
3.560000e+02 2.805000e+02
3.560000e+02 2.826000e+02
3.560000e+02 2.847000e+02
3.560000e+02 2.868000e+02
3.560000e+02 2.889000e+02
3.560000e+02 2.910000e+02
3.558750e+02 2.929500e+02
3.557500e+02 2.949000e+02
3.556250e+02 2.968500e+02
3.555000e+02 2.988000e+02
3.555000e+02 3.007500e+02
3.555000e+02 3.027000e+02
3.555000e+02 3.046500e+02
3.555000e+02 3.066000e+02
3.555000e+02 3.091500e+02
3.555000e+02 3.117000e+02
3.555000e+02 3.142500e+02
3.555000e+02 3.168000e+02
3.555000e+02 3.177000e+02
3.555000e+02 3.186000e+02
3.555000e+02 3.195000e+02
3.555000e+02 3.204000e+02
3.555000e+02 3.229500e+02
3.555000e+02 3.255000e+02
3.555000e+02 3.280500e+02
3.555000e+02 3.306000e+02
3.555000e+02 3.312000e+02
3.555000e+02 3.318000e+02
3.555000e+02 3.324000e+02
3.555000e+02 3.330000e+02
3.556250e+02 3.354000e+02
3.557500e+02 3.378000e+02
3.558750e+02 3.402000e+02
3.560000e+02 3.426000e+02
3.560000e+02 3.439500e+02
3.560000e+02 3.453000e+02
3.560000e+02 3.466500e+02
3.560000e+02 3.480000e+02
3.560000e+02 3.495000e+02
3.560000e+02 3.510000e+02
3.560000e+02 3.525000e+02
3.560000e+02 3.540000e+02
3.560000e+02 3.555000e+02
3.560000e+02 3.570000e+02
3.560000e+02 3.585000e+02
3.560000e+02 3.600000e+02
3.560000e+02 3.616500e+02
3.560000e+02 3.633000e+02
3.560000e+02 3.649500e+02
3.560000e+02 3.666000e+02
3.561250e+02 3.684000e+02
3.562500e+02 3.702000e+02
3.563750e+02 3.720000e+02
3.565000e+02 3.738000e+02
3.566250e+02 3.753000e+02
3.567500e+02 3.768000e+02
3.568750e+02 3.783000e+02
3.570000e+02 3.798000e+02
3.571250e+02 3.816000e+02
3.572500e+02 3.834000e+02
3.573750e+02 3.852000e+02
3.575000e+02 3.870000e+02
3.576250e+02 3.883500e+02
3.577500e+02 3.897000e+02
3.580000e+02 3.924000e+02
3.585000e+02 3.957000e+02
3.590000e+02 3.990000e+02
3.590000e+02 4.017000e+02
3.590000e+02 4.044000e+02
3.592500e+02 4.068000e+02
3.595000e+02 4.092000e+02
3.597500e+02 4.113000e+02
3.600000e+02 4.134000e+02
3.600000e+02 4.155000e+02
3.600000e+02 4.176000e+02
3.602500e+02 4.200000e+02
3.605000e+02 4.224000e+02
3.612500e+02 4.263000e+02
3.620000e+02 4.302000e+02
3.620000e+02 4.302000e+02
3.620000e+02 4.302000e+02
3.650000e+02 6.360000e+01
3.650000e+02 6.360000e+01
3.650000e+02 6.360000e+01
3.650000e+02 6.360000e+01
3.650000e+02 6.360000e+01
3.648750e+02 6.360000e+01
3.647500e+02 6.360000e+01
3.646250e+02 6.360000e+01
3.645000e+02 6.360000e+01
3.643750e+02 6.375000e+01
3.642500e+02 6.390000e+01
3.641250e+02 6.405000e+01
3.640000e+02 6.420000e+01
3.638750e+02 6.450000e+01
3.637500e+02 6.480000e+01
3.636250e+02 6.510000e+01
3.635000e+02 6.540000e+01
3.633750e+02 6.630000e+01
3.632500e+02 6.720000e+01
3.631250e+02 6.810000e+01
3.630000e+02 6.900000e+01
3.627500e+02 7.035000e+01
3.625000e+02 7.170000e+01
3.622500e+02 7.305000e+01
3.620000e+02 7.440000e+01
3.618750e+02 7.635000e+01
3.617500e+02 7.830000e+01
3.616250e+02 8.025000e+01
3.615000e+02 8.220000e+01
3.613750e+02 8.550000e+01
3.612500e+02 8.880000e+01
3.611250e+02 9.210000e+01
3.610000e+02 9.540000e+01
3.608750e+02 9.780000e+01
3.607500e+02 1.002000e+02
3.606250e+02 1.026000e+02
3.605000e+02 1.050000e+02
3.605000e+02 1.074000e+02
3.605000e+02 1.098000e+02
3.605000e+02 1.122000e+02
3.605000e+02 1.146000e+02
3.603750e+02 1.167000e+02
3.602500e+02 1.188000e+02
3.601250e+02 1.209000e+02
3.600000e+02 1.230000e+02
3.600000e+02 1.251000e+02
3.600000e+02 1.272000e+02
3.600000e+02 1.293000e+02
3.600000e+02 1.314000e+02
3.600000e+02 1.333500e+02
3.600000e+02 1.353000e+02
3.600000e+02 1.372500e+02
3.600000e+02 1.392000e+02
3.600000e+02 1.411500e+02
3.600000e+02 1.431000e+02
3.600000e+02 1.450500e+02
3.600000e+02 1.470000e+02
3.598750e+02 1.488000e+02
3.597500e+02 1.506000e+02
3.596250e+02 1.524000e+02
3.595000e+02 1.542000e+02
3.595000e+02 1.558500e+02
3.595000e+02 1.575000e+02
3.595000e+02 1.591500e+02
3.595000e+02 1.608000e+02
3.593750e+02 1.632000e+02
3.592500e+02 1.656000e+02
3.591250e+02 1.680000e+02
3.590000e+02 1.704000e+02
3.590000e+02 1.713000e+02
3.590000e+02 1.722000e+02
3.590000e+02 1.731000e+02
3.590000e+02 1.740000e+02
3.587500e+02 1.768500e+02
3.585000e+02 1.797000e+02
3.582500e+02 1.825500e+02
3.580000e+02 1.854000e+02
3.580000e+02 1.881000e+02
3.580000e+02 1.908000e+02
3.580000e+02 1.935000e+02
3.580000e+02 1.962000e+02
3.578750e+02 1.990500e+02
3.577500e+02 2.019000e+02
3.576250e+02 2.047500e+02
3.575000e+02 2.076000e+02
3.575000e+02 2.097000e+02
3.575000e+02 2.118000e+02
3.575000e+02 2.139000e+02
3.575000e+02 2.160000e+02
3.573750e+02 2.179500e+02
3.572500e+02 2.199000e+02
3.571250e+02 2.218500e+02
3.570000e+02 2.238000e+02
3.570000e+02 2.259000e+02
3.570000e+02 2.280000e+02
3.570000e+02 2.301000e+02
3.570000e+02 2.322000e+02
3.570000e+02 2.341500e+02
3.570000e+02 2.361000e+02
3.570000e+02 2.380500e+02
3.570000e+02 2.400000e+02
3.568750e+02 2.421000e+02
3.567500e+02 2.442000e+02
3.566250e+02 2.463000e+02
3.565000e+02 2.484000e+02
3.565000e+02 2.505000e+02
3.565000e+02 2.526000e+02
3.565000e+02 2.547000e+02
3.565000e+02 2.568000e+02
3.563750e+02 2.592000e+02
3.562500e+02 2.616000e+02
3.561250e+02 2.640000e+02
3.560000e+02 2.664000e+02
3.560000e+02 2.683500e+02
3.560000e+02 2.703000e+02
3.560000e+02 2.722500e+02
3.560000e+02 2.742000e+02
3.560000e+02 2.763000e+02
3.560000e+02 2.784000e+02
3.560000e+02 2.805000e+02
3.560000e+02 2.826000e+02
3.560000e+02 2.847000e+02
3.560000e+02 2.868000e+02
3.560000e+02 2.889000e+02
3.560000e+02 2.910000e+02
3.558750e+02 2.929500e+02
3.557500e+02 2.949000e+02
3.556250e+02 2.968500e+02
3.555000e+02 2.988000e+02
3.555000e+02 3.007500e+02
3.555000e+02 3.027000e+02
3.555000e+02 3.046500e+02
3.555000e+02 3.066000e+02
3.555000e+02 3.091500e+02
3.555000e+02 3.117000e+02
3.555000e+02 3.142500e+02
3.555000e+02 3.168000e+02
3.555000e+02 3.177000e+02
3.555000e+02 3.186000e+02
3.555000e+02 3.195000e+02
3.555000e+02 3.204000e+02
3.555000e+02 3.229500e+02
3.555000e+02 3.255000e+02
3.555000e+02 3.280500e+02
3.555000e+02 3.306000e+02
3.555000e+02 3.312000e+02
3.555000e+02 3.318000e+02
3.555000e+02 3.324000e+02
3.555000e+02 3.330000e+02
3.556250e+02 3.354000e+02
3.557500e+02 3.378000e+02
3.558750e+02 3.402000e+02
3.560000e+02 3.426000e+02
3.560000e+02 3.439500e+02
3.560000e+02 3.453000e+02
3.560000e+02 3.466500e+02
3.560000e+02 3.480000e+02
3.560000e+02 3.495000e+02
3.560000e+02 3.510000e+02
3.560000e+02 3.525000e+02
3.560000e+02 3.540000e+02
3.560000e+02 3.555000e+02
3.560000e+02 3.570000e+02
3.560000e+02 3.585000e+02
3.560000e+02 3.600000e+02
3.560000e+02 3.616500e+02
3.560000e+02 3.633000e+02
3.560000e+02 3.649500e+02
3.560000e+02 3.666000e+02
3.561250e+02 3.684000e+02
3.562500e+02 3.702000e+02
3.563750e+02 3.720000e+02
3.565000e+02 3.738000e+02
3.566250e+02 3.753000e+02
3.567500e+02 3.768000e+02
3.568750e+02 3.783000e+02
3.570000e+02 3.798000e+02
3.571250e+02 3.816000e+02
3.572500e+02 3.834000e+02
3.573750e+02 3.852000e+02
3.575000e+02 3.870000e+02
3.576250e+02 3.883500e+02
3.577500e+02 3.897000e+02
3.580000e+02 3.924000e+02
3.585000e+02 3.957000e+02
3.590000e+02 3.990000e+02
3.590000e+02 4.017000e+02
3.590000e+02 4.044000e+02
3.592500e+02 4.068000e+02
3.595000e+02 4.092000e+02
3.597500e+02 4.113000e+02
3.600000e+02 4.134000e+02
3.600000e+02 4.155000e+02
3.600000e+02 4.176000e+02
3.602500e+02 4.200000e+02
3.605000e+02 4.224000e+02
3.612500e+02 4.263000e+02
3.620000e+02 4.302000e+02
3.620000e+02 4.302000e+02
3.620000e+02 4.302000e+02
