1.200000e+02 1.116000e+02
1.200000e+02 1.116000e+02
1.200000e+02 1.116000e+02
1.215000e+02 1.125000e+02
1.230000e+02 1.134000e+02
1.255000e+02 1.152000e+02
1.280000e+02 1.170000e+02
1.305000e+02 1.191000e+02
1.330000e+02 1.212000e+02
1.360000e+02 1.239000e+02
1.390000e+02 1.266000e+02
1.425000e+02 1.296000e+02
1.460000e+02 1.326000e+02
1.497500e+02 1.359000e+02
1.535000e+02 1.392000e+02
1.577500e+02 1.434000e+02
1.620000e+02 1.476000e+02
1.682500e+02 1.539000e+02
1.745000e+02 1.602000e+02
1.810000e+02 1.674000e+02
1.875000e+02 1.746000e+02
1.945000e+02 1.824000e+02
2.015000e+02 1.902000e+02
2.067500e+02 1.959000e+02
2.120000e+02 2.016000e+02
2.167500e+02 2.067000e+02
2.215000e+02 2.118000e+02
2.267500e+02 2.172000e+02
2.320000e+02 2.226000e+02
2.372500e+02 2.277000e+02
2.425000e+02 2.328000e+02
2.475000e+02 2.379000e+02
2.525000e+02 2.430000e+02
2.582500e+02 2.487000e+02
2.640000e+02 2.544000e+02
2.690000e+02 2.598000e+02
2.740000e+02 2.652000e+02
2.790000e+02 2.703000e+02
2.840000e+02 2.754000e+02
2.912500e+02 2.826000e+02
2.985000e+02 2.898000e+02
3.015000e+02 2.925000e+02
3.045000e+02 2.952000e+02
3.117500e+02 3.021000e+02
3.190000e+02 3.090000e+02
3.255000e+02 3.153000e+02
3.320000e+02 3.216000e+02
3.357500e+02 3.252000e+02
3.395000e+02 3.288000e+02
3.430000e+02 3.318000e+02
3.465000e+02 3.348000e+02
3.502500e+02 3.384000e+02
3.540000e+02 3.420000e+02
3.565000e+02 3.444000e+02
3.590000e+02 3.468000e+02
3.625000e+02 3.498000e+02
3.660000e+02 3.528000e+02
3.670000e+02 3.537000e+02
3.680000e+02 3.546000e+02
3.695000e+02 3.561000e+02
3.710000e+02 3.576000e+02
3.722500e+02 3.588000e+02
3.735000e+02 3.600000e+02
3.742500e+02 3.609000e+02
3.750000e+02 3.618000e+02
3.755000e+02 3.624000e+02
3.760000e+02 3.630000e+02
3.765000e+02 3.633000e+02
3.770000e+02 3.636000e+02
3.772500e+02 3.639000e+02
3.775000e+02 3.642000e+02
3.775000e+02 3.645000e+02
3.775000e+02 3.648000e+02
3.777500e+02 3.648000e+02
3.780000e+02 3.648000e+02
3.780000e+02 3.648000e+02
3.780000e+02 3.648000e+02
3.780000e+02 3.648000e+02
3.780000e+02 3.648000e+02
3.777500e+02 3.648000e+02
3.775000e+02 3.648000e+02
3.772500e+02 3.648000e+02
3.770000e+02 3.648000e+02
3.767500e+02 3.645000e+02
3.765000e+02 3.642000e+02
3.747500e+02 3.639000e+02
3.730000e+02 3.636000e+02
3.710000e+02 3.630000e+02
3.690000e+02 3.624000e+02
3.642500e+02 3.618000e+02
3.595000e+02 3.612000e+02
3.535000e+02 3.606000e+02
3.475000e+02 3.600000e+02
3.397500e+02 3.591000e+02
3.320000e+02 3.582000e+02
3.270000e+02 3.579000e+02
3.220000e+02 3.576000e+02
3.162500e+02 3.570000e+02
3.105000e+02 3.564000e+02
3.050000e+02 3.561000e+02
2.995000e+02 3.558000e+02
2.935000e+02 3.555000e+02
2.875000e+02 3.552000e+02
2.812500e+02 3.552000e+02
2.750000e+02 3.552000e+02
2.682500e+02 3.555000e+02
2.615000e+02 3.558000e+02
2.542500e+02 3.564000e+02
2.470000e+02 3.570000e+02
2.392500e+02 3.579000e+02
2.315000e+02 3.588000e+02
2.237500e+02 3.597000e+02
2.160000e+02 3.606000e+02
2.050000e+02 3.624000e+02
1.940000e+02 3.642000e+02
1.905000e+02 3.648000e+02
1.870000e+02 3.654000e+02
1.795000e+02 3.666000e+02
1.720000e+02 3.678000e+02
1.645000e+02 3.693000e+02
1.570000e+02 3.708000e+02
1.505000e+02 3.720000e+02
1.440000e+02 3.732000e+02
1.382500e+02 3.744000e+02
1.325000e+02 3.756000e+02
1.277500e+02 3.765000e+02
1.230000e+02 3.774000e+02
1.190000e+02 3.780000e+02
1.150000e+02 3.786000e+02
1.107500e+02 3.792000e+02
1.065000e+02 3.798000e+02
1.055000e+02 3.801000e+02
1.045000e+02 3.804000e+02
1.017500e+02 3.804000e+02
9.900000e+01 3.804000e+02
9.800000e+01 3.804000e+02
9.700000e+01 3.804000e+02
9.625000e+01 3.804000e+02
9.550000e+01 3.804000e+02
9.500000e+01 3.804000e+02
9.450000e+01 3.804000e+02
9.425000e+01 3.804000e+02
9.400000e+01 3.804000e+02
9.375000e+01 3.801000e+02
9.350000e+01 3.798000e+02
9.350000e+01 3.798000e+02
9.350000e+01 3.798000e+02
9.350000e+01 3.795000e+02
9.350000e+01 3.792000e+02
9.350000e+01 3.789000e+02
9.350000e+01 3.786000e+02
9.350000e+01 3.783000e+02
9.350000e+01 3.780000e+02
9.450000e+01 3.762000e+02
9.600000e+01 3.750000e+02
1.025000e+02 3.690000e+02
1.115000e+02 3.600000e+02
1.200000e+02 3.534000e+02
1.290000e+02 3.450000e+02
1.390000e+02 3.372000e+02
1.510000e+02 3.264000e+02
1.625000e+02 3.174000e+02
1.735000e+02 3.078000e+02
1.860000e+02 2.982000e+02
1.995000e+02 2.880000e+02
2.145000e+02 2.760000e+02
2.300000e+02 2.640000e+02
2.380000e+02 2.568000e+02
2.550000e+02 2.424000e+02
2.710000e+02 2.292000e+02
2.890000e+02 2.148000e+02
3.040000e+02 2.034000e+02
3.260000e+02 1.878000e+02
3.330000e+02 1.830000e+02
3.475000e+02 1.728000e+02
3.620000e+02 1.626000e+02
3.735000e+02 1.554000e+02
3.865000e+02 1.470000e+02
3.975000e+02 1.404000e+02
4.090000e+02 1.332000e+02
4.200000e+02 1.266000e+02
4.300000e+02 1.206000e+02
4.385000e+02 1.146000e+02
4.455000e+02 1.098000e+02
4.515000e+02 1.056000e+02
4.590000e+02 1.002000e+02
4.605000e+02 9.840000e+01
4.655000e+02 9.480000e+01
4.675000e+02 9.360000e+01
4.685000e+02 9.240000e+01
4.690000e+02 9.180000e+01
4.690000e+02 9.180000e+01
4.695000e+02 9.120000e+01
4.695000e+02 9.120000e+01
4.695000e+02 9.060000e+01
4.695000e+02 9.060000e+01
4.695000e+02 9.060000e+01
4.695000e+02 9.120000e+01
4.695000e+02 9.120000e+01
4.695000e+02 9.120000e+01
1.200000e+02 1.116000e+02
1.200000e+02 1.116000e+02
1.200000e+02 1.116000e+02
1.215000e+02 1.125000e+02
1.230000e+02 1.134000e+02
1.255000e+02 1.152000e+02
1.280000e+02 1.170000e+02
1.305000e+02 1.191000e+02
1.330000e+02 1.212000e+02
1.360000e+02 1.239000e+02
1.390000e+02 1.266000e+02
1.425000e+02 1.296000e+02
1.460000e+02 1.326000e+02
1.497500e+02 1.359000e+02
1.535000e+02 1.392000e+02
1.577500e+02 1.434000e+02
1.620000e+02 1.476000e+02
1.682500e+02 1.539000e+02
1.745000e+02 1.602000e+02
1.810000e+02 1.674000e+02
1.875000e+02 1.746000e+02
1.945000e+02 1.824000e+02
2.015000e+02 1.902000e+02
2.067500e+02 1.959000e+02
2.120000e+02 2.016000e+02
2.167500e+02 2.067000e+02
2.215000e+02 2.118000e+02
2.267500e+02 2.172000e+02
2.320000e+02 2.226000e+02
2.372500e+02 2.277000e+02
2.425000e+02 2.328000e+02
2.475000e+02 2.379000e+02
2.525000e+02 2.430000e+02
2.582500e+02 2.487000e+02
2.640000e+02 2.544000e+02
2.690000e+02 2.598000e+02
2.740000e+02 2.652000e+02
2.790000e+02 2.703000e+02
2.840000e+02 2.754000e+02
2.912500e+02 2.826000e+02
2.985000e+02 2.898000e+02
3.015000e+02 2.925000e+02
3.045000e+02 2.952000e+02
3.117500e+02 3.021000e+02
3.190000e+02 3.090000e+02
3.255000e+02 3.153000e+02
3.320000e+02 3.216000e+02
3.357500e+02 3.252000e+02
3.395000e+02 3.288000e+02
3.430000e+02 3.318000e+02
3.465000e+02 3.348000e+02
3.502500e+02 3.384000e+02
3.540000e+02 3.420000e+02
3.565000e+02 3.444000e+02
3.590000e+02 3.468000e+02
3.625000e+02 3.498000e+02
3.660000e+02 3.528000e+02
3.670000e+02 3.537000e+02
3.680000e+02 3.546000e+02
3.695000e+02 3.561000e+02
3.710000e+02 3.576000e+02
3.722500e+02 3.588000e+02
3.735000e+02 3.600000e+02
3.742500e+02 3.609000e+02
3.750000e+02 3.618000e+02
3.755000e+02 3.624000e+02
3.760000e+02 3.630000e+02
3.765000e+02 3.633000e+02
3.770000e+02 3.636000e+02
3.772500e+02 3.639000e+02
3.775000e+02 3.642000e+02
3.775000e+02 3.645000e+02
3.775000e+02 3.648000e+02
3.777500e+02 3.648000e+02
3.780000e+02 3.648000e+02
3.780000e+02 3.648000e+02
3.780000e+02 3.648000e+02
3.780000e+02 3.648000e+02
3.780000e+02 3.648000e+02
3.777500e+02 3.648000e+02
3.775000e+02 3.648000e+02
3.772500e+02 3.648000e+02
3.770000e+02 3.648000e+02
3.767500e+02 3.645000e+02
3.765000e+02 3.642000e+02
3.747500e+02 3.639000e+02
3.730000e+02 3.636000e+02
3.710000e+02 3.630000e+02
3.690000e+02 3.624000e+02
3.642500e+02 3.618000e+02
3.595000e+02 3.612000e+02
3.535000e+02 3.606000e+02
3.475000e+02 3.600000e+02
3.397500e+02 3.591000e+02
3.320000e+02 3.582000e+02
3.270000e+02 3.579000e+02
3.220000e+02 3.576000e+02
3.162500e+02 3.570000e+02
3.105000e+02 3.564000e+02
3.050000e+02 3.561000e+02
2.995000e+02 3.558000e+02
2.935000e+02 3.555000e+02
2.875000e+02 3.552000e+02
2.812500e+02 3.552000e+02
2.750000e+02 3.552000e+02
2.682500e+02 3.555000e+02
2.615000e+02 3.558000e+02
2.542500e+02 3.564000e+02
2.470000e+02 3.570000e+02
2.392500e+02 3.579000e+02
2.315000e+02 3.588000e+02
2.237500e+02 3.597000e+02
2.160000e+02 3.606000e+02
2.050000e+02 3.624000e+02
1.940000e+02 3.642000e+02
1.905000e+02 3.648000e+02
1.870000e+02 3.654000e+02
1.795000e+02 3.666000e+02
1.720000e+02 3.678000e+02
1.645000e+02 3.693000e+02
1.570000e+02 3.708000e+02
1.505000e+02 3.720000e+02
1.440000e+02 3.732000e+02
1.382500e+02 3.744000e+02
1.325000e+02 3.756000e+02
1.277500e+02 3.765000e+02
1.230000e+02 3.774000e+02
1.190000e+02 3.780000e+02
1.150000e+02 3.786000e+02
1.107500e+02 3.792000e+02
1.065000e+02 3.798000e+02
1.055000e+02 3.801000e+02
1.045000e+02 3.804000e+02
1.017500e+02 3.804000e+02
9.900000e+01 3.804000e+02
9.800000e+01 3.804000e+02
9.700000e+01 3.804000e+02
9.625000e+01 3.804000e+02
9.550000e+01 3.804000e+02
9.500000e+01 3.804000e+02
9.450000e+01 3.804000e+02
9.425000e+01 3.804000e+02
9.400000e+01 3.804000e+02
9.375000e+01 3.801000e+02
9.350000e+01 3.798000e+02
9.350000e+01 3.798000e+02
9.350000e+01 3.798000e+02
9.350000e+01 3.795000e+02
9.350000e+01 3.792000e+02
9.350000e+01 3.789000e+02
9.350000e+01 3.786000e+02
9.350000e+01 3.783000e+02
9.350000e+01 3.780000e+02
9.450000e+01 3.762000e+02
9.600000e+01 3.750000e+02
1.025000e+02 3.690000e+02
1.115000e+02 3.600000e+02
1.200000e+02 3.534000e+02
1.290000e+02 3.450000e+02
1.390000e+02 3.372000e+02
1.510000e+02 3.264000e+02
1.625000e+02 3.174000e+02
1.735000e+02 3.078000e+02
1.860000e+02 2.982000e+02
1.995000e+02 2.880000e+02
2.145000e+02 2.760000e+02
2.300000e+02 2.640000e+02
2.380000e+02 2.568000e+02
2.550000e+02 2.424000e+02
2.710000e+02 2.292000e+02
2.890000e+02 2.148000e+02
3.040000e+02 2.034000e+02
3.260000e+02 1.878000e+02
3.330000e+02 1.830000e+02
3.475000e+02 1.728000e+02
3.620000e+02 1.626000e+02
3.735000e+02 1.554000e+02
3.865000e+02 1.470000e+02
3.975000e+02 1.404000e+02
4.090000e+02 1.332000e+02
4.200000e+02 1.266000e+02
4.300000e+02 1.206000e+02
4.385000e+02 1.146000e+02
4.455000e+02 1.098000e+02
4.515000e+02 1.056000e+02
4.590000e+02 1.002000e+02
4.605000e+02 9.840000e+01
4.655000e+02 9.480000e+01
4.675000e+02 9.360000e+01
4.685000e+02 9.240000e+01
4.690000e+02 9.180000e+01
4.690000e+02 9.180000e+01
4.695000e+02 9.120000e+01
4.695000e+02 9.120000e+01
4.695000e+02 9.060000e+01
4.695000e+02 9.060000e+01
4.695000e+02 9.060000e+01
4.695000e+02 9.120000e+01
4.695000e+02 9.120000e+01
4.695000e+02 9.120000e+01
1.200000e+02 1.116000e+02
1.200000e+02 1.116000e+02
1.200000e+02 1.116000e+02
1.215000e+02 1.125000e+02
1.230000e+02 1.134000e+02
1.255000e+02 1.152000e+02
1.280000e+02 1.170000e+02
1.305000e+02 1.191000e+02
1.330000e+02 1.212000e+02
1.360000e+02 1.239000e+02
1.390000e+02 1.266000e+02
1.425000e+02 1.296000e+02
1.460000e+02 1.326000e+02
1.497500e+02 1.359000e+02
1.535000e+02 1.392000e+02
1.577500e+02 1.434000e+02
1.620000e+02 1.476000e+02
1.682500e+02 1.539000e+02
1.745000e+02 1.602000e+02
1.810000e+02 1.674000e+02
1.875000e+02 1.746000e+02
1.945000e+02 1.824000e+02
2.015000e+02 1.902000e+02
2.067500e+02 1.959000e+02
2.120000e+02 2.016000e+02
2.167500e+02 2.067000e+02
2.215000e+02 2.118000e+02
2.267500e+02 2.172000e+02
2.320000e+02 2.226000e+02
2.372500e+02 2.277000e+02
2.425000e+02 2.328000e+02
2.475000e+02 2.379000e+02
2.525000e+02 2.430000e+02
2.582500e+02 2.487000e+02
2.640000e+02 2.544000e+02
2.690000e+02 2.598000e+02
2.740000e+02 2.652000e+02
2.790000e+02 2.703000e+02
2.840000e+02 2.754000e+02
2.912500e+02 2.826000e+02
2.985000e+02 2.898000e+02
3.015000e+02 2.925000e+02
3.045000e+02 2.952000e+02
3.117500e+02 3.021000e+02
3.190000e+02 3.090000e+02
3.255000e+02 3.153000e+02
3.320000e+02 3.216000e+02
3.357500e+02 3.252000e+02
3.395000e+02 3.288000e+02
3.430000e+02 3.318000e+02
3.465000e+02 3.348000e+02
3.502500e+02 3.384000e+02
3.540000e+02 3.420000e+02
3.565000e+02 3.444000e+02
3.590000e+02 3.468000e+02
3.625000e+02 3.498000e+02
3.660000e+02 3.528000e+02
3.670000e+02 3.537000e+02
3.680000e+02 3.546000e+02
3.695000e+02 3.561000e+02
3.710000e+02 3.576000e+02
3.722500e+02 3.588000e+02
3.735000e+02 3.600000e+02
3.742500e+02 3.609000e+02
3.750000e+02 3.618000e+02
3.755000e+02 3.624000e+02
3.760000e+02 3.630000e+02
3.765000e+02 3.633000e+02
3.770000e+02 3.636000e+02
3.772500e+02 3.639000e+02
3.775000e+02 3.642000e+02
3.775000e+02 3.645000e+02
3.775000e+02 3.648000e+02
3.777500e+02 3.648000e+02
3.780000e+02 3.648000e+02
3.780000e+02 3.648000e+02
3.780000e+02 3.648000e+02
3.780000e+02 3.648000e+02
3.780000e+02 3.648000e+02
3.777500e+02 3.648000e+02
3.775000e+02 3.648000e+02
3.772500e+02 3.648000e+02
3.770000e+02 3.648000e+02
3.767500e+02 3.645000e+02
3.765000e+02 3.642000e+02
3.747500e+02 3.639000e+02
3.730000e+02 3.636000e+02
3.710000e+02 3.630000e+02
3.690000e+02 3.624000e+02
3.642500e+02 3.618000e+02
3.595000e+02 3.612000e+02
3.535000e+02 3.606000e+02
3.475000e+02 3.600000e+02
3.397500e+02 3.591000e+02
3.320000e+02 3.582000e+02
3.270000e+02 3.579000e+02
3.220000e+02 3.576000e+02
3.162500e+02 3.570000e+02
3.105000e+02 3.564000e+02
3.050000e+02 3.561000e+02
2.995000e+02 3.558000e+02
2.935000e+02 3.555000e+02
2.875000e+02 3.552000e+02
2.812500e+02 3.552000e+02
2.750000e+02 3.552000e+02
2.682500e+02 3.555000e+02
2.615000e+02 3.558000e+02
2.542500e+02 3.564000e+02
2.470000e+02 3.570000e+02
2.392500e+02 3.579000e+02
2.315000e+02 3.588000e+02
2.237500e+02 3.597000e+02
2.160000e+02 3.606000e+02
2.050000e+02 3.624000e+02
1.940000e+02 3.642000e+02
1.905000e+02 3.648000e+02
1.870000e+02 3.654000e+02
1.795000e+02 3.666000e+02
1.720000e+02 3.678000e+02
1.645000e+02 3.693000e+02
1.570000e+02 3.708000e+02
1.505000e+02 3.720000e+02
1.440000e+02 3.732000e+02
1.382500e+02 3.744000e+02
1.325000e+02 3.756000e+02
1.277500e+02 3.765000e+02
1.230000e+02 3.774000e+02
1.190000e+02 3.780000e+02
1.150000e+02 3.786000e+02
1.107500e+02 3.792000e+02
1.065000e+02 3.798000e+02
1.055000e+02 3.801000e+02
1.045000e+02 3.804000e+02
1.017500e+02 3.804000e+02
9.900000e+01 3.804000e+02
9.800000e+01 3.804000e+02
9.700000e+01 3.804000e+02
9.625000e+01 3.804000e+02
9.550000e+01 3.804000e+02
9.500000e+01 3.804000e+02
9.450000e+01 3.804000e+02
9.425000e+01 3.804000e+02
9.400000e+01 3.804000e+02
9.375000e+01 3.801000e+02
9.350000e+01 3.798000e+02
9.350000e+01 3.798000e+02
9.350000e+01 3.798000e+02
9.350000e+01 3.795000e+02
9.350000e+01 3.792000e+02
9.350000e+01 3.789000e+02
9.350000e+01 3.786000e+02
9.350000e+01 3.783000e+02
9.350000e+01 3.780000e+02
9.450000e+01 3.762000e+02
9.600000e+01 3.750000e+02
1.025000e+02 3.690000e+02
1.115000e+02 3.600000e+02
1.200000e+02 3.534000e+02
1.290000e+02 3.450000e+02
1.390000e+02 3.372000e+02
1.510000e+02 3.264000e+02
1.625000e+02 3.174000e+02
1.735000e+02 3.078000e+02
1.860000e+02 2.982000e+02
1.995000e+02 2.880000e+02
2.145000e+02 2.760000e+02
2.300000e+02 2.640000e+02
2.380000e+02 2.568000e+02
2.550000e+02 2.424000e+02
2.710000e+02 2.292000e+02
2.890000e+02 2.148000e+02
3.040000e+02 2.034000e+02
3.260000e+02 1.878000e+02
3.330000e+02 1.830000e+02
3.475000e+02 1.728000e+02
3.620000e+02 1.626000e+02
3.735000e+02 1.554000e+02
3.865000e+02 1.470000e+02
3.975000e+02 1.404000e+02
4.090000e+02 1.332000e+02
4.200000e+02 1.266000e+02
4.300000e+02 1.206000e+02
4.385000e+02 1.146000e+02
4.455000e+02 1.098000e+02
4.515000e+02 1.056000e+02
4.590000e+02 1.002000e+02
4.605000e+02 9.840000e+01
4.655000e+02 9.480000e+01
4.675000e+02 9.360000e+01
4.685000e+02 9.240000e+01
4.690000e+02 9.180000e+01
4.690000e+02 9.180000e+01
4.695000e+02 9.120000e+01
4.695000e+02 9.120000e+01
4.695000e+02 9.060000e+01
4.695000e+02 9.060000e+01
4.695000e+02 9.060000e+01
4.695000e+02 9.120000e+01
4.695000e+02 9.120000e+01
4.695000e+02 9.120000e+01
