3.100000e+02 7.740000e+01
3.100000e+02 7.755000e+01
3.100000e+02 7.770000e+01
3.100000e+02 7.785000e+01
3.100000e+02 7.800000e+01
3.098750e+02 7.800000e+01
3.097500e+02 7.800000e+01
3.096250e+02 7.800000e+01
3.095000e+02 7.800000e+01
3.093750e+02 7.830000e+01
3.092500e+02 7.860000e+01
3.091250e+02 7.890000e+01
3.090000e+02 7.920000e+01
3.087500e+02 7.995000e+01
3.085000e+02 8.070000e+01
3.082500e+02 8.145000e+01
3.080000e+02 8.220000e+01
3.077500e+02 8.355000e+01
3.075000e+02 8.490000e+01
3.072500e+02 8.625000e+01
3.070000e+02 8.760000e+01
3.067500e+02 8.925000e+01
3.065000e+02 9.090000e+01
3.062500e+02 9.255000e+01
3.060000e+02 9.420000e+01
3.058750e+02 9.585000e+01
3.057500e+02 9.750000e+01
3.056250e+02 9.915000e+01
3.055000e+02 1.008000e+02
3.052500e+02 1.027500e+02
3.050000e+02 1.047000e+02
3.047500e+02 1.066500e+02
3.045000e+02 1.086000e+02
3.042500e+02 1.113000e+02
3.040000e+02 1.140000e+02
3.037500e+02 1.167000e+02
3.035000e+02 1.194000e+02
3.033750e+02 1.215000e+02
3.032500e+02 1.236000e+02
3.031250e+02 1.257000e+02
3.030000e+02 1.278000e+02
3.027500e+02 1.294500e+02
3.025000e+02 1.311000e+02
3.022500e+02 1.327500e+02
3.020000e+02 1.344000e+02
3.017500e+02 1.365000e+02
3.015000e+02 1.386000e+02
3.012500e+02 1.407000e+02
3.010000e+02 1.428000e+02
3.008750e+02 1.446000e+02
3.007500e+02 1.464000e+02
3.006250e+02 1.482000e+02
3.005000e+02 1.500000e+02
3.001250e+02 1.528500e+02
2.997500e+02 1.557000e+02
2.993750e+02 1.585500e+02
2.990000e+02 1.614000e+02
2.986250e+02 1.642500e+02
2.982500e+02 1.671000e+02
2.978750e+02 1.699500e+02
2.975000e+02 1.728000e+02
2.971250e+02 1.758000e+02
2.967500e+02 1.788000e+02
2.963750e+02 1.818000e+02
2.960000e+02 1.848000e+02
2.957500e+02 1.867500e+02
2.955000e+02 1.887000e+02
2.952500e+02 1.906500e+02
2.950000e+02 1.926000e+02
2.947500e+02 1.945500e+02
2.945000e+02 1.965000e+02
2.942500e+02 1.984500e+02
2.940000e+02 2.004000e+02
2.938750e+02 2.023500e+02
2.937500e+02 2.043000e+02
2.936250e+02 2.062500e+02
2.935000e+02 2.082000e+02
2.933750e+02 2.092500e+02
2.932500e+02 2.103000e+02
2.931250e+02 2.113500e+02
2.930000e+02 2.124000e+02
2.928750e+02 2.146500e+02
2.927500e+02 2.169000e+02
2.926250e+02 2.191500e+02
2.925000e+02 2.214000e+02
2.922500e+02 2.245500e+02
2.920000e+02 2.277000e+02
2.917500e+02 2.308500e+02
2.915000e+02 2.340000e+02
2.915000e+02 2.361000e+02
2.915000e+02 2.382000e+02
2.915000e+02 2.403000e+02
2.915000e+02 2.424000e+02
2.913750e+02 2.446500e+02
2.912500e+02 2.469000e+02
2.911250e+02 2.491500e+02
2.910000e+02 2.514000e+02
2.910000e+02 2.536500e+02
2.910000e+02 2.559000e+02
2.910000e+02 2.581500e+02
2.910000e+02 2.604000e+02
2.908750e+02 2.626500e+02
2.907500e+02 2.649000e+02
2.906250e+02 2.671500e+02
2.905000e+02 2.694000e+02
2.905000e+02 2.715000e+02
2.905000e+02 2.736000e+02
2.905000e+02 2.757000e+02
2.905000e+02 2.778000e+02
2.903750e+02 2.797500e+02
2.902500e+02 2.817000e+02
2.901250e+02 2.836500e+02
2.900000e+02 2.856000e+02
2.900000e+02 2.875500e+02
2.900000e+02 2.895000e+02
2.900000e+02 2.914500e+02
2.900000e+02 2.934000e+02
2.900000e+02 2.952000e+02
2.900000e+02 2.970000e+02
2.900000e+02 2.988000e+02
2.900000e+02 3.006000e+02
2.898750e+02 3.025500e+02
2.897500e+02 3.045000e+02
2.896250e+02 3.064500e+02
2.895000e+02 3.084000e+02
2.895000e+02 3.099000e+02
2.895000e+02 3.114000e+02
2.895000e+02 3.129000e+02
2.895000e+02 3.144000e+02
2.893750e+02 3.160500e+02
2.892500e+02 3.177000e+02
2.891250e+02 3.193500e+02
2.890000e+02 3.210000e+02
2.890000e+02 3.225000e+02
2.890000e+02 3.240000e+02
2.890000e+02 3.255000e+02
2.890000e+02 3.270000e+02
2.888750e+02 3.283500e+02
2.887500e+02 3.297000e+02
2.886250e+02 3.310500e+02
2.885000e+02 3.324000e+02
2.885000e+02 3.339000e+02
2.885000e+02 3.354000e+02
2.885000e+02 3.369000e+02
2.885000e+02 3.384000e+02
2.885000e+02 3.397500e+02
2.885000e+02 3.411000e+02
2.885000e+02 3.424500e+02
2.885000e+02 3.438000e+02
2.885000e+02 3.451500e+02
2.885000e+02 3.465000e+02
2.885000e+02 3.478500e+02
2.885000e+02 3.492000e+02
2.885000e+02 3.505500e+02
2.885000e+02 3.519000e+02
2.885000e+02 3.532500e+02
2.885000e+02 3.546000e+02
2.883750e+02 3.558000e+02
2.882500e+02 3.570000e+02
2.881250e+02 3.582000e+02
2.880000e+02 3.594000e+02
2.880000e+02 3.604500e+02
2.880000e+02 3.615000e+02
2.880000e+02 3.636000e+02
2.880000e+02 3.660000e+02
2.880000e+02 3.684000e+02
2.877500e+02 3.705000e+02
2.875000e+02 3.726000e+02
2.875000e+02 3.756000e+02
2.875000e+02 3.786000e+02
2.872500e+02 3.807000e+02
2.870000e+02 3.828000e+02
2.870000e+02 3.846000e+02
2.870000e+02 3.864000e+02
2.867500e+02 3.882000e+02
2.865000e+02 3.900000e+02
2.865000e+02 3.912000e+02
2.865000e+02 3.924000e+02
2.865000e+02 3.936000e+02
2.865000e+02 3.948000e+02
2.862500e+02 3.960000e+02
2.860000e+02 3.972000e+02
2.857500e+02 3.981000e+02
2.855000e+02 3.990000e+02
2.855000e+02 3.996000e+02
2.855000e+02 4.002000e+02
2.855000e+02 4.011000e+02
2.855000e+02 4.020000e+02
2.852500e+02 4.026000e+02
2.850000e+02 4.032000e+02
2.850000e+02 4.038000e+02
2.850000e+02 4.044000e+02
2.850000e+02 4.053000e+02
2.850000e+02 4.062000e+02
2.852500e+02 4.071000e+02
2.855000e+02 4.080000e+02
2.855000e+02 4.095000e+02
2.855000e+02 4.110000e+02
2.855000e+02 4.110000e+02
2.855000e+02 4.110000e+02
3.100000e+02 7.740000e+01
3.100000e+02 7.755000e+01
3.100000e+02 7.770000e+01
3.100000e+02 7.785000e+01
3.100000e+02 7.800000e+01
3.098750e+02 7.800000e+01
3.097500e+02 7.800000e+01
3.096250e+02 7.800000e+01
3.095000e+02 7.800000e+01
3.093750e+02 7.830000e+01
3.092500e+02 7.860000e+01
3.091250e+02 7.890000e+01
3.090000e+02 7.920000e+01
3.087500e+02 7.995000e+01
3.085000e+02 8.070000e+01
3.082500e+02 8.145000e+01
3.080000e+02 8.220000e+01
3.077500e+02 8.355000e+01
3.075000e+02 8.490000e+01
3.072500e+02 8.625000e+01
3.070000e+02 8.760000e+01
3.067500e+02 8.925000e+01
3.065000e+02 9.090000e+01
3.062500e+02 9.255000e+01
3.060000e+02 9.420000e+01
3.058750e+02 9.585000e+01
3.057500e+02 9.750000e+01
3.056250e+02 9.915000e+01
3.055000e+02 1.008000e+02
3.052500e+02 1.027500e+02
3.050000e+02 1.047000e+02
3.047500e+02 1.066500e+02
3.045000e+02 1.086000e+02
3.042500e+02 1.113000e+02
3.040000e+02 1.140000e+02
3.037500e+02 1.167000e+02
3.035000e+02 1.194000e+02
3.033750e+02 1.215000e+02
3.032500e+02 1.236000e+02
3.031250e+02 1.257000e+02
3.030000e+02 1.278000e+02
3.027500e+02 1.294500e+02
3.025000e+02 1.311000e+02
3.022500e+02 1.327500e+02
3.020000e+02 1.344000e+02
3.017500e+02 1.365000e+02
3.015000e+02 1.386000e+02
3.012500e+02 1.407000e+02
3.010000e+02 1.428000e+02
3.008750e+02 1.446000e+02
3.007500e+02 1.464000e+02
3.006250e+02 1.482000e+02
3.005000e+02 1.500000e+02
3.001250e+02 1.528500e+02
2.997500e+02 1.557000e+02
2.993750e+02 1.585500e+02
2.990000e+02 1.614000e+02
2.986250e+02 1.642500e+02
2.982500e+02 1.671000e+02
2.978750e+02 1.699500e+02
2.975000e+02 1.728000e+02
2.971250e+02 1.758000e+02
2.967500e+02 1.788000e+02
2.963750e+02 1.818000e+02
2.960000e+02 1.848000e+02
2.957500e+02 1.867500e+02
2.955000e+02 1.887000e+02
2.952500e+02 1.906500e+02
2.950000e+02 1.926000e+02
2.947500e+02 1.945500e+02
2.945000e+02 1.965000e+02
2.942500e+02 1.984500e+02
2.940000e+02 2.004000e+02
2.938750e+02 2.023500e+02
2.937500e+02 2.043000e+02
2.936250e+02 2.062500e+02
2.935000e+02 2.082000e+02
2.933750e+02 2.092500e+02
2.932500e+02 2.103000e+02
2.931250e+02 2.113500e+02
2.930000e+02 2.124000e+02
2.928750e+02 2.146500e+02
2.927500e+02 2.169000e+02
2.926250e+02 2.191500e+02
2.925000e+02 2.214000e+02
2.922500e+02 2.245500e+02
2.920000e+02 2.277000e+02
2.917500e+02 2.308500e+02
2.915000e+02 2.340000e+02
2.915000e+02 2.361000e+02
2.915000e+02 2.382000e+02
2.915000e+02 2.403000e+02
2.915000e+02 2.424000e+02
2.913750e+02 2.446500e+02
2.912500e+02 2.469000e+02
2.911250e+02 2.491500e+02
2.910000e+02 2.514000e+02
2.910000e+02 2.536500e+02
2.910000e+02 2.559000e+02
2.910000e+02 2.581500e+02
2.910000e+02 2.604000e+02
2.908750e+02 2.626500e+02
2.907500e+02 2.649000e+02
2.906250e+02 2.671500e+02
2.905000e+02 2.694000e+02
2.905000e+02 2.715000e+02
2.905000e+02 2.736000e+02
2.905000e+02 2.757000e+02
2.905000e+02 2.778000e+02
2.903750e+02 2.797500e+02
2.902500e+02 2.817000e+02
2.901250e+02 2.836500e+02
2.900000e+02 2.856000e+02
2.900000e+02 2.875500e+02
2.900000e+02 2.895000e+02
2.900000e+02 2.914500e+02
2.900000e+02 2.934000e+02
2.900000e+02 2.952000e+02
2.900000e+02 2.970000e+02
2.900000e+02 2.988000e+02
2.900000e+02 3.006000e+02
2.898750e+02 3.025500e+02
2.897500e+02 3.045000e+02
2.896250e+02 3.064500e+02
2.895000e+02 3.084000e+02
2.895000e+02 3.099000e+02
2.895000e+02 3.114000e+02
2.895000e+02 3.129000e+02
2.895000e+02 3.144000e+02
2.893750e+02 3.160500e+02
2.892500e+02 3.177000e+02
2.891250e+02 3.193500e+02
2.890000e+02 3.210000e+02
2.890000e+02 3.225000e+02
2.890000e+02 3.240000e+02
2.890000e+02 3.255000e+02
2.890000e+02 3.270000e+02
2.888750e+02 3.283500e+02
2.887500e+02 3.297000e+02
2.886250e+02 3.310500e+02
2.885000e+02 3.324000e+02
2.885000e+02 3.339000e+02
2.885000e+02 3.354000e+02
2.885000e+02 3.369000e+02
2.885000e+02 3.384000e+02
2.885000e+02 3.397500e+02
2.885000e+02 3.411000e+02
2.885000e+02 3.424500e+02
2.885000e+02 3.438000e+02
2.885000e+02 3.451500e+02
2.885000e+02 3.465000e+02
2.885000e+02 3.478500e+02
2.885000e+02 3.492000e+02
2.885000e+02 3.505500e+02
2.885000e+02 3.519000e+02
2.885000e+02 3.532500e+02
2.885000e+02 3.546000e+02
2.883750e+02 3.558000e+02
2.882500e+02 3.570000e+02
2.881250e+02 3.582000e+02
2.880000e+02 3.594000e+02
2.880000e+02 3.604500e+02
2.880000e+02 3.615000e+02
2.880000e+02 3.636000e+02
2.880000e+02 3.660000e+02
2.880000e+02 3.684000e+02
2.877500e+02 3.705000e+02
2.875000e+02 3.726000e+02
2.875000e+02 3.756000e+02
2.875000e+02 3.786000e+02
2.872500e+02 3.807000e+02
2.870000e+02 3.828000e+02
2.870000e+02 3.846000e+02
2.870000e+02 3.864000e+02
2.867500e+02 3.882000e+02
2.865000e+02 3.900000e+02
2.865000e+02 3.912000e+02
2.865000e+02 3.924000e+02
2.865000e+02 3.936000e+02
2.865000e+02 3.948000e+02
2.862500e+02 3.960000e+02
2.860000e+02 3.972000e+02
2.857500e+02 3.981000e+02
2.855000e+02 3.990000e+02
2.855000e+02 3.996000e+02
2.855000e+02 4.002000e+02
2.855000e+02 4.011000e+02
2.855000e+02 4.020000e+02
2.852500e+02 4.026000e+02
2.850000e+02 4.032000e+02
2.850000e+02 4.038000e+02
2.850000e+02 4.044000e+02
2.850000e+02 4.053000e+02
2.850000e+02 4.062000e+02
2.852500e+02 4.071000e+02
2.855000e+02 4.080000e+02
2.855000e+02 4.095000e+02
2.855000e+02 4.110000e+02
2.855000e+02 4.110000e+02
2.855000e+02 4.110000e+02
3.100000e+02 7.740000e+01
3.100000e+02 7.755000e+01
3.100000e+02 7.770000e+01
3.100000e+02 7.785000e+01
3.100000e+02 7.800000e+01
3.098750e+02 7.800000e+01
3.097500e+02 7.800000e+01
3.096250e+02 7.800000e+01
3.095000e+02 7.800000e+01
3.093750e+02 7.830000e+01
3.092500e+02 7.860000e+01
3.091250e+02 7.890000e+01
3.090000e+02 7.920000e+01
3.087500e+02 7.995000e+01
3.085000e+02 8.070000e+01
3.082500e+02 8.145000e+01
3.080000e+02 8.220000e+01
3.077500e+02 8.355000e+01
3.075000e+02 8.490000e+01
3.072500e+02 8.625000e+01
3.070000e+02 8.760000e+01
3.067500e+02 8.925000e+01
3.065000e+02 9.090000e+01
3.062500e+02 9.255000e+01
3.060000e+02 9.420000e+01
3.058750e+02 9.585000e+01
3.057500e+02 9.750000e+01
3.056250e+02 9.915000e+01
3.055000e+02 1.008000e+02
3.052500e+02 1.027500e+02
3.050000e+02 1.047000e+02
3.047500e+02 1.066500e+02
3.045000e+02 1.086000e+02
3.042500e+02 1.113000e+02
3.040000e+02 1.140000e+02
3.037500e+02 1.167000e+02
3.035000e+02 1.194000e+02
3.033750e+02 1.215000e+02
3.032500e+02 1.236000e+02
3.031250e+02 1.257000e+02
3.030000e+02 1.278000e+02
3.027500e+02 1.294500e+02
3.025000e+02 1.311000e+02
3.022500e+02 1.327500e+02
3.020000e+02 1.344000e+02
3.017500e+02 1.365000e+02
3.015000e+02 1.386000e+02
3.012500e+02 1.407000e+02
3.010000e+02 1.428000e+02
3.008750e+02 1.446000e+02
3.007500e+02 1.464000e+02
3.006250e+02 1.482000e+02
3.005000e+02 1.500000e+02
3.001250e+02 1.528500e+02
2.997500e+02 1.557000e+02
2.993750e+02 1.585500e+02
2.990000e+02 1.614000e+02
2.986250e+02 1.642500e+02
2.982500e+02 1.671000e+02
2.978750e+02 1.699500e+02
2.975000e+02 1.728000e+02
2.971250e+02 1.758000e+02
2.967500e+02 1.788000e+02
2.963750e+02 1.818000e+02
2.960000e+02 1.848000e+02
2.957500e+02 1.867500e+02
2.955000e+02 1.887000e+02
2.952500e+02 1.906500e+02
2.950000e+02 1.926000e+02
2.947500e+02 1.945500e+02
2.945000e+02 1.965000e+02
2.942500e+02 1.984500e+02
2.940000e+02 2.004000e+02
2.938750e+02 2.023500e+02
2.937500e+02 2.043000e+02
2.936250e+02 2.062500e+02
2.935000e+02 2.082000e+02
2.933750e+02 2.092500e+02
2.932500e+02 2.103000e+02
2.931250e+02 2.113500e+02
2.930000e+02 2.124000e+02
2.928750e+02 2.146500e+02
2.927500e+02 2.169000e+02
2.926250e+02 2.191500e+02
2.925000e+02 2.214000e+02
2.922500e+02 2.245500e+02
2.920000e+02 2.277000e+02
2.917500e+02 2.308500e+02
2.915000e+02 2.340000e+02
2.915000e+02 2.361000e+02
2.915000e+02 2.382000e+02
2.915000e+02 2.403000e+02
2.915000e+02 2.424000e+02
2.913750e+02 2.446500e+02
2.912500e+02 2.469000e+02
2.911250e+02 2.491500e+02
2.910000e+02 2.514000e+02
2.910000e+02 2.536500e+02
2.910000e+02 2.559000e+02
2.910000e+02 2.581500e+02
2.910000e+02 2.604000e+02
2.908750e+02 2.626500e+02
2.907500e+02 2.649000e+02
2.906250e+02 2.671500e+02
2.905000e+02 2.694000e+02
2.905000e+02 2.715000e+02
2.905000e+02 2.736000e+02
2.905000e+02 2.757000e+02
2.905000e+02 2.778000e+02
2.903750e+02 2.797500e+02
2.902500e+02 2.817000e+02
2.901250e+02 2.836500e+02
2.900000e+02 2.856000e+02
2.900000e+02 2.875500e+02
2.900000e+02 2.895000e+02
2.900000e+02 2.914500e+02
2.900000e+02 2.934000e+02
2.900000e+02 2.952000e+02
2.900000e+02 2.970000e+02
2.900000e+02 2.988000e+02
2.900000e+02 3.006000e+02
2.898750e+02 3.025500e+02
2.897500e+02 3.045000e+02
2.896250e+02 3.064500e+02
2.895000e+02 3.084000e+02
2.895000e+02 3.099000e+02
2.895000e+02 3.114000e+02
2.895000e+02 3.129000e+02
2.895000e+02 3.144000e+02
2.893750e+02 3.160500e+02
2.892500e+02 3.177000e+02
2.891250e+02 3.193500e+02
2.890000e+02 3.210000e+02
2.890000e+02 3.225000e+02
2.890000e+02 3.240000e+02
2.890000e+02 3.255000e+02
2.890000e+02 3.270000e+02
2.888750e+02 3.283500e+02
2.887500e+02 3.297000e+02
2.886250e+02 3.310500e+02
2.885000e+02 3.324000e+02
2.885000e+02 3.339000e+02
2.885000e+02 3.354000e+02
2.885000e+02 3.369000e+02
2.885000e+02 3.384000e+02
2.885000e+02 3.397500e+02
2.885000e+02 3.411000e+02
2.885000e+02 3.424500e+02
2.885000e+02 3.438000e+02
2.885000e+02 3.451500e+02
2.885000e+02 3.465000e+02
2.885000e+02 3.478500e+02
2.885000e+02 3.492000e+02
2.885000e+02 3.505500e+02
2.885000e+02 3.519000e+02
2.885000e+02 3.532500e+02
2.885000e+02 3.546000e+02
2.883750e+02 3.558000e+02
2.882500e+02 3.570000e+02
2.881250e+02 3.582000e+02
2.880000e+02 3.594000e+02
2.880000e+02 3.604500e+02
2.880000e+02 3.615000e+02
2.880000e+02 3.636000e+02
2.880000e+02 3.660000e+02
2.880000e+02 3.684000e+02
2.877500e+02 3.705000e+02
2.875000e+02 3.726000e+02
2.875000e+02 3.756000e+02
2.875000e+02 3.786000e+02
2.872500e+02 3.807000e+02
2.870000e+02 3.828000e+02
2.870000e+02 3.846000e+02
2.870000e+02 3.864000e+02
2.867500e+02 3.882000e+02
2.865000e+02 3.900000e+02
2.865000e+02 3.912000e+02
2.865000e+02 3.924000e+02
2.865000e+02 3.936000e+02
2.865000e+02 3.948000e+02
2.862500e+02 3.960000e+02
2.860000e+02 3.972000e+02
2.857500e+02 3.981000e+02
2.855000e+02 3.990000e+02
2.855000e+02 3.996000e+02
2.855000e+02 4.002000e+02
2.855000e+02 4.011000e+02
2.855000e+02 4.020000e+02
2.852500e+02 4.026000e+02
2.850000e+02 4.032000e+02
2.850000e+02 4.038000e+02
2.850000e+02 4.044000e+02
2.850000e+02 4.053000e+02
2.850000e+02 4.062000e+02
2.852500e+02 4.071000e+02
2.855000e+02 4.080000e+02
2.855000e+02 4.095000e+02
2.855000e+02 4.110000e+02
2.855000e+02 4.110000e+02
2.855000e+02 4.110000e+02
