4.030000e+02 1.572000e+02
4.030000e+02 1.572000e+02
4.030000e+02 1.572000e+02
4.030000e+02 1.569000e+02
4.030000e+02 1.566000e+02
4.030000e+02 1.566000e+02
4.030000e+02 1.566000e+02
4.027500e+02 1.563000e+02
4.025000e+02 1.560000e+02
4.025000e+02 1.557000e+02
4.025000e+02 1.554000e+02
4.025000e+02 1.548000e+02
4.025000e+02 1.542000e+02
4.022500e+02 1.530000e+02
4.020000e+02 1.518000e+02
4.020000e+02 1.512000e+02
4.020000e+02 1.506000e+02
4.017500e+02 1.497000e+02
4.015000e+02 1.488000e+02
4.010000e+02 1.464000e+02
4.005000e+02 1.440000e+02
4.000000e+02 1.422000e+02
3.990000e+02 1.386000e+02
3.980000e+02 1.362000e+02
3.960000e+02 1.320000e+02
3.945000e+02 1.290000e+02
3.930000e+02 1.266000e+02
3.915000e+02 1.236000e+02
3.900000e+02 1.200000e+02
3.880000e+02 1.176000e+02
3.860000e+02 1.140000e+02
3.840000e+02 1.110000e+02
3.815000e+02 1.074000e+02
3.795000e+02 1.044000e+02
3.760000e+02 9.960000e+01
3.740000e+02 9.720000e+01
3.705000e+02 9.300000e+01
3.670000e+02 8.880000e+01
3.625000e+02 8.580000e+01
3.590000e+02 8.340000e+01
3.560000e+02 8.220000e+01
3.515000e+02 8.040000e+01
3.475000e+02 7.920000e+01
3.435000e+02 7.800000e+01
3.400000e+02 7.740000e+01
3.375000e+02 7.680000e+01
3.335000e+02 7.560000e+01
3.295000e+02 7.500000e+01
3.255000e+02 7.380000e+01
3.210000e+02 7.320000e+01
3.160000e+02 7.320000e+01
3.110000e+02 7.320000e+01
3.055000e+02 7.380000e+01
2.990000e+02 7.440000e+01
2.940000e+02 7.560000e+01
2.880000e+02 7.680000e+01
2.825000e+02 7.800000e+01
2.770000e+02 8.040000e+01
2.720000e+02 8.220000e+01
2.670000e+02 8.400000e+01
2.620000e+02 8.640000e+01
2.570000e+02 8.880000e+01
2.525000e+02 9.180000e+01
2.480000e+02 9.420000e+01
2.440000e+02 9.720000e+01
2.410000e+02 1.002000e+02
2.375000e+02 1.032000e+02
2.345000e+02 1.062000e+02
2.320000e+02 1.086000e+02
2.295000e+02 1.122000e+02
2.270000e+02 1.158000e+02
2.260000e+02 1.176000e+02
2.220000e+02 1.230000e+02
2.200000e+02 1.272000e+02
2.180000e+02 1.314000e+02
2.170000e+02 1.350000e+02
2.160000e+02 1.386000e+02
2.145000e+02 1.434000e+02
2.135000e+02 1.494000e+02
2.130000e+02 1.518000e+02
2.125000e+02 1.560000e+02
2.120000e+02 1.608000e+02
2.120000e+02 1.656000e+02
2.115000e+02 1.704000e+02
2.115000e+02 1.752000e+02
2.115000e+02 1.800000e+02
2.120000e+02 1.848000e+02
2.125000e+02 1.908000e+02
2.130000e+02 1.956000e+02
2.135000e+02 2.004000e+02
2.140000e+02 2.058000e+02
2.145000e+02 2.112000e+02
2.155000e+02 2.178000e+02
2.165000e+02 2.232000e+02
2.175000e+02 2.286000e+02
2.190000e+02 2.346000e+02
2.200000e+02 2.400000e+02
2.215000e+02 2.460000e+02
2.230000e+02 2.520000e+02
2.245000e+02 2.598000e+02
2.260000e+02 2.652000e+02
2.275000e+02 2.712000e+02
2.290000e+02 2.760000e+02
2.310000e+02 2.808000e+02
2.330000e+02 2.862000e+02
2.350000e+02 2.904000e+02
2.370000e+02 2.964000e+02
2.390000e+02 3.012000e+02
2.415000e+02 3.054000e+02
2.440000e+02 3.102000e+02
2.465000e+02 3.144000e+02
2.490000e+02 3.186000e+02
2.515000e+02 3.222000e+02
2.545000e+02 3.264000e+02
2.590000e+02 3.318000e+02
2.635000e+02 3.366000e+02
2.665000e+02 3.396000e+02
2.695000e+02 3.420000e+02
2.730000e+02 3.444000e+02
2.755000e+02 3.468000e+02
2.790000e+02 3.486000e+02
2.820000e+02 3.504000e+02
2.850000e+02 3.516000e+02
2.890000e+02 3.534000e+02
2.910000e+02 3.540000e+02
2.955000e+02 3.546000e+02
2.985000e+02 3.552000e+02
3.015000e+02 3.558000e+02
3.050000e+02 3.564000e+02
3.080000e+02 3.570000e+02
3.115000e+02 3.570000e+02
3.130000e+02 3.570000e+02
3.165000e+02 3.570000e+02
3.195000e+02 3.570000e+02
3.225000e+02 3.570000e+02
3.250000e+02 3.564000e+02
3.295000e+02 3.558000e+02
3.310000e+02 3.552000e+02
3.355000e+02 3.540000e+02
3.380000e+02 3.528000e+02
3.400000e+02 3.516000e+02
3.440000e+02 3.480000e+02
3.465000e+02 3.456000e+02
3.475000e+02 3.444000e+02
3.500000e+02 3.414000e+02
3.515000e+02 3.402000e+02
3.540000e+02 3.366000e+02
3.565000e+02 3.336000e+02
3.590000e+02 3.300000e+02
3.600000e+02 3.282000e+02
3.620000e+02 3.252000e+02
3.630000e+02 3.234000e+02
3.655000e+02 3.192000e+02
3.675000e+02 3.156000e+02
3.700000e+02 3.120000e+02
3.720000e+02 3.084000e+02
3.740000e+02 3.042000e+02
3.760000e+02 3.006000e+02
3.795000e+02 2.946000e+02
3.830000e+02 2.880000e+02
3.850000e+02 2.838000e+02
3.865000e+02 2.802000e+02
3.880000e+02 2.772000e+02
3.900000e+02 2.724000e+02
3.915000e+02 2.688000e+02
3.930000e+02 2.652000e+02
3.950000e+02 2.610000e+02
3.965000e+02 2.562000e+02
3.980000e+02 2.526000e+02
3.990000e+02 2.490000e+02
4.000000e+02 2.448000e+02
4.005000e+02 2.418000e+02
4.015000e+02 2.370000e+02
4.015000e+02 2.352000e+02
4.025000e+02 2.298000e+02
4.035000e+02 2.244000e+02
4.035000e+02 2.214000e+02
4.040000e+02 2.178000e+02
4.040000e+02 2.166000e+02
4.045000e+02 2.142000e+02
4.045000e+02 2.112000e+02
4.045000e+02 2.088000e+02
4.045000e+02 2.082000e+02
4.045000e+02 2.058000e+02
4.045000e+02 2.046000e+02
4.045000e+02 2.028000e+02
4.045000e+02 2.004000e+02
4.045000e+02 1.980000e+02
4.045000e+02 1.950000e+02
4.045000e+02 1.944000e+02
4.045000e+02 1.926000e+02
4.045000e+02 1.920000e+02
4.045000e+02 1.908000e+02
4.045000e+02 1.896000e+02
4.045000e+02 1.884000e+02
4.045000e+02 1.878000e+02
4.050000e+02 1.860000e+02
4.055000e+02 1.848000e+02
4.085000e+02 1.770000e+02
4.085000e+02 1.770000e+02
4.030000e+02 1.572000e+02
4.030000e+02 1.572000e+02
4.030000e+02 1.572000e+02
4.030000e+02 1.569000e+02
4.030000e+02 1.566000e+02
4.030000e+02 1.566000e+02
4.030000e+02 1.566000e+02
4.027500e+02 1.563000e+02
4.025000e+02 1.560000e+02
4.025000e+02 1.557000e+02
4.025000e+02 1.554000e+02
4.025000e+02 1.548000e+02
4.025000e+02 1.542000e+02
4.022500e+02 1.530000e+02
4.020000e+02 1.518000e+02
4.020000e+02 1.512000e+02
4.020000e+02 1.506000e+02
4.017500e+02 1.497000e+02
4.015000e+02 1.488000e+02
4.010000e+02 1.464000e+02
4.005000e+02 1.440000e+02
4.000000e+02 1.422000e+02
3.990000e+02 1.386000e+02
3.980000e+02 1.362000e+02
3.960000e+02 1.320000e+02
3.945000e+02 1.290000e+02
3.930000e+02 1.266000e+02
3.915000e+02 1.236000e+02
3.900000e+02 1.200000e+02
3.880000e+02 1.176000e+02
3.860000e+02 1.140000e+02
3.840000e+02 1.110000e+02
3.815000e+02 1.074000e+02
3.795000e+02 1.044000e+02
3.760000e+02 9.960000e+01
3.740000e+02 9.720000e+01
3.705000e+02 9.300000e+01
3.670000e+02 8.880000e+01
3.625000e+02 8.580000e+01
3.590000e+02 8.340000e+01
3.560000e+02 8.220000e+01
3.515000e+02 8.040000e+01
3.475000e+02 7.920000e+01
3.435000e+02 7.800000e+01
3.400000e+02 7.740000e+01
3.375000e+02 7.680000e+01
3.335000e+02 7.560000e+01
3.295000e+02 7.500000e+01
3.255000e+02 7.380000e+01
3.210000e+02 7.320000e+01
3.160000e+02 7.320000e+01
3.110000e+02 7.320000e+01
3.055000e+02 7.380000e+01
2.990000e+02 7.440000e+01
2.940000e+02 7.560000e+01
2.880000e+02 7.680000e+01
2.825000e+02 7.800000e+01
2.770000e+02 8.040000e+01
2.720000e+02 8.220000e+01
2.670000e+02 8.400000e+01
2.620000e+02 8.640000e+01
2.570000e+02 8.880000e+01
2.525000e+02 9.180000e+01
2.480000e+02 9.420000e+01
2.440000e+02 9.720000e+01
2.410000e+02 1.002000e+02
2.375000e+02 1.032000e+02
2.345000e+02 1.062000e+02
2.320000e+02 1.086000e+02
2.295000e+02 1.122000e+02
2.270000e+02 1.158000e+02
2.260000e+02 1.176000e+02
2.220000e+02 1.230000e+02
2.200000e+02 1.272000e+02
2.180000e+02 1.314000e+02
2.170000e+02 1.350000e+02
2.160000e+02 1.386000e+02
2.145000e+02 1.434000e+02
2.135000e+02 1.494000e+02
2.130000e+02 1.518000e+02
2.125000e+02 1.560000e+02
2.120000e+02 1.608000e+02
2.120000e+02 1.656000e+02
2.115000e+02 1.704000e+02
2.115000e+02 1.752000e+02
2.115000e+02 1.800000e+02
2.120000e+02 1.848000e+02
2.125000e+02 1.908000e+02
2.130000e+02 1.956000e+02
2.135000e+02 2.004000e+02
2.140000e+02 2.058000e+02
2.145000e+02 2.112000e+02
2.155000e+02 2.178000e+02
2.165000e+02 2.232000e+02
2.175000e+02 2.286000e+02
2.190000e+02 2.346000e+02
2.200000e+02 2.400000e+02
2.215000e+02 2.460000e+02
2.230000e+02 2.520000e+02
2.245000e+02 2.598000e+02
2.260000e+02 2.652000e+02
2.275000e+02 2.712000e+02
2.290000e+02 2.760000e+02
2.310000e+02 2.808000e+02
2.330000e+02 2.862000e+02
2.350000e+02 2.904000e+02
2.370000e+02 2.964000e+02
2.390000e+02 3.012000e+02
2.415000e+02 3.054000e+02
2.440000e+02 3.102000e+02
2.465000e+02 3.144000e+02
2.490000e+02 3.186000e+02
2.515000e+02 3.222000e+02
2.545000e+02 3.264000e+02
2.590000e+02 3.318000e+02
2.635000e+02 3.366000e+02
2.665000e+02 3.396000e+02
2.695000e+02 3.420000e+02
2.730000e+02 3.444000e+02
2.755000e+02 3.468000e+02
2.790000e+02 3.486000e+02
2.820000e+02 3.504000e+02
2.850000e+02 3.516000e+02
2.890000e+02 3.534000e+02
2.910000e+02 3.540000e+02
2.955000e+02 3.546000e+02
2.985000e+02 3.552000e+02
3.015000e+02 3.558000e+02
3.050000e+02 3.564000e+02
3.080000e+02 3.570000e+02
3.115000e+02 3.570000e+02
3.130000e+02 3.570000e+02
3.165000e+02 3.570000e+02
3.195000e+02 3.570000e+02
3.225000e+02 3.570000e+02
3.250000e+02 3.564000e+02
3.295000e+02 3.558000e+02
3.310000e+02 3.552000e+02
3.355000e+02 3.540000e+02
3.380000e+02 3.528000e+02
3.400000e+02 3.516000e+02
3.440000e+02 3.480000e+02
3.465000e+02 3.456000e+02
3.475000e+02 3.444000e+02
3.500000e+02 3.414000e+02
3.515000e+02 3.402000e+02
3.540000e+02 3.366000e+02
3.565000e+02 3.336000e+02
3.590000e+02 3.300000e+02
3.600000e+02 3.282000e+02
3.620000e+02 3.252000e+02
3.630000e+02 3.234000e+02
3.655000e+02 3.192000e+02
3.675000e+02 3.156000e+02
3.700000e+02 3.120000e+02
3.720000e+02 3.084000e+02
3.740000e+02 3.042000e+02
3.760000e+02 3.006000e+02
3.795000e+02 2.946000e+02
3.830000e+02 2.880000e+02
3.850000e+02 2.838000e+02
3.865000e+02 2.802000e+02
3.880000e+02 2.772000e+02
3.900000e+02 2.724000e+02
3.915000e+02 2.688000e+02
3.930000e+02 2.652000e+02
3.950000e+02 2.610000e+02
3.965000e+02 2.562000e+02
3.980000e+02 2.526000e+02
3.990000e+02 2.490000e+02
4.000000e+02 2.448000e+02
4.005000e+02 2.418000e+02
4.015000e+02 2.370000e+02
4.015000e+02 2.352000e+02
4.025000e+02 2.298000e+02
4.035000e+02 2.244000e+02
4.035000e+02 2.214000e+02
4.040000e+02 2.178000e+02
4.040000e+02 2.166000e+02
4.045000e+02 2.142000e+02
4.045000e+02 2.112000e+02
4.045000e+02 2.088000e+02
4.045000e+02 2.082000e+02
4.045000e+02 2.058000e+02
4.045000e+02 2.046000e+02
4.045000e+02 2.028000e+02
4.045000e+02 2.004000e+02
4.045000e+02 1.980000e+02
4.045000e+02 1.950000e+02
4.045000e+02 1.944000e+02
4.045000e+02 1.926000e+02
4.045000e+02 1.920000e+02
4.045000e+02 1.908000e+02
4.045000e+02 1.896000e+02
4.045000e+02 1.884000e+02
4.045000e+02 1.878000e+02
4.050000e+02 1.860000e+02
4.055000e+02 1.848000e+02
4.085000e+02 1.770000e+02
4.085000e+02 1.770000e+02
4.030000e+02 1.572000e+02
4.030000e+02 1.572000e+02
4.030000e+02 1.572000e+02
4.030000e+02 1.569000e+02
4.030000e+02 1.566000e+02
4.030000e+02 1.566000e+02
4.030000e+02 1.566000e+02
4.027500e+02 1.563000e+02
4.025000e+02 1.560000e+02
4.025000e+02 1.557000e+02
4.025000e+02 1.554000e+02
4.025000e+02 1.548000e+02
4.025000e+02 1.542000e+02
4.022500e+02 1.530000e+02
4.020000e+02 1.518000e+02
4.020000e+02 1.512000e+02
4.020000e+02 1.506000e+02
4.017500e+02 1.497000e+02
4.015000e+02 1.488000e+02
4.010000e+02 1.464000e+02
4.005000e+02 1.440000e+02
4.000000e+02 1.422000e+02
3.990000e+02 1.386000e+02
3.980000e+02 1.362000e+02
3.960000e+02 1.320000e+02
3.945000e+02 1.290000e+02
3.930000e+02 1.266000e+02
3.915000e+02 1.236000e+02
3.900000e+02 1.200000e+02
3.880000e+02 1.176000e+02
3.860000e+02 1.140000e+02
3.840000e+02 1.110000e+02
3.815000e+02 1.074000e+02
3.795000e+02 1.044000e+02
3.760000e+02 9.960000e+01
3.740000e+02 9.720000e+01
3.705000e+02 9.300000e+01
3.670000e+02 8.880000e+01
3.625000e+02 8.580000e+01
3.590000e+02 8.340000e+01
3.560000e+02 8.220000e+01
3.515000e+02 8.040000e+01
3.475000e+02 7.920000e+01
3.435000e+02 7.800000e+01
3.400000e+02 7.740000e+01
3.375000e+02 7.680000e+01
3.335000e+02 7.560000e+01
3.295000e+02 7.500000e+01
3.255000e+02 7.380000e+01
3.210000e+02 7.320000e+01
3.160000e+02 7.320000e+01
3.110000e+02 7.320000e+01
3.055000e+02 7.380000e+01
2.990000e+02 7.440000e+01
2.940000e+02 7.560000e+01
2.880000e+02 7.680000e+01
2.825000e+02 7.800000e+01
2.770000e+02 8.040000e+01
2.720000e+02 8.220000e+01
2.670000e+02 8.400000e+01
2.620000e+02 8.640000e+01
2.570000e+02 8.880000e+01
2.525000e+02 9.180000e+01
2.480000e+02 9.420000e+01
2.440000e+02 9.720000e+01
2.410000e+02 1.002000e+02
2.375000e+02 1.032000e+02
2.345000e+02 1.062000e+02
2.320000e+02 1.086000e+02
2.295000e+02 1.122000e+02
2.270000e+02 1.158000e+02
2.260000e+02 1.176000e+02
2.220000e+02 1.230000e+02
2.200000e+02 1.272000e+02
2.180000e+02 1.314000e+02
2.170000e+02 1.350000e+02
2.160000e+02 1.386000e+02
2.145000e+02 1.434000e+02
2.135000e+02 1.494000e+02
2.130000e+02 1.518000e+02
2.125000e+02 1.560000e+02
2.120000e+02 1.608000e+02
2.120000e+02 1.656000e+02
2.115000e+02 1.704000e+02
2.115000e+02 1.752000e+02
2.115000e+02 1.800000e+02
2.120000e+02 1.848000e+02
2.125000e+02 1.908000e+02
2.130000e+02 1.956000e+02
2.135000e+02 2.004000e+02
2.140000e+02 2.058000e+02
2.145000e+02 2.112000e+02
2.155000e+02 2.178000e+02
2.165000e+02 2.232000e+02
2.175000e+02 2.286000e+02
2.190000e+02 2.346000e+02
2.200000e+02 2.400000e+02
2.215000e+02 2.460000e+02
2.230000e+02 2.520000e+02
2.245000e+02 2.598000e+02
2.260000e+02 2.652000e+02
2.275000e+02 2.712000e+02
2.290000e+02 2.760000e+02
2.310000e+02 2.808000e+02
2.330000e+02 2.862000e+02
2.350000e+02 2.904000e+02
2.370000e+02 2.964000e+02
2.390000e+02 3.012000e+02
2.415000e+02 3.054000e+02
2.440000e+02 3.102000e+02
2.465000e+02 3.144000e+02
2.490000e+02 3.186000e+02
2.515000e+02 3.222000e+02
2.545000e+02 3.264000e+02
2.590000e+02 3.318000e+02
2.635000e+02 3.366000e+02
2.665000e+02 3.396000e+02
2.695000e+02 3.420000e+02
2.730000e+02 3.444000e+02
2.755000e+02 3.468000e+02
2.790000e+02 3.486000e+02
2.820000e+02 3.504000e+02
2.850000e+02 3.516000e+02
2.890000e+02 3.534000e+02
2.910000e+02 3.540000e+02
2.955000e+02 3.546000e+02
2.985000e+02 3.552000e+02
3.015000e+02 3.558000e+02
3.050000e+02 3.564000e+02
3.080000e+02 3.570000e+02
3.115000e+02 3.570000e+02
3.130000e+02 3.570000e+02
3.165000e+02 3.570000e+02
3.195000e+02 3.570000e+02
3.225000e+02 3.570000e+02
3.250000e+02 3.564000e+02
3.295000e+02 3.558000e+02
3.310000e+02 3.552000e+02
3.355000e+02 3.540000e+02
3.380000e+02 3.528000e+02
3.400000e+02 3.516000e+02
3.440000e+02 3.480000e+02
3.465000e+02 3.456000e+02
3.475000e+02 3.444000e+02
3.500000e+02 3.414000e+02
3.515000e+02 3.402000e+02
3.540000e+02 3.366000e+02
3.565000e+02 3.336000e+02
3.590000e+02 3.300000e+02
3.600000e+02 3.282000e+02
3.620000e+02 3.252000e+02
3.630000e+02 3.234000e+02
3.655000e+02 3.192000e+02
3.675000e+02 3.156000e+02
3.700000e+02 3.120000e+02
3.720000e+02 3.084000e+02
3.740000e+02 3.042000e+02
3.760000e+02 3.006000e+02
3.795000e+02 2.946000e+02
3.830000e+02 2.880000e+02
3.850000e+02 2.838000e+02
3.865000e+02 2.802000e+02
3.880000e+02 2.772000e+02
3.900000e+02 2.724000e+02
3.915000e+02 2.688000e+02
3.930000e+02 2.652000e+02
3.950000e+02 2.610000e+02
3.965000e+02 2.562000e+02
3.980000e+02 2.526000e+02
3.990000e+02 2.490000e+02
4.000000e+02 2.448000e+02
4.005000e+02 2.418000e+02
4.015000e+02 2.370000e+02
4.015000e+02 2.352000e+02
4.025000e+02 2.298000e+02
4.035000e+02 2.244000e+02
4.035000e+02 2.214000e+02
4.040000e+02 2.178000e+02
4.040000e+02 2.166000e+02
4.045000e+02 2.142000e+02
4.045000e+02 2.112000e+02
4.045000e+02 2.088000e+02
4.045000e+02 2.082000e+02
4.045000e+02 2.058000e+02
4.045000e+02 2.046000e+02
4.045000e+02 2.028000e+02
4.045000e+02 2.004000e+02
4.045000e+02 1.980000e+02
4.045000e+02 1.950000e+02
4.045000e+02 1.944000e+02
4.045000e+02 1.926000e+02
4.045000e+02 1.920000e+02
4.045000e+02 1.908000e+02
4.045000e+02 1.896000e+02
4.045000e+02 1.884000e+02
4.045000e+02 1.878000e+02
4.050000e+02 1.860000e+02
4.055000e+02 1.848000e+02
4.085000e+02 1.770000e+02
4.085000e+02 1.770000e+02
