2.090000e+02 9.060000e+01
2.090000e+02 9.060000e+01
2.090000e+02 9.060000e+01
2.090000e+02 9.060000e+01
2.090000e+02 9.060000e+01
2.087500e+02 9.270000e+01
2.085000e+02 9.480000e+01
2.082500e+02 9.690000e+01
2.080000e+02 9.900000e+01
2.080000e+02 9.975000e+01
2.080000e+02 1.005000e+02
2.080000e+02 1.012500e+02
2.080000e+02 1.020000e+02
2.078750e+02 1.048500e+02
2.077500e+02 1.077000e+02
2.076250e+02 1.105500e+02
2.075000e+02 1.134000e+02
2.075000e+02 1.149000e+02
2.075000e+02 1.164000e+02
2.075000e+02 1.179000e+02
2.075000e+02 1.194000e+02
2.073750e+02 1.212000e+02
2.072500e+02 1.230000e+02
2.071250e+02 1.248000e+02
2.070000e+02 1.266000e+02
2.070000e+02 1.281000e+02
2.070000e+02 1.296000e+02
2.070000e+02 1.311000e+02
2.070000e+02 1.326000e+02
2.068750e+02 1.341000e+02
2.067500e+02 1.356000e+02
2.066250e+02 1.371000e+02
2.065000e+02 1.386000e+02
2.065000e+02 1.401000e+02
2.065000e+02 1.416000e+02
2.065000e+02 1.431000e+02
2.065000e+02 1.446000e+02
2.063750e+02 1.458000e+02
2.062500e+02 1.470000e+02
2.061250e+02 1.482000e+02
2.060000e+02 1.494000e+02
2.060000e+02 1.509000e+02
2.060000e+02 1.524000e+02
2.060000e+02 1.539000e+02
2.060000e+02 1.554000e+02
2.060000e+02 1.567500e+02
2.060000e+02 1.581000e+02
2.060000e+02 1.594500e+02
2.060000e+02 1.608000e+02
2.060000e+02 1.621500e+02
2.060000e+02 1.635000e+02
2.060000e+02 1.648500e+02
2.060000e+02 1.662000e+02
2.058750e+02 1.677000e+02
2.057500e+02 1.692000e+02
2.056250e+02 1.707000e+02
2.055000e+02 1.722000e+02
2.055000e+02 1.735500e+02
2.055000e+02 1.749000e+02
2.055000e+02 1.762500e+02
2.055000e+02 1.776000e+02
2.055000e+02 1.789500e+02
2.055000e+02 1.803000e+02
2.055000e+02 1.816500e+02
2.055000e+02 1.830000e+02
2.055000e+02 1.845000e+02
2.055000e+02 1.860000e+02
2.055000e+02 1.875000e+02
2.055000e+02 1.890000e+02
2.056250e+02 1.911000e+02
2.057500e+02 1.932000e+02
2.058750e+02 1.953000e+02
2.060000e+02 1.974000e+02
2.060000e+02 1.996500e+02
2.060000e+02 2.019000e+02
2.060000e+02 2.041500e+02
2.060000e+02 2.064000e+02
2.060000e+02 2.085000e+02
2.060000e+02 2.106000e+02
2.060000e+02 2.127000e+02
2.060000e+02 2.148000e+02
2.060000e+02 2.163000e+02
2.060000e+02 2.178000e+02
2.060000e+02 2.193000e+02
2.060000e+02 2.208000e+02
2.060000e+02 2.221500e+02
2.060000e+02 2.235000e+02
2.060000e+02 2.248500e+02
2.060000e+02 2.262000e+02
2.060000e+02 2.277000e+02
2.060000e+02 2.292000e+02
2.060000e+02 2.307000e+02
2.060000e+02 2.322000e+02
2.060000e+02 2.335500e+02
2.060000e+02 2.349000e+02
2.060000e+02 2.362500e+02
2.060000e+02 2.376000e+02
2.060000e+02 2.389500e+02
2.060000e+02 2.403000e+02
2.060000e+02 2.416500e+02
2.060000e+02 2.430000e+02
2.060000e+02 2.445000e+02
2.060000e+02 2.460000e+02
2.060000e+02 2.475000e+02
2.060000e+02 2.490000e+02
2.060000e+02 2.502000e+02
2.060000e+02 2.514000e+02
2.060000e+02 2.526000e+02
2.060000e+02 2.538000e+02
2.060000e+02 2.550000e+02
2.060000e+02 2.562000e+02
2.060000e+02 2.574000e+02
2.060000e+02 2.586000e+02
2.060000e+02 2.607000e+02
2.060000e+02 2.628000e+02
2.060000e+02 2.649000e+02
2.060000e+02 2.670000e+02
2.060000e+02 2.685000e+02
2.060000e+02 2.700000e+02
2.060000e+02 2.715000e+02
2.060000e+02 2.730000e+02
2.060000e+02 2.748000e+02
2.060000e+02 2.766000e+02
2.060000e+02 2.784000e+02
2.060000e+02 2.802000e+02
2.060000e+02 2.817000e+02
2.060000e+02 2.832000e+02
2.060000e+02 2.847000e+02
2.060000e+02 2.862000e+02
2.060000e+02 2.878500e+02
2.060000e+02 2.895000e+02
2.060000e+02 2.911500e+02
2.060000e+02 2.928000e+02
2.060000e+02 2.943000e+02
2.060000e+02 2.958000e+02
2.060000e+02 2.973000e+02
2.060000e+02 2.988000e+02
2.058750e+02 3.004500e+02
2.057500e+02 3.021000e+02
2.056250e+02 3.037500e+02
2.055000e+02 3.054000e+02
2.055000e+02 3.070500e+02
2.055000e+02 3.087000e+02
2.055000e+02 3.103500e+02
2.055000e+02 3.120000e+02
2.055000e+02 3.135000e+02
2.055000e+02 3.150000e+02
2.055000e+02 3.165000e+02
2.055000e+02 3.180000e+02
2.055000e+02 3.195000e+02
2.055000e+02 3.210000e+02
2.055000e+02 3.225000e+02
2.055000e+02 3.240000e+02
2.055000e+02 3.255000e+02
2.055000e+02 3.270000e+02
2.055000e+02 3.285000e+02
2.055000e+02 3.300000e+02
2.056250e+02 3.321000e+02
2.057500e+02 3.342000e+02
2.058750e+02 3.363000e+02
2.060000e+02 3.384000e+02
2.060000e+02 3.399000e+02
2.060000e+02 3.414000e+02
2.060000e+02 3.429000e+02
2.060000e+02 3.444000e+02
2.061250e+02 3.456000e+02
2.062500e+02 3.468000e+02
2.063750e+02 3.480000e+02
2.065000e+02 3.492000e+02
2.066250e+02 3.504000e+02
2.067500e+02 3.516000e+02
2.070000e+02 3.540000e+02
2.070000e+02 3.564000e+02
2.070000e+02 3.588000e+02
2.072500e+02 3.612000e+02
2.075000e+02 3.636000e+02
2.077500e+02 3.657000e+02
2.080000e+02 3.678000e+02
2.085000e+02 3.699000e+02
2.090000e+02 3.720000e+02
2.090000e+02 3.735000e+02
2.090000e+02 3.750000e+02
2.092500e+02 3.765000e+02
2.095000e+02 3.780000e+02
2.097500e+02 3.795000e+02
2.100000e+02 3.810000e+02
2.102500e+02 3.822000e+02
2.105000e+02 3.834000e+02
2.110000e+02 3.852000e+02
2.115000e+02 3.870000e+02
2.117500e+02 3.888000e+02
2.120000e+02 3.906000e+02
2.122500e+02 3.927000e+02
2.125000e+02 3.948000e+02
2.132500e+02 3.990000e+02
2.140000e+02 4.032000e+02
2.145000e+02 4.068000e+02
2.150000e+02 4.104000e+02
2.150000e+02 4.104000e+02
2.150000e+02 4.104000e+02
2.090000e+02 9.060000e+01
2.090000e+02 9.060000e+01
2.090000e+02 9.060000e+01
2.090000e+02 9.060000e+01
2.090000e+02 9.060000e+01
2.087500e+02 9.270000e+01
2.085000e+02 9.480000e+01
2.082500e+02 9.690000e+01
2.080000e+02 9.900000e+01
2.080000e+02 9.975000e+01
2.080000e+02 1.005000e+02
2.080000e+02 1.012500e+02
2.080000e+02 1.020000e+02
2.078750e+02 1.048500e+02
2.077500e+02 1.077000e+02
2.076250e+02 1.105500e+02
2.075000e+02 1.134000e+02
2.075000e+02 1.149000e+02
2.075000e+02 1.164000e+02
2.075000e+02 1.179000e+02
2.075000e+02 1.194000e+02
2.073750e+02 1.212000e+02
2.072500e+02 1.230000e+02
2.071250e+02 1.248000e+02
2.070000e+02 1.266000e+02
2.070000e+02 1.281000e+02
2.070000e+02 1.296000e+02
2.070000e+02 1.311000e+02
2.070000e+02 1.326000e+02
2.068750e+02 1.341000e+02
2.067500e+02 1.356000e+02
2.066250e+02 1.371000e+02
2.065000e+02 1.386000e+02
2.065000e+02 1.401000e+02
2.065000e+02 1.416000e+02
2.065000e+02 1.431000e+02
2.065000e+02 1.446000e+02
2.063750e+02 1.458000e+02
2.062500e+02 1.470000e+02
2.061250e+02 1.482000e+02
2.060000e+02 1.494000e+02
2.060000e+02 1.509000e+02
2.060000e+02 1.524000e+02
2.060000e+02 1.539000e+02
2.060000e+02 1.554000e+02
2.060000e+02 1.567500e+02
2.060000e+02 1.581000e+02
2.060000e+02 1.594500e+02
2.060000e+02 1.608000e+02
2.060000e+02 1.621500e+02
2.060000e+02 1.635000e+02
2.060000e+02 1.648500e+02
2.060000e+02 1.662000e+02
2.058750e+02 1.677000e+02
2.057500e+02 1.692000e+02
2.056250e+02 1.707000e+02
2.055000e+02 1.722000e+02
2.055000e+02 1.735500e+02
2.055000e+02 1.749000e+02
2.055000e+02 1.762500e+02
2.055000e+02 1.776000e+02
2.055000e+02 1.789500e+02
2.055000e+02 1.803000e+02
2.055000e+02 1.816500e+02
2.055000e+02 1.830000e+02
2.055000e+02 1.845000e+02
2.055000e+02 1.860000e+02
2.055000e+02 1.875000e+02
2.055000e+02 1.890000e+02
2.056250e+02 1.911000e+02
2.057500e+02 1.932000e+02
2.058750e+02 1.953000e+02
2.060000e+02 1.974000e+02
2.060000e+02 1.996500e+02
2.060000e+02 2.019000e+02
2.060000e+02 2.041500e+02
2.060000e+02 2.064000e+02
2.060000e+02 2.085000e+02
2.060000e+02 2.106000e+02
2.060000e+02 2.127000e+02
2.060000e+02 2.148000e+02
2.060000e+02 2.163000e+02
2.060000e+02 2.178000e+02
2.060000e+02 2.193000e+02
2.060000e+02 2.208000e+02
2.060000e+02 2.221500e+02
2.060000e+02 2.235000e+02
2.060000e+02 2.248500e+02
2.060000e+02 2.262000e+02
2.060000e+02 2.277000e+02
2.060000e+02 2.292000e+02
2.060000e+02 2.307000e+02
2.060000e+02 2.322000e+02
2.060000e+02 2.335500e+02
2.060000e+02 2.349000e+02
2.060000e+02 2.362500e+02
2.060000e+02 2.376000e+02
2.060000e+02 2.389500e+02
2.060000e+02 2.403000e+02
2.060000e+02 2.416500e+02
2.060000e+02 2.430000e+02
2.060000e+02 2.445000e+02
2.060000e+02 2.460000e+02
2.060000e+02 2.475000e+02
2.060000e+02 2.490000e+02
2.060000e+02 2.502000e+02
2.060000e+02 2.514000e+02
2.060000e+02 2.526000e+02
2.060000e+02 2.538000e+02
2.060000e+02 2.550000e+02
2.060000e+02 2.562000e+02
2.060000e+02 2.574000e+02
2.060000e+02 2.586000e+02
2.060000e+02 2.607000e+02
2.060000e+02 2.628000e+02
2.060000e+02 2.649000e+02
2.060000e+02 2.670000e+02
2.060000e+02 2.685000e+02
2.060000e+02 2.700000e+02
2.060000e+02 2.715000e+02
2.060000e+02 2.730000e+02
2.060000e+02 2.748000e+02
2.060000e+02 2.766000e+02
2.060000e+02 2.784000e+02
2.060000e+02 2.802000e+02
2.060000e+02 2.817000e+02
2.060000e+02 2.832000e+02
2.060000e+02 2.847000e+02
2.060000e+02 2.862000e+02
2.060000e+02 2.878500e+02
2.060000e+02 2.895000e+02
2.060000e+02 2.911500e+02
2.060000e+02 2.928000e+02
2.060000e+02 2.943000e+02
2.060000e+02 2.958000e+02
2.060000e+02 2.973000e+02
2.060000e+02 2.988000e+02
2.058750e+02 3.004500e+02
2.057500e+02 3.021000e+02
2.056250e+02 3.037500e+02
2.055000e+02 3.054000e+02
2.055000e+02 3.070500e+02
2.055000e+02 3.087000e+02
2.055000e+02 3.103500e+02
2.055000e+02 3.120000e+02
2.055000e+02 3.135000e+02
2.055000e+02 3.150000e+02
2.055000e+02 3.165000e+02
2.055000e+02 3.180000e+02
2.055000e+02 3.195000e+02
2.055000e+02 3.210000e+02
2.055000e+02 3.225000e+02
2.055000e+02 3.240000e+02
2.055000e+02 3.255000e+02
2.055000e+02 3.270000e+02
2.055000e+02 3.285000e+02
2.055000e+02 3.300000e+02
2.056250e+02 3.321000e+02
2.057500e+02 3.342000e+02
2.058750e+02 3.363000e+02
2.060000e+02 3.384000e+02
2.060000e+02 3.399000e+02
2.060000e+02 3.414000e+02
2.060000e+02 3.429000e+02
2.060000e+02 3.444000e+02
2.061250e+02 3.456000e+02
2.062500e+02 3.468000e+02
2.063750e+02 3.480000e+02
2.065000e+02 3.492000e+02
2.066250e+02 3.504000e+02
2.067500e+02 3.516000e+02
2.070000e+02 3.540000e+02
2.070000e+02 3.564000e+02
2.070000e+02 3.588000e+02
2.072500e+02 3.612000e+02
2.075000e+02 3.636000e+02
2.077500e+02 3.657000e+02
2.080000e+02 3.678000e+02
2.085000e+02 3.699000e+02
2.090000e+02 3.720000e+02
2.090000e+02 3.735000e+02
2.090000e+02 3.750000e+02
2.092500e+02 3.765000e+02
2.095000e+02 3.780000e+02
2.097500e+02 3.795000e+02
2.100000e+02 3.810000e+02
2.102500e+02 3.822000e+02
2.105000e+02 3.834000e+02
2.110000e+02 3.852000e+02
2.115000e+02 3.870000e+02
2.117500e+02 3.888000e+02
2.120000e+02 3.906000e+02
2.122500e+02 3.927000e+02
2.125000e+02 3.948000e+02
2.132500e+02 3.990000e+02
2.140000e+02 4.032000e+02
2.145000e+02 4.068000e+02
2.150000e+02 4.104000e+02
2.150000e+02 4.104000e+02
2.150000e+02 4.104000e+02
2.090000e+02 9.060000e+01
2.090000e+02 9.060000e+01
2.090000e+02 9.060000e+01
2.090000e+02 9.060000e+01
2.090000e+02 9.060000e+01
2.087500e+02 9.270000e+01
2.085000e+02 9.480000e+01
2.082500e+02 9.690000e+01
2.080000e+02 9.900000e+01
2.080000e+02 9.975000e+01
2.080000e+02 1.005000e+02
2.080000e+02 1.012500e+02
2.080000e+02 1.020000e+02
2.078750e+02 1.048500e+02
2.077500e+02 1.077000e+02
2.076250e+02 1.105500e+02
2.075000e+02 1.134000e+02
2.075000e+02 1.149000e+02
2.075000e+02 1.164000e+02
2.075000e+02 1.179000e+02
2.075000e+02 1.194000e+02
2.073750e+02 1.212000e+02
2.072500e+02 1.230000e+02
2.071250e+02 1.248000e+02
2.070000e+02 1.266000e+02
2.070000e+02 1.281000e+02
2.070000e+02 1.296000e+02
2.070000e+02 1.311000e+02
2.070000e+02 1.326000e+02
2.068750e+02 1.341000e+02
2.067500e+02 1.356000e+02
2.066250e+02 1.371000e+02
2.065000e+02 1.386000e+02
2.065000e+02 1.401000e+02
2.065000e+02 1.416000e+02
2.065000e+02 1.431000e+02
2.065000e+02 1.446000e+02
2.063750e+02 1.458000e+02
2.062500e+02 1.470000e+02
2.061250e+02 1.482000e+02
2.060000e+02 1.494000e+02
2.060000e+02 1.509000e+02
2.060000e+02 1.524000e+02
2.060000e+02 1.539000e+02
2.060000e+02 1.554000e+02
2.060000e+02 1.567500e+02
2.060000e+02 1.581000e+02
2.060000e+02 1.594500e+02
2.060000e+02 1.608000e+02
2.060000e+02 1.621500e+02
2.060000e+02 1.635000e+02
2.060000e+02 1.648500e+02
2.060000e+02 1.662000e+02
2.058750e+02 1.677000e+02
2.057500e+02 1.692000e+02
2.056250e+02 1.707000e+02
2.055000e+02 1.722000e+02
2.055000e+02 1.735500e+02
2.055000e+02 1.749000e+02
2.055000e+02 1.762500e+02
2.055000e+02 1.776000e+02
2.055000e+02 1.789500e+02
2.055000e+02 1.803000e+02
2.055000e+02 1.816500e+02
2.055000e+02 1.830000e+02
2.055000e+02 1.845000e+02
2.055000e+02 1.860000e+02
2.055000e+02 1.875000e+02
2.055000e+02 1.890000e+02
2.056250e+02 1.911000e+02
2.057500e+02 1.932000e+02
2.058750e+02 1.953000e+02
2.060000e+02 1.974000e+02
2.060000e+02 1.996500e+02
2.060000e+02 2.019000e+02
2.060000e+02 2.041500e+02
2.060000e+02 2.064000e+02
2.060000e+02 2.085000e+02
2.060000e+02 2.106000e+02
2.060000e+02 2.127000e+02
2.060000e+02 2.148000e+02
2.060000e+02 2.163000e+02
2.060000e+02 2.178000e+02
2.060000e+02 2.193000e+02
2.060000e+02 2.208000e+02
2.060000e+02 2.221500e+02
2.060000e+02 2.235000e+02
2.060000e+02 2.248500e+02
2.060000e+02 2.262000e+02
2.060000e+02 2.277000e+02
2.060000e+02 2.292000e+02
2.060000e+02 2.307000e+02
2.060000e+02 2.322000e+02
2.060000e+02 2.335500e+02
2.060000e+02 2.349000e+02
2.060000e+02 2.362500e+02
2.060000e+02 2.376000e+02
2.060000e+02 2.389500e+02
2.060000e+02 2.403000e+02
2.060000e+02 2.416500e+02
2.060000e+02 2.430000e+02
2.060000e+02 2.445000e+02
2.060000e+02 2.460000e+02
2.060000e+02 2.475000e+02
2.060000e+02 2.490000e+02
2.060000e+02 2.502000e+02
2.060000e+02 2.514000e+02
2.060000e+02 2.526000e+02
2.060000e+02 2.538000e+02
2.060000e+02 2.550000e+02
2.060000e+02 2.562000e+02
2.060000e+02 2.574000e+02
2.060000e+02 2.586000e+02
2.060000e+02 2.607000e+02
2.060000e+02 2.628000e+02
2.060000e+02 2.649000e+02
2.060000e+02 2.670000e+02
2.060000e+02 2.685000e+02
2.060000e+02 2.700000e+02
2.060000e+02 2.715000e+02
2.060000e+02 2.730000e+02
2.060000e+02 2.748000e+02
2.060000e+02 2.766000e+02
2.060000e+02 2.784000e+02
2.060000e+02 2.802000e+02
2.060000e+02 2.817000e+02
2.060000e+02 2.832000e+02
2.060000e+02 2.847000e+02
2.060000e+02 2.862000e+02
2.060000e+02 2.878500e+02
2.060000e+02 2.895000e+02
2.060000e+02 2.911500e+02
2.060000e+02 2.928000e+02
2.060000e+02 2.943000e+02
2.060000e+02 2.958000e+02
2.060000e+02 2.973000e+02
2.060000e+02 2.988000e+02
2.058750e+02 3.004500e+02
2.057500e+02 3.021000e+02
2.056250e+02 3.037500e+02
2.055000e+02 3.054000e+02
2.055000e+02 3.070500e+02
2.055000e+02 3.087000e+02
2.055000e+02 3.103500e+02
2.055000e+02 3.120000e+02
2.055000e+02 3.135000e+02
2.055000e+02 3.150000e+02
2.055000e+02 3.165000e+02
2.055000e+02 3.180000e+02
2.055000e+02 3.195000e+02
2.055000e+02 3.210000e+02
2.055000e+02 3.225000e+02
2.055000e+02 3.240000e+02
2.055000e+02 3.255000e+02
2.055000e+02 3.270000e+02
2.055000e+02 3.285000e+02
2.055000e+02 3.300000e+02
2.056250e+02 3.321000e+02
2.057500e+02 3.342000e+02
2.058750e+02 3.363000e+02
2.060000e+02 3.384000e+02
2.060000e+02 3.399000e+02
2.060000e+02 3.414000e+02
2.060000e+02 3.429000e+02
2.060000e+02 3.444000e+02
2.061250e+02 3.456000e+02
2.062500e+02 3.468000e+02
2.063750e+02 3.480000e+02
2.065000e+02 3.492000e+02
2.066250e+02 3.504000e+02
2.067500e+02 3.516000e+02
2.070000e+02 3.540000e+02
2.070000e+02 3.564000e+02
2.070000e+02 3.588000e+02
2.072500e+02 3.612000e+02
2.075000e+02 3.636000e+02
2.077500e+02 3.657000e+02
2.080000e+02 3.678000e+02
2.085000e+02 3.699000e+02
2.090000e+02 3.720000e+02
2.090000e+02 3.735000e+02
2.090000e+02 3.750000e+02
2.092500e+02 3.765000e+02
2.095000e+02 3.780000e+02
2.097500e+02 3.795000e+02
2.100000e+02 3.810000e+02
2.102500e+02 3.822000e+02
2.105000e+02 3.834000e+02
2.110000e+02 3.852000e+02
2.115000e+02 3.870000e+02
2.117500e+02 3.888000e+02
2.120000e+02 3.906000e+02
2.122500e+02 3.927000e+02
2.125000e+02 3.948000e+02
2.132500e+02 3.990000e+02
2.140000e+02 4.032000e+02
2.145000e+02 4.068000e+02
2.150000e+02 4.104000e+02
2.150000e+02 4.104000e+02
2.150000e+02 4.104000e+02
