2.440000e+02 1.644000e+02
2.440000e+02 1.644000e+02
2.440000e+02 1.644000e+02
2.432500e+02 1.653000e+02
2.425000e+02 1.662000e+02
2.412500e+02 1.671000e+02
2.400000e+02 1.680000e+02
2.392500e+02 1.686000e+02
2.385000e+02 1.692000e+02
2.372500e+02 1.701000e+02
2.360000e+02 1.710000e+02
2.347500e+02 1.719000e+02
2.335000e+02 1.728000e+02
2.327500e+02 1.737000e+02
2.320000e+02 1.746000e+02
2.290000e+02 1.770000e+02
2.265000e+02 1.800000e+02
2.255000e+02 1.812000e+02
2.235000e+02 1.836000e+02
2.225000e+02 1.848000e+02
2.205000e+02 1.866000e+02
2.190000e+02 1.896000e+02
2.180000e+02 1.908000e+02
2.160000e+02 1.938000e+02
2.140000e+02 1.968000e+02
2.135000e+02 1.980000e+02
2.120000e+02 2.004000e+02
2.105000e+02 2.028000e+02
2.095000e+02 2.040000e+02
2.085000e+02 2.070000e+02
2.075000e+02 2.094000e+02
2.070000e+02 2.112000e+02
2.060000e+02 2.136000e+02
2.055000e+02 2.148000e+02
2.045000e+02 2.172000e+02
2.040000e+02 2.202000e+02
2.035000e+02 2.220000e+02
2.030000e+02 2.250000e+02
2.025000e+02 2.280000e+02
2.025000e+02 2.292000e+02
2.020000e+02 2.316000e+02
2.020000e+02 2.346000e+02
2.020000e+02 2.364000e+02
2.025000e+02 2.400000e+02
2.030000e+02 2.430000e+02
2.030000e+02 2.442000e+02
2.035000e+02 2.472000e+02
2.045000e+02 2.502000e+02
2.055000e+02 2.538000e+02
2.060000e+02 2.556000e+02
2.065000e+02 2.568000e+02
2.075000e+02 2.598000e+02
2.090000e+02 2.622000e+02
2.110000e+02 2.652000e+02
2.120000e+02 2.670000e+02
2.140000e+02 2.700000e+02
2.160000e+02 2.730000e+02
2.170000e+02 2.742000e+02
2.190000e+02 2.766000e+02
2.215000e+02 2.790000e+02
2.225000e+02 2.802000e+02
2.255000e+02 2.838000e+02
2.265000e+02 2.856000e+02
2.285000e+02 2.886000e+02
2.310000e+02 2.910000e+02
2.320000e+02 2.922000e+02
2.345000e+02 2.952000e+02
2.375000e+02 2.982000e+02
2.385000e+02 3.000000e+02
2.410000e+02 3.030000e+02
2.435000e+02 3.060000e+02
2.445000e+02 3.072000e+02
2.475000e+02 3.096000e+02
2.505000e+02 3.126000e+02
2.515000e+02 3.144000e+02
2.545000e+02 3.168000e+02
2.580000e+02 3.198000e+02
2.595000e+02 3.210000e+02
2.625000e+02 3.228000e+02
2.660000e+02 3.240000e+02
2.675000e+02 3.252000e+02
2.710000e+02 3.270000e+02
2.745000e+02 3.288000e+02
2.800000e+02 3.312000e+02
2.840000e+02 3.324000e+02
2.860000e+02 3.336000e+02
2.895000e+02 3.348000e+02
2.915000e+02 3.354000e+02
2.955000e+02 3.366000e+02
2.995000e+02 3.378000e+02
3.035000e+02 3.384000e+02
3.055000e+02 3.384000e+02
3.095000e+02 3.390000e+02
3.135000e+02 3.390000e+02
3.160000e+02 3.390000e+02
3.200000e+02 3.390000e+02
3.240000e+02 3.390000e+02
3.260000e+02 3.384000e+02
3.295000e+02 3.378000e+02
3.320000e+02 3.378000e+02
3.360000e+02 3.366000e+02
3.395000e+02 3.354000e+02
3.430000e+02 3.342000e+02
3.450000e+02 3.336000e+02
3.485000e+02 3.324000e+02
3.510000e+02 3.312000e+02
3.525000e+02 3.300000e+02
3.550000e+02 3.288000e+02
3.575000e+02 3.276000e+02
3.585000e+02 3.264000e+02
3.610000e+02 3.246000e+02
3.620000e+02 3.234000e+02
3.640000e+02 3.210000e+02
3.660000e+02 3.180000e+02
3.670000e+02 3.168000e+02
3.685000e+02 3.144000e+02
3.700000e+02 3.120000e+02
3.710000e+02 3.108000e+02
3.725000e+02 3.078000e+02
3.735000e+02 3.048000e+02
3.740000e+02 3.030000e+02
3.755000e+02 3.000000e+02
3.765000e+02 2.970000e+02
3.770000e+02 2.958000e+02
3.775000e+02 2.916000e+02
3.785000e+02 2.880000e+02
3.790000e+02 2.844000e+02
3.790000e+02 2.826000e+02
3.795000e+02 2.790000e+02
3.800000e+02 2.772000e+02
3.805000e+02 2.724000e+02
3.805000e+02 2.688000e+02
3.805000e+02 2.640000e+02
3.805000e+02 2.616000e+02
3.805000e+02 2.568000e+02
3.805000e+02 2.544000e+02
3.800000e+02 2.502000e+02
3.800000e+02 2.454000e+02
3.795000e+02 2.430000e+02
3.790000e+02 2.388000e+02
3.785000e+02 2.352000e+02
3.780000e+02 2.328000e+02
3.770000e+02 2.280000e+02
3.760000e+02 2.244000e+02
3.745000e+02 2.214000e+02
3.740000e+02 2.196000e+02
3.725000e+02 2.166000e+02
3.705000e+02 2.124000e+02
3.695000e+02 2.112000e+02
3.670000e+02 2.082000e+02
3.640000e+02 2.058000e+02
3.625000e+02 2.046000e+02
3.590000e+02 2.022000e+02
3.575000e+02 2.004000e+02
3.535000e+02 1.974000e+02
3.500000e+02 1.938000e+02
3.485000e+02 1.926000e+02
3.455000e+02 1.902000e+02
3.435000e+02 1.884000e+02
3.400000e+02 1.854000e+02
3.370000e+02 1.824000e+02
3.355000e+02 1.806000e+02
3.330000e+02 1.776000e+02
3.300000e+02 1.752000e+02
3.285000e+02 1.740000e+02
3.255000e+02 1.716000e+02
3.240000e+02 1.710000e+02
3.210000e+02 1.686000e+02
3.180000e+02 1.662000e+02
3.160000e+02 1.650000e+02
3.125000e+02 1.626000e+02
3.095000e+02 1.608000e+02
3.075000e+02 1.602000e+02
3.035000e+02 1.590000e+02
3.000000e+02 1.578000e+02
2.985000e+02 1.578000e+02
2.945000e+02 1.572000e+02
2.925000e+02 1.566000e+02
2.890000e+02 1.560000e+02
2.860000e+02 1.554000e+02
2.845000e+02 1.554000e+02
2.810000e+02 1.554000e+02
2.775000e+02 1.548000e+02
2.760000e+02 1.548000e+02
2.730000e+02 1.542000e+02
2.700000e+02 1.542000e+02
2.665000e+02 1.548000e+02
2.650000e+02 1.548000e+02
2.620000e+02 1.548000e+02
2.590000e+02 1.554000e+02
2.580000e+02 1.554000e+02
2.555000e+02 1.560000e+02
2.535000e+02 1.560000e+02
2.525000e+02 1.566000e+02
2.510000e+02 1.572000e+02
2.505000e+02 1.572000e+02
2.490000e+02 1.584000e+02
2.480000e+02 1.596000e+02
2.470000e+02 1.608000e+02
2.470000e+02 1.608000e+02
