1.355000e+02 1.554000e+02
1.355000e+02 1.554000e+02
1.355000e+02 1.554000e+02
1.355000e+02 1.554000e+02
1.355000e+02 1.554000e+02
1.353750e+02 1.554000e+02
1.352500e+02 1.554000e+02
1.351250e+02 1.554000e+02
1.350000e+02 1.554000e+02
1.350000e+02 1.554000e+02
1.350000e+02 1.554000e+02
1.350000e+02 1.554000e+02
1.350000e+02 1.554000e+02
1.350000e+02 1.555500e+02
1.350000e+02 1.557000e+02
1.350000e+02 1.558500e+02
1.350000e+02 1.560000e+02
1.350000e+02 1.560000e+02
1.350000e+02 1.560000e+02
1.350000e+02 1.560000e+02
1.350000e+02 1.560000e+02
1.353750e+02 1.561500e+02
1.357500e+02 1.563000e+02
1.361250e+02 1.564500e+02
1.365000e+02 1.566000e+02
1.375000e+02 1.569000e+02
1.385000e+02 1.572000e+02
1.395000e+02 1.575000e+02
1.405000e+02 1.578000e+02
1.420000e+02 1.579500e+02
1.435000e+02 1.581000e+02
1.450000e+02 1.582500e+02
1.465000e+02 1.584000e+02
1.483750e+02 1.587000e+02
1.502500e+02 1.590000e+02
1.521250e+02 1.593000e+02
1.540000e+02 1.596000e+02
1.558750e+02 1.597500e+02
1.577500e+02 1.599000e+02
1.596250e+02 1.600500e+02
1.615000e+02 1.602000e+02
1.637500e+02 1.602000e+02
1.660000e+02 1.602000e+02
1.682500e+02 1.602000e+02
1.705000e+02 1.602000e+02
1.737500e+02 1.600500e+02
1.770000e+02 1.599000e+02
1.802500e+02 1.597500e+02
1.835000e+02 1.596000e+02
1.846250e+02 1.594500e+02
1.857500e+02 1.593000e+02
1.868750e+02 1.591500e+02
1.880000e+02 1.590000e+02
1.916250e+02 1.588500e+02
1.952500e+02 1.587000e+02
1.988750e+02 1.585500e+02
2.025000e+02 1.584000e+02
2.037500e+02 1.582500e+02
2.050000e+02 1.581000e+02
2.062500e+02 1.579500e+02
2.075000e+02 1.578000e+02
2.125000e+02 1.576500e+02
2.175000e+02 1.575000e+02
2.225000e+02 1.573500e+02
2.275000e+02 1.572000e+02
2.301250e+02 1.572000e+02
2.327500e+02 1.572000e+02
2.353750e+02 1.572000e+02
2.380000e+02 1.572000e+02
2.407500e+02 1.572000e+02
2.435000e+02 1.572000e+02
2.462500e+02 1.572000e+02
2.490000e+02 1.572000e+02
2.531250e+02 1.570500e+02
2.572500e+02 1.569000e+02
2.613750e+02 1.567500e+02
2.655000e+02 1.566000e+02
2.677500e+02 1.564500e+02
2.700000e+02 1.563000e+02
2.722500e+02 1.561500e+02
2.745000e+02 1.560000e+02
2.770000e+02 1.558500e+02
2.795000e+02 1.557000e+02
2.820000e+02 1.555500e+02
2.845000e+02 1.554000e+02
2.873750e+02 1.551000e+02
2.902500e+02 1.548000e+02
2.931250e+02 1.545000e+02
2.960000e+02 1.542000e+02
2.985000e+02 1.540500e+02
3.010000e+02 1.539000e+02
3.035000e+02 1.537500e+02
3.060000e+02 1.536000e+02
3.098750e+02 1.533000e+02
3.137500e+02 1.530000e+02
3.176250e+02 1.527000e+02
3.215000e+02 1.524000e+02
3.228750e+02 1.524000e+02
3.242500e+02 1.524000e+02
3.256250e+02 1.524000e+02
3.270000e+02 1.524000e+02
3.293750e+02 1.522500e+02
3.317500e+02 1.521000e+02
3.341250e+02 1.519500e+02
3.365000e+02 1.518000e+02
3.392500e+02 1.516500e+02
3.420000e+02 1.515000e+02
3.447500e+02 1.513500e+02
3.475000e+02 1.512000e+02
3.500000e+02 1.510500e+02
3.525000e+02 1.509000e+02
3.550000e+02 1.507500e+02
3.575000e+02 1.506000e+02
3.598750e+02 1.503000e+02
3.622500e+02 1.500000e+02
3.646250e+02 1.497000e+02
3.670000e+02 1.494000e+02
3.706250e+02 1.491000e+02
3.742500e+02 1.488000e+02
3.778750e+02 1.485000e+02
3.815000e+02 1.482000e+02
3.850000e+02 1.479000e+02
3.885000e+02 1.476000e+02
3.920000e+02 1.473000e+02
3.955000e+02 1.470000e+02
3.988750e+02 1.468500e+02
4.022500e+02 1.467000e+02
4.056250e+02 1.465500e+02
4.090000e+02 1.464000e+02
4.115000e+02 1.462500e+02
4.140000e+02 1.461000e+02
4.165000e+02 1.459500e+02
4.190000e+02 1.458000e+02
4.212500e+02 1.456500e+02
4.235000e+02 1.455000e+02
4.257500e+02 1.453500e+02
4.280000e+02 1.452000e+02
4.301250e+02 1.452000e+02
4.322500e+02 1.452000e+02
4.343750e+02 1.452000e+02
4.365000e+02 1.452000e+02
4.388750e+02 1.452000e+02
4.412500e+02 1.452000e+02
4.436250e+02 1.452000e+02
4.460000e+02 1.452000e+02
4.486250e+02 1.450500e+02
4.512500e+02 1.449000e+02
4.538750e+02 1.447500e+02
4.565000e+02 1.446000e+02
4.580000e+02 1.444500e+02
4.595000e+02 1.443000e+02
4.610000e+02 1.441500e+02
4.625000e+02 1.440000e+02
4.638750e+02 1.440000e+02
4.652500e+02 1.440000e+02
4.666250e+02 1.440000e+02
4.680000e+02 1.440000e+02
4.692500e+02 1.440000e+02
4.705000e+02 1.440000e+02
4.717500e+02 1.440000e+02
4.730000e+02 1.440000e+02
4.743750e+02 1.438500e+02
4.757500e+02 1.437000e+02
4.771250e+02 1.435500e+02
4.785000e+02 1.434000e+02
4.800000e+02 1.432500e+02
4.815000e+02 1.431000e+02
4.830000e+02 1.429500e+02
4.845000e+02 1.428000e+02
4.855000e+02 1.428000e+02
4.865000e+02 1.428000e+02
4.875000e+02 1.428000e+02
4.885000e+02 1.428000e+02
4.895000e+02 1.426500e+02
4.905000e+02 1.425000e+02
4.915000e+02 1.423500e+02
4.925000e+02 1.422000e+02
4.935000e+02 1.422000e+02
4.945000e+02 1.422000e+02
4.955000e+02 1.422000e+02
4.965000e+02 1.422000e+02
4.968750e+02 1.422000e+02
4.972500e+02 1.422000e+02
4.976250e+02 1.422000e+02
4.980000e+02 1.422000e+02
4.982500e+02 1.422000e+02
4.985000e+02 1.422000e+02
4.987500e+02 1.422000e+02
4.990000e+02 1.422000e+02
4.992500e+02 1.422000e+02
4.995000e+02 1.422000e+02
4.997500e+02 1.422000e+02
5.000000e+02 1.422000e+02
5.001250e+02 1.422000e+02
5.002500e+02 1.422000e+02
5.005000e+02 1.422000e+02
5.005000e+02 1.422000e+02
5.005000e+02 1.422000e+02
5.005000e+02 1.422000e+02
5.005000e+02 1.422000e+02
1.355000e+02 1.554000e+02
1.355000e+02 1.554000e+02
1.355000e+02 1.554000e+02
1.355000e+02 1.554000e+02
1.355000e+02 1.554000e+02
1.353750e+02 1.554000e+02
1.352500e+02 1.554000e+02
1.351250e+02 1.554000e+02
1.350000e+02 1.554000e+02
1.350000e+02 1.554000e+02
1.350000e+02 1.554000e+02
1.350000e+02 1.554000e+02
1.350000e+02 1.554000e+02
1.350000e+02 1.555500e+02
1.350000e+02 1.557000e+02
1.350000e+02 1.558500e+02
1.350000e+02 1.560000e+02
1.350000e+02 1.560000e+02
1.350000e+02 1.560000e+02
1.350000e+02 1.560000e+02
1.350000e+02 1.560000e+02
1.353750e+02 1.561500e+02
1.357500e+02 1.563000e+02
1.361250e+02 1.564500e+02
1.365000e+02 1.566000e+02
1.375000e+02 1.569000e+02
1.385000e+02 1.572000e+02
1.395000e+02 1.575000e+02
1.405000e+02 1.578000e+02
1.420000e+02 1.579500e+02
1.435000e+02 1.581000e+02
1.450000e+02 1.582500e+02
1.465000e+02 1.584000e+02
1.483750e+02 1.587000e+02
1.502500e+02 1.590000e+02
1.521250e+02 1.593000e+02
1.540000e+02 1.596000e+02
1.558750e+02 1.597500e+02
1.577500e+02 1.599000e+02
1.596250e+02 1.600500e+02
1.615000e+02 1.602000e+02
1.637500e+02 1.602000e+02
1.660000e+02 1.602000e+02
1.682500e+02 1.602000e+02
1.705000e+02 1.602000e+02
1.737500e+02 1.600500e+02
1.770000e+02 1.599000e+02
1.802500e+02 1.597500e+02
1.835000e+02 1.596000e+02
1.846250e+02 1.594500e+02
1.857500e+02 1.593000e+02
1.868750e+02 1.591500e+02
1.880000e+02 1.590000e+02
1.916250e+02 1.588500e+02
1.952500e+02 1.587000e+02
1.988750e+02 1.585500e+02
2.025000e+02 1.584000e+02
2.037500e+02 1.582500e+02
2.050000e+02 1.581000e+02
2.062500e+02 1.579500e+02
2.075000e+02 1.578000e+02
2.125000e+02 1.576500e+02
2.175000e+02 1.575000e+02
2.225000e+02 1.573500e+02
2.275000e+02 1.572000e+02
2.301250e+02 1.572000e+02
2.327500e+02 1.572000e+02
2.353750e+02 1.572000e+02
2.380000e+02 1.572000e+02
2.407500e+02 1.572000e+02
2.435000e+02 1.572000e+02
2.462500e+02 1.572000e+02
2.490000e+02 1.572000e+02
2.531250e+02 1.570500e+02
2.572500e+02 1.569000e+02
2.613750e+02 1.567500e+02
2.655000e+02 1.566000e+02
2.677500e+02 1.564500e+02
2.700000e+02 1.563000e+02
2.722500e+02 1.561500e+02
2.745000e+02 1.560000e+02
2.770000e+02 1.558500e+02
2.795000e+02 1.557000e+02
2.820000e+02 1.555500e+02
2.845000e+02 1.554000e+02
2.873750e+02 1.551000e+02
2.902500e+02 1.548000e+02
2.931250e+02 1.545000e+02
2.960000e+02 1.542000e+02
2.985000e+02 1.540500e+02
3.010000e+02 1.539000e+02
3.035000e+02 1.537500e+02
3.060000e+02 1.536000e+02
3.098750e+02 1.533000e+02
3.137500e+02 1.530000e+02
3.176250e+02 1.527000e+02
3.215000e+02 1.524000e+02
3.228750e+02 1.524000e+02
3.242500e+02 1.524000e+02
3.256250e+02 1.524000e+02
3.270000e+02 1.524000e+02
3.293750e+02 1.522500e+02
3.317500e+02 1.521000e+02
3.341250e+02 1.519500e+02
3.365000e+02 1.518000e+02
3.392500e+02 1.516500e+02
3.420000e+02 1.515000e+02
3.447500e+02 1.513500e+02
3.475000e+02 1.512000e+02
3.500000e+02 1.510500e+02
3.525000e+02 1.509000e+02
3.550000e+02 1.507500e+02
3.575000e+02 1.506000e+02
3.598750e+02 1.503000e+02
3.622500e+02 1.500000e+02
3.646250e+02 1.497000e+02
3.670000e+02 1.494000e+02
3.706250e+02 1.491000e+02
3.742500e+02 1.488000e+02
3.778750e+02 1.485000e+02
3.815000e+02 1.482000e+02
3.850000e+02 1.479000e+02
3.885000e+02 1.476000e+02
3.920000e+02 1.473000e+02
3.955000e+02 1.470000e+02
3.988750e+02 1.468500e+02
4.022500e+02 1.467000e+02
4.056250e+02 1.465500e+02
4.090000e+02 1.464000e+02
4.115000e+02 1.462500e+02
4.140000e+02 1.461000e+02
4.165000e+02 1.459500e+02
4.190000e+02 1.458000e+02
4.212500e+02 1.456500e+02
4.235000e+02 1.455000e+02
4.257500e+02 1.453500e+02
4.280000e+02 1.452000e+02
4.301250e+02 1.452000e+02
4.322500e+02 1.452000e+02
4.343750e+02 1.452000e+02
4.365000e+02 1.452000e+02
4.388750e+02 1.452000e+02
4.412500e+02 1.452000e+02
4.436250e+02 1.452000e+02
4.460000e+02 1.452000e+02
4.486250e+02 1.450500e+02
4.512500e+02 1.449000e+02
4.538750e+02 1.447500e+02
4.565000e+02 1.446000e+02
4.580000e+02 1.444500e+02
4.595000e+02 1.443000e+02
4.610000e+02 1.441500e+02
4.625000e+02 1.440000e+02
4.638750e+02 1.440000e+02
4.652500e+02 1.440000e+02
4.666250e+02 1.440000e+02
4.680000e+02 1.440000e+02
4.692500e+02 1.440000e+02
4.705000e+02 1.440000e+02
4.717500e+02 1.440000e+02
4.730000e+02 1.440000e+02
4.743750e+02 1.438500e+02
4.757500e+02 1.437000e+02
4.771250e+02 1.435500e+02
4.785000e+02 1.434000e+02
4.800000e+02 1.432500e+02
4.815000e+02 1.431000e+02
4.830000e+02 1.429500e+02
4.845000e+02 1.428000e+02
4.855000e+02 1.428000e+02
4.865000e+02 1.428000e+02
4.875000e+02 1.428000e+02
4.885000e+02 1.428000e+02
4.895000e+02 1.426500e+02
4.905000e+02 1.425000e+02
4.915000e+02 1.423500e+02
4.925000e+02 1.422000e+02
4.935000e+02 1.422000e+02
4.945000e+02 1.422000e+02
4.955000e+02 1.422000e+02
4.965000e+02 1.422000e+02
4.968750e+02 1.422000e+02
4.972500e+02 1.422000e+02
4.976250e+02 1.422000e+02
4.980000e+02 1.422000e+02
4.982500e+02 1.422000e+02
4.985000e+02 1.422000e+02
4.987500e+02 1.422000e+02
4.990000e+02 1.422000e+02
4.992500e+02 1.422000e+02
4.995000e+02 1.422000e+02
4.997500e+02 1.422000e+02
5.000000e+02 1.422000e+02
5.001250e+02 1.422000e+02
5.002500e+02 1.422000e+02
5.005000e+02 1.422000e+02
5.005000e+02 1.422000e+02
5.005000e+02 1.422000e+02
5.005000e+02 1.422000e+02
5.005000e+02 1.422000e+02
1.355000e+02 1.554000e+02
1.355000e+02 1.554000e+02
1.355000e+02 1.554000e+02
1.355000e+02 1.554000e+02
1.355000e+02 1.554000e+02
1.353750e+02 1.554000e+02
1.352500e+02 1.554000e+02
1.351250e+02 1.554000e+02
1.350000e+02 1.554000e+02
1.350000e+02 1.554000e+02
1.350000e+02 1.554000e+02
1.350000e+02 1.554000e+02
1.350000e+02 1.554000e+02
1.350000e+02 1.555500e+02
1.350000e+02 1.557000e+02
1.350000e+02 1.558500e+02
1.350000e+02 1.560000e+02
1.350000e+02 1.560000e+02
1.350000e+02 1.560000e+02
1.350000e+02 1.560000e+02
1.350000e+02 1.560000e+02
1.353750e+02 1.561500e+02
1.357500e+02 1.563000e+02
1.361250e+02 1.564500e+02
1.365000e+02 1.566000e+02
1.375000e+02 1.569000e+02
1.385000e+02 1.572000e+02
1.395000e+02 1.575000e+02
1.405000e+02 1.578000e+02
1.420000e+02 1.579500e+02
1.435000e+02 1.581000e+02
1.450000e+02 1.582500e+02
1.465000e+02 1.584000e+02
1.483750e+02 1.587000e+02
1.502500e+02 1.590000e+02
1.521250e+02 1.593000e+02
1.540000e+02 1.596000e+02
1.558750e+02 1.597500e+02
1.577500e+02 1.599000e+02
1.596250e+02 1.600500e+02
1.615000e+02 1.602000e+02
1.637500e+02 1.602000e+02
1.660000e+02 1.602000e+02
1.682500e+02 1.602000e+02
1.705000e+02 1.602000e+02
1.737500e+02 1.600500e+02
1.770000e+02 1.599000e+02
1.802500e+02 1.597500e+02
1.835000e+02 1.596000e+02
1.846250e+02 1.594500e+02
1.857500e+02 1.593000e+02
1.868750e+02 1.591500e+02
1.880000e+02 1.590000e+02
1.916250e+02 1.588500e+02
1.952500e+02 1.587000e+02
1.988750e+02 1.585500e+02
2.025000e+02 1.584000e+02
2.037500e+02 1.582500e+02
2.050000e+02 1.581000e+02
2.062500e+02 1.579500e+02
2.075000e+02 1.578000e+02
2.125000e+02 1.576500e+02
2.175000e+02 1.575000e+02
2.225000e+02 1.573500e+02
2.275000e+02 1.572000e+02
2.301250e+02 1.572000e+02
2.327500e+02 1.572000e+02
2.353750e+02 1.572000e+02
2.380000e+02 1.572000e+02
2.407500e+02 1.572000e+02
2.435000e+02 1.572000e+02
2.462500e+02 1.572000e+02
2.490000e+02 1.572000e+02
2.531250e+02 1.570500e+02
2.572500e+02 1.569000e+02
2.613750e+02 1.567500e+02
2.655000e+02 1.566000e+02
2.677500e+02 1.564500e+02
2.700000e+02 1.563000e+02
2.722500e+02 1.561500e+02
2.745000e+02 1.560000e+02
2.770000e+02 1.558500e+02
2.795000e+02 1.557000e+02
2.820000e+02 1.555500e+02
2.845000e+02 1.554000e+02
2.873750e+02 1.551000e+02
2.902500e+02 1.548000e+02
2.931250e+02 1.545000e+02
2.960000e+02 1.542000e+02
2.985000e+02 1.540500e+02
3.010000e+02 1.539000e+02
3.035000e+02 1.537500e+02
3.060000e+02 1.536000e+02
3.098750e+02 1.533000e+02
3.137500e+02 1.530000e+02
3.176250e+02 1.527000e+02
3.215000e+02 1.524000e+02
3.228750e+02 1.524000e+02
3.242500e+02 1.524000e+02
3.256250e+02 1.524000e+02
3.270000e+02 1.524000e+02
3.293750e+02 1.522500e+02
3.317500e+02 1.521000e+02
3.341250e+02 1.519500e+02
3.365000e+02 1.518000e+02
3.392500e+02 1.516500e+02
3.420000e+02 1.515000e+02
3.447500e+02 1.513500e+02
3.475000e+02 1.512000e+02
3.500000e+02 1.510500e+02
3.525000e+02 1.509000e+02
3.550000e+02 1.507500e+02
3.575000e+02 1.506000e+02
3.598750e+02 1.503000e+02
3.622500e+02 1.500000e+02
3.646250e+02 1.497000e+02
3.670000e+02 1.494000e+02
3.706250e+02 1.491000e+02
3.742500e+02 1.488000e+02
3.778750e+02 1.485000e+02
3.815000e+02 1.482000e+02
3.850000e+02 1.479000e+02
3.885000e+02 1.476000e+02
3.920000e+02 1.473000e+02
3.955000e+02 1.470000e+02
3.988750e+02 1.468500e+02
4.022500e+02 1.467000e+02
4.056250e+02 1.465500e+02
4.090000e+02 1.464000e+02
4.115000e+02 1.462500e+02
4.140000e+02 1.461000e+02
4.165000e+02 1.459500e+02
4.190000e+02 1.458000e+02
4.212500e+02 1.456500e+02
4.235000e+02 1.455000e+02
4.257500e+02 1.453500e+02
4.280000e+02 1.452000e+02
4.301250e+02 1.452000e+02
4.322500e+02 1.452000e+02
4.343750e+02 1.452000e+02
4.365000e+02 1.452000e+02
4.388750e+02 1.452000e+02
4.412500e+02 1.452000e+02
4.436250e+02 1.452000e+02
4.460000e+02 1.452000e+02
4.486250e+02 1.450500e+02
4.512500e+02 1.449000e+02
4.538750e+02 1.447500e+02
4.565000e+02 1.446000e+02
4.580000e+02 1.444500e+02
4.595000e+02 1.443000e+02
4.610000e+02 1.441500e+02
4.625000e+02 1.440000e+02
4.638750e+02 1.440000e+02
4.652500e+02 1.440000e+02
4.666250e+02 1.440000e+02
4.680000e+02 1.440000e+02
4.692500e+02 1.440000e+02
4.705000e+02 1.440000e+02
4.717500e+02 1.440000e+02
4.730000e+02 1.440000e+02
4.743750e+02 1.438500e+02
4.757500e+02 1.437000e+02
4.771250e+02 1.435500e+02
4.785000e+02 1.434000e+02
4.800000e+02 1.432500e+02
4.815000e+02 1.431000e+02
4.830000e+02 1.429500e+02
4.845000e+02 1.428000e+02
4.855000e+02 1.428000e+02
4.865000e+02 1.428000e+02
4.875000e+02 1.428000e+02
4.885000e+02 1.428000e+02
4.895000e+02 1.426500e+02
4.905000e+02 1.425000e+02
4.915000e+02 1.423500e+02
4.925000e+02 1.422000e+02
4.935000e+02 1.422000e+02
4.945000e+02 1.422000e+02
4.955000e+02 1.422000e+02
4.965000e+02 1.422000e+02
4.968750e+02 1.422000e+02
4.972500e+02 1.422000e+02
4.976250e+02 1.422000e+02
4.980000e+02 1.422000e+02
4.982500e+02 1.422000e+02
4.985000e+02 1.422000e+02
4.987500e+02 1.422000e+02
4.990000e+02 1.422000e+02
4.992500e+02 1.422000e+02
4.995000e+02 1.422000e+02
4.997500e+02 1.422000e+02
5.000000e+02 1.422000e+02
5.001250e+02 1.422000e+02
5.002500e+02 1.422000e+02
5.005000e+02 1.422000e+02
5.005000e+02 1.422000e+02
5.005000e+02 1.422000e+02
5.005000e+02 1.422000e+02
5.005000e+02 1.422000e+02
