1.885000e+02 1.386000e+02
1.885000e+02 1.386000e+02
1.885000e+02 1.386000e+02
1.885000e+02 1.386000e+02
1.885000e+02 1.386000e+02
1.885000e+02 1.386000e+02
1.885000e+02 1.386000e+02
1.885000e+02 1.386000e+02
1.885000e+02 1.386000e+02
1.885000e+02 1.384500e+02
1.885000e+02 1.383000e+02
1.885000e+02 1.381500e+02
1.885000e+02 1.380000e+02
1.883750e+02 1.380000e+02
1.882500e+02 1.380000e+02
1.881250e+02 1.380000e+02
1.880000e+02 1.380000e+02
1.880000e+02 1.380000e+02
1.880000e+02 1.380000e+02
1.880000e+02 1.380000e+02
1.880000e+02 1.380000e+02
1.881250e+02 1.380000e+02
1.882500e+02 1.380000e+02
1.883750e+02 1.380000e+02
1.885000e+02 1.380000e+02
1.890000e+02 1.389000e+02
1.895000e+02 1.398000e+02
1.900000e+02 1.407000e+02
1.905000e+02 1.416000e+02
1.913750e+02 1.431000e+02
1.922500e+02 1.446000e+02
1.931250e+02 1.461000e+02
1.940000e+02 1.476000e+02
1.950000e+02 1.492500e+02
1.960000e+02 1.509000e+02
1.970000e+02 1.525500e+02
1.980000e+02 1.542000e+02
1.990000e+02 1.563000e+02
2.000000e+02 1.584000e+02
2.010000e+02 1.605000e+02
2.020000e+02 1.626000e+02
2.030000e+02 1.647000e+02
2.040000e+02 1.668000e+02
2.050000e+02 1.689000e+02
2.060000e+02 1.710000e+02
2.068750e+02 1.734000e+02
2.077500e+02 1.758000e+02
2.086250e+02 1.782000e+02
2.095000e+02 1.806000e+02
2.103750e+02 1.831500e+02
2.112500e+02 1.857000e+02
2.121250e+02 1.882500e+02
2.130000e+02 1.908000e+02
2.137500e+02 1.936500e+02
2.145000e+02 1.965000e+02
2.152500e+02 1.993500e+02
2.160000e+02 2.022000e+02
2.168750e+02 2.049000e+02
2.177500e+02 2.076000e+02
2.186250e+02 2.103000e+02
2.195000e+02 2.130000e+02
2.203750e+02 2.157000e+02
2.212500e+02 2.184000e+02
2.221250e+02 2.211000e+02
2.230000e+02 2.238000e+02
2.238750e+02 2.280000e+02
2.247500e+02 2.322000e+02
2.265000e+02 2.406000e+02
2.272500e+02 2.436000e+02
2.280000e+02 2.466000e+02
2.302500e+02 2.562000e+02
2.325000e+02 2.658000e+02
2.335000e+02 2.703000e+02
2.345000e+02 2.748000e+02
2.357500e+02 2.805000e+02
2.370000e+02 2.862000e+02
2.380000e+02 2.913000e+02
2.390000e+02 2.964000e+02
2.400000e+02 3.003000e+02
2.410000e+02 3.042000e+02
2.422500e+02 3.090000e+02
2.435000e+02 3.138000e+02
2.445000e+02 3.171000e+02
2.455000e+02 3.204000e+02
2.467500e+02 3.234000e+02
2.480000e+02 3.264000e+02
2.490000e+02 3.291000e+02
2.500000e+02 3.318000e+02
2.510000e+02 3.336000e+02
2.520000e+02 3.354000e+02
2.530000e+02 3.369000e+02
2.540000e+02 3.384000e+02
2.550000e+02 3.396000e+02
2.560000e+02 3.408000e+02
2.572500e+02 3.420000e+02
2.585000e+02 3.432000e+02
2.597500e+02 3.441000e+02
2.610000e+02 3.450000e+02
2.615000e+02 3.450000e+02
2.620000e+02 3.450000e+02
2.637500e+02 3.450000e+02
2.655000e+02 3.450000e+02
2.670000e+02 3.444000e+02
2.685000e+02 3.438000e+02
2.705000e+02 3.429000e+02
2.725000e+02 3.420000e+02
2.755000e+02 3.402000e+02
2.785000e+02 3.384000e+02
2.815000e+02 3.369000e+02
2.845000e+02 3.354000e+02
2.880000e+02 3.327000e+02
2.915000e+02 3.300000e+02
2.945000e+02 3.282000e+02
2.975000e+02 3.264000e+02
3.010000e+02 3.243000e+02
3.045000e+02 3.222000e+02
3.082500e+02 3.198000e+02
3.120000e+02 3.174000e+02
3.160000e+02 3.150000e+02
3.200000e+02 3.126000e+02
3.260000e+02 3.093000e+02
3.320000e+02 3.060000e+02
3.365000e+02 3.036000e+02
3.410000e+02 3.012000e+02
3.447500e+02 2.991000e+02
3.485000e+02 2.970000e+02
3.530000e+02 2.946000e+02
3.575000e+02 2.922000e+02
3.620000e+02 2.898000e+02
3.665000e+02 2.874000e+02
3.705000e+02 2.850000e+02
3.745000e+02 2.826000e+02
3.785000e+02 2.805000e+02
3.825000e+02 2.784000e+02
3.867500e+02 2.763000e+02
3.910000e+02 2.742000e+02
3.955000e+02 2.715000e+02
4.000000e+02 2.688000e+02
4.042500e+02 2.667000e+02
4.085000e+02 2.646000e+02
4.132500e+02 2.625000e+02
4.180000e+02 2.604000e+02
4.225000e+02 2.577000e+02
4.270000e+02 2.550000e+02
4.312500e+02 2.526000e+02
4.355000e+02 2.502000e+02
4.405000e+02 2.478000e+02
4.455000e+02 2.454000e+02
4.522500e+02 2.418000e+02
4.590000e+02 2.382000e+02
4.635000e+02 2.361000e+02
4.680000e+02 2.340000e+02
4.720000e+02 2.325000e+02
4.760000e+02 2.310000e+02
4.802500e+02 2.292000e+02
4.845000e+02 2.274000e+02
4.890000e+02 2.253000e+02
4.935000e+02 2.232000e+02
4.977500e+02 2.214000e+02
5.020000e+02 2.196000e+02
5.057500e+02 2.184000e+02
5.095000e+02 2.172000e+02
5.135000e+02 2.160000e+02
5.175000e+02 2.148000e+02
5.207500e+02 2.136000e+02
5.240000e+02 2.124000e+02
5.290000e+02 2.106000e+02
5.340000e+02 2.088000e+02
5.377500e+02 2.073000e+02
5.415000e+02 2.058000e+02
5.445000e+02 2.046000e+02
5.475000e+02 2.034000e+02
5.492500e+02 2.028000e+02
5.510000e+02 2.022000e+02
5.537500e+02 2.013000e+02
5.565000e+02 2.004000e+02
5.605000e+02 1.989000e+02
5.645000e+02 1.974000e+02
5.665000e+02 1.965000e+02
5.685000e+02 1.956000e+02
5.702500e+02 1.947000e+02
5.720000e+02 1.938000e+02
5.740000e+02 1.929000e+02
5.760000e+02 1.920000e+02
5.777500e+02 1.911000e+02
5.795000e+02 1.902000e+02
5.807500e+02 1.896000e+02
5.820000e+02 1.890000e+02
5.830000e+02 1.887000e+02
5.840000e+02 1.884000e+02
5.845000e+02 1.881000e+02
5.850000e+02 1.878000e+02
5.855000e+02 1.875000e+02
5.860000e+02 1.872000e+02
5.862500e+02 1.872000e+02
5.865000e+02 1.872000e+02
5.872500e+02 1.872000e+02
5.880000e+02 1.872000e+02
5.880000e+02 1.872000e+02
5.880000e+02 1.872000e+02
1.885000e+02 1.386000e+02
1.885000e+02 1.386000e+02
1.885000e+02 1.386000e+02
1.885000e+02 1.386000e+02
1.885000e+02 1.386000e+02
1.885000e+02 1.386000e+02
1.885000e+02 1.386000e+02
1.885000e+02 1.386000e+02
1.885000e+02 1.386000e+02
1.885000e+02 1.384500e+02
1.885000e+02 1.383000e+02
1.885000e+02 1.381500e+02
1.885000e+02 1.380000e+02
1.883750e+02 1.380000e+02
1.882500e+02 1.380000e+02
1.881250e+02 1.380000e+02
1.880000e+02 1.380000e+02
1.880000e+02 1.380000e+02
1.880000e+02 1.380000e+02
1.880000e+02 1.380000e+02
1.880000e+02 1.380000e+02
1.881250e+02 1.380000e+02
1.882500e+02 1.380000e+02
1.883750e+02 1.380000e+02
1.885000e+02 1.380000e+02
1.890000e+02 1.389000e+02
1.895000e+02 1.398000e+02
1.900000e+02 1.407000e+02
1.905000e+02 1.416000e+02
1.913750e+02 1.431000e+02
1.922500e+02 1.446000e+02
1.931250e+02 1.461000e+02
1.940000e+02 1.476000e+02
1.950000e+02 1.492500e+02
1.960000e+02 1.509000e+02
1.970000e+02 1.525500e+02
1.980000e+02 1.542000e+02
1.990000e+02 1.563000e+02
2.000000e+02 1.584000e+02
2.010000e+02 1.605000e+02
2.020000e+02 1.626000e+02
2.030000e+02 1.647000e+02
2.040000e+02 1.668000e+02
2.050000e+02 1.689000e+02
2.060000e+02 1.710000e+02
2.068750e+02 1.734000e+02
2.077500e+02 1.758000e+02
2.086250e+02 1.782000e+02
2.095000e+02 1.806000e+02
2.103750e+02 1.831500e+02
2.112500e+02 1.857000e+02
2.121250e+02 1.882500e+02
2.130000e+02 1.908000e+02
2.137500e+02 1.936500e+02
2.145000e+02 1.965000e+02
2.152500e+02 1.993500e+02
2.160000e+02 2.022000e+02
2.168750e+02 2.049000e+02
2.177500e+02 2.076000e+02
2.186250e+02 2.103000e+02
2.195000e+02 2.130000e+02
2.203750e+02 2.157000e+02
2.212500e+02 2.184000e+02
2.221250e+02 2.211000e+02
2.230000e+02 2.238000e+02
2.238750e+02 2.280000e+02
2.247500e+02 2.322000e+02
2.265000e+02 2.406000e+02
2.272500e+02 2.436000e+02
2.280000e+02 2.466000e+02
2.302500e+02 2.562000e+02
2.325000e+02 2.658000e+02
2.335000e+02 2.703000e+02
2.345000e+02 2.748000e+02
2.357500e+02 2.805000e+02
2.370000e+02 2.862000e+02
2.380000e+02 2.913000e+02
2.390000e+02 2.964000e+02
2.400000e+02 3.003000e+02
2.410000e+02 3.042000e+02
2.422500e+02 3.090000e+02
2.435000e+02 3.138000e+02
2.445000e+02 3.171000e+02
2.455000e+02 3.204000e+02
2.467500e+02 3.234000e+02
2.480000e+02 3.264000e+02
2.490000e+02 3.291000e+02
2.500000e+02 3.318000e+02
2.510000e+02 3.336000e+02
2.520000e+02 3.354000e+02
2.530000e+02 3.369000e+02
2.540000e+02 3.384000e+02
2.550000e+02 3.396000e+02
2.560000e+02 3.408000e+02
2.572500e+02 3.420000e+02
2.585000e+02 3.432000e+02
2.597500e+02 3.441000e+02
2.610000e+02 3.450000e+02
2.615000e+02 3.450000e+02
2.620000e+02 3.450000e+02
2.637500e+02 3.450000e+02
2.655000e+02 3.450000e+02
2.670000e+02 3.444000e+02
2.685000e+02 3.438000e+02
2.705000e+02 3.429000e+02
2.725000e+02 3.420000e+02
2.755000e+02 3.402000e+02
2.785000e+02 3.384000e+02
2.815000e+02 3.369000e+02
2.845000e+02 3.354000e+02
2.880000e+02 3.327000e+02
2.915000e+02 3.300000e+02
2.945000e+02 3.282000e+02
2.975000e+02 3.264000e+02
3.010000e+02 3.243000e+02
3.045000e+02 3.222000e+02
3.082500e+02 3.198000e+02
3.120000e+02 3.174000e+02
3.160000e+02 3.150000e+02
3.200000e+02 3.126000e+02
3.260000e+02 3.093000e+02
3.320000e+02 3.060000e+02
3.365000e+02 3.036000e+02
3.410000e+02 3.012000e+02
3.447500e+02 2.991000e+02
3.485000e+02 2.970000e+02
3.530000e+02 2.946000e+02
3.575000e+02 2.922000e+02
3.620000e+02 2.898000e+02
3.665000e+02 2.874000e+02
3.705000e+02 2.850000e+02
3.745000e+02 2.826000e+02
3.785000e+02 2.805000e+02
3.825000e+02 2.784000e+02
3.867500e+02 2.763000e+02
3.910000e+02 2.742000e+02
3.955000e+02 2.715000e+02
4.000000e+02 2.688000e+02
4.042500e+02 2.667000e+02
4.085000e+02 2.646000e+02
4.132500e+02 2.625000e+02
4.180000e+02 2.604000e+02
4.225000e+02 2.577000e+02
4.270000e+02 2.550000e+02
4.312500e+02 2.526000e+02
4.355000e+02 2.502000e+02
4.405000e+02 2.478000e+02
4.455000e+02 2.454000e+02
4.522500e+02 2.418000e+02
4.590000e+02 2.382000e+02
4.635000e+02 2.361000e+02
4.680000e+02 2.340000e+02
4.720000e+02 2.325000e+02
4.760000e+02 2.310000e+02
4.802500e+02 2.292000e+02
4.845000e+02 2.274000e+02
4.890000e+02 2.253000e+02
4.935000e+02 2.232000e+02
4.977500e+02 2.214000e+02
5.020000e+02 2.196000e+02
5.057500e+02 2.184000e+02
5.095000e+02 2.172000e+02
5.135000e+02 2.160000e+02
5.175000e+02 2.148000e+02
5.207500e+02 2.136000e+02
5.240000e+02 2.124000e+02
5.290000e+02 2.106000e+02
5.340000e+02 2.088000e+02
5.377500e+02 2.073000e+02
5.415000e+02 2.058000e+02
5.445000e+02 2.046000e+02
5.475000e+02 2.034000e+02
5.492500e+02 2.028000e+02
5.510000e+02 2.022000e+02
5.537500e+02 2.013000e+02
5.565000e+02 2.004000e+02
5.605000e+02 1.989000e+02
5.645000e+02 1.974000e+02
5.665000e+02 1.965000e+02
5.685000e+02 1.956000e+02
5.702500e+02 1.947000e+02
5.720000e+02 1.938000e+02
5.740000e+02 1.929000e+02
5.760000e+02 1.920000e+02
5.777500e+02 1.911000e+02
5.795000e+02 1.902000e+02
5.807500e+02 1.896000e+02
5.820000e+02 1.890000e+02
5.830000e+02 1.887000e+02
5.840000e+02 1.884000e+02
5.845000e+02 1.881000e+02
5.850000e+02 1.878000e+02
5.855000e+02 1.875000e+02
5.860000e+02 1.872000e+02
5.862500e+02 1.872000e+02
5.865000e+02 1.872000e+02
5.872500e+02 1.872000e+02
5.880000e+02 1.872000e+02
5.880000e+02 1.872000e+02
5.880000e+02 1.872000e+02
1.885000e+02 1.386000e+02
1.885000e+02 1.386000e+02
1.885000e+02 1.386000e+02
1.885000e+02 1.386000e+02
1.885000e+02 1.386000e+02
1.885000e+02 1.386000e+02
1.885000e+02 1.386000e+02
1.885000e+02 1.386000e+02
1.885000e+02 1.386000e+02
1.885000e+02 1.384500e+02
1.885000e+02 1.383000e+02
1.885000e+02 1.381500e+02
1.885000e+02 1.380000e+02
1.883750e+02 1.380000e+02
1.882500e+02 1.380000e+02
1.881250e+02 1.380000e+02
1.880000e+02 1.380000e+02
1.880000e+02 1.380000e+02
1.880000e+02 1.380000e+02
1.880000e+02 1.380000e+02
1.880000e+02 1.380000e+02
1.881250e+02 1.380000e+02
1.882500e+02 1.380000e+02
1.883750e+02 1.380000e+02
1.885000e+02 1.380000e+02
1.890000e+02 1.389000e+02
1.895000e+02 1.398000e+02
1.900000e+02 1.407000e+02
1.905000e+02 1.416000e+02
1.913750e+02 1.431000e+02
1.922500e+02 1.446000e+02
1.931250e+02 1.461000e+02
1.940000e+02 1.476000e+02
1.950000e+02 1.492500e+02
1.960000e+02 1.509000e+02
1.970000e+02 1.525500e+02
1.980000e+02 1.542000e+02
1.990000e+02 1.563000e+02
2.000000e+02 1.584000e+02
2.010000e+02 1.605000e+02
2.020000e+02 1.626000e+02
2.030000e+02 1.647000e+02
2.040000e+02 1.668000e+02
2.050000e+02 1.689000e+02
2.060000e+02 1.710000e+02
2.068750e+02 1.734000e+02
2.077500e+02 1.758000e+02
2.086250e+02 1.782000e+02
2.095000e+02 1.806000e+02
2.103750e+02 1.831500e+02
2.112500e+02 1.857000e+02
2.121250e+02 1.882500e+02
2.130000e+02 1.908000e+02
2.137500e+02 1.936500e+02
2.145000e+02 1.965000e+02
2.152500e+02 1.993500e+02
2.160000e+02 2.022000e+02
2.168750e+02 2.049000e+02
2.177500e+02 2.076000e+02
2.186250e+02 2.103000e+02
2.195000e+02 2.130000e+02
2.203750e+02 2.157000e+02
2.212500e+02 2.184000e+02
2.221250e+02 2.211000e+02
2.230000e+02 2.238000e+02
2.238750e+02 2.280000e+02
2.247500e+02 2.322000e+02
2.265000e+02 2.406000e+02
2.272500e+02 2.436000e+02
2.280000e+02 2.466000e+02
2.302500e+02 2.562000e+02
2.325000e+02 2.658000e+02
2.335000e+02 2.703000e+02
2.345000e+02 2.748000e+02
2.357500e+02 2.805000e+02
2.370000e+02 2.862000e+02
2.380000e+02 2.913000e+02
2.390000e+02 2.964000e+02
2.400000e+02 3.003000e+02
2.410000e+02 3.042000e+02
2.422500e+02 3.090000e+02
2.435000e+02 3.138000e+02
2.445000e+02 3.171000e+02
2.455000e+02 3.204000e+02
2.467500e+02 3.234000e+02
2.480000e+02 3.264000e+02
2.490000e+02 3.291000e+02
2.500000e+02 3.318000e+02
2.510000e+02 3.336000e+02
2.520000e+02 3.354000e+02
2.530000e+02 3.369000e+02
2.540000e+02 3.384000e+02
2.550000e+02 3.396000e+02
2.560000e+02 3.408000e+02
2.572500e+02 3.420000e+02
2.585000e+02 3.432000e+02
2.597500e+02 3.441000e+02
2.610000e+02 3.450000e+02
2.615000e+02 3.450000e+02
2.620000e+02 3.450000e+02
2.637500e+02 3.450000e+02
2.655000e+02 3.450000e+02
2.670000e+02 3.444000e+02
2.685000e+02 3.438000e+02
2.705000e+02 3.429000e+02
2.725000e+02 3.420000e+02
2.755000e+02 3.402000e+02
2.785000e+02 3.384000e+02
2.815000e+02 3.369000e+02
2.845000e+02 3.354000e+02
2.880000e+02 3.327000e+02
2.915000e+02 3.300000e+02
2.945000e+02 3.282000e+02
2.975000e+02 3.264000e+02
3.010000e+02 3.243000e+02
3.045000e+02 3.222000e+02
3.082500e+02 3.198000e+02
3.120000e+02 3.174000e+02
3.160000e+02 3.150000e+02
3.200000e+02 3.126000e+02
3.260000e+02 3.093000e+02
3.320000e+02 3.060000e+02
3.365000e+02 3.036000e+02
3.410000e+02 3.012000e+02
3.447500e+02 2.991000e+02
3.485000e+02 2.970000e+02
3.530000e+02 2.946000e+02
3.575000e+02 2.922000e+02
3.620000e+02 2.898000e+02
3.665000e+02 2.874000e+02
3.705000e+02 2.850000e+02
3.745000e+02 2.826000e+02
3.785000e+02 2.805000e+02
3.825000e+02 2.784000e+02
3.867500e+02 2.763000e+02
3.910000e+02 2.742000e+02
3.955000e+02 2.715000e+02
4.000000e+02 2.688000e+02
4.042500e+02 2.667000e+02
4.085000e+02 2.646000e+02
4.132500e+02 2.625000e+02
4.180000e+02 2.604000e+02
4.225000e+02 2.577000e+02
4.270000e+02 2.550000e+02
4.312500e+02 2.526000e+02
4.355000e+02 2.502000e+02
4.405000e+02 2.478000e+02
4.455000e+02 2.454000e+02
4.522500e+02 2.418000e+02
4.590000e+02 2.382000e+02
4.635000e+02 2.361000e+02
4.680000e+02 2.340000e+02
4.720000e+02 2.325000e+02
4.760000e+02 2.310000e+02
4.802500e+02 2.292000e+02
4.845000e+02 2.274000e+02
4.890000e+02 2.253000e+02
4.935000e+02 2.232000e+02
4.977500e+02 2.214000e+02
5.020000e+02 2.196000e+02
5.057500e+02 2.184000e+02
5.095000e+02 2.172000e+02
5.135000e+02 2.160000e+02
5.175000e+02 2.148000e+02
5.207500e+02 2.136000e+02
5.240000e+02 2.124000e+02
5.290000e+02 2.106000e+02
5.340000e+02 2.088000e+02
5.377500e+02 2.073000e+02
5.415000e+02 2.058000e+02
5.445000e+02 2.046000e+02
5.475000e+02 2.034000e+02
5.492500e+02 2.028000e+02
5.510000e+02 2.022000e+02
5.537500e+02 2.013000e+02
5.565000e+02 2.004000e+02
5.605000e+02 1.989000e+02
5.645000e+02 1.974000e+02
5.665000e+02 1.965000e+02
5.685000e+02 1.956000e+02
5.702500e+02 1.947000e+02
5.720000e+02 1.938000e+02
5.740000e+02 1.929000e+02
5.760000e+02 1.920000e+02
5.777500e+02 1.911000e+02
5.795000e+02 1.902000e+02
5.807500e+02 1.896000e+02
5.820000e+02 1.890000e+02
5.830000e+02 1.887000e+02
5.840000e+02 1.884000e+02
5.845000e+02 1.881000e+02
5.850000e+02 1.878000e+02
5.855000e+02 1.875000e+02
5.860000e+02 1.872000e+02
5.862500e+02 1.872000e+02
5.865000e+02 1.872000e+02
5.872500e+02 1.872000e+02
5.880000e+02 1.872000e+02
5.880000e+02 1.872000e+02
5.880000e+02 1.872000e+02
