1.895000e+02 1.560000e+02
1.895000e+02 1.560000e+02
1.895000e+02 1.560000e+02
1.892500e+02 1.557000e+02
1.890000e+02 1.554000e+02
1.885000e+02 1.551000e+02
1.880000e+02 1.548000e+02
1.872500e+02 1.545000e+02
1.865000e+02 1.542000e+02
1.855000e+02 1.542000e+02
1.845000e+02 1.542000e+02
1.837500e+02 1.545000e+02
1.830000e+02 1.548000e+02
1.810000e+02 1.551000e+02
1.790000e+02 1.554000e+02
1.770000e+02 1.563000e+02
1.750000e+02 1.572000e+02
1.737500e+02 1.575000e+02
1.725000e+02 1.578000e+02
1.700000e+02 1.593000e+02
1.675000e+02 1.608000e+02
1.660000e+02 1.617000e+02
1.645000e+02 1.626000e+02
1.620000e+02 1.644000e+02
1.595000e+02 1.662000e+02
1.567500e+02 1.677000e+02
1.540000e+02 1.692000e+02
1.530000e+02 1.701000e+02
1.520000e+02 1.710000e+02
1.495000e+02 1.734000e+02
1.470000e+02 1.758000e+02
1.447500e+02 1.779000e+02
1.425000e+02 1.800000e+02
1.415000e+02 1.809000e+02
1.405000e+02 1.818000e+02
1.387500e+02 1.842000e+02
1.370000e+02 1.866000e+02
1.355000e+02 1.890000e+02
1.340000e+02 1.914000e+02
1.325000e+02 1.932000e+02
1.310000e+02 1.950000e+02
1.302500e+02 1.962000e+02
1.295000e+02 1.974000e+02
1.285000e+02 1.998000e+02
1.275000e+02 2.022000e+02
1.270000e+02 2.034000e+02
1.265000e+02 2.046000e+02
1.257500e+02 2.070000e+02
1.250000e+02 2.094000e+02
1.240000e+02 2.130000e+02
1.240000e+02 2.178000e+02
1.240000e+02 2.202000e+02
1.245000e+02 2.250000e+02
1.250000e+02 2.268000e+02
1.255000e+02 2.310000e+02
1.265000e+02 2.364000e+02
1.275000e+02 2.412000e+02
1.280000e+02 2.436000e+02
1.290000e+02 2.490000e+02
1.295000e+02 2.520000e+02
1.310000e+02 2.568000e+02
1.320000e+02 2.628000e+02
1.325000e+02 2.658000e+02
1.345000e+02 2.706000e+02
1.355000e+02 2.730000e+02
1.375000e+02 2.790000e+02
1.400000e+02 2.844000e+02
1.410000e+02 2.868000e+02
1.430000e+02 2.916000e+02
1.455000e+02 2.970000e+02
1.475000e+02 2.994000e+02
1.505000e+02 3.036000e+02
1.535000e+02 3.078000e+02
1.555000e+02 3.102000e+02
1.595000e+02 3.144000e+02
1.610000e+02 3.162000e+02
1.645000e+02 3.186000e+02
1.685000e+02 3.210000e+02
1.720000e+02 3.234000e+02
1.740000e+02 3.240000e+02
1.775000e+02 3.258000e+02
1.810000e+02 3.270000e+02
1.830000e+02 3.276000e+02
1.865000e+02 3.288000e+02
1.895000e+02 3.300000e+02
1.915000e+02 3.300000e+02
1.945000e+02 3.306000e+02
1.975000e+02 3.312000e+02
1.990000e+02 3.312000e+02
2.020000e+02 3.318000e+02
2.045000e+02 3.318000e+02
2.055000e+02 3.318000e+02
2.080000e+02 3.318000e+02
2.090000e+02 3.318000e+02
2.115000e+02 3.312000e+02
2.140000e+02 3.306000e+02
2.160000e+02 3.300000e+02
2.170000e+02 3.294000e+02
2.190000e+02 3.288000e+02
2.200000e+02 3.282000e+02
2.225000e+02 3.276000e+02
2.245000e+02 3.270000e+02
2.255000e+02 3.264000e+02
2.275000e+02 3.258000e+02
2.295000e+02 3.252000e+02
2.305000e+02 3.246000e+02
2.325000e+02 3.240000e+02
2.335000e+02 3.234000e+02
2.360000e+02 3.222000e+02
2.385000e+02 3.210000e+02
2.410000e+02 3.198000e+02
2.420000e+02 3.186000e+02
2.440000e+02 3.168000e+02
2.455000e+02 3.162000e+02
2.480000e+02 3.138000e+02
2.500000e+02 3.120000e+02
2.525000e+02 3.102000e+02
2.535000e+02 3.090000e+02
2.555000e+02 3.066000e+02
2.580000e+02 3.042000e+02
2.585000e+02 3.030000e+02
2.610000e+02 3.000000e+02
2.630000e+02 2.976000e+02
2.640000e+02 2.958000e+02
2.665000e+02 2.928000e+02
2.675000e+02 2.910000e+02
2.690000e+02 2.874000e+02
2.705000e+02 2.838000e+02
2.720000e+02 2.814000e+02
2.740000e+02 2.766000e+02
2.750000e+02 2.748000e+02
2.765000e+02 2.712000e+02
2.775000e+02 2.676000e+02
2.780000e+02 2.658000e+02
2.790000e+02 2.628000e+02
2.800000e+02 2.592000e+02
2.805000e+02 2.574000e+02
2.810000e+02 2.544000e+02
2.810000e+02 2.514000e+02
2.815000e+02 2.502000e+02
2.820000e+02 2.466000e+02
2.820000e+02 2.430000e+02
2.825000e+02 2.388000e+02
2.825000e+02 2.358000e+02
2.825000e+02 2.346000e+02
2.820000e+02 2.316000e+02
2.815000e+02 2.274000e+02
2.815000e+02 2.262000e+02
2.810000e+02 2.226000e+02
2.805000e+02 2.196000e+02
2.795000e+02 2.166000e+02
2.790000e+02 2.148000e+02
2.775000e+02 2.112000e+02
2.760000e+02 2.076000e+02
2.750000e+02 2.064000e+02
2.730000e+02 2.034000e+02
2.710000e+02 1.998000e+02
2.700000e+02 1.980000e+02
2.680000e+02 1.944000e+02
2.655000e+02 1.914000e+02
2.625000e+02 1.884000e+02
2.615000e+02 1.872000e+02
2.590000e+02 1.842000e+02
2.580000e+02 1.824000e+02
2.560000e+02 1.794000e+02
2.535000e+02 1.764000e+02
2.525000e+02 1.752000e+02
2.500000e+02 1.734000e+02
2.480000e+02 1.716000e+02
2.465000e+02 1.704000e+02
2.450000e+02 1.686000e+02
2.440000e+02 1.674000e+02
2.415000e+02 1.656000e+02
2.390000e+02 1.638000e+02
2.380000e+02 1.626000e+02
2.360000e+02 1.608000e+02
2.340000e+02 1.596000e+02
2.315000e+02 1.578000e+02
2.305000e+02 1.578000e+02
2.285000e+02 1.566000e+02
2.265000e+02 1.554000e+02
2.255000e+02 1.548000e+02
2.235000e+02 1.536000e+02
2.215000e+02 1.524000e+02
2.205000e+02 1.518000e+02
2.180000e+02 1.512000e+02
2.155000e+02 1.506000e+02
2.130000e+02 1.500000e+02
2.115000e+02 1.500000e+02
2.090000e+02 1.500000e+02
2.075000e+02 1.500000e+02
2.040000e+02 1.500000e+02
2.010000e+02 1.506000e+02
1.990000e+02 1.512000e+02
1.960000e+02 1.524000e+02
1.945000e+02 1.530000e+02
1.915000e+02 1.554000e+02
1.880000e+02 1.590000e+02
1.865000e+02 1.614000e+02
1.865000e+02 1.614000e+02
