2.380000e+02 8.280000e+01
2.380000e+02 8.280000e+01
2.380000e+02 8.280000e+01
2.380000e+02 8.280000e+01
2.380000e+02 8.280000e+01
2.380000e+02 8.280000e+01
2.380000e+02 8.280000e+01
2.382500e+02 8.310000e+01
2.385000e+02 8.340000e+01
2.390000e+02 8.430000e+01
2.395000e+02 8.520000e+01
2.410000e+02 8.700000e+01
2.425000e+02 8.880000e+01
2.442500e+02 9.090000e+01
2.460000e+02 9.300000e+01
2.477500e+02 9.570000e+01
2.495000e+02 9.840000e+01
2.517500e+02 1.014000e+02
2.540000e+02 1.044000e+02
2.562500e+02 1.074000e+02
2.585000e+02 1.104000e+02
2.605000e+02 1.140000e+02
2.625000e+02 1.176000e+02
2.662500e+02 1.230000e+02
2.700000e+02 1.284000e+02
2.722500e+02 1.320000e+02
2.745000e+02 1.356000e+02
2.772500e+02 1.398000e+02
2.800000e+02 1.440000e+02
2.837500e+02 1.497000e+02
2.875000e+02 1.554000e+02
2.902500e+02 1.596000e+02
2.930000e+02 1.638000e+02
2.957500e+02 1.683000e+02
2.985000e+02 1.728000e+02
3.032500e+02 1.797000e+02
3.080000e+02 1.866000e+02
3.095000e+02 1.887000e+02
3.110000e+02 1.908000e+02
3.160000e+02 1.974000e+02
3.210000e+02 2.040000e+02
3.237500e+02 2.085000e+02
3.265000e+02 2.130000e+02
3.282500e+02 2.154000e+02
3.300000e+02 2.178000e+02
3.350000e+02 2.250000e+02
3.400000e+02 2.322000e+02
3.417500e+02 2.349000e+02
3.435000e+02 2.376000e+02
3.492500e+02 2.466000e+02
3.550000e+02 2.556000e+02
3.575000e+02 2.595000e+02
3.600000e+02 2.634000e+02
3.630000e+02 2.682000e+02
3.660000e+02 2.730000e+02
3.675000e+02 2.748000e+02
3.690000e+02 2.766000e+02
3.730000e+02 2.826000e+02
3.770000e+02 2.886000e+02
3.797500e+02 2.922000e+02
3.825000e+02 2.958000e+02
3.850000e+02 2.994000e+02
3.875000e+02 3.030000e+02
3.902500e+02 3.063000e+02
3.930000e+02 3.096000e+02
3.955000e+02 3.126000e+02
3.980000e+02 3.156000e+02
4.000000e+02 3.183000e+02
4.020000e+02 3.210000e+02
4.042500e+02 3.234000e+02
4.065000e+02 3.258000e+02
4.095000e+02 3.291000e+02
4.125000e+02 3.324000e+02
4.142500e+02 3.342000e+02
4.160000e+02 3.360000e+02
4.172500e+02 3.375000e+02
4.185000e+02 3.390000e+02
4.197500e+02 3.402000e+02
4.210000e+02 3.414000e+02
4.220000e+02 3.423000e+02
4.230000e+02 3.432000e+02
4.235000e+02 3.441000e+02
4.240000e+02 3.450000e+02
4.247500e+02 3.456000e+02
4.255000e+02 3.462000e+02
4.257500e+02 3.468000e+02
4.260000e+02 3.474000e+02
4.262500e+02 3.477000e+02
4.265000e+02 3.480000e+02
4.267500e+02 3.480000e+02
4.270000e+02 3.480000e+02
4.270000e+02 3.483000e+02
4.270000e+02 3.486000e+02
4.270000e+02 3.486000e+02
4.270000e+02 3.486000e+02
4.270000e+02 3.489000e+02
4.270000e+02 3.492000e+02
4.270000e+02 3.492000e+02
4.270000e+02 3.492000e+02
4.267500e+02 3.492000e+02
4.265000e+02 3.492000e+02
4.265000e+02 3.489000e+02
4.265000e+02 3.486000e+02
4.260000e+02 3.486000e+02
4.255000e+02 3.486000e+02
4.245000e+02 3.483000e+02
4.235000e+02 3.480000e+02
4.215000e+02 3.468000e+02
4.185000e+02 3.462000e+02
4.115000e+02 3.444000e+02
4.085000e+02 3.438000e+02
4.010000e+02 3.426000e+02
3.910000e+02 3.420000e+02
3.785000e+02 3.414000e+02
3.665000e+02 3.408000e+02
3.535000e+02 3.408000e+02
3.415000e+02 3.414000e+02
3.295000e+02 3.414000e+02
3.160000e+02 3.420000e+02
3.020000e+02 3.432000e+02
2.810000e+02 3.456000e+02
2.585000e+02 3.492000e+02
2.430000e+02 3.528000e+02
2.350000e+02 3.540000e+02
2.195000e+02 3.576000e+02
2.050000e+02 3.612000e+02
1.925000e+02 3.642000e+02
1.790000e+02 3.672000e+02
1.625000e+02 3.708000e+02
1.580000e+02 3.720000e+02
1.425000e+02 3.750000e+02
1.360000e+02 3.762000e+02
1.310000e+02 3.768000e+02
1.270000e+02 3.768000e+02
1.240000e+02 3.768000e+02
1.210000e+02 3.768000e+02
1.195000e+02 3.768000e+02
1.190000e+02 3.762000e+02
1.185000e+02 3.762000e+02
1.180000e+02 3.762000e+02
1.175000e+02 3.756000e+02
1.175000e+02 3.750000e+02
1.175000e+02 3.750000e+02
1.175000e+02 3.744000e+02
1.175000e+02 3.738000e+02
1.175000e+02 3.732000e+02
1.180000e+02 3.726000e+02
1.190000e+02 3.714000e+02
1.210000e+02 3.702000e+02
1.240000e+02 3.678000e+02
1.300000e+02 3.630000e+02
1.365000e+02 3.576000e+02
1.445000e+02 3.516000e+02
1.490000e+02 3.480000e+02
1.580000e+02 3.408000e+02
1.685000e+02 3.330000e+02
1.730000e+02 3.294000e+02
1.890000e+02 3.174000e+02
1.990000e+02 3.102000e+02
2.105000e+02 3.030000e+02
2.215000e+02 2.952000e+02
2.340000e+02 2.862000e+02
2.445000e+02 2.784000e+02
2.610000e+02 2.664000e+02
2.720000e+02 2.580000e+02
2.835000e+02 2.490000e+02
2.965000e+02 2.388000e+02
3.080000e+02 2.304000e+02
3.200000e+02 2.214000e+02
3.250000e+02 2.178000e+02
3.365000e+02 2.082000e+02
3.490000e+02 1.992000e+02
3.600000e+02 1.908000e+02
3.715000e+02 1.824000e+02
3.825000e+02 1.740000e+02
3.945000e+02 1.644000e+02
4.060000e+02 1.560000e+02
4.210000e+02 1.446000e+02
4.250000e+02 1.416000e+02
4.390000e+02 1.320000e+02
4.465000e+02 1.272000e+02
4.550000e+02 1.224000e+02
4.615000e+02 1.182000e+02
4.680000e+02 1.152000e+02
4.735000e+02 1.122000e+02
4.790000e+02 1.104000e+02
4.835000e+02 1.086000e+02
4.900000e+02 1.050000e+02
4.930000e+02 1.038000e+02
4.965000e+02 1.014000e+02
4.970000e+02 1.014000e+02
4.980000e+02 1.008000e+02
4.985000e+02 1.002000e+02
4.990000e+02 9.960000e+01
4.995000e+02 9.960000e+01
4.995000e+02 9.960000e+01
4.995000e+02 9.960000e+01
4.995000e+02 9.960000e+01
4.995000e+02 9.960000e+01
4.995000e+02 9.960000e+01
2.380000e+02 8.280000e+01
2.380000e+02 8.280000e+01
2.380000e+02 8.280000e+01
2.380000e+02 8.280000e+01
2.380000e+02 8.280000e+01
2.380000e+02 8.280000e+01
2.380000e+02 8.280000e+01
2.382500e+02 8.310000e+01
2.385000e+02 8.340000e+01
2.390000e+02 8.430000e+01
2.395000e+02 8.520000e+01
2.410000e+02 8.700000e+01
2.425000e+02 8.880000e+01
2.442500e+02 9.090000e+01
2.460000e+02 9.300000e+01
2.477500e+02 9.570000e+01
2.495000e+02 9.840000e+01
2.517500e+02 1.014000e+02
2.540000e+02 1.044000e+02
2.562500e+02 1.074000e+02
2.585000e+02 1.104000e+02
2.605000e+02 1.140000e+02
2.625000e+02 1.176000e+02
2.662500e+02 1.230000e+02
2.700000e+02 1.284000e+02
2.722500e+02 1.320000e+02
2.745000e+02 1.356000e+02
2.772500e+02 1.398000e+02
2.800000e+02 1.440000e+02
2.837500e+02 1.497000e+02
2.875000e+02 1.554000e+02
2.902500e+02 1.596000e+02
2.930000e+02 1.638000e+02
2.957500e+02 1.683000e+02
2.985000e+02 1.728000e+02
3.032500e+02 1.797000e+02
3.080000e+02 1.866000e+02
3.095000e+02 1.887000e+02
3.110000e+02 1.908000e+02
3.160000e+02 1.974000e+02
3.210000e+02 2.040000e+02
3.237500e+02 2.085000e+02
3.265000e+02 2.130000e+02
3.282500e+02 2.154000e+02
3.300000e+02 2.178000e+02
3.350000e+02 2.250000e+02
3.400000e+02 2.322000e+02
3.417500e+02 2.349000e+02
3.435000e+02 2.376000e+02
3.492500e+02 2.466000e+02
3.550000e+02 2.556000e+02
3.575000e+02 2.595000e+02
3.600000e+02 2.634000e+02
3.630000e+02 2.682000e+02
3.660000e+02 2.730000e+02
3.675000e+02 2.748000e+02
3.690000e+02 2.766000e+02
3.730000e+02 2.826000e+02
3.770000e+02 2.886000e+02
3.797500e+02 2.922000e+02
3.825000e+02 2.958000e+02
3.850000e+02 2.994000e+02
3.875000e+02 3.030000e+02
3.902500e+02 3.063000e+02
3.930000e+02 3.096000e+02
3.955000e+02 3.126000e+02
3.980000e+02 3.156000e+02
4.000000e+02 3.183000e+02
4.020000e+02 3.210000e+02
4.042500e+02 3.234000e+02
4.065000e+02 3.258000e+02
4.095000e+02 3.291000e+02
4.125000e+02 3.324000e+02
4.142500e+02 3.342000e+02
4.160000e+02 3.360000e+02
4.172500e+02 3.375000e+02
4.185000e+02 3.390000e+02
4.197500e+02 3.402000e+02
4.210000e+02 3.414000e+02
4.220000e+02 3.423000e+02
4.230000e+02 3.432000e+02
4.235000e+02 3.441000e+02
4.240000e+02 3.450000e+02
4.247500e+02 3.456000e+02
4.255000e+02 3.462000e+02
4.257500e+02 3.468000e+02
4.260000e+02 3.474000e+02
4.262500e+02 3.477000e+02
4.265000e+02 3.480000e+02
4.267500e+02 3.480000e+02
4.270000e+02 3.480000e+02
4.270000e+02 3.483000e+02
4.270000e+02 3.486000e+02
4.270000e+02 3.486000e+02
4.270000e+02 3.486000e+02
4.270000e+02 3.489000e+02
4.270000e+02 3.492000e+02
4.270000e+02 3.492000e+02
4.270000e+02 3.492000e+02
4.267500e+02 3.492000e+02
4.265000e+02 3.492000e+02
4.265000e+02 3.489000e+02
4.265000e+02 3.486000e+02
4.260000e+02 3.486000e+02
4.255000e+02 3.486000e+02
4.245000e+02 3.483000e+02
4.235000e+02 3.480000e+02
4.215000e+02 3.468000e+02
4.185000e+02 3.462000e+02
4.115000e+02 3.444000e+02
4.085000e+02 3.438000e+02
4.010000e+02 3.426000e+02
3.910000e+02 3.420000e+02
3.785000e+02 3.414000e+02
3.665000e+02 3.408000e+02
3.535000e+02 3.408000e+02
3.415000e+02 3.414000e+02
3.295000e+02 3.414000e+02
3.160000e+02 3.420000e+02
3.020000e+02 3.432000e+02
2.810000e+02 3.456000e+02
2.585000e+02 3.492000e+02
2.430000e+02 3.528000e+02
2.350000e+02 3.540000e+02
2.195000e+02 3.576000e+02
2.050000e+02 3.612000e+02
1.925000e+02 3.642000e+02
1.790000e+02 3.672000e+02
1.625000e+02 3.708000e+02
1.580000e+02 3.720000e+02
1.425000e+02 3.750000e+02
1.360000e+02 3.762000e+02
1.310000e+02 3.768000e+02
1.270000e+02 3.768000e+02
1.240000e+02 3.768000e+02
1.210000e+02 3.768000e+02
1.195000e+02 3.768000e+02
1.190000e+02 3.762000e+02
1.185000e+02 3.762000e+02
1.180000e+02 3.762000e+02
1.175000e+02 3.756000e+02
1.175000e+02 3.750000e+02
1.175000e+02 3.750000e+02
1.175000e+02 3.744000e+02
1.175000e+02 3.738000e+02
1.175000e+02 3.732000e+02
1.180000e+02 3.726000e+02
1.190000e+02 3.714000e+02
1.210000e+02 3.702000e+02
1.240000e+02 3.678000e+02
1.300000e+02 3.630000e+02
1.365000e+02 3.576000e+02
1.445000e+02 3.516000e+02
1.490000e+02 3.480000e+02
1.580000e+02 3.408000e+02
1.685000e+02 3.330000e+02
1.730000e+02 3.294000e+02
1.890000e+02 3.174000e+02
1.990000e+02 3.102000e+02
2.105000e+02 3.030000e+02
2.215000e+02 2.952000e+02
2.340000e+02 2.862000e+02
2.445000e+02 2.784000e+02
2.610000e+02 2.664000e+02
2.720000e+02 2.580000e+02
2.835000e+02 2.490000e+02
2.965000e+02 2.388000e+02
3.080000e+02 2.304000e+02
3.200000e+02 2.214000e+02
3.250000e+02 2.178000e+02
3.365000e+02 2.082000e+02
3.490000e+02 1.992000e+02
3.600000e+02 1.908000e+02
3.715000e+02 1.824000e+02
3.825000e+02 1.740000e+02
3.945000e+02 1.644000e+02
4.060000e+02 1.560000e+02
4.210000e+02 1.446000e+02
4.250000e+02 1.416000e+02
4.390000e+02 1.320000e+02
4.465000e+02 1.272000e+02
4.550000e+02 1.224000e+02
4.615000e+02 1.182000e+02
4.680000e+02 1.152000e+02
4.735000e+02 1.122000e+02
4.790000e+02 1.104000e+02
4.835000e+02 1.086000e+02
4.900000e+02 1.050000e+02
4.930000e+02 1.038000e+02
4.965000e+02 1.014000e+02
4.970000e+02 1.014000e+02
4.980000e+02 1.008000e+02
4.985000e+02 1.002000e+02
4.990000e+02 9.960000e+01
4.995000e+02 9.960000e+01
4.995000e+02 9.960000e+01
4.995000e+02 9.960000e+01
4.995000e+02 9.960000e+01
4.995000e+02 9.960000e+01
4.995000e+02 9.960000e+01
2.380000e+02 8.280000e+01
2.380000e+02 8.280000e+01
2.380000e+02 8.280000e+01
2.380000e+02 8.280000e+01
2.380000e+02 8.280000e+01
2.380000e+02 8.280000e+01
2.380000e+02 8.280000e+01
2.382500e+02 8.310000e+01
2.385000e+02 8.340000e+01
2.390000e+02 8.430000e+01
2.395000e+02 8.520000e+01
2.410000e+02 8.700000e+01
2.425000e+02 8.880000e+01
2.442500e+02 9.090000e+01
2.460000e+02 9.300000e+01
2.477500e+02 9.570000e+01
2.495000e+02 9.840000e+01
2.517500e+02 1.014000e+02
2.540000e+02 1.044000e+02
2.562500e+02 1.074000e+02
2.585000e+02 1.104000e+02
2.605000e+02 1.140000e+02
2.625000e+02 1.176000e+02
2.662500e+02 1.230000e+02
2.700000e+02 1.284000e+02
2.722500e+02 1.320000e+02
2.745000e+02 1.356000e+02
2.772500e+02 1.398000e+02
2.800000e+02 1.440000e+02
2.837500e+02 1.497000e+02
2.875000e+02 1.554000e+02
2.902500e+02 1.596000e+02
2.930000e+02 1.638000e+02
2.957500e+02 1.683000e+02
2.985000e+02 1.728000e+02
3.032500e+02 1.797000e+02
3.080000e+02 1.866000e+02
3.095000e+02 1.887000e+02
3.110000e+02 1.908000e+02
3.160000e+02 1.974000e+02
3.210000e+02 2.040000e+02
3.237500e+02 2.085000e+02
3.265000e+02 2.130000e+02
3.282500e+02 2.154000e+02
3.300000e+02 2.178000e+02
3.350000e+02 2.250000e+02
3.400000e+02 2.322000e+02
3.417500e+02 2.349000e+02
3.435000e+02 2.376000e+02
3.492500e+02 2.466000e+02
3.550000e+02 2.556000e+02
3.575000e+02 2.595000e+02
3.600000e+02 2.634000e+02
3.630000e+02 2.682000e+02
3.660000e+02 2.730000e+02
3.675000e+02 2.748000e+02
3.690000e+02 2.766000e+02
3.730000e+02 2.826000e+02
3.770000e+02 2.886000e+02
3.797500e+02 2.922000e+02
3.825000e+02 2.958000e+02
3.850000e+02 2.994000e+02
3.875000e+02 3.030000e+02
3.902500e+02 3.063000e+02
3.930000e+02 3.096000e+02
3.955000e+02 3.126000e+02
3.980000e+02 3.156000e+02
4.000000e+02 3.183000e+02
4.020000e+02 3.210000e+02
4.042500e+02 3.234000e+02
4.065000e+02 3.258000e+02
4.095000e+02 3.291000e+02
4.125000e+02 3.324000e+02
4.142500e+02 3.342000e+02
4.160000e+02 3.360000e+02
4.172500e+02 3.375000e+02
4.185000e+02 3.390000e+02
4.197500e+02 3.402000e+02
4.210000e+02 3.414000e+02
4.220000e+02 3.423000e+02
4.230000e+02 3.432000e+02
4.235000e+02 3.441000e+02
4.240000e+02 3.450000e+02
4.247500e+02 3.456000e+02
4.255000e+02 3.462000e+02
4.257500e+02 3.468000e+02
4.260000e+02 3.474000e+02
4.262500e+02 3.477000e+02
4.265000e+02 3.480000e+02
4.267500e+02 3.480000e+02
4.270000e+02 3.480000e+02
4.270000e+02 3.483000e+02
4.270000e+02 3.486000e+02
4.270000e+02 3.486000e+02
4.270000e+02 3.486000e+02
4.270000e+02 3.489000e+02
4.270000e+02 3.492000e+02
4.270000e+02 3.492000e+02
4.270000e+02 3.492000e+02
4.267500e+02 3.492000e+02
4.265000e+02 3.492000e+02
4.265000e+02 3.489000e+02
4.265000e+02 3.486000e+02
4.260000e+02 3.486000e+02
4.255000e+02 3.486000e+02
4.245000e+02 3.483000e+02
4.235000e+02 3.480000e+02
4.215000e+02 3.468000e+02
4.185000e+02 3.462000e+02
4.115000e+02 3.444000e+02
4.085000e+02 3.438000e+02
4.010000e+02 3.426000e+02
3.910000e+02 3.420000e+02
3.785000e+02 3.414000e+02
3.665000e+02 3.408000e+02
3.535000e+02 3.408000e+02
3.415000e+02 3.414000e+02
3.295000e+02 3.414000e+02
3.160000e+02 3.420000e+02
3.020000e+02 3.432000e+02
2.810000e+02 3.456000e+02
2.585000e+02 3.492000e+02
2.430000e+02 3.528000e+02
2.350000e+02 3.540000e+02
2.195000e+02 3.576000e+02
2.050000e+02 3.612000e+02
1.925000e+02 3.642000e+02
1.790000e+02 3.672000e+02
1.625000e+02 3.708000e+02
1.580000e+02 3.720000e+02
1.425000e+02 3.750000e+02
1.360000e+02 3.762000e+02
1.310000e+02 3.768000e+02
1.270000e+02 3.768000e+02
1.240000e+02 3.768000e+02
1.210000e+02 3.768000e+02
1.195000e+02 3.768000e+02
1.190000e+02 3.762000e+02
1.185000e+02 3.762000e+02
1.180000e+02 3.762000e+02
1.175000e+02 3.756000e+02
1.175000e+02 3.750000e+02
1.175000e+02 3.750000e+02
1.175000e+02 3.744000e+02
1.175000e+02 3.738000e+02
1.175000e+02 3.732000e+02
1.180000e+02 3.726000e+02
1.190000e+02 3.714000e+02
1.210000e+02 3.702000e+02
1.240000e+02 3.678000e+02
1.300000e+02 3.630000e+02
1.365000e+02 3.576000e+02
1.445000e+02 3.516000e+02
1.490000e+02 3.480000e+02
1.580000e+02 3.408000e+02
1.685000e+02 3.330000e+02
1.730000e+02 3.294000e+02
1.890000e+02 3.174000e+02
1.990000e+02 3.102000e+02
2.105000e+02 3.030000e+02
2.215000e+02 2.952000e+02
2.340000e+02 2.862000e+02
2.445000e+02 2.784000e+02
2.610000e+02 2.664000e+02
2.720000e+02 2.580000e+02
2.835000e+02 2.490000e+02
2.965000e+02 2.388000e+02
3.080000e+02 2.304000e+02
3.200000e+02 2.214000e+02
3.250000e+02 2.178000e+02
3.365000e+02 2.082000e+02
3.490000e+02 1.992000e+02
3.600000e+02 1.908000e+02
3.715000e+02 1.824000e+02
3.825000e+02 1.740000e+02
3.945000e+02 1.644000e+02
4.060000e+02 1.560000e+02
4.210000e+02 1.446000e+02
4.250000e+02 1.416000e+02
4.390000e+02 1.320000e+02
4.465000e+02 1.272000e+02
4.550000e+02 1.224000e+02
4.615000e+02 1.182000e+02
4.680000e+02 1.152000e+02
4.735000e+02 1.122000e+02
4.790000e+02 1.104000e+02
4.835000e+02 1.086000e+02
4.900000e+02 1.050000e+02
4.930000e+02 1.038000e+02
4.965000e+02 1.014000e+02
4.970000e+02 1.014000e+02
4.980000e+02 1.008000e+02
4.985000e+02 1.002000e+02
4.990000e+02 9.960000e+01
4.995000e+02 9.960000e+01
4.995000e+02 9.960000e+01
4.995000e+02 9.960000e+01
4.995000e+02 9.960000e+01
4.995000e+02 9.960000e+01
4.995000e+02 9.960000e+01
