2.175000e+02 1.002000e+02
2.175000e+02 1.002000e+02
2.175000e+02 1.002000e+02
2.172500e+02 1.002000e+02
2.170000e+02 1.002000e+02
2.170000e+02 1.002000e+02
2.170000e+02 1.002000e+02
2.170000e+02 1.002000e+02
2.170000e+02 1.002000e+02
2.170000e+02 1.002000e+02
2.170000e+02 1.002000e+02
2.170000e+02 1.002000e+02
2.170000e+02 1.002000e+02
2.170000e+02 1.002000e+02
2.170000e+02 1.002000e+02
2.172500e+02 1.008000e+02
2.175000e+02 1.014000e+02
2.182500e+02 1.023000e+02
2.190000e+02 1.032000e+02
2.202500e+02 1.050000e+02
2.215000e+02 1.068000e+02
2.227500e+02 1.089000e+02
2.240000e+02 1.110000e+02
2.252500e+02 1.137000e+02
2.265000e+02 1.164000e+02
2.292500e+02 1.212000e+02
2.320000e+02 1.260000e+02
2.342500e+02 1.299000e+02
2.365000e+02 1.338000e+02
2.387500e+02 1.380000e+02
2.410000e+02 1.422000e+02
2.435000e+02 1.467000e+02
2.460000e+02 1.512000e+02
2.487500e+02 1.566000e+02
2.515000e+02 1.620000e+02
2.542500e+02 1.674000e+02
2.570000e+02 1.728000e+02
2.600000e+02 1.785000e+02
2.630000e+02 1.842000e+02
2.665000e+02 1.902000e+02
2.700000e+02 1.962000e+02
2.730000e+02 2.019000e+02
2.760000e+02 2.076000e+02
2.795000e+02 2.139000e+02
2.830000e+02 2.202000e+02
2.880000e+02 2.289000e+02
2.930000e+02 2.376000e+02
2.950000e+02 2.409000e+02
2.970000e+02 2.442000e+02
3.022500e+02 2.526000e+02
3.075000e+02 2.610000e+02
3.107500e+02 2.664000e+02
3.140000e+02 2.718000e+02
3.177500e+02 2.772000e+02
3.215000e+02 2.826000e+02
3.245000e+02 2.871000e+02
3.275000e+02 2.916000e+02
3.312500e+02 2.973000e+02
3.350000e+02 3.030000e+02
3.382500e+02 3.078000e+02
3.415000e+02 3.126000e+02
3.432500e+02 3.147000e+02
3.450000e+02 3.168000e+02
3.480000e+02 3.213000e+02
3.510000e+02 3.258000e+02
3.542500e+02 3.303000e+02
3.575000e+02 3.348000e+02
3.620000e+02 3.411000e+02
3.665000e+02 3.474000e+02
3.692500e+02 3.510000e+02
3.720000e+02 3.546000e+02
3.755000e+02 3.594000e+02
3.790000e+02 3.642000e+02
3.812500e+02 3.672000e+02
3.835000e+02 3.702000e+02
3.852500e+02 3.729000e+02
3.870000e+02 3.756000e+02
3.890000e+02 3.777000e+02
3.910000e+02 3.798000e+02
3.925000e+02 3.816000e+02
3.940000e+02 3.834000e+02
3.955000e+02 3.855000e+02
3.970000e+02 3.876000e+02
3.977500e+02 3.882000e+02
3.985000e+02 3.888000e+02
3.990000e+02 3.900000e+02
3.995000e+02 3.912000e+02
4.000000e+02 3.915000e+02
4.005000e+02 3.918000e+02
4.005000e+02 3.921000e+02
4.005000e+02 3.924000e+02
4.007500e+02 3.924000e+02
4.010000e+02 3.924000e+02
4.010000e+02 3.924000e+02
4.010000e+02 3.924000e+02
4.010000e+02 3.924000e+02
4.010000e+02 3.924000e+02
4.010000e+02 3.924000e+02
4.010000e+02 3.924000e+02
4.010000e+02 3.924000e+02
4.010000e+02 3.924000e+02
4.010000e+02 3.924000e+02
4.010000e+02 3.924000e+02
4.007500e+02 3.921000e+02
4.005000e+02 3.918000e+02
4.002500e+02 3.918000e+02
4.000000e+02 3.918000e+02
3.995000e+02 3.915000e+02
3.990000e+02 3.912000e+02
3.980000e+02 3.909000e+02
3.970000e+02 3.906000e+02
3.922500e+02 3.903000e+02
3.875000e+02 3.900000e+02
3.845000e+02 3.903000e+02
3.815000e+02 3.906000e+02
3.755000e+02 3.912000e+02
3.695000e+02 3.918000e+02
3.630000e+02 3.921000e+02
3.565000e+02 3.924000e+02
3.470000e+02 3.924000e+02
3.355000e+02 3.924000e+02
3.245000e+02 3.930000e+02
3.130000e+02 3.936000e+02
3.010000e+02 3.942000e+02
2.810000e+02 3.954000e+02
2.665000e+02 3.966000e+02
2.455000e+02 3.984000e+02
2.335000e+02 3.996000e+02
2.220000e+02 4.008000e+02
2.105000e+02 4.020000e+02
2.010000e+02 4.032000e+02
1.930000e+02 4.038000e+02
1.820000e+02 4.050000e+02
1.760000e+02 4.056000e+02
1.690000e+02 4.068000e+02
1.650000e+02 4.068000e+02
1.615000e+02 4.074000e+02
1.590000e+02 4.074000e+02
1.575000e+02 4.074000e+02
1.560000e+02 4.080000e+02
1.550000e+02 4.080000e+02
1.540000e+02 4.080000e+02
1.535000e+02 4.074000e+02
1.530000e+02 4.074000e+02
1.530000e+02 4.074000e+02
1.525000e+02 4.074000e+02
1.525000e+02 4.068000e+02
1.525000e+02 4.068000e+02
1.525000e+02 4.068000e+02
1.525000e+02 4.062000e+02
1.525000e+02 4.062000e+02
1.530000e+02 4.056000e+02
1.540000e+02 4.044000e+02
1.585000e+02 4.008000e+02
1.645000e+02 3.942000e+02
1.715000e+02 3.876000e+02
1.830000e+02 3.756000e+02
1.960000e+02 3.624000e+02
2.040000e+02 3.540000e+02
2.130000e+02 3.444000e+02
2.235000e+02 3.342000e+02
2.335000e+02 3.240000e+02
2.455000e+02 3.108000e+02
2.555000e+02 3.000000e+02
2.665000e+02 2.892000e+02
2.765000e+02 2.778000e+02
2.935000e+02 2.604000e+02
3.060000e+02 2.472000e+02
3.165000e+02 2.358000e+02
3.275000e+02 2.238000e+02
3.375000e+02 2.130000e+02
3.485000e+02 2.022000e+02
3.595000e+02 1.908000e+02
3.690000e+02 1.824000e+02
3.820000e+02 1.704000e+02
3.870000e+02 1.662000e+02
3.955000e+02 1.584000e+02
4.000000e+02 1.542000e+02
4.085000e+02 1.458000e+02
4.165000e+02 1.386000e+02
4.240000e+02 1.314000e+02
4.335000e+02 1.218000e+02
4.420000e+02 1.128000e+02
4.465000e+02 1.092000e+02
4.505000e+02 1.044000e+02
4.545000e+02 1.008000e+02
4.580000e+02 9.780000e+01
4.605000e+02 9.540000e+01
4.625000e+02 9.300000e+01
4.640000e+02 9.120000e+01
4.655000e+02 9.000000e+01
4.665000e+02 8.880000e+01
4.680000e+02 8.760000e+01
4.685000e+02 8.700000e+01
4.690000e+02 8.640000e+01
4.695000e+02 8.640000e+01
4.695000e+02 8.640000e+01
4.695000e+02 8.640000e+01
4.700000e+02 8.640000e+01
4.700000e+02 8.640000e+01
