3.335000e+02 3.840000e+02
3.335000e+02 3.840000e+02
3.335000e+02 3.840000e+02
3.335000e+02 3.840000e+02
3.335000e+02 3.840000e+02
3.335000e+02 3.840000e+02
3.335000e+02 3.840000e+02
3.335000e+02 3.840000e+02
3.335000e+02 3.840000e+02
3.335000e+02 3.840000e+02
3.335000e+02 3.840000e+02
3.335000e+02 3.840000e+02
3.335000e+02 3.840000e+02
3.335000e+02 3.840000e+02
3.335000e+02 3.840000e+02
3.335000e+02 3.840000e+02
3.335000e+02 3.840000e+02
3.334375e+02 3.840000e+02
3.333750e+02 3.840000e+02
3.333125e+02 3.840000e+02
3.332500e+02 3.840000e+02
3.331875e+02 3.840000e+02
3.331250e+02 3.840000e+02
3.330625e+02 3.840000e+02
3.330000e+02 3.840000e+02
3.330000e+02 3.840000e+02
3.330000e+02 3.840000e+02
3.330000e+02 3.840000e+02
3.330000e+02 3.840000e+02
3.330000e+02 3.840000e+02
3.330000e+02 3.840000e+02
3.330000e+02 3.840000e+02
3.330000e+02 3.838500e+02
3.330000e+02 3.837000e+02
3.330000e+02 3.835500e+02
3.330000e+02 3.834000e+02
3.328750e+02 3.823500e+02
3.327500e+02 3.813000e+02
3.326250e+02 3.802500e+02
3.325000e+02 3.792000e+02
3.322500e+02 3.771000e+02
3.320000e+02 3.750000e+02
3.317500e+02 3.729000e+02
3.315000e+02 3.708000e+02
3.312500e+02 3.687000e+02
3.310000e+02 3.666000e+02
3.307500e+02 3.645000e+02
3.305000e+02 3.624000e+02
3.302500e+02 3.601500e+02
3.300000e+02 3.579000e+02
3.297500e+02 3.556500e+02
3.295000e+02 3.534000e+02
3.291250e+02 3.499500e+02
3.287500e+02 3.465000e+02
3.283750e+02 3.430500e+02
3.280000e+02 3.396000e+02
3.276250e+02 3.373500e+02
3.272500e+02 3.351000e+02
3.268750e+02 3.328500e+02
3.265000e+02 3.306000e+02
3.262500e+02 3.282000e+02
3.260000e+02 3.258000e+02
3.257500e+02 3.234000e+02
3.255000e+02 3.210000e+02
3.252500e+02 3.186000e+02
3.250000e+02 3.162000e+02
3.247500e+02 3.138000e+02
3.245000e+02 3.114000e+02
3.241250e+02 3.088500e+02
3.237500e+02 3.063000e+02
3.233750e+02 3.037500e+02
3.230000e+02 3.012000e+02
3.226250e+02 2.986500e+02
3.222500e+02 2.961000e+02
3.218750e+02 2.935500e+02
3.215000e+02 2.910000e+02
3.211250e+02 2.887500e+02
3.207500e+02 2.865000e+02
3.203750e+02 2.842500e+02
3.200000e+02 2.820000e+02
3.196250e+02 2.781000e+02
3.192500e+02 2.742000e+02
3.188750e+02 2.703000e+02
3.185000e+02 2.664000e+02
3.182500e+02 2.638500e+02
3.180000e+02 2.613000e+02
3.177500e+02 2.587500e+02
3.175000e+02 2.562000e+02
3.172500e+02 2.523000e+02
3.170000e+02 2.484000e+02
3.167500e+02 2.445000e+02
3.165000e+02 2.406000e+02
3.165000e+02 2.382000e+02
3.165000e+02 2.358000e+02
3.165000e+02 2.334000e+02
3.165000e+02 2.310000e+02
3.163750e+02 2.286000e+02
3.162500e+02 2.262000e+02
3.161250e+02 2.238000e+02
3.160000e+02 2.214000e+02
3.158750e+02 2.185500e+02
3.157500e+02 2.157000e+02
3.156250e+02 2.128500e+02
3.155000e+02 2.100000e+02
3.155000e+02 2.076000e+02
3.155000e+02 2.052000e+02
3.155000e+02 2.028000e+02
3.155000e+02 2.004000e+02
3.153750e+02 1.980000e+02
3.152500e+02 1.956000e+02
3.151250e+02 1.932000e+02
3.150000e+02 1.908000e+02
3.150000e+02 1.884000e+02
3.150000e+02 1.860000e+02
3.150000e+02 1.836000e+02
3.150000e+02 1.812000e+02
3.148750e+02 1.791000e+02
3.147500e+02 1.770000e+02
3.146250e+02 1.749000e+02
3.145000e+02 1.728000e+02
3.143750e+02 1.704000e+02
3.142500e+02 1.680000e+02
3.141250e+02 1.656000e+02
3.140000e+02 1.632000e+02
3.140000e+02 1.611000e+02
3.140000e+02 1.590000e+02
3.140000e+02 1.569000e+02
3.140000e+02 1.548000e+02
3.140000e+02 1.527000e+02
3.140000e+02 1.506000e+02
3.140000e+02 1.485000e+02
3.140000e+02 1.464000e+02
3.138750e+02 1.434000e+02
3.137500e+02 1.404000e+02
3.136250e+02 1.374000e+02
3.135000e+02 1.344000e+02
3.135000e+02 1.323000e+02
3.135000e+02 1.302000e+02
3.135000e+02 1.281000e+02
3.135000e+02 1.260000e+02
3.135000e+02 1.240500e+02
3.135000e+02 1.221000e+02
3.135000e+02 1.201500e+02
3.135000e+02 1.182000e+02
3.135000e+02 1.164000e+02
3.135000e+02 1.146000e+02
3.135000e+02 1.128000e+02
3.135000e+02 1.110000e+02
3.133750e+02 1.092000e+02
3.132500e+02 1.074000e+02
3.131250e+02 1.056000e+02
3.130000e+02 1.038000e+02
3.130000e+02 1.023000e+02
3.130000e+02 1.008000e+02
3.130000e+02 9.930000e+01
3.130000e+02 9.780000e+01
3.130000e+02 9.585000e+01
3.130000e+02 9.390000e+01
3.130000e+02 9.195000e+01
3.130000e+02 9.000000e+01
3.130000e+02 8.850000e+01
3.130000e+02 8.700000e+01
3.130000e+02 8.550000e+01
3.130000e+02 8.400000e+01
3.130000e+02 8.250000e+01
3.130000e+02 8.100000e+01
3.130000e+02 7.950000e+01
3.130000e+02 7.800000e+01
3.130000e+02 7.665000e+01
3.130000e+02 7.530000e+01
3.130000e+02 7.395000e+01
3.130000e+02 7.260000e+01
3.130000e+02 7.140000e+01
3.130000e+02 7.020000e+01
3.130000e+02 6.900000e+01
3.130000e+02 6.780000e+01
3.130000e+02 6.660000e+01
3.130000e+02 6.540000e+01
3.130000e+02 6.420000e+01
3.130000e+02 6.300000e+01
3.130000e+02 6.180000e+01
3.130000e+02 6.060000e+01
3.130000e+02 5.940000e+01
3.130000e+02 5.820000e+01
3.130000e+02 5.670000e+01
3.130000e+02 5.520000e+01
3.130000e+02 5.370000e+01
3.130000e+02 5.220000e+01
3.130000e+02 4.980000e+01
3.130000e+02 4.740000e+01
3.130000e+02 4.500000e+01
3.130000e+02 4.260000e+01
3.130000e+02 4.185000e+01
3.130000e+02 4.110000e+01
3.130000e+02 4.035000e+01
3.130000e+02 3.960000e+01
3.130000e+02 3.960000e+01
3.130000e+02 3.960000e+01
3.130000e+02 3.960000e+01
3.130000e+02 3.960000e+01
3.335000e+02 3.840000e+02
3.335000e+02 3.840000e+02
3.335000e+02 3.840000e+02
3.335000e+02 3.840000e+02
3.335000e+02 3.840000e+02
3.335000e+02 3.840000e+02
3.335000e+02 3.840000e+02
3.335000e+02 3.840000e+02
3.335000e+02 3.840000e+02
3.335000e+02 3.840000e+02
3.335000e+02 3.840000e+02
3.335000e+02 3.840000e+02
3.335000e+02 3.840000e+02
3.335000e+02 3.840000e+02
3.335000e+02 3.840000e+02
3.335000e+02 3.840000e+02
3.335000e+02 3.840000e+02
3.334375e+02 3.840000e+02
3.333750e+02 3.840000e+02
3.333125e+02 3.840000e+02
3.332500e+02 3.840000e+02
3.331875e+02 3.840000e+02
3.331250e+02 3.840000e+02
3.330625e+02 3.840000e+02
3.330000e+02 3.840000e+02
3.330000e+02 3.840000e+02
3.330000e+02 3.840000e+02
3.330000e+02 3.840000e+02
3.330000e+02 3.840000e+02
3.330000e+02 3.840000e+02
3.330000e+02 3.840000e+02
3.330000e+02 3.840000e+02
3.330000e+02 3.838500e+02
3.330000e+02 3.837000e+02
3.330000e+02 3.835500e+02
3.330000e+02 3.834000e+02
3.328750e+02 3.823500e+02
3.327500e+02 3.813000e+02
3.326250e+02 3.802500e+02
3.325000e+02 3.792000e+02
3.322500e+02 3.771000e+02
3.320000e+02 3.750000e+02
3.317500e+02 3.729000e+02
3.315000e+02 3.708000e+02
3.312500e+02 3.687000e+02
3.310000e+02 3.666000e+02
3.307500e+02 3.645000e+02
3.305000e+02 3.624000e+02
3.302500e+02 3.601500e+02
3.300000e+02 3.579000e+02
3.297500e+02 3.556500e+02
3.295000e+02 3.534000e+02
3.291250e+02 3.499500e+02
3.287500e+02 3.465000e+02
3.283750e+02 3.430500e+02
3.280000e+02 3.396000e+02
3.276250e+02 3.373500e+02
3.272500e+02 3.351000e+02
3.268750e+02 3.328500e+02
3.265000e+02 3.306000e+02
3.262500e+02 3.282000e+02
3.260000e+02 3.258000e+02
3.257500e+02 3.234000e+02
3.255000e+02 3.210000e+02
3.252500e+02 3.186000e+02
3.250000e+02 3.162000e+02
3.247500e+02 3.138000e+02
3.245000e+02 3.114000e+02
3.241250e+02 3.088500e+02
3.237500e+02 3.063000e+02
3.233750e+02 3.037500e+02
3.230000e+02 3.012000e+02
3.226250e+02 2.986500e+02
3.222500e+02 2.961000e+02
3.218750e+02 2.935500e+02
3.215000e+02 2.910000e+02
3.211250e+02 2.887500e+02
3.207500e+02 2.865000e+02
3.203750e+02 2.842500e+02
3.200000e+02 2.820000e+02
3.196250e+02 2.781000e+02
3.192500e+02 2.742000e+02
3.188750e+02 2.703000e+02
3.185000e+02 2.664000e+02
3.182500e+02 2.638500e+02
3.180000e+02 2.613000e+02
3.177500e+02 2.587500e+02
3.175000e+02 2.562000e+02
3.172500e+02 2.523000e+02
3.170000e+02 2.484000e+02
3.167500e+02 2.445000e+02
3.165000e+02 2.406000e+02
3.165000e+02 2.382000e+02
3.165000e+02 2.358000e+02
3.165000e+02 2.334000e+02
3.165000e+02 2.310000e+02
3.163750e+02 2.286000e+02
3.162500e+02 2.262000e+02
3.161250e+02 2.238000e+02
3.160000e+02 2.214000e+02
3.158750e+02 2.185500e+02
3.157500e+02 2.157000e+02
3.156250e+02 2.128500e+02
3.155000e+02 2.100000e+02
3.155000e+02 2.076000e+02
3.155000e+02 2.052000e+02
3.155000e+02 2.028000e+02
3.155000e+02 2.004000e+02
3.153750e+02 1.980000e+02
3.152500e+02 1.956000e+02
3.151250e+02 1.932000e+02
3.150000e+02 1.908000e+02
3.150000e+02 1.884000e+02
3.150000e+02 1.860000e+02
3.150000e+02 1.836000e+02
3.150000e+02 1.812000e+02
3.148750e+02 1.791000e+02
3.147500e+02 1.770000e+02
3.146250e+02 1.749000e+02
3.145000e+02 1.728000e+02
3.143750e+02 1.704000e+02
3.142500e+02 1.680000e+02
3.141250e+02 1.656000e+02
3.140000e+02 1.632000e+02
3.140000e+02 1.611000e+02
3.140000e+02 1.590000e+02
3.140000e+02 1.569000e+02
3.140000e+02 1.548000e+02
3.140000e+02 1.527000e+02
3.140000e+02 1.506000e+02
3.140000e+02 1.485000e+02
3.140000e+02 1.464000e+02
3.138750e+02 1.434000e+02
3.137500e+02 1.404000e+02
3.136250e+02 1.374000e+02
3.135000e+02 1.344000e+02
3.135000e+02 1.323000e+02
3.135000e+02 1.302000e+02
3.135000e+02 1.281000e+02
3.135000e+02 1.260000e+02
3.135000e+02 1.240500e+02
3.135000e+02 1.221000e+02
3.135000e+02 1.201500e+02
3.135000e+02 1.182000e+02
3.135000e+02 1.164000e+02
3.135000e+02 1.146000e+02
3.135000e+02 1.128000e+02
3.135000e+02 1.110000e+02
3.133750e+02 1.092000e+02
3.132500e+02 1.074000e+02
3.131250e+02 1.056000e+02
3.130000e+02 1.038000e+02
3.130000e+02 1.023000e+02
3.130000e+02 1.008000e+02
3.130000e+02 9.930000e+01
3.130000e+02 9.780000e+01
3.130000e+02 9.585000e+01
3.130000e+02 9.390000e+01
3.130000e+02 9.195000e+01
3.130000e+02 9.000000e+01
3.130000e+02 8.850000e+01
3.130000e+02 8.700000e+01
3.130000e+02 8.550000e+01
3.130000e+02 8.400000e+01
3.130000e+02 8.250000e+01
3.130000e+02 8.100000e+01
3.130000e+02 7.950000e+01
3.130000e+02 7.800000e+01
3.130000e+02 7.665000e+01
3.130000e+02 7.530000e+01
3.130000e+02 7.395000e+01
3.130000e+02 7.260000e+01
3.130000e+02 7.140000e+01
3.130000e+02 7.020000e+01
3.130000e+02 6.900000e+01
3.130000e+02 6.780000e+01
3.130000e+02 6.660000e+01
3.130000e+02 6.540000e+01
3.130000e+02 6.420000e+01
3.130000e+02 6.300000e+01
3.130000e+02 6.180000e+01
3.130000e+02 6.060000e+01
3.130000e+02 5.940000e+01
3.130000e+02 5.820000e+01
3.130000e+02 5.670000e+01
3.130000e+02 5.520000e+01
3.130000e+02 5.370000e+01
3.130000e+02 5.220000e+01
3.130000e+02 4.980000e+01
3.130000e+02 4.740000e+01
3.130000e+02 4.500000e+01
3.130000e+02 4.260000e+01
3.130000e+02 4.185000e+01
3.130000e+02 4.110000e+01
3.130000e+02 4.035000e+01
3.130000e+02 3.960000e+01
3.130000e+02 3.960000e+01
3.130000e+02 3.960000e+01
3.130000e+02 3.960000e+01
3.130000e+02 3.960000e+01
3.335000e+02 3.840000e+02
3.335000e+02 3.840000e+02
3.335000e+02 3.840000e+02
3.335000e+02 3.840000e+02
3.335000e+02 3.840000e+02
3.335000e+02 3.840000e+02
3.335000e+02 3.840000e+02
3.335000e+02 3.840000e+02
3.335000e+02 3.840000e+02
3.335000e+02 3.840000e+02
3.335000e+02 3.840000e+02
3.335000e+02 3.840000e+02
3.335000e+02 3.840000e+02
3.335000e+02 3.840000e+02
3.335000e+02 3.840000e+02
3.335000e+02 3.840000e+02
3.335000e+02 3.840000e+02
3.334375e+02 3.840000e+02
3.333750e+02 3.840000e+02
3.333125e+02 3.840000e+02
3.332500e+02 3.840000e+02
3.331875e+02 3.840000e+02
3.331250e+02 3.840000e+02
3.330625e+02 3.840000e+02
3.330000e+02 3.840000e+02
3.330000e+02 3.840000e+02
3.330000e+02 3.840000e+02
3.330000e+02 3.840000e+02
3.330000e+02 3.840000e+02
3.330000e+02 3.840000e+02
3.330000e+02 3.840000e+02
3.330000e+02 3.840000e+02
3.330000e+02 3.838500e+02
3.330000e+02 3.837000e+02
3.330000e+02 3.835500e+02
3.330000e+02 3.834000e+02
3.328750e+02 3.823500e+02
3.327500e+02 3.813000e+02
3.326250e+02 3.802500e+02
3.325000e+02 3.792000e+02
3.322500e+02 3.771000e+02
3.320000e+02 3.750000e+02
3.317500e+02 3.729000e+02
3.315000e+02 3.708000e+02
3.312500e+02 3.687000e+02
3.310000e+02 3.666000e+02
3.307500e+02 3.645000e+02
3.305000e+02 3.624000e+02
3.302500e+02 3.601500e+02
3.300000e+02 3.579000e+02
3.297500e+02 3.556500e+02
3.295000e+02 3.534000e+02
3.291250e+02 3.499500e+02
3.287500e+02 3.465000e+02
3.283750e+02 3.430500e+02
3.280000e+02 3.396000e+02
3.276250e+02 3.373500e+02
3.272500e+02 3.351000e+02
3.268750e+02 3.328500e+02
3.265000e+02 3.306000e+02
3.262500e+02 3.282000e+02
3.260000e+02 3.258000e+02
3.257500e+02 3.234000e+02
3.255000e+02 3.210000e+02
3.252500e+02 3.186000e+02
3.250000e+02 3.162000e+02
3.247500e+02 3.138000e+02
3.245000e+02 3.114000e+02
3.241250e+02 3.088500e+02
3.237500e+02 3.063000e+02
3.233750e+02 3.037500e+02
3.230000e+02 3.012000e+02
3.226250e+02 2.986500e+02
3.222500e+02 2.961000e+02
3.218750e+02 2.935500e+02
3.215000e+02 2.910000e+02
3.211250e+02 2.887500e+02
3.207500e+02 2.865000e+02
3.203750e+02 2.842500e+02
3.200000e+02 2.820000e+02
3.196250e+02 2.781000e+02
3.192500e+02 2.742000e+02
3.188750e+02 2.703000e+02
3.185000e+02 2.664000e+02
3.182500e+02 2.638500e+02
3.180000e+02 2.613000e+02
3.177500e+02 2.587500e+02
3.175000e+02 2.562000e+02
3.172500e+02 2.523000e+02
3.170000e+02 2.484000e+02
3.167500e+02 2.445000e+02
3.165000e+02 2.406000e+02
3.165000e+02 2.382000e+02
3.165000e+02 2.358000e+02
3.165000e+02 2.334000e+02
3.165000e+02 2.310000e+02
3.163750e+02 2.286000e+02
3.162500e+02 2.262000e+02
3.161250e+02 2.238000e+02
3.160000e+02 2.214000e+02
3.158750e+02 2.185500e+02
3.157500e+02 2.157000e+02
3.156250e+02 2.128500e+02
3.155000e+02 2.100000e+02
3.155000e+02 2.076000e+02
3.155000e+02 2.052000e+02
3.155000e+02 2.028000e+02
3.155000e+02 2.004000e+02
3.153750e+02 1.980000e+02
3.152500e+02 1.956000e+02
3.151250e+02 1.932000e+02
3.150000e+02 1.908000e+02
3.150000e+02 1.884000e+02
3.150000e+02 1.860000e+02
3.150000e+02 1.836000e+02
3.150000e+02 1.812000e+02
3.148750e+02 1.791000e+02
3.147500e+02 1.770000e+02
3.146250e+02 1.749000e+02
3.145000e+02 1.728000e+02
3.143750e+02 1.704000e+02
3.142500e+02 1.680000e+02
3.141250e+02 1.656000e+02
3.140000e+02 1.632000e+02
3.140000e+02 1.611000e+02
3.140000e+02 1.590000e+02
3.140000e+02 1.569000e+02
3.140000e+02 1.548000e+02
3.140000e+02 1.527000e+02
3.140000e+02 1.506000e+02
3.140000e+02 1.485000e+02
3.140000e+02 1.464000e+02
3.138750e+02 1.434000e+02
3.137500e+02 1.404000e+02
3.136250e+02 1.374000e+02
3.135000e+02 1.344000e+02
3.135000e+02 1.323000e+02
3.135000e+02 1.302000e+02
3.135000e+02 1.281000e+02
3.135000e+02 1.260000e+02
3.135000e+02 1.240500e+02
3.135000e+02 1.221000e+02
3.135000e+02 1.201500e+02
3.135000e+02 1.182000e+02
3.135000e+02 1.164000e+02
3.135000e+02 1.146000e+02
3.135000e+02 1.128000e+02
3.135000e+02 1.110000e+02
3.133750e+02 1.092000e+02
3.132500e+02 1.074000e+02
3.131250e+02 1.056000e+02
3.130000e+02 1.038000e+02
3.130000e+02 1.023000e+02
3.130000e+02 1.008000e+02
3.130000e+02 9.930000e+01
3.130000e+02 9.780000e+01
3.130000e+02 9.585000e+01
3.130000e+02 9.390000e+01
3.130000e+02 9.195000e+01
3.130000e+02 9.000000e+01
3.130000e+02 8.850000e+01
3.130000e+02 8.700000e+01
3.130000e+02 8.550000e+01
3.130000e+02 8.400000e+01
3.130000e+02 8.250000e+01
3.130000e+02 8.100000e+01
3.130000e+02 7.950000e+01
3.130000e+02 7.800000e+01
3.130000e+02 7.665000e+01
3.130000e+02 7.530000e+01
3.130000e+02 7.395000e+01
3.130000e+02 7.260000e+01
3.130000e+02 7.140000e+01
3.130000e+02 7.020000e+01
3.130000e+02 6.900000e+01
3.130000e+02 6.780000e+01
3.130000e+02 6.660000e+01
3.130000e+02 6.540000e+01
3.130000e+02 6.420000e+01
3.130000e+02 6.300000e+01
3.130000e+02 6.180000e+01
3.130000e+02 6.060000e+01
3.130000e+02 5.940000e+01
3.130000e+02 5.820000e+01
3.130000e+02 5.670000e+01
3.130000e+02 5.520000e+01
3.130000e+02 5.370000e+01
3.130000e+02 5.220000e+01
3.130000e+02 4.980000e+01
3.130000e+02 4.740000e+01
3.130000e+02 4.500000e+01
3.130000e+02 4.260000e+01
3.130000e+02 4.185000e+01
3.130000e+02 4.110000e+01
3.130000e+02 4.035000e+01
3.130000e+02 3.960000e+01
3.130000e+02 3.960000e+01
3.130000e+02 3.960000e+01
3.130000e+02 3.960000e+01
3.130000e+02 3.960000e+01
