3.825000e+02 6.360000e+01
3.825000e+02 6.360000e+01
3.825000e+02 6.360000e+01
3.825000e+02 6.360000e+01
3.825000e+02 6.360000e+01
3.825000e+02 6.360000e+01
3.825000e+02 6.360000e+01
3.825000e+02 6.360000e+01
3.825000e+02 6.360000e+01
3.825000e+02 6.390000e+01
3.825000e+02 6.420000e+01
3.825000e+02 6.450000e+01
3.825000e+02 6.480000e+01
3.825000e+02 6.525000e+01
3.825000e+02 6.570000e+01
3.825000e+02 6.615000e+01
3.825000e+02 6.660000e+01
3.825000e+02 6.720000e+01
3.825000e+02 6.780000e+01
3.825000e+02 6.840000e+01
3.825000e+02 6.900000e+01
3.825000e+02 6.975000e+01
3.825000e+02 7.050000e+01
3.825000e+02 7.125000e+01
3.825000e+02 7.200000e+01
3.823750e+02 7.350000e+01
3.822500e+02 7.500000e+01
3.821250e+02 7.650000e+01
3.820000e+02 7.800000e+01
3.820000e+02 7.905000e+01
3.820000e+02 8.010000e+01
3.820000e+02 8.115000e+01
3.820000e+02 8.220000e+01
3.818750e+02 8.340000e+01
3.817500e+02 8.460000e+01
3.816250e+02 8.580000e+01
3.815000e+02 8.700000e+01
3.815000e+02 8.835000e+01
3.815000e+02 8.970000e+01
3.815000e+02 9.105000e+01
3.815000e+02 9.240000e+01
3.813750e+02 9.390000e+01
3.812500e+02 9.540000e+01
3.811250e+02 9.690000e+01
3.810000e+02 9.840000e+01
3.810000e+02 9.990000e+01
3.810000e+02 1.014000e+02
3.810000e+02 1.029000e+02
3.810000e+02 1.044000e+02
3.808750e+02 1.063500e+02
3.807500e+02 1.083000e+02
3.806250e+02 1.102500e+02
3.805000e+02 1.122000e+02
3.803750e+02 1.140000e+02
3.802500e+02 1.158000e+02
3.801250e+02 1.176000e+02
3.800000e+02 1.194000e+02
3.798750e+02 1.215000e+02
3.797500e+02 1.236000e+02
3.796250e+02 1.257000e+02
3.795000e+02 1.278000e+02
3.793750e+02 1.297500e+02
3.792500e+02 1.317000e+02
3.791250e+02 1.336500e+02
3.790000e+02 1.356000e+02
3.788750e+02 1.377000e+02
3.787500e+02 1.398000e+02
3.786250e+02 1.419000e+02
3.785000e+02 1.440000e+02
3.782500e+02 1.459500e+02
3.780000e+02 1.479000e+02
3.777500e+02 1.498500e+02
3.775000e+02 1.518000e+02
3.772500e+02 1.542000e+02
3.770000e+02 1.566000e+02
3.767500e+02 1.590000e+02
3.765000e+02 1.614000e+02
3.762500e+02 1.635000e+02
3.760000e+02 1.656000e+02
3.757500e+02 1.677000e+02
3.755000e+02 1.698000e+02
3.750000e+02 1.732500e+02
3.745000e+02 1.767000e+02
3.740000e+02 1.801500e+02
3.735000e+02 1.836000e+02
3.735000e+02 1.848000e+02
3.735000e+02 1.860000e+02
3.735000e+02 1.872000e+02
3.735000e+02 1.884000e+02
3.730000e+02 1.917000e+02
3.725000e+02 1.950000e+02
3.720000e+02 1.983000e+02
3.715000e+02 2.016000e+02
3.710000e+02 2.044500e+02
3.705000e+02 2.073000e+02
3.700000e+02 2.101500e+02
3.695000e+02 2.130000e+02
3.690000e+02 2.160000e+02
3.685000e+02 2.190000e+02
3.680000e+02 2.220000e+02
3.675000e+02 2.250000e+02
3.672500e+02 2.269500e+02
3.670000e+02 2.289000e+02
3.667500e+02 2.308500e+02
3.665000e+02 2.328000e+02
3.662500e+02 2.346000e+02
3.660000e+02 2.364000e+02
3.657500e+02 2.382000e+02
3.655000e+02 2.400000e+02
3.653750e+02 2.419500e+02
3.652500e+02 2.439000e+02
3.651250e+02 2.458500e+02
3.650000e+02 2.478000e+02
3.647500e+02 2.494500e+02
3.645000e+02 2.511000e+02
3.642500e+02 2.527500e+02
3.640000e+02 2.544000e+02
3.638750e+02 2.562000e+02
3.637500e+02 2.580000e+02
3.636250e+02 2.598000e+02
3.635000e+02 2.616000e+02
3.633750e+02 2.632500e+02
3.632500e+02 2.649000e+02
3.631250e+02 2.665500e+02
3.630000e+02 2.682000e+02
3.628750e+02 2.698500e+02
3.627500e+02 2.715000e+02
3.626250e+02 2.731500e+02
3.625000e+02 2.748000e+02
3.623750e+02 2.764500e+02
3.622500e+02 2.781000e+02
3.621250e+02 2.797500e+02
3.620000e+02 2.814000e+02
3.618750e+02 2.827500e+02
3.617500e+02 2.841000e+02
3.616250e+02 2.854500e+02
3.615000e+02 2.868000e+02
3.615000e+02 2.881500e+02
3.615000e+02 2.895000e+02
3.615000e+02 2.908500e+02
3.615000e+02 2.922000e+02
3.613750e+02 2.934000e+02
3.612500e+02 2.946000e+02
3.611250e+02 2.958000e+02
3.610000e+02 2.970000e+02
3.610000e+02 2.982000e+02
3.610000e+02 2.994000e+02
3.610000e+02 3.006000e+02
3.610000e+02 3.018000e+02
3.608750e+02 3.028500e+02
3.607500e+02 3.039000e+02
3.606250e+02 3.049500e+02
3.605000e+02 3.060000e+02
3.605000e+02 3.072000e+02
3.605000e+02 3.084000e+02
3.605000e+02 3.096000e+02
3.605000e+02 3.108000e+02
3.605000e+02 3.118500e+02
3.605000e+02 3.129000e+02
3.605000e+02 3.150000e+02
3.602500e+02 3.171000e+02
3.600000e+02 3.192000e+02
3.600000e+02 3.219000e+02
3.600000e+02 3.246000e+02
3.600000e+02 3.285000e+02
3.600000e+02 3.324000e+02
3.600000e+02 3.351000e+02
3.600000e+02 3.378000e+02
3.600000e+02 3.405000e+02
3.600000e+02 3.432000e+02
3.600000e+02 3.453000e+02
3.600000e+02 3.474000e+02
3.600000e+02 3.498000e+02
3.600000e+02 3.522000e+02
3.600000e+02 3.546000e+02
3.600000e+02 3.570000e+02
3.597500e+02 3.588000e+02
3.595000e+02 3.606000e+02
3.595000e+02 3.618000e+02
3.595000e+02 3.630000e+02
3.592500e+02 3.651000e+02
3.590000e+02 3.672000e+02
3.590000e+02 3.690000e+02
3.590000e+02 3.708000e+02
3.590000e+02 3.723000e+02
3.590000e+02 3.738000e+02
3.590000e+02 3.753000e+02
3.590000e+02 3.768000e+02
3.590000e+02 3.786000e+02
3.590000e+02 3.804000e+02
3.592500e+02 3.822000e+02
3.595000e+02 3.840000e+02
3.595000e+02 3.858000e+02
3.595000e+02 3.876000e+02
3.595000e+02 3.906000e+02
3.595000e+02 3.936000e+02
3.592500e+02 3.966000e+02
3.590000e+02 3.996000e+02
3.590000e+02 3.996000e+02
3.590000e+02 3.996000e+02
3.825000e+02 6.360000e+01
3.825000e+02 6.360000e+01
3.825000e+02 6.360000e+01
3.825000e+02 6.360000e+01
3.825000e+02 6.360000e+01
3.825000e+02 6.360000e+01
3.825000e+02 6.360000e+01
3.825000e+02 6.360000e+01
3.825000e+02 6.360000e+01
3.825000e+02 6.390000e+01
3.825000e+02 6.420000e+01
3.825000e+02 6.450000e+01
3.825000e+02 6.480000e+01
3.825000e+02 6.525000e+01
3.825000e+02 6.570000e+01
3.825000e+02 6.615000e+01
3.825000e+02 6.660000e+01
3.825000e+02 6.720000e+01
3.825000e+02 6.780000e+01
3.825000e+02 6.840000e+01
3.825000e+02 6.900000e+01
3.825000e+02 6.975000e+01
3.825000e+02 7.050000e+01
3.825000e+02 7.125000e+01
3.825000e+02 7.200000e+01
3.823750e+02 7.350000e+01
3.822500e+02 7.500000e+01
3.821250e+02 7.650000e+01
3.820000e+02 7.800000e+01
3.820000e+02 7.905000e+01
3.820000e+02 8.010000e+01
3.820000e+02 8.115000e+01
3.820000e+02 8.220000e+01
3.818750e+02 8.340000e+01
3.817500e+02 8.460000e+01
3.816250e+02 8.580000e+01
3.815000e+02 8.700000e+01
3.815000e+02 8.835000e+01
3.815000e+02 8.970000e+01
3.815000e+02 9.105000e+01
3.815000e+02 9.240000e+01
3.813750e+02 9.390000e+01
3.812500e+02 9.540000e+01
3.811250e+02 9.690000e+01
3.810000e+02 9.840000e+01
3.810000e+02 9.990000e+01
3.810000e+02 1.014000e+02
3.810000e+02 1.029000e+02
3.810000e+02 1.044000e+02
3.808750e+02 1.063500e+02
3.807500e+02 1.083000e+02
3.806250e+02 1.102500e+02
3.805000e+02 1.122000e+02
3.803750e+02 1.140000e+02
3.802500e+02 1.158000e+02
3.801250e+02 1.176000e+02
3.800000e+02 1.194000e+02
3.798750e+02 1.215000e+02
3.797500e+02 1.236000e+02
3.796250e+02 1.257000e+02
3.795000e+02 1.278000e+02
3.793750e+02 1.297500e+02
3.792500e+02 1.317000e+02
3.791250e+02 1.336500e+02
3.790000e+02 1.356000e+02
3.788750e+02 1.377000e+02
3.787500e+02 1.398000e+02
3.786250e+02 1.419000e+02
3.785000e+02 1.440000e+02
3.782500e+02 1.459500e+02
3.780000e+02 1.479000e+02
3.777500e+02 1.498500e+02
3.775000e+02 1.518000e+02
3.772500e+02 1.542000e+02
3.770000e+02 1.566000e+02
3.767500e+02 1.590000e+02
3.765000e+02 1.614000e+02
3.762500e+02 1.635000e+02
3.760000e+02 1.656000e+02
3.757500e+02 1.677000e+02
3.755000e+02 1.698000e+02
3.750000e+02 1.732500e+02
3.745000e+02 1.767000e+02
3.740000e+02 1.801500e+02
3.735000e+02 1.836000e+02
3.735000e+02 1.848000e+02
3.735000e+02 1.860000e+02
3.735000e+02 1.872000e+02
3.735000e+02 1.884000e+02
3.730000e+02 1.917000e+02
3.725000e+02 1.950000e+02
3.720000e+02 1.983000e+02
3.715000e+02 2.016000e+02
3.710000e+02 2.044500e+02
3.705000e+02 2.073000e+02
3.700000e+02 2.101500e+02
3.695000e+02 2.130000e+02
3.690000e+02 2.160000e+02
3.685000e+02 2.190000e+02
3.680000e+02 2.220000e+02
3.675000e+02 2.250000e+02
3.672500e+02 2.269500e+02
3.670000e+02 2.289000e+02
3.667500e+02 2.308500e+02
3.665000e+02 2.328000e+02
3.662500e+02 2.346000e+02
3.660000e+02 2.364000e+02
3.657500e+02 2.382000e+02
3.655000e+02 2.400000e+02
3.653750e+02 2.419500e+02
3.652500e+02 2.439000e+02
3.651250e+02 2.458500e+02
3.650000e+02 2.478000e+02
3.647500e+02 2.494500e+02
3.645000e+02 2.511000e+02
3.642500e+02 2.527500e+02
3.640000e+02 2.544000e+02
3.638750e+02 2.562000e+02
3.637500e+02 2.580000e+02
3.636250e+02 2.598000e+02
3.635000e+02 2.616000e+02
3.633750e+02 2.632500e+02
3.632500e+02 2.649000e+02
3.631250e+02 2.665500e+02
3.630000e+02 2.682000e+02
3.628750e+02 2.698500e+02
3.627500e+02 2.715000e+02
3.626250e+02 2.731500e+02
3.625000e+02 2.748000e+02
3.623750e+02 2.764500e+02
3.622500e+02 2.781000e+02
3.621250e+02 2.797500e+02
3.620000e+02 2.814000e+02
3.618750e+02 2.827500e+02
3.617500e+02 2.841000e+02
3.616250e+02 2.854500e+02
3.615000e+02 2.868000e+02
3.615000e+02 2.881500e+02
3.615000e+02 2.895000e+02
3.615000e+02 2.908500e+02
3.615000e+02 2.922000e+02
3.613750e+02 2.934000e+02
3.612500e+02 2.946000e+02
3.611250e+02 2.958000e+02
3.610000e+02 2.970000e+02
3.610000e+02 2.982000e+02
3.610000e+02 2.994000e+02
3.610000e+02 3.006000e+02
3.610000e+02 3.018000e+02
3.608750e+02 3.028500e+02
3.607500e+02 3.039000e+02
3.606250e+02 3.049500e+02
3.605000e+02 3.060000e+02
3.605000e+02 3.072000e+02
3.605000e+02 3.084000e+02
3.605000e+02 3.096000e+02
3.605000e+02 3.108000e+02
3.605000e+02 3.118500e+02
3.605000e+02 3.129000e+02
3.605000e+02 3.150000e+02
3.602500e+02 3.171000e+02
3.600000e+02 3.192000e+02
3.600000e+02 3.219000e+02
3.600000e+02 3.246000e+02
3.600000e+02 3.285000e+02
3.600000e+02 3.324000e+02
3.600000e+02 3.351000e+02
3.600000e+02 3.378000e+02
3.600000e+02 3.405000e+02
3.600000e+02 3.432000e+02
3.600000e+02 3.453000e+02
3.600000e+02 3.474000e+02
3.600000e+02 3.498000e+02
3.600000e+02 3.522000e+02
3.600000e+02 3.546000e+02
3.600000e+02 3.570000e+02
3.597500e+02 3.588000e+02
3.595000e+02 3.606000e+02
3.595000e+02 3.618000e+02
3.595000e+02 3.630000e+02
3.592500e+02 3.651000e+02
3.590000e+02 3.672000e+02
3.590000e+02 3.690000e+02
3.590000e+02 3.708000e+02
3.590000e+02 3.723000e+02
3.590000e+02 3.738000e+02
3.590000e+02 3.753000e+02
3.590000e+02 3.768000e+02
3.590000e+02 3.786000e+02
3.590000e+02 3.804000e+02
3.592500e+02 3.822000e+02
3.595000e+02 3.840000e+02
3.595000e+02 3.858000e+02
3.595000e+02 3.876000e+02
3.595000e+02 3.906000e+02
3.595000e+02 3.936000e+02
3.592500e+02 3.966000e+02
3.590000e+02 3.996000e+02
3.590000e+02 3.996000e+02
3.590000e+02 3.996000e+02
3.825000e+02 6.360000e+01
3.825000e+02 6.360000e+01
3.825000e+02 6.360000e+01
3.825000e+02 6.360000e+01
3.825000e+02 6.360000e+01
3.825000e+02 6.360000e+01
3.825000e+02 6.360000e+01
3.825000e+02 6.360000e+01
3.825000e+02 6.360000e+01
3.825000e+02 6.390000e+01
3.825000e+02 6.420000e+01
3.825000e+02 6.450000e+01
3.825000e+02 6.480000e+01
3.825000e+02 6.525000e+01
3.825000e+02 6.570000e+01
3.825000e+02 6.615000e+01
3.825000e+02 6.660000e+01
3.825000e+02 6.720000e+01
3.825000e+02 6.780000e+01
3.825000e+02 6.840000e+01
3.825000e+02 6.900000e+01
3.825000e+02 6.975000e+01
3.825000e+02 7.050000e+01
3.825000e+02 7.125000e+01
3.825000e+02 7.200000e+01
3.823750e+02 7.350000e+01
3.822500e+02 7.500000e+01
3.821250e+02 7.650000e+01
3.820000e+02 7.800000e+01
3.820000e+02 7.905000e+01
3.820000e+02 8.010000e+01
3.820000e+02 8.115000e+01
3.820000e+02 8.220000e+01
3.818750e+02 8.340000e+01
3.817500e+02 8.460000e+01
3.816250e+02 8.580000e+01
3.815000e+02 8.700000e+01
3.815000e+02 8.835000e+01
3.815000e+02 8.970000e+01
3.815000e+02 9.105000e+01
3.815000e+02 9.240000e+01
3.813750e+02 9.390000e+01
3.812500e+02 9.540000e+01
3.811250e+02 9.690000e+01
3.810000e+02 9.840000e+01
3.810000e+02 9.990000e+01
3.810000e+02 1.014000e+02
3.810000e+02 1.029000e+02
3.810000e+02 1.044000e+02
3.808750e+02 1.063500e+02
3.807500e+02 1.083000e+02
3.806250e+02 1.102500e+02
3.805000e+02 1.122000e+02
3.803750e+02 1.140000e+02
3.802500e+02 1.158000e+02
3.801250e+02 1.176000e+02
3.800000e+02 1.194000e+02
3.798750e+02 1.215000e+02
3.797500e+02 1.236000e+02
3.796250e+02 1.257000e+02
3.795000e+02 1.278000e+02
3.793750e+02 1.297500e+02
3.792500e+02 1.317000e+02
3.791250e+02 1.336500e+02
3.790000e+02 1.356000e+02
3.788750e+02 1.377000e+02
3.787500e+02 1.398000e+02
3.786250e+02 1.419000e+02
3.785000e+02 1.440000e+02
3.782500e+02 1.459500e+02
3.780000e+02 1.479000e+02
3.777500e+02 1.498500e+02
3.775000e+02 1.518000e+02
3.772500e+02 1.542000e+02
3.770000e+02 1.566000e+02
3.767500e+02 1.590000e+02
3.765000e+02 1.614000e+02
3.762500e+02 1.635000e+02
3.760000e+02 1.656000e+02
3.757500e+02 1.677000e+02
3.755000e+02 1.698000e+02
3.750000e+02 1.732500e+02
3.745000e+02 1.767000e+02
3.740000e+02 1.801500e+02
3.735000e+02 1.836000e+02
3.735000e+02 1.848000e+02
3.735000e+02 1.860000e+02
3.735000e+02 1.872000e+02
3.735000e+02 1.884000e+02
3.730000e+02 1.917000e+02
3.725000e+02 1.950000e+02
3.720000e+02 1.983000e+02
3.715000e+02 2.016000e+02
3.710000e+02 2.044500e+02
3.705000e+02 2.073000e+02
3.700000e+02 2.101500e+02
3.695000e+02 2.130000e+02
3.690000e+02 2.160000e+02
3.685000e+02 2.190000e+02
3.680000e+02 2.220000e+02
3.675000e+02 2.250000e+02
3.672500e+02 2.269500e+02
3.670000e+02 2.289000e+02
3.667500e+02 2.308500e+02
3.665000e+02 2.328000e+02
3.662500e+02 2.346000e+02
3.660000e+02 2.364000e+02
3.657500e+02 2.382000e+02
3.655000e+02 2.400000e+02
3.653750e+02 2.419500e+02
3.652500e+02 2.439000e+02
3.651250e+02 2.458500e+02
3.650000e+02 2.478000e+02
3.647500e+02 2.494500e+02
3.645000e+02 2.511000e+02
3.642500e+02 2.527500e+02
3.640000e+02 2.544000e+02
3.638750e+02 2.562000e+02
3.637500e+02 2.580000e+02
3.636250e+02 2.598000e+02
3.635000e+02 2.616000e+02
3.633750e+02 2.632500e+02
3.632500e+02 2.649000e+02
3.631250e+02 2.665500e+02
3.630000e+02 2.682000e+02
3.628750e+02 2.698500e+02
3.627500e+02 2.715000e+02
3.626250e+02 2.731500e+02
3.625000e+02 2.748000e+02
3.623750e+02 2.764500e+02
3.622500e+02 2.781000e+02
3.621250e+02 2.797500e+02
3.620000e+02 2.814000e+02
3.618750e+02 2.827500e+02
3.617500e+02 2.841000e+02
3.616250e+02 2.854500e+02
3.615000e+02 2.868000e+02
3.615000e+02 2.881500e+02
3.615000e+02 2.895000e+02
3.615000e+02 2.908500e+02
3.615000e+02 2.922000e+02
3.613750e+02 2.934000e+02
3.612500e+02 2.946000e+02
3.611250e+02 2.958000e+02
3.610000e+02 2.970000e+02
3.610000e+02 2.982000e+02
3.610000e+02 2.994000e+02
3.610000e+02 3.006000e+02
3.610000e+02 3.018000e+02
3.608750e+02 3.028500e+02
3.607500e+02 3.039000e+02
3.606250e+02 3.049500e+02
3.605000e+02 3.060000e+02
3.605000e+02 3.072000e+02
3.605000e+02 3.084000e+02
3.605000e+02 3.096000e+02
3.605000e+02 3.108000e+02
3.605000e+02 3.118500e+02
3.605000e+02 3.129000e+02
3.605000e+02 3.150000e+02
3.602500e+02 3.171000e+02
3.600000e+02 3.192000e+02
3.600000e+02 3.219000e+02
3.600000e+02 3.246000e+02
3.600000e+02 3.285000e+02
3.600000e+02 3.324000e+02
3.600000e+02 3.351000e+02
3.600000e+02 3.378000e+02
3.600000e+02 3.405000e+02
3.600000e+02 3.432000e+02
3.600000e+02 3.453000e+02
3.600000e+02 3.474000e+02
3.600000e+02 3.498000e+02
3.600000e+02 3.522000e+02
3.600000e+02 3.546000e+02
3.600000e+02 3.570000e+02
3.597500e+02 3.588000e+02
3.595000e+02 3.606000e+02
3.595000e+02 3.618000e+02
3.595000e+02 3.630000e+02
3.592500e+02 3.651000e+02
3.590000e+02 3.672000e+02
3.590000e+02 3.690000e+02
3.590000e+02 3.708000e+02
3.590000e+02 3.723000e+02
3.590000e+02 3.738000e+02
3.590000e+02 3.753000e+02
3.590000e+02 3.768000e+02
3.590000e+02 3.786000e+02
3.590000e+02 3.804000e+02
3.592500e+02 3.822000e+02
3.595000e+02 3.840000e+02
3.595000e+02 3.858000e+02
3.595000e+02 3.876000e+02
3.595000e+02 3.906000e+02
3.595000e+02 3.936000e+02
3.592500e+02 3.966000e+02
3.590000e+02 3.996000e+02
3.590000e+02 3.996000e+02
3.590000e+02 3.996000e+02
