1.560000e+02 1.560000e+02
1.560000e+02 1.560000e+02
1.560000e+02 1.560000e+02
1.560000e+02 1.560000e+02
1.560000e+02 1.560000e+02
1.560000e+02 1.560000e+02
1.560000e+02 1.560000e+02
1.562500e+02 1.560000e+02
1.565000e+02 1.560000e+02
1.565000e+02 1.566000e+02
1.565000e+02 1.572000e+02
1.570000e+02 1.578000e+02
1.575000e+02 1.584000e+02
1.582500e+02 1.599000e+02
1.590000e+02 1.614000e+02
1.597500e+02 1.632000e+02
1.605000e+02 1.650000e+02
1.612500e+02 1.668000e+02
1.620000e+02 1.686000e+02
1.627500e+02 1.707000e+02
1.635000e+02 1.728000e+02
1.645000e+02 1.758000e+02
1.655000e+02 1.788000e+02
1.660000e+02 1.809000e+02
1.665000e+02 1.830000e+02
1.672500e+02 1.851000e+02
1.680000e+02 1.872000e+02
1.685000e+02 1.893000e+02
1.690000e+02 1.914000e+02
1.695000e+02 1.938000e+02
1.700000e+02 1.962000e+02
1.707500e+02 1.989000e+02
1.715000e+02 2.016000e+02
1.722500e+02 2.043000e+02
1.730000e+02 2.070000e+02
1.735000e+02 2.094000e+02
1.740000e+02 2.118000e+02
1.752500e+02 2.157000e+02
1.765000e+02 2.196000e+02
1.767500e+02 2.220000e+02
1.770000e+02 2.244000e+02
1.775000e+02 2.253000e+02
1.780000e+02 2.262000e+02
1.785000e+02 2.292000e+02
1.790000e+02 2.322000e+02
1.795000e+02 2.343000e+02
1.800000e+02 2.364000e+02
1.805000e+02 2.379000e+02
1.810000e+02 2.394000e+02
1.812500e+02 2.406000e+02
1.815000e+02 2.418000e+02
1.815000e+02 2.427000e+02
1.815000e+02 2.436000e+02
1.817500e+02 2.445000e+02
1.820000e+02 2.454000e+02
1.822500e+02 2.463000e+02
1.825000e+02 2.472000e+02
1.825000e+02 2.478000e+02
1.825000e+02 2.484000e+02
1.827500e+02 2.490000e+02
1.830000e+02 2.496000e+02
1.830000e+02 2.499000e+02
1.830000e+02 2.502000e+02
1.832500e+02 2.508000e+02
1.835000e+02 2.514000e+02
1.835000e+02 2.514000e+02
1.835000e+02 2.514000e+02
1.835000e+02 2.517000e+02
1.835000e+02 2.520000e+02
1.835000e+02 2.520000e+02
1.835000e+02 2.520000e+02
1.835000e+02 2.523000e+02
1.835000e+02 2.526000e+02
1.835000e+02 2.526000e+02
1.835000e+02 2.526000e+02
1.835000e+02 2.526000e+02
1.835000e+02 2.526000e+02
1.835000e+02 2.526000e+02
1.835000e+02 2.526000e+02
1.835000e+02 2.526000e+02
1.835000e+02 2.526000e+02
1.837500e+02 2.526000e+02
1.840000e+02 2.526000e+02
1.842500e+02 2.523000e+02
1.845000e+02 2.520000e+02
1.852500e+02 2.514000e+02
1.860000e+02 2.508000e+02
1.882500e+02 2.487000e+02
1.905000e+02 2.466000e+02
1.940000e+02 2.430000e+02
1.975000e+02 2.394000e+02
2.005000e+02 2.373000e+02
2.035000e+02 2.352000e+02
2.067500e+02 2.328000e+02
2.100000e+02 2.304000e+02
2.137500e+02 2.271000e+02
2.175000e+02 2.238000e+02
2.207500e+02 2.214000e+02
2.240000e+02 2.190000e+02
2.277500e+02 2.166000e+02
2.315000e+02 2.142000e+02
2.355000e+02 2.118000e+02
2.395000e+02 2.094000e+02
2.432500e+02 2.070000e+02
2.470000e+02 2.046000e+02
2.512500e+02 2.022000e+02
2.555000e+02 1.998000e+02
2.597500e+02 1.974000e+02
2.640000e+02 1.950000e+02
2.682500e+02 1.929000e+02
2.725000e+02 1.908000e+02
2.767500e+02 1.887000e+02
2.810000e+02 1.866000e+02
2.860000e+02 1.845000e+02
2.910000e+02 1.824000e+02
2.952500e+02 1.800000e+02
2.995000e+02 1.776000e+02
3.037500e+02 1.758000e+02
3.080000e+02 1.740000e+02
3.122500e+02 1.725000e+02
3.165000e+02 1.710000e+02
3.207500e+02 1.692000e+02
3.250000e+02 1.674000e+02
3.295000e+02 1.653000e+02
3.340000e+02 1.632000e+02
3.382500e+02 1.614000e+02
3.425000e+02 1.596000e+02
3.487500e+02 1.572000e+02
3.550000e+02 1.548000e+02
3.592500e+02 1.536000e+02
3.635000e+02 1.524000e+02
3.655000e+02 1.515000e+02
3.675000e+02 1.506000e+02
3.717500e+02 1.488000e+02
3.760000e+02 1.470000e+02
3.817500e+02 1.449000e+02
3.875000e+02 1.428000e+02
3.912500e+02 1.419000e+02
3.950000e+02 1.410000e+02
4.005000e+02 1.395000e+02
4.060000e+02 1.380000e+02
4.115000e+02 1.365000e+02
4.170000e+02 1.350000e+02
4.202500e+02 1.338000e+02
4.235000e+02 1.326000e+02
4.267500e+02 1.317000e+02
4.300000e+02 1.308000e+02
4.327500e+02 1.302000e+02
4.355000e+02 1.296000e+02
4.382500e+02 1.287000e+02
4.410000e+02 1.278000e+02
4.435000e+02 1.272000e+02
4.460000e+02 1.266000e+02
4.482500e+02 1.260000e+02
4.505000e+02 1.254000e+02
4.525000e+02 1.251000e+02
4.545000e+02 1.248000e+02
4.560000e+02 1.245000e+02
4.575000e+02 1.242000e+02
4.587500e+02 1.239000e+02
4.600000e+02 1.236000e+02
4.607500e+02 1.233000e+02
4.615000e+02 1.230000e+02
4.622500e+02 1.230000e+02
4.630000e+02 1.230000e+02
4.635000e+02 1.227000e+02
4.640000e+02 1.224000e+02
4.645000e+02 1.224000e+02
4.650000e+02 1.224000e+02
4.650000e+02 1.224000e+02
4.650000e+02 1.224000e+02
4.652500e+02 1.224000e+02
4.655000e+02 1.224000e+02
4.655000e+02 1.224000e+02
4.655000e+02 1.224000e+02
4.657500e+02 1.224000e+02
4.660000e+02 1.224000e+02
4.660000e+02 1.224000e+02
4.660000e+02 1.224000e+02
4.660000e+02 1.224000e+02
4.660000e+02 1.224000e+02
4.660000e+02 1.224000e+02
4.660000e+02 1.224000e+02
4.662500e+02 1.224000e+02
4.665000e+02 1.224000e+02
4.665000e+02 1.224000e+02
4.665000e+02 1.224000e+02
4.665000e+02 1.224000e+02
4.665000e+02 1.224000e+02
4.665000e+02 1.224000e+02
4.665000e+02 1.224000e+02
4.665000e+02 1.224000e+02
4.665000e+02 1.224000e+02
4.665000e+02 1.224000e+02
4.665000e+02 1.224000e+02
4.665000e+02 1.224000e+02
4.665000e+02 1.224000e+02
4.660000e+02 1.230000e+02
4.660000e+02 1.230000e+02
4.660000e+02 1.230000e+02
