3.025000e+02 4.002000e+02
3.025000e+02 4.002000e+02
3.025000e+02 4.002000e+02
3.025000e+02 4.002000e+02
3.025000e+02 4.002000e+02
3.025000e+02 4.002000e+02
3.025000e+02 4.002000e+02
3.025000e+02 4.002000e+02
3.025000e+02 4.002000e+02
3.025000e+02 4.002000e+02
3.025000e+02 4.002000e+02
3.025000e+02 4.002000e+02
3.025000e+02 4.002000e+02
3.025000e+02 4.000500e+02
3.025000e+02 3.999000e+02
3.025000e+02 3.997500e+02
3.025000e+02 3.996000e+02
3.025000e+02 3.994500e+02
3.025000e+02 3.993000e+02
3.025000e+02 3.991500e+02
3.025000e+02 3.990000e+02
3.023750e+02 3.981000e+02
3.022500e+02 3.972000e+02
3.021250e+02 3.963000e+02
3.020000e+02 3.954000e+02
3.018750e+02 3.940500e+02
3.017500e+02 3.927000e+02
3.016250e+02 3.913500e+02
3.015000e+02 3.900000e+02
3.013750e+02 3.883500e+02
3.012500e+02 3.867000e+02
3.011250e+02 3.850500e+02
3.010000e+02 3.834000e+02
3.008750e+02 3.805500e+02
3.007500e+02 3.777000e+02
3.006250e+02 3.748500e+02
3.005000e+02 3.720000e+02
3.003750e+02 3.699000e+02
3.002500e+02 3.678000e+02
3.001250e+02 3.657000e+02
3.000000e+02 3.636000e+02
2.998750e+02 3.616500e+02
2.997500e+02 3.597000e+02
2.996250e+02 3.577500e+02
2.995000e+02 3.558000e+02
2.995000e+02 3.535500e+02
2.995000e+02 3.513000e+02
2.995000e+02 3.490500e+02
2.995000e+02 3.468000e+02
2.995000e+02 3.442500e+02
2.995000e+02 3.417000e+02
2.995000e+02 3.391500e+02
2.995000e+02 3.366000e+02
2.995000e+02 3.340500e+02
2.995000e+02 3.315000e+02
2.995000e+02 3.289500e+02
2.995000e+02 3.264000e+02
2.995000e+02 3.235500e+02
2.995000e+02 3.207000e+02
2.995000e+02 3.178500e+02
2.995000e+02 3.150000e+02
2.993750e+02 3.109500e+02
2.992500e+02 3.069000e+02
2.991250e+02 3.028500e+02
2.990000e+02 2.988000e+02
2.990000e+02 2.962500e+02
2.990000e+02 2.937000e+02
2.990000e+02 2.911500e+02
2.990000e+02 2.886000e+02
2.991250e+02 2.863500e+02
2.992500e+02 2.841000e+02
2.993750e+02 2.818500e+02
2.995000e+02 2.796000e+02
2.996250e+02 2.775000e+02
2.997500e+02 2.754000e+02
2.998750e+02 2.733000e+02
3.000000e+02 2.712000e+02
3.001250e+02 2.694000e+02
3.002500e+02 2.676000e+02
3.003750e+02 2.658000e+02
3.005000e+02 2.640000e+02
3.007500e+02 2.620500e+02
3.010000e+02 2.601000e+02
3.012500e+02 2.581500e+02
3.015000e+02 2.562000e+02
3.017500e+02 2.542500e+02
3.020000e+02 2.523000e+02
3.022500e+02 2.503500e+02
3.025000e+02 2.484000e+02
3.026250e+02 2.464500e+02
3.027500e+02 2.445000e+02
3.028750e+02 2.425500e+02
3.030000e+02 2.406000e+02
3.032500e+02 2.386500e+02
3.035000e+02 2.367000e+02
3.037500e+02 2.347500e+02
3.040000e+02 2.328000e+02
3.042500e+02 2.310000e+02
3.045000e+02 2.292000e+02
3.047500e+02 2.274000e+02
3.050000e+02 2.256000e+02
3.052500e+02 2.229000e+02
3.055000e+02 2.202000e+02
3.057500e+02 2.175000e+02
3.060000e+02 2.148000e+02
3.062500e+02 2.130000e+02
3.065000e+02 2.112000e+02
3.067500e+02 2.094000e+02
3.070000e+02 2.076000e+02
3.071250e+02 2.056500e+02
3.072500e+02 2.037000e+02
3.073750e+02 2.017500e+02
3.075000e+02 1.998000e+02
3.077500e+02 1.981500e+02
3.080000e+02 1.965000e+02
3.082500e+02 1.948500e+02
3.085000e+02 1.932000e+02
3.086250e+02 1.914000e+02
3.087500e+02 1.896000e+02
3.088750e+02 1.878000e+02
3.090000e+02 1.860000e+02
3.091250e+02 1.842000e+02
3.092500e+02 1.824000e+02
3.093750e+02 1.806000e+02
3.095000e+02 1.788000e+02
3.096250e+02 1.770000e+02
3.097500e+02 1.752000e+02
3.098750e+02 1.734000e+02
3.100000e+02 1.716000e+02
3.101250e+02 1.696500e+02
3.102500e+02 1.677000e+02
3.103750e+02 1.657500e+02
3.105000e+02 1.638000e+02
3.105000e+02 1.621500e+02
3.105000e+02 1.605000e+02
3.105000e+02 1.588500e+02
3.105000e+02 1.572000e+02
3.106250e+02 1.554000e+02
3.107500e+02 1.536000e+02
3.108750e+02 1.518000e+02
3.110000e+02 1.500000e+02
3.110000e+02 1.485000e+02
3.110000e+02 1.470000e+02
3.110000e+02 1.455000e+02
3.110000e+02 1.440000e+02
3.110000e+02 1.422000e+02
3.110000e+02 1.404000e+02
3.110000e+02 1.386000e+02
3.110000e+02 1.368000e+02
3.110000e+02 1.354500e+02
3.110000e+02 1.341000e+02
3.110000e+02 1.327500e+02
3.110000e+02 1.314000e+02
3.111250e+02 1.299000e+02
3.112500e+02 1.284000e+02
3.113750e+02 1.269000e+02
3.115000e+02 1.254000e+02
3.116250e+02 1.231500e+02
3.117500e+02 1.209000e+02
3.118750e+02 1.186500e+02
3.120000e+02 1.164000e+02
3.120000e+02 1.149000e+02
3.120000e+02 1.134000e+02
3.120000e+02 1.119000e+02
3.120000e+02 1.104000e+02
3.122500e+02 1.080000e+02
3.125000e+02 1.056000e+02
3.127500e+02 1.032000e+02
3.130000e+02 1.008000e+02
3.131250e+02 9.855000e+01
3.132500e+02 9.630000e+01
3.133750e+02 9.405000e+01
3.135000e+02 9.180000e+01
3.135000e+02 9.060000e+01
3.135000e+02 8.940000e+01
3.135000e+02 8.820000e+01
3.135000e+02 8.700000e+01
3.136250e+02 8.580000e+01
3.137500e+02 8.460000e+01
3.138750e+02 8.340000e+01
3.140000e+02 8.220000e+01
3.142500e+02 8.100000e+01
3.145000e+02 7.980000e+01
3.147500e+02 7.860000e+01
3.150000e+02 7.740000e+01
3.151250e+02 7.635000e+01
3.152500e+02 7.530000e+01
3.153750e+02 7.425000e+01
3.155000e+02 7.320000e+01
3.156250e+02 7.230000e+01
3.157500e+02 7.140000e+01
3.158750e+02 7.050000e+01
3.160000e+02 6.960000e+01
3.161250e+02 6.885000e+01
3.162500e+02 6.810000e+01
3.165000e+02 6.660000e+01
3.165000e+02 6.540000e+01
3.165000e+02 6.420000e+01
3.165000e+02 6.420000e+01
3.165000e+02 6.420000e+01
