2.020000e+02 1.218000e+02
2.020000e+02 1.218000e+02
2.020000e+02 1.218000e+02
2.017500e+02 1.221000e+02
2.015000e+02 1.224000e+02
2.017500e+02 1.230000e+02
2.020000e+02 1.236000e+02
2.022500e+02 1.239000e+02
2.025000e+02 1.242000e+02
2.030000e+02 1.254000e+02
2.035000e+02 1.266000e+02
2.042500e+02 1.284000e+02
2.050000e+02 1.302000e+02
2.055000e+02 1.314000e+02
2.060000e+02 1.326000e+02
2.082500e+02 1.362000e+02
2.105000e+02 1.398000e+02
2.122500e+02 1.425000e+02
2.140000e+02 1.452000e+02
2.160000e+02 1.479000e+02
2.180000e+02 1.506000e+02
2.205000e+02 1.539000e+02
2.230000e+02 1.572000e+02
2.240000e+02 1.587000e+02
2.250000e+02 1.602000e+02
2.277500e+02 1.635000e+02
2.305000e+02 1.668000e+02
2.332500e+02 1.701000e+02
2.360000e+02 1.734000e+02
2.375000e+02 1.752000e+02
2.390000e+02 1.770000e+02
2.437500e+02 1.827000e+02
2.485000e+02 1.884000e+02
2.500000e+02 1.908000e+02
2.515000e+02 1.932000e+02
2.550000e+02 1.977000e+02
2.585000e+02 2.022000e+02
2.620000e+02 2.073000e+02
2.655000e+02 2.124000e+02
2.672500e+02 2.151000e+02
2.690000e+02 2.178000e+02
2.730000e+02 2.235000e+02
2.770000e+02 2.292000e+02
2.807500e+02 2.349000e+02
2.845000e+02 2.406000e+02
2.920000e+02 2.514000e+02
2.960000e+02 2.568000e+02
3.000000e+02 2.622000e+02
3.070000e+02 2.718000e+02
3.105000e+02 2.760000e+02
3.165000e+02 2.844000e+02
3.225000e+02 2.928000e+02
3.255000e+02 2.964000e+02
3.310000e+02 3.042000e+02
3.365000e+02 3.114000e+02
3.420000e+02 3.180000e+02
3.445000e+02 3.222000e+02
3.500000e+02 3.288000e+02
3.560000e+02 3.366000e+02
3.585000e+02 3.402000e+02
3.645000e+02 3.480000e+02
3.700000e+02 3.552000e+02
3.725000e+02 3.582000e+02
3.765000e+02 3.642000e+02
3.805000e+02 3.690000e+02
3.815000e+02 3.714000e+02
3.830000e+02 3.738000e+02
3.855000e+02 3.774000e+02
3.865000e+02 3.792000e+02
3.880000e+02 3.822000e+02
3.890000e+02 3.846000e+02
3.900000e+02 3.864000e+02
3.905000e+02 3.882000e+02
3.905000e+02 3.900000e+02
3.905000e+02 3.918000e+02
3.895000e+02 3.924000e+02
3.885000e+02 3.936000e+02
3.875000e+02 3.954000e+02
3.860000e+02 3.960000e+02
3.855000e+02 3.966000e+02
3.840000e+02 3.972000e+02
3.815000e+02 3.978000e+02
3.800000e+02 3.984000e+02
3.770000e+02 3.984000e+02
3.755000e+02 3.990000e+02
3.720000e+02 3.990000e+02
3.685000e+02 3.996000e+02
3.665000e+02 4.002000e+02
3.630000e+02 4.008000e+02
3.595000e+02 4.020000e+02
3.580000e+02 4.032000e+02
3.540000e+02 4.056000e+02
3.505000e+02 4.080000e+02
3.485000e+02 4.092000e+02
3.435000e+02 4.110000e+02
3.380000e+02 4.128000e+02
3.320000e+02 4.146000e+02
3.290000e+02 4.158000e+02
3.220000e+02 4.182000e+02
3.145000e+02 4.206000e+02
3.110000e+02 4.224000e+02
3.030000e+02 4.242000e+02
2.940000e+02 4.260000e+02
2.850000e+02 4.266000e+02
2.755000e+02 4.272000e+02
2.710000e+02 4.278000e+02
2.615000e+02 4.284000e+02
2.535000e+02 4.290000e+02
2.455000e+02 4.302000e+02
2.410000e+02 4.302000e+02
2.330000e+02 4.314000e+02
2.245000e+02 4.320000e+02
2.210000e+02 4.320000e+02
2.140000e+02 4.326000e+02
2.080000e+02 4.326000e+02
2.055000e+02 4.326000e+02
2.005000e+02 4.326000e+02
1.960000e+02 4.320000e+02
1.940000e+02 4.314000e+02
1.905000e+02 4.308000e+02
1.880000e+02 4.302000e+02
1.870000e+02 4.296000e+02
1.850000e+02 4.278000e+02
1.840000e+02 4.254000e+02
1.835000e+02 4.224000e+02
1.835000e+02 4.212000e+02
1.840000e+02 4.182000e+02
1.845000e+02 4.164000e+02
1.860000e+02 4.122000e+02
1.885000e+02 4.074000e+02
1.900000e+02 4.050000e+02
1.930000e+02 3.990000e+02
1.970000e+02 3.930000e+02
1.990000e+02 3.900000e+02
2.035000e+02 3.828000e+02
2.060000e+02 3.792000e+02
2.110000e+02 3.714000e+02
2.160000e+02 3.642000e+02
2.190000e+02 3.600000e+02
2.245000e+02 3.522000e+02
2.305000e+02 3.438000e+02
2.335000e+02 3.396000e+02
2.390000e+02 3.312000e+02
2.455000e+02 3.222000e+02
2.525000e+02 3.132000e+02
2.560000e+02 3.084000e+02
2.630000e+02 2.994000e+02
2.710000e+02 2.898000e+02
2.755000e+02 2.850000e+02
2.840000e+02 2.754000e+02
2.920000e+02 2.664000e+02
2.965000e+02 2.616000e+02
3.045000e+02 2.526000e+02
3.085000e+02 2.484000e+02
3.165000e+02 2.400000e+02
3.235000e+02 2.322000e+02
3.265000e+02 2.286000e+02
3.330000e+02 2.220000e+02
3.390000e+02 2.160000e+02
3.420000e+02 2.130000e+02
3.445000e+02 2.106000e+02
3.500000e+02 2.052000e+02
3.555000e+02 2.004000e+02
3.585000e+02 1.974000e+02
3.635000e+02 1.926000e+02
3.695000e+02 1.878000e+02
3.755000e+02 1.824000e+02
3.815000e+02 1.770000e+02
3.850000e+02 1.740000e+02
3.915000e+02 1.680000e+02
3.975000e+02 1.626000e+02
4.005000e+02 1.596000e+02
4.070000e+02 1.536000e+02
4.125000e+02 1.482000e+02
4.155000e+02 1.458000e+02
4.185000e+02 1.428000e+02
4.240000e+02 1.374000e+02
4.265000e+02 1.350000e+02
4.315000e+02 1.302000e+02
4.365000e+02 1.254000e+02
4.410000e+02 1.200000e+02
4.430000e+02 1.182000e+02
4.455000e+02 1.158000e+02
4.500000e+02 1.122000e+02
4.525000e+02 1.104000e+02
4.565000e+02 1.068000e+02
4.605000e+02 1.032000e+02
4.640000e+02 1.008000e+02
4.665000e+02 9.960000e+01
4.680000e+02 9.840000e+01
4.685000e+02 9.780000e+01
4.690000e+02 9.780000e+01
4.695000e+02 9.780000e+01
4.700000e+02 9.720000e+01
4.700000e+02 9.720000e+01
4.700000e+02 9.720000e+01
4.700000e+02 9.660000e+01
4.700000e+02 9.600000e+01
4.695000e+02 9.540000e+01
4.695000e+02 9.540000e+01
