2.570000e+02 1.146000e+02
2.570000e+02 1.146000e+02
2.570000e+02 1.146000e+02
2.572500e+02 1.146000e+02
2.575000e+02 1.146000e+02
2.575000e+02 1.149000e+02
2.575000e+02 1.152000e+02
2.582500e+02 1.158000e+02
2.590000e+02 1.164000e+02
2.602500e+02 1.182000e+02
2.615000e+02 1.200000e+02
2.632500e+02 1.221000e+02
2.650000e+02 1.242000e+02
2.672500e+02 1.272000e+02
2.695000e+02 1.302000e+02
2.717500e+02 1.332000e+02
2.740000e+02 1.362000e+02
2.765000e+02 1.398000e+02
2.790000e+02 1.434000e+02
2.817500e+02 1.476000e+02
2.845000e+02 1.518000e+02
2.890000e+02 1.578000e+02
2.935000e+02 1.638000e+02
2.950000e+02 1.659000e+02
2.965000e+02 1.680000e+02
2.992500e+02 1.722000e+02
3.020000e+02 1.764000e+02
3.055000e+02 1.809000e+02
3.090000e+02 1.854000e+02
3.125000e+02 1.905000e+02
3.160000e+02 1.956000e+02
3.192500e+02 2.004000e+02
3.225000e+02 2.052000e+02
3.257500e+02 2.097000e+02
3.290000e+02 2.142000e+02
3.340000e+02 2.214000e+02
3.390000e+02 2.286000e+02
3.407500e+02 2.313000e+02
3.425000e+02 2.340000e+02
3.460000e+02 2.397000e+02
3.495000e+02 2.454000e+02
3.530000e+02 2.508000e+02
3.565000e+02 2.562000e+02
3.595000e+02 2.610000e+02
3.625000e+02 2.658000e+02
3.657500e+02 2.709000e+02
3.690000e+02 2.760000e+02
3.717500e+02 2.811000e+02
3.745000e+02 2.862000e+02
3.780000e+02 2.916000e+02
3.815000e+02 2.970000e+02
3.842500e+02 3.018000e+02
3.870000e+02 3.066000e+02
3.897500e+02 3.111000e+02
3.925000e+02 3.156000e+02
3.962500e+02 3.216000e+02
4.000000e+02 3.276000e+02
4.022500e+02 3.315000e+02
4.045000e+02 3.354000e+02
4.065000e+02 3.390000e+02
4.085000e+02 3.426000e+02
4.105000e+02 3.456000e+02
4.125000e+02 3.486000e+02
4.142500e+02 3.516000e+02
4.160000e+02 3.546000e+02
4.177500e+02 3.573000e+02
4.195000e+02 3.600000e+02
4.207500e+02 3.624000e+02
4.220000e+02 3.648000e+02
4.245000e+02 3.684000e+02
4.280000e+02 3.738000e+02
4.285000e+02 3.750000e+02
4.305000e+02 3.774000e+02
4.315000e+02 3.786000e+02
4.330000e+02 3.804000e+02
4.335000e+02 3.816000e+02
4.340000e+02 3.822000e+02
4.340000e+02 3.822000e+02
4.345000e+02 3.822000e+02
4.345000e+02 3.828000e+02
4.350000e+02 3.828000e+02
4.350000e+02 3.828000e+02
4.350000e+02 3.828000e+02
4.350000e+02 3.828000e+02
4.340000e+02 3.822000e+02
4.335000e+02 3.822000e+02
4.290000e+02 3.822000e+02
4.195000e+02 3.816000e+02
4.080000e+02 3.810000e+02
3.970000e+02 3.810000e+02
3.860000e+02 3.804000e+02
3.750000e+02 3.804000e+02
3.630000e+02 3.804000e+02
3.515000e+02 3.804000e+02
3.410000e+02 3.804000e+02
3.295000e+02 3.810000e+02
3.170000e+02 3.816000e+02
2.965000e+02 3.834000e+02
2.770000e+02 3.852000e+02
2.585000e+02 3.882000e+02
2.395000e+02 3.912000e+02
2.340000e+02 3.924000e+02
2.240000e+02 3.942000e+02
2.140000e+02 3.960000e+02
2.050000e+02 3.972000e+02
1.965000e+02 3.984000e+02
1.885000e+02 3.996000e+02
1.815000e+02 4.002000e+02
1.755000e+02 4.014000e+02
1.685000e+02 4.020000e+02
1.640000e+02 4.020000e+02
1.625000e+02 4.020000e+02
1.595000e+02 4.020000e+02
1.575000e+02 4.020000e+02
1.555000e+02 4.020000e+02
1.555000e+02 4.014000e+02
1.540000e+02 4.014000e+02
1.535000e+02 4.014000e+02
1.535000e+02 4.008000e+02
1.535000e+02 4.008000e+02
1.530000e+02 4.002000e+02
1.530000e+02 4.002000e+02
1.530000e+02 4.002000e+02
1.530000e+02 3.996000e+02
1.530000e+02 3.990000e+02
1.535000e+02 3.984000e+02
1.535000e+02 3.978000e+02
1.550000e+02 3.960000e+02
1.570000e+02 3.936000e+02
1.605000e+02 3.900000e+02
1.640000e+02 3.864000e+02
1.690000e+02 3.816000e+02
1.735000e+02 3.768000e+02
1.795000e+02 3.714000e+02
1.860000e+02 3.654000e+02
1.925000e+02 3.594000e+02
2.005000e+02 3.522000e+02
2.120000e+02 3.420000e+02
2.160000e+02 3.384000e+02
2.280000e+02 3.276000e+02
2.410000e+02 3.162000e+02
2.445000e+02 3.132000e+02
2.520000e+02 3.066000e+02
2.605000e+02 2.988000e+02
2.690000e+02 2.910000e+02
2.790000e+02 2.814000e+02
2.880000e+02 2.724000e+02
2.975000e+02 2.640000e+02
3.075000e+02 2.544000e+02
3.165000e+02 2.460000e+02
3.265000e+02 2.364000e+02
3.365000e+02 2.268000e+02
3.465000e+02 2.172000e+02
3.570000e+02 2.070000e+02
3.665000e+02 1.974000e+02
3.755000e+02 1.890000e+02
3.845000e+02 1.800000e+02
3.965000e+02 1.686000e+02
4.045000e+02 1.608000e+02
4.110000e+02 1.542000e+02
4.185000e+02 1.464000e+02
4.240000e+02 1.410000e+02
4.305000e+02 1.356000e+02
4.355000e+02 1.314000e+02
4.410000e+02 1.272000e+02
4.485000e+02 1.218000e+02
4.515000e+02 1.194000e+02
4.565000e+02 1.164000e+02
4.585000e+02 1.146000e+02
4.620000e+02 1.122000e+02
4.660000e+02 1.098000e+02
4.690000e+02 1.074000e+02
4.715000e+02 1.062000e+02
4.735000e+02 1.044000e+02
4.750000e+02 1.032000e+02
4.765000e+02 1.014000e+02
4.785000e+02 9.960000e+01
4.790000e+02 9.900000e+01
4.800000e+02 9.780000e+01
4.805000e+02 9.780000e+01
4.810000e+02 9.720000e+01
4.815000e+02 9.660000e+01
4.820000e+02 9.600000e+01
4.825000e+02 9.600000e+01
4.830000e+02 9.540000e+01
4.830000e+02 9.540000e+01
4.835000e+02 9.480000e+01
4.835000e+02 9.480000e+01
4.840000e+02 9.420000e+01
4.840000e+02 9.420000e+01
4.845000e+02 9.420000e+01
4.845000e+02 9.420000e+01
4.845000e+02 9.420000e+01
4.845000e+02 9.420000e+01
4.845000e+02 9.420000e+01
4.850000e+02 9.420000e+01
4.850000e+02 9.420000e+01
4.850000e+02 9.420000e+01
4.850000e+02 9.540000e+01
4.850000e+02 9.540000e+01
2.570000e+02 1.146000e+02
2.570000e+02 1.146000e+02
2.570000e+02 1.146000e+02
2.572500e+02 1.146000e+02
2.575000e+02 1.146000e+02
2.575000e+02 1.149000e+02
2.575000e+02 1.152000e+02
2.582500e+02 1.158000e+02
2.590000e+02 1.164000e+02
2.602500e+02 1.182000e+02
2.615000e+02 1.200000e+02
2.632500e+02 1.221000e+02
2.650000e+02 1.242000e+02
2.672500e+02 1.272000e+02
2.695000e+02 1.302000e+02
2.717500e+02 1.332000e+02
2.740000e+02 1.362000e+02
2.765000e+02 1.398000e+02
2.790000e+02 1.434000e+02
2.817500e+02 1.476000e+02
2.845000e+02 1.518000e+02
2.890000e+02 1.578000e+02
2.935000e+02 1.638000e+02
2.950000e+02 1.659000e+02
2.965000e+02 1.680000e+02
2.992500e+02 1.722000e+02
3.020000e+02 1.764000e+02
3.055000e+02 1.809000e+02
3.090000e+02 1.854000e+02
3.125000e+02 1.905000e+02
3.160000e+02 1.956000e+02
3.192500e+02 2.004000e+02
3.225000e+02 2.052000e+02
3.257500e+02 2.097000e+02
3.290000e+02 2.142000e+02
3.340000e+02 2.214000e+02
3.390000e+02 2.286000e+02
3.407500e+02 2.313000e+02
3.425000e+02 2.340000e+02
3.460000e+02 2.397000e+02
3.495000e+02 2.454000e+02
3.530000e+02 2.508000e+02
3.565000e+02 2.562000e+02
3.595000e+02 2.610000e+02
3.625000e+02 2.658000e+02
3.657500e+02 2.709000e+02
3.690000e+02 2.760000e+02
3.717500e+02 2.811000e+02
3.745000e+02 2.862000e+02
3.780000e+02 2.916000e+02
3.815000e+02 2.970000e+02
3.842500e+02 3.018000e+02
3.870000e+02 3.066000e+02
3.897500e+02 3.111000e+02
3.925000e+02 3.156000e+02
3.962500e+02 3.216000e+02
4.000000e+02 3.276000e+02
4.022500e+02 3.315000e+02
4.045000e+02 3.354000e+02
4.065000e+02 3.390000e+02
4.085000e+02 3.426000e+02
4.105000e+02 3.456000e+02
4.125000e+02 3.486000e+02
4.142500e+02 3.516000e+02
4.160000e+02 3.546000e+02
4.177500e+02 3.573000e+02
4.195000e+02 3.600000e+02
4.207500e+02 3.624000e+02
4.220000e+02 3.648000e+02
4.245000e+02 3.684000e+02
4.280000e+02 3.738000e+02
4.285000e+02 3.750000e+02
4.305000e+02 3.774000e+02
4.315000e+02 3.786000e+02
4.330000e+02 3.804000e+02
4.335000e+02 3.816000e+02
4.340000e+02 3.822000e+02
4.340000e+02 3.822000e+02
4.345000e+02 3.822000e+02
4.345000e+02 3.828000e+02
4.350000e+02 3.828000e+02
4.350000e+02 3.828000e+02
4.350000e+02 3.828000e+02
4.350000e+02 3.828000e+02
4.340000e+02 3.822000e+02
4.335000e+02 3.822000e+02
4.290000e+02 3.822000e+02
4.195000e+02 3.816000e+02
4.080000e+02 3.810000e+02
3.970000e+02 3.810000e+02
3.860000e+02 3.804000e+02
3.750000e+02 3.804000e+02
3.630000e+02 3.804000e+02
3.515000e+02 3.804000e+02
3.410000e+02 3.804000e+02
3.295000e+02 3.810000e+02
3.170000e+02 3.816000e+02
2.965000e+02 3.834000e+02
2.770000e+02 3.852000e+02
2.585000e+02 3.882000e+02
2.395000e+02 3.912000e+02
2.340000e+02 3.924000e+02
2.240000e+02 3.942000e+02
2.140000e+02 3.960000e+02
2.050000e+02 3.972000e+02
1.965000e+02 3.984000e+02
1.885000e+02 3.996000e+02
1.815000e+02 4.002000e+02
1.755000e+02 4.014000e+02
1.685000e+02 4.020000e+02
1.640000e+02 4.020000e+02
1.625000e+02 4.020000e+02
1.595000e+02 4.020000e+02
1.575000e+02 4.020000e+02
1.555000e+02 4.020000e+02
1.555000e+02 4.014000e+02
1.540000e+02 4.014000e+02
1.535000e+02 4.014000e+02
1.535000e+02 4.008000e+02
1.535000e+02 4.008000e+02
1.530000e+02 4.002000e+02
1.530000e+02 4.002000e+02
1.530000e+02 4.002000e+02
1.530000e+02 3.996000e+02
1.530000e+02 3.990000e+02
1.535000e+02 3.984000e+02
1.535000e+02 3.978000e+02
1.550000e+02 3.960000e+02
1.570000e+02 3.936000e+02
1.605000e+02 3.900000e+02
1.640000e+02 3.864000e+02
1.690000e+02 3.816000e+02
1.735000e+02 3.768000e+02
1.795000e+02 3.714000e+02
1.860000e+02 3.654000e+02
1.925000e+02 3.594000e+02
2.005000e+02 3.522000e+02
2.120000e+02 3.420000e+02
2.160000e+02 3.384000e+02
2.280000e+02 3.276000e+02
2.410000e+02 3.162000e+02
2.445000e+02 3.132000e+02
2.520000e+02 3.066000e+02
2.605000e+02 2.988000e+02
2.690000e+02 2.910000e+02
2.790000e+02 2.814000e+02
2.880000e+02 2.724000e+02
2.975000e+02 2.640000e+02
3.075000e+02 2.544000e+02
3.165000e+02 2.460000e+02
3.265000e+02 2.364000e+02
3.365000e+02 2.268000e+02
3.465000e+02 2.172000e+02
3.570000e+02 2.070000e+02
3.665000e+02 1.974000e+02
3.755000e+02 1.890000e+02
3.845000e+02 1.800000e+02
3.965000e+02 1.686000e+02
4.045000e+02 1.608000e+02
4.110000e+02 1.542000e+02
4.185000e+02 1.464000e+02
4.240000e+02 1.410000e+02
4.305000e+02 1.356000e+02
4.355000e+02 1.314000e+02
4.410000e+02 1.272000e+02
4.485000e+02 1.218000e+02
4.515000e+02 1.194000e+02
4.565000e+02 1.164000e+02
4.585000e+02 1.146000e+02
4.620000e+02 1.122000e+02
4.660000e+02 1.098000e+02
4.690000e+02 1.074000e+02
4.715000e+02 1.062000e+02
4.735000e+02 1.044000e+02
4.750000e+02 1.032000e+02
4.765000e+02 1.014000e+02
4.785000e+02 9.960000e+01
4.790000e+02 9.900000e+01
4.800000e+02 9.780000e+01
4.805000e+02 9.780000e+01
4.810000e+02 9.720000e+01
4.815000e+02 9.660000e+01
4.820000e+02 9.600000e+01
4.825000e+02 9.600000e+01
4.830000e+02 9.540000e+01
4.830000e+02 9.540000e+01
4.835000e+02 9.480000e+01
4.835000e+02 9.480000e+01
4.840000e+02 9.420000e+01
4.840000e+02 9.420000e+01
4.845000e+02 9.420000e+01
4.845000e+02 9.420000e+01
4.845000e+02 9.420000e+01
4.845000e+02 9.420000e+01
4.845000e+02 9.420000e+01
4.850000e+02 9.420000e+01
4.850000e+02 9.420000e+01
4.850000e+02 9.420000e+01
4.850000e+02 9.540000e+01
4.850000e+02 9.540000e+01
2.570000e+02 1.146000e+02
2.570000e+02 1.146000e+02
2.570000e+02 1.146000e+02
2.572500e+02 1.146000e+02
2.575000e+02 1.146000e+02
2.575000e+02 1.149000e+02
2.575000e+02 1.152000e+02
2.582500e+02 1.158000e+02
2.590000e+02 1.164000e+02
2.602500e+02 1.182000e+02
2.615000e+02 1.200000e+02
2.632500e+02 1.221000e+02
2.650000e+02 1.242000e+02
2.672500e+02 1.272000e+02
2.695000e+02 1.302000e+02
2.717500e+02 1.332000e+02
2.740000e+02 1.362000e+02
2.765000e+02 1.398000e+02
2.790000e+02 1.434000e+02
2.817500e+02 1.476000e+02
2.845000e+02 1.518000e+02
2.890000e+02 1.578000e+02
2.935000e+02 1.638000e+02
2.950000e+02 1.659000e+02
2.965000e+02 1.680000e+02
2.992500e+02 1.722000e+02
3.020000e+02 1.764000e+02
3.055000e+02 1.809000e+02
3.090000e+02 1.854000e+02
3.125000e+02 1.905000e+02
3.160000e+02 1.956000e+02
3.192500e+02 2.004000e+02
3.225000e+02 2.052000e+02
3.257500e+02 2.097000e+02
3.290000e+02 2.142000e+02
3.340000e+02 2.214000e+02
3.390000e+02 2.286000e+02
3.407500e+02 2.313000e+02
3.425000e+02 2.340000e+02
3.460000e+02 2.397000e+02
3.495000e+02 2.454000e+02
3.530000e+02 2.508000e+02
3.565000e+02 2.562000e+02
3.595000e+02 2.610000e+02
3.625000e+02 2.658000e+02
3.657500e+02 2.709000e+02
3.690000e+02 2.760000e+02
3.717500e+02 2.811000e+02
3.745000e+02 2.862000e+02
3.780000e+02 2.916000e+02
3.815000e+02 2.970000e+02
3.842500e+02 3.018000e+02
3.870000e+02 3.066000e+02
3.897500e+02 3.111000e+02
3.925000e+02 3.156000e+02
3.962500e+02 3.216000e+02
4.000000e+02 3.276000e+02
4.022500e+02 3.315000e+02
4.045000e+02 3.354000e+02
4.065000e+02 3.390000e+02
4.085000e+02 3.426000e+02
4.105000e+02 3.456000e+02
4.125000e+02 3.486000e+02
4.142500e+02 3.516000e+02
4.160000e+02 3.546000e+02
4.177500e+02 3.573000e+02
4.195000e+02 3.600000e+02
4.207500e+02 3.624000e+02
4.220000e+02 3.648000e+02
4.245000e+02 3.684000e+02
4.280000e+02 3.738000e+02
4.285000e+02 3.750000e+02
4.305000e+02 3.774000e+02
4.315000e+02 3.786000e+02
4.330000e+02 3.804000e+02
4.335000e+02 3.816000e+02
4.340000e+02 3.822000e+02
4.340000e+02 3.822000e+02
4.345000e+02 3.822000e+02
4.345000e+02 3.828000e+02
4.350000e+02 3.828000e+02
4.350000e+02 3.828000e+02
4.350000e+02 3.828000e+02
4.350000e+02 3.828000e+02
4.340000e+02 3.822000e+02
4.335000e+02 3.822000e+02
4.290000e+02 3.822000e+02
4.195000e+02 3.816000e+02
4.080000e+02 3.810000e+02
3.970000e+02 3.810000e+02
3.860000e+02 3.804000e+02
3.750000e+02 3.804000e+02
3.630000e+02 3.804000e+02
3.515000e+02 3.804000e+02
3.410000e+02 3.804000e+02
3.295000e+02 3.810000e+02
3.170000e+02 3.816000e+02
2.965000e+02 3.834000e+02
2.770000e+02 3.852000e+02
2.585000e+02 3.882000e+02
2.395000e+02 3.912000e+02
2.340000e+02 3.924000e+02
2.240000e+02 3.942000e+02
2.140000e+02 3.960000e+02
2.050000e+02 3.972000e+02
1.965000e+02 3.984000e+02
1.885000e+02 3.996000e+02
1.815000e+02 4.002000e+02
1.755000e+02 4.014000e+02
1.685000e+02 4.020000e+02
1.640000e+02 4.020000e+02
1.625000e+02 4.020000e+02
1.595000e+02 4.020000e+02
1.575000e+02 4.020000e+02
1.555000e+02 4.020000e+02
1.555000e+02 4.014000e+02
1.540000e+02 4.014000e+02
1.535000e+02 4.014000e+02
1.535000e+02 4.008000e+02
1.535000e+02 4.008000e+02
1.530000e+02 4.002000e+02
1.530000e+02 4.002000e+02
1.530000e+02 4.002000e+02
1.530000e+02 3.996000e+02
1.530000e+02 3.990000e+02
1.535000e+02 3.984000e+02
1.535000e+02 3.978000e+02
1.550000e+02 3.960000e+02
1.570000e+02 3.936000e+02
1.605000e+02 3.900000e+02
1.640000e+02 3.864000e+02
1.690000e+02 3.816000e+02
1.735000e+02 3.768000e+02
1.795000e+02 3.714000e+02
1.860000e+02 3.654000e+02
1.925000e+02 3.594000e+02
2.005000e+02 3.522000e+02
2.120000e+02 3.420000e+02
2.160000e+02 3.384000e+02
2.280000e+02 3.276000e+02
2.410000e+02 3.162000e+02
2.445000e+02 3.132000e+02
2.520000e+02 3.066000e+02
2.605000e+02 2.988000e+02
2.690000e+02 2.910000e+02
2.790000e+02 2.814000e+02
2.880000e+02 2.724000e+02
2.975000e+02 2.640000e+02
3.075000e+02 2.544000e+02
3.165000e+02 2.460000e+02
3.265000e+02 2.364000e+02
3.365000e+02 2.268000e+02
3.465000e+02 2.172000e+02
3.570000e+02 2.070000e+02
3.665000e+02 1.974000e+02
3.755000e+02 1.890000e+02
3.845000e+02 1.800000e+02
3.965000e+02 1.686000e+02
4.045000e+02 1.608000e+02
4.110000e+02 1.542000e+02
4.185000e+02 1.464000e+02
4.240000e+02 1.410000e+02
4.305000e+02 1.356000e+02
4.355000e+02 1.314000e+02
4.410000e+02 1.272000e+02
4.485000e+02 1.218000e+02
4.515000e+02 1.194000e+02
4.565000e+02 1.164000e+02
4.585000e+02 1.146000e+02
4.620000e+02 1.122000e+02
4.660000e+02 1.098000e+02
4.690000e+02 1.074000e+02
4.715000e+02 1.062000e+02
4.735000e+02 1.044000e+02
4.750000e+02 1.032000e+02
4.765000e+02 1.014000e+02
4.785000e+02 9.960000e+01
4.790000e+02 9.900000e+01
4.800000e+02 9.780000e+01
4.805000e+02 9.780000e+01
4.810000e+02 9.720000e+01
4.815000e+02 9.660000e+01
4.820000e+02 9.600000e+01
4.825000e+02 9.600000e+01
4.830000e+02 9.540000e+01
4.830000e+02 9.540000e+01
4.835000e+02 9.480000e+01
4.835000e+02 9.480000e+01
4.840000e+02 9.420000e+01
4.840000e+02 9.420000e+01
4.845000e+02 9.420000e+01
4.845000e+02 9.420000e+01
4.845000e+02 9.420000e+01
4.845000e+02 9.420000e+01
4.845000e+02 9.420000e+01
4.850000e+02 9.420000e+01
4.850000e+02 9.420000e+01
4.850000e+02 9.420000e+01
4.850000e+02 9.540000e+01
4.850000e+02 9.540000e+01
