2.265000e+02 1.110000e+02
2.265000e+02 1.110000e+02
2.265000e+02 1.110000e+02
2.265000e+02 1.113000e+02
2.265000e+02 1.116000e+02
2.265000e+02 1.116000e+02
2.265000e+02 1.116000e+02
2.265000e+02 1.119000e+02
2.265000e+02 1.122000e+02
2.270000e+02 1.131000e+02
2.275000e+02 1.140000e+02
2.280000e+02 1.155000e+02
2.285000e+02 1.170000e+02
2.300000e+02 1.191000e+02
2.315000e+02 1.212000e+02
2.330000e+02 1.242000e+02
2.345000e+02 1.272000e+02
2.375000e+02 1.317000e+02
2.405000e+02 1.362000e+02
2.432500e+02 1.398000e+02
2.460000e+02 1.434000e+02
2.482500e+02 1.470000e+02
2.505000e+02 1.506000e+02
2.535000e+02 1.545000e+02
2.565000e+02 1.584000e+02
2.595000e+02 1.626000e+02
2.625000e+02 1.668000e+02
2.660000e+02 1.713000e+02
2.695000e+02 1.758000e+02
2.745000e+02 1.821000e+02
2.795000e+02 1.884000e+02
2.830000e+02 1.929000e+02
2.865000e+02 1.974000e+02
2.922500e+02 2.046000e+02
2.980000e+02 2.118000e+02
2.995000e+02 2.139000e+02
3.010000e+02 2.160000e+02
3.045000e+02 2.208000e+02
3.080000e+02 2.256000e+02
3.110000e+02 2.304000e+02
3.140000e+02 2.352000e+02
3.175000e+02 2.400000e+02
3.210000e+02 2.448000e+02
3.242500e+02 2.502000e+02
3.275000e+02 2.556000e+02
3.307500e+02 2.604000e+02
3.340000e+02 2.652000e+02
3.372500e+02 2.697000e+02
3.405000e+02 2.742000e+02
3.420000e+02 2.766000e+02
3.435000e+02 2.790000e+02
3.480000e+02 2.856000e+02
3.525000e+02 2.922000e+02
3.557500e+02 2.964000e+02
3.590000e+02 3.006000e+02
3.617500e+02 3.045000e+02
3.645000e+02 3.084000e+02
3.660000e+02 3.105000e+02
3.675000e+02 3.126000e+02
3.697500e+02 3.159000e+02
3.720000e+02 3.192000e+02
3.745000e+02 3.225000e+02
3.770000e+02 3.258000e+02
3.792500e+02 3.291000e+02
3.815000e+02 3.324000e+02
3.837500e+02 3.351000e+02
3.860000e+02 3.378000e+02
3.877500e+02 3.405000e+02
3.895000e+02 3.432000e+02
3.915000e+02 3.456000e+02
3.935000e+02 3.480000e+02
3.955000e+02 3.504000e+02
3.975000e+02 3.528000e+02
3.990000e+02 3.552000e+02
4.005000e+02 3.576000e+02
4.012500e+02 3.588000e+02
4.020000e+02 3.600000e+02
4.025000e+02 3.609000e+02
4.030000e+02 3.618000e+02
4.032500e+02 3.624000e+02
4.035000e+02 3.630000e+02
4.037500e+02 3.633000e+02
4.040000e+02 3.636000e+02
4.040000e+02 3.639000e+02
4.040000e+02 3.642000e+02
4.040000e+02 3.642000e+02
4.040000e+02 3.642000e+02
4.040000e+02 3.645000e+02
4.040000e+02 3.648000e+02
4.040000e+02 3.648000e+02
4.040000e+02 3.648000e+02
4.040000e+02 3.648000e+02
4.040000e+02 3.648000e+02
4.037500e+02 3.648000e+02
4.035000e+02 3.648000e+02
4.030000e+02 3.645000e+02
4.025000e+02 3.642000e+02
4.020000e+02 3.642000e+02
4.015000e+02 3.642000e+02
4.000000e+02 3.639000e+02
3.985000e+02 3.636000e+02
3.950000e+02 3.627000e+02
3.915000e+02 3.618000e+02
3.872500e+02 3.615000e+02
3.830000e+02 3.612000e+02
3.792500e+02 3.606000e+02
3.755000e+02 3.600000e+02
3.720000e+02 3.597000e+02
3.685000e+02 3.594000e+02
3.640000e+02 3.591000e+02
3.595000e+02 3.588000e+02
3.542500e+02 3.585000e+02
3.490000e+02 3.582000e+02
3.442500e+02 3.582000e+02
3.395000e+02 3.582000e+02
3.307500e+02 3.582000e+02
3.220000e+02 3.582000e+02
3.122500e+02 3.585000e+02
3.025000e+02 3.588000e+02
2.955000e+02 3.594000e+02
2.885000e+02 3.600000e+02
2.690000e+02 3.618000e+02
2.500000e+02 3.636000e+02
2.390000e+02 3.654000e+02
2.280000e+02 3.666000e+02
2.190000e+02 3.678000e+02
2.100000e+02 3.696000e+02
1.995000e+02 3.708000e+02
1.940000e+02 3.720000e+02
1.885000e+02 3.726000e+02
1.820000e+02 3.738000e+02
1.790000e+02 3.744000e+02
1.765000e+02 3.750000e+02
1.745000e+02 3.756000e+02
1.730000e+02 3.756000e+02
1.715000e+02 3.756000e+02
1.710000e+02 3.756000e+02
1.705000e+02 3.750000e+02
1.700000e+02 3.750000e+02
1.695000e+02 3.750000e+02
1.690000e+02 3.744000e+02
1.690000e+02 3.738000e+02
1.690000e+02 3.732000e+02
1.690000e+02 3.726000e+02
1.695000e+02 3.726000e+02
1.700000e+02 3.714000e+02
1.745000e+02 3.654000e+02
1.765000e+02 3.630000e+02
1.815000e+02 3.576000e+02
1.865000e+02 3.528000e+02
1.925000e+02 3.462000e+02
1.980000e+02 3.414000e+02
2.045000e+02 3.342000e+02
2.110000e+02 3.276000e+02
2.190000e+02 3.186000e+02
2.255000e+02 3.114000e+02
2.295000e+02 3.066000e+02
2.400000e+02 2.928000e+02
2.480000e+02 2.832000e+02
2.520000e+02 2.778000e+02
2.600000e+02 2.676000e+02
2.680000e+02 2.574000e+02
2.715000e+02 2.526000e+02
2.800000e+02 2.430000e+02
2.875000e+02 2.346000e+02
2.970000e+02 2.232000e+02
3.100000e+02 2.082000e+02
3.135000e+02 2.040000e+02
3.220000e+02 1.938000e+02
3.305000e+02 1.836000e+02
3.390000e+02 1.740000e+02
3.465000e+02 1.650000e+02
3.545000e+02 1.566000e+02
3.620000e+02 1.476000e+02
3.700000e+02 1.398000e+02
3.780000e+02 1.308000e+02
3.845000e+02 1.248000e+02
3.915000e+02 1.176000e+02
3.970000e+02 1.122000e+02
4.035000e+02 1.068000e+02
4.065000e+02 1.038000e+02
4.145000e+02 9.780000e+01
4.210000e+02 9.240000e+01
4.250000e+02 8.880000e+01
4.290000e+02 8.520000e+01
4.320000e+02 8.280000e+01
4.345000e+02 8.040000e+01
4.365000e+02 7.920000e+01
4.375000e+02 7.740000e+01
4.385000e+02 7.680000e+01
4.390000e+02 7.620000e+01
4.400000e+02 7.500000e+01
4.400000e+02 7.500000e+01
4.405000e+02 7.440000e+01
4.405000e+02 7.440000e+01
4.410000e+02 7.440000e+01
4.410000e+02 7.440000e+01
4.410000e+02 7.500000e+01
4.410000e+02 7.500000e+01
4.410000e+02 7.500000e+01
