3.515000e+02 4.062000e+02
3.515000e+02 4.062000e+02
3.515000e+02 4.062000e+02
3.515000e+02 4.062000e+02
3.515000e+02 4.062000e+02
3.515000e+02 4.062000e+02
3.515000e+02 4.062000e+02
3.515000e+02 4.062000e+02
3.515000e+02 4.062000e+02
3.515000e+02 4.062000e+02
3.515000e+02 4.062000e+02
3.515000e+02 4.062000e+02
3.515000e+02 4.062000e+02
3.513750e+02 4.062000e+02
3.512500e+02 4.062000e+02
3.511250e+02 4.062000e+02
3.510000e+02 4.062000e+02
3.510000e+02 4.059000e+02
3.510000e+02 4.056000e+02
3.510000e+02 4.053000e+02
3.510000e+02 4.050000e+02
3.507500e+02 4.042500e+02
3.505000e+02 4.035000e+02
3.502500e+02 4.027500e+02
3.500000e+02 4.020000e+02
3.496250e+02 3.999000e+02
3.492500e+02 3.978000e+02
3.488750e+02 3.957000e+02
3.485000e+02 3.936000e+02
3.481250e+02 3.916500e+02
3.477500e+02 3.897000e+02
3.473750e+02 3.877500e+02
3.470000e+02 3.858000e+02
3.465000e+02 3.829500e+02
3.460000e+02 3.801000e+02
3.455000e+02 3.772500e+02
3.450000e+02 3.744000e+02
3.446250e+02 3.715500e+02
3.442500e+02 3.687000e+02
3.438750e+02 3.658500e+02
3.435000e+02 3.630000e+02
3.433750e+02 3.612000e+02
3.432500e+02 3.594000e+02
3.431250e+02 3.576000e+02
3.430000e+02 3.558000e+02
3.428750e+02 3.537000e+02
3.427500e+02 3.516000e+02
3.426250e+02 3.495000e+02
3.425000e+02 3.474000e+02
3.425000e+02 3.451500e+02
3.425000e+02 3.429000e+02
3.425000e+02 3.406500e+02
3.425000e+02 3.384000e+02
3.423750e+02 3.361500e+02
3.422500e+02 3.339000e+02
3.421250e+02 3.316500e+02
3.420000e+02 3.294000e+02
3.418750e+02 3.270000e+02
3.417500e+02 3.246000e+02
3.416250e+02 3.222000e+02
3.415000e+02 3.198000e+02
3.413750e+02 3.172500e+02
3.412500e+02 3.147000e+02
3.411250e+02 3.121500e+02
3.410000e+02 3.096000e+02
3.410000e+02 3.070500e+02
3.410000e+02 3.045000e+02
3.410000e+02 3.019500e+02
3.410000e+02 2.994000e+02
3.410000e+02 2.970000e+02
3.410000e+02 2.946000e+02
3.410000e+02 2.922000e+02
3.410000e+02 2.898000e+02
3.410000e+02 2.877000e+02
3.410000e+02 2.856000e+02
3.410000e+02 2.835000e+02
3.410000e+02 2.814000e+02
3.411250e+02 2.793000e+02
3.412500e+02 2.772000e+02
3.413750e+02 2.751000e+02
3.415000e+02 2.730000e+02
3.415000e+02 2.709000e+02
3.415000e+02 2.688000e+02
3.415000e+02 2.667000e+02
3.415000e+02 2.646000e+02
3.416250e+02 2.623500e+02
3.417500e+02 2.601000e+02
3.418750e+02 2.578500e+02
3.420000e+02 2.556000e+02
3.421250e+02 2.532000e+02
3.422500e+02 2.508000e+02
3.423750e+02 2.484000e+02
3.425000e+02 2.460000e+02
3.425000e+02 2.439000e+02
3.425000e+02 2.418000e+02
3.425000e+02 2.397000e+02
3.425000e+02 2.376000e+02
3.426250e+02 2.340000e+02
3.427500e+02 2.304000e+02
3.428750e+02 2.268000e+02
3.430000e+02 2.232000e+02
3.430000e+02 2.209500e+02
3.430000e+02 2.187000e+02
3.430000e+02 2.164500e+02
3.430000e+02 2.142000e+02
3.430000e+02 2.128500e+02
3.430000e+02 2.115000e+02
3.430000e+02 2.101500e+02
3.430000e+02 2.088000e+02
3.430000e+02 2.055000e+02
3.430000e+02 2.022000e+02
3.430000e+02 1.989000e+02
3.430000e+02 1.956000e+02
3.430000e+02 1.933500e+02
3.430000e+02 1.911000e+02
3.430000e+02 1.888500e+02
3.430000e+02 1.866000e+02
3.430000e+02 1.843500e+02
3.430000e+02 1.821000e+02
3.430000e+02 1.798500e+02
3.430000e+02 1.776000e+02
3.430000e+02 1.755000e+02
3.430000e+02 1.734000e+02
3.430000e+02 1.713000e+02
3.430000e+02 1.692000e+02
3.430000e+02 1.671000e+02
3.430000e+02 1.650000e+02
3.430000e+02 1.629000e+02
3.430000e+02 1.608000e+02
3.430000e+02 1.587000e+02
3.430000e+02 1.566000e+02
3.430000e+02 1.545000e+02
3.430000e+02 1.524000e+02
3.431250e+02 1.506000e+02
3.432500e+02 1.488000e+02
3.433750e+02 1.470000e+02
3.435000e+02 1.452000e+02
3.436250e+02 1.423500e+02
3.437500e+02 1.395000e+02
3.438750e+02 1.366500e+02
3.440000e+02 1.338000e+02
3.440000e+02 1.308000e+02
3.440000e+02 1.278000e+02
3.440000e+02 1.248000e+02
3.440000e+02 1.218000e+02
3.441250e+02 1.201500e+02
3.442500e+02 1.185000e+02
3.443750e+02 1.168500e+02
3.445000e+02 1.152000e+02
3.446250e+02 1.125000e+02
3.447500e+02 1.098000e+02
3.448750e+02 1.071000e+02
3.450000e+02 1.044000e+02
3.452500e+02 1.027500e+02
3.455000e+02 1.011000e+02
3.457500e+02 9.945000e+01
3.460000e+02 9.780000e+01
3.460000e+02 9.705000e+01
3.460000e+02 9.630000e+01
3.460000e+02 9.555000e+01
3.460000e+02 9.480000e+01
3.462500e+02 9.240000e+01
3.465000e+02 9.000000e+01
3.467500e+02 8.760000e+01
3.470000e+02 8.520000e+01
3.470000e+02 8.385000e+01
3.470000e+02 8.250000e+01
3.470000e+02 8.115000e+01
3.470000e+02 7.980000e+01
3.471250e+02 7.860000e+01
3.472500e+02 7.740000e+01
3.473750e+02 7.620000e+01
3.475000e+02 7.500000e+01
3.475000e+02 7.395000e+01
3.475000e+02 7.290000e+01
3.475000e+02 7.185000e+01
3.475000e+02 7.080000e+01
3.475000e+02 6.990000e+01
3.475000e+02 6.900000e+01
3.475000e+02 6.720000e+01
3.475000e+02 6.570000e+01
3.475000e+02 6.420000e+01
3.472500e+02 6.270000e+01
3.470000e+02 6.120000e+01
3.470000e+02 6.030000e+01
3.470000e+02 5.940000e+01
3.470000e+02 5.880000e+01
3.470000e+02 5.820000e+01
3.470000e+02 5.790000e+01
3.470000e+02 5.760000e+01
3.470000e+02 5.760000e+01
3.470000e+02 5.760000e+01
3.470000e+02 5.730000e+01
3.470000e+02 5.700000e+01
3.472500e+02 5.700000e+01
3.475000e+02 5.700000e+01
3.475000e+02 5.730000e+01
3.475000e+02 5.760000e+01
3.475000e+02 5.760000e+01
3.475000e+02 5.760000e+01
