1.930000e+02 3.984000e+02
1.930000e+02 3.984000e+02
1.930000e+02 3.984000e+02
1.930000e+02 3.984000e+02
1.930000e+02 3.984000e+02
1.930000e+02 3.984000e+02
1.930000e+02 3.984000e+02
1.930000e+02 3.984000e+02
1.930000e+02 3.984000e+02
1.930000e+02 3.983250e+02
1.930000e+02 3.982500e+02
1.930000e+02 3.981750e+02
1.930000e+02 3.981000e+02
1.930000e+02 3.980250e+02
1.930000e+02 3.979500e+02
1.930000e+02 3.978750e+02
1.930000e+02 3.978000e+02
1.930000e+02 3.978000e+02
1.930000e+02 3.978000e+02
1.930000e+02 3.978000e+02
1.930000e+02 3.978000e+02
1.930000e+02 3.978000e+02
1.930000e+02 3.978000e+02
1.930000e+02 3.978000e+02
1.930000e+02 3.978000e+02
1.930000e+02 3.976500e+02
1.930000e+02 3.975000e+02
1.930000e+02 3.973500e+02
1.930000e+02 3.972000e+02
1.930000e+02 3.970500e+02
1.930000e+02 3.969000e+02
1.930000e+02 3.966000e+02
1.928750e+02 3.958500e+02
1.927500e+02 3.951000e+02
1.926250e+02 3.943500e+02
1.925000e+02 3.936000e+02
1.923750e+02 3.921000e+02
1.922500e+02 3.906000e+02
1.921250e+02 3.891000e+02
1.920000e+02 3.876000e+02
1.920000e+02 3.856500e+02
1.920000e+02 3.837000e+02
1.920000e+02 3.817500e+02
1.920000e+02 3.798000e+02
1.918750e+02 3.777000e+02
1.917500e+02 3.756000e+02
1.916250e+02 3.735000e+02
1.915000e+02 3.714000e+02
1.915000e+02 3.688500e+02
1.915000e+02 3.663000e+02
1.915000e+02 3.637500e+02
1.915000e+02 3.612000e+02
1.916250e+02 3.589500e+02
1.917500e+02 3.567000e+02
1.918750e+02 3.544500e+02
1.920000e+02 3.522000e+02
1.921250e+02 3.498000e+02
1.922500e+02 3.474000e+02
1.923750e+02 3.450000e+02
1.925000e+02 3.426000e+02
1.926250e+02 3.399000e+02
1.927500e+02 3.372000e+02
1.928750e+02 3.345000e+02
1.930000e+02 3.318000e+02
1.931250e+02 3.289500e+02
1.932500e+02 3.261000e+02
1.933750e+02 3.232500e+02
1.935000e+02 3.204000e+02
1.936250e+02 3.174000e+02
1.937500e+02 3.144000e+02
1.938750e+02 3.114000e+02
1.940000e+02 3.084000e+02
1.942500e+02 3.055500e+02
1.945000e+02 3.027000e+02
1.947500e+02 2.998500e+02
1.950000e+02 2.970000e+02
1.953750e+02 2.938500e+02
1.957500e+02 2.907000e+02
1.961250e+02 2.875500e+02
1.965000e+02 2.844000e+02
1.967500e+02 2.814000e+02
1.970000e+02 2.784000e+02
1.972500e+02 2.754000e+02
1.975000e+02 2.724000e+02
1.980000e+02 2.679000e+02
1.985000e+02 2.634000e+02
1.990000e+02 2.589000e+02
1.995000e+02 2.544000e+02
1.998750e+02 2.509500e+02
2.002500e+02 2.475000e+02
2.006250e+02 2.440500e+02
2.010000e+02 2.406000e+02
2.012500e+02 2.376000e+02
2.015000e+02 2.346000e+02
2.017500e+02 2.316000e+02
2.020000e+02 2.286000e+02
2.023750e+02 2.256000e+02
2.027500e+02 2.226000e+02
2.031250e+02 2.196000e+02
2.035000e+02 2.166000e+02
2.040000e+02 2.124000e+02
2.045000e+02 2.082000e+02
2.050000e+02 2.040000e+02
2.055000e+02 1.998000e+02
2.061250e+02 1.954500e+02
2.067500e+02 1.911000e+02
2.073750e+02 1.867500e+02
2.080000e+02 1.824000e+02
2.083750e+02 1.800000e+02
2.087500e+02 1.776000e+02
2.091250e+02 1.752000e+02
2.095000e+02 1.728000e+02
2.098750e+02 1.702500e+02
2.102500e+02 1.677000e+02
2.106250e+02 1.651500e+02
2.110000e+02 1.626000e+02
2.112500e+02 1.602000e+02
2.115000e+02 1.578000e+02
2.117500e+02 1.554000e+02
2.120000e+02 1.530000e+02
2.122500e+02 1.510500e+02
2.125000e+02 1.491000e+02
2.127500e+02 1.471500e+02
2.130000e+02 1.452000e+02
2.131250e+02 1.429500e+02
2.132500e+02 1.407000e+02
2.133750e+02 1.384500e+02
2.135000e+02 1.362000e+02
2.136250e+02 1.344000e+02
2.137500e+02 1.326000e+02
2.138750e+02 1.308000e+02
2.140000e+02 1.290000e+02
2.141250e+02 1.272000e+02
2.142500e+02 1.254000e+02
2.143750e+02 1.236000e+02
2.145000e+02 1.218000e+02
2.146250e+02 1.204500e+02
2.147500e+02 1.191000e+02
2.148750e+02 1.177500e+02
2.150000e+02 1.164000e+02
2.151250e+02 1.150500e+02
2.152500e+02 1.137000e+02
2.153750e+02 1.123500e+02
2.155000e+02 1.110000e+02
2.156250e+02 1.095000e+02
2.157500e+02 1.080000e+02
2.158750e+02 1.065000e+02
2.160000e+02 1.050000e+02
2.161250e+02 1.033500e+02
2.162500e+02 1.017000e+02
2.163750e+02 1.000500e+02
2.165000e+02 9.840000e+01
2.165000e+02 9.690000e+01
2.165000e+02 9.540000e+01
2.165000e+02 9.390000e+01
2.165000e+02 9.240000e+01
2.166250e+02 9.165000e+01
2.167500e+02 9.090000e+01
2.168750e+02 9.015000e+01
2.170000e+02 8.940000e+01
2.170000e+02 8.865000e+01
2.170000e+02 8.790000e+01
2.170000e+02 8.715000e+01
2.170000e+02 8.640000e+01
2.171250e+02 8.595000e+01
2.172500e+02 8.550000e+01
2.173750e+02 8.505000e+01
2.175000e+02 8.460000e+01
2.175000e+02 8.430000e+01
2.175000e+02 8.400000e+01
2.175000e+02 8.370000e+01
2.175000e+02 8.340000e+01
2.175000e+02 8.310000e+01
2.175000e+02 8.280000e+01
2.175000e+02 8.250000e+01
2.175000e+02 8.220000e+01
2.175000e+02 8.190000e+01
2.175000e+02 8.160000e+01
2.175000e+02 8.130000e+01
2.175000e+02 8.100000e+01
2.176250e+02 8.085000e+01
2.177500e+02 8.070000e+01
2.178750e+02 8.055000e+01
2.180000e+02 8.040000e+01
2.180000e+02 8.010000e+01
2.180000e+02 7.980000e+01
2.180000e+02 7.950000e+01
2.180000e+02 7.920000e+01
2.181250e+02 7.875000e+01
2.182500e+02 7.830000e+01
2.183750e+02 7.785000e+01
2.185000e+02 7.740000e+01
2.185000e+02 7.725000e+01
2.185000e+02 7.710000e+01
2.185000e+02 7.695000e+01
2.185000e+02 7.680000e+01
2.185000e+02 7.680000e+01
2.185000e+02 7.680000e+01
2.185000e+02 7.680000e+01
2.185000e+02 7.680000e+01
