2.315000e+02 3.564000e+02
2.315000e+02 3.564000e+02
2.315000e+02 3.564000e+02
2.322500e+02 3.531000e+02
2.330000e+02 3.498000e+02
2.335000e+02 3.474000e+02
2.340000e+02 3.450000e+02
2.355000e+02 3.399000e+02
2.370000e+02 3.348000e+02
2.390000e+02 3.279000e+02
2.410000e+02 3.210000e+02
2.417500e+02 3.177000e+02
2.425000e+02 3.144000e+02
2.442500e+02 3.066000e+02
2.460000e+02 2.988000e+02
2.480000e+02 2.913000e+02
2.500000e+02 2.838000e+02
2.507500e+02 2.799000e+02
2.515000e+02 2.760000e+02
2.532500e+02 2.688000e+02
2.550000e+02 2.616000e+02
2.567500e+02 2.544000e+02
2.585000e+02 2.472000e+02
2.592500e+02 2.436000e+02
2.600000e+02 2.400000e+02
2.615000e+02 2.331000e+02
2.630000e+02 2.262000e+02
2.645000e+02 2.187000e+02
2.660000e+02 2.112000e+02
2.667500e+02 2.076000e+02
2.675000e+02 2.040000e+02
2.687500e+02 1.971000e+02
2.700000e+02 1.902000e+02
2.715000e+02 1.839000e+02
2.730000e+02 1.776000e+02
2.737500e+02 1.746000e+02
2.745000e+02 1.716000e+02
2.757500e+02 1.659000e+02
2.770000e+02 1.602000e+02
2.782500e+02 1.554000e+02
2.795000e+02 1.506000e+02
2.800000e+02 1.485000e+02
2.805000e+02 1.464000e+02
2.815000e+02 1.428000e+02
2.825000e+02 1.392000e+02
2.835000e+02 1.365000e+02
2.845000e+02 1.338000e+02
2.852500e+02 1.329000e+02
2.860000e+02 1.320000e+02
2.870000e+02 1.305000e+02
2.880000e+02 1.290000e+02
2.892500e+02 1.281000e+02
2.905000e+02 1.272000e+02
2.910000e+02 1.269000e+02
2.915000e+02 1.266000e+02
2.930000e+02 1.269000e+02
2.945000e+02 1.272000e+02
2.960000e+02 1.287000e+02
2.975000e+02 1.302000e+02
2.985000e+02 1.311000e+02
2.995000e+02 1.320000e+02
3.002500e+02 1.329000e+02
3.010000e+02 1.338000e+02
3.042500e+02 1.386000e+02
3.075000e+02 1.434000e+02
3.097500e+02 1.473000e+02
3.120000e+02 1.512000e+02
3.145000e+02 1.557000e+02
3.170000e+02 1.602000e+02
3.200000e+02 1.662000e+02
3.265000e+02 1.770000e+02
3.330000e+02 1.902000e+02
3.365000e+02 1.968000e+02
3.435000e+02 2.094000e+02
3.505000e+02 2.226000e+02
3.540000e+02 2.292000e+02
3.610000e+02 2.418000e+02
3.650000e+02 2.484000e+02
3.720000e+02 2.610000e+02
3.760000e+02 2.670000e+02
3.830000e+02 2.778000e+02
3.865000e+02 2.832000e+02
3.930000e+02 2.928000e+02
3.995000e+02 3.012000e+02
4.025000e+02 3.054000e+02
4.080000e+02 3.126000e+02
4.120000e+02 3.180000e+02
4.135000e+02 3.204000e+02
4.160000e+02 3.246000e+02
4.170000e+02 3.276000e+02
4.175000e+02 3.300000e+02
4.160000e+02 3.312000e+02
4.135000e+02 3.312000e+02
4.090000e+02 3.294000e+02
4.030000e+02 3.276000e+02
3.955000e+02 3.252000e+02
3.855000e+02 3.210000e+02
3.735000e+02 3.168000e+02
3.595000e+02 3.126000e+02
3.515000e+02 3.108000e+02
3.335000e+02 3.078000e+02
3.150000e+02 3.030000e+02
3.050000e+02 3.012000e+02
2.740000e+02 2.964000e+02
2.635000e+02 2.952000e+02
2.410000e+02 2.934000e+02
2.300000e+02 2.928000e+02
2.090000e+02 2.922000e+02
1.905000e+02 2.922000e+02
1.750000e+02 2.922000e+02
1.620000e+02 2.916000e+02
1.510000e+02 2.910000e+02
1.435000e+02 2.910000e+02
1.385000e+02 2.904000e+02
1.350000e+02 2.892000e+02
1.340000e+02 2.886000e+02
1.330000e+02 2.868000e+02
1.340000e+02 2.844000e+02
1.360000e+02 2.832000e+02
1.410000e+02 2.802000e+02
1.480000e+02 2.760000e+02
1.530000e+02 2.730000e+02
1.585000e+02 2.706000e+02
1.720000e+02 2.646000e+02
1.885000e+02 2.580000e+02
1.965000e+02 2.550000e+02
2.150000e+02 2.478000e+02
2.345000e+02 2.406000e+02
2.555000e+02 2.328000e+02
2.765000e+02 2.250000e+02
2.965000e+02 2.184000e+02
3.065000e+02 2.148000e+02
3.265000e+02 2.082000e+02
3.435000e+02 2.028000e+02
3.610000e+02 1.968000e+02
3.760000e+02 1.920000e+02
3.885000e+02 1.884000e+02
3.990000e+02 1.848000e+02
4.035000e+02 1.830000e+02
4.110000e+02 1.800000e+02
4.170000e+02 1.776000e+02
4.190000e+02 1.770000e+02
4.240000e+02 1.752000e+02
4.260000e+02 1.746000e+02
4.265000e+02 1.746000e+02
4.270000e+02 1.740000e+02
4.280000e+02 1.740000e+02
4.280000e+02 1.734000e+02
4.275000e+02 1.734000e+02
4.275000e+02 1.740000e+02
4.260000e+02 1.746000e+02
4.245000e+02 1.764000e+02
4.220000e+02 1.788000e+02
4.200000e+02 1.812000e+02
4.170000e+02 1.848000e+02
4.155000e+02 1.866000e+02
4.140000e+02 1.890000e+02
4.100000e+02 1.938000e+02
4.060000e+02 1.998000e+02
4.040000e+02 2.034000e+02
3.995000e+02 2.106000e+02
3.950000e+02 2.184000e+02
3.900000e+02 2.274000e+02
3.845000e+02 2.370000e+02
3.815000e+02 2.424000e+02
3.765000e+02 2.526000e+02
3.710000e+02 2.628000e+02
3.655000e+02 2.736000e+02
3.630000e+02 2.790000e+02
3.550000e+02 2.958000e+02
3.500000e+02 3.072000e+02
3.460000e+02 3.180000e+02
3.435000e+02 3.228000e+02
3.400000e+02 3.330000e+02
3.380000e+02 3.378000e+02
3.345000e+02 3.480000e+02
3.310000e+02 3.576000e+02
3.290000e+02 3.624000e+02
3.260000e+02 3.702000e+02
3.235000e+02 3.780000e+02
3.225000e+02 3.816000e+02
3.205000e+02 3.888000e+02
3.190000e+02 3.942000e+02
3.185000e+02 3.996000e+02
3.180000e+02 4.020000e+02
3.175000e+02 4.038000e+02
3.170000e+02 4.074000e+02
3.170000e+02 4.098000e+02
3.170000e+02 4.104000e+02
3.175000e+02 4.116000e+02
3.180000e+02 4.122000e+02
3.180000e+02 4.128000e+02
3.190000e+02 4.122000e+02
3.195000e+02 4.122000e+02
3.200000e+02 4.122000e+02
3.205000e+02 4.116000e+02
3.205000e+02 4.110000e+02
3.210000e+02 4.092000e+02
3.210000e+02 4.080000e+02
3.210000e+02 4.080000e+02
2.315000e+02 3.564000e+02
2.315000e+02 3.564000e+02
2.315000e+02 3.564000e+02
2.322500e+02 3.531000e+02
2.330000e+02 3.498000e+02
2.335000e+02 3.474000e+02
2.340000e+02 3.450000e+02
2.355000e+02 3.399000e+02
2.370000e+02 3.348000e+02
2.390000e+02 3.279000e+02
2.410000e+02 3.210000e+02
2.417500e+02 3.177000e+02
2.425000e+02 3.144000e+02
2.442500e+02 3.066000e+02
2.460000e+02 2.988000e+02
2.480000e+02 2.913000e+02
2.500000e+02 2.838000e+02
2.507500e+02 2.799000e+02
2.515000e+02 2.760000e+02
2.532500e+02 2.688000e+02
2.550000e+02 2.616000e+02
2.567500e+02 2.544000e+02
2.585000e+02 2.472000e+02
2.592500e+02 2.436000e+02
2.600000e+02 2.400000e+02
2.615000e+02 2.331000e+02
2.630000e+02 2.262000e+02
2.645000e+02 2.187000e+02
2.660000e+02 2.112000e+02
2.667500e+02 2.076000e+02
2.675000e+02 2.040000e+02
2.687500e+02 1.971000e+02
2.700000e+02 1.902000e+02
2.715000e+02 1.839000e+02
2.730000e+02 1.776000e+02
2.737500e+02 1.746000e+02
2.745000e+02 1.716000e+02
2.757500e+02 1.659000e+02
2.770000e+02 1.602000e+02
2.782500e+02 1.554000e+02
2.795000e+02 1.506000e+02
2.800000e+02 1.485000e+02
2.805000e+02 1.464000e+02
2.815000e+02 1.428000e+02
2.825000e+02 1.392000e+02
2.835000e+02 1.365000e+02
2.845000e+02 1.338000e+02
2.852500e+02 1.329000e+02
2.860000e+02 1.320000e+02
2.870000e+02 1.305000e+02
2.880000e+02 1.290000e+02
2.892500e+02 1.281000e+02
2.905000e+02 1.272000e+02
2.910000e+02 1.269000e+02
2.915000e+02 1.266000e+02
2.930000e+02 1.269000e+02
2.945000e+02 1.272000e+02
2.960000e+02 1.287000e+02
2.975000e+02 1.302000e+02
2.985000e+02 1.311000e+02
2.995000e+02 1.320000e+02
3.002500e+02 1.329000e+02
3.010000e+02 1.338000e+02
3.042500e+02 1.386000e+02
3.075000e+02 1.434000e+02
3.097500e+02 1.473000e+02
3.120000e+02 1.512000e+02
3.145000e+02 1.557000e+02
3.170000e+02 1.602000e+02
3.200000e+02 1.662000e+02
3.265000e+02 1.770000e+02
3.330000e+02 1.902000e+02
3.365000e+02 1.968000e+02
3.435000e+02 2.094000e+02
3.505000e+02 2.226000e+02
3.540000e+02 2.292000e+02
3.610000e+02 2.418000e+02
3.650000e+02 2.484000e+02
3.720000e+02 2.610000e+02
3.760000e+02 2.670000e+02
3.830000e+02 2.778000e+02
3.865000e+02 2.832000e+02
3.930000e+02 2.928000e+02
3.995000e+02 3.012000e+02
4.025000e+02 3.054000e+02
4.080000e+02 3.126000e+02
4.120000e+02 3.180000e+02
4.135000e+02 3.204000e+02
4.160000e+02 3.246000e+02
4.170000e+02 3.276000e+02
4.175000e+02 3.300000e+02
4.160000e+02 3.312000e+02
4.135000e+02 3.312000e+02
4.090000e+02 3.294000e+02
4.030000e+02 3.276000e+02
3.955000e+02 3.252000e+02
3.855000e+02 3.210000e+02
3.735000e+02 3.168000e+02
3.595000e+02 3.126000e+02
3.515000e+02 3.108000e+02
3.335000e+02 3.078000e+02
3.150000e+02 3.030000e+02
3.050000e+02 3.012000e+02
2.740000e+02 2.964000e+02
2.635000e+02 2.952000e+02
2.410000e+02 2.934000e+02
2.300000e+02 2.928000e+02
2.090000e+02 2.922000e+02
1.905000e+02 2.922000e+02
1.750000e+02 2.922000e+02
1.620000e+02 2.916000e+02
1.510000e+02 2.910000e+02
1.435000e+02 2.910000e+02
1.385000e+02 2.904000e+02
1.350000e+02 2.892000e+02
1.340000e+02 2.886000e+02
1.330000e+02 2.868000e+02
1.340000e+02 2.844000e+02
1.360000e+02 2.832000e+02
1.410000e+02 2.802000e+02
1.480000e+02 2.760000e+02
1.530000e+02 2.730000e+02
1.585000e+02 2.706000e+02
1.720000e+02 2.646000e+02
1.885000e+02 2.580000e+02
1.965000e+02 2.550000e+02
2.150000e+02 2.478000e+02
2.345000e+02 2.406000e+02
2.555000e+02 2.328000e+02
2.765000e+02 2.250000e+02
2.965000e+02 2.184000e+02
3.065000e+02 2.148000e+02
3.265000e+02 2.082000e+02
3.435000e+02 2.028000e+02
3.610000e+02 1.968000e+02
3.760000e+02 1.920000e+02
3.885000e+02 1.884000e+02
3.990000e+02 1.848000e+02
4.035000e+02 1.830000e+02
4.110000e+02 1.800000e+02
4.170000e+02 1.776000e+02
4.190000e+02 1.770000e+02
4.240000e+02 1.752000e+02
4.260000e+02 1.746000e+02
4.265000e+02 1.746000e+02
4.270000e+02 1.740000e+02
4.280000e+02 1.740000e+02
4.280000e+02 1.734000e+02
4.275000e+02 1.734000e+02
4.275000e+02 1.740000e+02
4.260000e+02 1.746000e+02
4.245000e+02 1.764000e+02
4.220000e+02 1.788000e+02
4.200000e+02 1.812000e+02
4.170000e+02 1.848000e+02
4.155000e+02 1.866000e+02
4.140000e+02 1.890000e+02
4.100000e+02 1.938000e+02
4.060000e+02 1.998000e+02
4.040000e+02 2.034000e+02
3.995000e+02 2.106000e+02
3.950000e+02 2.184000e+02
3.900000e+02 2.274000e+02
3.845000e+02 2.370000e+02
3.815000e+02 2.424000e+02
3.765000e+02 2.526000e+02
3.710000e+02 2.628000e+02
3.655000e+02 2.736000e+02
3.630000e+02 2.790000e+02
3.550000e+02 2.958000e+02
3.500000e+02 3.072000e+02
3.460000e+02 3.180000e+02
3.435000e+02 3.228000e+02
3.400000e+02 3.330000e+02
3.380000e+02 3.378000e+02
3.345000e+02 3.480000e+02
3.310000e+02 3.576000e+02
3.290000e+02 3.624000e+02
3.260000e+02 3.702000e+02
3.235000e+02 3.780000e+02
3.225000e+02 3.816000e+02
3.205000e+02 3.888000e+02
3.190000e+02 3.942000e+02
3.185000e+02 3.996000e+02
3.180000e+02 4.020000e+02
3.175000e+02 4.038000e+02
3.170000e+02 4.074000e+02
3.170000e+02 4.098000e+02
3.170000e+02 4.104000e+02
3.175000e+02 4.116000e+02
3.180000e+02 4.122000e+02
3.180000e+02 4.128000e+02
3.190000e+02 4.122000e+02
3.195000e+02 4.122000e+02
3.200000e+02 4.122000e+02
3.205000e+02 4.116000e+02
3.205000e+02 4.110000e+02
3.210000e+02 4.092000e+02
3.210000e+02 4.080000e+02
3.210000e+02 4.080000e+02
2.315000e+02 3.564000e+02
2.315000e+02 3.564000e+02
2.315000e+02 3.564000e+02
2.322500e+02 3.531000e+02
2.330000e+02 3.498000e+02
2.335000e+02 3.474000e+02
2.340000e+02 3.450000e+02
2.355000e+02 3.399000e+02
2.370000e+02 3.348000e+02
2.390000e+02 3.279000e+02
2.410000e+02 3.210000e+02
2.417500e+02 3.177000e+02
2.425000e+02 3.144000e+02
2.442500e+02 3.066000e+02
2.460000e+02 2.988000e+02
2.480000e+02 2.913000e+02
2.500000e+02 2.838000e+02
2.507500e+02 2.799000e+02
2.515000e+02 2.760000e+02
2.532500e+02 2.688000e+02
2.550000e+02 2.616000e+02
2.567500e+02 2.544000e+02
2.585000e+02 2.472000e+02
2.592500e+02 2.436000e+02
2.600000e+02 2.400000e+02
2.615000e+02 2.331000e+02
2.630000e+02 2.262000e+02
2.645000e+02 2.187000e+02
2.660000e+02 2.112000e+02
2.667500e+02 2.076000e+02
2.675000e+02 2.040000e+02
2.687500e+02 1.971000e+02
2.700000e+02 1.902000e+02
2.715000e+02 1.839000e+02
2.730000e+02 1.776000e+02
2.737500e+02 1.746000e+02
2.745000e+02 1.716000e+02
2.757500e+02 1.659000e+02
2.770000e+02 1.602000e+02
2.782500e+02 1.554000e+02
2.795000e+02 1.506000e+02
2.800000e+02 1.485000e+02
2.805000e+02 1.464000e+02
2.815000e+02 1.428000e+02
2.825000e+02 1.392000e+02
2.835000e+02 1.365000e+02
2.845000e+02 1.338000e+02
2.852500e+02 1.329000e+02
2.860000e+02 1.320000e+02
2.870000e+02 1.305000e+02
2.880000e+02 1.290000e+02
2.892500e+02 1.281000e+02
2.905000e+02 1.272000e+02
2.910000e+02 1.269000e+02
2.915000e+02 1.266000e+02
2.930000e+02 1.269000e+02
2.945000e+02 1.272000e+02
2.960000e+02 1.287000e+02
2.975000e+02 1.302000e+02
2.985000e+02 1.311000e+02
2.995000e+02 1.320000e+02
3.002500e+02 1.329000e+02
3.010000e+02 1.338000e+02
3.042500e+02 1.386000e+02
3.075000e+02 1.434000e+02
3.097500e+02 1.473000e+02
3.120000e+02 1.512000e+02
3.145000e+02 1.557000e+02
3.170000e+02 1.602000e+02
3.200000e+02 1.662000e+02
3.265000e+02 1.770000e+02
3.330000e+02 1.902000e+02
3.365000e+02 1.968000e+02
3.435000e+02 2.094000e+02
3.505000e+02 2.226000e+02
3.540000e+02 2.292000e+02
3.610000e+02 2.418000e+02
3.650000e+02 2.484000e+02
3.720000e+02 2.610000e+02
3.760000e+02 2.670000e+02
3.830000e+02 2.778000e+02
3.865000e+02 2.832000e+02
3.930000e+02 2.928000e+02
3.995000e+02 3.012000e+02
4.025000e+02 3.054000e+02
4.080000e+02 3.126000e+02
4.120000e+02 3.180000e+02
4.135000e+02 3.204000e+02
4.160000e+02 3.246000e+02
4.170000e+02 3.276000e+02
4.175000e+02 3.300000e+02
4.160000e+02 3.312000e+02
4.135000e+02 3.312000e+02
4.090000e+02 3.294000e+02
4.030000e+02 3.276000e+02
3.955000e+02 3.252000e+02
3.855000e+02 3.210000e+02
3.735000e+02 3.168000e+02
3.595000e+02 3.126000e+02
3.515000e+02 3.108000e+02
3.335000e+02 3.078000e+02
3.150000e+02 3.030000e+02
3.050000e+02 3.012000e+02
2.740000e+02 2.964000e+02
2.635000e+02 2.952000e+02
2.410000e+02 2.934000e+02
2.300000e+02 2.928000e+02
2.090000e+02 2.922000e+02
1.905000e+02 2.922000e+02
1.750000e+02 2.922000e+02
1.620000e+02 2.916000e+02
1.510000e+02 2.910000e+02
1.435000e+02 2.910000e+02
1.385000e+02 2.904000e+02
1.350000e+02 2.892000e+02
1.340000e+02 2.886000e+02
1.330000e+02 2.868000e+02
1.340000e+02 2.844000e+02
1.360000e+02 2.832000e+02
1.410000e+02 2.802000e+02
1.480000e+02 2.760000e+02
1.530000e+02 2.730000e+02
1.585000e+02 2.706000e+02
1.720000e+02 2.646000e+02
1.885000e+02 2.580000e+02
1.965000e+02 2.550000e+02
2.150000e+02 2.478000e+02
2.345000e+02 2.406000e+02
2.555000e+02 2.328000e+02
2.765000e+02 2.250000e+02
2.965000e+02 2.184000e+02
3.065000e+02 2.148000e+02
3.265000e+02 2.082000e+02
3.435000e+02 2.028000e+02
3.610000e+02 1.968000e+02
3.760000e+02 1.920000e+02
3.885000e+02 1.884000e+02
3.990000e+02 1.848000e+02
4.035000e+02 1.830000e+02
4.110000e+02 1.800000e+02
4.170000e+02 1.776000e+02
4.190000e+02 1.770000e+02
4.240000e+02 1.752000e+02
4.260000e+02 1.746000e+02
4.265000e+02 1.746000e+02
4.270000e+02 1.740000e+02
4.280000e+02 1.740000e+02
4.280000e+02 1.734000e+02
4.275000e+02 1.734000e+02
4.275000e+02 1.740000e+02
4.260000e+02 1.746000e+02
4.245000e+02 1.764000e+02
4.220000e+02 1.788000e+02
4.200000e+02 1.812000e+02
4.170000e+02 1.848000e+02
4.155000e+02 1.866000e+02
4.140000e+02 1.890000e+02
4.100000e+02 1.938000e+02
4.060000e+02 1.998000e+02
4.040000e+02 2.034000e+02
3.995000e+02 2.106000e+02
3.950000e+02 2.184000e+02
3.900000e+02 2.274000e+02
3.845000e+02 2.370000e+02
3.815000e+02 2.424000e+02
3.765000e+02 2.526000e+02
3.710000e+02 2.628000e+02
3.655000e+02 2.736000e+02
3.630000e+02 2.790000e+02
3.550000e+02 2.958000e+02
3.500000e+02 3.072000e+02
3.460000e+02 3.180000e+02
3.435000e+02 3.228000e+02
3.400000e+02 3.330000e+02
3.380000e+02 3.378000e+02
3.345000e+02 3.480000e+02
3.310000e+02 3.576000e+02
3.290000e+02 3.624000e+02
3.260000e+02 3.702000e+02
3.235000e+02 3.780000e+02
3.225000e+02 3.816000e+02
3.205000e+02 3.888000e+02
3.190000e+02 3.942000e+02
3.185000e+02 3.996000e+02
3.180000e+02 4.020000e+02
3.175000e+02 4.038000e+02
3.170000e+02 4.074000e+02
3.170000e+02 4.098000e+02
3.170000e+02 4.104000e+02
3.175000e+02 4.116000e+02
3.180000e+02 4.122000e+02
3.180000e+02 4.128000e+02
3.190000e+02 4.122000e+02
3.195000e+02 4.122000e+02
3.200000e+02 4.122000e+02
3.205000e+02 4.116000e+02
3.205000e+02 4.110000e+02
3.210000e+02 4.092000e+02
3.210000e+02 4.080000e+02
3.210000e+02 4.080000e+02
