2.060000e+02 3.744000e+02
2.060000e+02 3.744000e+02
2.060000e+02 3.744000e+02
2.070000e+02 3.714000e+02
2.080000e+02 3.684000e+02
2.095000e+02 3.648000e+02
2.110000e+02 3.612000e+02
2.125000e+02 3.558000e+02
2.140000e+02 3.504000e+02
2.150000e+02 3.471000e+02
2.160000e+02 3.438000e+02
2.187500e+02 3.360000e+02
2.215000e+02 3.282000e+02
2.242500e+02 3.183000e+02
2.270000e+02 3.084000e+02
2.282500e+02 3.033000e+02
2.295000e+02 2.982000e+02
2.327500e+02 2.877000e+02
2.360000e+02 2.772000e+02
2.375000e+02 2.715000e+02
2.390000e+02 2.658000e+02
2.420000e+02 2.550000e+02
2.450000e+02 2.442000e+02
2.482500e+02 2.334000e+02
2.515000e+02 2.226000e+02
2.550000e+02 2.115000e+02
2.585000e+02 2.004000e+02
2.602500e+02 1.953000e+02
2.620000e+02 1.902000e+02
2.655000e+02 1.812000e+02
2.690000e+02 1.722000e+02
2.720000e+02 1.647000e+02
2.750000e+02 1.572000e+02
2.765000e+02 1.536000e+02
2.780000e+02 1.500000e+02
2.805000e+02 1.446000e+02
2.830000e+02 1.392000e+02
2.850000e+02 1.347000e+02
2.870000e+02 1.302000e+02
2.877500e+02 1.284000e+02
2.885000e+02 1.266000e+02
2.900000e+02 1.239000e+02
2.915000e+02 1.212000e+02
2.927500e+02 1.194000e+02
2.940000e+02 1.176000e+02
2.945000e+02 1.173000e+02
2.950000e+02 1.170000e+02
2.962500e+02 1.167000e+02
2.975000e+02 1.164000e+02
2.987500e+02 1.179000e+02
3.000000e+02 1.194000e+02
3.005000e+02 1.203000e+02
3.010000e+02 1.212000e+02
3.022500e+02 1.245000e+02
3.035000e+02 1.278000e+02
3.047500e+02 1.326000e+02
3.060000e+02 1.374000e+02
3.075000e+02 1.437000e+02
3.090000e+02 1.500000e+02
3.107500e+02 1.584000e+02
3.125000e+02 1.668000e+02
3.135000e+02 1.713000e+02
3.145000e+02 1.758000e+02
3.167500e+02 1.854000e+02
3.190000e+02 1.950000e+02
3.215000e+02 2.046000e+02
3.240000e+02 2.142000e+02
3.255000e+02 2.190000e+02
3.270000e+02 2.238000e+02
3.302500e+02 2.331000e+02
3.335000e+02 2.424000e+02
3.362500e+02 2.514000e+02
3.390000e+02 2.604000e+02
3.402500e+02 2.643000e+02
3.415000e+02 2.682000e+02
3.442500e+02 2.760000e+02
3.470000e+02 2.838000e+02
3.492500e+02 2.904000e+02
3.515000e+02 2.970000e+02
3.525000e+02 2.997000e+02
3.535000e+02 3.024000e+02
3.552500e+02 3.075000e+02
3.570000e+02 3.126000e+02
3.582500e+02 3.168000e+02
3.595000e+02 3.210000e+02
3.600000e+02 3.228000e+02
3.605000e+02 3.246000e+02
3.610000e+02 3.273000e+02
3.615000e+02 3.300000e+02
3.615000e+02 3.321000e+02
3.615000e+02 3.342000e+02
3.612500e+02 3.348000e+02
3.610000e+02 3.354000e+02
3.600000e+02 3.363000e+02
3.590000e+02 3.372000e+02
3.582500e+02 3.375000e+02
3.575000e+02 3.378000e+02
3.550000e+02 3.378000e+02
3.525000e+02 3.378000e+02
3.492500e+02 3.366000e+02
3.460000e+02 3.354000e+02
3.440000e+02 3.345000e+02
3.420000e+02 3.336000e+02
3.370000e+02 3.315000e+02
3.320000e+02 3.294000e+02
3.267500e+02 3.270000e+02
3.215000e+02 3.246000e+02
3.182500e+02 3.228000e+02
3.150000e+02 3.210000e+02
3.082500e+02 3.183000e+02
3.015000e+02 3.156000e+02
2.942500e+02 3.129000e+02
2.870000e+02 3.102000e+02
2.832500e+02 3.087000e+02
2.795000e+02 3.072000e+02
2.715000e+02 3.042000e+02
2.635000e+02 3.012000e+02
2.547500e+02 2.991000e+02
2.460000e+02 2.970000e+02
2.372500e+02 2.952000e+02
2.285000e+02 2.934000e+02
2.200000e+02 2.922000e+02
2.115000e+02 2.910000e+02
2.077500e+02 2.904000e+02
2.040000e+02 2.898000e+02
1.970000e+02 2.886000e+02
1.900000e+02 2.874000e+02
1.840000e+02 2.865000e+02
1.780000e+02 2.856000e+02
1.755000e+02 2.850000e+02
1.730000e+02 2.844000e+02
1.690000e+02 2.835000e+02
1.650000e+02 2.826000e+02
1.620000e+02 2.820000e+02
1.590000e+02 2.814000e+02
1.577500e+02 2.814000e+02
1.565000e+02 2.814000e+02
1.535000e+02 2.802000e+02
1.520000e+02 2.790000e+02
1.525000e+02 2.784000e+02
1.555000e+02 2.766000e+02
1.610000e+02 2.730000e+02
1.645000e+02 2.712000e+02
1.745000e+02 2.670000e+02
1.875000e+02 2.616000e+02
2.035000e+02 2.550000e+02
2.215000e+02 2.484000e+02
2.305000e+02 2.448000e+02
2.490000e+02 2.376000e+02
2.690000e+02 2.292000e+02
2.790000e+02 2.250000e+02
2.985000e+02 2.160000e+02
3.180000e+02 2.070000e+02
3.345000e+02 1.992000e+02
3.410000e+02 1.962000e+02
3.525000e+02 1.914000e+02
3.575000e+02 1.890000e+02
3.655000e+02 1.854000e+02
3.715000e+02 1.824000e+02
3.735000e+02 1.812000e+02
3.765000e+02 1.794000e+02
3.790000e+02 1.788000e+02
3.795000e+02 1.782000e+02
3.800000e+02 1.782000e+02
3.790000e+02 1.800000e+02
3.775000e+02 1.812000e+02
3.740000e+02 1.842000e+02
3.690000e+02 1.896000e+02
3.660000e+02 1.926000e+02
3.600000e+02 2.016000e+02
3.525000e+02 2.130000e+02
3.485000e+02 2.190000e+02
3.400000e+02 2.346000e+02
3.310000e+02 2.514000e+02
3.265000e+02 2.598000e+02
3.180000e+02 2.796000e+02
3.135000e+02 2.898000e+02
3.060000e+02 3.090000e+02
2.985000e+02 3.276000e+02
2.950000e+02 3.360000e+02
2.890000e+02 3.498000e+02
2.840000e+02 3.618000e+02
2.820000e+02 3.666000e+02
2.785000e+02 3.750000e+02
2.760000e+02 3.828000e+02
2.740000e+02 3.888000e+02
2.730000e+02 3.924000e+02
2.720000e+02 3.954000e+02
2.715000e+02 3.966000e+02
2.715000e+02 3.972000e+02
2.715000e+02 3.984000e+02
2.710000e+02 3.990000e+02
2.710000e+02 3.996000e+02
2.710000e+02 3.996000e+02
2.715000e+02 3.996000e+02
2.720000e+02 3.996000e+02
2.725000e+02 3.990000e+02
2.730000e+02 3.984000e+02
2.735000e+02 3.960000e+02
2.735000e+02 3.960000e+02
