5.760000e+02 1.998000e+02
5.760000e+02 1.998000e+02
5.760000e+02 1.998000e+02
5.755000e+02 1.998000e+02
5.750000e+02 1.998000e+02
5.745000e+02 1.998000e+02
5.740000e+02 1.998000e+02
5.727500e+02 2.001000e+02
5.715000e+02 2.004000e+02
5.700000e+02 2.004000e+02
5.685000e+02 2.004000e+02
5.657500e+02 2.007000e+02
5.630000e+02 2.010000e+02
5.607500e+02 2.013000e+02
5.585000e+02 2.016000e+02
5.562500e+02 2.019000e+02
5.540000e+02 2.022000e+02
5.512500e+02 2.025000e+02
5.485000e+02 2.028000e+02
5.457500e+02 2.028000e+02
5.430000e+02 2.028000e+02
5.400000e+02 2.031000e+02
5.370000e+02 2.034000e+02
5.342500e+02 2.037000e+02
5.315000e+02 2.040000e+02
5.280000e+02 2.043000e+02
5.245000e+02 2.046000e+02
5.210000e+02 2.046000e+02
5.175000e+02 2.046000e+02
5.137500e+02 2.049000e+02
5.100000e+02 2.052000e+02
5.067500e+02 2.052000e+02
5.035000e+02 2.052000e+02
5.000000e+02 2.052000e+02
4.965000e+02 2.052000e+02
4.927500e+02 2.052000e+02
4.890000e+02 2.052000e+02
4.847500e+02 2.052000e+02
4.805000e+02 2.052000e+02
4.745000e+02 2.049000e+02
4.685000e+02 2.046000e+02
4.642500e+02 2.046000e+02
4.600000e+02 2.046000e+02
4.580000e+02 2.043000e+02
4.560000e+02 2.040000e+02
4.517500e+02 2.040000e+02
4.475000e+02 2.040000e+02
4.427500e+02 2.037000e+02
4.380000e+02 2.034000e+02
4.340000e+02 2.034000e+02
4.300000e+02 2.034000e+02
4.255000e+02 2.031000e+02
4.210000e+02 2.028000e+02
4.162500e+02 2.028000e+02
4.115000e+02 2.028000e+02
4.075000e+02 2.028000e+02
4.035000e+02 2.028000e+02
4.007500e+02 2.025000e+02
3.980000e+02 2.022000e+02
3.932500e+02 2.022000e+02
3.885000e+02 2.022000e+02
3.842500e+02 2.022000e+02
3.800000e+02 2.022000e+02
3.752500e+02 2.019000e+02
3.705000e+02 2.016000e+02
3.657500e+02 2.016000e+02
3.610000e+02 2.016000e+02
3.557500e+02 2.016000e+02
3.505000e+02 2.016000e+02
3.435000e+02 2.013000e+02
3.365000e+02 2.010000e+02
3.317500e+02 2.010000e+02
3.270000e+02 2.010000e+02
3.225000e+02 2.010000e+02
3.180000e+02 2.010000e+02
3.132500e+02 2.007000e+02
3.085000e+02 2.004000e+02
3.035000e+02 2.001000e+02
2.985000e+02 1.998000e+02
2.940000e+02 1.998000e+02
2.895000e+02 1.998000e+02
2.855000e+02 1.995000e+02
2.815000e+02 1.992000e+02
2.772500e+02 1.992000e+02
2.730000e+02 1.992000e+02
2.687500e+02 1.992000e+02
2.645000e+02 1.992000e+02
2.605000e+02 1.989000e+02
2.565000e+02 1.986000e+02
2.525000e+02 1.983000e+02
2.485000e+02 1.980000e+02
2.427500e+02 1.977000e+02
2.370000e+02 1.974000e+02
2.322500e+02 1.971000e+02
2.275000e+02 1.968000e+02
2.242500e+02 1.965000e+02
2.210000e+02 1.962000e+02
2.165000e+02 1.959000e+02
2.120000e+02 1.956000e+02
2.095000e+02 1.953000e+02
2.070000e+02 1.950000e+02
2.042500e+02 1.950000e+02
2.015000e+02 1.950000e+02
1.987500e+02 1.947000e+02
1.960000e+02 1.944000e+02
1.932500e+02 1.941000e+02
1.905000e+02 1.938000e+02
1.877500e+02 1.938000e+02
1.850000e+02 1.938000e+02
1.827500e+02 1.938000e+02
1.805000e+02 1.938000e+02
1.780000e+02 1.938000e+02
1.755000e+02 1.938000e+02
1.732500e+02 1.941000e+02
1.710000e+02 1.944000e+02
1.687500e+02 1.944000e+02
1.665000e+02 1.944000e+02
1.637500e+02 1.947000e+02
1.610000e+02 1.950000e+02
1.587500e+02 1.953000e+02
1.565000e+02 1.956000e+02
1.540000e+02 1.962000e+02
1.515000e+02 1.968000e+02
1.492500e+02 1.971000e+02
1.470000e+02 1.974000e+02
1.447500e+02 1.980000e+02
1.425000e+02 1.986000e+02
1.400000e+02 1.992000e+02
1.375000e+02 1.998000e+02
1.355000e+02 2.004000e+02
1.335000e+02 2.010000e+02
1.315000e+02 2.016000e+02
1.295000e+02 2.022000e+02
1.272500e+02 2.028000e+02
1.250000e+02 2.034000e+02
1.230000e+02 2.043000e+02
1.210000e+02 2.052000e+02
1.180000e+02 2.058000e+02
1.150000e+02 2.064000e+02
1.117500e+02 2.076000e+02
1.085000e+02 2.088000e+02
1.060000e+02 2.097000e+02
1.035000e+02 2.106000e+02
1.017500e+02 2.112000e+02
1.000000e+02 2.118000e+02
9.825000e+01 2.124000e+02
9.650000e+01 2.130000e+02
9.500000e+01 2.136000e+02
9.350000e+01 2.142000e+02
9.175000e+01 2.148000e+02
9.000000e+01 2.154000e+02
8.800000e+01 2.160000e+02
8.600000e+01 2.166000e+02
8.450000e+01 2.169000e+02
8.300000e+01 2.172000e+02
8.175000e+01 2.175000e+02
8.050000e+01 2.178000e+02
7.925000e+01 2.181000e+02
7.800000e+01 2.184000e+02
7.600000e+01 2.190000e+02
7.400000e+01 2.196000e+02
7.275000e+01 2.199000e+02
7.150000e+01 2.202000e+02
7.025000e+01 2.205000e+02
6.900000e+01 2.208000e+02
6.800000e+01 2.208000e+02
6.700000e+01 2.208000e+02
6.600000e+01 2.211000e+02
6.500000e+01 2.214000e+02
6.400000e+01 2.214000e+02
6.300000e+01 2.214000e+02
6.200000e+01 2.214000e+02
6.100000e+01 2.214000e+02
6.000000e+01 2.214000e+02
5.900000e+01 2.214000e+02
5.825000e+01 2.214000e+02
5.750000e+01 2.214000e+02
5.675000e+01 2.214000e+02
5.600000e+01 2.214000e+02
5.525000e+01 2.214000e+02
5.450000e+01 2.214000e+02
5.400000e+01 2.214000e+02
5.350000e+01 2.214000e+02
5.300000e+01 2.211000e+02
5.250000e+01 2.208000e+02
5.175000e+01 2.208000e+02
5.100000e+01 2.208000e+02
5.075000e+01 2.208000e+02
5.050000e+01 2.208000e+02
5.000000e+01 2.205000e+02
4.950000e+01 2.202000e+02
4.925000e+01 2.202000e+02
4.900000e+01 2.202000e+02
4.900000e+01 2.202000e+02
4.900000e+01 2.202000e+02
4.875000e+01 2.202000e+02
4.850000e+01 2.202000e+02
4.825000e+01 2.202000e+02
4.800000e+01 2.202000e+02
4.800000e+01 2.202000e+02
