4.325000e+02 2.496000e+02
4.325000e+02 2.496000e+02
4.325000e+02 2.496000e+02
4.325000e+02 2.496000e+02
4.325000e+02 2.496000e+02
4.323750e+02 2.496000e+02
4.322500e+02 2.496000e+02
4.321250e+02 2.496000e+02
4.320000e+02 2.496000e+02
4.318750e+02 2.496000e+02
4.317500e+02 2.496000e+02
4.316250e+02 2.496000e+02
4.315000e+02 2.496000e+02
4.312500e+02 2.496000e+02
4.310000e+02 2.496000e+02
4.307500e+02 2.496000e+02
4.305000e+02 2.496000e+02
4.302500e+02 2.496000e+02
4.300000e+02 2.496000e+02
4.297500e+02 2.496000e+02
4.295000e+02 2.496000e+02
4.290000e+02 2.496000e+02
4.285000e+02 2.496000e+02
4.280000e+02 2.496000e+02
4.275000e+02 2.496000e+02
4.268750e+02 2.497500e+02
4.262500e+02 2.499000e+02
4.256250e+02 2.500500e+02
4.250000e+02 2.502000e+02
4.241250e+02 2.502000e+02
4.232500e+02 2.502000e+02
4.223750e+02 2.502000e+02
4.215000e+02 2.502000e+02
4.205000e+02 2.502000e+02
4.195000e+02 2.502000e+02
4.185000e+02 2.502000e+02
4.175000e+02 2.502000e+02
4.163750e+02 2.502000e+02
4.152500e+02 2.502000e+02
4.141250e+02 2.502000e+02
4.130000e+02 2.502000e+02
4.117500e+02 2.503500e+02
4.105000e+02 2.505000e+02
4.092500e+02 2.506500e+02
4.080000e+02 2.508000e+02
4.066250e+02 2.508000e+02
4.052500e+02 2.508000e+02
4.038750e+02 2.508000e+02
4.025000e+02 2.508000e+02
4.011250e+02 2.509500e+02
3.997500e+02 2.511000e+02
3.983750e+02 2.512500e+02
3.970000e+02 2.514000e+02
3.955000e+02 2.514000e+02
3.940000e+02 2.514000e+02
3.925000e+02 2.514000e+02
3.910000e+02 2.514000e+02
3.895000e+02 2.515500e+02
3.880000e+02 2.517000e+02
3.865000e+02 2.518500e+02
3.850000e+02 2.520000e+02
3.835000e+02 2.520000e+02
3.820000e+02 2.520000e+02
3.805000e+02 2.520000e+02
3.790000e+02 2.520000e+02
3.765000e+02 2.521500e+02
3.740000e+02 2.523000e+02
3.715000e+02 2.524500e+02
3.690000e+02 2.526000e+02
3.666250e+02 2.526000e+02
3.642500e+02 2.526000e+02
3.618750e+02 2.526000e+02
3.595000e+02 2.526000e+02
3.578750e+02 2.527500e+02
3.562500e+02 2.529000e+02
3.546250e+02 2.530500e+02
3.530000e+02 2.532000e+02
3.513750e+02 2.532000e+02
3.497500e+02 2.532000e+02
3.481250e+02 2.532000e+02
3.465000e+02 2.532000e+02
3.447500e+02 2.533500e+02
3.430000e+02 2.535000e+02
3.412500e+02 2.536500e+02
3.395000e+02 2.538000e+02
3.377500e+02 2.539500e+02
3.360000e+02 2.541000e+02
3.342500e+02 2.542500e+02
3.325000e+02 2.544000e+02
3.307500e+02 2.545500e+02
3.290000e+02 2.547000e+02
3.272500e+02 2.548500e+02
3.255000e+02 2.550000e+02
3.238750e+02 2.550000e+02
3.222500e+02 2.550000e+02
3.206250e+02 2.550000e+02
3.190000e+02 2.550000e+02
3.172500e+02 2.553000e+02
3.155000e+02 2.556000e+02
3.137500e+02 2.559000e+02
3.120000e+02 2.562000e+02
3.102500e+02 2.563500e+02
3.085000e+02 2.565000e+02
3.067500e+02 2.566500e+02
3.050000e+02 2.568000e+02
3.033750e+02 2.569500e+02
3.017500e+02 2.571000e+02
3.001250e+02 2.572500e+02
2.985000e+02 2.574000e+02
2.961250e+02 2.575500e+02
2.937500e+02 2.577000e+02
2.913750e+02 2.578500e+02
2.890000e+02 2.580000e+02
2.870000e+02 2.583000e+02
2.850000e+02 2.586000e+02
2.830000e+02 2.589000e+02
2.810000e+02 2.592000e+02
2.795000e+02 2.593500e+02
2.780000e+02 2.595000e+02
2.765000e+02 2.596500e+02
2.750000e+02 2.598000e+02
2.733750e+02 2.599500e+02
2.717500e+02 2.601000e+02
2.701250e+02 2.602500e+02
2.685000e+02 2.604000e+02
2.673750e+02 2.604000e+02
2.662500e+02 2.604000e+02
2.651250e+02 2.604000e+02
2.640000e+02 2.604000e+02
2.626250e+02 2.605500e+02
2.612500e+02 2.607000e+02
2.598750e+02 2.608500e+02
2.585000e+02 2.610000e+02
2.577500e+02 2.610000e+02
2.570000e+02 2.610000e+02
2.562500e+02 2.610000e+02
2.555000e+02 2.610000e+02
2.552500e+02 2.610000e+02
2.550000e+02 2.610000e+02
2.547500e+02 2.610000e+02
2.545000e+02 2.610000e+02
2.537500e+02 2.611500e+02
2.530000e+02 2.613000e+02
2.522500e+02 2.614500e+02
2.515000e+02 2.616000e+02
2.512500e+02 2.616000e+02
2.510000e+02 2.616000e+02
2.507500e+02 2.616000e+02
2.505000e+02 2.616000e+02
2.500000e+02 2.616000e+02
2.495000e+02 2.616000e+02
2.490000e+02 2.616000e+02
2.485000e+02 2.616000e+02
2.480000e+02 2.617500e+02
2.475000e+02 2.619000e+02
2.470000e+02 2.620500e+02
2.465000e+02 2.622000e+02
2.461250e+02 2.622000e+02
2.457500e+02 2.622000e+02
2.453750e+02 2.622000e+02
2.450000e+02 2.622000e+02
2.447500e+02 2.622000e+02
2.445000e+02 2.622000e+02
2.442500e+02 2.622000e+02
2.440000e+02 2.622000e+02
2.437500e+02 2.622000e+02
2.435000e+02 2.622000e+02
2.430000e+02 2.622000e+02
2.427500e+02 2.622000e+02
2.425000e+02 2.622000e+02
2.420000e+02 2.622000e+02
2.415000e+02 2.622000e+02
2.415000e+02 2.625000e+02
2.415000e+02 2.628000e+02
2.412500e+02 2.628000e+02
2.410000e+02 2.628000e+02
2.407500e+02 2.628000e+02
2.405000e+02 2.628000e+02
2.405000e+02 2.628000e+02
2.405000e+02 2.628000e+02
2.402500e+02 2.628000e+02
2.400000e+02 2.628000e+02
2.400000e+02 2.628000e+02
2.400000e+02 2.628000e+02
2.400000e+02 2.628000e+02
2.400000e+02 2.628000e+02
2.400000e+02 2.628000e+02
2.400000e+02 2.628000e+02
2.397500e+02 2.628000e+02
2.395000e+02 2.628000e+02
2.395000e+02 2.628000e+02
2.395000e+02 2.628000e+02
2.395000e+02 2.628000e+02
2.395000e+02 2.628000e+02
2.392500e+02 2.628000e+02
2.390000e+02 2.628000e+02
2.390000e+02 2.628000e+02
2.390000e+02 2.628000e+02
2.390000e+02 2.628000e+02
2.390000e+02 2.628000e+02
