2.185000e+02 9.600000e+01
2.185000e+02 9.600000e+01
2.185000e+02 9.600000e+01
2.187500e+02 9.630000e+01
2.190000e+02 9.660000e+01
2.195000e+02 9.720000e+01
2.200000e+02 9.780000e+01
2.210000e+02 9.990000e+01
2.220000e+02 1.020000e+02
2.235000e+02 1.041000e+02
2.250000e+02 1.062000e+02
2.257500e+02 1.077000e+02
2.265000e+02 1.092000e+02
2.282500e+02 1.122000e+02
2.300000e+02 1.152000e+02
2.320000e+02 1.182000e+02
2.340000e+02 1.212000e+02
2.357500e+02 1.245000e+02
2.375000e+02 1.278000e+02
2.382500e+02 1.296000e+02
2.390000e+02 1.314000e+02
2.405000e+02 1.347000e+02
2.420000e+02 1.380000e+02
2.437500e+02 1.416000e+02
2.455000e+02 1.452000e+02
2.472500e+02 1.491000e+02
2.490000e+02 1.530000e+02
2.500000e+02 1.548000e+02
2.510000e+02 1.566000e+02
2.530000e+02 1.605000e+02
2.550000e+02 1.644000e+02
2.575000e+02 1.686000e+02
2.600000e+02 1.728000e+02
2.610000e+02 1.749000e+02
2.620000e+02 1.770000e+02
2.647500e+02 1.818000e+02
2.675000e+02 1.866000e+02
2.705000e+02 1.914000e+02
2.735000e+02 1.962000e+02
2.750000e+02 1.986000e+02
2.765000e+02 2.010000e+02
2.792500e+02 2.058000e+02
2.820000e+02 2.106000e+02
2.850000e+02 2.154000e+02
2.880000e+02 2.202000e+02
2.895000e+02 2.226000e+02
2.910000e+02 2.250000e+02
2.940000e+02 2.298000e+02
2.970000e+02 2.346000e+02
2.997500e+02 2.397000e+02
3.025000e+02 2.448000e+02
3.055000e+02 2.496000e+02
3.085000e+02 2.544000e+02
3.100000e+02 2.568000e+02
3.115000e+02 2.592000e+02
3.145000e+02 2.637000e+02
3.175000e+02 2.682000e+02
3.190000e+02 2.706000e+02
3.205000e+02 2.730000e+02
3.235000e+02 2.778000e+02
3.265000e+02 2.826000e+02
3.297500e+02 2.871000e+02
3.330000e+02 2.916000e+02
3.345000e+02 2.937000e+02
3.360000e+02 2.958000e+02
3.390000e+02 3.006000e+02
3.420000e+02 3.054000e+02
3.450000e+02 3.093000e+02
3.480000e+02 3.132000e+02
3.492500e+02 3.153000e+02
3.505000e+02 3.174000e+02
3.530000e+02 3.210000e+02
3.555000e+02 3.246000e+02
3.577500e+02 3.276000e+02
3.600000e+02 3.306000e+02
3.610000e+02 3.321000e+02
3.620000e+02 3.336000e+02
3.640000e+02 3.363000e+02
3.660000e+02 3.390000e+02
3.675000e+02 3.414000e+02
3.690000e+02 3.438000e+02
3.702500e+02 3.456000e+02
3.715000e+02 3.474000e+02
3.722500e+02 3.486000e+02
3.730000e+02 3.498000e+02
3.737500e+02 3.513000e+02
3.745000e+02 3.528000e+02
3.747500e+02 3.534000e+02
3.750000e+02 3.540000e+02
3.745000e+02 3.546000e+02
3.740000e+02 3.552000e+02
3.730000e+02 3.561000e+02
3.720000e+02 3.570000e+02
3.702500e+02 3.576000e+02
3.685000e+02 3.582000e+02
3.675000e+02 3.588000e+02
3.665000e+02 3.594000e+02
3.640000e+02 3.603000e+02
3.615000e+02 3.612000e+02
3.585000e+02 3.618000e+02
3.555000e+02 3.624000e+02
3.537500e+02 3.627000e+02
3.520000e+02 3.630000e+02
3.480000e+02 3.642000e+02
3.440000e+02 3.654000e+02
3.395000e+02 3.660000e+02
3.350000e+02 3.666000e+02
3.325000e+02 3.672000e+02
3.300000e+02 3.678000e+02
3.252500e+02 3.681000e+02
3.205000e+02 3.684000e+02
3.152500e+02 3.690000e+02
3.100000e+02 3.696000e+02
3.075000e+02 3.699000e+02
3.050000e+02 3.702000e+02
2.995000e+02 3.708000e+02
2.940000e+02 3.714000e+02
2.885000e+02 3.720000e+02
2.775000e+02 3.744000e+02
2.665000e+02 3.768000e+02
2.550000e+02 3.792000e+02
2.495000e+02 3.798000e+02
2.440000e+02 3.810000e+02
2.335000e+02 3.834000e+02
2.235000e+02 3.852000e+02
2.145000e+02 3.864000e+02
2.065000e+02 3.882000e+02
2.035000e+02 3.894000e+02
1.970000e+02 3.906000e+02
1.920000e+02 3.918000e+02
1.880000e+02 3.918000e+02
1.865000e+02 3.924000e+02
1.840000e+02 3.924000e+02
1.825000e+02 3.924000e+02
1.820000e+02 3.924000e+02
1.815000e+02 3.924000e+02
1.810000e+02 3.918000e+02
1.805000e+02 3.906000e+02
1.805000e+02 3.900000e+02
1.815000e+02 3.882000e+02
1.830000e+02 3.864000e+02
1.840000e+02 3.846000e+02
1.870000e+02 3.810000e+02
1.905000e+02 3.774000e+02
1.930000e+02 3.756000e+02
1.980000e+02 3.702000e+02
2.035000e+02 3.648000e+02
2.065000e+02 3.618000e+02
2.135000e+02 3.540000e+02
2.205000e+02 3.468000e+02
2.240000e+02 3.426000e+02
2.315000e+02 3.336000e+02
2.395000e+02 3.240000e+02
2.435000e+02 3.186000e+02
2.520000e+02 3.084000e+02
2.615000e+02 2.976000e+02
2.715000e+02 2.874000e+02
2.770000e+02 2.820000e+02
2.880000e+02 2.724000e+02
3.000000e+02 2.628000e+02
3.060000e+02 2.580000e+02
3.120000e+02 2.532000e+02
3.230000e+02 2.442000e+02
3.335000e+02 2.346000e+02
3.390000e+02 2.298000e+02
3.490000e+02 2.202000e+02
3.535000e+02 2.160000e+02
3.635000e+02 2.064000e+02
3.730000e+02 1.980000e+02
3.825000e+02 1.884000e+02
3.875000e+02 1.842000e+02
3.975000e+02 1.758000e+02
4.075000e+02 1.674000e+02
4.125000e+02 1.638000e+02
4.220000e+02 1.566000e+02
4.310000e+02 1.500000e+02
4.350000e+02 1.470000e+02
4.435000e+02 1.416000e+02
4.515000e+02 1.362000e+02
4.555000e+02 1.332000e+02
4.625000e+02 1.290000e+02
4.690000e+02 1.242000e+02
4.720000e+02 1.224000e+02
4.775000e+02 1.182000e+02
4.825000e+02 1.146000e+02
4.870000e+02 1.110000e+02
4.900000e+02 1.074000e+02
4.930000e+02 1.044000e+02
4.945000e+02 1.026000e+02
4.965000e+02 1.008000e+02
4.990000e+02 9.900000e+01
5.005000e+02 9.780000e+01
5.015000e+02 9.720000e+01
5.020000e+02 9.720000e+01
5.025000e+02 9.660000e+01
5.030000e+02 9.660000e+01
5.030000e+02 9.660000e+01
5.035000e+02 9.660000e+01
5.025000e+02 9.840000e+01
5.025000e+02 9.840000e+01
