1.035000e+02 2.346000e+02
1.035000e+02 2.346000e+02
1.035000e+02 2.346000e+02
1.035000e+02 2.346000e+02
1.035000e+02 2.346000e+02
1.032500e+02 2.347500e+02
1.030000e+02 2.349000e+02
1.027500e+02 2.350500e+02
1.025000e+02 2.352000e+02
1.025000e+02 2.352000e+02
1.025000e+02 2.352000e+02
1.025000e+02 2.352000e+02
1.025000e+02 2.352000e+02
1.023750e+02 2.353500e+02
1.022500e+02 2.355000e+02
1.021250e+02 2.356500e+02
1.020000e+02 2.358000e+02
1.018750e+02 2.358000e+02
1.017500e+02 2.358000e+02
1.016250e+02 2.358000e+02
1.015000e+02 2.358000e+02
1.015000e+02 2.358000e+02
1.015000e+02 2.358000e+02
1.015000e+02 2.358000e+02
1.015000e+02 2.358000e+02
1.016250e+02 2.359500e+02
1.017500e+02 2.361000e+02
1.018750e+02 2.362500e+02
1.020000e+02 2.364000e+02
1.022500e+02 2.364000e+02
1.025000e+02 2.364000e+02
1.027500e+02 2.364000e+02
1.030000e+02 2.364000e+02
1.043750e+02 2.365500e+02
1.057500e+02 2.367000e+02
1.071250e+02 2.368500e+02
1.085000e+02 2.370000e+02
1.098750e+02 2.371500e+02
1.112500e+02 2.373000e+02
1.126250e+02 2.374500e+02
1.140000e+02 2.376000e+02
1.153750e+02 2.376000e+02
1.167500e+02 2.376000e+02
1.181250e+02 2.376000e+02
1.195000e+02 2.376000e+02
1.210000e+02 2.376000e+02
1.225000e+02 2.376000e+02
1.255000e+02 2.376000e+02
1.285000e+02 2.376000e+02
1.315000e+02 2.376000e+02
1.347500e+02 2.373000e+02
1.380000e+02 2.370000e+02
1.412500e+02 2.367000e+02
1.445000e+02 2.364000e+02
1.460000e+02 2.361000e+02
1.475000e+02 2.358000e+02
1.522500e+02 2.355000e+02
1.570000e+02 2.352000e+02
1.585000e+02 2.352000e+02
1.600000e+02 2.352000e+02
1.652500e+02 2.355000e+02
1.705000e+02 2.358000e+02
1.755000e+02 2.361000e+02
1.805000e+02 2.364000e+02
1.835000e+02 2.367000e+02
1.865000e+02 2.370000e+02
1.900000e+02 2.373000e+02
1.935000e+02 2.376000e+02
1.967500e+02 2.379000e+02
2.000000e+02 2.382000e+02
2.035000e+02 2.388000e+02
2.070000e+02 2.394000e+02
2.100000e+02 2.400000e+02
2.130000e+02 2.406000e+02
2.162500e+02 2.412000e+02
2.195000e+02 2.418000e+02
2.210000e+02 2.421000e+02
2.225000e+02 2.424000e+02
2.255000e+02 2.427000e+02
2.285000e+02 2.430000e+02
2.317500e+02 2.433000e+02
2.350000e+02 2.436000e+02
2.382500e+02 2.439000e+02
2.415000e+02 2.442000e+02
2.445000e+02 2.442000e+02
2.475000e+02 2.442000e+02
2.507500e+02 2.442000e+02
2.540000e+02 2.442000e+02
2.590000e+02 2.439000e+02
2.640000e+02 2.436000e+02
2.675000e+02 2.433000e+02
2.710000e+02 2.430000e+02
2.760000e+02 2.427000e+02
2.810000e+02 2.424000e+02
2.842500e+02 2.421000e+02
2.875000e+02 2.418000e+02
2.910000e+02 2.415000e+02
2.945000e+02 2.412000e+02
2.982500e+02 2.409000e+02
3.020000e+02 2.406000e+02
3.055000e+02 2.400000e+02
3.090000e+02 2.394000e+02
3.122500e+02 2.388000e+02
3.155000e+02 2.382000e+02
3.185000e+02 2.376000e+02
3.215000e+02 2.370000e+02
3.267500e+02 2.358000e+02
3.320000e+02 2.346000e+02
3.355000e+02 2.340000e+02
3.390000e+02 2.334000e+02
3.437500e+02 2.325000e+02
3.485000e+02 2.316000e+02
3.502500e+02 2.313000e+02
3.520000e+02 2.310000e+02
3.550000e+02 2.304000e+02
3.580000e+02 2.298000e+02
3.615000e+02 2.298000e+02
3.650000e+02 2.298000e+02
3.680000e+02 2.298000e+02
3.710000e+02 2.298000e+02
3.755000e+02 2.304000e+02
3.800000e+02 2.310000e+02
3.812500e+02 2.313000e+02
3.825000e+02 2.316000e+02
3.855000e+02 2.322000e+02
3.885000e+02 2.328000e+02
3.912500e+02 2.337000e+02
3.940000e+02 2.346000e+02
3.982500e+02 2.358000e+02
4.025000e+02 2.370000e+02
4.037500e+02 2.373000e+02
4.050000e+02 2.376000e+02
4.090000e+02 2.382000e+02
4.130000e+02 2.388000e+02
4.157500e+02 2.388000e+02
4.185000e+02 2.388000e+02
4.212500e+02 2.385000e+02
4.240000e+02 2.382000e+02
4.280000e+02 2.373000e+02
4.320000e+02 2.364000e+02
4.342500e+02 2.358000e+02
4.365000e+02 2.352000e+02
4.390000e+02 2.340000e+02
4.415000e+02 2.328000e+02
4.437500e+02 2.319000e+02
4.460000e+02 2.310000e+02
4.492500e+02 2.295000e+02
4.525000e+02 2.280000e+02
4.545000e+02 2.271000e+02
4.565000e+02 2.262000e+02
4.582500e+02 2.250000e+02
4.600000e+02 2.238000e+02
4.617500e+02 2.229000e+02
4.635000e+02 2.220000e+02
4.655000e+02 2.211000e+02
4.675000e+02 2.202000e+02
4.692500e+02 2.193000e+02
4.710000e+02 2.184000e+02
4.732500e+02 2.178000e+02
4.755000e+02 2.172000e+02
4.772500e+02 2.169000e+02
4.790000e+02 2.166000e+02
4.797500e+02 2.163000e+02
4.805000e+02 2.160000e+02
4.825000e+02 2.160000e+02
4.845000e+02 2.160000e+02
4.852500e+02 2.160000e+02
4.860000e+02 2.160000e+02
4.882500e+02 2.160000e+02
4.905000e+02 2.160000e+02
4.925000e+02 2.166000e+02
4.945000e+02 2.172000e+02
4.952500e+02 2.172000e+02
4.960000e+02 2.172000e+02
4.972500e+02 2.175000e+02
4.985000e+02 2.178000e+02
4.997500e+02 2.178000e+02
5.010000e+02 2.178000e+02
5.015000e+02 2.178000e+02
5.020000e+02 2.178000e+02
5.040000e+02 2.178000e+02
5.060000e+02 2.178000e+02
5.062500e+02 2.178000e+02
5.065000e+02 2.178000e+02
5.080000e+02 2.178000e+02
5.095000e+02 2.178000e+02
5.105000e+02 2.175000e+02
5.115000e+02 2.172000e+02
5.122500e+02 2.172000e+02
5.130000e+02 2.172000e+02
5.137500e+02 2.172000e+02
5.145000e+02 2.172000e+02
5.157500e+02 2.169000e+02
5.170000e+02 2.166000e+02
5.180000e+02 2.166000e+02
5.190000e+02 2.166000e+02
5.195000e+02 2.166000e+02
5.200000e+02 2.166000e+02
5.200000e+02 2.166000e+02
5.200000e+02 2.166000e+02
1.035000e+02 2.346000e+02
1.035000e+02 2.346000e+02
1.035000e+02 2.346000e+02
1.035000e+02 2.346000e+02
1.035000e+02 2.346000e+02
1.032500e+02 2.347500e+02
1.030000e+02 2.349000e+02
1.027500e+02 2.350500e+02
1.025000e+02 2.352000e+02
1.025000e+02 2.352000e+02
1.025000e+02 2.352000e+02
1.025000e+02 2.352000e+02
1.025000e+02 2.352000e+02
1.023750e+02 2.353500e+02
1.022500e+02 2.355000e+02
1.021250e+02 2.356500e+02
1.020000e+02 2.358000e+02
1.018750e+02 2.358000e+02
1.017500e+02 2.358000e+02
1.016250e+02 2.358000e+02
1.015000e+02 2.358000e+02
1.015000e+02 2.358000e+02
1.015000e+02 2.358000e+02
1.015000e+02 2.358000e+02
1.015000e+02 2.358000e+02
1.016250e+02 2.359500e+02
1.017500e+02 2.361000e+02
1.018750e+02 2.362500e+02
1.020000e+02 2.364000e+02
1.022500e+02 2.364000e+02
1.025000e+02 2.364000e+02
1.027500e+02 2.364000e+02
1.030000e+02 2.364000e+02
1.043750e+02 2.365500e+02
1.057500e+02 2.367000e+02
1.071250e+02 2.368500e+02
1.085000e+02 2.370000e+02
1.098750e+02 2.371500e+02
1.112500e+02 2.373000e+02
1.126250e+02 2.374500e+02
1.140000e+02 2.376000e+02
1.153750e+02 2.376000e+02
1.167500e+02 2.376000e+02
1.181250e+02 2.376000e+02
1.195000e+02 2.376000e+02
1.210000e+02 2.376000e+02
1.225000e+02 2.376000e+02
1.255000e+02 2.376000e+02
1.285000e+02 2.376000e+02
1.315000e+02 2.376000e+02
1.347500e+02 2.373000e+02
1.380000e+02 2.370000e+02
1.412500e+02 2.367000e+02
1.445000e+02 2.364000e+02
1.460000e+02 2.361000e+02
1.475000e+02 2.358000e+02
1.522500e+02 2.355000e+02
1.570000e+02 2.352000e+02
1.585000e+02 2.352000e+02
1.600000e+02 2.352000e+02
1.652500e+02 2.355000e+02
1.705000e+02 2.358000e+02
1.755000e+02 2.361000e+02
1.805000e+02 2.364000e+02
1.835000e+02 2.367000e+02
1.865000e+02 2.370000e+02
1.900000e+02 2.373000e+02
1.935000e+02 2.376000e+02
1.967500e+02 2.379000e+02
2.000000e+02 2.382000e+02
2.035000e+02 2.388000e+02
2.070000e+02 2.394000e+02
2.100000e+02 2.400000e+02
2.130000e+02 2.406000e+02
2.162500e+02 2.412000e+02
2.195000e+02 2.418000e+02
2.210000e+02 2.421000e+02
2.225000e+02 2.424000e+02
2.255000e+02 2.427000e+02
2.285000e+02 2.430000e+02
2.317500e+02 2.433000e+02
2.350000e+02 2.436000e+02
2.382500e+02 2.439000e+02
2.415000e+02 2.442000e+02
2.445000e+02 2.442000e+02
2.475000e+02 2.442000e+02
2.507500e+02 2.442000e+02
2.540000e+02 2.442000e+02
2.590000e+02 2.439000e+02
2.640000e+02 2.436000e+02
2.675000e+02 2.433000e+02
2.710000e+02 2.430000e+02
2.760000e+02 2.427000e+02
2.810000e+02 2.424000e+02
2.842500e+02 2.421000e+02
2.875000e+02 2.418000e+02
2.910000e+02 2.415000e+02
2.945000e+02 2.412000e+02
2.982500e+02 2.409000e+02
3.020000e+02 2.406000e+02
3.055000e+02 2.400000e+02
3.090000e+02 2.394000e+02
3.122500e+02 2.388000e+02
3.155000e+02 2.382000e+02
3.185000e+02 2.376000e+02
3.215000e+02 2.370000e+02
3.267500e+02 2.358000e+02
3.320000e+02 2.346000e+02
3.355000e+02 2.340000e+02
3.390000e+02 2.334000e+02
3.437500e+02 2.325000e+02
3.485000e+02 2.316000e+02
3.502500e+02 2.313000e+02
3.520000e+02 2.310000e+02
3.550000e+02 2.304000e+02
3.580000e+02 2.298000e+02
3.615000e+02 2.298000e+02
3.650000e+02 2.298000e+02
3.680000e+02 2.298000e+02
3.710000e+02 2.298000e+02
3.755000e+02 2.304000e+02
3.800000e+02 2.310000e+02
3.812500e+02 2.313000e+02
3.825000e+02 2.316000e+02
3.855000e+02 2.322000e+02
3.885000e+02 2.328000e+02
3.912500e+02 2.337000e+02
3.940000e+02 2.346000e+02
3.982500e+02 2.358000e+02
4.025000e+02 2.370000e+02
4.037500e+02 2.373000e+02
4.050000e+02 2.376000e+02
4.090000e+02 2.382000e+02
4.130000e+02 2.388000e+02
4.157500e+02 2.388000e+02
4.185000e+02 2.388000e+02
4.212500e+02 2.385000e+02
4.240000e+02 2.382000e+02
4.280000e+02 2.373000e+02
4.320000e+02 2.364000e+02
4.342500e+02 2.358000e+02
4.365000e+02 2.352000e+02
4.390000e+02 2.340000e+02
4.415000e+02 2.328000e+02
4.437500e+02 2.319000e+02
4.460000e+02 2.310000e+02
4.492500e+02 2.295000e+02
4.525000e+02 2.280000e+02
4.545000e+02 2.271000e+02
4.565000e+02 2.262000e+02
4.582500e+02 2.250000e+02
4.600000e+02 2.238000e+02
4.617500e+02 2.229000e+02
4.635000e+02 2.220000e+02
4.655000e+02 2.211000e+02
4.675000e+02 2.202000e+02
4.692500e+02 2.193000e+02
4.710000e+02 2.184000e+02
4.732500e+02 2.178000e+02
4.755000e+02 2.172000e+02
4.772500e+02 2.169000e+02
4.790000e+02 2.166000e+02
4.797500e+02 2.163000e+02
4.805000e+02 2.160000e+02
4.825000e+02 2.160000e+02
4.845000e+02 2.160000e+02
4.852500e+02 2.160000e+02
4.860000e+02 2.160000e+02
4.882500e+02 2.160000e+02
4.905000e+02 2.160000e+02
4.925000e+02 2.166000e+02
4.945000e+02 2.172000e+02
4.952500e+02 2.172000e+02
4.960000e+02 2.172000e+02
4.972500e+02 2.175000e+02
4.985000e+02 2.178000e+02
4.997500e+02 2.178000e+02
5.010000e+02 2.178000e+02
5.015000e+02 2.178000e+02
5.020000e+02 2.178000e+02
5.040000e+02 2.178000e+02
5.060000e+02 2.178000e+02
5.062500e+02 2.178000e+02
5.065000e+02 2.178000e+02
5.080000e+02 2.178000e+02
5.095000e+02 2.178000e+02
5.105000e+02 2.175000e+02
5.115000e+02 2.172000e+02
5.122500e+02 2.172000e+02
5.130000e+02 2.172000e+02
5.137500e+02 2.172000e+02
5.145000e+02 2.172000e+02
5.157500e+02 2.169000e+02
5.170000e+02 2.166000e+02
5.180000e+02 2.166000e+02
5.190000e+02 2.166000e+02
5.195000e+02 2.166000e+02
5.200000e+02 2.166000e+02
5.200000e+02 2.166000e+02
5.200000e+02 2.166000e+02
1.035000e+02 2.346000e+02
1.035000e+02 2.346000e+02
1.035000e+02 2.346000e+02
1.035000e+02 2.346000e+02
1.035000e+02 2.346000e+02
1.032500e+02 2.347500e+02
1.030000e+02 2.349000e+02
1.027500e+02 2.350500e+02
1.025000e+02 2.352000e+02
1.025000e+02 2.352000e+02
1.025000e+02 2.352000e+02
1.025000e+02 2.352000e+02
1.025000e+02 2.352000e+02
1.023750e+02 2.353500e+02
1.022500e+02 2.355000e+02
1.021250e+02 2.356500e+02
1.020000e+02 2.358000e+02
1.018750e+02 2.358000e+02
1.017500e+02 2.358000e+02
1.016250e+02 2.358000e+02
1.015000e+02 2.358000e+02
1.015000e+02 2.358000e+02
1.015000e+02 2.358000e+02
1.015000e+02 2.358000e+02
1.015000e+02 2.358000e+02
1.016250e+02 2.359500e+02
1.017500e+02 2.361000e+02
1.018750e+02 2.362500e+02
1.020000e+02 2.364000e+02
1.022500e+02 2.364000e+02
1.025000e+02 2.364000e+02
1.027500e+02 2.364000e+02
1.030000e+02 2.364000e+02
1.043750e+02 2.365500e+02
1.057500e+02 2.367000e+02
1.071250e+02 2.368500e+02
1.085000e+02 2.370000e+02
1.098750e+02 2.371500e+02
1.112500e+02 2.373000e+02
1.126250e+02 2.374500e+02
1.140000e+02 2.376000e+02
1.153750e+02 2.376000e+02
1.167500e+02 2.376000e+02
1.181250e+02 2.376000e+02
1.195000e+02 2.376000e+02
1.210000e+02 2.376000e+02
1.225000e+02 2.376000e+02
1.255000e+02 2.376000e+02
1.285000e+02 2.376000e+02
1.315000e+02 2.376000e+02
1.347500e+02 2.373000e+02
1.380000e+02 2.370000e+02
1.412500e+02 2.367000e+02
1.445000e+02 2.364000e+02
1.460000e+02 2.361000e+02
1.475000e+02 2.358000e+02
1.522500e+02 2.355000e+02
1.570000e+02 2.352000e+02
1.585000e+02 2.352000e+02
1.600000e+02 2.352000e+02
1.652500e+02 2.355000e+02
1.705000e+02 2.358000e+02
1.755000e+02 2.361000e+02
1.805000e+02 2.364000e+02
1.835000e+02 2.367000e+02
1.865000e+02 2.370000e+02
1.900000e+02 2.373000e+02
1.935000e+02 2.376000e+02
1.967500e+02 2.379000e+02
2.000000e+02 2.382000e+02
2.035000e+02 2.388000e+02
2.070000e+02 2.394000e+02
2.100000e+02 2.400000e+02
2.130000e+02 2.406000e+02
2.162500e+02 2.412000e+02
2.195000e+02 2.418000e+02
2.210000e+02 2.421000e+02
2.225000e+02 2.424000e+02
2.255000e+02 2.427000e+02
2.285000e+02 2.430000e+02
2.317500e+02 2.433000e+02
2.350000e+02 2.436000e+02
2.382500e+02 2.439000e+02
2.415000e+02 2.442000e+02
2.445000e+02 2.442000e+02
2.475000e+02 2.442000e+02
2.507500e+02 2.442000e+02
2.540000e+02 2.442000e+02
2.590000e+02 2.439000e+02
2.640000e+02 2.436000e+02
2.675000e+02 2.433000e+02
2.710000e+02 2.430000e+02
2.760000e+02 2.427000e+02
2.810000e+02 2.424000e+02
2.842500e+02 2.421000e+02
2.875000e+02 2.418000e+02
2.910000e+02 2.415000e+02
2.945000e+02 2.412000e+02
2.982500e+02 2.409000e+02
3.020000e+02 2.406000e+02
3.055000e+02 2.400000e+02
3.090000e+02 2.394000e+02
3.122500e+02 2.388000e+02
3.155000e+02 2.382000e+02
3.185000e+02 2.376000e+02
3.215000e+02 2.370000e+02
3.267500e+02 2.358000e+02
3.320000e+02 2.346000e+02
3.355000e+02 2.340000e+02
3.390000e+02 2.334000e+02
3.437500e+02 2.325000e+02
3.485000e+02 2.316000e+02
3.502500e+02 2.313000e+02
3.520000e+02 2.310000e+02
3.550000e+02 2.304000e+02
3.580000e+02 2.298000e+02
3.615000e+02 2.298000e+02
3.650000e+02 2.298000e+02
3.680000e+02 2.298000e+02
3.710000e+02 2.298000e+02
3.755000e+02 2.304000e+02
3.800000e+02 2.310000e+02
3.812500e+02 2.313000e+02
3.825000e+02 2.316000e+02
3.855000e+02 2.322000e+02
3.885000e+02 2.328000e+02
3.912500e+02 2.337000e+02
3.940000e+02 2.346000e+02
3.982500e+02 2.358000e+02
4.025000e+02 2.370000e+02
4.037500e+02 2.373000e+02
4.050000e+02 2.376000e+02
4.090000e+02 2.382000e+02
4.130000e+02 2.388000e+02
4.157500e+02 2.388000e+02
4.185000e+02 2.388000e+02
4.212500e+02 2.385000e+02
4.240000e+02 2.382000e+02
4.280000e+02 2.373000e+02
4.320000e+02 2.364000e+02
4.342500e+02 2.358000e+02
4.365000e+02 2.352000e+02
4.390000e+02 2.340000e+02
4.415000e+02 2.328000e+02
4.437500e+02 2.319000e+02
4.460000e+02 2.310000e+02
4.492500e+02 2.295000e+02
4.525000e+02 2.280000e+02
4.545000e+02 2.271000e+02
4.565000e+02 2.262000e+02
4.582500e+02 2.250000e+02
4.600000e+02 2.238000e+02
4.617500e+02 2.229000e+02
4.635000e+02 2.220000e+02
4.655000e+02 2.211000e+02
4.675000e+02 2.202000e+02
4.692500e+02 2.193000e+02
4.710000e+02 2.184000e+02
4.732500e+02 2.178000e+02
4.755000e+02 2.172000e+02
4.772500e+02 2.169000e+02
4.790000e+02 2.166000e+02
4.797500e+02 2.163000e+02
4.805000e+02 2.160000e+02
4.825000e+02 2.160000e+02
4.845000e+02 2.160000e+02
4.852500e+02 2.160000e+02
4.860000e+02 2.160000e+02
4.882500e+02 2.160000e+02
4.905000e+02 2.160000e+02
4.925000e+02 2.166000e+02
4.945000e+02 2.172000e+02
4.952500e+02 2.172000e+02
4.960000e+02 2.172000e+02
4.972500e+02 2.175000e+02
4.985000e+02 2.178000e+02
4.997500e+02 2.178000e+02
5.010000e+02 2.178000e+02
5.015000e+02 2.178000e+02
5.020000e+02 2.178000e+02
5.040000e+02 2.178000e+02
5.060000e+02 2.178000e+02
5.062500e+02 2.178000e+02
5.065000e+02 2.178000e+02
5.080000e+02 2.178000e+02
5.095000e+02 2.178000e+02
5.105000e+02 2.175000e+02
5.115000e+02 2.172000e+02
5.122500e+02 2.172000e+02
5.130000e+02 2.172000e+02
5.137500e+02 2.172000e+02
5.145000e+02 2.172000e+02
5.157500e+02 2.169000e+02
5.170000e+02 2.166000e+02
5.180000e+02 2.166000e+02
5.190000e+02 2.166000e+02
5.195000e+02 2.166000e+02
5.200000e+02 2.166000e+02
5.200000e+02 2.166000e+02
5.200000e+02 2.166000e+02
