1.645000e+02 2.310000e+02
1.645000e+02 2.310000e+02
1.645000e+02 2.310000e+02
1.645000e+02 2.310000e+02
1.645000e+02 2.310000e+02
1.646250e+02 2.311500e+02
1.647500e+02 2.313000e+02
1.648750e+02 2.314500e+02
1.650000e+02 2.316000e+02
1.651250e+02 2.317500e+02
1.652500e+02 2.319000e+02
1.653750e+02 2.320500e+02
1.655000e+02 2.322000e+02
1.657500e+02 2.325000e+02
1.660000e+02 2.328000e+02
1.662500e+02 2.331000e+02
1.665000e+02 2.334000e+02
1.668750e+02 2.341500e+02
1.672500e+02 2.349000e+02
1.676250e+02 2.356500e+02
1.680000e+02 2.364000e+02
1.686250e+02 2.371500e+02
1.692500e+02 2.379000e+02
1.698750e+02 2.386500e+02
1.705000e+02 2.394000e+02
1.711250e+02 2.403000e+02
1.717500e+02 2.412000e+02
1.723750e+02 2.421000e+02
1.730000e+02 2.430000e+02
1.738750e+02 2.443500e+02
1.747500e+02 2.457000e+02
1.756250e+02 2.470500e+02
1.765000e+02 2.484000e+02
1.775000e+02 2.499000e+02
1.785000e+02 2.514000e+02
1.795000e+02 2.529000e+02
1.805000e+02 2.544000e+02
1.815000e+02 2.559000e+02
1.825000e+02 2.574000e+02
1.835000e+02 2.589000e+02
1.845000e+02 2.604000e+02
1.852500e+02 2.614500e+02
1.860000e+02 2.625000e+02
1.867500e+02 2.635500e+02
1.875000e+02 2.646000e+02
1.887500e+02 2.664000e+02
1.900000e+02 2.682000e+02
1.912500e+02 2.700000e+02
1.925000e+02 2.718000e+02
1.937500e+02 2.734500e+02
1.950000e+02 2.751000e+02
1.962500e+02 2.767500e+02
1.975000e+02 2.784000e+02
1.982500e+02 2.796000e+02
1.990000e+02 2.808000e+02
1.997500e+02 2.820000e+02
2.005000e+02 2.832000e+02
2.017500e+02 2.850000e+02
2.030000e+02 2.868000e+02
2.042500e+02 2.886000e+02
2.055000e+02 2.904000e+02
2.066250e+02 2.920500e+02
2.077500e+02 2.937000e+02
2.088750e+02 2.953500e+02
2.100000e+02 2.970000e+02
2.106250e+02 2.980500e+02
2.112500e+02 2.991000e+02
2.118750e+02 3.001500e+02
2.125000e+02 3.012000e+02
2.131250e+02 3.019500e+02
2.137500e+02 3.027000e+02
2.143750e+02 3.034500e+02
2.150000e+02 3.042000e+02
2.156250e+02 3.052500e+02
2.162500e+02 3.063000e+02
2.168750e+02 3.073500e+02
2.175000e+02 3.084000e+02
2.181250e+02 3.091500e+02
2.187500e+02 3.099000e+02
2.193750e+02 3.106500e+02
2.200000e+02 3.114000e+02
2.203750e+02 3.121500e+02
2.207500e+02 3.129000e+02
2.211250e+02 3.136500e+02
2.215000e+02 3.144000e+02
2.220000e+02 3.150000e+02
2.225000e+02 3.156000e+02
2.235000e+02 3.168000e+02
2.242500e+02 3.177000e+02
2.250000e+02 3.186000e+02
2.255000e+02 3.192000e+02
2.260000e+02 3.198000e+02
2.265000e+02 3.207000e+02
2.270000e+02 3.216000e+02
2.275000e+02 3.222000e+02
2.280000e+02 3.228000e+02
2.285000e+02 3.231000e+02
2.290000e+02 3.234000e+02
2.290000e+02 3.237000e+02
2.290000e+02 3.240000e+02
2.295000e+02 3.243000e+02
2.300000e+02 3.246000e+02
2.302500e+02 3.246000e+02
2.305000e+02 3.246000e+02
2.307500e+02 3.249000e+02
2.310000e+02 3.252000e+02
2.312500e+02 3.252000e+02
2.315000e+02 3.252000e+02
2.320000e+02 3.249000e+02
2.325000e+02 3.246000e+02
2.330000e+02 3.243000e+02
2.335000e+02 3.240000e+02
2.342500e+02 3.234000e+02
2.350000e+02 3.228000e+02
2.360000e+02 3.216000e+02
2.370000e+02 3.204000e+02
2.382500e+02 3.189000e+02
2.395000e+02 3.174000e+02
2.415000e+02 3.156000e+02
2.435000e+02 3.138000e+02
2.452500e+02 3.117000e+02
2.470000e+02 3.096000e+02
2.490000e+02 3.072000e+02
2.510000e+02 3.048000e+02
2.532500e+02 3.024000e+02
2.555000e+02 3.000000e+02
2.580000e+02 2.973000e+02
2.605000e+02 2.946000e+02
2.635000e+02 2.913000e+02
2.665000e+02 2.880000e+02
2.710000e+02 2.829000e+02
2.755000e+02 2.778000e+02
2.790000e+02 2.745000e+02
2.825000e+02 2.712000e+02
2.860000e+02 2.676000e+02
2.895000e+02 2.640000e+02
2.915000e+02 2.622000e+02
2.935000e+02 2.604000e+02
2.972500e+02 2.565000e+02
3.010000e+02 2.526000e+02
3.070000e+02 2.472000e+02
3.130000e+02 2.418000e+02
3.170000e+02 2.382000e+02
3.210000e+02 2.346000e+02
3.252500e+02 2.310000e+02
3.295000e+02 2.274000e+02
3.337500e+02 2.241000e+02
3.380000e+02 2.208000e+02
3.425000e+02 2.172000e+02
3.470000e+02 2.136000e+02
3.535000e+02 2.094000e+02
3.600000e+02 2.052000e+02
3.625000e+02 2.034000e+02
3.650000e+02 2.016000e+02
3.700000e+02 1.992000e+02
3.750000e+02 1.968000e+02
3.805000e+02 1.941000e+02
3.860000e+02 1.914000e+02
3.917500e+02 1.890000e+02
3.975000e+02 1.866000e+02
4.027500e+02 1.845000e+02
4.080000e+02 1.824000e+02
4.132500e+02 1.806000e+02
4.185000e+02 1.788000e+02
4.232500e+02 1.773000e+02
4.280000e+02 1.758000e+02
4.327500e+02 1.746000e+02
4.375000e+02 1.734000e+02
4.422500e+02 1.722000e+02
4.470000e+02 1.710000e+02
4.530000e+02 1.701000e+02
4.590000e+02 1.692000e+02
4.625000e+02 1.689000e+02
4.660000e+02 1.686000e+02
4.687500e+02 1.683000e+02
4.715000e+02 1.680000e+02
4.745000e+02 1.680000e+02
4.775000e+02 1.680000e+02
4.792500e+02 1.680000e+02
4.810000e+02 1.680000e+02
4.825000e+02 1.683000e+02
4.840000e+02 1.686000e+02
4.850000e+02 1.686000e+02
4.860000e+02 1.686000e+02
4.865000e+02 1.686000e+02
4.870000e+02 1.686000e+02
4.875000e+02 1.686000e+02
4.880000e+02 1.686000e+02
4.882500e+02 1.689000e+02
4.885000e+02 1.692000e+02
4.885000e+02 1.692000e+02
4.885000e+02 1.692000e+02
4.887500e+02 1.692000e+02
4.890000e+02 1.692000e+02
4.890000e+02 1.692000e+02
4.890000e+02 1.692000e+02
4.890000e+02 1.692000e+02
4.890000e+02 1.692000e+02
4.890000e+02 1.692000e+02
4.890000e+02 1.692000e+02
1.645000e+02 2.310000e+02
1.645000e+02 2.310000e+02
1.645000e+02 2.310000e+02
1.645000e+02 2.310000e+02
1.645000e+02 2.310000e+02
1.646250e+02 2.311500e+02
1.647500e+02 2.313000e+02
1.648750e+02 2.314500e+02
1.650000e+02 2.316000e+02
1.651250e+02 2.317500e+02
1.652500e+02 2.319000e+02
1.653750e+02 2.320500e+02
1.655000e+02 2.322000e+02
1.657500e+02 2.325000e+02
1.660000e+02 2.328000e+02
1.662500e+02 2.331000e+02
1.665000e+02 2.334000e+02
1.668750e+02 2.341500e+02
1.672500e+02 2.349000e+02
1.676250e+02 2.356500e+02
1.680000e+02 2.364000e+02
1.686250e+02 2.371500e+02
1.692500e+02 2.379000e+02
1.698750e+02 2.386500e+02
1.705000e+02 2.394000e+02
1.711250e+02 2.403000e+02
1.717500e+02 2.412000e+02
1.723750e+02 2.421000e+02
1.730000e+02 2.430000e+02
1.738750e+02 2.443500e+02
1.747500e+02 2.457000e+02
1.756250e+02 2.470500e+02
1.765000e+02 2.484000e+02
1.775000e+02 2.499000e+02
1.785000e+02 2.514000e+02
1.795000e+02 2.529000e+02
1.805000e+02 2.544000e+02
1.815000e+02 2.559000e+02
1.825000e+02 2.574000e+02
1.835000e+02 2.589000e+02
1.845000e+02 2.604000e+02
1.852500e+02 2.614500e+02
1.860000e+02 2.625000e+02
1.867500e+02 2.635500e+02
1.875000e+02 2.646000e+02
1.887500e+02 2.664000e+02
1.900000e+02 2.682000e+02
1.912500e+02 2.700000e+02
1.925000e+02 2.718000e+02
1.937500e+02 2.734500e+02
1.950000e+02 2.751000e+02
1.962500e+02 2.767500e+02
1.975000e+02 2.784000e+02
1.982500e+02 2.796000e+02
1.990000e+02 2.808000e+02
1.997500e+02 2.820000e+02
2.005000e+02 2.832000e+02
2.017500e+02 2.850000e+02
2.030000e+02 2.868000e+02
2.042500e+02 2.886000e+02
2.055000e+02 2.904000e+02
2.066250e+02 2.920500e+02
2.077500e+02 2.937000e+02
2.088750e+02 2.953500e+02
2.100000e+02 2.970000e+02
2.106250e+02 2.980500e+02
2.112500e+02 2.991000e+02
2.118750e+02 3.001500e+02
2.125000e+02 3.012000e+02
2.131250e+02 3.019500e+02
2.137500e+02 3.027000e+02
2.143750e+02 3.034500e+02
2.150000e+02 3.042000e+02
2.156250e+02 3.052500e+02
2.162500e+02 3.063000e+02
2.168750e+02 3.073500e+02
2.175000e+02 3.084000e+02
2.181250e+02 3.091500e+02
2.187500e+02 3.099000e+02
2.193750e+02 3.106500e+02
2.200000e+02 3.114000e+02
2.203750e+02 3.121500e+02
2.207500e+02 3.129000e+02
2.211250e+02 3.136500e+02
2.215000e+02 3.144000e+02
2.220000e+02 3.150000e+02
2.225000e+02 3.156000e+02
2.235000e+02 3.168000e+02
2.242500e+02 3.177000e+02
2.250000e+02 3.186000e+02
2.255000e+02 3.192000e+02
2.260000e+02 3.198000e+02
2.265000e+02 3.207000e+02
2.270000e+02 3.216000e+02
2.275000e+02 3.222000e+02
2.280000e+02 3.228000e+02
2.285000e+02 3.231000e+02
2.290000e+02 3.234000e+02
2.290000e+02 3.237000e+02
2.290000e+02 3.240000e+02
2.295000e+02 3.243000e+02
2.300000e+02 3.246000e+02
2.302500e+02 3.246000e+02
2.305000e+02 3.246000e+02
2.307500e+02 3.249000e+02
2.310000e+02 3.252000e+02
2.312500e+02 3.252000e+02
2.315000e+02 3.252000e+02
2.320000e+02 3.249000e+02
2.325000e+02 3.246000e+02
2.330000e+02 3.243000e+02
2.335000e+02 3.240000e+02
2.342500e+02 3.234000e+02
2.350000e+02 3.228000e+02
2.360000e+02 3.216000e+02
2.370000e+02 3.204000e+02
2.382500e+02 3.189000e+02
2.395000e+02 3.174000e+02
2.415000e+02 3.156000e+02
2.435000e+02 3.138000e+02
2.452500e+02 3.117000e+02
2.470000e+02 3.096000e+02
2.490000e+02 3.072000e+02
2.510000e+02 3.048000e+02
2.532500e+02 3.024000e+02
2.555000e+02 3.000000e+02
2.580000e+02 2.973000e+02
2.605000e+02 2.946000e+02
2.635000e+02 2.913000e+02
2.665000e+02 2.880000e+02
2.710000e+02 2.829000e+02
2.755000e+02 2.778000e+02
2.790000e+02 2.745000e+02
2.825000e+02 2.712000e+02
2.860000e+02 2.676000e+02
2.895000e+02 2.640000e+02
2.915000e+02 2.622000e+02
2.935000e+02 2.604000e+02
2.972500e+02 2.565000e+02
3.010000e+02 2.526000e+02
3.070000e+02 2.472000e+02
3.130000e+02 2.418000e+02
3.170000e+02 2.382000e+02
3.210000e+02 2.346000e+02
3.252500e+02 2.310000e+02
3.295000e+02 2.274000e+02
3.337500e+02 2.241000e+02
3.380000e+02 2.208000e+02
3.425000e+02 2.172000e+02
3.470000e+02 2.136000e+02
3.535000e+02 2.094000e+02
3.600000e+02 2.052000e+02
3.625000e+02 2.034000e+02
3.650000e+02 2.016000e+02
3.700000e+02 1.992000e+02
3.750000e+02 1.968000e+02
3.805000e+02 1.941000e+02
3.860000e+02 1.914000e+02
3.917500e+02 1.890000e+02
3.975000e+02 1.866000e+02
4.027500e+02 1.845000e+02
4.080000e+02 1.824000e+02
4.132500e+02 1.806000e+02
4.185000e+02 1.788000e+02
4.232500e+02 1.773000e+02
4.280000e+02 1.758000e+02
4.327500e+02 1.746000e+02
4.375000e+02 1.734000e+02
4.422500e+02 1.722000e+02
4.470000e+02 1.710000e+02
4.530000e+02 1.701000e+02
4.590000e+02 1.692000e+02
4.625000e+02 1.689000e+02
4.660000e+02 1.686000e+02
4.687500e+02 1.683000e+02
4.715000e+02 1.680000e+02
4.745000e+02 1.680000e+02
4.775000e+02 1.680000e+02
4.792500e+02 1.680000e+02
4.810000e+02 1.680000e+02
4.825000e+02 1.683000e+02
4.840000e+02 1.686000e+02
4.850000e+02 1.686000e+02
4.860000e+02 1.686000e+02
4.865000e+02 1.686000e+02
4.870000e+02 1.686000e+02
4.875000e+02 1.686000e+02
4.880000e+02 1.686000e+02
4.882500e+02 1.689000e+02
4.885000e+02 1.692000e+02
4.885000e+02 1.692000e+02
4.885000e+02 1.692000e+02
4.887500e+02 1.692000e+02
4.890000e+02 1.692000e+02
4.890000e+02 1.692000e+02
4.890000e+02 1.692000e+02
4.890000e+02 1.692000e+02
4.890000e+02 1.692000e+02
4.890000e+02 1.692000e+02
4.890000e+02 1.692000e+02
1.645000e+02 2.310000e+02
1.645000e+02 2.310000e+02
1.645000e+02 2.310000e+02
1.645000e+02 2.310000e+02
1.645000e+02 2.310000e+02
1.646250e+02 2.311500e+02
1.647500e+02 2.313000e+02
1.648750e+02 2.314500e+02
1.650000e+02 2.316000e+02
1.651250e+02 2.317500e+02
1.652500e+02 2.319000e+02
1.653750e+02 2.320500e+02
1.655000e+02 2.322000e+02
1.657500e+02 2.325000e+02
1.660000e+02 2.328000e+02
1.662500e+02 2.331000e+02
1.665000e+02 2.334000e+02
1.668750e+02 2.341500e+02
1.672500e+02 2.349000e+02
1.676250e+02 2.356500e+02
1.680000e+02 2.364000e+02
1.686250e+02 2.371500e+02
1.692500e+02 2.379000e+02
1.698750e+02 2.386500e+02
1.705000e+02 2.394000e+02
1.711250e+02 2.403000e+02
1.717500e+02 2.412000e+02
1.723750e+02 2.421000e+02
1.730000e+02 2.430000e+02
1.738750e+02 2.443500e+02
1.747500e+02 2.457000e+02
1.756250e+02 2.470500e+02
1.765000e+02 2.484000e+02
1.775000e+02 2.499000e+02
1.785000e+02 2.514000e+02
1.795000e+02 2.529000e+02
1.805000e+02 2.544000e+02
1.815000e+02 2.559000e+02
1.825000e+02 2.574000e+02
1.835000e+02 2.589000e+02
1.845000e+02 2.604000e+02
1.852500e+02 2.614500e+02
1.860000e+02 2.625000e+02
1.867500e+02 2.635500e+02
1.875000e+02 2.646000e+02
1.887500e+02 2.664000e+02
1.900000e+02 2.682000e+02
1.912500e+02 2.700000e+02
1.925000e+02 2.718000e+02
1.937500e+02 2.734500e+02
1.950000e+02 2.751000e+02
1.962500e+02 2.767500e+02
1.975000e+02 2.784000e+02
1.982500e+02 2.796000e+02
1.990000e+02 2.808000e+02
1.997500e+02 2.820000e+02
2.005000e+02 2.832000e+02
2.017500e+02 2.850000e+02
2.030000e+02 2.868000e+02
2.042500e+02 2.886000e+02
2.055000e+02 2.904000e+02
2.066250e+02 2.920500e+02
2.077500e+02 2.937000e+02
2.088750e+02 2.953500e+02
2.100000e+02 2.970000e+02
2.106250e+02 2.980500e+02
2.112500e+02 2.991000e+02
2.118750e+02 3.001500e+02
2.125000e+02 3.012000e+02
2.131250e+02 3.019500e+02
2.137500e+02 3.027000e+02
2.143750e+02 3.034500e+02
2.150000e+02 3.042000e+02
2.156250e+02 3.052500e+02
2.162500e+02 3.063000e+02
2.168750e+02 3.073500e+02
2.175000e+02 3.084000e+02
2.181250e+02 3.091500e+02
2.187500e+02 3.099000e+02
2.193750e+02 3.106500e+02
2.200000e+02 3.114000e+02
2.203750e+02 3.121500e+02
2.207500e+02 3.129000e+02
2.211250e+02 3.136500e+02
2.215000e+02 3.144000e+02
2.220000e+02 3.150000e+02
2.225000e+02 3.156000e+02
2.235000e+02 3.168000e+02
2.242500e+02 3.177000e+02
2.250000e+02 3.186000e+02
2.255000e+02 3.192000e+02
2.260000e+02 3.198000e+02
2.265000e+02 3.207000e+02
2.270000e+02 3.216000e+02
2.275000e+02 3.222000e+02
2.280000e+02 3.228000e+02
2.285000e+02 3.231000e+02
2.290000e+02 3.234000e+02
2.290000e+02 3.237000e+02
2.290000e+02 3.240000e+02
2.295000e+02 3.243000e+02
2.300000e+02 3.246000e+02
2.302500e+02 3.246000e+02
2.305000e+02 3.246000e+02
2.307500e+02 3.249000e+02
2.310000e+02 3.252000e+02
2.312500e+02 3.252000e+02
2.315000e+02 3.252000e+02
2.320000e+02 3.249000e+02
2.325000e+02 3.246000e+02
2.330000e+02 3.243000e+02
2.335000e+02 3.240000e+02
2.342500e+02 3.234000e+02
2.350000e+02 3.228000e+02
2.360000e+02 3.216000e+02
2.370000e+02 3.204000e+02
2.382500e+02 3.189000e+02
2.395000e+02 3.174000e+02
2.415000e+02 3.156000e+02
2.435000e+02 3.138000e+02
2.452500e+02 3.117000e+02
2.470000e+02 3.096000e+02
2.490000e+02 3.072000e+02
2.510000e+02 3.048000e+02
2.532500e+02 3.024000e+02
2.555000e+02 3.000000e+02
2.580000e+02 2.973000e+02
2.605000e+02 2.946000e+02
2.635000e+02 2.913000e+02
2.665000e+02 2.880000e+02
2.710000e+02 2.829000e+02
2.755000e+02 2.778000e+02
2.790000e+02 2.745000e+02
2.825000e+02 2.712000e+02
2.860000e+02 2.676000e+02
2.895000e+02 2.640000e+02
2.915000e+02 2.622000e+02
2.935000e+02 2.604000e+02
2.972500e+02 2.565000e+02
3.010000e+02 2.526000e+02
3.070000e+02 2.472000e+02
3.130000e+02 2.418000e+02
3.170000e+02 2.382000e+02
3.210000e+02 2.346000e+02
3.252500e+02 2.310000e+02
3.295000e+02 2.274000e+02
3.337500e+02 2.241000e+02
3.380000e+02 2.208000e+02
3.425000e+02 2.172000e+02
3.470000e+02 2.136000e+02
3.535000e+02 2.094000e+02
3.600000e+02 2.052000e+02
3.625000e+02 2.034000e+02
3.650000e+02 2.016000e+02
3.700000e+02 1.992000e+02
3.750000e+02 1.968000e+02
3.805000e+02 1.941000e+02
3.860000e+02 1.914000e+02
3.917500e+02 1.890000e+02
3.975000e+02 1.866000e+02
4.027500e+02 1.845000e+02
4.080000e+02 1.824000e+02
4.132500e+02 1.806000e+02
4.185000e+02 1.788000e+02
4.232500e+02 1.773000e+02
4.280000e+02 1.758000e+02
4.327500e+02 1.746000e+02
4.375000e+02 1.734000e+02
4.422500e+02 1.722000e+02
4.470000e+02 1.710000e+02
4.530000e+02 1.701000e+02
4.590000e+02 1.692000e+02
4.625000e+02 1.689000e+02
4.660000e+02 1.686000e+02
4.687500e+02 1.683000e+02
4.715000e+02 1.680000e+02
4.745000e+02 1.680000e+02
4.775000e+02 1.680000e+02
4.792500e+02 1.680000e+02
4.810000e+02 1.680000e+02
4.825000e+02 1.683000e+02
4.840000e+02 1.686000e+02
4.850000e+02 1.686000e+02
4.860000e+02 1.686000e+02
4.865000e+02 1.686000e+02
4.870000e+02 1.686000e+02
4.875000e+02 1.686000e+02
4.880000e+02 1.686000e+02
4.882500e+02 1.689000e+02
4.885000e+02 1.692000e+02
4.885000e+02 1.692000e+02
4.885000e+02 1.692000e+02
4.887500e+02 1.692000e+02
4.890000e+02 1.692000e+02
4.890000e+02 1.692000e+02
4.890000e+02 1.692000e+02
4.890000e+02 1.692000e+02
4.890000e+02 1.692000e+02
4.890000e+02 1.692000e+02
4.890000e+02 1.692000e+02
