2.840000e+02 1.500000e+02
2.840000e+02 1.500000e+02
2.840000e+02 1.500000e+02
2.825000e+02 1.512000e+02
2.810000e+02 1.524000e+02
2.800000e+02 1.530000e+02
2.790000e+02 1.536000e+02
2.770000e+02 1.551000e+02
2.750000e+02 1.566000e+02
2.722500e+02 1.590000e+02
2.695000e+02 1.614000e+02
2.682500e+02 1.626000e+02
2.670000e+02 1.638000e+02
2.620000e+02 1.680000e+02
2.560000e+02 1.728000e+02
2.535000e+02 1.752000e+02
2.475000e+02 1.800000e+02
2.445000e+02 1.824000e+02
2.360000e+02 1.902000e+02
2.305000e+02 1.956000e+02
2.260000e+02 2.004000e+02
2.215000e+02 2.064000e+02
2.195000e+02 2.088000e+02
2.160000e+02 2.130000e+02
2.135000e+02 2.178000e+02
2.120000e+02 2.202000e+02
2.100000e+02 2.244000e+02
2.080000e+02 2.286000e+02
2.070000e+02 2.310000e+02
2.060000e+02 2.358000e+02
2.045000e+02 2.394000e+02
2.030000e+02 2.448000e+02
2.015000e+02 2.478000e+02
2.015000e+02 2.496000e+02
2.005000e+02 2.538000e+02
2.005000e+02 2.556000e+02
2.000000e+02 2.586000e+02
1.995000e+02 2.610000e+02
1.995000e+02 2.628000e+02
1.995000e+02 2.658000e+02
2.000000e+02 2.688000e+02
2.000000e+02 2.706000e+02
2.005000e+02 2.736000e+02
2.010000e+02 2.760000e+02
2.010000e+02 2.772000e+02
2.015000e+02 2.790000e+02
2.020000e+02 2.820000e+02
2.020000e+02 2.838000e+02
2.030000e+02 2.862000e+02
2.035000e+02 2.892000e+02
2.040000e+02 2.904000e+02
2.045000e+02 2.922000e+02
2.055000e+02 2.940000e+02
2.055000e+02 2.952000e+02
2.065000e+02 2.976000e+02
2.075000e+02 3.000000e+02
2.080000e+02 3.012000e+02
2.095000e+02 3.042000e+02
2.100000e+02 3.048000e+02
2.120000e+02 3.072000e+02
2.130000e+02 3.078000e+02
2.150000e+02 3.096000e+02
2.165000e+02 3.114000e+02
2.180000e+02 3.120000e+02
2.200000e+02 3.144000e+02
2.225000e+02 3.174000e+02
2.240000e+02 3.180000e+02
2.265000e+02 3.204000e+02
2.290000e+02 3.222000e+02
2.305000e+02 3.234000e+02
2.330000e+02 3.252000e+02
2.360000e+02 3.270000e+02
2.375000e+02 3.282000e+02
2.410000e+02 3.306000e+02
2.440000e+02 3.330000e+02
2.460000e+02 3.342000e+02
2.495000e+02 3.360000e+02
2.530000e+02 3.378000e+02
2.545000e+02 3.384000e+02
2.585000e+02 3.396000e+02
2.625000e+02 3.408000e+02
2.645000e+02 3.414000e+02
2.685000e+02 3.420000e+02
2.725000e+02 3.426000e+02
2.745000e+02 3.432000e+02
2.780000e+02 3.432000e+02
2.820000e+02 3.438000e+02
2.840000e+02 3.438000e+02
2.880000e+02 3.438000e+02
2.915000e+02 3.438000e+02
2.930000e+02 3.438000e+02
2.965000e+02 3.432000e+02
3.000000e+02 3.426000e+02
3.015000e+02 3.426000e+02
3.045000e+02 3.420000e+02
3.075000e+02 3.420000e+02
3.090000e+02 3.414000e+02
3.120000e+02 3.414000e+02
3.150000e+02 3.408000e+02
3.165000e+02 3.402000e+02
3.190000e+02 3.396000e+02
3.220000e+02 3.390000e+02
3.235000e+02 3.384000e+02
3.260000e+02 3.378000e+02
3.285000e+02 3.372000e+02
3.300000e+02 3.360000e+02
3.330000e+02 3.354000e+02
3.360000e+02 3.336000e+02
3.375000e+02 3.330000e+02
3.405000e+02 3.312000e+02
3.435000e+02 3.294000e+02
3.455000e+02 3.288000e+02
3.490000e+02 3.276000e+02
3.520000e+02 3.264000e+02
3.540000e+02 3.252000e+02
3.575000e+02 3.234000e+02
3.610000e+02 3.210000e+02
3.625000e+02 3.198000e+02
3.660000e+02 3.168000e+02
3.690000e+02 3.138000e+02
3.705000e+02 3.126000e+02
3.735000e+02 3.102000e+02
3.750000e+02 3.084000e+02
3.775000e+02 3.054000e+02
3.795000e+02 3.018000e+02
3.815000e+02 2.988000e+02
3.845000e+02 2.928000e+02
3.850000e+02 2.910000e+02
3.865000e+02 2.868000e+02
3.880000e+02 2.832000e+02
3.890000e+02 2.790000e+02
3.895000e+02 2.772000e+02
3.905000e+02 2.736000e+02
3.910000e+02 2.718000e+02
3.915000e+02 2.682000e+02
3.920000e+02 2.640000e+02
3.925000e+02 2.622000e+02
3.925000e+02 2.580000e+02
3.925000e+02 2.544000e+02
3.920000e+02 2.526000e+02
3.915000e+02 2.484000e+02
3.915000e+02 2.460000e+02
3.905000e+02 2.418000e+02
3.890000e+02 2.382000e+02
3.880000e+02 2.334000e+02
3.870000e+02 2.310000e+02
3.860000e+02 2.268000e+02
3.855000e+02 2.244000e+02
3.840000e+02 2.202000e+02
3.830000e+02 2.154000e+02
3.820000e+02 2.130000e+02
3.805000e+02 2.094000e+02
3.790000e+02 2.058000e+02
3.770000e+02 2.016000e+02
3.760000e+02 1.992000e+02
3.745000e+02 1.956000e+02
3.725000e+02 1.926000e+02
3.715000e+02 1.914000e+02
3.695000e+02 1.884000e+02
3.670000e+02 1.854000e+02
3.660000e+02 1.836000e+02
3.640000e+02 1.800000e+02
3.615000e+02 1.776000e+02
3.605000e+02 1.764000e+02
3.585000e+02 1.740000e+02
3.560000e+02 1.722000e+02
3.550000e+02 1.710000e+02
3.525000e+02 1.692000e+02
3.515000e+02 1.680000e+02
3.490000e+02 1.656000e+02
3.465000e+02 1.632000e+02
3.445000e+02 1.614000e+02
3.430000e+02 1.608000e+02
3.405000e+02 1.590000e+02
3.380000e+02 1.578000e+02
3.365000e+02 1.572000e+02
3.340000e+02 1.560000e+02
3.315000e+02 1.548000e+02
3.300000e+02 1.542000e+02
3.265000e+02 1.530000e+02
3.235000e+02 1.518000e+02
3.220000e+02 1.512000e+02
3.185000e+02 1.500000e+02
3.150000e+02 1.488000e+02
3.130000e+02 1.482000e+02
3.095000e+02 1.476000e+02
3.055000e+02 1.464000e+02
3.035000e+02 1.464000e+02
3.000000e+02 1.458000e+02
2.965000e+02 1.458000e+02
2.945000e+02 1.458000e+02
2.910000e+02 1.458000e+02
2.870000e+02 1.458000e+02
2.855000e+02 1.464000e+02
2.820000e+02 1.470000e+02
2.785000e+02 1.482000e+02
2.750000e+02 1.494000e+02
2.740000e+02 1.500000e+02
2.705000e+02 1.512000e+02
2.705000e+02 1.512000e+02
