2.300000e+02 3.864000e+02
2.300000e+02 3.864000e+02
2.300000e+02 3.864000e+02
2.302500e+02 3.849000e+02
2.305000e+02 3.834000e+02
2.310000e+02 3.807000e+02
2.315000e+02 3.780000e+02
2.317500e+02 3.759000e+02
2.320000e+02 3.738000e+02
2.327500e+02 3.696000e+02
2.335000e+02 3.654000e+02
2.345000e+02 3.600000e+02
2.355000e+02 3.546000e+02
2.360000e+02 3.513000e+02
2.365000e+02 3.480000e+02
2.377500e+02 3.411000e+02
2.390000e+02 3.342000e+02
2.402500e+02 3.270000e+02
2.415000e+02 3.198000e+02
2.420000e+02 3.162000e+02
2.425000e+02 3.126000e+02
2.437500e+02 3.051000e+02
2.450000e+02 2.976000e+02
2.465000e+02 2.898000e+02
2.480000e+02 2.820000e+02
2.487500e+02 2.778000e+02
2.495000e+02 2.736000e+02
2.510000e+02 2.652000e+02
2.525000e+02 2.568000e+02
2.542500e+02 2.478000e+02
2.560000e+02 2.388000e+02
2.567500e+02 2.346000e+02
2.575000e+02 2.304000e+02
2.592500e+02 2.217000e+02
2.610000e+02 2.130000e+02
2.625000e+02 2.049000e+02
2.640000e+02 1.968000e+02
2.650000e+02 1.932000e+02
2.660000e+02 1.896000e+02
2.672500e+02 1.827000e+02
2.685000e+02 1.758000e+02
2.702500e+02 1.689000e+02
2.720000e+02 1.620000e+02
2.730000e+02 1.593000e+02
2.740000e+02 1.566000e+02
2.752500e+02 1.512000e+02
2.765000e+02 1.458000e+02
2.777500e+02 1.419000e+02
2.790000e+02 1.380000e+02
2.795000e+02 1.362000e+02
2.800000e+02 1.344000e+02
2.807500e+02 1.311000e+02
2.815000e+02 1.278000e+02
2.825000e+02 1.254000e+02
2.835000e+02 1.230000e+02
2.840000e+02 1.215000e+02
2.845000e+02 1.200000e+02
2.852500e+02 1.188000e+02
2.860000e+02 1.176000e+02
2.875000e+02 1.170000e+02
2.890000e+02 1.182000e+02
2.910000e+02 1.212000e+02
2.930000e+02 1.248000e+02
2.945000e+02 1.278000e+02
2.975000e+02 1.338000e+02
3.010000e+02 1.428000e+02
3.025000e+02 1.476000e+02
3.065000e+02 1.590000e+02
3.105000e+02 1.722000e+02
3.125000e+02 1.788000e+02
3.170000e+02 1.932000e+02
3.190000e+02 2.004000e+02
3.240000e+02 2.148000e+02
3.290000e+02 2.286000e+02
3.340000e+02 2.418000e+02
3.360000e+02 2.484000e+02
3.400000e+02 2.616000e+02
3.435000e+02 2.742000e+02
3.455000e+02 2.808000e+02
3.495000e+02 2.928000e+02
3.530000e+02 3.036000e+02
3.565000e+02 3.138000e+02
3.600000e+02 3.228000e+02
3.630000e+02 3.306000e+02
3.660000e+02 3.378000e+02
3.670000e+02 3.414000e+02
3.690000e+02 3.462000e+02
3.700000e+02 3.480000e+02
3.715000e+02 3.510000e+02
3.725000e+02 3.534000e+02
3.730000e+02 3.546000e+02
3.730000e+02 3.552000e+02
3.730000e+02 3.558000e+02
3.725000e+02 3.552000e+02
3.710000e+02 3.546000e+02
3.700000e+02 3.534000e+02
3.690000e+02 3.522000e+02
3.635000e+02 3.462000e+02
3.610000e+02 3.444000e+02
3.585000e+02 3.420000e+02
3.520000e+02 3.360000e+02
3.485000e+02 3.330000e+02
3.395000e+02 3.264000e+02
3.290000e+02 3.198000e+02
3.235000e+02 3.162000e+02
3.170000e+02 3.126000e+02
3.025000e+02 3.060000e+02
2.945000e+02 3.024000e+02
2.775000e+02 2.964000e+02
2.580000e+02 2.898000e+02
2.485000e+02 2.868000e+02
2.290000e+02 2.826000e+02
2.090000e+02 2.790000e+02
1.990000e+02 2.772000e+02
1.795000e+02 2.742000e+02
1.700000e+02 2.730000e+02
1.535000e+02 2.706000e+02
1.385000e+02 2.688000e+02
1.315000e+02 2.682000e+02
1.145000e+02 2.664000e+02
1.065000e+02 2.652000e+02
1.000000e+02 2.640000e+02
9.750000e+01 2.640000e+02
9.550000e+01 2.634000e+02
9.200000e+01 2.628000e+02
9.100000e+01 2.616000e+02
9.150000e+01 2.604000e+02
9.350000e+01 2.586000e+02
9.800000e+01 2.562000e+02
1.010000e+02 2.544000e+02
1.090000e+02 2.514000e+02
1.205000e+02 2.484000e+02
1.275000e+02 2.466000e+02
1.435000e+02 2.424000e+02
1.615000e+02 2.376000e+02
1.710000e+02 2.358000e+02
1.915000e+02 2.310000e+02
2.025000e+02 2.280000e+02
2.260000e+02 2.226000e+02
2.495000e+02 2.172000e+02
2.730000e+02 2.106000e+02
2.970000e+02 2.058000e+02
3.205000e+02 2.010000e+02
3.320000e+02 1.986000e+02
3.560000e+02 1.932000e+02
3.670000e+02 1.914000e+02
3.875000e+02 1.878000e+02
4.055000e+02 1.848000e+02
4.135000e+02 1.830000e+02
4.285000e+02 1.800000e+02
4.410000e+02 1.776000e+02
4.465000e+02 1.764000e+02
4.550000e+02 1.752000e+02
4.610000e+02 1.740000e+02
4.635000e+02 1.740000e+02
4.670000e+02 1.734000e+02
4.690000e+02 1.728000e+02
4.690000e+02 1.728000e+02
4.680000e+02 1.728000e+02
4.665000e+02 1.728000e+02
4.625000e+02 1.734000e+02
4.565000e+02 1.752000e+02
4.480000e+02 1.788000e+02
4.430000e+02 1.806000e+02
4.375000e+02 1.824000e+02
4.245000e+02 1.872000e+02
4.180000e+02 1.902000e+02
4.030000e+02 1.968000e+02
3.860000e+02 2.052000e+02
3.780000e+02 2.088000e+02
3.600000e+02 2.184000e+02
3.420000e+02 2.286000e+02
3.330000e+02 2.340000e+02
3.155000e+02 2.442000e+02
2.965000e+02 2.556000e+02
2.790000e+02 2.664000e+02
2.710000e+02 2.718000e+02
2.550000e+02 2.820000e+02
2.395000e+02 2.928000e+02
2.320000e+02 2.970000e+02
2.165000e+02 3.072000e+02
2.025000e+02 3.162000e+02
1.960000e+02 3.198000e+02
1.840000e+02 3.276000e+02
1.740000e+02 3.342000e+02
1.690000e+02 3.372000e+02
1.610000e+02 3.426000e+02
1.540000e+02 3.468000e+02
1.510000e+02 3.486000e+02
1.465000e+02 3.510000e+02
1.425000e+02 3.528000e+02
1.410000e+02 3.534000e+02
1.390000e+02 3.540000e+02
1.380000e+02 3.546000e+02
1.375000e+02 3.546000e+02
1.380000e+02 3.546000e+02
1.395000e+02 3.546000e+02
1.410000e+02 3.540000e+02
1.420000e+02 3.540000e+02
1.420000e+02 3.540000e+02
2.300000e+02 3.864000e+02
2.300000e+02 3.864000e+02
2.300000e+02 3.864000e+02
2.302500e+02 3.849000e+02
2.305000e+02 3.834000e+02
2.310000e+02 3.807000e+02
2.315000e+02 3.780000e+02
2.317500e+02 3.759000e+02
2.320000e+02 3.738000e+02
2.327500e+02 3.696000e+02
2.335000e+02 3.654000e+02
2.345000e+02 3.600000e+02
2.355000e+02 3.546000e+02
2.360000e+02 3.513000e+02
2.365000e+02 3.480000e+02
2.377500e+02 3.411000e+02
2.390000e+02 3.342000e+02
2.402500e+02 3.270000e+02
2.415000e+02 3.198000e+02
2.420000e+02 3.162000e+02
2.425000e+02 3.126000e+02
2.437500e+02 3.051000e+02
2.450000e+02 2.976000e+02
2.465000e+02 2.898000e+02
2.480000e+02 2.820000e+02
2.487500e+02 2.778000e+02
2.495000e+02 2.736000e+02
2.510000e+02 2.652000e+02
2.525000e+02 2.568000e+02
2.542500e+02 2.478000e+02
2.560000e+02 2.388000e+02
2.567500e+02 2.346000e+02
2.575000e+02 2.304000e+02
2.592500e+02 2.217000e+02
2.610000e+02 2.130000e+02
2.625000e+02 2.049000e+02
2.640000e+02 1.968000e+02
2.650000e+02 1.932000e+02
2.660000e+02 1.896000e+02
2.672500e+02 1.827000e+02
2.685000e+02 1.758000e+02
2.702500e+02 1.689000e+02
2.720000e+02 1.620000e+02
2.730000e+02 1.593000e+02
2.740000e+02 1.566000e+02
2.752500e+02 1.512000e+02
2.765000e+02 1.458000e+02
2.777500e+02 1.419000e+02
2.790000e+02 1.380000e+02
2.795000e+02 1.362000e+02
2.800000e+02 1.344000e+02
2.807500e+02 1.311000e+02
2.815000e+02 1.278000e+02
2.825000e+02 1.254000e+02
2.835000e+02 1.230000e+02
2.840000e+02 1.215000e+02
2.845000e+02 1.200000e+02
2.852500e+02 1.188000e+02
2.860000e+02 1.176000e+02
2.875000e+02 1.170000e+02
2.890000e+02 1.182000e+02
2.910000e+02 1.212000e+02
2.930000e+02 1.248000e+02
2.945000e+02 1.278000e+02
2.975000e+02 1.338000e+02
3.010000e+02 1.428000e+02
3.025000e+02 1.476000e+02
3.065000e+02 1.590000e+02
3.105000e+02 1.722000e+02
3.125000e+02 1.788000e+02
3.170000e+02 1.932000e+02
3.190000e+02 2.004000e+02
3.240000e+02 2.148000e+02
3.290000e+02 2.286000e+02
3.340000e+02 2.418000e+02
3.360000e+02 2.484000e+02
3.400000e+02 2.616000e+02
3.435000e+02 2.742000e+02
3.455000e+02 2.808000e+02
3.495000e+02 2.928000e+02
3.530000e+02 3.036000e+02
3.565000e+02 3.138000e+02
3.600000e+02 3.228000e+02
3.630000e+02 3.306000e+02
3.660000e+02 3.378000e+02
3.670000e+02 3.414000e+02
3.690000e+02 3.462000e+02
3.700000e+02 3.480000e+02
3.715000e+02 3.510000e+02
3.725000e+02 3.534000e+02
3.730000e+02 3.546000e+02
3.730000e+02 3.552000e+02
3.730000e+02 3.558000e+02
3.725000e+02 3.552000e+02
3.710000e+02 3.546000e+02
3.700000e+02 3.534000e+02
3.690000e+02 3.522000e+02
3.635000e+02 3.462000e+02
3.610000e+02 3.444000e+02
3.585000e+02 3.420000e+02
3.520000e+02 3.360000e+02
3.485000e+02 3.330000e+02
3.395000e+02 3.264000e+02
3.290000e+02 3.198000e+02
3.235000e+02 3.162000e+02
3.170000e+02 3.126000e+02
3.025000e+02 3.060000e+02
2.945000e+02 3.024000e+02
2.775000e+02 2.964000e+02
2.580000e+02 2.898000e+02
2.485000e+02 2.868000e+02
2.290000e+02 2.826000e+02
2.090000e+02 2.790000e+02
1.990000e+02 2.772000e+02
1.795000e+02 2.742000e+02
1.700000e+02 2.730000e+02
1.535000e+02 2.706000e+02
1.385000e+02 2.688000e+02
1.315000e+02 2.682000e+02
1.145000e+02 2.664000e+02
1.065000e+02 2.652000e+02
1.000000e+02 2.640000e+02
9.750000e+01 2.640000e+02
9.550000e+01 2.634000e+02
9.200000e+01 2.628000e+02
9.100000e+01 2.616000e+02
9.150000e+01 2.604000e+02
9.350000e+01 2.586000e+02
9.800000e+01 2.562000e+02
1.010000e+02 2.544000e+02
1.090000e+02 2.514000e+02
1.205000e+02 2.484000e+02
1.275000e+02 2.466000e+02
1.435000e+02 2.424000e+02
1.615000e+02 2.376000e+02
1.710000e+02 2.358000e+02
1.915000e+02 2.310000e+02
2.025000e+02 2.280000e+02
2.260000e+02 2.226000e+02
2.495000e+02 2.172000e+02
2.730000e+02 2.106000e+02
2.970000e+02 2.058000e+02
3.205000e+02 2.010000e+02
3.320000e+02 1.986000e+02
3.560000e+02 1.932000e+02
3.670000e+02 1.914000e+02
3.875000e+02 1.878000e+02
4.055000e+02 1.848000e+02
4.135000e+02 1.830000e+02
4.285000e+02 1.800000e+02
4.410000e+02 1.776000e+02
4.465000e+02 1.764000e+02
4.550000e+02 1.752000e+02
4.610000e+02 1.740000e+02
4.635000e+02 1.740000e+02
4.670000e+02 1.734000e+02
4.690000e+02 1.728000e+02
4.690000e+02 1.728000e+02
4.680000e+02 1.728000e+02
4.665000e+02 1.728000e+02
4.625000e+02 1.734000e+02
4.565000e+02 1.752000e+02
4.480000e+02 1.788000e+02
4.430000e+02 1.806000e+02
4.375000e+02 1.824000e+02
4.245000e+02 1.872000e+02
4.180000e+02 1.902000e+02
4.030000e+02 1.968000e+02
3.860000e+02 2.052000e+02
3.780000e+02 2.088000e+02
3.600000e+02 2.184000e+02
3.420000e+02 2.286000e+02
3.330000e+02 2.340000e+02
3.155000e+02 2.442000e+02
2.965000e+02 2.556000e+02
2.790000e+02 2.664000e+02
2.710000e+02 2.718000e+02
2.550000e+02 2.820000e+02
2.395000e+02 2.928000e+02
2.320000e+02 2.970000e+02
2.165000e+02 3.072000e+02
2.025000e+02 3.162000e+02
1.960000e+02 3.198000e+02
1.840000e+02 3.276000e+02
1.740000e+02 3.342000e+02
1.690000e+02 3.372000e+02
1.610000e+02 3.426000e+02
1.540000e+02 3.468000e+02
1.510000e+02 3.486000e+02
1.465000e+02 3.510000e+02
1.425000e+02 3.528000e+02
1.410000e+02 3.534000e+02
1.390000e+02 3.540000e+02
1.380000e+02 3.546000e+02
1.375000e+02 3.546000e+02
1.380000e+02 3.546000e+02
1.395000e+02 3.546000e+02
1.410000e+02 3.540000e+02
1.420000e+02 3.540000e+02
1.420000e+02 3.540000e+02
2.300000e+02 3.864000e+02
2.300000e+02 3.864000e+02
2.300000e+02 3.864000e+02
2.302500e+02 3.849000e+02
2.305000e+02 3.834000e+02
2.310000e+02 3.807000e+02
2.315000e+02 3.780000e+02
2.317500e+02 3.759000e+02
2.320000e+02 3.738000e+02
2.327500e+02 3.696000e+02
2.335000e+02 3.654000e+02
2.345000e+02 3.600000e+02
2.355000e+02 3.546000e+02
2.360000e+02 3.513000e+02
2.365000e+02 3.480000e+02
2.377500e+02 3.411000e+02
2.390000e+02 3.342000e+02
2.402500e+02 3.270000e+02
2.415000e+02 3.198000e+02
2.420000e+02 3.162000e+02
2.425000e+02 3.126000e+02
2.437500e+02 3.051000e+02
2.450000e+02 2.976000e+02
2.465000e+02 2.898000e+02
2.480000e+02 2.820000e+02
2.487500e+02 2.778000e+02
2.495000e+02 2.736000e+02
2.510000e+02 2.652000e+02
2.525000e+02 2.568000e+02
2.542500e+02 2.478000e+02
2.560000e+02 2.388000e+02
2.567500e+02 2.346000e+02
2.575000e+02 2.304000e+02
2.592500e+02 2.217000e+02
2.610000e+02 2.130000e+02
2.625000e+02 2.049000e+02
2.640000e+02 1.968000e+02
2.650000e+02 1.932000e+02
2.660000e+02 1.896000e+02
2.672500e+02 1.827000e+02
2.685000e+02 1.758000e+02
2.702500e+02 1.689000e+02
2.720000e+02 1.620000e+02
2.730000e+02 1.593000e+02
2.740000e+02 1.566000e+02
2.752500e+02 1.512000e+02
2.765000e+02 1.458000e+02
2.777500e+02 1.419000e+02
2.790000e+02 1.380000e+02
2.795000e+02 1.362000e+02
2.800000e+02 1.344000e+02
2.807500e+02 1.311000e+02
2.815000e+02 1.278000e+02
2.825000e+02 1.254000e+02
2.835000e+02 1.230000e+02
2.840000e+02 1.215000e+02
2.845000e+02 1.200000e+02
2.852500e+02 1.188000e+02
2.860000e+02 1.176000e+02
2.875000e+02 1.170000e+02
2.890000e+02 1.182000e+02
2.910000e+02 1.212000e+02
2.930000e+02 1.248000e+02
2.945000e+02 1.278000e+02
2.975000e+02 1.338000e+02
3.010000e+02 1.428000e+02
3.025000e+02 1.476000e+02
3.065000e+02 1.590000e+02
3.105000e+02 1.722000e+02
3.125000e+02 1.788000e+02
3.170000e+02 1.932000e+02
3.190000e+02 2.004000e+02
3.240000e+02 2.148000e+02
3.290000e+02 2.286000e+02
3.340000e+02 2.418000e+02
3.360000e+02 2.484000e+02
3.400000e+02 2.616000e+02
3.435000e+02 2.742000e+02
3.455000e+02 2.808000e+02
3.495000e+02 2.928000e+02
3.530000e+02 3.036000e+02
3.565000e+02 3.138000e+02
3.600000e+02 3.228000e+02
3.630000e+02 3.306000e+02
3.660000e+02 3.378000e+02
3.670000e+02 3.414000e+02
3.690000e+02 3.462000e+02
3.700000e+02 3.480000e+02
3.715000e+02 3.510000e+02
3.725000e+02 3.534000e+02
3.730000e+02 3.546000e+02
3.730000e+02 3.552000e+02
3.730000e+02 3.558000e+02
3.725000e+02 3.552000e+02
3.710000e+02 3.546000e+02
3.700000e+02 3.534000e+02
3.690000e+02 3.522000e+02
3.635000e+02 3.462000e+02
3.610000e+02 3.444000e+02
3.585000e+02 3.420000e+02
3.520000e+02 3.360000e+02
3.485000e+02 3.330000e+02
3.395000e+02 3.264000e+02
3.290000e+02 3.198000e+02
3.235000e+02 3.162000e+02
3.170000e+02 3.126000e+02
3.025000e+02 3.060000e+02
2.945000e+02 3.024000e+02
2.775000e+02 2.964000e+02
2.580000e+02 2.898000e+02
2.485000e+02 2.868000e+02
2.290000e+02 2.826000e+02
2.090000e+02 2.790000e+02
1.990000e+02 2.772000e+02
1.795000e+02 2.742000e+02
1.700000e+02 2.730000e+02
1.535000e+02 2.706000e+02
1.385000e+02 2.688000e+02
1.315000e+02 2.682000e+02
1.145000e+02 2.664000e+02
1.065000e+02 2.652000e+02
1.000000e+02 2.640000e+02
9.750000e+01 2.640000e+02
9.550000e+01 2.634000e+02
9.200000e+01 2.628000e+02
9.100000e+01 2.616000e+02
9.150000e+01 2.604000e+02
9.350000e+01 2.586000e+02
9.800000e+01 2.562000e+02
1.010000e+02 2.544000e+02
1.090000e+02 2.514000e+02
1.205000e+02 2.484000e+02
1.275000e+02 2.466000e+02
1.435000e+02 2.424000e+02
1.615000e+02 2.376000e+02
1.710000e+02 2.358000e+02
1.915000e+02 2.310000e+02
2.025000e+02 2.280000e+02
2.260000e+02 2.226000e+02
2.495000e+02 2.172000e+02
2.730000e+02 2.106000e+02
2.970000e+02 2.058000e+02
3.205000e+02 2.010000e+02
3.320000e+02 1.986000e+02
3.560000e+02 1.932000e+02
3.670000e+02 1.914000e+02
3.875000e+02 1.878000e+02
4.055000e+02 1.848000e+02
4.135000e+02 1.830000e+02
4.285000e+02 1.800000e+02
4.410000e+02 1.776000e+02
4.465000e+02 1.764000e+02
4.550000e+02 1.752000e+02
4.610000e+02 1.740000e+02
4.635000e+02 1.740000e+02
4.670000e+02 1.734000e+02
4.690000e+02 1.728000e+02
4.690000e+02 1.728000e+02
4.680000e+02 1.728000e+02
4.665000e+02 1.728000e+02
4.625000e+02 1.734000e+02
4.565000e+02 1.752000e+02
4.480000e+02 1.788000e+02
4.430000e+02 1.806000e+02
4.375000e+02 1.824000e+02
4.245000e+02 1.872000e+02
4.180000e+02 1.902000e+02
4.030000e+02 1.968000e+02
3.860000e+02 2.052000e+02
3.780000e+02 2.088000e+02
3.600000e+02 2.184000e+02
3.420000e+02 2.286000e+02
3.330000e+02 2.340000e+02
3.155000e+02 2.442000e+02
2.965000e+02 2.556000e+02
2.790000e+02 2.664000e+02
2.710000e+02 2.718000e+02
2.550000e+02 2.820000e+02
2.395000e+02 2.928000e+02
2.320000e+02 2.970000e+02
2.165000e+02 3.072000e+02
2.025000e+02 3.162000e+02
1.960000e+02 3.198000e+02
1.840000e+02 3.276000e+02
1.740000e+02 3.342000e+02
1.690000e+02 3.372000e+02
1.610000e+02 3.426000e+02
1.540000e+02 3.468000e+02
1.510000e+02 3.486000e+02
1.465000e+02 3.510000e+02
1.425000e+02 3.528000e+02
1.410000e+02 3.534000e+02
1.390000e+02 3.540000e+02
1.380000e+02 3.546000e+02
1.375000e+02 3.546000e+02
1.380000e+02 3.546000e+02
1.395000e+02 3.546000e+02
1.410000e+02 3.540000e+02
1.420000e+02 3.540000e+02
1.420000e+02 3.540000e+02
