1.995000e+02 1.260000e+02
1.995000e+02 1.260000e+02
1.995000e+02 1.260000e+02
1.995000e+02 1.260000e+02
1.995000e+02 1.260000e+02
1.995000e+02 1.260000e+02
1.995000e+02 1.260000e+02
1.995000e+02 1.263000e+02
1.995000e+02 1.266000e+02
2.000000e+02 1.272000e+02
2.005000e+02 1.278000e+02
2.017500e+02 1.296000e+02
2.030000e+02 1.314000e+02
2.042500e+02 1.332000e+02
2.055000e+02 1.350000e+02
2.072500e+02 1.371000e+02
2.090000e+02 1.392000e+02
2.097500e+02 1.404000e+02
2.105000e+02 1.416000e+02
2.125000e+02 1.443000e+02
2.145000e+02 1.470000e+02
2.167500e+02 1.494000e+02
2.190000e+02 1.518000e+02
2.227500e+02 1.566000e+02
2.265000e+02 1.614000e+02
2.280000e+02 1.629000e+02
2.295000e+02 1.644000e+02
2.340000e+02 1.698000e+02
2.385000e+02 1.752000e+02
2.400000e+02 1.770000e+02
2.415000e+02 1.788000e+02
2.442500e+02 1.821000e+02
2.470000e+02 1.854000e+02
2.505000e+02 1.896000e+02
2.540000e+02 1.938000e+02
2.570000e+02 1.971000e+02
2.600000e+02 2.004000e+02
2.640000e+02 2.052000e+02
2.680000e+02 2.100000e+02
2.710000e+02 2.136000e+02
2.740000e+02 2.172000e+02
2.790000e+02 2.229000e+02
2.840000e+02 2.286000e+02
2.875000e+02 2.331000e+02
2.910000e+02 2.376000e+02
2.940000e+02 2.415000e+02
2.970000e+02 2.454000e+02
3.002500e+02 2.499000e+02
3.035000e+02 2.544000e+02
3.065000e+02 2.577000e+02
3.095000e+02 2.610000e+02
3.125000e+02 2.652000e+02
3.155000e+02 2.694000e+02
3.182500e+02 2.727000e+02
3.210000e+02 2.760000e+02
3.237500e+02 2.802000e+02
3.265000e+02 2.844000e+02
3.287500e+02 2.877000e+02
3.310000e+02 2.910000e+02
3.335000e+02 2.946000e+02
3.360000e+02 2.982000e+02
3.380000e+02 3.009000e+02
3.400000e+02 3.036000e+02
3.422500e+02 3.072000e+02
3.445000e+02 3.108000e+02
3.465000e+02 3.135000e+02
3.485000e+02 3.162000e+02
3.502500e+02 3.189000e+02
3.520000e+02 3.216000e+02
3.530000e+02 3.231000e+02
3.540000e+02 3.246000e+02
3.565000e+02 3.282000e+02
3.590000e+02 3.318000e+02
3.602500e+02 3.336000e+02
3.615000e+02 3.354000e+02
3.625000e+02 3.372000e+02
3.635000e+02 3.390000e+02
3.647500e+02 3.411000e+02
3.660000e+02 3.432000e+02
3.670000e+02 3.447000e+02
3.680000e+02 3.462000e+02
3.687500e+02 3.474000e+02
3.695000e+02 3.486000e+02
3.710000e+02 3.510000e+02
3.720000e+02 3.522000e+02
3.730000e+02 3.534000e+02
3.735000e+02 3.540000e+02
3.740000e+02 3.546000e+02
3.745000e+02 3.552000e+02
3.750000e+02 3.558000e+02
3.750000e+02 3.558000e+02
3.750000e+02 3.564000e+02
3.750000e+02 3.564000e+02
3.750000e+02 3.564000e+02
3.750000e+02 3.570000e+02
3.745000e+02 3.570000e+02
3.740000e+02 3.570000e+02
3.735000e+02 3.570000e+02
3.720000e+02 3.570000e+02
3.690000e+02 3.570000e+02
3.650000e+02 3.576000e+02
3.595000e+02 3.582000e+02
3.525000e+02 3.594000e+02
3.450000e+02 3.606000e+02
3.375000e+02 3.618000e+02
3.310000e+02 3.624000e+02
3.200000e+02 3.642000e+02
3.165000e+02 3.648000e+02
3.080000e+02 3.660000e+02
2.990000e+02 3.678000e+02
2.910000e+02 3.690000e+02
2.825000e+02 3.714000e+02
2.740000e+02 3.738000e+02
2.645000e+02 3.768000e+02
2.560000e+02 3.792000e+02
2.480000e+02 3.816000e+02
2.365000e+02 3.846000e+02
2.290000e+02 3.870000e+02
2.250000e+02 3.882000e+02
2.185000e+02 3.906000e+02
2.125000e+02 3.924000e+02
2.070000e+02 3.942000e+02
2.020000e+02 3.966000e+02
1.970000e+02 3.984000e+02
1.925000e+02 3.996000e+02
1.885000e+02 4.014000e+02
1.850000e+02 4.026000e+02
1.825000e+02 4.038000e+02
1.800000e+02 4.044000e+02
1.785000e+02 4.050000e+02
1.765000e+02 4.056000e+02
1.750000e+02 4.056000e+02
1.745000e+02 4.056000e+02
1.735000e+02 4.050000e+02
1.735000e+02 4.050000e+02
1.730000e+02 4.050000e+02
1.730000e+02 4.044000e+02
1.725000e+02 4.044000e+02
1.725000e+02 4.038000e+02
1.725000e+02 4.038000e+02
1.730000e+02 4.026000e+02
1.735000e+02 4.014000e+02
1.770000e+02 3.960000e+02
1.805000e+02 3.912000e+02
1.840000e+02 3.864000e+02
1.885000e+02 3.804000e+02
1.935000e+02 3.738000e+02
1.995000e+02 3.660000e+02
2.085000e+02 3.552000e+02
2.195000e+02 3.408000e+02
2.270000e+02 3.312000e+02
2.315000e+02 3.258000e+02
2.395000e+02 3.156000e+02
2.475000e+02 3.066000e+02
2.565000e+02 2.970000e+02
2.650000e+02 2.874000e+02
2.740000e+02 2.784000e+02
2.835000e+02 2.688000e+02
2.925000e+02 2.610000e+02
3.020000e+02 2.526000e+02
3.105000e+02 2.454000e+02
3.255000e+02 2.322000e+02
3.305000e+02 2.274000e+02
3.390000e+02 2.196000e+02
3.485000e+02 2.112000e+02
3.570000e+02 2.034000e+02
3.660000e+02 1.950000e+02
3.740000e+02 1.878000e+02
3.865000e+02 1.758000e+02
3.910000e+02 1.722000e+02
3.985000e+02 1.650000e+02
4.060000e+02 1.578000e+02
4.125000e+02 1.518000e+02
4.190000e+02 1.458000e+02
4.245000e+02 1.410000e+02
4.300000e+02 1.368000e+02
4.350000e+02 1.326000e+02
4.420000e+02 1.272000e+02
4.465000e+02 1.242000e+02
4.500000e+02 1.206000e+02
4.545000e+02 1.170000e+02
4.580000e+02 1.140000e+02
4.605000e+02 1.116000e+02
4.635000e+02 1.092000e+02
4.655000e+02 1.068000e+02
4.680000e+02 1.044000e+02
4.705000e+02 1.020000e+02
4.720000e+02 9.960000e+01
4.735000e+02 9.780000e+01
4.750000e+02 9.660000e+01
4.765000e+02 9.540000e+01
4.775000e+02 9.420000e+01
4.780000e+02 9.360000e+01
4.780000e+02 9.300000e+01
4.785000e+02 9.300000e+01
4.790000e+02 9.240000e+01
4.790000e+02 9.240000e+01
4.790000e+02 9.240000e+01
4.790000e+02 9.240000e+01
4.790000e+02 9.240000e+01
1.995000e+02 1.260000e+02
1.995000e+02 1.260000e+02
1.995000e+02 1.260000e+02
1.995000e+02 1.260000e+02
1.995000e+02 1.260000e+02
1.995000e+02 1.260000e+02
1.995000e+02 1.260000e+02
1.995000e+02 1.263000e+02
1.995000e+02 1.266000e+02
2.000000e+02 1.272000e+02
2.005000e+02 1.278000e+02
2.017500e+02 1.296000e+02
2.030000e+02 1.314000e+02
2.042500e+02 1.332000e+02
2.055000e+02 1.350000e+02
2.072500e+02 1.371000e+02
2.090000e+02 1.392000e+02
2.097500e+02 1.404000e+02
2.105000e+02 1.416000e+02
2.125000e+02 1.443000e+02
2.145000e+02 1.470000e+02
2.167500e+02 1.494000e+02
2.190000e+02 1.518000e+02
2.227500e+02 1.566000e+02
2.265000e+02 1.614000e+02
2.280000e+02 1.629000e+02
2.295000e+02 1.644000e+02
2.340000e+02 1.698000e+02
2.385000e+02 1.752000e+02
2.400000e+02 1.770000e+02
2.415000e+02 1.788000e+02
2.442500e+02 1.821000e+02
2.470000e+02 1.854000e+02
2.505000e+02 1.896000e+02
2.540000e+02 1.938000e+02
2.570000e+02 1.971000e+02
2.600000e+02 2.004000e+02
2.640000e+02 2.052000e+02
2.680000e+02 2.100000e+02
2.710000e+02 2.136000e+02
2.740000e+02 2.172000e+02
2.790000e+02 2.229000e+02
2.840000e+02 2.286000e+02
2.875000e+02 2.331000e+02
2.910000e+02 2.376000e+02
2.940000e+02 2.415000e+02
2.970000e+02 2.454000e+02
3.002500e+02 2.499000e+02
3.035000e+02 2.544000e+02
3.065000e+02 2.577000e+02
3.095000e+02 2.610000e+02
3.125000e+02 2.652000e+02
3.155000e+02 2.694000e+02
3.182500e+02 2.727000e+02
3.210000e+02 2.760000e+02
3.237500e+02 2.802000e+02
3.265000e+02 2.844000e+02
3.287500e+02 2.877000e+02
3.310000e+02 2.910000e+02
3.335000e+02 2.946000e+02
3.360000e+02 2.982000e+02
3.380000e+02 3.009000e+02
3.400000e+02 3.036000e+02
3.422500e+02 3.072000e+02
3.445000e+02 3.108000e+02
3.465000e+02 3.135000e+02
3.485000e+02 3.162000e+02
3.502500e+02 3.189000e+02
3.520000e+02 3.216000e+02
3.530000e+02 3.231000e+02
3.540000e+02 3.246000e+02
3.565000e+02 3.282000e+02
3.590000e+02 3.318000e+02
3.602500e+02 3.336000e+02
3.615000e+02 3.354000e+02
3.625000e+02 3.372000e+02
3.635000e+02 3.390000e+02
3.647500e+02 3.411000e+02
3.660000e+02 3.432000e+02
3.670000e+02 3.447000e+02
3.680000e+02 3.462000e+02
3.687500e+02 3.474000e+02
3.695000e+02 3.486000e+02
3.710000e+02 3.510000e+02
3.720000e+02 3.522000e+02
3.730000e+02 3.534000e+02
3.735000e+02 3.540000e+02
3.740000e+02 3.546000e+02
3.745000e+02 3.552000e+02
3.750000e+02 3.558000e+02
3.750000e+02 3.558000e+02
3.750000e+02 3.564000e+02
3.750000e+02 3.564000e+02
3.750000e+02 3.564000e+02
3.750000e+02 3.570000e+02
3.745000e+02 3.570000e+02
3.740000e+02 3.570000e+02
3.735000e+02 3.570000e+02
3.720000e+02 3.570000e+02
3.690000e+02 3.570000e+02
3.650000e+02 3.576000e+02
3.595000e+02 3.582000e+02
3.525000e+02 3.594000e+02
3.450000e+02 3.606000e+02
3.375000e+02 3.618000e+02
3.310000e+02 3.624000e+02
3.200000e+02 3.642000e+02
3.165000e+02 3.648000e+02
3.080000e+02 3.660000e+02
2.990000e+02 3.678000e+02
2.910000e+02 3.690000e+02
2.825000e+02 3.714000e+02
2.740000e+02 3.738000e+02
2.645000e+02 3.768000e+02
2.560000e+02 3.792000e+02
2.480000e+02 3.816000e+02
2.365000e+02 3.846000e+02
2.290000e+02 3.870000e+02
2.250000e+02 3.882000e+02
2.185000e+02 3.906000e+02
2.125000e+02 3.924000e+02
2.070000e+02 3.942000e+02
2.020000e+02 3.966000e+02
1.970000e+02 3.984000e+02
1.925000e+02 3.996000e+02
1.885000e+02 4.014000e+02
1.850000e+02 4.026000e+02
1.825000e+02 4.038000e+02
1.800000e+02 4.044000e+02
1.785000e+02 4.050000e+02
1.765000e+02 4.056000e+02
1.750000e+02 4.056000e+02
1.745000e+02 4.056000e+02
1.735000e+02 4.050000e+02
1.735000e+02 4.050000e+02
1.730000e+02 4.050000e+02
1.730000e+02 4.044000e+02
1.725000e+02 4.044000e+02
1.725000e+02 4.038000e+02
1.725000e+02 4.038000e+02
1.730000e+02 4.026000e+02
1.735000e+02 4.014000e+02
1.770000e+02 3.960000e+02
1.805000e+02 3.912000e+02
1.840000e+02 3.864000e+02
1.885000e+02 3.804000e+02
1.935000e+02 3.738000e+02
1.995000e+02 3.660000e+02
2.085000e+02 3.552000e+02
2.195000e+02 3.408000e+02
2.270000e+02 3.312000e+02
2.315000e+02 3.258000e+02
2.395000e+02 3.156000e+02
2.475000e+02 3.066000e+02
2.565000e+02 2.970000e+02
2.650000e+02 2.874000e+02
2.740000e+02 2.784000e+02
2.835000e+02 2.688000e+02
2.925000e+02 2.610000e+02
3.020000e+02 2.526000e+02
3.105000e+02 2.454000e+02
3.255000e+02 2.322000e+02
3.305000e+02 2.274000e+02
3.390000e+02 2.196000e+02
3.485000e+02 2.112000e+02
3.570000e+02 2.034000e+02
3.660000e+02 1.950000e+02
3.740000e+02 1.878000e+02
3.865000e+02 1.758000e+02
3.910000e+02 1.722000e+02
3.985000e+02 1.650000e+02
4.060000e+02 1.578000e+02
4.125000e+02 1.518000e+02
4.190000e+02 1.458000e+02
4.245000e+02 1.410000e+02
4.300000e+02 1.368000e+02
4.350000e+02 1.326000e+02
4.420000e+02 1.272000e+02
4.465000e+02 1.242000e+02
4.500000e+02 1.206000e+02
4.545000e+02 1.170000e+02
4.580000e+02 1.140000e+02
4.605000e+02 1.116000e+02
4.635000e+02 1.092000e+02
4.655000e+02 1.068000e+02
4.680000e+02 1.044000e+02
4.705000e+02 1.020000e+02
4.720000e+02 9.960000e+01
4.735000e+02 9.780000e+01
4.750000e+02 9.660000e+01
4.765000e+02 9.540000e+01
4.775000e+02 9.420000e+01
4.780000e+02 9.360000e+01
4.780000e+02 9.300000e+01
4.785000e+02 9.300000e+01
4.790000e+02 9.240000e+01
4.790000e+02 9.240000e+01
4.790000e+02 9.240000e+01
4.790000e+02 9.240000e+01
4.790000e+02 9.240000e+01
1.995000e+02 1.260000e+02
1.995000e+02 1.260000e+02
1.995000e+02 1.260000e+02
1.995000e+02 1.260000e+02
1.995000e+02 1.260000e+02
1.995000e+02 1.260000e+02
1.995000e+02 1.260000e+02
1.995000e+02 1.263000e+02
1.995000e+02 1.266000e+02
2.000000e+02 1.272000e+02
2.005000e+02 1.278000e+02
2.017500e+02 1.296000e+02
2.030000e+02 1.314000e+02
2.042500e+02 1.332000e+02
2.055000e+02 1.350000e+02
2.072500e+02 1.371000e+02
2.090000e+02 1.392000e+02
2.097500e+02 1.404000e+02
2.105000e+02 1.416000e+02
2.125000e+02 1.443000e+02
2.145000e+02 1.470000e+02
2.167500e+02 1.494000e+02
2.190000e+02 1.518000e+02
2.227500e+02 1.566000e+02
2.265000e+02 1.614000e+02
2.280000e+02 1.629000e+02
2.295000e+02 1.644000e+02
2.340000e+02 1.698000e+02
2.385000e+02 1.752000e+02
2.400000e+02 1.770000e+02
2.415000e+02 1.788000e+02
2.442500e+02 1.821000e+02
2.470000e+02 1.854000e+02
2.505000e+02 1.896000e+02
2.540000e+02 1.938000e+02
2.570000e+02 1.971000e+02
2.600000e+02 2.004000e+02
2.640000e+02 2.052000e+02
2.680000e+02 2.100000e+02
2.710000e+02 2.136000e+02
2.740000e+02 2.172000e+02
2.790000e+02 2.229000e+02
2.840000e+02 2.286000e+02
2.875000e+02 2.331000e+02
2.910000e+02 2.376000e+02
2.940000e+02 2.415000e+02
2.970000e+02 2.454000e+02
3.002500e+02 2.499000e+02
3.035000e+02 2.544000e+02
3.065000e+02 2.577000e+02
3.095000e+02 2.610000e+02
3.125000e+02 2.652000e+02
3.155000e+02 2.694000e+02
3.182500e+02 2.727000e+02
3.210000e+02 2.760000e+02
3.237500e+02 2.802000e+02
3.265000e+02 2.844000e+02
3.287500e+02 2.877000e+02
3.310000e+02 2.910000e+02
3.335000e+02 2.946000e+02
3.360000e+02 2.982000e+02
3.380000e+02 3.009000e+02
3.400000e+02 3.036000e+02
3.422500e+02 3.072000e+02
3.445000e+02 3.108000e+02
3.465000e+02 3.135000e+02
3.485000e+02 3.162000e+02
3.502500e+02 3.189000e+02
3.520000e+02 3.216000e+02
3.530000e+02 3.231000e+02
3.540000e+02 3.246000e+02
3.565000e+02 3.282000e+02
3.590000e+02 3.318000e+02
3.602500e+02 3.336000e+02
3.615000e+02 3.354000e+02
3.625000e+02 3.372000e+02
3.635000e+02 3.390000e+02
3.647500e+02 3.411000e+02
3.660000e+02 3.432000e+02
3.670000e+02 3.447000e+02
3.680000e+02 3.462000e+02
3.687500e+02 3.474000e+02
3.695000e+02 3.486000e+02
3.710000e+02 3.510000e+02
3.720000e+02 3.522000e+02
3.730000e+02 3.534000e+02
3.735000e+02 3.540000e+02
3.740000e+02 3.546000e+02
3.745000e+02 3.552000e+02
3.750000e+02 3.558000e+02
3.750000e+02 3.558000e+02
3.750000e+02 3.564000e+02
3.750000e+02 3.564000e+02
3.750000e+02 3.564000e+02
3.750000e+02 3.570000e+02
3.745000e+02 3.570000e+02
3.740000e+02 3.570000e+02
3.735000e+02 3.570000e+02
3.720000e+02 3.570000e+02
3.690000e+02 3.570000e+02
3.650000e+02 3.576000e+02
3.595000e+02 3.582000e+02
3.525000e+02 3.594000e+02
3.450000e+02 3.606000e+02
3.375000e+02 3.618000e+02
3.310000e+02 3.624000e+02
3.200000e+02 3.642000e+02
3.165000e+02 3.648000e+02
3.080000e+02 3.660000e+02
2.990000e+02 3.678000e+02
2.910000e+02 3.690000e+02
2.825000e+02 3.714000e+02
2.740000e+02 3.738000e+02
2.645000e+02 3.768000e+02
2.560000e+02 3.792000e+02
2.480000e+02 3.816000e+02
2.365000e+02 3.846000e+02
2.290000e+02 3.870000e+02
2.250000e+02 3.882000e+02
2.185000e+02 3.906000e+02
2.125000e+02 3.924000e+02
2.070000e+02 3.942000e+02
2.020000e+02 3.966000e+02
1.970000e+02 3.984000e+02
1.925000e+02 3.996000e+02
1.885000e+02 4.014000e+02
1.850000e+02 4.026000e+02
1.825000e+02 4.038000e+02
1.800000e+02 4.044000e+02
1.785000e+02 4.050000e+02
1.765000e+02 4.056000e+02
1.750000e+02 4.056000e+02
1.745000e+02 4.056000e+02
1.735000e+02 4.050000e+02
1.735000e+02 4.050000e+02
1.730000e+02 4.050000e+02
1.730000e+02 4.044000e+02
1.725000e+02 4.044000e+02
1.725000e+02 4.038000e+02
1.725000e+02 4.038000e+02
1.730000e+02 4.026000e+02
1.735000e+02 4.014000e+02
1.770000e+02 3.960000e+02
1.805000e+02 3.912000e+02
1.840000e+02 3.864000e+02
1.885000e+02 3.804000e+02
1.935000e+02 3.738000e+02
1.995000e+02 3.660000e+02
2.085000e+02 3.552000e+02
2.195000e+02 3.408000e+02
2.270000e+02 3.312000e+02
2.315000e+02 3.258000e+02
2.395000e+02 3.156000e+02
2.475000e+02 3.066000e+02
2.565000e+02 2.970000e+02
2.650000e+02 2.874000e+02
2.740000e+02 2.784000e+02
2.835000e+02 2.688000e+02
2.925000e+02 2.610000e+02
3.020000e+02 2.526000e+02
3.105000e+02 2.454000e+02
3.255000e+02 2.322000e+02
3.305000e+02 2.274000e+02
3.390000e+02 2.196000e+02
3.485000e+02 2.112000e+02
3.570000e+02 2.034000e+02
3.660000e+02 1.950000e+02
3.740000e+02 1.878000e+02
3.865000e+02 1.758000e+02
3.910000e+02 1.722000e+02
3.985000e+02 1.650000e+02
4.060000e+02 1.578000e+02
4.125000e+02 1.518000e+02
4.190000e+02 1.458000e+02
4.245000e+02 1.410000e+02
4.300000e+02 1.368000e+02
4.350000e+02 1.326000e+02
4.420000e+02 1.272000e+02
4.465000e+02 1.242000e+02
4.500000e+02 1.206000e+02
4.545000e+02 1.170000e+02
4.580000e+02 1.140000e+02
4.605000e+02 1.116000e+02
4.635000e+02 1.092000e+02
4.655000e+02 1.068000e+02
4.680000e+02 1.044000e+02
4.705000e+02 1.020000e+02
4.720000e+02 9.960000e+01
4.735000e+02 9.780000e+01
4.750000e+02 9.660000e+01
4.765000e+02 9.540000e+01
4.775000e+02 9.420000e+01
4.780000e+02 9.360000e+01
4.780000e+02 9.300000e+01
4.785000e+02 9.300000e+01
4.790000e+02 9.240000e+01
4.790000e+02 9.240000e+01
4.790000e+02 9.240000e+01
4.790000e+02 9.240000e+01
4.790000e+02 9.240000e+01
