1.095000e+02 3.348000e+02
1.095000e+02 3.348000e+02
1.095000e+02 3.348000e+02
1.095000e+02 3.345000e+02
1.095000e+02 3.342000e+02
1.095000e+02 3.342000e+02
1.095000e+02 3.342000e+02
1.092500e+02 3.339000e+02
1.090000e+02 3.336000e+02
1.090000e+02 3.336000e+02
1.090000e+02 3.336000e+02
1.090000e+02 3.330000e+02
1.090000e+02 3.324000e+02
1.090000e+02 3.324000e+02
1.090000e+02 3.324000e+02
1.090000e+02 3.321000e+02
1.090000e+02 3.318000e+02
1.090000e+02 3.315000e+02
1.090000e+02 3.312000e+02
1.090000e+02 3.306000e+02
1.090000e+02 3.300000e+02
1.092500e+02 3.294000e+02
1.095000e+02 3.288000e+02
1.097500e+02 3.282000e+02
1.100000e+02 3.276000e+02
1.102500e+02 3.264000e+02
1.105000e+02 3.252000e+02
1.107500e+02 3.240000e+02
1.110000e+02 3.228000e+02
1.115000e+02 3.222000e+02
1.120000e+02 3.216000e+02
1.130000e+02 3.189000e+02
1.140000e+02 3.162000e+02
1.147500e+02 3.144000e+02
1.155000e+02 3.126000e+02
1.170000e+02 3.096000e+02
1.185000e+02 3.066000e+02
1.197500e+02 3.042000e+02
1.210000e+02 3.018000e+02
1.232500e+02 2.979000e+02
1.255000e+02 2.940000e+02
1.270000e+02 2.913000e+02
1.285000e+02 2.886000e+02
1.300000e+02 2.859000e+02
1.315000e+02 2.832000e+02
1.330000e+02 2.805000e+02
1.345000e+02 2.778000e+02
1.362500e+02 2.748000e+02
1.380000e+02 2.718000e+02
1.395000e+02 2.691000e+02
1.410000e+02 2.664000e+02
1.430000e+02 2.631000e+02
1.450000e+02 2.598000e+02
1.467500e+02 2.571000e+02
1.485000e+02 2.544000e+02
1.505000e+02 2.514000e+02
1.525000e+02 2.484000e+02
1.550000e+02 2.448000e+02
1.575000e+02 2.412000e+02
1.595000e+02 2.382000e+02
1.615000e+02 2.352000e+02
1.637500e+02 2.319000e+02
1.660000e+02 2.286000e+02
1.682500e+02 2.253000e+02
1.705000e+02 2.220000e+02
1.725000e+02 2.187000e+02
1.745000e+02 2.154000e+02
1.770000e+02 2.118000e+02
1.795000e+02 2.082000e+02
1.827500e+02 2.031000e+02
1.860000e+02 1.980000e+02
1.880000e+02 1.950000e+02
1.900000e+02 1.920000e+02
1.920000e+02 1.890000e+02
1.940000e+02 1.860000e+02
1.960000e+02 1.830000e+02
1.980000e+02 1.800000e+02
2.000000e+02 1.767000e+02
2.020000e+02 1.734000e+02
2.040000e+02 1.704000e+02
2.060000e+02 1.674000e+02
2.080000e+02 1.647000e+02
2.100000e+02 1.620000e+02
2.120000e+02 1.593000e+02
2.140000e+02 1.566000e+02
2.160000e+02 1.539000e+02
2.180000e+02 1.512000e+02
2.210000e+02 1.470000e+02
2.240000e+02 1.428000e+02
2.257500e+02 1.401000e+02
2.275000e+02 1.374000e+02
2.315000e+02 1.326000e+02
2.345000e+02 1.278000e+02
2.375000e+02 1.224000e+02
2.405000e+02 1.182000e+02
2.430000e+02 1.140000e+02
2.455000e+02 1.104000e+02
2.480000e+02 1.068000e+02
2.510000e+02 1.020000e+02
2.525000e+02 9.960000e+01
2.540000e+02 9.780000e+01
2.555000e+02 9.600000e+01
2.565000e+02 9.420000e+01
2.575000e+02 9.300000e+01
2.585000e+02 9.180000e+01
2.590000e+02 9.120000e+01
2.595000e+02 9.060000e+01
2.600000e+02 9.000000e+01
2.605000e+02 9.000000e+01
2.610000e+02 8.940000e+01
2.615000e+02 8.940000e+01
2.620000e+02 8.940000e+01
2.630000e+02 8.940000e+01
2.640000e+02 9.000000e+01
2.650000e+02 9.060000e+01
2.655000e+02 9.120000e+01
2.670000e+02 9.240000e+01
2.685000e+02 9.360000e+01
2.695000e+02 9.540000e+01
2.710000e+02 9.720000e+01
2.730000e+02 9.900000e+01
2.745000e+02 1.014000e+02
2.765000e+02 1.032000e+02
2.780000e+02 1.056000e+02
2.805000e+02 1.080000e+02
2.825000e+02 1.104000e+02
2.850000e+02 1.134000e+02
2.875000e+02 1.170000e+02
2.910000e+02 1.212000e+02
2.940000e+02 1.242000e+02
2.980000e+02 1.290000e+02
3.015000e+02 1.338000e+02
3.040000e+02 1.368000e+02
3.065000e+02 1.398000e+02
3.095000e+02 1.428000e+02
3.120000e+02 1.458000e+02
3.155000e+02 1.488000e+02
3.170000e+02 1.506000e+02
3.215000e+02 1.548000e+02
3.245000e+02 1.578000e+02
3.280000e+02 1.614000e+02
3.310000e+02 1.644000e+02
3.375000e+02 1.698000e+02
3.405000e+02 1.728000e+02
3.440000e+02 1.758000e+02
3.475000e+02 1.788000e+02
3.505000e+02 1.812000e+02
3.540000e+02 1.842000e+02
3.575000e+02 1.872000e+02
3.625000e+02 1.914000e+02
3.660000e+02 1.944000e+02
3.690000e+02 1.974000e+02
3.720000e+02 1.998000e+02
3.750000e+02 2.028000e+02
3.785000e+02 2.064000e+02
3.820000e+02 2.094000e+02
3.850000e+02 2.124000e+02
3.885000e+02 2.154000e+02
3.920000e+02 2.184000e+02
3.950000e+02 2.214000e+02
3.985000e+02 2.244000e+02
4.015000e+02 2.274000e+02
4.050000e+02 2.304000e+02
4.080000e+02 2.340000e+02
4.115000e+02 2.376000e+02
4.145000e+02 2.406000e+02
4.180000e+02 2.436000e+02
4.210000e+02 2.472000e+02
4.240000e+02 2.502000e+02
4.270000e+02 2.538000e+02
4.320000e+02 2.592000e+02
4.350000e+02 2.622000e+02
4.380000e+02 2.658000e+02
4.415000e+02 2.694000e+02
4.450000e+02 2.730000e+02
4.480000e+02 2.760000e+02
4.515000e+02 2.796000e+02
4.555000e+02 2.838000e+02
4.585000e+02 2.868000e+02
4.620000e+02 2.904000e+02
4.655000e+02 2.946000e+02
4.710000e+02 3.000000e+02
4.735000e+02 3.036000e+02
4.770000e+02 3.072000e+02
4.805000e+02 3.108000e+02
4.830000e+02 3.138000e+02
4.855000e+02 3.168000e+02
4.880000e+02 3.192000e+02
4.900000e+02 3.216000e+02
4.920000e+02 3.234000e+02
4.935000e+02 3.252000e+02
4.950000e+02 3.270000e+02
4.965000e+02 3.282000e+02
4.975000e+02 3.300000e+02
4.980000e+02 3.300000e+02
4.985000e+02 3.312000e+02
4.990000e+02 3.318000e+02
4.995000e+02 3.324000e+02
5.000000e+02 3.330000e+02
5.000000e+02 3.330000e+02
