2.810000e+02 1.518000e+02
2.810000e+02 1.518000e+02
2.810000e+02 1.518000e+02
2.792500e+02 1.521000e+02
2.775000e+02 1.524000e+02
2.755000e+02 1.527000e+02
2.735000e+02 1.530000e+02
2.710000e+02 1.539000e+02
2.685000e+02 1.548000e+02
2.675000e+02 1.551000e+02
2.665000e+02 1.554000e+02
2.640000e+02 1.563000e+02
2.615000e+02 1.572000e+02
2.602500e+02 1.575000e+02
2.590000e+02 1.578000e+02
2.565000e+02 1.593000e+02
2.540000e+02 1.608000e+02
2.517500e+02 1.626000e+02
2.495000e+02 1.644000e+02
2.485000e+02 1.650000e+02
2.475000e+02 1.656000e+02
2.455000e+02 1.671000e+02
2.435000e+02 1.686000e+02
2.412500e+02 1.704000e+02
2.390000e+02 1.722000e+02
2.380000e+02 1.734000e+02
2.370000e+02 1.746000e+02
2.355000e+02 1.767000e+02
2.340000e+02 1.788000e+02
2.330000e+02 1.800000e+02
2.320000e+02 1.812000e+02
2.305000e+02 1.833000e+02
2.290000e+02 1.854000e+02
2.275000e+02 1.881000e+02
2.260000e+02 1.908000e+02
2.255000e+02 1.920000e+02
2.250000e+02 1.932000e+02
2.242500e+02 1.956000e+02
2.235000e+02 1.980000e+02
2.227500e+02 2.007000e+02
2.220000e+02 2.034000e+02
2.217500e+02 2.046000e+02
2.215000e+02 2.058000e+02
2.210000e+02 2.082000e+02
2.205000e+02 2.106000e+02
2.202500e+02 2.118000e+02
2.200000e+02 2.130000e+02
2.197500e+02 2.157000e+02
2.195000e+02 2.184000e+02
2.192500e+02 2.211000e+02
2.190000e+02 2.238000e+02
2.190000e+02 2.250000e+02
2.190000e+02 2.262000e+02
2.190000e+02 2.292000e+02
2.190000e+02 2.322000e+02
2.190000e+02 2.349000e+02
2.190000e+02 2.376000e+02
2.190000e+02 2.388000e+02
2.190000e+02 2.400000e+02
2.190000e+02 2.424000e+02
2.190000e+02 2.448000e+02
2.192500e+02 2.478000e+02
2.195000e+02 2.508000e+02
2.195000e+02 2.532000e+02
2.195000e+02 2.556000e+02
2.197500e+02 2.565000e+02
2.200000e+02 2.574000e+02
2.205000e+02 2.601000e+02
2.210000e+02 2.628000e+02
2.212500e+02 2.640000e+02
2.215000e+02 2.652000e+02
2.220000e+02 2.676000e+02
2.225000e+02 2.700000e+02
2.230000e+02 2.724000e+02
2.235000e+02 2.748000e+02
2.240000e+02 2.760000e+02
2.245000e+02 2.772000e+02
2.260000e+02 2.820000e+02
2.275000e+02 2.862000e+02
2.280000e+02 2.880000e+02
2.295000e+02 2.922000e+02
2.315000e+02 2.964000e+02
2.320000e+02 2.982000e+02
2.340000e+02 3.024000e+02
2.360000e+02 3.054000e+02
2.370000e+02 3.072000e+02
2.395000e+02 3.102000e+02
2.415000e+02 3.138000e+02
2.430000e+02 3.156000e+02
2.450000e+02 3.186000e+02
2.480000e+02 3.216000e+02
2.490000e+02 3.228000e+02
2.520000e+02 3.252000e+02
2.545000e+02 3.282000e+02
2.560000e+02 3.300000e+02
2.590000e+02 3.324000e+02
2.620000e+02 3.354000e+02
2.635000e+02 3.360000e+02
2.665000e+02 3.384000e+02
2.695000e+02 3.402000e+02
2.715000e+02 3.414000e+02
2.745000e+02 3.432000e+02
2.765000e+02 3.444000e+02
2.800000e+02 3.462000e+02
2.840000e+02 3.480000e+02
2.860000e+02 3.486000e+02
2.895000e+02 3.498000e+02
2.935000e+02 3.510000e+02
2.955000e+02 3.516000e+02
2.990000e+02 3.522000e+02
3.035000e+02 3.528000e+02
3.055000e+02 3.528000e+02
3.095000e+02 3.534000e+02
3.135000e+02 3.534000e+02
3.190000e+02 3.528000e+02
3.210000e+02 3.522000e+02
3.250000e+02 3.516000e+02
3.285000e+02 3.504000e+02
3.305000e+02 3.492000e+02
3.345000e+02 3.474000e+02
3.380000e+02 3.450000e+02
3.400000e+02 3.438000e+02
3.435000e+02 3.420000e+02
3.475000e+02 3.396000e+02
3.495000e+02 3.384000e+02
3.530000e+02 3.348000e+02
3.570000e+02 3.318000e+02
3.590000e+02 3.300000e+02
3.625000e+02 3.270000e+02
3.660000e+02 3.234000e+02
3.695000e+02 3.192000e+02
3.715000e+02 3.174000e+02
3.745000e+02 3.138000e+02
3.760000e+02 3.114000e+02
3.790000e+02 3.066000e+02
3.820000e+02 3.018000e+02
3.835000e+02 3.000000e+02
3.860000e+02 2.946000e+02
3.885000e+02 2.898000e+02
3.895000e+02 2.874000e+02
3.915000e+02 2.826000e+02
3.935000e+02 2.778000e+02
3.940000e+02 2.754000e+02
3.955000e+02 2.706000e+02
3.970000e+02 2.658000e+02
3.975000e+02 2.634000e+02
3.985000e+02 2.586000e+02
3.985000e+02 2.562000e+02
3.985000e+02 2.520000e+02
3.985000e+02 2.472000e+02
3.985000e+02 2.448000e+02
3.975000e+02 2.406000e+02
3.965000e+02 2.370000e+02
3.960000e+02 2.346000e+02
3.950000e+02 2.304000e+02
3.945000e+02 2.280000e+02
3.930000e+02 2.244000e+02
3.915000e+02 2.208000e+02
3.910000e+02 2.184000e+02
3.885000e+02 2.142000e+02
3.865000e+02 2.100000e+02
3.845000e+02 2.064000e+02
3.840000e+02 2.046000e+02
3.820000e+02 2.010000e+02
3.795000e+02 1.968000e+02
3.785000e+02 1.944000e+02
3.760000e+02 1.908000e+02
3.730000e+02 1.872000e+02
3.720000e+02 1.848000e+02
3.695000e+02 1.812000e+02
3.660000e+02 1.776000e+02
3.645000e+02 1.752000e+02
3.615000e+02 1.722000e+02
3.585000e+02 1.680000e+02
3.565000e+02 1.662000e+02
3.535000e+02 1.632000e+02
3.500000e+02 1.602000e+02
3.465000e+02 1.578000e+02
3.445000e+02 1.566000e+02
3.405000e+02 1.542000e+02
3.370000e+02 1.518000e+02
3.350000e+02 1.506000e+02
3.310000e+02 1.482000e+02
3.290000e+02 1.476000e+02
3.250000e+02 1.458000e+02
3.210000e+02 1.446000e+02
3.190000e+02 1.440000e+02
3.150000e+02 1.428000e+02
3.110000e+02 1.428000e+02
3.065000e+02 1.422000e+02
3.045000e+02 1.422000e+02
3.000000e+02 1.428000e+02
2.960000e+02 1.434000e+02
2.935000e+02 1.440000e+02
2.885000e+02 1.458000e+02
2.840000e+02 1.482000e+02
2.815000e+02 1.500000e+02
2.770000e+02 1.524000e+02
2.745000e+02 1.536000e+02
2.745000e+02 1.536000e+02
