2.895000e+02 8.160000e+01
2.895000e+02 8.190000e+01
2.895000e+02 8.220000e+01
2.895000e+02 8.220000e+01
2.895000e+02 8.220000e+01
2.895000e+02 8.250000e+01
2.895000e+02 8.280000e+01
2.897500e+02 8.340000e+01
2.900000e+02 8.400000e+01
2.907500e+02 8.550000e+01
2.915000e+02 8.700000e+01
2.927500e+02 8.940000e+01
2.940000e+02 9.180000e+01
2.952500e+02 9.510000e+01
2.965000e+02 9.840000e+01
2.977500e+02 1.014000e+02
2.990000e+02 1.044000e+02
3.007500e+02 1.086000e+02
3.025000e+02 1.128000e+02
3.052500e+02 1.191000e+02
3.080000e+02 1.254000e+02
3.090000e+02 1.275000e+02
3.100000e+02 1.296000e+02
3.117500e+02 1.338000e+02
3.135000e+02 1.380000e+02
3.155000e+02 1.428000e+02
3.175000e+02 1.476000e+02
3.200000e+02 1.527000e+02
3.225000e+02 1.578000e+02
3.242500e+02 1.626000e+02
3.260000e+02 1.674000e+02
3.282500e+02 1.728000e+02
3.305000e+02 1.782000e+02
3.327500e+02 1.836000e+02
3.350000e+02 1.890000e+02
3.372500e+02 1.944000e+02
3.395000e+02 1.998000e+02
3.422500e+02 2.064000e+02
3.450000e+02 2.130000e+02
3.472500e+02 2.187000e+02
3.495000e+02 2.244000e+02
3.520000e+02 2.307000e+02
3.545000e+02 2.370000e+02
3.570000e+02 2.427000e+02
3.595000e+02 2.484000e+02
3.617500e+02 2.544000e+02
3.640000e+02 2.604000e+02
3.667500e+02 2.667000e+02
3.695000e+02 2.730000e+02
3.727500e+02 2.817000e+02
3.760000e+02 2.904000e+02
3.775000e+02 2.937000e+02
3.790000e+02 2.970000e+02
3.822500e+02 3.051000e+02
3.855000e+02 3.132000e+02
3.890000e+02 3.216000e+02
3.925000e+02 3.300000e+02
3.945000e+02 3.348000e+02
3.965000e+02 3.396000e+02
3.982500e+02 3.441000e+02
4.000000e+02 3.486000e+02
4.020000e+02 3.531000e+02
4.040000e+02 3.576000e+02
4.067500e+02 3.639000e+02
4.095000e+02 3.702000e+02
4.102500e+02 3.723000e+02
4.110000e+02 3.744000e+02
4.145000e+02 3.816000e+02
4.180000e+02 3.888000e+02
4.202500e+02 3.930000e+02
4.225000e+02 3.972000e+02
4.230000e+02 3.987000e+02
4.235000e+02 4.002000e+02
4.285000e+02 4.092000e+02
4.305000e+02 4.128000e+02
4.330000e+02 4.158000e+02
4.335000e+02 4.164000e+02
4.340000e+02 4.182000e+02
4.350000e+02 4.188000e+02
4.355000e+02 4.194000e+02
4.355000e+02 4.200000e+02
4.360000e+02 4.206000e+02
4.360000e+02 4.206000e+02
4.360000e+02 4.206000e+02
4.360000e+02 4.212000e+02
4.360000e+02 4.212000e+02
4.355000e+02 4.212000e+02
4.355000e+02 4.212000e+02
4.350000e+02 4.206000e+02
4.345000e+02 4.206000e+02
4.340000e+02 4.200000e+02
4.325000e+02 4.194000e+02
4.305000e+02 4.188000e+02
4.290000e+02 4.188000e+02
4.255000e+02 4.176000e+02
4.190000e+02 4.164000e+02
4.090000e+02 4.152000e+02
3.980000e+02 4.140000e+02
3.825000e+02 4.128000e+02
3.785000e+02 4.122000e+02
3.640000e+02 4.104000e+02
3.505000e+02 4.092000e+02
3.410000e+02 4.080000e+02
3.320000e+02 4.074000e+02
3.225000e+02 4.080000e+02
3.130000e+02 4.080000e+02
3.035000e+02 4.086000e+02
2.935000e+02 4.098000e+02
2.810000e+02 4.116000e+02
2.720000e+02 4.128000e+02
2.640000e+02 4.140000e+02
2.565000e+02 4.152000e+02
2.495000e+02 4.158000e+02
2.430000e+02 4.170000e+02
2.360000e+02 4.176000e+02
2.295000e+02 4.188000e+02
2.225000e+02 4.206000e+02
2.175000e+02 4.218000e+02
2.135000e+02 4.224000e+02
2.100000e+02 4.230000e+02
2.075000e+02 4.230000e+02
2.060000e+02 4.236000e+02
2.040000e+02 4.236000e+02
2.030000e+02 4.236000e+02
2.025000e+02 4.230000e+02
2.020000e+02 4.230000e+02
2.020000e+02 4.224000e+02
2.015000e+02 4.224000e+02
2.015000e+02 4.218000e+02
2.015000e+02 4.212000e+02
2.015000e+02 4.200000e+02
2.020000e+02 4.194000e+02
2.025000e+02 4.182000e+02
2.030000e+02 4.176000e+02
2.035000e+02 4.170000e+02
2.045000e+02 4.158000e+02
2.065000e+02 4.140000e+02
2.090000e+02 4.110000e+02
2.120000e+02 4.074000e+02
2.155000e+02 4.032000e+02
2.195000e+02 3.996000e+02
2.240000e+02 3.936000e+02
2.285000e+02 3.888000e+02
2.335000e+02 3.840000e+02
2.390000e+02 3.774000e+02
2.420000e+02 3.750000e+02
2.530000e+02 3.636000e+02
2.565000e+02 3.600000e+02
2.645000e+02 3.528000e+02
2.730000e+02 3.438000e+02
2.815000e+02 3.348000e+02
2.905000e+02 3.252000e+02
3.020000e+02 3.126000e+02
3.100000e+02 3.054000e+02
3.180000e+02 2.982000e+02
3.240000e+02 2.928000e+02
3.330000e+02 2.844000e+02
3.400000e+02 2.784000e+02
3.440000e+02 2.754000e+02
3.520000e+02 2.682000e+02
3.595000e+02 2.622000e+02
3.680000e+02 2.532000e+02
3.745000e+02 2.472000e+02
3.830000e+02 2.382000e+02
3.895000e+02 2.322000e+02
3.970000e+02 2.238000e+02
4.040000e+02 2.166000e+02
4.145000e+02 2.046000e+02
4.180000e+02 2.010000e+02
4.250000e+02 1.932000e+02
4.310000e+02 1.872000e+02
4.375000e+02 1.800000e+02
4.435000e+02 1.734000e+02
4.490000e+02 1.674000e+02
4.550000e+02 1.608000e+02
4.605000e+02 1.554000e+02
4.670000e+02 1.488000e+02
4.745000e+02 1.404000e+02
4.825000e+02 1.320000e+02
4.865000e+02 1.278000e+02
4.910000e+02 1.242000e+02
4.950000e+02 1.200000e+02
4.990000e+02 1.170000e+02
5.020000e+02 1.140000e+02
5.050000e+02 1.122000e+02
5.075000e+02 1.098000e+02
5.095000e+02 1.086000e+02
5.110000e+02 1.074000e+02
5.125000e+02 1.056000e+02
5.135000e+02 1.044000e+02
5.145000e+02 1.038000e+02
5.150000e+02 1.026000e+02
5.155000e+02 1.020000e+02
5.160000e+02 1.014000e+02
5.160000e+02 1.008000e+02
5.160000e+02 1.008000e+02
5.165000e+02 1.002000e+02
5.165000e+02 1.002000e+02
5.165000e+02 1.008000e+02
5.165000e+02 1.008000e+02
2.895000e+02 8.160000e+01
2.895000e+02 8.190000e+01
2.895000e+02 8.220000e+01
2.895000e+02 8.220000e+01
2.895000e+02 8.220000e+01
2.895000e+02 8.250000e+01
2.895000e+02 8.280000e+01
2.897500e+02 8.340000e+01
2.900000e+02 8.400000e+01
2.907500e+02 8.550000e+01
2.915000e+02 8.700000e+01
2.927500e+02 8.940000e+01
2.940000e+02 9.180000e+01
2.952500e+02 9.510000e+01
2.965000e+02 9.840000e+01
2.977500e+02 1.014000e+02
2.990000e+02 1.044000e+02
3.007500e+02 1.086000e+02
3.025000e+02 1.128000e+02
3.052500e+02 1.191000e+02
3.080000e+02 1.254000e+02
3.090000e+02 1.275000e+02
3.100000e+02 1.296000e+02
3.117500e+02 1.338000e+02
3.135000e+02 1.380000e+02
3.155000e+02 1.428000e+02
3.175000e+02 1.476000e+02
3.200000e+02 1.527000e+02
3.225000e+02 1.578000e+02
3.242500e+02 1.626000e+02
3.260000e+02 1.674000e+02
3.282500e+02 1.728000e+02
3.305000e+02 1.782000e+02
3.327500e+02 1.836000e+02
3.350000e+02 1.890000e+02
3.372500e+02 1.944000e+02
3.395000e+02 1.998000e+02
3.422500e+02 2.064000e+02
3.450000e+02 2.130000e+02
3.472500e+02 2.187000e+02
3.495000e+02 2.244000e+02
3.520000e+02 2.307000e+02
3.545000e+02 2.370000e+02
3.570000e+02 2.427000e+02
3.595000e+02 2.484000e+02
3.617500e+02 2.544000e+02
3.640000e+02 2.604000e+02
3.667500e+02 2.667000e+02
3.695000e+02 2.730000e+02
3.727500e+02 2.817000e+02
3.760000e+02 2.904000e+02
3.775000e+02 2.937000e+02
3.790000e+02 2.970000e+02
3.822500e+02 3.051000e+02
3.855000e+02 3.132000e+02
3.890000e+02 3.216000e+02
3.925000e+02 3.300000e+02
3.945000e+02 3.348000e+02
3.965000e+02 3.396000e+02
3.982500e+02 3.441000e+02
4.000000e+02 3.486000e+02
4.020000e+02 3.531000e+02
4.040000e+02 3.576000e+02
4.067500e+02 3.639000e+02
4.095000e+02 3.702000e+02
4.102500e+02 3.723000e+02
4.110000e+02 3.744000e+02
4.145000e+02 3.816000e+02
4.180000e+02 3.888000e+02
4.202500e+02 3.930000e+02
4.225000e+02 3.972000e+02
4.230000e+02 3.987000e+02
4.235000e+02 4.002000e+02
4.285000e+02 4.092000e+02
4.305000e+02 4.128000e+02
4.330000e+02 4.158000e+02
4.335000e+02 4.164000e+02
4.340000e+02 4.182000e+02
4.350000e+02 4.188000e+02
4.355000e+02 4.194000e+02
4.355000e+02 4.200000e+02
4.360000e+02 4.206000e+02
4.360000e+02 4.206000e+02
4.360000e+02 4.206000e+02
4.360000e+02 4.212000e+02
4.360000e+02 4.212000e+02
4.355000e+02 4.212000e+02
4.355000e+02 4.212000e+02
4.350000e+02 4.206000e+02
4.345000e+02 4.206000e+02
4.340000e+02 4.200000e+02
4.325000e+02 4.194000e+02
4.305000e+02 4.188000e+02
4.290000e+02 4.188000e+02
4.255000e+02 4.176000e+02
4.190000e+02 4.164000e+02
4.090000e+02 4.152000e+02
3.980000e+02 4.140000e+02
3.825000e+02 4.128000e+02
3.785000e+02 4.122000e+02
3.640000e+02 4.104000e+02
3.505000e+02 4.092000e+02
3.410000e+02 4.080000e+02
3.320000e+02 4.074000e+02
3.225000e+02 4.080000e+02
3.130000e+02 4.080000e+02
3.035000e+02 4.086000e+02
2.935000e+02 4.098000e+02
2.810000e+02 4.116000e+02
2.720000e+02 4.128000e+02
2.640000e+02 4.140000e+02
2.565000e+02 4.152000e+02
2.495000e+02 4.158000e+02
2.430000e+02 4.170000e+02
2.360000e+02 4.176000e+02
2.295000e+02 4.188000e+02
2.225000e+02 4.206000e+02
2.175000e+02 4.218000e+02
2.135000e+02 4.224000e+02
2.100000e+02 4.230000e+02
2.075000e+02 4.230000e+02
2.060000e+02 4.236000e+02
2.040000e+02 4.236000e+02
2.030000e+02 4.236000e+02
2.025000e+02 4.230000e+02
2.020000e+02 4.230000e+02
2.020000e+02 4.224000e+02
2.015000e+02 4.224000e+02
2.015000e+02 4.218000e+02
2.015000e+02 4.212000e+02
2.015000e+02 4.200000e+02
2.020000e+02 4.194000e+02
2.025000e+02 4.182000e+02
2.030000e+02 4.176000e+02
2.035000e+02 4.170000e+02
2.045000e+02 4.158000e+02
2.065000e+02 4.140000e+02
2.090000e+02 4.110000e+02
2.120000e+02 4.074000e+02
2.155000e+02 4.032000e+02
2.195000e+02 3.996000e+02
2.240000e+02 3.936000e+02
2.285000e+02 3.888000e+02
2.335000e+02 3.840000e+02
2.390000e+02 3.774000e+02
2.420000e+02 3.750000e+02
2.530000e+02 3.636000e+02
2.565000e+02 3.600000e+02
2.645000e+02 3.528000e+02
2.730000e+02 3.438000e+02
2.815000e+02 3.348000e+02
2.905000e+02 3.252000e+02
3.020000e+02 3.126000e+02
3.100000e+02 3.054000e+02
3.180000e+02 2.982000e+02
3.240000e+02 2.928000e+02
3.330000e+02 2.844000e+02
3.400000e+02 2.784000e+02
3.440000e+02 2.754000e+02
3.520000e+02 2.682000e+02
3.595000e+02 2.622000e+02
3.680000e+02 2.532000e+02
3.745000e+02 2.472000e+02
3.830000e+02 2.382000e+02
3.895000e+02 2.322000e+02
3.970000e+02 2.238000e+02
4.040000e+02 2.166000e+02
4.145000e+02 2.046000e+02
4.180000e+02 2.010000e+02
4.250000e+02 1.932000e+02
4.310000e+02 1.872000e+02
4.375000e+02 1.800000e+02
4.435000e+02 1.734000e+02
4.490000e+02 1.674000e+02
4.550000e+02 1.608000e+02
4.605000e+02 1.554000e+02
4.670000e+02 1.488000e+02
4.745000e+02 1.404000e+02
4.825000e+02 1.320000e+02
4.865000e+02 1.278000e+02
4.910000e+02 1.242000e+02
4.950000e+02 1.200000e+02
4.990000e+02 1.170000e+02
5.020000e+02 1.140000e+02
5.050000e+02 1.122000e+02
5.075000e+02 1.098000e+02
5.095000e+02 1.086000e+02
5.110000e+02 1.074000e+02
5.125000e+02 1.056000e+02
5.135000e+02 1.044000e+02
5.145000e+02 1.038000e+02
5.150000e+02 1.026000e+02
5.155000e+02 1.020000e+02
5.160000e+02 1.014000e+02
5.160000e+02 1.008000e+02
5.160000e+02 1.008000e+02
5.165000e+02 1.002000e+02
5.165000e+02 1.002000e+02
5.165000e+02 1.008000e+02
5.165000e+02 1.008000e+02
2.895000e+02 8.160000e+01
2.895000e+02 8.190000e+01
2.895000e+02 8.220000e+01
2.895000e+02 8.220000e+01
2.895000e+02 8.220000e+01
2.895000e+02 8.250000e+01
2.895000e+02 8.280000e+01
2.897500e+02 8.340000e+01
2.900000e+02 8.400000e+01
2.907500e+02 8.550000e+01
2.915000e+02 8.700000e+01
2.927500e+02 8.940000e+01
2.940000e+02 9.180000e+01
2.952500e+02 9.510000e+01
2.965000e+02 9.840000e+01
2.977500e+02 1.014000e+02
2.990000e+02 1.044000e+02
3.007500e+02 1.086000e+02
3.025000e+02 1.128000e+02
3.052500e+02 1.191000e+02
3.080000e+02 1.254000e+02
3.090000e+02 1.275000e+02
3.100000e+02 1.296000e+02
3.117500e+02 1.338000e+02
3.135000e+02 1.380000e+02
3.155000e+02 1.428000e+02
3.175000e+02 1.476000e+02
3.200000e+02 1.527000e+02
3.225000e+02 1.578000e+02
3.242500e+02 1.626000e+02
3.260000e+02 1.674000e+02
3.282500e+02 1.728000e+02
3.305000e+02 1.782000e+02
3.327500e+02 1.836000e+02
3.350000e+02 1.890000e+02
3.372500e+02 1.944000e+02
3.395000e+02 1.998000e+02
3.422500e+02 2.064000e+02
3.450000e+02 2.130000e+02
3.472500e+02 2.187000e+02
3.495000e+02 2.244000e+02
3.520000e+02 2.307000e+02
3.545000e+02 2.370000e+02
3.570000e+02 2.427000e+02
3.595000e+02 2.484000e+02
3.617500e+02 2.544000e+02
3.640000e+02 2.604000e+02
3.667500e+02 2.667000e+02
3.695000e+02 2.730000e+02
3.727500e+02 2.817000e+02
3.760000e+02 2.904000e+02
3.775000e+02 2.937000e+02
3.790000e+02 2.970000e+02
3.822500e+02 3.051000e+02
3.855000e+02 3.132000e+02
3.890000e+02 3.216000e+02
3.925000e+02 3.300000e+02
3.945000e+02 3.348000e+02
3.965000e+02 3.396000e+02
3.982500e+02 3.441000e+02
4.000000e+02 3.486000e+02
4.020000e+02 3.531000e+02
4.040000e+02 3.576000e+02
4.067500e+02 3.639000e+02
4.095000e+02 3.702000e+02
4.102500e+02 3.723000e+02
4.110000e+02 3.744000e+02
4.145000e+02 3.816000e+02
4.180000e+02 3.888000e+02
4.202500e+02 3.930000e+02
4.225000e+02 3.972000e+02
4.230000e+02 3.987000e+02
4.235000e+02 4.002000e+02
4.285000e+02 4.092000e+02
4.305000e+02 4.128000e+02
4.330000e+02 4.158000e+02
4.335000e+02 4.164000e+02
4.340000e+02 4.182000e+02
4.350000e+02 4.188000e+02
4.355000e+02 4.194000e+02
4.355000e+02 4.200000e+02
4.360000e+02 4.206000e+02
4.360000e+02 4.206000e+02
4.360000e+02 4.206000e+02
4.360000e+02 4.212000e+02
4.360000e+02 4.212000e+02
4.355000e+02 4.212000e+02
4.355000e+02 4.212000e+02
4.350000e+02 4.206000e+02
4.345000e+02 4.206000e+02
4.340000e+02 4.200000e+02
4.325000e+02 4.194000e+02
4.305000e+02 4.188000e+02
4.290000e+02 4.188000e+02
4.255000e+02 4.176000e+02
4.190000e+02 4.164000e+02
4.090000e+02 4.152000e+02
3.980000e+02 4.140000e+02
3.825000e+02 4.128000e+02
3.785000e+02 4.122000e+02
3.640000e+02 4.104000e+02
3.505000e+02 4.092000e+02
3.410000e+02 4.080000e+02
3.320000e+02 4.074000e+02
3.225000e+02 4.080000e+02
3.130000e+02 4.080000e+02
3.035000e+02 4.086000e+02
2.935000e+02 4.098000e+02
2.810000e+02 4.116000e+02
2.720000e+02 4.128000e+02
2.640000e+02 4.140000e+02
2.565000e+02 4.152000e+02
2.495000e+02 4.158000e+02
2.430000e+02 4.170000e+02
2.360000e+02 4.176000e+02
2.295000e+02 4.188000e+02
2.225000e+02 4.206000e+02
2.175000e+02 4.218000e+02
2.135000e+02 4.224000e+02
2.100000e+02 4.230000e+02
2.075000e+02 4.230000e+02
2.060000e+02 4.236000e+02
2.040000e+02 4.236000e+02
2.030000e+02 4.236000e+02
2.025000e+02 4.230000e+02
2.020000e+02 4.230000e+02
2.020000e+02 4.224000e+02
2.015000e+02 4.224000e+02
2.015000e+02 4.218000e+02
2.015000e+02 4.212000e+02
2.015000e+02 4.200000e+02
2.020000e+02 4.194000e+02
2.025000e+02 4.182000e+02
2.030000e+02 4.176000e+02
2.035000e+02 4.170000e+02
2.045000e+02 4.158000e+02
2.065000e+02 4.140000e+02
2.090000e+02 4.110000e+02
2.120000e+02 4.074000e+02
2.155000e+02 4.032000e+02
2.195000e+02 3.996000e+02
2.240000e+02 3.936000e+02
2.285000e+02 3.888000e+02
2.335000e+02 3.840000e+02
2.390000e+02 3.774000e+02
2.420000e+02 3.750000e+02
2.530000e+02 3.636000e+02
2.565000e+02 3.600000e+02
2.645000e+02 3.528000e+02
2.730000e+02 3.438000e+02
2.815000e+02 3.348000e+02
2.905000e+02 3.252000e+02
3.020000e+02 3.126000e+02
3.100000e+02 3.054000e+02
3.180000e+02 2.982000e+02
3.240000e+02 2.928000e+02
3.330000e+02 2.844000e+02
3.400000e+02 2.784000e+02
3.440000e+02 2.754000e+02
3.520000e+02 2.682000e+02
3.595000e+02 2.622000e+02
3.680000e+02 2.532000e+02
3.745000e+02 2.472000e+02
3.830000e+02 2.382000e+02
3.895000e+02 2.322000e+02
3.970000e+02 2.238000e+02
4.040000e+02 2.166000e+02
4.145000e+02 2.046000e+02
4.180000e+02 2.010000e+02
4.250000e+02 1.932000e+02
4.310000e+02 1.872000e+02
4.375000e+02 1.800000e+02
4.435000e+02 1.734000e+02
4.490000e+02 1.674000e+02
4.550000e+02 1.608000e+02
4.605000e+02 1.554000e+02
4.670000e+02 1.488000e+02
4.745000e+02 1.404000e+02
4.825000e+02 1.320000e+02
4.865000e+02 1.278000e+02
4.910000e+02 1.242000e+02
4.950000e+02 1.200000e+02
4.990000e+02 1.170000e+02
5.020000e+02 1.140000e+02
5.050000e+02 1.122000e+02
5.075000e+02 1.098000e+02
5.095000e+02 1.086000e+02
5.110000e+02 1.074000e+02
5.125000e+02 1.056000e+02
5.135000e+02 1.044000e+02
5.145000e+02 1.038000e+02
5.150000e+02 1.026000e+02
5.155000e+02 1.020000e+02
5.160000e+02 1.014000e+02
5.160000e+02 1.008000e+02
5.160000e+02 1.008000e+02
5.165000e+02 1.002000e+02
5.165000e+02 1.002000e+02
5.165000e+02 1.008000e+02
5.165000e+02 1.008000e+02
