2.050000e+02 1.506000e+02
2.050000e+02 1.506000e+02
2.050000e+02 1.506000e+02
2.050000e+02 1.506000e+02
2.050000e+02 1.506000e+02
2.050000e+02 1.506000e+02
2.050000e+02 1.506000e+02
2.050000e+02 1.506000e+02
2.050000e+02 1.506000e+02
2.050000e+02 1.506000e+02
2.050000e+02 1.506000e+02
2.050000e+02 1.506000e+02
2.050000e+02 1.506000e+02
2.050000e+02 1.506000e+02
2.050000e+02 1.506000e+02
2.050000e+02 1.506000e+02
2.050000e+02 1.506000e+02
2.050000e+02 1.507500e+02
2.050000e+02 1.509000e+02
2.050000e+02 1.510500e+02
2.050000e+02 1.512000e+02
2.050000e+02 1.515000e+02
2.050000e+02 1.518000e+02
2.050000e+02 1.521000e+02
2.050000e+02 1.524000e+02
2.050000e+02 1.531500e+02
2.050000e+02 1.539000e+02
2.050000e+02 1.546500e+02
2.050000e+02 1.554000e+02
2.050000e+02 1.563000e+02
2.050000e+02 1.572000e+02
2.050000e+02 1.581000e+02
2.050000e+02 1.590000e+02
2.051250e+02 1.600500e+02
2.052500e+02 1.611000e+02
2.053750e+02 1.621500e+02
2.055000e+02 1.632000e+02
2.055000e+02 1.648500e+02
2.055000e+02 1.665000e+02
2.055000e+02 1.681500e+02
2.055000e+02 1.698000e+02
2.056250e+02 1.711500e+02
2.057500e+02 1.725000e+02
2.058750e+02 1.738500e+02
2.060000e+02 1.752000e+02
2.060000e+02 1.764000e+02
2.060000e+02 1.776000e+02
2.060000e+02 1.788000e+02
2.060000e+02 1.800000e+02
2.061250e+02 1.815000e+02
2.062500e+02 1.830000e+02
2.063750e+02 1.845000e+02
2.065000e+02 1.860000e+02
2.066250e+02 1.875000e+02
2.067500e+02 1.890000e+02
2.068750e+02 1.905000e+02
2.070000e+02 1.920000e+02
2.071250e+02 1.935000e+02
2.072500e+02 1.950000e+02
2.073750e+02 1.965000e+02
2.075000e+02 1.980000e+02
2.076250e+02 1.996500e+02
2.077500e+02 2.013000e+02
2.078750e+02 2.029500e+02
2.080000e+02 2.046000e+02
2.081250e+02 2.062500e+02
2.082500e+02 2.079000e+02
2.083750e+02 2.095500e+02
2.085000e+02 2.112000e+02
2.086250e+02 2.131500e+02
2.087500e+02 2.151000e+02
2.088750e+02 2.170500e+02
2.090000e+02 2.190000e+02
2.091250e+02 2.208000e+02
2.092500e+02 2.226000e+02
2.093750e+02 2.244000e+02
2.095000e+02 2.262000e+02
2.096250e+02 2.283000e+02
2.097500e+02 2.304000e+02
2.098750e+02 2.325000e+02
2.100000e+02 2.346000e+02
2.102500e+02 2.374500e+02
2.105000e+02 2.403000e+02
2.107500e+02 2.431500e+02
2.110000e+02 2.460000e+02
2.112500e+02 2.481000e+02
2.115000e+02 2.502000e+02
2.117500e+02 2.523000e+02
2.120000e+02 2.544000e+02
2.121250e+02 2.563500e+02
2.122500e+02 2.583000e+02
2.123750e+02 2.602500e+02
2.125000e+02 2.622000e+02
2.127500e+02 2.640000e+02
2.130000e+02 2.658000e+02
2.132500e+02 2.676000e+02
2.135000e+02 2.694000e+02
2.136250e+02 2.713500e+02
2.137500e+02 2.733000e+02
2.138750e+02 2.752500e+02
2.140000e+02 2.772000e+02
2.142500e+02 2.788500e+02
2.145000e+02 2.805000e+02
2.147500e+02 2.821500e+02
2.150000e+02 2.838000e+02
2.151250e+02 2.857500e+02
2.152500e+02 2.877000e+02
2.153750e+02 2.896500e+02
2.155000e+02 2.916000e+02
2.157500e+02 2.934000e+02
2.160000e+02 2.952000e+02
2.162500e+02 2.970000e+02
2.165000e+02 2.988000e+02
2.167500e+02 3.007500e+02
2.170000e+02 3.027000e+02
2.172500e+02 3.046500e+02
2.175000e+02 3.066000e+02
2.177500e+02 3.093000e+02
2.180000e+02 3.120000e+02
2.182500e+02 3.147000e+02
2.185000e+02 3.174000e+02
2.187500e+02 3.193500e+02
2.190000e+02 3.213000e+02
2.192500e+02 3.232500e+02
2.195000e+02 3.252000e+02
2.197500e+02 3.271500e+02
2.200000e+02 3.291000e+02
2.202500e+02 3.310500e+02
2.205000e+02 3.330000e+02
2.207500e+02 3.349500e+02
2.210000e+02 3.369000e+02
2.215000e+02 3.408000e+02
2.217500e+02 3.444000e+02
2.220000e+02 3.480000e+02
2.222500e+02 3.519000e+02
2.225000e+02 3.558000e+02
2.230000e+02 3.591000e+02
2.235000e+02 3.624000e+02
2.237500e+02 3.663000e+02
2.240000e+02 3.702000e+02
2.242500e+02 3.735000e+02
2.245000e+02 3.768000e+02
2.245000e+02 3.804000e+02
2.245000e+02 3.840000e+02
2.247500e+02 3.873000e+02
2.250000e+02 3.906000e+02
2.252500e+02 3.933000e+02
2.255000e+02 3.960000e+02
2.255000e+02 3.987000e+02
2.255000e+02 4.014000e+02
2.257500e+02 4.047000e+02
2.260000e+02 4.080000e+02
2.260000e+02 4.095000e+02
2.260000e+02 4.110000e+02
2.260000e+02 4.125000e+02
2.260000e+02 4.140000e+02
2.262500e+02 4.155000e+02
2.265000e+02 4.170000e+02
2.265000e+02 4.176000e+02
2.265000e+02 4.182000e+02
2.265000e+02 4.197000e+02
2.265000e+02 4.212000e+02
2.267500e+02 4.221000e+02
2.270000e+02 4.230000e+02
2.270000e+02 4.236000e+02
2.270000e+02 4.242000e+02
2.270000e+02 4.248000e+02
2.270000e+02 4.254000e+02
2.270000e+02 4.257000e+02
2.270000e+02 4.260000e+02
2.270000e+02 4.266000e+02
2.270000e+02 4.272000e+02
2.272500e+02 4.275000e+02
2.275000e+02 4.278000e+02
2.275000e+02 4.281000e+02
2.275000e+02 4.284000e+02
2.275000e+02 4.287000e+02
2.275000e+02 4.290000e+02
2.275000e+02 4.293000e+02
2.275000e+02 4.296000e+02
2.275000e+02 4.296000e+02
2.275000e+02 4.296000e+02
2.275000e+02 4.299000e+02
2.275000e+02 4.302000e+02
2.275000e+02 4.302000e+02
2.275000e+02 4.302000e+02
2.275000e+02 4.305000e+02
2.275000e+02 4.308000e+02
2.275000e+02 4.308000e+02
2.275000e+02 4.308000e+02
2.272500e+02 4.305000e+02
2.270000e+02 4.302000e+02
2.267500e+02 4.290000e+02
2.265000e+02 4.278000e+02
2.262500e+02 4.263000e+02
2.260000e+02 4.248000e+02
2.252500e+02 4.221000e+02
2.245000e+02 4.194000e+02
2.245000e+02 4.194000e+02
2.245000e+02 4.194000e+02
