3.590000e+02 2.412000e+02
3.590000e+02 2.412000e+02
3.590000e+02 2.412000e+02
3.590000e+02 2.412000e+02
3.590000e+02 2.412000e+02
3.588750e+02 2.410500e+02
3.587500e+02 2.409000e+02
3.586250e+02 2.407500e+02
3.585000e+02 2.406000e+02
3.585000e+02 2.406000e+02
3.585000e+02 2.406000e+02
3.585000e+02 2.406000e+02
3.585000e+02 2.406000e+02
3.585000e+02 2.406000e+02
3.585000e+02 2.406000e+02
3.585000e+02 2.406000e+02
3.585000e+02 2.406000e+02
3.585000e+02 2.406000e+02
3.585000e+02 2.406000e+02
3.585000e+02 2.406000e+02
3.585000e+02 2.406000e+02
3.585000e+02 2.406000e+02
3.585000e+02 2.406000e+02
3.585000e+02 2.406000e+02
3.585000e+02 2.406000e+02
3.585000e+02 2.407500e+02
3.585000e+02 2.409000e+02
3.585000e+02 2.410500e+02
3.585000e+02 2.412000e+02
3.585000e+02 2.412000e+02
3.585000e+02 2.412000e+02
3.585000e+02 2.412000e+02
3.585000e+02 2.412000e+02
3.585000e+02 2.415000e+02
3.585000e+02 2.418000e+02
3.585000e+02 2.421000e+02
3.585000e+02 2.424000e+02
3.585000e+02 2.425500e+02
3.585000e+02 2.427000e+02
3.585000e+02 2.428500e+02
3.585000e+02 2.430000e+02
3.585000e+02 2.434500e+02
3.585000e+02 2.439000e+02
3.585000e+02 2.443500e+02
3.585000e+02 2.448000e+02
3.586250e+02 2.454000e+02
3.587500e+02 2.460000e+02
3.588750e+02 2.466000e+02
3.590000e+02 2.472000e+02
3.590000e+02 2.479500e+02
3.590000e+02 2.487000e+02
3.590000e+02 2.494500e+02
3.590000e+02 2.502000e+02
3.591250e+02 2.511000e+02
3.592500e+02 2.520000e+02
3.593750e+02 2.529000e+02
3.595000e+02 2.538000e+02
3.596250e+02 2.547000e+02
3.597500e+02 2.556000e+02
3.598750e+02 2.565000e+02
3.600000e+02 2.574000e+02
3.601250e+02 2.589000e+02
3.602500e+02 2.604000e+02
3.603750e+02 2.619000e+02
3.605000e+02 2.634000e+02
3.606250e+02 2.644500e+02
3.607500e+02 2.655000e+02
3.608750e+02 2.665500e+02
3.610000e+02 2.676000e+02
3.611250e+02 2.685000e+02
3.612500e+02 2.694000e+02
3.613750e+02 2.703000e+02
3.615000e+02 2.712000e+02
3.615000e+02 2.721000e+02
3.615000e+02 2.730000e+02
3.615000e+02 2.739000e+02
3.615000e+02 2.748000e+02
3.616250e+02 2.760000e+02
3.617500e+02 2.772000e+02
3.618750e+02 2.784000e+02
3.620000e+02 2.796000e+02
3.620000e+02 2.806500e+02
3.620000e+02 2.817000e+02
3.620000e+02 2.827500e+02
3.620000e+02 2.838000e+02
3.621250e+02 2.848500e+02
3.622500e+02 2.859000e+02
3.623750e+02 2.869500e+02
3.625000e+02 2.880000e+02
3.626250e+02 2.892000e+02
3.627500e+02 2.904000e+02
3.628750e+02 2.916000e+02
3.630000e+02 2.928000e+02
3.630000e+02 2.941500e+02
3.630000e+02 2.955000e+02
3.630000e+02 2.982000e+02
3.630000e+02 3.009000e+02
3.630000e+02 3.036000e+02
3.632500e+02 3.066000e+02
3.635000e+02 3.096000e+02
3.635000e+02 3.120000e+02
3.635000e+02 3.144000e+02
3.635000e+02 3.171000e+02
3.635000e+02 3.198000e+02
3.635000e+02 3.225000e+02
3.635000e+02 3.252000e+02
3.635000e+02 3.282000e+02
3.635000e+02 3.312000e+02
3.635000e+02 3.339000e+02
3.635000e+02 3.366000e+02
3.635000e+02 3.393000e+02
3.635000e+02 3.420000e+02
3.635000e+02 3.459000e+02
3.635000e+02 3.498000e+02
3.635000e+02 3.525000e+02
3.635000e+02 3.552000e+02
3.632500e+02 3.582000e+02
3.630000e+02 3.612000e+02
3.630000e+02 3.636000e+02
3.630000e+02 3.660000e+02
3.630000e+02 3.687000e+02
3.630000e+02 3.714000e+02
3.630000e+02 3.738000e+02
3.630000e+02 3.762000e+02
3.630000e+02 3.789000e+02
3.630000e+02 3.816000e+02
3.630000e+02 3.846000e+02
3.630000e+02 3.876000e+02
3.630000e+02 3.900000e+02
3.630000e+02 3.924000e+02
3.630000e+02 3.945000e+02
3.630000e+02 3.966000e+02
3.627500e+02 4.002000e+02
3.625000e+02 4.038000e+02
3.625000e+02 4.047000e+02
3.625000e+02 4.056000e+02
3.625000e+02 4.089000e+02
3.625000e+02 4.122000e+02
3.625000e+02 4.143000e+02
3.625000e+02 4.164000e+02
3.625000e+02 4.179000e+02
3.625000e+02 4.194000e+02
3.625000e+02 4.209000e+02
3.625000e+02 4.224000e+02
3.625000e+02 4.242000e+02
3.625000e+02 4.260000e+02
3.625000e+02 4.272000e+02
3.625000e+02 4.284000e+02
3.625000e+02 4.299000e+02
3.625000e+02 4.314000e+02
3.625000e+02 4.329000e+02
3.625000e+02 4.344000e+02
3.625000e+02 4.356000e+02
3.625000e+02 4.368000e+02
3.625000e+02 4.377000e+02
3.625000e+02 4.386000e+02
3.627500e+02 4.395000e+02
3.630000e+02 4.404000e+02
3.630000e+02 4.410000e+02
3.630000e+02 4.416000e+02
3.630000e+02 4.425000e+02
3.630000e+02 4.434000e+02
3.630000e+02 4.440000e+02
3.630000e+02 4.446000e+02
3.630000e+02 4.452000e+02
3.630000e+02 4.458000e+02
3.630000e+02 4.464000e+02
3.630000e+02 4.470000e+02
3.630000e+02 4.476000e+02
3.630000e+02 4.482000e+02
3.630000e+02 4.488000e+02
3.630000e+02 4.494000e+02
3.630000e+02 4.497000e+02
3.630000e+02 4.500000e+02
3.630000e+02 4.506000e+02
3.630000e+02 4.512000e+02
3.630000e+02 4.515000e+02
3.630000e+02 4.518000e+02
3.630000e+02 4.518000e+02
3.630000e+02 4.518000e+02
3.627500e+02 4.521000e+02
3.625000e+02 4.524000e+02
3.625000e+02 4.524000e+02
3.625000e+02 4.524000e+02
3.625000e+02 4.524000e+02
3.625000e+02 4.524000e+02
3.625000e+02 4.527000e+02
3.625000e+02 4.530000e+02
3.625000e+02 4.530000e+02
3.625000e+02 4.530000e+02
3.625000e+02 4.530000e+02
3.625000e+02 4.530000e+02
3.625000e+02 4.530000e+02
3.625000e+02 4.530000e+02
3.625000e+02 4.524000e+02
3.625000e+02 4.518000e+02
3.625000e+02 4.515000e+02
3.625000e+02 4.512000e+02
3.625000e+02 4.512000e+02
3.625000e+02 4.512000e+02
