9.650000e+01 1.950000e+02
9.650000e+01 1.950000e+02
9.650000e+01 1.950000e+02
9.650000e+01 1.950000e+02
9.650000e+01 1.950000e+02
9.637500e+01 1.951500e+02
9.625000e+01 1.953000e+02
9.612500e+01 1.954500e+02
9.600000e+01 1.956000e+02
9.600000e+01 1.957500e+02
9.600000e+01 1.959000e+02
9.600000e+01 1.960500e+02
9.600000e+01 1.962000e+02
9.587500e+01 1.962000e+02
9.575000e+01 1.962000e+02
9.562500e+01 1.962000e+02
9.550000e+01 1.962000e+02
9.562500e+01 1.962000e+02
9.575000e+01 1.962000e+02
9.587500e+01 1.962000e+02
9.600000e+01 1.962000e+02
9.625000e+01 1.963500e+02
9.650000e+01 1.965000e+02
9.675000e+01 1.966500e+02
9.700000e+01 1.968000e+02
9.750000e+01 1.968000e+02
9.800000e+01 1.968000e+02
9.850000e+01 1.968000e+02
9.900000e+01 1.968000e+02
9.950000e+01 1.969500e+02
1.000000e+02 1.971000e+02
1.005000e+02 1.972500e+02
1.010000e+02 1.974000e+02
1.028750e+02 1.974000e+02
1.047500e+02 1.974000e+02
1.066250e+02 1.974000e+02
1.085000e+02 1.974000e+02
1.098750e+02 1.975500e+02
1.112500e+02 1.977000e+02
1.126250e+02 1.978500e+02
1.140000e+02 1.980000e+02
1.156250e+02 1.978500e+02
1.172500e+02 1.977000e+02
1.188750e+02 1.975500e+02
1.205000e+02 1.974000e+02
1.221250e+02 1.974000e+02
1.237500e+02 1.974000e+02
1.253750e+02 1.974000e+02
1.270000e+02 1.974000e+02
1.290000e+02 1.974000e+02
1.310000e+02 1.974000e+02
1.330000e+02 1.974000e+02
1.350000e+02 1.974000e+02
1.371250e+02 1.974000e+02
1.392500e+02 1.974000e+02
1.413750e+02 1.974000e+02
1.435000e+02 1.974000e+02
1.453750e+02 1.974000e+02
1.472500e+02 1.974000e+02
1.491250e+02 1.974000e+02
1.510000e+02 1.974000e+02
1.531250e+02 1.974000e+02
1.552500e+02 1.974000e+02
1.573750e+02 1.974000e+02
1.595000e+02 1.974000e+02
1.617500e+02 1.975500e+02
1.640000e+02 1.977000e+02
1.662500e+02 1.978500e+02
1.685000e+02 1.980000e+02
1.707500e+02 1.981500e+02
1.730000e+02 1.983000e+02
1.752500e+02 1.984500e+02
1.775000e+02 1.986000e+02
1.798750e+02 1.987500e+02
1.822500e+02 1.989000e+02
1.846250e+02 1.990500e+02
1.870000e+02 1.992000e+02
1.902500e+02 1.995000e+02
1.935000e+02 1.998000e+02
1.967500e+02 2.001000e+02
2.000000e+02 2.004000e+02
2.012500e+02 2.005500e+02
2.025000e+02 2.007000e+02
2.037500e+02 2.008500e+02
2.050000e+02 2.010000e+02
2.072500e+02 2.013000e+02
2.095000e+02 2.016000e+02
2.117500e+02 2.019000e+02
2.140000e+02 2.022000e+02
2.162500e+02 2.025000e+02
2.185000e+02 2.028000e+02
2.207500e+02 2.031000e+02
2.230000e+02 2.034000e+02
2.255000e+02 2.038500e+02
2.280000e+02 2.043000e+02
2.305000e+02 2.047500e+02
2.330000e+02 2.052000e+02
2.352500e+02 2.058000e+02
2.375000e+02 2.064000e+02
2.397500e+02 2.070000e+02
2.420000e+02 2.076000e+02
2.455000e+02 2.082000e+02
2.490000e+02 2.088000e+02
2.525000e+02 2.094000e+02
2.560000e+02 2.100000e+02
2.582500e+02 2.104500e+02
2.605000e+02 2.109000e+02
2.627500e+02 2.113500e+02
2.650000e+02 2.118000e+02
2.683750e+02 2.122500e+02
2.717500e+02 2.127000e+02
2.751250e+02 2.131500e+02
2.785000e+02 2.136000e+02
2.826250e+02 2.139000e+02
2.867500e+02 2.142000e+02
2.908750e+02 2.145000e+02
2.950000e+02 2.148000e+02
2.970000e+02 2.149500e+02
2.990000e+02 2.151000e+02
3.030000e+02 2.154000e+02
3.070000e+02 2.157000e+02
3.110000e+02 2.160000e+02
3.155000e+02 2.163000e+02
3.200000e+02 2.166000e+02
3.240000e+02 2.166000e+02
3.280000e+02 2.166000e+02
3.317500e+02 2.166000e+02
3.355000e+02 2.166000e+02
3.415000e+02 2.160000e+02
3.475000e+02 2.154000e+02
3.517500e+02 2.148000e+02
3.560000e+02 2.142000e+02
3.600000e+02 2.136000e+02
3.640000e+02 2.130000e+02
3.695000e+02 2.115000e+02
3.750000e+02 2.100000e+02
3.785000e+02 2.094000e+02
3.820000e+02 2.088000e+02
3.855000e+02 2.076000e+02
3.890000e+02 2.064000e+02
3.925000e+02 2.055000e+02
3.960000e+02 2.046000e+02
3.995000e+02 2.037000e+02
4.030000e+02 2.028000e+02
4.062500e+02 2.019000e+02
4.095000e+02 2.010000e+02
4.145000e+02 1.998000e+02
4.195000e+02 1.986000e+02
4.232500e+02 1.980000e+02
4.270000e+02 1.974000e+02
4.302500e+02 1.968000e+02
4.335000e+02 1.962000e+02
4.367500e+02 1.956000e+02
4.400000e+02 1.950000e+02
4.440000e+02 1.947000e+02
4.480000e+02 1.944000e+02
4.497500e+02 1.944000e+02
4.515000e+02 1.944000e+02
4.567500e+02 1.950000e+02
4.620000e+02 1.956000e+02
4.647500e+02 1.962000e+02
4.675000e+02 1.968000e+02
4.697500e+02 1.974000e+02
4.720000e+02 1.980000e+02
4.752500e+02 1.986000e+02
4.785000e+02 1.992000e+02
4.807500e+02 1.995000e+02
4.830000e+02 1.998000e+02
4.857500e+02 1.998000e+02
4.885000e+02 1.998000e+02
4.895000e+02 1.998000e+02
4.905000e+02 1.998000e+02
4.927500e+02 1.992000e+02
4.950000e+02 1.986000e+02
4.962500e+02 1.983000e+02
4.975000e+02 1.980000e+02
4.985000e+02 1.977000e+02
4.995000e+02 1.974000e+02
5.005000e+02 1.968000e+02
5.015000e+02 1.962000e+02
5.022500e+02 1.959000e+02
5.030000e+02 1.956000e+02
5.037500e+02 1.953000e+02
5.045000e+02 1.950000e+02
5.052500e+02 1.950000e+02
5.060000e+02 1.950000e+02
5.065000e+02 1.947000e+02
5.070000e+02 1.944000e+02
5.077500e+02 1.944000e+02
5.085000e+02 1.944000e+02
5.087500e+02 1.944000e+02
5.090000e+02 1.944000e+02
5.095000e+02 1.947000e+02
5.100000e+02 1.950000e+02
5.105000e+02 1.953000e+02
5.110000e+02 1.956000e+02
5.112500e+02 1.959000e+02
5.115000e+02 1.962000e+02
5.115000e+02 1.962000e+02
5.115000e+02 1.962000e+02
9.650000e+01 1.950000e+02
9.650000e+01 1.950000e+02
9.650000e+01 1.950000e+02
9.650000e+01 1.950000e+02
9.650000e+01 1.950000e+02
9.637500e+01 1.951500e+02
9.625000e+01 1.953000e+02
9.612500e+01 1.954500e+02
9.600000e+01 1.956000e+02
9.600000e+01 1.957500e+02
9.600000e+01 1.959000e+02
9.600000e+01 1.960500e+02
9.600000e+01 1.962000e+02
9.587500e+01 1.962000e+02
9.575000e+01 1.962000e+02
9.562500e+01 1.962000e+02
9.550000e+01 1.962000e+02
9.562500e+01 1.962000e+02
9.575000e+01 1.962000e+02
9.587500e+01 1.962000e+02
9.600000e+01 1.962000e+02
9.625000e+01 1.963500e+02
9.650000e+01 1.965000e+02
9.675000e+01 1.966500e+02
9.700000e+01 1.968000e+02
9.750000e+01 1.968000e+02
9.800000e+01 1.968000e+02
9.850000e+01 1.968000e+02
9.900000e+01 1.968000e+02
9.950000e+01 1.969500e+02
1.000000e+02 1.971000e+02
1.005000e+02 1.972500e+02
1.010000e+02 1.974000e+02
1.028750e+02 1.974000e+02
1.047500e+02 1.974000e+02
1.066250e+02 1.974000e+02
1.085000e+02 1.974000e+02
1.098750e+02 1.975500e+02
1.112500e+02 1.977000e+02
1.126250e+02 1.978500e+02
1.140000e+02 1.980000e+02
1.156250e+02 1.978500e+02
1.172500e+02 1.977000e+02
1.188750e+02 1.975500e+02
1.205000e+02 1.974000e+02
1.221250e+02 1.974000e+02
1.237500e+02 1.974000e+02
1.253750e+02 1.974000e+02
1.270000e+02 1.974000e+02
1.290000e+02 1.974000e+02
1.310000e+02 1.974000e+02
1.330000e+02 1.974000e+02
1.350000e+02 1.974000e+02
1.371250e+02 1.974000e+02
1.392500e+02 1.974000e+02
1.413750e+02 1.974000e+02
1.435000e+02 1.974000e+02
1.453750e+02 1.974000e+02
1.472500e+02 1.974000e+02
1.491250e+02 1.974000e+02
1.510000e+02 1.974000e+02
1.531250e+02 1.974000e+02
1.552500e+02 1.974000e+02
1.573750e+02 1.974000e+02
1.595000e+02 1.974000e+02
1.617500e+02 1.975500e+02
1.640000e+02 1.977000e+02
1.662500e+02 1.978500e+02
1.685000e+02 1.980000e+02
1.707500e+02 1.981500e+02
1.730000e+02 1.983000e+02
1.752500e+02 1.984500e+02
1.775000e+02 1.986000e+02
1.798750e+02 1.987500e+02
1.822500e+02 1.989000e+02
1.846250e+02 1.990500e+02
1.870000e+02 1.992000e+02
1.902500e+02 1.995000e+02
1.935000e+02 1.998000e+02
1.967500e+02 2.001000e+02
2.000000e+02 2.004000e+02
2.012500e+02 2.005500e+02
2.025000e+02 2.007000e+02
2.037500e+02 2.008500e+02
2.050000e+02 2.010000e+02
2.072500e+02 2.013000e+02
2.095000e+02 2.016000e+02
2.117500e+02 2.019000e+02
2.140000e+02 2.022000e+02
2.162500e+02 2.025000e+02
2.185000e+02 2.028000e+02
2.207500e+02 2.031000e+02
2.230000e+02 2.034000e+02
2.255000e+02 2.038500e+02
2.280000e+02 2.043000e+02
2.305000e+02 2.047500e+02
2.330000e+02 2.052000e+02
2.352500e+02 2.058000e+02
2.375000e+02 2.064000e+02
2.397500e+02 2.070000e+02
2.420000e+02 2.076000e+02
2.455000e+02 2.082000e+02
2.490000e+02 2.088000e+02
2.525000e+02 2.094000e+02
2.560000e+02 2.100000e+02
2.582500e+02 2.104500e+02
2.605000e+02 2.109000e+02
2.627500e+02 2.113500e+02
2.650000e+02 2.118000e+02
2.683750e+02 2.122500e+02
2.717500e+02 2.127000e+02
2.751250e+02 2.131500e+02
2.785000e+02 2.136000e+02
2.826250e+02 2.139000e+02
2.867500e+02 2.142000e+02
2.908750e+02 2.145000e+02
2.950000e+02 2.148000e+02
2.970000e+02 2.149500e+02
2.990000e+02 2.151000e+02
3.030000e+02 2.154000e+02
3.070000e+02 2.157000e+02
3.110000e+02 2.160000e+02
3.155000e+02 2.163000e+02
3.200000e+02 2.166000e+02
3.240000e+02 2.166000e+02
3.280000e+02 2.166000e+02
3.317500e+02 2.166000e+02
3.355000e+02 2.166000e+02
3.415000e+02 2.160000e+02
3.475000e+02 2.154000e+02
3.517500e+02 2.148000e+02
3.560000e+02 2.142000e+02
3.600000e+02 2.136000e+02
3.640000e+02 2.130000e+02
3.695000e+02 2.115000e+02
3.750000e+02 2.100000e+02
3.785000e+02 2.094000e+02
3.820000e+02 2.088000e+02
3.855000e+02 2.076000e+02
3.890000e+02 2.064000e+02
3.925000e+02 2.055000e+02
3.960000e+02 2.046000e+02
3.995000e+02 2.037000e+02
4.030000e+02 2.028000e+02
4.062500e+02 2.019000e+02
4.095000e+02 2.010000e+02
4.145000e+02 1.998000e+02
4.195000e+02 1.986000e+02
4.232500e+02 1.980000e+02
4.270000e+02 1.974000e+02
4.302500e+02 1.968000e+02
4.335000e+02 1.962000e+02
4.367500e+02 1.956000e+02
4.400000e+02 1.950000e+02
4.440000e+02 1.947000e+02
4.480000e+02 1.944000e+02
4.497500e+02 1.944000e+02
4.515000e+02 1.944000e+02
4.567500e+02 1.950000e+02
4.620000e+02 1.956000e+02
4.647500e+02 1.962000e+02
4.675000e+02 1.968000e+02
4.697500e+02 1.974000e+02
4.720000e+02 1.980000e+02
4.752500e+02 1.986000e+02
4.785000e+02 1.992000e+02
4.807500e+02 1.995000e+02
4.830000e+02 1.998000e+02
4.857500e+02 1.998000e+02
4.885000e+02 1.998000e+02
4.895000e+02 1.998000e+02
4.905000e+02 1.998000e+02
4.927500e+02 1.992000e+02
4.950000e+02 1.986000e+02
4.962500e+02 1.983000e+02
4.975000e+02 1.980000e+02
4.985000e+02 1.977000e+02
4.995000e+02 1.974000e+02
5.005000e+02 1.968000e+02
5.015000e+02 1.962000e+02
5.022500e+02 1.959000e+02
5.030000e+02 1.956000e+02
5.037500e+02 1.953000e+02
5.045000e+02 1.950000e+02
5.052500e+02 1.950000e+02
5.060000e+02 1.950000e+02
5.065000e+02 1.947000e+02
5.070000e+02 1.944000e+02
5.077500e+02 1.944000e+02
5.085000e+02 1.944000e+02
5.087500e+02 1.944000e+02
5.090000e+02 1.944000e+02
5.095000e+02 1.947000e+02
5.100000e+02 1.950000e+02
5.105000e+02 1.953000e+02
5.110000e+02 1.956000e+02
5.112500e+02 1.959000e+02
5.115000e+02 1.962000e+02
5.115000e+02 1.962000e+02
5.115000e+02 1.962000e+02
9.650000e+01 1.950000e+02
9.650000e+01 1.950000e+02
9.650000e+01 1.950000e+02
9.650000e+01 1.950000e+02
9.650000e+01 1.950000e+02
9.637500e+01 1.951500e+02
9.625000e+01 1.953000e+02
9.612500e+01 1.954500e+02
9.600000e+01 1.956000e+02
9.600000e+01 1.957500e+02
9.600000e+01 1.959000e+02
9.600000e+01 1.960500e+02
9.600000e+01 1.962000e+02
9.587500e+01 1.962000e+02
9.575000e+01 1.962000e+02
9.562500e+01 1.962000e+02
9.550000e+01 1.962000e+02
9.562500e+01 1.962000e+02
9.575000e+01 1.962000e+02
9.587500e+01 1.962000e+02
9.600000e+01 1.962000e+02
9.625000e+01 1.963500e+02
9.650000e+01 1.965000e+02
9.675000e+01 1.966500e+02
9.700000e+01 1.968000e+02
9.750000e+01 1.968000e+02
9.800000e+01 1.968000e+02
9.850000e+01 1.968000e+02
9.900000e+01 1.968000e+02
9.950000e+01 1.969500e+02
1.000000e+02 1.971000e+02
1.005000e+02 1.972500e+02
1.010000e+02 1.974000e+02
1.028750e+02 1.974000e+02
1.047500e+02 1.974000e+02
1.066250e+02 1.974000e+02
1.085000e+02 1.974000e+02
1.098750e+02 1.975500e+02
1.112500e+02 1.977000e+02
1.126250e+02 1.978500e+02
1.140000e+02 1.980000e+02
1.156250e+02 1.978500e+02
1.172500e+02 1.977000e+02
1.188750e+02 1.975500e+02
1.205000e+02 1.974000e+02
1.221250e+02 1.974000e+02
1.237500e+02 1.974000e+02
1.253750e+02 1.974000e+02
1.270000e+02 1.974000e+02
1.290000e+02 1.974000e+02
1.310000e+02 1.974000e+02
1.330000e+02 1.974000e+02
1.350000e+02 1.974000e+02
1.371250e+02 1.974000e+02
1.392500e+02 1.974000e+02
1.413750e+02 1.974000e+02
1.435000e+02 1.974000e+02
1.453750e+02 1.974000e+02
1.472500e+02 1.974000e+02
1.491250e+02 1.974000e+02
1.510000e+02 1.974000e+02
1.531250e+02 1.974000e+02
1.552500e+02 1.974000e+02
1.573750e+02 1.974000e+02
1.595000e+02 1.974000e+02
1.617500e+02 1.975500e+02
1.640000e+02 1.977000e+02
1.662500e+02 1.978500e+02
1.685000e+02 1.980000e+02
1.707500e+02 1.981500e+02
1.730000e+02 1.983000e+02
1.752500e+02 1.984500e+02
1.775000e+02 1.986000e+02
1.798750e+02 1.987500e+02
1.822500e+02 1.989000e+02
1.846250e+02 1.990500e+02
1.870000e+02 1.992000e+02
1.902500e+02 1.995000e+02
1.935000e+02 1.998000e+02
1.967500e+02 2.001000e+02
2.000000e+02 2.004000e+02
2.012500e+02 2.005500e+02
2.025000e+02 2.007000e+02
2.037500e+02 2.008500e+02
2.050000e+02 2.010000e+02
2.072500e+02 2.013000e+02
2.095000e+02 2.016000e+02
2.117500e+02 2.019000e+02
2.140000e+02 2.022000e+02
2.162500e+02 2.025000e+02
2.185000e+02 2.028000e+02
2.207500e+02 2.031000e+02
2.230000e+02 2.034000e+02
2.255000e+02 2.038500e+02
2.280000e+02 2.043000e+02
2.305000e+02 2.047500e+02
2.330000e+02 2.052000e+02
2.352500e+02 2.058000e+02
2.375000e+02 2.064000e+02
2.397500e+02 2.070000e+02
2.420000e+02 2.076000e+02
2.455000e+02 2.082000e+02
2.490000e+02 2.088000e+02
2.525000e+02 2.094000e+02
2.560000e+02 2.100000e+02
2.582500e+02 2.104500e+02
2.605000e+02 2.109000e+02
2.627500e+02 2.113500e+02
2.650000e+02 2.118000e+02
2.683750e+02 2.122500e+02
2.717500e+02 2.127000e+02
2.751250e+02 2.131500e+02
2.785000e+02 2.136000e+02
2.826250e+02 2.139000e+02
2.867500e+02 2.142000e+02
2.908750e+02 2.145000e+02
2.950000e+02 2.148000e+02
2.970000e+02 2.149500e+02
2.990000e+02 2.151000e+02
3.030000e+02 2.154000e+02
3.070000e+02 2.157000e+02
3.110000e+02 2.160000e+02
3.155000e+02 2.163000e+02
3.200000e+02 2.166000e+02
3.240000e+02 2.166000e+02
3.280000e+02 2.166000e+02
3.317500e+02 2.166000e+02
3.355000e+02 2.166000e+02
3.415000e+02 2.160000e+02
3.475000e+02 2.154000e+02
3.517500e+02 2.148000e+02
3.560000e+02 2.142000e+02
3.600000e+02 2.136000e+02
3.640000e+02 2.130000e+02
3.695000e+02 2.115000e+02
3.750000e+02 2.100000e+02
3.785000e+02 2.094000e+02
3.820000e+02 2.088000e+02
3.855000e+02 2.076000e+02
3.890000e+02 2.064000e+02
3.925000e+02 2.055000e+02
3.960000e+02 2.046000e+02
3.995000e+02 2.037000e+02
4.030000e+02 2.028000e+02
4.062500e+02 2.019000e+02
4.095000e+02 2.010000e+02
4.145000e+02 1.998000e+02
4.195000e+02 1.986000e+02
4.232500e+02 1.980000e+02
4.270000e+02 1.974000e+02
4.302500e+02 1.968000e+02
4.335000e+02 1.962000e+02
4.367500e+02 1.956000e+02
4.400000e+02 1.950000e+02
4.440000e+02 1.947000e+02
4.480000e+02 1.944000e+02
4.497500e+02 1.944000e+02
4.515000e+02 1.944000e+02
4.567500e+02 1.950000e+02
4.620000e+02 1.956000e+02
4.647500e+02 1.962000e+02
4.675000e+02 1.968000e+02
4.697500e+02 1.974000e+02
4.720000e+02 1.980000e+02
4.752500e+02 1.986000e+02
4.785000e+02 1.992000e+02
4.807500e+02 1.995000e+02
4.830000e+02 1.998000e+02
4.857500e+02 1.998000e+02
4.885000e+02 1.998000e+02
4.895000e+02 1.998000e+02
4.905000e+02 1.998000e+02
4.927500e+02 1.992000e+02
4.950000e+02 1.986000e+02
4.962500e+02 1.983000e+02
4.975000e+02 1.980000e+02
4.985000e+02 1.977000e+02
4.995000e+02 1.974000e+02
5.005000e+02 1.968000e+02
5.015000e+02 1.962000e+02
5.022500e+02 1.959000e+02
5.030000e+02 1.956000e+02
5.037500e+02 1.953000e+02
5.045000e+02 1.950000e+02
5.052500e+02 1.950000e+02
5.060000e+02 1.950000e+02
5.065000e+02 1.947000e+02
5.070000e+02 1.944000e+02
5.077500e+02 1.944000e+02
5.085000e+02 1.944000e+02
5.087500e+02 1.944000e+02
5.090000e+02 1.944000e+02
5.095000e+02 1.947000e+02
5.100000e+02 1.950000e+02
5.105000e+02 1.953000e+02
5.110000e+02 1.956000e+02
5.112500e+02 1.959000e+02
5.115000e+02 1.962000e+02
5.115000e+02 1.962000e+02
5.115000e+02 1.962000e+02
