2.275000e+02 3.522000e+02
2.275000e+02 3.522000e+02
2.275000e+02 3.522000e+02
2.275000e+02 3.522000e+02
2.275000e+02 3.522000e+02
2.275000e+02 3.520500e+02
2.275000e+02 3.519000e+02
2.275000e+02 3.517500e+02
2.275000e+02 3.516000e+02
2.275000e+02 3.514500e+02
2.275000e+02 3.513000e+02
2.275000e+02 3.510000e+02
2.275000e+02 3.507000e+02
2.275000e+02 3.504000e+02
2.275000e+02 3.495000e+02
2.275000e+02 3.486000e+02
2.277500e+02 3.474000e+02
2.280000e+02 3.462000e+02
2.282500e+02 3.456000e+02
2.285000e+02 3.450000e+02
2.285000e+02 3.435000e+02
2.285000e+02 3.420000e+02
2.290000e+02 3.402000e+02
2.295000e+02 3.384000e+02
2.295000e+02 3.372000e+02
2.295000e+02 3.360000e+02
2.300000e+02 3.339000e+02
2.305000e+02 3.318000e+02
2.310000e+02 3.291000e+02
2.315000e+02 3.264000e+02
2.320000e+02 3.234000e+02
2.325000e+02 3.204000e+02
2.332500e+02 3.174000e+02
2.340000e+02 3.144000e+02
2.345000e+02 3.126000e+02
2.350000e+02 3.108000e+02
2.360000e+02 3.072000e+02
2.370000e+02 3.036000e+02
2.382500e+02 2.997000e+02
2.395000e+02 2.958000e+02
2.400000e+02 2.940000e+02
2.405000e+02 2.922000e+02
2.417500e+02 2.877000e+02
2.430000e+02 2.832000e+02
2.442500e+02 2.787000e+02
2.455000e+02 2.742000e+02
2.467500e+02 2.694000e+02
2.480000e+02 2.646000e+02
2.485000e+02 2.625000e+02
2.490000e+02 2.604000e+02
2.510000e+02 2.538000e+02
2.530000e+02 2.472000e+02
2.535000e+02 2.448000e+02
2.540000e+02 2.424000e+02
2.550000e+02 2.376000e+02
2.560000e+02 2.328000e+02
2.572500e+02 2.283000e+02
2.585000e+02 2.238000e+02
2.600000e+02 2.196000e+02
2.615000e+02 2.154000e+02
2.622500e+02 2.133000e+02
2.630000e+02 2.112000e+02
2.642500e+02 2.073000e+02
2.655000e+02 2.034000e+02
2.667500e+02 1.995000e+02
2.680000e+02 1.956000e+02
2.687500e+02 1.935000e+02
2.695000e+02 1.914000e+02
2.710000e+02 1.878000e+02
2.725000e+02 1.842000e+02
2.737500e+02 1.809000e+02
2.750000e+02 1.776000e+02
2.762500e+02 1.743000e+02
2.775000e+02 1.710000e+02
2.780000e+02 1.695000e+02
2.785000e+02 1.680000e+02
2.795000e+02 1.656000e+02
2.805000e+02 1.632000e+02
2.815000e+02 1.611000e+02
2.825000e+02 1.590000e+02
2.830000e+02 1.581000e+02
2.835000e+02 1.572000e+02
2.845000e+02 1.554000e+02
2.855000e+02 1.536000e+02
2.865000e+02 1.521000e+02
2.875000e+02 1.506000e+02
2.880000e+02 1.500000e+02
2.885000e+02 1.494000e+02
2.892500e+02 1.485000e+02
2.900000e+02 1.476000e+02
2.905000e+02 1.470000e+02
2.910000e+02 1.464000e+02
2.915000e+02 1.461000e+02
2.920000e+02 1.458000e+02
2.927500e+02 1.458000e+02
2.935000e+02 1.458000e+02
2.945000e+02 1.458000e+02
2.955000e+02 1.458000e+02
2.965000e+02 1.464000e+02
2.975000e+02 1.470000e+02
2.985000e+02 1.482000e+02
2.995000e+02 1.494000e+02
3.005000e+02 1.506000e+02
3.015000e+02 1.518000e+02
3.020000e+02 1.521000e+02
3.025000e+02 1.524000e+02
3.035000e+02 1.539000e+02
3.045000e+02 1.554000e+02
3.057500e+02 1.575000e+02
3.070000e+02 1.596000e+02
3.075000e+02 1.605000e+02
3.080000e+02 1.614000e+02
3.095000e+02 1.635000e+02
3.110000e+02 1.656000e+02
3.122500e+02 1.683000e+02
3.135000e+02 1.710000e+02
3.140000e+02 1.722000e+02
3.145000e+02 1.734000e+02
3.160000e+02 1.761000e+02
3.175000e+02 1.788000e+02
3.187500e+02 1.815000e+02
3.200000e+02 1.842000e+02
3.207500e+02 1.860000e+02
3.215000e+02 1.878000e+02
3.227500e+02 1.905000e+02
3.240000e+02 1.932000e+02
3.255000e+02 1.968000e+02
3.270000e+02 2.004000e+02
3.277500e+02 2.022000e+02
3.285000e+02 2.040000e+02
3.297500e+02 2.073000e+02
3.310000e+02 2.106000e+02
3.322500e+02 2.145000e+02
3.335000e+02 2.184000e+02
3.342500e+02 2.202000e+02
3.350000e+02 2.220000e+02
3.365000e+02 2.259000e+02
3.380000e+02 2.298000e+02
3.395000e+02 2.337000e+02
3.410000e+02 2.376000e+02
3.415000e+02 2.397000e+02
3.420000e+02 2.418000e+02
3.435000e+02 2.457000e+02
3.450000e+02 2.496000e+02
3.465000e+02 2.541000e+02
3.480000e+02 2.586000e+02
3.487500e+02 2.607000e+02
3.495000e+02 2.628000e+02
3.510000e+02 2.676000e+02
3.525000e+02 2.724000e+02
3.530000e+02 2.745000e+02
3.535000e+02 2.766000e+02
3.545000e+02 2.787000e+02
3.555000e+02 2.808000e+02
3.570000e+02 2.856000e+02
3.585000e+02 2.904000e+02
3.600000e+02 2.946000e+02
3.615000e+02 2.988000e+02
3.627500e+02 3.033000e+02
3.640000e+02 3.078000e+02
3.655000e+02 3.117000e+02
3.670000e+02 3.156000e+02
3.682500e+02 3.195000e+02
3.695000e+02 3.234000e+02
3.702500e+02 3.252000e+02
3.710000e+02 3.270000e+02
3.722500e+02 3.303000e+02
3.735000e+02 3.336000e+02
3.747500e+02 3.369000e+02
3.760000e+02 3.402000e+02
3.770000e+02 3.432000e+02
3.780000e+02 3.462000e+02
3.790000e+02 3.486000e+02
3.800000e+02 3.510000e+02
3.807500e+02 3.531000e+02
3.815000e+02 3.552000e+02
3.822500e+02 3.570000e+02
3.830000e+02 3.588000e+02
3.832500e+02 3.597000e+02
3.835000e+02 3.606000e+02
3.840000e+02 3.618000e+02
3.845000e+02 3.630000e+02
3.847500e+02 3.636000e+02
3.850000e+02 3.642000e+02
3.855000e+02 3.651000e+02
3.860000e+02 3.660000e+02
3.860000e+02 3.660000e+02
3.860000e+02 3.660000e+02
3.862500e+02 3.666000e+02
3.865000e+02 3.672000e+02
3.867500e+02 3.675000e+02
3.870000e+02 3.678000e+02
3.872500e+02 3.675000e+02
3.875000e+02 3.672000e+02
3.875000e+02 3.666000e+02
3.875000e+02 3.660000e+02
3.875000e+02 3.654000e+02
3.875000e+02 3.648000e+02
3.875000e+02 3.648000e+02
3.875000e+02 3.648000e+02
