2.340000e+02 1.200000e+02
2.340000e+02 1.200000e+02
2.340000e+02 1.200000e+02
2.340000e+02 1.197000e+02
2.340000e+02 1.194000e+02
2.340000e+02 1.194000e+02
2.340000e+02 1.194000e+02
2.340000e+02 1.194000e+02
2.340000e+02 1.194000e+02
2.337500e+02 1.194000e+02
2.335000e+02 1.194000e+02
2.335000e+02 1.194000e+02
2.335000e+02 1.194000e+02
2.335000e+02 1.194000e+02
2.335000e+02 1.194000e+02
2.337500e+02 1.197000e+02
2.340000e+02 1.200000e+02
2.345000e+02 1.209000e+02
2.350000e+02 1.218000e+02
2.357500e+02 1.230000e+02
2.365000e+02 1.242000e+02
2.375000e+02 1.263000e+02
2.385000e+02 1.284000e+02
2.407500e+02 1.323000e+02
2.430000e+02 1.362000e+02
2.450000e+02 1.395000e+02
2.470000e+02 1.428000e+02
2.485000e+02 1.461000e+02
2.500000e+02 1.494000e+02
2.520000e+02 1.530000e+02
2.540000e+02 1.566000e+02
2.562500e+02 1.605000e+02
2.585000e+02 1.644000e+02
2.605000e+02 1.686000e+02
2.625000e+02 1.728000e+02
2.650000e+02 1.773000e+02
2.675000e+02 1.818000e+02
2.700000e+02 1.866000e+02
2.725000e+02 1.914000e+02
2.750000e+02 1.959000e+02
2.775000e+02 2.004000e+02
2.802500e+02 2.052000e+02
2.830000e+02 2.100000e+02
2.857500e+02 2.145000e+02
2.885000e+02 2.190000e+02
2.915000e+02 2.241000e+02
2.945000e+02 2.292000e+02
2.990000e+02 2.367000e+02
3.035000e+02 2.442000e+02
3.052500e+02 2.472000e+02
3.070000e+02 2.502000e+02
3.095000e+02 2.544000e+02
3.120000e+02 2.586000e+02
3.152500e+02 2.640000e+02
3.185000e+02 2.694000e+02
3.210000e+02 2.739000e+02
3.235000e+02 2.784000e+02
3.262500e+02 2.829000e+02
3.290000e+02 2.874000e+02
3.315000e+02 2.916000e+02
3.340000e+02 2.958000e+02
3.360000e+02 2.994000e+02
3.380000e+02 3.030000e+02
3.402500e+02 3.075000e+02
3.425000e+02 3.120000e+02
3.445000e+02 3.156000e+02
3.465000e+02 3.192000e+02
3.487500e+02 3.246000e+02
3.510000e+02 3.300000e+02
3.517500e+02 3.315000e+02
3.525000e+02 3.330000e+02
3.552500e+02 3.390000e+02
3.580000e+02 3.450000e+02
3.590000e+02 3.474000e+02
3.600000e+02 3.498000e+02
3.607500e+02 3.519000e+02
3.615000e+02 3.540000e+02
3.627500e+02 3.573000e+02
3.640000e+02 3.606000e+02
3.650000e+02 3.627000e+02
3.660000e+02 3.648000e+02
3.665000e+02 3.660000e+02
3.670000e+02 3.672000e+02
3.677500e+02 3.684000e+02
3.685000e+02 3.696000e+02
3.690000e+02 3.705000e+02
3.695000e+02 3.714000e+02
3.700000e+02 3.720000e+02
3.705000e+02 3.726000e+02
3.707500e+02 3.735000e+02
3.710000e+02 3.744000e+02
3.712500e+02 3.747000e+02
3.715000e+02 3.750000e+02
3.717500e+02 3.753000e+02
3.720000e+02 3.756000e+02
3.720000e+02 3.759000e+02
3.720000e+02 3.762000e+02
3.722500e+02 3.765000e+02
3.725000e+02 3.768000e+02
3.725000e+02 3.768000e+02
3.725000e+02 3.768000e+02
3.725000e+02 3.771000e+02
3.725000e+02 3.774000e+02
3.725000e+02 3.774000e+02
3.725000e+02 3.774000e+02
3.725000e+02 3.774000e+02
3.725000e+02 3.774000e+02
3.720000e+02 3.774000e+02
3.715000e+02 3.774000e+02
3.710000e+02 3.768000e+02
3.700000e+02 3.762000e+02
3.685000e+02 3.756000e+02
3.650000e+02 3.750000e+02
3.600000e+02 3.744000e+02
3.540000e+02 3.738000e+02
3.440000e+02 3.738000e+02
3.405000e+02 3.732000e+02
3.325000e+02 3.732000e+02
3.240000e+02 3.732000e+02
3.160000e+02 3.732000e+02
3.070000e+02 3.744000e+02
2.980000e+02 3.750000e+02
2.885000e+02 3.768000e+02
2.800000e+02 3.780000e+02
2.710000e+02 3.798000e+02
2.625000e+02 3.810000e+02
2.550000e+02 3.828000e+02
2.460000e+02 3.840000e+02
2.390000e+02 3.852000e+02
2.285000e+02 3.870000e+02
2.225000e+02 3.876000e+02
2.165000e+02 3.882000e+02
2.115000e+02 3.894000e+02
2.075000e+02 3.900000e+02
2.040000e+02 3.900000e+02
2.015000e+02 3.906000e+02
1.995000e+02 3.906000e+02
1.980000e+02 3.906000e+02
1.970000e+02 3.906000e+02
1.960000e+02 3.906000e+02
1.960000e+02 3.906000e+02
1.955000e+02 3.900000e+02
1.955000e+02 3.900000e+02
1.950000e+02 3.894000e+02
1.955000e+02 3.888000e+02
1.960000e+02 3.882000e+02
1.980000e+02 3.858000e+02
2.015000e+02 3.804000e+02
2.060000e+02 3.744000e+02
2.105000e+02 3.690000e+02
2.180000e+02 3.594000e+02
2.210000e+02 3.564000e+02
2.265000e+02 3.480000e+02
2.330000e+02 3.408000e+02
2.395000e+02 3.318000e+02
2.465000e+02 3.222000e+02
2.540000e+02 3.120000e+02
2.665000e+02 2.964000e+02
2.780000e+02 2.814000e+02
2.870000e+02 2.700000e+02
2.960000e+02 2.586000e+02
3.050000e+02 2.478000e+02
3.130000e+02 2.364000e+02
3.220000e+02 2.250000e+02
3.335000e+02 2.100000e+02
3.405000e+02 2.010000e+02
3.495000e+02 1.890000e+02
3.565000e+02 1.812000e+02
3.615000e+02 1.752000e+02
3.675000e+02 1.686000e+02
3.760000e+02 1.590000e+02
3.790000e+02 1.560000e+02
3.840000e+02 1.500000e+02
3.890000e+02 1.452000e+02
3.935000e+02 1.404000e+02
3.975000e+02 1.344000e+02
4.010000e+02 1.296000e+02
4.040000e+02 1.254000e+02
4.075000e+02 1.218000e+02
4.100000e+02 1.182000e+02
4.125000e+02 1.152000e+02
4.140000e+02 1.128000e+02
4.155000e+02 1.110000e+02
4.165000e+02 1.098000e+02
4.180000e+02 1.080000e+02
4.185000e+02 1.080000e+02
4.185000e+02 1.074000e+02
4.190000e+02 1.074000e+02
4.195000e+02 1.068000e+02
4.195000e+02 1.068000e+02
4.195000e+02 1.068000e+02
4.195000e+02 1.062000e+02
4.195000e+02 1.062000e+02
4.195000e+02 1.062000e+02
4.195000e+02 1.062000e+02
4.195000e+02 1.056000e+02
4.200000e+02 1.056000e+02
4.200000e+02 1.062000e+02
4.200000e+02 1.062000e+02
4.200000e+02 1.062000e+02
2.340000e+02 1.200000e+02
2.340000e+02 1.200000e+02
2.340000e+02 1.200000e+02
2.340000e+02 1.197000e+02
2.340000e+02 1.194000e+02
2.340000e+02 1.194000e+02
2.340000e+02 1.194000e+02
2.340000e+02 1.194000e+02
2.340000e+02 1.194000e+02
2.337500e+02 1.194000e+02
2.335000e+02 1.194000e+02
2.335000e+02 1.194000e+02
2.335000e+02 1.194000e+02
2.335000e+02 1.194000e+02
2.335000e+02 1.194000e+02
2.337500e+02 1.197000e+02
2.340000e+02 1.200000e+02
2.345000e+02 1.209000e+02
2.350000e+02 1.218000e+02
2.357500e+02 1.230000e+02
2.365000e+02 1.242000e+02
2.375000e+02 1.263000e+02
2.385000e+02 1.284000e+02
2.407500e+02 1.323000e+02
2.430000e+02 1.362000e+02
2.450000e+02 1.395000e+02
2.470000e+02 1.428000e+02
2.485000e+02 1.461000e+02
2.500000e+02 1.494000e+02
2.520000e+02 1.530000e+02
2.540000e+02 1.566000e+02
2.562500e+02 1.605000e+02
2.585000e+02 1.644000e+02
2.605000e+02 1.686000e+02
2.625000e+02 1.728000e+02
2.650000e+02 1.773000e+02
2.675000e+02 1.818000e+02
2.700000e+02 1.866000e+02
2.725000e+02 1.914000e+02
2.750000e+02 1.959000e+02
2.775000e+02 2.004000e+02
2.802500e+02 2.052000e+02
2.830000e+02 2.100000e+02
2.857500e+02 2.145000e+02
2.885000e+02 2.190000e+02
2.915000e+02 2.241000e+02
2.945000e+02 2.292000e+02
2.990000e+02 2.367000e+02
3.035000e+02 2.442000e+02
3.052500e+02 2.472000e+02
3.070000e+02 2.502000e+02
3.095000e+02 2.544000e+02
3.120000e+02 2.586000e+02
3.152500e+02 2.640000e+02
3.185000e+02 2.694000e+02
3.210000e+02 2.739000e+02
3.235000e+02 2.784000e+02
3.262500e+02 2.829000e+02
3.290000e+02 2.874000e+02
3.315000e+02 2.916000e+02
3.340000e+02 2.958000e+02
3.360000e+02 2.994000e+02
3.380000e+02 3.030000e+02
3.402500e+02 3.075000e+02
3.425000e+02 3.120000e+02
3.445000e+02 3.156000e+02
3.465000e+02 3.192000e+02
3.487500e+02 3.246000e+02
3.510000e+02 3.300000e+02
3.517500e+02 3.315000e+02
3.525000e+02 3.330000e+02
3.552500e+02 3.390000e+02
3.580000e+02 3.450000e+02
3.590000e+02 3.474000e+02
3.600000e+02 3.498000e+02
3.607500e+02 3.519000e+02
3.615000e+02 3.540000e+02
3.627500e+02 3.573000e+02
3.640000e+02 3.606000e+02
3.650000e+02 3.627000e+02
3.660000e+02 3.648000e+02
3.665000e+02 3.660000e+02
3.670000e+02 3.672000e+02
3.677500e+02 3.684000e+02
3.685000e+02 3.696000e+02
3.690000e+02 3.705000e+02
3.695000e+02 3.714000e+02
3.700000e+02 3.720000e+02
3.705000e+02 3.726000e+02
3.707500e+02 3.735000e+02
3.710000e+02 3.744000e+02
3.712500e+02 3.747000e+02
3.715000e+02 3.750000e+02
3.717500e+02 3.753000e+02
3.720000e+02 3.756000e+02
3.720000e+02 3.759000e+02
3.720000e+02 3.762000e+02
3.722500e+02 3.765000e+02
3.725000e+02 3.768000e+02
3.725000e+02 3.768000e+02
3.725000e+02 3.768000e+02
3.725000e+02 3.771000e+02
3.725000e+02 3.774000e+02
3.725000e+02 3.774000e+02
3.725000e+02 3.774000e+02
3.725000e+02 3.774000e+02
3.725000e+02 3.774000e+02
3.720000e+02 3.774000e+02
3.715000e+02 3.774000e+02
3.710000e+02 3.768000e+02
3.700000e+02 3.762000e+02
3.685000e+02 3.756000e+02
3.650000e+02 3.750000e+02
3.600000e+02 3.744000e+02
3.540000e+02 3.738000e+02
3.440000e+02 3.738000e+02
3.405000e+02 3.732000e+02
3.325000e+02 3.732000e+02
3.240000e+02 3.732000e+02
3.160000e+02 3.732000e+02
3.070000e+02 3.744000e+02
2.980000e+02 3.750000e+02
2.885000e+02 3.768000e+02
2.800000e+02 3.780000e+02
2.710000e+02 3.798000e+02
2.625000e+02 3.810000e+02
2.550000e+02 3.828000e+02
2.460000e+02 3.840000e+02
2.390000e+02 3.852000e+02
2.285000e+02 3.870000e+02
2.225000e+02 3.876000e+02
2.165000e+02 3.882000e+02
2.115000e+02 3.894000e+02
2.075000e+02 3.900000e+02
2.040000e+02 3.900000e+02
2.015000e+02 3.906000e+02
1.995000e+02 3.906000e+02
1.980000e+02 3.906000e+02
1.970000e+02 3.906000e+02
1.960000e+02 3.906000e+02
1.960000e+02 3.906000e+02
1.955000e+02 3.900000e+02
1.955000e+02 3.900000e+02
1.950000e+02 3.894000e+02
1.955000e+02 3.888000e+02
1.960000e+02 3.882000e+02
1.980000e+02 3.858000e+02
2.015000e+02 3.804000e+02
2.060000e+02 3.744000e+02
2.105000e+02 3.690000e+02
2.180000e+02 3.594000e+02
2.210000e+02 3.564000e+02
2.265000e+02 3.480000e+02
2.330000e+02 3.408000e+02
2.395000e+02 3.318000e+02
2.465000e+02 3.222000e+02
2.540000e+02 3.120000e+02
2.665000e+02 2.964000e+02
2.780000e+02 2.814000e+02
2.870000e+02 2.700000e+02
2.960000e+02 2.586000e+02
3.050000e+02 2.478000e+02
3.130000e+02 2.364000e+02
3.220000e+02 2.250000e+02
3.335000e+02 2.100000e+02
3.405000e+02 2.010000e+02
3.495000e+02 1.890000e+02
3.565000e+02 1.812000e+02
3.615000e+02 1.752000e+02
3.675000e+02 1.686000e+02
3.760000e+02 1.590000e+02
3.790000e+02 1.560000e+02
3.840000e+02 1.500000e+02
3.890000e+02 1.452000e+02
3.935000e+02 1.404000e+02
3.975000e+02 1.344000e+02
4.010000e+02 1.296000e+02
4.040000e+02 1.254000e+02
4.075000e+02 1.218000e+02
4.100000e+02 1.182000e+02
4.125000e+02 1.152000e+02
4.140000e+02 1.128000e+02
4.155000e+02 1.110000e+02
4.165000e+02 1.098000e+02
4.180000e+02 1.080000e+02
4.185000e+02 1.080000e+02
4.185000e+02 1.074000e+02
4.190000e+02 1.074000e+02
4.195000e+02 1.068000e+02
4.195000e+02 1.068000e+02
4.195000e+02 1.068000e+02
4.195000e+02 1.062000e+02
4.195000e+02 1.062000e+02
4.195000e+02 1.062000e+02
4.195000e+02 1.062000e+02
4.195000e+02 1.056000e+02
4.200000e+02 1.056000e+02
4.200000e+02 1.062000e+02
4.200000e+02 1.062000e+02
4.200000e+02 1.062000e+02
2.340000e+02 1.200000e+02
2.340000e+02 1.200000e+02
2.340000e+02 1.200000e+02
2.340000e+02 1.197000e+02
2.340000e+02 1.194000e+02
2.340000e+02 1.194000e+02
2.340000e+02 1.194000e+02
2.340000e+02 1.194000e+02
2.340000e+02 1.194000e+02
2.337500e+02 1.194000e+02
2.335000e+02 1.194000e+02
2.335000e+02 1.194000e+02
2.335000e+02 1.194000e+02
2.335000e+02 1.194000e+02
2.335000e+02 1.194000e+02
2.337500e+02 1.197000e+02
2.340000e+02 1.200000e+02
2.345000e+02 1.209000e+02
2.350000e+02 1.218000e+02
2.357500e+02 1.230000e+02
2.365000e+02 1.242000e+02
2.375000e+02 1.263000e+02
2.385000e+02 1.284000e+02
2.407500e+02 1.323000e+02
2.430000e+02 1.362000e+02
2.450000e+02 1.395000e+02
2.470000e+02 1.428000e+02
2.485000e+02 1.461000e+02
2.500000e+02 1.494000e+02
2.520000e+02 1.530000e+02
2.540000e+02 1.566000e+02
2.562500e+02 1.605000e+02
2.585000e+02 1.644000e+02
2.605000e+02 1.686000e+02
2.625000e+02 1.728000e+02
2.650000e+02 1.773000e+02
2.675000e+02 1.818000e+02
2.700000e+02 1.866000e+02
2.725000e+02 1.914000e+02
2.750000e+02 1.959000e+02
2.775000e+02 2.004000e+02
2.802500e+02 2.052000e+02
2.830000e+02 2.100000e+02
2.857500e+02 2.145000e+02
2.885000e+02 2.190000e+02
2.915000e+02 2.241000e+02
2.945000e+02 2.292000e+02
2.990000e+02 2.367000e+02
3.035000e+02 2.442000e+02
3.052500e+02 2.472000e+02
3.070000e+02 2.502000e+02
3.095000e+02 2.544000e+02
3.120000e+02 2.586000e+02
3.152500e+02 2.640000e+02
3.185000e+02 2.694000e+02
3.210000e+02 2.739000e+02
3.235000e+02 2.784000e+02
3.262500e+02 2.829000e+02
3.290000e+02 2.874000e+02
3.315000e+02 2.916000e+02
3.340000e+02 2.958000e+02
3.360000e+02 2.994000e+02
3.380000e+02 3.030000e+02
3.402500e+02 3.075000e+02
3.425000e+02 3.120000e+02
3.445000e+02 3.156000e+02
3.465000e+02 3.192000e+02
3.487500e+02 3.246000e+02
3.510000e+02 3.300000e+02
3.517500e+02 3.315000e+02
3.525000e+02 3.330000e+02
3.552500e+02 3.390000e+02
3.580000e+02 3.450000e+02
3.590000e+02 3.474000e+02
3.600000e+02 3.498000e+02
3.607500e+02 3.519000e+02
3.615000e+02 3.540000e+02
3.627500e+02 3.573000e+02
3.640000e+02 3.606000e+02
3.650000e+02 3.627000e+02
3.660000e+02 3.648000e+02
3.665000e+02 3.660000e+02
3.670000e+02 3.672000e+02
3.677500e+02 3.684000e+02
3.685000e+02 3.696000e+02
3.690000e+02 3.705000e+02
3.695000e+02 3.714000e+02
3.700000e+02 3.720000e+02
3.705000e+02 3.726000e+02
3.707500e+02 3.735000e+02
3.710000e+02 3.744000e+02
3.712500e+02 3.747000e+02
3.715000e+02 3.750000e+02
3.717500e+02 3.753000e+02
3.720000e+02 3.756000e+02
3.720000e+02 3.759000e+02
3.720000e+02 3.762000e+02
3.722500e+02 3.765000e+02
3.725000e+02 3.768000e+02
3.725000e+02 3.768000e+02
3.725000e+02 3.768000e+02
3.725000e+02 3.771000e+02
3.725000e+02 3.774000e+02
3.725000e+02 3.774000e+02
3.725000e+02 3.774000e+02
3.725000e+02 3.774000e+02
3.725000e+02 3.774000e+02
3.720000e+02 3.774000e+02
3.715000e+02 3.774000e+02
3.710000e+02 3.768000e+02
3.700000e+02 3.762000e+02
3.685000e+02 3.756000e+02
3.650000e+02 3.750000e+02
3.600000e+02 3.744000e+02
3.540000e+02 3.738000e+02
3.440000e+02 3.738000e+02
3.405000e+02 3.732000e+02
3.325000e+02 3.732000e+02
3.240000e+02 3.732000e+02
3.160000e+02 3.732000e+02
3.070000e+02 3.744000e+02
2.980000e+02 3.750000e+02
2.885000e+02 3.768000e+02
2.800000e+02 3.780000e+02
2.710000e+02 3.798000e+02
2.625000e+02 3.810000e+02
2.550000e+02 3.828000e+02
2.460000e+02 3.840000e+02
2.390000e+02 3.852000e+02
2.285000e+02 3.870000e+02
2.225000e+02 3.876000e+02
2.165000e+02 3.882000e+02
2.115000e+02 3.894000e+02
2.075000e+02 3.900000e+02
2.040000e+02 3.900000e+02
2.015000e+02 3.906000e+02
1.995000e+02 3.906000e+02
1.980000e+02 3.906000e+02
1.970000e+02 3.906000e+02
1.960000e+02 3.906000e+02
1.960000e+02 3.906000e+02
1.955000e+02 3.900000e+02
1.955000e+02 3.900000e+02
1.950000e+02 3.894000e+02
1.955000e+02 3.888000e+02
1.960000e+02 3.882000e+02
1.980000e+02 3.858000e+02
2.015000e+02 3.804000e+02
2.060000e+02 3.744000e+02
2.105000e+02 3.690000e+02
2.180000e+02 3.594000e+02
2.210000e+02 3.564000e+02
2.265000e+02 3.480000e+02
2.330000e+02 3.408000e+02
2.395000e+02 3.318000e+02
2.465000e+02 3.222000e+02
2.540000e+02 3.120000e+02
2.665000e+02 2.964000e+02
2.780000e+02 2.814000e+02
2.870000e+02 2.700000e+02
2.960000e+02 2.586000e+02
3.050000e+02 2.478000e+02
3.130000e+02 2.364000e+02
3.220000e+02 2.250000e+02
3.335000e+02 2.100000e+02
3.405000e+02 2.010000e+02
3.495000e+02 1.890000e+02
3.565000e+02 1.812000e+02
3.615000e+02 1.752000e+02
3.675000e+02 1.686000e+02
3.760000e+02 1.590000e+02
3.790000e+02 1.560000e+02
3.840000e+02 1.500000e+02
3.890000e+02 1.452000e+02
3.935000e+02 1.404000e+02
3.975000e+02 1.344000e+02
4.010000e+02 1.296000e+02
4.040000e+02 1.254000e+02
4.075000e+02 1.218000e+02
4.100000e+02 1.182000e+02
4.125000e+02 1.152000e+02
4.140000e+02 1.128000e+02
4.155000e+02 1.110000e+02
4.165000e+02 1.098000e+02
4.180000e+02 1.080000e+02
4.185000e+02 1.080000e+02
4.185000e+02 1.074000e+02
4.190000e+02 1.074000e+02
4.195000e+02 1.068000e+02
4.195000e+02 1.068000e+02
4.195000e+02 1.068000e+02
4.195000e+02 1.062000e+02
4.195000e+02 1.062000e+02
4.195000e+02 1.062000e+02
4.195000e+02 1.062000e+02
4.195000e+02 1.056000e+02
4.200000e+02 1.056000e+02
4.200000e+02 1.062000e+02
4.200000e+02 1.062000e+02
4.200000e+02 1.062000e+02
