1.400000e+02 1.386000e+02
1.400000e+02 1.386000e+02
1.400000e+02 1.386000e+02
1.400000e+02 1.386000e+02
1.400000e+02 1.386000e+02
1.401250e+02 1.386000e+02
1.402500e+02 1.386000e+02
1.403750e+02 1.386000e+02
1.405000e+02 1.386000e+02
1.405000e+02 1.387500e+02
1.405000e+02 1.389000e+02
1.405000e+02 1.390500e+02
1.405000e+02 1.392000e+02
1.406250e+02 1.395000e+02
1.407500e+02 1.398000e+02
1.408750e+02 1.401000e+02
1.410000e+02 1.404000e+02
1.415000e+02 1.417500e+02
1.420000e+02 1.431000e+02
1.425000e+02 1.444500e+02
1.430000e+02 1.458000e+02
1.437500e+02 1.477500e+02
1.445000e+02 1.497000e+02
1.452500e+02 1.516500e+02
1.460000e+02 1.536000e+02
1.467500e+02 1.560000e+02
1.475000e+02 1.584000e+02
1.482500e+02 1.608000e+02
1.490000e+02 1.632000e+02
1.498750e+02 1.663500e+02
1.507500e+02 1.695000e+02
1.516250e+02 1.726500e+02
1.525000e+02 1.758000e+02
1.535000e+02 1.801500e+02
1.545000e+02 1.845000e+02
1.555000e+02 1.888500e+02
1.565000e+02 1.932000e+02
1.568750e+02 1.941000e+02
1.572500e+02 1.950000e+02
1.576250e+02 1.959000e+02
1.580000e+02 1.968000e+02
1.587500e+02 1.999500e+02
1.595000e+02 2.031000e+02
1.602500e+02 2.062500e+02
1.610000e+02 2.094000e+02
1.615000e+02 2.113500e+02
1.620000e+02 2.133000e+02
1.625000e+02 2.152500e+02
1.630000e+02 2.172000e+02
1.633750e+02 2.185500e+02
1.637500e+02 2.199000e+02
1.645000e+02 2.226000e+02
1.650000e+02 2.247000e+02
1.655000e+02 2.268000e+02
1.660000e+02 2.283000e+02
1.665000e+02 2.298000e+02
1.667500e+02 2.313000e+02
1.670000e+02 2.328000e+02
1.675000e+02 2.343000e+02
1.680000e+02 2.358000e+02
1.682500e+02 2.367000e+02
1.685000e+02 2.376000e+02
1.685000e+02 2.379000e+02
1.685000e+02 2.382000e+02
1.687500e+02 2.385000e+02
1.690000e+02 2.388000e+02
1.690000e+02 2.391000e+02
1.690000e+02 2.394000e+02
1.692500e+02 2.394000e+02
1.695000e+02 2.394000e+02
1.697500e+02 2.391000e+02
1.700000e+02 2.388000e+02
1.705000e+02 2.382000e+02
1.710000e+02 2.376000e+02
1.715000e+02 2.370000e+02
1.720000e+02 2.364000e+02
1.725000e+02 2.352000e+02
1.730000e+02 2.340000e+02
1.742500e+02 2.319000e+02
1.755000e+02 2.298000e+02
1.765000e+02 2.277000e+02
1.775000e+02 2.256000e+02
1.787500e+02 2.238000e+02
1.800000e+02 2.220000e+02
1.815000e+02 2.202000e+02
1.830000e+02 2.184000e+02
1.845000e+02 2.163000e+02
1.860000e+02 2.142000e+02
1.877500e+02 2.121000e+02
1.895000e+02 2.100000e+02
1.915000e+02 2.082000e+02
1.935000e+02 2.064000e+02
1.957500e+02 2.046000e+02
1.980000e+02 2.028000e+02
2.005000e+02 2.013000e+02
2.030000e+02 1.998000e+02
2.057500e+02 1.980000e+02
2.085000e+02 1.962000e+02
2.107500e+02 1.944000e+02
2.130000e+02 1.926000e+02
2.157500e+02 1.911000e+02
2.185000e+02 1.896000e+02
2.220000e+02 1.878000e+02
2.255000e+02 1.860000e+02
2.297500e+02 1.839000e+02
2.340000e+02 1.818000e+02
2.382500e+02 1.794000e+02
2.425000e+02 1.770000e+02
2.452500e+02 1.755000e+02
2.480000e+02 1.740000e+02
2.510000e+02 1.728000e+02
2.540000e+02 1.716000e+02
2.567500e+02 1.707000e+02
2.595000e+02 1.698000e+02
2.625000e+02 1.686000e+02
2.655000e+02 1.674000e+02
2.682500e+02 1.665000e+02
2.710000e+02 1.656000e+02
2.737500e+02 1.644000e+02
2.765000e+02 1.632000e+02
2.795000e+02 1.620000e+02
2.825000e+02 1.608000e+02
2.852500e+02 1.599000e+02
2.880000e+02 1.590000e+02
2.910000e+02 1.581000e+02
2.940000e+02 1.572000e+02
2.967500e+02 1.566000e+02
2.995000e+02 1.560000e+02
3.027500e+02 1.554000e+02
3.060000e+02 1.548000e+02
3.092500e+02 1.542000e+02
3.125000e+02 1.536000e+02
3.160000e+02 1.530000e+02
3.195000e+02 1.524000e+02
3.232500e+02 1.521000e+02
3.270000e+02 1.518000e+02
3.305000e+02 1.509000e+02
3.340000e+02 1.500000e+02
3.377500e+02 1.494000e+02
3.415000e+02 1.488000e+02
3.450000e+02 1.485000e+02
3.485000e+02 1.482000e+02
3.522500e+02 1.476000e+02
3.560000e+02 1.470000e+02
3.610000e+02 1.464000e+02
3.660000e+02 1.458000e+02
3.687500e+02 1.455000e+02
3.715000e+02 1.452000e+02
3.752500e+02 1.449000e+02
3.790000e+02 1.446000e+02
3.820000e+02 1.443000e+02
3.850000e+02 1.440000e+02
3.885000e+02 1.440000e+02
3.920000e+02 1.440000e+02
3.947500e+02 1.437000e+02
3.975000e+02 1.434000e+02
4.007500e+02 1.434000e+02
4.040000e+02 1.434000e+02
4.067500e+02 1.434000e+02
4.095000e+02 1.434000e+02
4.125000e+02 1.434000e+02
4.155000e+02 1.434000e+02
4.177500e+02 1.431000e+02
4.200000e+02 1.428000e+02
4.220000e+02 1.428000e+02
4.240000e+02 1.428000e+02
4.267500e+02 1.428000e+02
4.295000e+02 1.428000e+02
4.315000e+02 1.428000e+02
4.335000e+02 1.428000e+02
4.347500e+02 1.431000e+02
4.360000e+02 1.434000e+02
4.365000e+02 1.434000e+02
4.370000e+02 1.434000e+02
4.375000e+02 1.434000e+02
4.380000e+02 1.434000e+02
4.385000e+02 1.434000e+02
4.390000e+02 1.434000e+02
4.392500e+02 1.434000e+02
4.395000e+02 1.434000e+02
4.397500e+02 1.434000e+02
4.400000e+02 1.434000e+02
4.402500e+02 1.434000e+02
4.405000e+02 1.434000e+02
4.405000e+02 1.434000e+02
4.405000e+02 1.434000e+02
4.405000e+02 1.434000e+02
4.405000e+02 1.434000e+02
4.407500e+02 1.434000e+02
4.410000e+02 1.434000e+02
4.410000e+02 1.434000e+02
4.410000e+02 1.434000e+02
4.410000e+02 1.434000e+02
4.410000e+02 1.434000e+02
4.410000e+02 1.434000e+02
4.410000e+02 1.434000e+02
4.407500e+02 1.434000e+02
4.405000e+02 1.434000e+02
4.405000e+02 1.434000e+02
4.405000e+02 1.434000e+02
1.400000e+02 1.386000e+02
1.400000e+02 1.386000e+02
1.400000e+02 1.386000e+02
1.400000e+02 1.386000e+02
1.400000e+02 1.386000e+02
1.401250e+02 1.386000e+02
1.402500e+02 1.386000e+02
1.403750e+02 1.386000e+02
1.405000e+02 1.386000e+02
1.405000e+02 1.387500e+02
1.405000e+02 1.389000e+02
1.405000e+02 1.390500e+02
1.405000e+02 1.392000e+02
1.406250e+02 1.395000e+02
1.407500e+02 1.398000e+02
1.408750e+02 1.401000e+02
1.410000e+02 1.404000e+02
1.415000e+02 1.417500e+02
1.420000e+02 1.431000e+02
1.425000e+02 1.444500e+02
1.430000e+02 1.458000e+02
1.437500e+02 1.477500e+02
1.445000e+02 1.497000e+02
1.452500e+02 1.516500e+02
1.460000e+02 1.536000e+02
1.467500e+02 1.560000e+02
1.475000e+02 1.584000e+02
1.482500e+02 1.608000e+02
1.490000e+02 1.632000e+02
1.498750e+02 1.663500e+02
1.507500e+02 1.695000e+02
1.516250e+02 1.726500e+02
1.525000e+02 1.758000e+02
1.535000e+02 1.801500e+02
1.545000e+02 1.845000e+02
1.555000e+02 1.888500e+02
1.565000e+02 1.932000e+02
1.568750e+02 1.941000e+02
1.572500e+02 1.950000e+02
1.576250e+02 1.959000e+02
1.580000e+02 1.968000e+02
1.587500e+02 1.999500e+02
1.595000e+02 2.031000e+02
1.602500e+02 2.062500e+02
1.610000e+02 2.094000e+02
1.615000e+02 2.113500e+02
1.620000e+02 2.133000e+02
1.625000e+02 2.152500e+02
1.630000e+02 2.172000e+02
1.633750e+02 2.185500e+02
1.637500e+02 2.199000e+02
1.645000e+02 2.226000e+02
1.650000e+02 2.247000e+02
1.655000e+02 2.268000e+02
1.660000e+02 2.283000e+02
1.665000e+02 2.298000e+02
1.667500e+02 2.313000e+02
1.670000e+02 2.328000e+02
1.675000e+02 2.343000e+02
1.680000e+02 2.358000e+02
1.682500e+02 2.367000e+02
1.685000e+02 2.376000e+02
1.685000e+02 2.379000e+02
1.685000e+02 2.382000e+02
1.687500e+02 2.385000e+02
1.690000e+02 2.388000e+02
1.690000e+02 2.391000e+02
1.690000e+02 2.394000e+02
1.692500e+02 2.394000e+02
1.695000e+02 2.394000e+02
1.697500e+02 2.391000e+02
1.700000e+02 2.388000e+02
1.705000e+02 2.382000e+02
1.710000e+02 2.376000e+02
1.715000e+02 2.370000e+02
1.720000e+02 2.364000e+02
1.725000e+02 2.352000e+02
1.730000e+02 2.340000e+02
1.742500e+02 2.319000e+02
1.755000e+02 2.298000e+02
1.765000e+02 2.277000e+02
1.775000e+02 2.256000e+02
1.787500e+02 2.238000e+02
1.800000e+02 2.220000e+02
1.815000e+02 2.202000e+02
1.830000e+02 2.184000e+02
1.845000e+02 2.163000e+02
1.860000e+02 2.142000e+02
1.877500e+02 2.121000e+02
1.895000e+02 2.100000e+02
1.915000e+02 2.082000e+02
1.935000e+02 2.064000e+02
1.957500e+02 2.046000e+02
1.980000e+02 2.028000e+02
2.005000e+02 2.013000e+02
2.030000e+02 1.998000e+02
2.057500e+02 1.980000e+02
2.085000e+02 1.962000e+02
2.107500e+02 1.944000e+02
2.130000e+02 1.926000e+02
2.157500e+02 1.911000e+02
2.185000e+02 1.896000e+02
2.220000e+02 1.878000e+02
2.255000e+02 1.860000e+02
2.297500e+02 1.839000e+02
2.340000e+02 1.818000e+02
2.382500e+02 1.794000e+02
2.425000e+02 1.770000e+02
2.452500e+02 1.755000e+02
2.480000e+02 1.740000e+02
2.510000e+02 1.728000e+02
2.540000e+02 1.716000e+02
2.567500e+02 1.707000e+02
2.595000e+02 1.698000e+02
2.625000e+02 1.686000e+02
2.655000e+02 1.674000e+02
2.682500e+02 1.665000e+02
2.710000e+02 1.656000e+02
2.737500e+02 1.644000e+02
2.765000e+02 1.632000e+02
2.795000e+02 1.620000e+02
2.825000e+02 1.608000e+02
2.852500e+02 1.599000e+02
2.880000e+02 1.590000e+02
2.910000e+02 1.581000e+02
2.940000e+02 1.572000e+02
2.967500e+02 1.566000e+02
2.995000e+02 1.560000e+02
3.027500e+02 1.554000e+02
3.060000e+02 1.548000e+02
3.092500e+02 1.542000e+02
3.125000e+02 1.536000e+02
3.160000e+02 1.530000e+02
3.195000e+02 1.524000e+02
3.232500e+02 1.521000e+02
3.270000e+02 1.518000e+02
3.305000e+02 1.509000e+02
3.340000e+02 1.500000e+02
3.377500e+02 1.494000e+02
3.415000e+02 1.488000e+02
3.450000e+02 1.485000e+02
3.485000e+02 1.482000e+02
3.522500e+02 1.476000e+02
3.560000e+02 1.470000e+02
3.610000e+02 1.464000e+02
3.660000e+02 1.458000e+02
3.687500e+02 1.455000e+02
3.715000e+02 1.452000e+02
3.752500e+02 1.449000e+02
3.790000e+02 1.446000e+02
3.820000e+02 1.443000e+02
3.850000e+02 1.440000e+02
3.885000e+02 1.440000e+02
3.920000e+02 1.440000e+02
3.947500e+02 1.437000e+02
3.975000e+02 1.434000e+02
4.007500e+02 1.434000e+02
4.040000e+02 1.434000e+02
4.067500e+02 1.434000e+02
4.095000e+02 1.434000e+02
4.125000e+02 1.434000e+02
4.155000e+02 1.434000e+02
4.177500e+02 1.431000e+02
4.200000e+02 1.428000e+02
4.220000e+02 1.428000e+02
4.240000e+02 1.428000e+02
4.267500e+02 1.428000e+02
4.295000e+02 1.428000e+02
4.315000e+02 1.428000e+02
4.335000e+02 1.428000e+02
4.347500e+02 1.431000e+02
4.360000e+02 1.434000e+02
4.365000e+02 1.434000e+02
4.370000e+02 1.434000e+02
4.375000e+02 1.434000e+02
4.380000e+02 1.434000e+02
4.385000e+02 1.434000e+02
4.390000e+02 1.434000e+02
4.392500e+02 1.434000e+02
4.395000e+02 1.434000e+02
4.397500e+02 1.434000e+02
4.400000e+02 1.434000e+02
4.402500e+02 1.434000e+02
4.405000e+02 1.434000e+02
4.405000e+02 1.434000e+02
4.405000e+02 1.434000e+02
4.405000e+02 1.434000e+02
4.405000e+02 1.434000e+02
4.407500e+02 1.434000e+02
4.410000e+02 1.434000e+02
4.410000e+02 1.434000e+02
4.410000e+02 1.434000e+02
4.410000e+02 1.434000e+02
4.410000e+02 1.434000e+02
4.410000e+02 1.434000e+02
4.410000e+02 1.434000e+02
4.407500e+02 1.434000e+02
4.405000e+02 1.434000e+02
4.405000e+02 1.434000e+02
4.405000e+02 1.434000e+02
1.400000e+02 1.386000e+02
1.400000e+02 1.386000e+02
1.400000e+02 1.386000e+02
1.400000e+02 1.386000e+02
1.400000e+02 1.386000e+02
1.401250e+02 1.386000e+02
1.402500e+02 1.386000e+02
1.403750e+02 1.386000e+02
1.405000e+02 1.386000e+02
1.405000e+02 1.387500e+02
1.405000e+02 1.389000e+02
1.405000e+02 1.390500e+02
1.405000e+02 1.392000e+02
1.406250e+02 1.395000e+02
1.407500e+02 1.398000e+02
1.408750e+02 1.401000e+02
1.410000e+02 1.404000e+02
1.415000e+02 1.417500e+02
1.420000e+02 1.431000e+02
1.425000e+02 1.444500e+02
1.430000e+02 1.458000e+02
1.437500e+02 1.477500e+02
1.445000e+02 1.497000e+02
1.452500e+02 1.516500e+02
1.460000e+02 1.536000e+02
1.467500e+02 1.560000e+02
1.475000e+02 1.584000e+02
1.482500e+02 1.608000e+02
1.490000e+02 1.632000e+02
1.498750e+02 1.663500e+02
1.507500e+02 1.695000e+02
1.516250e+02 1.726500e+02
1.525000e+02 1.758000e+02
1.535000e+02 1.801500e+02
1.545000e+02 1.845000e+02
1.555000e+02 1.888500e+02
1.565000e+02 1.932000e+02
1.568750e+02 1.941000e+02
1.572500e+02 1.950000e+02
1.576250e+02 1.959000e+02
1.580000e+02 1.968000e+02
1.587500e+02 1.999500e+02
1.595000e+02 2.031000e+02
1.602500e+02 2.062500e+02
1.610000e+02 2.094000e+02
1.615000e+02 2.113500e+02
1.620000e+02 2.133000e+02
1.625000e+02 2.152500e+02
1.630000e+02 2.172000e+02
1.633750e+02 2.185500e+02
1.637500e+02 2.199000e+02
1.645000e+02 2.226000e+02
1.650000e+02 2.247000e+02
1.655000e+02 2.268000e+02
1.660000e+02 2.283000e+02
1.665000e+02 2.298000e+02
1.667500e+02 2.313000e+02
1.670000e+02 2.328000e+02
1.675000e+02 2.343000e+02
1.680000e+02 2.358000e+02
1.682500e+02 2.367000e+02
1.685000e+02 2.376000e+02
1.685000e+02 2.379000e+02
1.685000e+02 2.382000e+02
1.687500e+02 2.385000e+02
1.690000e+02 2.388000e+02
1.690000e+02 2.391000e+02
1.690000e+02 2.394000e+02
1.692500e+02 2.394000e+02
1.695000e+02 2.394000e+02
1.697500e+02 2.391000e+02
1.700000e+02 2.388000e+02
1.705000e+02 2.382000e+02
1.710000e+02 2.376000e+02
1.715000e+02 2.370000e+02
1.720000e+02 2.364000e+02
1.725000e+02 2.352000e+02
1.730000e+02 2.340000e+02
1.742500e+02 2.319000e+02
1.755000e+02 2.298000e+02
1.765000e+02 2.277000e+02
1.775000e+02 2.256000e+02
1.787500e+02 2.238000e+02
1.800000e+02 2.220000e+02
1.815000e+02 2.202000e+02
1.830000e+02 2.184000e+02
1.845000e+02 2.163000e+02
1.860000e+02 2.142000e+02
1.877500e+02 2.121000e+02
1.895000e+02 2.100000e+02
1.915000e+02 2.082000e+02
1.935000e+02 2.064000e+02
1.957500e+02 2.046000e+02
1.980000e+02 2.028000e+02
2.005000e+02 2.013000e+02
2.030000e+02 1.998000e+02
2.057500e+02 1.980000e+02
2.085000e+02 1.962000e+02
2.107500e+02 1.944000e+02
2.130000e+02 1.926000e+02
2.157500e+02 1.911000e+02
2.185000e+02 1.896000e+02
2.220000e+02 1.878000e+02
2.255000e+02 1.860000e+02
2.297500e+02 1.839000e+02
2.340000e+02 1.818000e+02
2.382500e+02 1.794000e+02
2.425000e+02 1.770000e+02
2.452500e+02 1.755000e+02
2.480000e+02 1.740000e+02
2.510000e+02 1.728000e+02
2.540000e+02 1.716000e+02
2.567500e+02 1.707000e+02
2.595000e+02 1.698000e+02
2.625000e+02 1.686000e+02
2.655000e+02 1.674000e+02
2.682500e+02 1.665000e+02
2.710000e+02 1.656000e+02
2.737500e+02 1.644000e+02
2.765000e+02 1.632000e+02
2.795000e+02 1.620000e+02
2.825000e+02 1.608000e+02
2.852500e+02 1.599000e+02
2.880000e+02 1.590000e+02
2.910000e+02 1.581000e+02
2.940000e+02 1.572000e+02
2.967500e+02 1.566000e+02
2.995000e+02 1.560000e+02
3.027500e+02 1.554000e+02
3.060000e+02 1.548000e+02
3.092500e+02 1.542000e+02
3.125000e+02 1.536000e+02
3.160000e+02 1.530000e+02
3.195000e+02 1.524000e+02
3.232500e+02 1.521000e+02
3.270000e+02 1.518000e+02
3.305000e+02 1.509000e+02
3.340000e+02 1.500000e+02
3.377500e+02 1.494000e+02
3.415000e+02 1.488000e+02
3.450000e+02 1.485000e+02
3.485000e+02 1.482000e+02
3.522500e+02 1.476000e+02
3.560000e+02 1.470000e+02
3.610000e+02 1.464000e+02
3.660000e+02 1.458000e+02
3.687500e+02 1.455000e+02
3.715000e+02 1.452000e+02
3.752500e+02 1.449000e+02
3.790000e+02 1.446000e+02
3.820000e+02 1.443000e+02
3.850000e+02 1.440000e+02
3.885000e+02 1.440000e+02
3.920000e+02 1.440000e+02
3.947500e+02 1.437000e+02
3.975000e+02 1.434000e+02
4.007500e+02 1.434000e+02
4.040000e+02 1.434000e+02
4.067500e+02 1.434000e+02
4.095000e+02 1.434000e+02
4.125000e+02 1.434000e+02
4.155000e+02 1.434000e+02
4.177500e+02 1.431000e+02
4.200000e+02 1.428000e+02
4.220000e+02 1.428000e+02
4.240000e+02 1.428000e+02
4.267500e+02 1.428000e+02
4.295000e+02 1.428000e+02
4.315000e+02 1.428000e+02
4.335000e+02 1.428000e+02
4.347500e+02 1.431000e+02
4.360000e+02 1.434000e+02
4.365000e+02 1.434000e+02
4.370000e+02 1.434000e+02
4.375000e+02 1.434000e+02
4.380000e+02 1.434000e+02
4.385000e+02 1.434000e+02
4.390000e+02 1.434000e+02
4.392500e+02 1.434000e+02
4.395000e+02 1.434000e+02
4.397500e+02 1.434000e+02
4.400000e+02 1.434000e+02
4.402500e+02 1.434000e+02
4.405000e+02 1.434000e+02
4.405000e+02 1.434000e+02
4.405000e+02 1.434000e+02
4.405000e+02 1.434000e+02
4.405000e+02 1.434000e+02
4.407500e+02 1.434000e+02
4.410000e+02 1.434000e+02
4.410000e+02 1.434000e+02
4.410000e+02 1.434000e+02
4.410000e+02 1.434000e+02
4.410000e+02 1.434000e+02
4.410000e+02 1.434000e+02
4.410000e+02 1.434000e+02
4.407500e+02 1.434000e+02
4.405000e+02 1.434000e+02
4.405000e+02 1.434000e+02
4.405000e+02 1.434000e+02
