1.165000e+02 2.430000e+02
1.165000e+02 2.430000e+02
1.165000e+02 2.430000e+02
1.165000e+02 2.430000e+02
1.165000e+02 2.430000e+02
1.166250e+02 2.430000e+02
1.167500e+02 2.430000e+02
1.168750e+02 2.430000e+02
1.170000e+02 2.430000e+02
1.171250e+02 2.431500e+02
1.172500e+02 2.433000e+02
1.173750e+02 2.434500e+02
1.175000e+02 2.436000e+02
1.181250e+02 2.440500e+02
1.187500e+02 2.445000e+02
1.193750e+02 2.449500e+02
1.200000e+02 2.454000e+02
1.208750e+02 2.460000e+02
1.217500e+02 2.466000e+02
1.226250e+02 2.472000e+02
1.235000e+02 2.478000e+02
1.247500e+02 2.485500e+02
1.260000e+02 2.493000e+02
1.272500e+02 2.500500e+02
1.285000e+02 2.508000e+02
1.297500e+02 2.514000e+02
1.310000e+02 2.520000e+02
1.322500e+02 2.526000e+02
1.335000e+02 2.532000e+02
1.350000e+02 2.539500e+02
1.365000e+02 2.547000e+02
1.380000e+02 2.554500e+02
1.395000e+02 2.562000e+02
1.411250e+02 2.566500e+02
1.427500e+02 2.571000e+02
1.443750e+02 2.575500e+02
1.460000e+02 2.580000e+02
1.475000e+02 2.584500e+02
1.490000e+02 2.589000e+02
1.505000e+02 2.593500e+02
1.520000e+02 2.598000e+02
1.536250e+02 2.599500e+02
1.552500e+02 2.601000e+02
1.568750e+02 2.602500e+02
1.585000e+02 2.604000e+02
1.600000e+02 2.605500e+02
1.615000e+02 2.607000e+02
1.630000e+02 2.608500e+02
1.645000e+02 2.610000e+02
1.661250e+02 2.610000e+02
1.677500e+02 2.610000e+02
1.693750e+02 2.610000e+02
1.710000e+02 2.610000e+02
1.727500e+02 2.610000e+02
1.745000e+02 2.610000e+02
1.762500e+02 2.610000e+02
1.780000e+02 2.610000e+02
1.796250e+02 2.610000e+02
1.812500e+02 2.610000e+02
1.828750e+02 2.610000e+02
1.845000e+02 2.610000e+02
1.865000e+02 2.607000e+02
1.885000e+02 2.604000e+02
1.905000e+02 2.601000e+02
1.925000e+02 2.598000e+02
1.942500e+02 2.596500e+02
1.960000e+02 2.595000e+02
1.977500e+02 2.593500e+02
1.995000e+02 2.592000e+02
2.017500e+02 2.589000e+02
2.040000e+02 2.586000e+02
2.062500e+02 2.583000e+02
2.085000e+02 2.580000e+02
2.105000e+02 2.578500e+02
2.125000e+02 2.577000e+02
2.145000e+02 2.575500e+02
2.165000e+02 2.574000e+02
2.183750e+02 2.572500e+02
2.202500e+02 2.571000e+02
2.221250e+02 2.569500e+02
2.240000e+02 2.568000e+02
2.270000e+02 2.566500e+02
2.300000e+02 2.565000e+02
2.330000e+02 2.563500e+02
2.360000e+02 2.562000e+02
2.370000e+02 2.562000e+02
2.380000e+02 2.562000e+02
2.390000e+02 2.562000e+02
2.400000e+02 2.562000e+02
2.442500e+02 2.562000e+02
2.485000e+02 2.562000e+02
2.527500e+02 2.562000e+02
2.570000e+02 2.562000e+02
2.590000e+02 2.562000e+02
2.610000e+02 2.562000e+02
2.630000e+02 2.562000e+02
2.650000e+02 2.562000e+02
2.668750e+02 2.562000e+02
2.687500e+02 2.562000e+02
2.706250e+02 2.562000e+02
2.725000e+02 2.562000e+02
2.746250e+02 2.560500e+02
2.767500e+02 2.559000e+02
2.788750e+02 2.557500e+02
2.810000e+02 2.556000e+02
2.841250e+02 2.554500e+02
2.872500e+02 2.553000e+02
2.935000e+02 2.550000e+02
2.990000e+02 2.544000e+02
3.045000e+02 2.538000e+02
3.077500e+02 2.535000e+02
3.110000e+02 2.532000e+02
3.147500e+02 2.526000e+02
3.185000e+02 2.520000e+02
3.220000e+02 2.514000e+02
3.255000e+02 2.508000e+02
3.290000e+02 2.499000e+02
3.325000e+02 2.490000e+02
3.360000e+02 2.481000e+02
3.395000e+02 2.472000e+02
3.427500e+02 2.463000e+02
3.460000e+02 2.454000e+02
3.492500e+02 2.442000e+02
3.525000e+02 2.430000e+02
3.560000e+02 2.415000e+02
3.595000e+02 2.400000e+02
3.630000e+02 2.382000e+02
3.665000e+02 2.364000e+02
3.695000e+02 2.349000e+02
3.725000e+02 2.334000e+02
3.777500e+02 2.310000e+02
3.830000e+02 2.286000e+02
3.862500e+02 2.274000e+02
3.895000e+02 2.262000e+02
3.945000e+02 2.241000e+02
3.995000e+02 2.220000e+02
4.012500e+02 2.214000e+02
4.030000e+02 2.208000e+02
4.057500e+02 2.199000e+02
4.085000e+02 2.190000e+02
4.115000e+02 2.184000e+02
4.145000e+02 2.178000e+02
4.170000e+02 2.175000e+02
4.195000e+02 2.172000e+02
4.210000e+02 2.169000e+02
4.225000e+02 2.166000e+02
4.267500e+02 2.166000e+02
4.310000e+02 2.166000e+02
4.335000e+02 2.169000e+02
4.360000e+02 2.172000e+02
4.385000e+02 2.172000e+02
4.410000e+02 2.172000e+02
4.432500e+02 2.175000e+02
4.455000e+02 2.178000e+02
4.487500e+02 2.181000e+02
4.520000e+02 2.184000e+02
4.530000e+02 2.184000e+02
4.540000e+02 2.184000e+02
4.565000e+02 2.184000e+02
4.590000e+02 2.184000e+02
4.605000e+02 2.184000e+02
4.620000e+02 2.184000e+02
4.637500e+02 2.184000e+02
4.655000e+02 2.184000e+02
4.670000e+02 2.184000e+02
4.685000e+02 2.184000e+02
4.697500e+02 2.184000e+02
4.710000e+02 2.184000e+02
4.722500e+02 2.184000e+02
4.735000e+02 2.184000e+02
4.745000e+02 2.184000e+02
4.755000e+02 2.184000e+02
4.770000e+02 2.181000e+02
4.785000e+02 2.178000e+02
4.797500e+02 2.178000e+02
4.810000e+02 2.178000e+02
4.822500e+02 2.178000e+02
4.835000e+02 2.178000e+02
4.845000e+02 2.178000e+02
4.855000e+02 2.178000e+02
4.865000e+02 2.178000e+02
4.875000e+02 2.178000e+02
4.887500e+02 2.178000e+02
4.900000e+02 2.178000e+02
4.910000e+02 2.175000e+02
4.920000e+02 2.172000e+02
4.930000e+02 2.172000e+02
4.940000e+02 2.172000e+02
4.950000e+02 2.172000e+02
4.960000e+02 2.172000e+02
4.967500e+02 2.172000e+02
4.975000e+02 2.172000e+02
4.980000e+02 2.169000e+02
4.985000e+02 2.166000e+02
4.992500e+02 2.163000e+02
5.000000e+02 2.160000e+02
5.002500e+02 2.160000e+02
5.005000e+02 2.160000e+02
5.005000e+02 2.160000e+02
5.005000e+02 2.160000e+02
1.165000e+02 2.430000e+02
1.165000e+02 2.430000e+02
1.165000e+02 2.430000e+02
1.165000e+02 2.430000e+02
1.165000e+02 2.430000e+02
1.166250e+02 2.430000e+02
1.167500e+02 2.430000e+02
1.168750e+02 2.430000e+02
1.170000e+02 2.430000e+02
1.171250e+02 2.431500e+02
1.172500e+02 2.433000e+02
1.173750e+02 2.434500e+02
1.175000e+02 2.436000e+02
1.181250e+02 2.440500e+02
1.187500e+02 2.445000e+02
1.193750e+02 2.449500e+02
1.200000e+02 2.454000e+02
1.208750e+02 2.460000e+02
1.217500e+02 2.466000e+02
1.226250e+02 2.472000e+02
1.235000e+02 2.478000e+02
1.247500e+02 2.485500e+02
1.260000e+02 2.493000e+02
1.272500e+02 2.500500e+02
1.285000e+02 2.508000e+02
1.297500e+02 2.514000e+02
1.310000e+02 2.520000e+02
1.322500e+02 2.526000e+02
1.335000e+02 2.532000e+02
1.350000e+02 2.539500e+02
1.365000e+02 2.547000e+02
1.380000e+02 2.554500e+02
1.395000e+02 2.562000e+02
1.411250e+02 2.566500e+02
1.427500e+02 2.571000e+02
1.443750e+02 2.575500e+02
1.460000e+02 2.580000e+02
1.475000e+02 2.584500e+02
1.490000e+02 2.589000e+02
1.505000e+02 2.593500e+02
1.520000e+02 2.598000e+02
1.536250e+02 2.599500e+02
1.552500e+02 2.601000e+02
1.568750e+02 2.602500e+02
1.585000e+02 2.604000e+02
1.600000e+02 2.605500e+02
1.615000e+02 2.607000e+02
1.630000e+02 2.608500e+02
1.645000e+02 2.610000e+02
1.661250e+02 2.610000e+02
1.677500e+02 2.610000e+02
1.693750e+02 2.610000e+02
1.710000e+02 2.610000e+02
1.727500e+02 2.610000e+02
1.745000e+02 2.610000e+02
1.762500e+02 2.610000e+02
1.780000e+02 2.610000e+02
1.796250e+02 2.610000e+02
1.812500e+02 2.610000e+02
1.828750e+02 2.610000e+02
1.845000e+02 2.610000e+02
1.865000e+02 2.607000e+02
1.885000e+02 2.604000e+02
1.905000e+02 2.601000e+02
1.925000e+02 2.598000e+02
1.942500e+02 2.596500e+02
1.960000e+02 2.595000e+02
1.977500e+02 2.593500e+02
1.995000e+02 2.592000e+02
2.017500e+02 2.589000e+02
2.040000e+02 2.586000e+02
2.062500e+02 2.583000e+02
2.085000e+02 2.580000e+02
2.105000e+02 2.578500e+02
2.125000e+02 2.577000e+02
2.145000e+02 2.575500e+02
2.165000e+02 2.574000e+02
2.183750e+02 2.572500e+02
2.202500e+02 2.571000e+02
2.221250e+02 2.569500e+02
2.240000e+02 2.568000e+02
2.270000e+02 2.566500e+02
2.300000e+02 2.565000e+02
2.330000e+02 2.563500e+02
2.360000e+02 2.562000e+02
2.370000e+02 2.562000e+02
2.380000e+02 2.562000e+02
2.390000e+02 2.562000e+02
2.400000e+02 2.562000e+02
2.442500e+02 2.562000e+02
2.485000e+02 2.562000e+02
2.527500e+02 2.562000e+02
2.570000e+02 2.562000e+02
2.590000e+02 2.562000e+02
2.610000e+02 2.562000e+02
2.630000e+02 2.562000e+02
2.650000e+02 2.562000e+02
2.668750e+02 2.562000e+02
2.687500e+02 2.562000e+02
2.706250e+02 2.562000e+02
2.725000e+02 2.562000e+02
2.746250e+02 2.560500e+02
2.767500e+02 2.559000e+02
2.788750e+02 2.557500e+02
2.810000e+02 2.556000e+02
2.841250e+02 2.554500e+02
2.872500e+02 2.553000e+02
2.935000e+02 2.550000e+02
2.990000e+02 2.544000e+02
3.045000e+02 2.538000e+02
3.077500e+02 2.535000e+02
3.110000e+02 2.532000e+02
3.147500e+02 2.526000e+02
3.185000e+02 2.520000e+02
3.220000e+02 2.514000e+02
3.255000e+02 2.508000e+02
3.290000e+02 2.499000e+02
3.325000e+02 2.490000e+02
3.360000e+02 2.481000e+02
3.395000e+02 2.472000e+02
3.427500e+02 2.463000e+02
3.460000e+02 2.454000e+02
3.492500e+02 2.442000e+02
3.525000e+02 2.430000e+02
3.560000e+02 2.415000e+02
3.595000e+02 2.400000e+02
3.630000e+02 2.382000e+02
3.665000e+02 2.364000e+02
3.695000e+02 2.349000e+02
3.725000e+02 2.334000e+02
3.777500e+02 2.310000e+02
3.830000e+02 2.286000e+02
3.862500e+02 2.274000e+02
3.895000e+02 2.262000e+02
3.945000e+02 2.241000e+02
3.995000e+02 2.220000e+02
4.012500e+02 2.214000e+02
4.030000e+02 2.208000e+02
4.057500e+02 2.199000e+02
4.085000e+02 2.190000e+02
4.115000e+02 2.184000e+02
4.145000e+02 2.178000e+02
4.170000e+02 2.175000e+02
4.195000e+02 2.172000e+02
4.210000e+02 2.169000e+02
4.225000e+02 2.166000e+02
4.267500e+02 2.166000e+02
4.310000e+02 2.166000e+02
4.335000e+02 2.169000e+02
4.360000e+02 2.172000e+02
4.385000e+02 2.172000e+02
4.410000e+02 2.172000e+02
4.432500e+02 2.175000e+02
4.455000e+02 2.178000e+02
4.487500e+02 2.181000e+02
4.520000e+02 2.184000e+02
4.530000e+02 2.184000e+02
4.540000e+02 2.184000e+02
4.565000e+02 2.184000e+02
4.590000e+02 2.184000e+02
4.605000e+02 2.184000e+02
4.620000e+02 2.184000e+02
4.637500e+02 2.184000e+02
4.655000e+02 2.184000e+02
4.670000e+02 2.184000e+02
4.685000e+02 2.184000e+02
4.697500e+02 2.184000e+02
4.710000e+02 2.184000e+02
4.722500e+02 2.184000e+02
4.735000e+02 2.184000e+02
4.745000e+02 2.184000e+02
4.755000e+02 2.184000e+02
4.770000e+02 2.181000e+02
4.785000e+02 2.178000e+02
4.797500e+02 2.178000e+02
4.810000e+02 2.178000e+02
4.822500e+02 2.178000e+02
4.835000e+02 2.178000e+02
4.845000e+02 2.178000e+02
4.855000e+02 2.178000e+02
4.865000e+02 2.178000e+02
4.875000e+02 2.178000e+02
4.887500e+02 2.178000e+02
4.900000e+02 2.178000e+02
4.910000e+02 2.175000e+02
4.920000e+02 2.172000e+02
4.930000e+02 2.172000e+02
4.940000e+02 2.172000e+02
4.950000e+02 2.172000e+02
4.960000e+02 2.172000e+02
4.967500e+02 2.172000e+02
4.975000e+02 2.172000e+02
4.980000e+02 2.169000e+02
4.985000e+02 2.166000e+02
4.992500e+02 2.163000e+02
5.000000e+02 2.160000e+02
5.002500e+02 2.160000e+02
5.005000e+02 2.160000e+02
5.005000e+02 2.160000e+02
5.005000e+02 2.160000e+02
1.165000e+02 2.430000e+02
1.165000e+02 2.430000e+02
1.165000e+02 2.430000e+02
1.165000e+02 2.430000e+02
1.165000e+02 2.430000e+02
1.166250e+02 2.430000e+02
1.167500e+02 2.430000e+02
1.168750e+02 2.430000e+02
1.170000e+02 2.430000e+02
1.171250e+02 2.431500e+02
1.172500e+02 2.433000e+02
1.173750e+02 2.434500e+02
1.175000e+02 2.436000e+02
1.181250e+02 2.440500e+02
1.187500e+02 2.445000e+02
1.193750e+02 2.449500e+02
1.200000e+02 2.454000e+02
1.208750e+02 2.460000e+02
1.217500e+02 2.466000e+02
1.226250e+02 2.472000e+02
1.235000e+02 2.478000e+02
1.247500e+02 2.485500e+02
1.260000e+02 2.493000e+02
1.272500e+02 2.500500e+02
1.285000e+02 2.508000e+02
1.297500e+02 2.514000e+02
1.310000e+02 2.520000e+02
1.322500e+02 2.526000e+02
1.335000e+02 2.532000e+02
1.350000e+02 2.539500e+02
1.365000e+02 2.547000e+02
1.380000e+02 2.554500e+02
1.395000e+02 2.562000e+02
1.411250e+02 2.566500e+02
1.427500e+02 2.571000e+02
1.443750e+02 2.575500e+02
1.460000e+02 2.580000e+02
1.475000e+02 2.584500e+02
1.490000e+02 2.589000e+02
1.505000e+02 2.593500e+02
1.520000e+02 2.598000e+02
1.536250e+02 2.599500e+02
1.552500e+02 2.601000e+02
1.568750e+02 2.602500e+02
1.585000e+02 2.604000e+02
1.600000e+02 2.605500e+02
1.615000e+02 2.607000e+02
1.630000e+02 2.608500e+02
1.645000e+02 2.610000e+02
1.661250e+02 2.610000e+02
1.677500e+02 2.610000e+02
1.693750e+02 2.610000e+02
1.710000e+02 2.610000e+02
1.727500e+02 2.610000e+02
1.745000e+02 2.610000e+02
1.762500e+02 2.610000e+02
1.780000e+02 2.610000e+02
1.796250e+02 2.610000e+02
1.812500e+02 2.610000e+02
1.828750e+02 2.610000e+02
1.845000e+02 2.610000e+02
1.865000e+02 2.607000e+02
1.885000e+02 2.604000e+02
1.905000e+02 2.601000e+02
1.925000e+02 2.598000e+02
1.942500e+02 2.596500e+02
1.960000e+02 2.595000e+02
1.977500e+02 2.593500e+02
1.995000e+02 2.592000e+02
2.017500e+02 2.589000e+02
2.040000e+02 2.586000e+02
2.062500e+02 2.583000e+02
2.085000e+02 2.580000e+02
2.105000e+02 2.578500e+02
2.125000e+02 2.577000e+02
2.145000e+02 2.575500e+02
2.165000e+02 2.574000e+02
2.183750e+02 2.572500e+02
2.202500e+02 2.571000e+02
2.221250e+02 2.569500e+02
2.240000e+02 2.568000e+02
2.270000e+02 2.566500e+02
2.300000e+02 2.565000e+02
2.330000e+02 2.563500e+02
2.360000e+02 2.562000e+02
2.370000e+02 2.562000e+02
2.380000e+02 2.562000e+02
2.390000e+02 2.562000e+02
2.400000e+02 2.562000e+02
2.442500e+02 2.562000e+02
2.485000e+02 2.562000e+02
2.527500e+02 2.562000e+02
2.570000e+02 2.562000e+02
2.590000e+02 2.562000e+02
2.610000e+02 2.562000e+02
2.630000e+02 2.562000e+02
2.650000e+02 2.562000e+02
2.668750e+02 2.562000e+02
2.687500e+02 2.562000e+02
2.706250e+02 2.562000e+02
2.725000e+02 2.562000e+02
2.746250e+02 2.560500e+02
2.767500e+02 2.559000e+02
2.788750e+02 2.557500e+02
2.810000e+02 2.556000e+02
2.841250e+02 2.554500e+02
2.872500e+02 2.553000e+02
2.935000e+02 2.550000e+02
2.990000e+02 2.544000e+02
3.045000e+02 2.538000e+02
3.077500e+02 2.535000e+02
3.110000e+02 2.532000e+02
3.147500e+02 2.526000e+02
3.185000e+02 2.520000e+02
3.220000e+02 2.514000e+02
3.255000e+02 2.508000e+02
3.290000e+02 2.499000e+02
3.325000e+02 2.490000e+02
3.360000e+02 2.481000e+02
3.395000e+02 2.472000e+02
3.427500e+02 2.463000e+02
3.460000e+02 2.454000e+02
3.492500e+02 2.442000e+02
3.525000e+02 2.430000e+02
3.560000e+02 2.415000e+02
3.595000e+02 2.400000e+02
3.630000e+02 2.382000e+02
3.665000e+02 2.364000e+02
3.695000e+02 2.349000e+02
3.725000e+02 2.334000e+02
3.777500e+02 2.310000e+02
3.830000e+02 2.286000e+02
3.862500e+02 2.274000e+02
3.895000e+02 2.262000e+02
3.945000e+02 2.241000e+02
3.995000e+02 2.220000e+02
4.012500e+02 2.214000e+02
4.030000e+02 2.208000e+02
4.057500e+02 2.199000e+02
4.085000e+02 2.190000e+02
4.115000e+02 2.184000e+02
4.145000e+02 2.178000e+02
4.170000e+02 2.175000e+02
4.195000e+02 2.172000e+02
4.210000e+02 2.169000e+02
4.225000e+02 2.166000e+02
4.267500e+02 2.166000e+02
4.310000e+02 2.166000e+02
4.335000e+02 2.169000e+02
4.360000e+02 2.172000e+02
4.385000e+02 2.172000e+02
4.410000e+02 2.172000e+02
4.432500e+02 2.175000e+02
4.455000e+02 2.178000e+02
4.487500e+02 2.181000e+02
4.520000e+02 2.184000e+02
4.530000e+02 2.184000e+02
4.540000e+02 2.184000e+02
4.565000e+02 2.184000e+02
4.590000e+02 2.184000e+02
4.605000e+02 2.184000e+02
4.620000e+02 2.184000e+02
4.637500e+02 2.184000e+02
4.655000e+02 2.184000e+02
4.670000e+02 2.184000e+02
4.685000e+02 2.184000e+02
4.697500e+02 2.184000e+02
4.710000e+02 2.184000e+02
4.722500e+02 2.184000e+02
4.735000e+02 2.184000e+02
4.745000e+02 2.184000e+02
4.755000e+02 2.184000e+02
4.770000e+02 2.181000e+02
4.785000e+02 2.178000e+02
4.797500e+02 2.178000e+02
4.810000e+02 2.178000e+02
4.822500e+02 2.178000e+02
4.835000e+02 2.178000e+02
4.845000e+02 2.178000e+02
4.855000e+02 2.178000e+02
4.865000e+02 2.178000e+02
4.875000e+02 2.178000e+02
4.887500e+02 2.178000e+02
4.900000e+02 2.178000e+02
4.910000e+02 2.175000e+02
4.920000e+02 2.172000e+02
4.930000e+02 2.172000e+02
4.940000e+02 2.172000e+02
4.950000e+02 2.172000e+02
4.960000e+02 2.172000e+02
4.967500e+02 2.172000e+02
4.975000e+02 2.172000e+02
4.980000e+02 2.169000e+02
4.985000e+02 2.166000e+02
4.992500e+02 2.163000e+02
5.000000e+02 2.160000e+02
5.002500e+02 2.160000e+02
5.005000e+02 2.160000e+02
5.005000e+02 2.160000e+02
5.005000e+02 2.160000e+02
