2.480000e+02 1.548000e+02
2.480000e+02 1.548000e+02
2.480000e+02 1.548000e+02
2.485000e+02 1.545000e+02
2.490000e+02 1.542000e+02
2.512500e+02 1.527000e+02
2.535000e+02 1.512000e+02
2.567500e+02 1.491000e+02
2.600000e+02 1.470000e+02
2.652500e+02 1.452000e+02
2.705000e+02 1.434000e+02
2.770000e+02 1.413000e+02
2.835000e+02 1.392000e+02
2.897500e+02 1.377000e+02
2.960000e+02 1.362000e+02
3.025000e+02 1.347000e+02
3.090000e+02 1.332000e+02
3.187500e+02 1.308000e+02
3.285000e+02 1.284000e+02
3.375000e+02 1.266000e+02
3.465000e+02 1.248000e+02
3.515000e+02 1.239000e+02
3.565000e+02 1.230000e+02
3.630000e+02 1.221000e+02
3.695000e+02 1.212000e+02
3.735000e+02 1.206000e+02
3.775000e+02 1.200000e+02
3.810000e+02 1.197000e+02
3.845000e+02 1.194000e+02
3.880000e+02 1.194000e+02
3.915000e+02 1.194000e+02
3.942500e+02 1.194000e+02
3.970000e+02 1.194000e+02
3.997500e+02 1.197000e+02
4.025000e+02 1.200000e+02
4.047500e+02 1.206000e+02
4.070000e+02 1.212000e+02
4.087500e+02 1.218000e+02
4.105000e+02 1.224000e+02
4.120000e+02 1.233000e+02
4.135000e+02 1.242000e+02
4.145000e+02 1.251000e+02
4.155000e+02 1.260000e+02
4.165000e+02 1.275000e+02
4.175000e+02 1.290000e+02
4.180000e+02 1.305000e+02
4.185000e+02 1.320000e+02
4.187500e+02 1.338000e+02
4.190000e+02 1.356000e+02
4.190000e+02 1.398000e+02
4.190000e+02 1.440000e+02
4.187500e+02 1.452000e+02
4.185000e+02 1.464000e+02
4.182500e+02 1.497000e+02
4.180000e+02 1.530000e+02
4.175000e+02 1.566000e+02
4.170000e+02 1.602000e+02
4.165000e+02 1.659000e+02
4.160000e+02 1.716000e+02
4.157500e+02 1.755000e+02
4.155000e+02 1.794000e+02
4.150000e+02 1.842000e+02
4.145000e+02 1.890000e+02
4.142500e+02 1.935000e+02
4.140000e+02 1.980000e+02
4.135000e+02 2.031000e+02
4.130000e+02 2.082000e+02
4.127500e+02 2.136000e+02
4.125000e+02 2.190000e+02
4.122500e+02 2.238000e+02
4.120000e+02 2.286000e+02
4.115000e+02 2.340000e+02
4.110000e+02 2.394000e+02
4.107500e+02 2.448000e+02
4.105000e+02 2.502000e+02
4.100000e+02 2.550000e+02
4.095000e+02 2.598000e+02
4.090000e+02 2.652000e+02
4.085000e+02 2.706000e+02
4.080000e+02 2.769000e+02
4.075000e+02 2.832000e+02
4.070000e+02 2.874000e+02
4.065000e+02 2.916000e+02
4.062500e+02 2.970000e+02
4.060000e+02 3.024000e+02
4.057500e+02 3.075000e+02
4.055000e+02 3.126000e+02
4.055000e+02 3.150000e+02
4.055000e+02 3.174000e+02
4.055000e+02 3.198000e+02
4.055000e+02 3.222000e+02
4.057500e+02 3.243000e+02
4.060000e+02 3.264000e+02
4.062500e+02 3.279000e+02
4.065000e+02 3.294000e+02
4.067500e+02 3.309000e+02
4.070000e+02 3.324000e+02
4.072500e+02 3.336000e+02
4.075000e+02 3.348000e+02
4.075000e+02 3.354000e+02
4.075000e+02 3.360000e+02
4.077500e+02 3.366000e+02
4.080000e+02 3.372000e+02
4.080000e+02 3.375000e+02
4.080000e+02 3.378000e+02
4.080000e+02 3.381000e+02
4.080000e+02 3.384000e+02
4.080000e+02 3.387000e+02
4.080000e+02 3.390000e+02
4.080000e+02 3.390000e+02
4.080000e+02 3.390000e+02
4.077500e+02 3.390000e+02
4.075000e+02 3.390000e+02
4.075000e+02 3.390000e+02
4.075000e+02 3.390000e+02
4.070000e+02 3.390000e+02
4.065000e+02 3.390000e+02
4.060000e+02 3.387000e+02
4.055000e+02 3.384000e+02
4.050000e+02 3.384000e+02
4.045000e+02 3.384000e+02
4.037500e+02 3.381000e+02
4.030000e+02 3.378000e+02
4.012500e+02 3.375000e+02
3.995000e+02 3.372000e+02
3.972500e+02 3.369000e+02
3.950000e+02 3.366000e+02
3.912500e+02 3.366000e+02
3.875000e+02 3.366000e+02
3.840000e+02 3.369000e+02
3.805000e+02 3.372000e+02
3.765000e+02 3.375000e+02
3.725000e+02 3.378000e+02
3.680000e+02 3.384000e+02
3.635000e+02 3.390000e+02
3.590000e+02 3.396000e+02
3.545000e+02 3.402000e+02
3.500000e+02 3.411000e+02
3.455000e+02 3.420000e+02
3.407500e+02 3.429000e+02
3.360000e+02 3.438000e+02
3.315000e+02 3.450000e+02
3.270000e+02 3.462000e+02
3.220000e+02 3.471000e+02
3.170000e+02 3.480000e+02
3.125000e+02 3.492000e+02
3.080000e+02 3.504000e+02
3.032500e+02 3.513000e+02
2.985000e+02 3.522000e+02
2.945000e+02 3.531000e+02
2.905000e+02 3.540000e+02
2.870000e+02 3.546000e+02
2.835000e+02 3.552000e+02
2.802500e+02 3.558000e+02
2.770000e+02 3.564000e+02
2.742500e+02 3.570000e+02
2.715000e+02 3.576000e+02
2.695000e+02 3.576000e+02
2.675000e+02 3.576000e+02
2.655000e+02 3.579000e+02
2.635000e+02 3.582000e+02
2.620000e+02 3.579000e+02
2.605000e+02 3.576000e+02
2.595000e+02 3.576000e+02
2.585000e+02 3.576000e+02
2.575000e+02 3.573000e+02
2.565000e+02 3.570000e+02
2.557500e+02 3.564000e+02
2.550000e+02 3.558000e+02
2.535000e+02 3.540000e+02
2.520000e+02 3.522000e+02
2.495000e+02 3.468000e+02
2.470000e+02 3.384000e+02
2.455000e+02 3.300000e+02
2.440000e+02 3.192000e+02
2.425000e+02 3.084000e+02
2.420000e+02 2.970000e+02
2.415000e+02 2.844000e+02
2.415000e+02 2.730000e+02
2.415000e+02 2.622000e+02
2.410000e+02 2.520000e+02
2.410000e+02 2.400000e+02
2.410000e+02 2.292000e+02
2.415000e+02 2.190000e+02
2.415000e+02 2.082000e+02
2.420000e+02 1.974000e+02
2.425000e+02 1.878000e+02
2.430000e+02 1.782000e+02
2.430000e+02 1.698000e+02
2.430000e+02 1.632000e+02
2.430000e+02 1.572000e+02
2.435000e+02 1.518000e+02
2.435000e+02 1.482000e+02
2.440000e+02 1.458000e+02
2.445000e+02 1.446000e+02
2.445000e+02 1.434000e+02
2.445000e+02 1.428000e+02
2.450000e+02 1.428000e+02
2.450000e+02 1.428000e+02
2.450000e+02 1.428000e+02
2.480000e+02 1.548000e+02
2.480000e+02 1.548000e+02
2.480000e+02 1.548000e+02
2.485000e+02 1.545000e+02
2.490000e+02 1.542000e+02
2.512500e+02 1.527000e+02
2.535000e+02 1.512000e+02
2.567500e+02 1.491000e+02
2.600000e+02 1.470000e+02
2.652500e+02 1.452000e+02
2.705000e+02 1.434000e+02
2.770000e+02 1.413000e+02
2.835000e+02 1.392000e+02
2.897500e+02 1.377000e+02
2.960000e+02 1.362000e+02
3.025000e+02 1.347000e+02
3.090000e+02 1.332000e+02
3.187500e+02 1.308000e+02
3.285000e+02 1.284000e+02
3.375000e+02 1.266000e+02
3.465000e+02 1.248000e+02
3.515000e+02 1.239000e+02
3.565000e+02 1.230000e+02
3.630000e+02 1.221000e+02
3.695000e+02 1.212000e+02
3.735000e+02 1.206000e+02
3.775000e+02 1.200000e+02
3.810000e+02 1.197000e+02
3.845000e+02 1.194000e+02
3.880000e+02 1.194000e+02
3.915000e+02 1.194000e+02
3.942500e+02 1.194000e+02
3.970000e+02 1.194000e+02
3.997500e+02 1.197000e+02
4.025000e+02 1.200000e+02
4.047500e+02 1.206000e+02
4.070000e+02 1.212000e+02
4.087500e+02 1.218000e+02
4.105000e+02 1.224000e+02
4.120000e+02 1.233000e+02
4.135000e+02 1.242000e+02
4.145000e+02 1.251000e+02
4.155000e+02 1.260000e+02
4.165000e+02 1.275000e+02
4.175000e+02 1.290000e+02
4.180000e+02 1.305000e+02
4.185000e+02 1.320000e+02
4.187500e+02 1.338000e+02
4.190000e+02 1.356000e+02
4.190000e+02 1.398000e+02
4.190000e+02 1.440000e+02
4.187500e+02 1.452000e+02
4.185000e+02 1.464000e+02
4.182500e+02 1.497000e+02
4.180000e+02 1.530000e+02
4.175000e+02 1.566000e+02
4.170000e+02 1.602000e+02
4.165000e+02 1.659000e+02
4.160000e+02 1.716000e+02
4.157500e+02 1.755000e+02
4.155000e+02 1.794000e+02
4.150000e+02 1.842000e+02
4.145000e+02 1.890000e+02
4.142500e+02 1.935000e+02
4.140000e+02 1.980000e+02
4.135000e+02 2.031000e+02
4.130000e+02 2.082000e+02
4.127500e+02 2.136000e+02
4.125000e+02 2.190000e+02
4.122500e+02 2.238000e+02
4.120000e+02 2.286000e+02
4.115000e+02 2.340000e+02
4.110000e+02 2.394000e+02
4.107500e+02 2.448000e+02
4.105000e+02 2.502000e+02
4.100000e+02 2.550000e+02
4.095000e+02 2.598000e+02
4.090000e+02 2.652000e+02
4.085000e+02 2.706000e+02
4.080000e+02 2.769000e+02
4.075000e+02 2.832000e+02
4.070000e+02 2.874000e+02
4.065000e+02 2.916000e+02
4.062500e+02 2.970000e+02
4.060000e+02 3.024000e+02
4.057500e+02 3.075000e+02
4.055000e+02 3.126000e+02
4.055000e+02 3.150000e+02
4.055000e+02 3.174000e+02
4.055000e+02 3.198000e+02
4.055000e+02 3.222000e+02
4.057500e+02 3.243000e+02
4.060000e+02 3.264000e+02
4.062500e+02 3.279000e+02
4.065000e+02 3.294000e+02
4.067500e+02 3.309000e+02
4.070000e+02 3.324000e+02
4.072500e+02 3.336000e+02
4.075000e+02 3.348000e+02
4.075000e+02 3.354000e+02
4.075000e+02 3.360000e+02
4.077500e+02 3.366000e+02
4.080000e+02 3.372000e+02
4.080000e+02 3.375000e+02
4.080000e+02 3.378000e+02
4.080000e+02 3.381000e+02
4.080000e+02 3.384000e+02
4.080000e+02 3.387000e+02
4.080000e+02 3.390000e+02
4.080000e+02 3.390000e+02
4.080000e+02 3.390000e+02
4.077500e+02 3.390000e+02
4.075000e+02 3.390000e+02
4.075000e+02 3.390000e+02
4.075000e+02 3.390000e+02
4.070000e+02 3.390000e+02
4.065000e+02 3.390000e+02
4.060000e+02 3.387000e+02
4.055000e+02 3.384000e+02
4.050000e+02 3.384000e+02
4.045000e+02 3.384000e+02
4.037500e+02 3.381000e+02
4.030000e+02 3.378000e+02
4.012500e+02 3.375000e+02
3.995000e+02 3.372000e+02
3.972500e+02 3.369000e+02
3.950000e+02 3.366000e+02
3.912500e+02 3.366000e+02
3.875000e+02 3.366000e+02
3.840000e+02 3.369000e+02
3.805000e+02 3.372000e+02
3.765000e+02 3.375000e+02
3.725000e+02 3.378000e+02
3.680000e+02 3.384000e+02
3.635000e+02 3.390000e+02
3.590000e+02 3.396000e+02
3.545000e+02 3.402000e+02
3.500000e+02 3.411000e+02
3.455000e+02 3.420000e+02
3.407500e+02 3.429000e+02
3.360000e+02 3.438000e+02
3.315000e+02 3.450000e+02
3.270000e+02 3.462000e+02
3.220000e+02 3.471000e+02
3.170000e+02 3.480000e+02
3.125000e+02 3.492000e+02
3.080000e+02 3.504000e+02
3.032500e+02 3.513000e+02
2.985000e+02 3.522000e+02
2.945000e+02 3.531000e+02
2.905000e+02 3.540000e+02
2.870000e+02 3.546000e+02
2.835000e+02 3.552000e+02
2.802500e+02 3.558000e+02
2.770000e+02 3.564000e+02
2.742500e+02 3.570000e+02
2.715000e+02 3.576000e+02
2.695000e+02 3.576000e+02
2.675000e+02 3.576000e+02
2.655000e+02 3.579000e+02
2.635000e+02 3.582000e+02
2.620000e+02 3.579000e+02
2.605000e+02 3.576000e+02
2.595000e+02 3.576000e+02
2.585000e+02 3.576000e+02
2.575000e+02 3.573000e+02
2.565000e+02 3.570000e+02
2.557500e+02 3.564000e+02
2.550000e+02 3.558000e+02
2.535000e+02 3.540000e+02
2.520000e+02 3.522000e+02
2.495000e+02 3.468000e+02
2.470000e+02 3.384000e+02
2.455000e+02 3.300000e+02
2.440000e+02 3.192000e+02
2.425000e+02 3.084000e+02
2.420000e+02 2.970000e+02
2.415000e+02 2.844000e+02
2.415000e+02 2.730000e+02
2.415000e+02 2.622000e+02
2.410000e+02 2.520000e+02
2.410000e+02 2.400000e+02
2.410000e+02 2.292000e+02
2.415000e+02 2.190000e+02
2.415000e+02 2.082000e+02
2.420000e+02 1.974000e+02
2.425000e+02 1.878000e+02
2.430000e+02 1.782000e+02
2.430000e+02 1.698000e+02
2.430000e+02 1.632000e+02
2.430000e+02 1.572000e+02
2.435000e+02 1.518000e+02
2.435000e+02 1.482000e+02
2.440000e+02 1.458000e+02
2.445000e+02 1.446000e+02
2.445000e+02 1.434000e+02
2.445000e+02 1.428000e+02
2.450000e+02 1.428000e+02
2.450000e+02 1.428000e+02
2.450000e+02 1.428000e+02
2.480000e+02 1.548000e+02
2.480000e+02 1.548000e+02
2.480000e+02 1.548000e+02
2.485000e+02 1.545000e+02
2.490000e+02 1.542000e+02
2.512500e+02 1.527000e+02
2.535000e+02 1.512000e+02
2.567500e+02 1.491000e+02
2.600000e+02 1.470000e+02
2.652500e+02 1.452000e+02
2.705000e+02 1.434000e+02
2.770000e+02 1.413000e+02
2.835000e+02 1.392000e+02
2.897500e+02 1.377000e+02
2.960000e+02 1.362000e+02
3.025000e+02 1.347000e+02
3.090000e+02 1.332000e+02
3.187500e+02 1.308000e+02
3.285000e+02 1.284000e+02
3.375000e+02 1.266000e+02
3.465000e+02 1.248000e+02
3.515000e+02 1.239000e+02
3.565000e+02 1.230000e+02
3.630000e+02 1.221000e+02
3.695000e+02 1.212000e+02
3.735000e+02 1.206000e+02
3.775000e+02 1.200000e+02
3.810000e+02 1.197000e+02
3.845000e+02 1.194000e+02
3.880000e+02 1.194000e+02
3.915000e+02 1.194000e+02
3.942500e+02 1.194000e+02
3.970000e+02 1.194000e+02
3.997500e+02 1.197000e+02
4.025000e+02 1.200000e+02
4.047500e+02 1.206000e+02
4.070000e+02 1.212000e+02
4.087500e+02 1.218000e+02
4.105000e+02 1.224000e+02
4.120000e+02 1.233000e+02
4.135000e+02 1.242000e+02
4.145000e+02 1.251000e+02
4.155000e+02 1.260000e+02
4.165000e+02 1.275000e+02
4.175000e+02 1.290000e+02
4.180000e+02 1.305000e+02
4.185000e+02 1.320000e+02
4.187500e+02 1.338000e+02
4.190000e+02 1.356000e+02
4.190000e+02 1.398000e+02
4.190000e+02 1.440000e+02
4.187500e+02 1.452000e+02
4.185000e+02 1.464000e+02
4.182500e+02 1.497000e+02
4.180000e+02 1.530000e+02
4.175000e+02 1.566000e+02
4.170000e+02 1.602000e+02
4.165000e+02 1.659000e+02
4.160000e+02 1.716000e+02
4.157500e+02 1.755000e+02
4.155000e+02 1.794000e+02
4.150000e+02 1.842000e+02
4.145000e+02 1.890000e+02
4.142500e+02 1.935000e+02
4.140000e+02 1.980000e+02
4.135000e+02 2.031000e+02
4.130000e+02 2.082000e+02
4.127500e+02 2.136000e+02
4.125000e+02 2.190000e+02
4.122500e+02 2.238000e+02
4.120000e+02 2.286000e+02
4.115000e+02 2.340000e+02
4.110000e+02 2.394000e+02
4.107500e+02 2.448000e+02
4.105000e+02 2.502000e+02
4.100000e+02 2.550000e+02
4.095000e+02 2.598000e+02
4.090000e+02 2.652000e+02
4.085000e+02 2.706000e+02
4.080000e+02 2.769000e+02
4.075000e+02 2.832000e+02
4.070000e+02 2.874000e+02
4.065000e+02 2.916000e+02
4.062500e+02 2.970000e+02
4.060000e+02 3.024000e+02
4.057500e+02 3.075000e+02
4.055000e+02 3.126000e+02
4.055000e+02 3.150000e+02
4.055000e+02 3.174000e+02
4.055000e+02 3.198000e+02
4.055000e+02 3.222000e+02
4.057500e+02 3.243000e+02
4.060000e+02 3.264000e+02
4.062500e+02 3.279000e+02
4.065000e+02 3.294000e+02
4.067500e+02 3.309000e+02
4.070000e+02 3.324000e+02
4.072500e+02 3.336000e+02
4.075000e+02 3.348000e+02
4.075000e+02 3.354000e+02
4.075000e+02 3.360000e+02
4.077500e+02 3.366000e+02
4.080000e+02 3.372000e+02
4.080000e+02 3.375000e+02
4.080000e+02 3.378000e+02
4.080000e+02 3.381000e+02
4.080000e+02 3.384000e+02
4.080000e+02 3.387000e+02
4.080000e+02 3.390000e+02
4.080000e+02 3.390000e+02
4.080000e+02 3.390000e+02
4.077500e+02 3.390000e+02
4.075000e+02 3.390000e+02
4.075000e+02 3.390000e+02
4.075000e+02 3.390000e+02
4.070000e+02 3.390000e+02
4.065000e+02 3.390000e+02
4.060000e+02 3.387000e+02
4.055000e+02 3.384000e+02
4.050000e+02 3.384000e+02
4.045000e+02 3.384000e+02
4.037500e+02 3.381000e+02
4.030000e+02 3.378000e+02
4.012500e+02 3.375000e+02
3.995000e+02 3.372000e+02
3.972500e+02 3.369000e+02
3.950000e+02 3.366000e+02
3.912500e+02 3.366000e+02
3.875000e+02 3.366000e+02
3.840000e+02 3.369000e+02
3.805000e+02 3.372000e+02
3.765000e+02 3.375000e+02
3.725000e+02 3.378000e+02
3.680000e+02 3.384000e+02
3.635000e+02 3.390000e+02
3.590000e+02 3.396000e+02
3.545000e+02 3.402000e+02
3.500000e+02 3.411000e+02
3.455000e+02 3.420000e+02
3.407500e+02 3.429000e+02
3.360000e+02 3.438000e+02
3.315000e+02 3.450000e+02
3.270000e+02 3.462000e+02
3.220000e+02 3.471000e+02
3.170000e+02 3.480000e+02
3.125000e+02 3.492000e+02
3.080000e+02 3.504000e+02
3.032500e+02 3.513000e+02
2.985000e+02 3.522000e+02
2.945000e+02 3.531000e+02
2.905000e+02 3.540000e+02
2.870000e+02 3.546000e+02
2.835000e+02 3.552000e+02
2.802500e+02 3.558000e+02
2.770000e+02 3.564000e+02
2.742500e+02 3.570000e+02
2.715000e+02 3.576000e+02
2.695000e+02 3.576000e+02
2.675000e+02 3.576000e+02
2.655000e+02 3.579000e+02
2.635000e+02 3.582000e+02
2.620000e+02 3.579000e+02
2.605000e+02 3.576000e+02
2.595000e+02 3.576000e+02
2.585000e+02 3.576000e+02
2.575000e+02 3.573000e+02
2.565000e+02 3.570000e+02
2.557500e+02 3.564000e+02
2.550000e+02 3.558000e+02
2.535000e+02 3.540000e+02
2.520000e+02 3.522000e+02
2.495000e+02 3.468000e+02
2.470000e+02 3.384000e+02
2.455000e+02 3.300000e+02
2.440000e+02 3.192000e+02
2.425000e+02 3.084000e+02
2.420000e+02 2.970000e+02
2.415000e+02 2.844000e+02
2.415000e+02 2.730000e+02
2.415000e+02 2.622000e+02
2.410000e+02 2.520000e+02
2.410000e+02 2.400000e+02
2.410000e+02 2.292000e+02
2.415000e+02 2.190000e+02
2.415000e+02 2.082000e+02
2.420000e+02 1.974000e+02
2.425000e+02 1.878000e+02
2.430000e+02 1.782000e+02
2.430000e+02 1.698000e+02
2.430000e+02 1.632000e+02
2.430000e+02 1.572000e+02
2.435000e+02 1.518000e+02
2.435000e+02 1.482000e+02
2.440000e+02 1.458000e+02
2.445000e+02 1.446000e+02
2.445000e+02 1.434000e+02
2.445000e+02 1.428000e+02
2.450000e+02 1.428000e+02
2.450000e+02 1.428000e+02
2.450000e+02 1.428000e+02
