5.720000e+02 2.724000e+02
5.720000e+02 2.724000e+02
5.720000e+02 2.724000e+02
5.720000e+02 2.724000e+02
5.720000e+02 2.724000e+02
5.716250e+02 2.724000e+02
5.712500e+02 2.724000e+02
5.708750e+02 2.724000e+02
5.705000e+02 2.724000e+02
5.700000e+02 2.724000e+02
5.695000e+02 2.724000e+02
5.690000e+02 2.724000e+02
5.685000e+02 2.724000e+02
5.678750e+02 2.722500e+02
5.672500e+02 2.721000e+02
5.666250e+02 2.719500e+02
5.660000e+02 2.718000e+02
5.652500e+02 2.719500e+02
5.645000e+02 2.721000e+02
5.630000e+02 2.724000e+02
5.612500e+02 2.724000e+02
5.595000e+02 2.724000e+02
5.567500e+02 2.724000e+02
5.540000e+02 2.724000e+02
5.517500e+02 2.724000e+02
5.495000e+02 2.724000e+02
5.472500e+02 2.727000e+02
5.450000e+02 2.730000e+02
5.427500e+02 2.730000e+02
5.405000e+02 2.730000e+02
5.380000e+02 2.733000e+02
5.355000e+02 2.736000e+02
5.332500e+02 2.739000e+02
5.310000e+02 2.742000e+02
5.280000e+02 2.742000e+02
5.250000e+02 2.742000e+02
5.222500e+02 2.745000e+02
5.195000e+02 2.748000e+02
5.167500e+02 2.748000e+02
5.140000e+02 2.748000e+02
5.115000e+02 2.751000e+02
5.090000e+02 2.754000e+02
5.055000e+02 2.754000e+02
5.020000e+02 2.754000e+02
4.995000e+02 2.757000e+02
4.970000e+02 2.760000e+02
4.960000e+02 2.760000e+02
4.950000e+02 2.760000e+02
4.917500e+02 2.760000e+02
4.885000e+02 2.760000e+02
4.860000e+02 2.763000e+02
4.835000e+02 2.766000e+02
4.812500e+02 2.766000e+02
4.790000e+02 2.766000e+02
4.760000e+02 2.766000e+02
4.730000e+02 2.766000e+02
4.705000e+02 2.766000e+02
4.680000e+02 2.766000e+02
4.655000e+02 2.766000e+02
4.630000e+02 2.766000e+02
4.605000e+02 2.766000e+02
4.580000e+02 2.766000e+02
4.555000e+02 2.766000e+02
4.530000e+02 2.766000e+02
4.502500e+02 2.769000e+02
4.475000e+02 2.772000e+02
4.450000e+02 2.772000e+02
4.425000e+02 2.772000e+02
4.397500e+02 2.775000e+02
4.370000e+02 2.778000e+02
4.335000e+02 2.775000e+02
4.300000e+02 2.772000e+02
4.272500e+02 2.772000e+02
4.245000e+02 2.772000e+02
4.222500e+02 2.772000e+02
4.200000e+02 2.772000e+02
4.177500e+02 2.772000e+02
4.155000e+02 2.772000e+02
4.130000e+02 2.772000e+02
4.105000e+02 2.772000e+02
4.085000e+02 2.772000e+02
4.065000e+02 2.772000e+02
4.040000e+02 2.772000e+02
4.015000e+02 2.772000e+02
3.987500e+02 2.769000e+02
3.960000e+02 2.766000e+02
3.932500e+02 2.766000e+02
3.905000e+02 2.766000e+02
3.875000e+02 2.766000e+02
3.845000e+02 2.766000e+02
3.815000e+02 2.766000e+02
3.785000e+02 2.766000e+02
3.752500e+02 2.766000e+02
3.720000e+02 2.766000e+02
3.687500e+02 2.766000e+02
3.655000e+02 2.766000e+02
3.607500e+02 2.766000e+02
3.560000e+02 2.766000e+02
3.525000e+02 2.766000e+02
3.490000e+02 2.766000e+02
3.460000e+02 2.766000e+02
3.430000e+02 2.766000e+02
3.392500e+02 2.766000e+02
3.355000e+02 2.766000e+02
3.325000e+02 2.763000e+02
3.295000e+02 2.760000e+02
3.260000e+02 2.760000e+02
3.225000e+02 2.760000e+02
3.190000e+02 2.757000e+02
3.155000e+02 2.754000e+02
3.117500e+02 2.754000e+02
3.080000e+02 2.754000e+02
3.035000e+02 2.751000e+02
2.990000e+02 2.748000e+02
2.932500e+02 2.745000e+02
2.875000e+02 2.742000e+02
2.820000e+02 2.739000e+02
2.765000e+02 2.736000e+02
2.730000e+02 2.733000e+02
2.695000e+02 2.730000e+02
2.657500e+02 2.727000e+02
2.620000e+02 2.724000e+02
2.587500e+02 2.724000e+02
2.555000e+02 2.724000e+02
2.520000e+02 2.718000e+02
2.485000e+02 2.712000e+02
2.437500e+02 2.706000e+02
2.390000e+02 2.700000e+02
2.375000e+02 2.697000e+02
2.360000e+02 2.694000e+02
2.327500e+02 2.691000e+02
2.295000e+02 2.688000e+02
2.260000e+02 2.682000e+02
2.225000e+02 2.676000e+02
2.175000e+02 2.673000e+02
2.125000e+02 2.670000e+02
2.092500e+02 2.670000e+02
2.060000e+02 2.670000e+02
2.017500e+02 2.670000e+02
1.975000e+02 2.670000e+02
1.930000e+02 2.670000e+02
1.885000e+02 2.670000e+02
1.850000e+02 2.670000e+02
1.815000e+02 2.670000e+02
1.780000e+02 2.673000e+02
1.745000e+02 2.676000e+02
1.715000e+02 2.676000e+02
1.685000e+02 2.676000e+02
1.650000e+02 2.676000e+02
1.615000e+02 2.676000e+02
1.552500e+02 2.679000e+02
1.490000e+02 2.682000e+02
1.462500e+02 2.682000e+02
1.435000e+02 2.682000e+02
1.405000e+02 2.685000e+02
1.375000e+02 2.688000e+02
1.347500e+02 2.688000e+02
1.320000e+02 2.688000e+02
1.287500e+02 2.694000e+02
1.255000e+02 2.700000e+02
1.230000e+02 2.700000e+02
1.205000e+02 2.700000e+02
1.165000e+02 2.706000e+02
1.125000e+02 2.712000e+02
1.105000e+02 2.712000e+02
1.085000e+02 2.712000e+02
1.065000e+02 2.715000e+02
1.045000e+02 2.718000e+02
1.010000e+02 2.721000e+02
9.750000e+01 2.724000e+02
9.625000e+01 2.724000e+02
9.500000e+01 2.724000e+02
9.400000e+01 2.724000e+02
9.300000e+01 2.724000e+02
9.200000e+01 2.724000e+02
9.100000e+01 2.724000e+02
8.975000e+01 2.724000e+02
8.850000e+01 2.724000e+02
8.750000e+01 2.724000e+02
8.650000e+01 2.724000e+02
8.550000e+01 2.724000e+02
8.450000e+01 2.724000e+02
8.375000e+01 2.724000e+02
8.300000e+01 2.724000e+02
8.200000e+01 2.727000e+02
8.100000e+01 2.730000e+02
8.075000e+01 2.730000e+02
8.050000e+01 2.730000e+02
7.975000e+01 2.730000e+02
7.900000e+01 2.730000e+02
7.875000e+01 2.730000e+02
7.850000e+01 2.730000e+02
7.825000e+01 2.733000e+02
7.800000e+01 2.736000e+02
7.700000e+01 2.739000e+02
7.600000e+01 2.742000e+02
7.550000e+01 2.745000e+02
7.500000e+01 2.748000e+02
7.500000e+01 2.748000e+02
7.500000e+01 2.748000e+02
5.720000e+02 2.724000e+02
5.720000e+02 2.724000e+02
5.720000e+02 2.724000e+02
5.720000e+02 2.724000e+02
5.720000e+02 2.724000e+02
5.716250e+02 2.724000e+02
5.712500e+02 2.724000e+02
5.708750e+02 2.724000e+02
5.705000e+02 2.724000e+02
5.700000e+02 2.724000e+02
5.695000e+02 2.724000e+02
5.690000e+02 2.724000e+02
5.685000e+02 2.724000e+02
5.678750e+02 2.722500e+02
5.672500e+02 2.721000e+02
5.666250e+02 2.719500e+02
5.660000e+02 2.718000e+02
5.652500e+02 2.719500e+02
5.645000e+02 2.721000e+02
5.630000e+02 2.724000e+02
5.612500e+02 2.724000e+02
5.595000e+02 2.724000e+02
5.567500e+02 2.724000e+02
5.540000e+02 2.724000e+02
5.517500e+02 2.724000e+02
5.495000e+02 2.724000e+02
5.472500e+02 2.727000e+02
5.450000e+02 2.730000e+02
5.427500e+02 2.730000e+02
5.405000e+02 2.730000e+02
5.380000e+02 2.733000e+02
5.355000e+02 2.736000e+02
5.332500e+02 2.739000e+02
5.310000e+02 2.742000e+02
5.280000e+02 2.742000e+02
5.250000e+02 2.742000e+02
5.222500e+02 2.745000e+02
5.195000e+02 2.748000e+02
5.167500e+02 2.748000e+02
5.140000e+02 2.748000e+02
5.115000e+02 2.751000e+02
5.090000e+02 2.754000e+02
5.055000e+02 2.754000e+02
5.020000e+02 2.754000e+02
4.995000e+02 2.757000e+02
4.970000e+02 2.760000e+02
4.960000e+02 2.760000e+02
4.950000e+02 2.760000e+02
4.917500e+02 2.760000e+02
4.885000e+02 2.760000e+02
4.860000e+02 2.763000e+02
4.835000e+02 2.766000e+02
4.812500e+02 2.766000e+02
4.790000e+02 2.766000e+02
4.760000e+02 2.766000e+02
4.730000e+02 2.766000e+02
4.705000e+02 2.766000e+02
4.680000e+02 2.766000e+02
4.655000e+02 2.766000e+02
4.630000e+02 2.766000e+02
4.605000e+02 2.766000e+02
4.580000e+02 2.766000e+02
4.555000e+02 2.766000e+02
4.530000e+02 2.766000e+02
4.502500e+02 2.769000e+02
4.475000e+02 2.772000e+02
4.450000e+02 2.772000e+02
4.425000e+02 2.772000e+02
4.397500e+02 2.775000e+02
4.370000e+02 2.778000e+02
4.335000e+02 2.775000e+02
4.300000e+02 2.772000e+02
4.272500e+02 2.772000e+02
4.245000e+02 2.772000e+02
4.222500e+02 2.772000e+02
4.200000e+02 2.772000e+02
4.177500e+02 2.772000e+02
4.155000e+02 2.772000e+02
4.130000e+02 2.772000e+02
4.105000e+02 2.772000e+02
4.085000e+02 2.772000e+02
4.065000e+02 2.772000e+02
4.040000e+02 2.772000e+02
4.015000e+02 2.772000e+02
3.987500e+02 2.769000e+02
3.960000e+02 2.766000e+02
3.932500e+02 2.766000e+02
3.905000e+02 2.766000e+02
3.875000e+02 2.766000e+02
3.845000e+02 2.766000e+02
3.815000e+02 2.766000e+02
3.785000e+02 2.766000e+02
3.752500e+02 2.766000e+02
3.720000e+02 2.766000e+02
3.687500e+02 2.766000e+02
3.655000e+02 2.766000e+02
3.607500e+02 2.766000e+02
3.560000e+02 2.766000e+02
3.525000e+02 2.766000e+02
3.490000e+02 2.766000e+02
3.460000e+02 2.766000e+02
3.430000e+02 2.766000e+02
3.392500e+02 2.766000e+02
3.355000e+02 2.766000e+02
3.325000e+02 2.763000e+02
3.295000e+02 2.760000e+02
3.260000e+02 2.760000e+02
3.225000e+02 2.760000e+02
3.190000e+02 2.757000e+02
3.155000e+02 2.754000e+02
3.117500e+02 2.754000e+02
3.080000e+02 2.754000e+02
3.035000e+02 2.751000e+02
2.990000e+02 2.748000e+02
2.932500e+02 2.745000e+02
2.875000e+02 2.742000e+02
2.820000e+02 2.739000e+02
2.765000e+02 2.736000e+02
2.730000e+02 2.733000e+02
2.695000e+02 2.730000e+02
2.657500e+02 2.727000e+02
2.620000e+02 2.724000e+02
2.587500e+02 2.724000e+02
2.555000e+02 2.724000e+02
2.520000e+02 2.718000e+02
2.485000e+02 2.712000e+02
2.437500e+02 2.706000e+02
2.390000e+02 2.700000e+02
2.375000e+02 2.697000e+02
2.360000e+02 2.694000e+02
2.327500e+02 2.691000e+02
2.295000e+02 2.688000e+02
2.260000e+02 2.682000e+02
2.225000e+02 2.676000e+02
2.175000e+02 2.673000e+02
2.125000e+02 2.670000e+02
2.092500e+02 2.670000e+02
2.060000e+02 2.670000e+02
2.017500e+02 2.670000e+02
1.975000e+02 2.670000e+02
1.930000e+02 2.670000e+02
1.885000e+02 2.670000e+02
1.850000e+02 2.670000e+02
1.815000e+02 2.670000e+02
1.780000e+02 2.673000e+02
1.745000e+02 2.676000e+02
1.715000e+02 2.676000e+02
1.685000e+02 2.676000e+02
1.650000e+02 2.676000e+02
1.615000e+02 2.676000e+02
1.552500e+02 2.679000e+02
1.490000e+02 2.682000e+02
1.462500e+02 2.682000e+02
1.435000e+02 2.682000e+02
1.405000e+02 2.685000e+02
1.375000e+02 2.688000e+02
1.347500e+02 2.688000e+02
1.320000e+02 2.688000e+02
1.287500e+02 2.694000e+02
1.255000e+02 2.700000e+02
1.230000e+02 2.700000e+02
1.205000e+02 2.700000e+02
1.165000e+02 2.706000e+02
1.125000e+02 2.712000e+02
1.105000e+02 2.712000e+02
1.085000e+02 2.712000e+02
1.065000e+02 2.715000e+02
1.045000e+02 2.718000e+02
1.010000e+02 2.721000e+02
9.750000e+01 2.724000e+02
9.625000e+01 2.724000e+02
9.500000e+01 2.724000e+02
9.400000e+01 2.724000e+02
9.300000e+01 2.724000e+02
9.200000e+01 2.724000e+02
9.100000e+01 2.724000e+02
8.975000e+01 2.724000e+02
8.850000e+01 2.724000e+02
8.750000e+01 2.724000e+02
8.650000e+01 2.724000e+02
8.550000e+01 2.724000e+02
8.450000e+01 2.724000e+02
8.375000e+01 2.724000e+02
8.300000e+01 2.724000e+02
8.200000e+01 2.727000e+02
8.100000e+01 2.730000e+02
8.075000e+01 2.730000e+02
8.050000e+01 2.730000e+02
7.975000e+01 2.730000e+02
7.900000e+01 2.730000e+02
7.875000e+01 2.730000e+02
7.850000e+01 2.730000e+02
7.825000e+01 2.733000e+02
7.800000e+01 2.736000e+02
7.700000e+01 2.739000e+02
7.600000e+01 2.742000e+02
7.550000e+01 2.745000e+02
7.500000e+01 2.748000e+02
7.500000e+01 2.748000e+02
7.500000e+01 2.748000e+02
5.720000e+02 2.724000e+02
5.720000e+02 2.724000e+02
5.720000e+02 2.724000e+02
5.720000e+02 2.724000e+02
5.720000e+02 2.724000e+02
5.716250e+02 2.724000e+02
5.712500e+02 2.724000e+02
5.708750e+02 2.724000e+02
5.705000e+02 2.724000e+02
5.700000e+02 2.724000e+02
5.695000e+02 2.724000e+02
5.690000e+02 2.724000e+02
5.685000e+02 2.724000e+02
5.678750e+02 2.722500e+02
5.672500e+02 2.721000e+02
5.666250e+02 2.719500e+02
5.660000e+02 2.718000e+02
5.652500e+02 2.719500e+02
5.645000e+02 2.721000e+02
5.630000e+02 2.724000e+02
5.612500e+02 2.724000e+02
5.595000e+02 2.724000e+02
5.567500e+02 2.724000e+02
5.540000e+02 2.724000e+02
5.517500e+02 2.724000e+02
5.495000e+02 2.724000e+02
5.472500e+02 2.727000e+02
5.450000e+02 2.730000e+02
5.427500e+02 2.730000e+02
5.405000e+02 2.730000e+02
5.380000e+02 2.733000e+02
5.355000e+02 2.736000e+02
5.332500e+02 2.739000e+02
5.310000e+02 2.742000e+02
5.280000e+02 2.742000e+02
5.250000e+02 2.742000e+02
5.222500e+02 2.745000e+02
5.195000e+02 2.748000e+02
5.167500e+02 2.748000e+02
5.140000e+02 2.748000e+02
5.115000e+02 2.751000e+02
5.090000e+02 2.754000e+02
5.055000e+02 2.754000e+02
5.020000e+02 2.754000e+02
4.995000e+02 2.757000e+02
4.970000e+02 2.760000e+02
4.960000e+02 2.760000e+02
4.950000e+02 2.760000e+02
4.917500e+02 2.760000e+02
4.885000e+02 2.760000e+02
4.860000e+02 2.763000e+02
4.835000e+02 2.766000e+02
4.812500e+02 2.766000e+02
4.790000e+02 2.766000e+02
4.760000e+02 2.766000e+02
4.730000e+02 2.766000e+02
4.705000e+02 2.766000e+02
4.680000e+02 2.766000e+02
4.655000e+02 2.766000e+02
4.630000e+02 2.766000e+02
4.605000e+02 2.766000e+02
4.580000e+02 2.766000e+02
4.555000e+02 2.766000e+02
4.530000e+02 2.766000e+02
4.502500e+02 2.769000e+02
4.475000e+02 2.772000e+02
4.450000e+02 2.772000e+02
4.425000e+02 2.772000e+02
4.397500e+02 2.775000e+02
4.370000e+02 2.778000e+02
4.335000e+02 2.775000e+02
4.300000e+02 2.772000e+02
4.272500e+02 2.772000e+02
4.245000e+02 2.772000e+02
4.222500e+02 2.772000e+02
4.200000e+02 2.772000e+02
4.177500e+02 2.772000e+02
4.155000e+02 2.772000e+02
4.130000e+02 2.772000e+02
4.105000e+02 2.772000e+02
4.085000e+02 2.772000e+02
4.065000e+02 2.772000e+02
4.040000e+02 2.772000e+02
4.015000e+02 2.772000e+02
3.987500e+02 2.769000e+02
3.960000e+02 2.766000e+02
3.932500e+02 2.766000e+02
3.905000e+02 2.766000e+02
3.875000e+02 2.766000e+02
3.845000e+02 2.766000e+02
3.815000e+02 2.766000e+02
3.785000e+02 2.766000e+02
3.752500e+02 2.766000e+02
3.720000e+02 2.766000e+02
3.687500e+02 2.766000e+02
3.655000e+02 2.766000e+02
3.607500e+02 2.766000e+02
3.560000e+02 2.766000e+02
3.525000e+02 2.766000e+02
3.490000e+02 2.766000e+02
3.460000e+02 2.766000e+02
3.430000e+02 2.766000e+02
3.392500e+02 2.766000e+02
3.355000e+02 2.766000e+02
3.325000e+02 2.763000e+02
3.295000e+02 2.760000e+02
3.260000e+02 2.760000e+02
3.225000e+02 2.760000e+02
3.190000e+02 2.757000e+02
3.155000e+02 2.754000e+02
3.117500e+02 2.754000e+02
3.080000e+02 2.754000e+02
3.035000e+02 2.751000e+02
2.990000e+02 2.748000e+02
2.932500e+02 2.745000e+02
2.875000e+02 2.742000e+02
2.820000e+02 2.739000e+02
2.765000e+02 2.736000e+02
2.730000e+02 2.733000e+02
2.695000e+02 2.730000e+02
2.657500e+02 2.727000e+02
2.620000e+02 2.724000e+02
2.587500e+02 2.724000e+02
2.555000e+02 2.724000e+02
2.520000e+02 2.718000e+02
2.485000e+02 2.712000e+02
2.437500e+02 2.706000e+02
2.390000e+02 2.700000e+02
2.375000e+02 2.697000e+02
2.360000e+02 2.694000e+02
2.327500e+02 2.691000e+02
2.295000e+02 2.688000e+02
2.260000e+02 2.682000e+02
2.225000e+02 2.676000e+02
2.175000e+02 2.673000e+02
2.125000e+02 2.670000e+02
2.092500e+02 2.670000e+02
2.060000e+02 2.670000e+02
2.017500e+02 2.670000e+02
1.975000e+02 2.670000e+02
1.930000e+02 2.670000e+02
1.885000e+02 2.670000e+02
1.850000e+02 2.670000e+02
1.815000e+02 2.670000e+02
1.780000e+02 2.673000e+02
1.745000e+02 2.676000e+02
1.715000e+02 2.676000e+02
1.685000e+02 2.676000e+02
1.650000e+02 2.676000e+02
1.615000e+02 2.676000e+02
1.552500e+02 2.679000e+02
1.490000e+02 2.682000e+02
1.462500e+02 2.682000e+02
1.435000e+02 2.682000e+02
1.405000e+02 2.685000e+02
1.375000e+02 2.688000e+02
1.347500e+02 2.688000e+02
1.320000e+02 2.688000e+02
1.287500e+02 2.694000e+02
1.255000e+02 2.700000e+02
1.230000e+02 2.700000e+02
1.205000e+02 2.700000e+02
1.165000e+02 2.706000e+02
1.125000e+02 2.712000e+02
1.105000e+02 2.712000e+02
1.085000e+02 2.712000e+02
1.065000e+02 2.715000e+02
1.045000e+02 2.718000e+02
1.010000e+02 2.721000e+02
9.750000e+01 2.724000e+02
9.625000e+01 2.724000e+02
9.500000e+01 2.724000e+02
9.400000e+01 2.724000e+02
9.300000e+01 2.724000e+02
9.200000e+01 2.724000e+02
9.100000e+01 2.724000e+02
8.975000e+01 2.724000e+02
8.850000e+01 2.724000e+02
8.750000e+01 2.724000e+02
8.650000e+01 2.724000e+02
8.550000e+01 2.724000e+02
8.450000e+01 2.724000e+02
8.375000e+01 2.724000e+02
8.300000e+01 2.724000e+02
8.200000e+01 2.727000e+02
8.100000e+01 2.730000e+02
8.075000e+01 2.730000e+02
8.050000e+01 2.730000e+02
7.975000e+01 2.730000e+02
7.900000e+01 2.730000e+02
7.875000e+01 2.730000e+02
7.850000e+01 2.730000e+02
7.825000e+01 2.733000e+02
7.800000e+01 2.736000e+02
7.700000e+01 2.739000e+02
7.600000e+01 2.742000e+02
7.550000e+01 2.745000e+02
7.500000e+01 2.748000e+02
7.500000e+01 2.748000e+02
7.500000e+01 2.748000e+02
