2.855000e+02 9.360000e+01
2.855000e+02 9.360000e+01
2.855000e+02 9.360000e+01
2.855000e+02 9.330000e+01
2.855000e+02 9.300000e+01
2.855000e+02 9.300000e+01
2.855000e+02 9.300000e+01
2.855000e+02 9.300000e+01
2.855000e+02 9.300000e+01
2.855000e+02 9.330000e+01
2.855000e+02 9.360000e+01
2.857500e+02 9.390000e+01
2.860000e+02 9.420000e+01
2.862500e+02 9.510000e+01
2.865000e+02 9.600000e+01
2.875000e+02 9.780000e+01
2.885000e+02 9.960000e+01
2.897500e+02 1.017000e+02
2.910000e+02 1.038000e+02
2.937500e+02 1.086000e+02
2.965000e+02 1.134000e+02
2.972500e+02 1.149000e+02
2.980000e+02 1.164000e+02
3.007500e+02 1.221000e+02
3.035000e+02 1.278000e+02
3.057500e+02 1.317000e+02
3.080000e+02 1.356000e+02
3.105000e+02 1.401000e+02
3.130000e+02 1.446000e+02
3.152500e+02 1.491000e+02
3.175000e+02 1.536000e+02
3.202500e+02 1.584000e+02
3.230000e+02 1.632000e+02
3.257500e+02 1.683000e+02
3.285000e+02 1.734000e+02
3.312500e+02 1.782000e+02
3.340000e+02 1.830000e+02
3.372500e+02 1.893000e+02
3.405000e+02 1.956000e+02
3.437500e+02 2.010000e+02
3.470000e+02 2.064000e+02
3.500000e+02 2.121000e+02
3.530000e+02 2.178000e+02
3.577500e+02 2.259000e+02
3.625000e+02 2.340000e+02
3.675000e+02 2.430000e+02
3.725000e+02 2.520000e+02
3.755000e+02 2.571000e+02
3.785000e+02 2.622000e+02
3.815000e+02 2.673000e+02
3.845000e+02 2.724000e+02
3.880000e+02 2.781000e+02
3.915000e+02 2.838000e+02
3.942500e+02 2.883000e+02
3.970000e+02 2.928000e+02
4.002500e+02 2.976000e+02
4.035000e+02 3.024000e+02
4.062500e+02 3.066000e+02
4.090000e+02 3.108000e+02
4.115000e+02 3.147000e+02
4.140000e+02 3.186000e+02
4.165000e+02 3.225000e+02
4.190000e+02 3.264000e+02
4.210000e+02 3.294000e+02
4.230000e+02 3.324000e+02
4.257500e+02 3.366000e+02
4.285000e+02 3.408000e+02
4.295000e+02 3.420000e+02
4.305000e+02 3.432000e+02
4.317500e+02 3.453000e+02
4.330000e+02 3.474000e+02
4.342500e+02 3.498000e+02
4.355000e+02 3.522000e+02
4.357500e+02 3.525000e+02
4.360000e+02 3.528000e+02
4.365000e+02 3.540000e+02
4.370000e+02 3.552000e+02
4.372500e+02 3.558000e+02
4.375000e+02 3.564000e+02
4.377500e+02 3.570000e+02
4.380000e+02 3.576000e+02
4.382500e+02 3.579000e+02
4.385000e+02 3.582000e+02
4.385000e+02 3.585000e+02
4.385000e+02 3.588000e+02
4.385000e+02 3.591000e+02
4.385000e+02 3.594000e+02
4.385000e+02 3.594000e+02
4.385000e+02 3.594000e+02
4.385000e+02 3.597000e+02
4.385000e+02 3.600000e+02
4.385000e+02 3.600000e+02
4.385000e+02 3.600000e+02
4.385000e+02 3.600000e+02
4.385000e+02 3.600000e+02
4.382500e+02 3.600000e+02
4.380000e+02 3.600000e+02
4.375000e+02 3.600000e+02
4.370000e+02 3.600000e+02
4.362500e+02 3.600000e+02
4.355000e+02 3.600000e+02
4.342500e+02 3.597000e+02
4.330000e+02 3.594000e+02
4.295000e+02 3.594000e+02
4.235000e+02 3.594000e+02
4.175000e+02 3.594000e+02
4.100000e+02 3.600000e+02
3.990000e+02 3.594000e+02
3.865000e+02 3.600000e+02
3.785000e+02 3.606000e+02
3.655000e+02 3.618000e+02
3.560000e+02 3.630000e+02
3.455000e+02 3.648000e+02
3.355000e+02 3.666000e+02
3.265000e+02 3.678000e+02
3.180000e+02 3.702000e+02
3.085000e+02 3.726000e+02
2.990000e+02 3.750000e+02
2.915000e+02 3.774000e+02
2.805000e+02 3.804000e+02
2.735000e+02 3.828000e+02
2.675000e+02 3.840000e+02
2.590000e+02 3.864000e+02
2.550000e+02 3.882000e+02
2.510000e+02 3.888000e+02
2.480000e+02 3.900000e+02
2.455000e+02 3.906000e+02
2.440000e+02 3.906000e+02
2.425000e+02 3.912000e+02
2.415000e+02 3.912000e+02
2.410000e+02 3.912000e+02
2.405000e+02 3.918000e+02
2.400000e+02 3.918000e+02
2.395000e+02 3.918000e+02
2.395000e+02 3.912000e+02
2.395000e+02 3.912000e+02
2.395000e+02 3.912000e+02
2.395000e+02 3.906000e+02
2.395000e+02 3.906000e+02
2.395000e+02 3.900000e+02
2.395000e+02 3.900000e+02
2.400000e+02 3.894000e+02
2.400000e+02 3.888000e+02
2.405000e+02 3.882000e+02
2.415000e+02 3.870000e+02
2.425000e+02 3.852000e+02
2.450000e+02 3.822000e+02
2.480000e+02 3.780000e+02
2.505000e+02 3.738000e+02
2.545000e+02 3.684000e+02
2.585000e+02 3.624000e+02
2.625000e+02 3.564000e+02
2.675000e+02 3.486000e+02
2.745000e+02 3.390000e+02
2.800000e+02 3.306000e+02
2.825000e+02 3.270000e+02
2.885000e+02 3.186000e+02
2.945000e+02 3.114000e+02
3.010000e+02 3.024000e+02
3.070000e+02 2.946000e+02
3.140000e+02 2.850000e+02
3.215000e+02 2.760000e+02
3.285000e+02 2.670000e+02
3.355000e+02 2.586000e+02
3.425000e+02 2.502000e+02
3.505000e+02 2.412000e+02
3.585000e+02 2.322000e+02
3.670000e+02 2.220000e+02
3.790000e+02 2.076000e+02
3.830000e+02 2.034000e+02
3.940000e+02 1.896000e+02
4.055000e+02 1.758000e+02
4.115000e+02 1.680000e+02
4.175000e+02 1.602000e+02
4.230000e+02 1.524000e+02
4.285000e+02 1.452000e+02
4.330000e+02 1.398000e+02
4.370000e+02 1.338000e+02
4.410000e+02 1.284000e+02
4.445000e+02 1.242000e+02
4.480000e+02 1.194000e+02
4.515000e+02 1.134000e+02
4.530000e+02 1.122000e+02
4.555000e+02 1.092000e+02
4.580000e+02 1.062000e+02
4.600000e+02 1.032000e+02
4.625000e+02 1.002000e+02
4.635000e+02 9.840000e+01
4.650000e+02 9.660000e+01
4.655000e+02 9.600000e+01
4.660000e+02 9.480000e+01
4.665000e+02 9.420000e+01
4.665000e+02 9.420000e+01
4.665000e+02 9.360000e+01
4.665000e+02 9.360000e+01
4.665000e+02 9.300000e+01
4.665000e+02 9.300000e+01
4.665000e+02 9.360000e+01
4.665000e+02 9.360000e+01
4.665000e+02 9.360000e+01
2.855000e+02 9.360000e+01
2.855000e+02 9.360000e+01
2.855000e+02 9.360000e+01
2.855000e+02 9.330000e+01
2.855000e+02 9.300000e+01
2.855000e+02 9.300000e+01
2.855000e+02 9.300000e+01
2.855000e+02 9.300000e+01
2.855000e+02 9.300000e+01
2.855000e+02 9.330000e+01
2.855000e+02 9.360000e+01
2.857500e+02 9.390000e+01
2.860000e+02 9.420000e+01
2.862500e+02 9.510000e+01
2.865000e+02 9.600000e+01
2.875000e+02 9.780000e+01
2.885000e+02 9.960000e+01
2.897500e+02 1.017000e+02
2.910000e+02 1.038000e+02
2.937500e+02 1.086000e+02
2.965000e+02 1.134000e+02
2.972500e+02 1.149000e+02
2.980000e+02 1.164000e+02
3.007500e+02 1.221000e+02
3.035000e+02 1.278000e+02
3.057500e+02 1.317000e+02
3.080000e+02 1.356000e+02
3.105000e+02 1.401000e+02
3.130000e+02 1.446000e+02
3.152500e+02 1.491000e+02
3.175000e+02 1.536000e+02
3.202500e+02 1.584000e+02
3.230000e+02 1.632000e+02
3.257500e+02 1.683000e+02
3.285000e+02 1.734000e+02
3.312500e+02 1.782000e+02
3.340000e+02 1.830000e+02
3.372500e+02 1.893000e+02
3.405000e+02 1.956000e+02
3.437500e+02 2.010000e+02
3.470000e+02 2.064000e+02
3.500000e+02 2.121000e+02
3.530000e+02 2.178000e+02
3.577500e+02 2.259000e+02
3.625000e+02 2.340000e+02
3.675000e+02 2.430000e+02
3.725000e+02 2.520000e+02
3.755000e+02 2.571000e+02
3.785000e+02 2.622000e+02
3.815000e+02 2.673000e+02
3.845000e+02 2.724000e+02
3.880000e+02 2.781000e+02
3.915000e+02 2.838000e+02
3.942500e+02 2.883000e+02
3.970000e+02 2.928000e+02
4.002500e+02 2.976000e+02
4.035000e+02 3.024000e+02
4.062500e+02 3.066000e+02
4.090000e+02 3.108000e+02
4.115000e+02 3.147000e+02
4.140000e+02 3.186000e+02
4.165000e+02 3.225000e+02
4.190000e+02 3.264000e+02
4.210000e+02 3.294000e+02
4.230000e+02 3.324000e+02
4.257500e+02 3.366000e+02
4.285000e+02 3.408000e+02
4.295000e+02 3.420000e+02
4.305000e+02 3.432000e+02
4.317500e+02 3.453000e+02
4.330000e+02 3.474000e+02
4.342500e+02 3.498000e+02
4.355000e+02 3.522000e+02
4.357500e+02 3.525000e+02
4.360000e+02 3.528000e+02
4.365000e+02 3.540000e+02
4.370000e+02 3.552000e+02
4.372500e+02 3.558000e+02
4.375000e+02 3.564000e+02
4.377500e+02 3.570000e+02
4.380000e+02 3.576000e+02
4.382500e+02 3.579000e+02
4.385000e+02 3.582000e+02
4.385000e+02 3.585000e+02
4.385000e+02 3.588000e+02
4.385000e+02 3.591000e+02
4.385000e+02 3.594000e+02
4.385000e+02 3.594000e+02
4.385000e+02 3.594000e+02
4.385000e+02 3.597000e+02
4.385000e+02 3.600000e+02
4.385000e+02 3.600000e+02
4.385000e+02 3.600000e+02
4.385000e+02 3.600000e+02
4.385000e+02 3.600000e+02
4.382500e+02 3.600000e+02
4.380000e+02 3.600000e+02
4.375000e+02 3.600000e+02
4.370000e+02 3.600000e+02
4.362500e+02 3.600000e+02
4.355000e+02 3.600000e+02
4.342500e+02 3.597000e+02
4.330000e+02 3.594000e+02
4.295000e+02 3.594000e+02
4.235000e+02 3.594000e+02
4.175000e+02 3.594000e+02
4.100000e+02 3.600000e+02
3.990000e+02 3.594000e+02
3.865000e+02 3.600000e+02
3.785000e+02 3.606000e+02
3.655000e+02 3.618000e+02
3.560000e+02 3.630000e+02
3.455000e+02 3.648000e+02
3.355000e+02 3.666000e+02
3.265000e+02 3.678000e+02
3.180000e+02 3.702000e+02
3.085000e+02 3.726000e+02
2.990000e+02 3.750000e+02
2.915000e+02 3.774000e+02
2.805000e+02 3.804000e+02
2.735000e+02 3.828000e+02
2.675000e+02 3.840000e+02
2.590000e+02 3.864000e+02
2.550000e+02 3.882000e+02
2.510000e+02 3.888000e+02
2.480000e+02 3.900000e+02
2.455000e+02 3.906000e+02
2.440000e+02 3.906000e+02
2.425000e+02 3.912000e+02
2.415000e+02 3.912000e+02
2.410000e+02 3.912000e+02
2.405000e+02 3.918000e+02
2.400000e+02 3.918000e+02
2.395000e+02 3.918000e+02
2.395000e+02 3.912000e+02
2.395000e+02 3.912000e+02
2.395000e+02 3.912000e+02
2.395000e+02 3.906000e+02
2.395000e+02 3.906000e+02
2.395000e+02 3.900000e+02
2.395000e+02 3.900000e+02
2.400000e+02 3.894000e+02
2.400000e+02 3.888000e+02
2.405000e+02 3.882000e+02
2.415000e+02 3.870000e+02
2.425000e+02 3.852000e+02
2.450000e+02 3.822000e+02
2.480000e+02 3.780000e+02
2.505000e+02 3.738000e+02
2.545000e+02 3.684000e+02
2.585000e+02 3.624000e+02
2.625000e+02 3.564000e+02
2.675000e+02 3.486000e+02
2.745000e+02 3.390000e+02
2.800000e+02 3.306000e+02
2.825000e+02 3.270000e+02
2.885000e+02 3.186000e+02
2.945000e+02 3.114000e+02
3.010000e+02 3.024000e+02
3.070000e+02 2.946000e+02
3.140000e+02 2.850000e+02
3.215000e+02 2.760000e+02
3.285000e+02 2.670000e+02
3.355000e+02 2.586000e+02
3.425000e+02 2.502000e+02
3.505000e+02 2.412000e+02
3.585000e+02 2.322000e+02
3.670000e+02 2.220000e+02
3.790000e+02 2.076000e+02
3.830000e+02 2.034000e+02
3.940000e+02 1.896000e+02
4.055000e+02 1.758000e+02
4.115000e+02 1.680000e+02
4.175000e+02 1.602000e+02
4.230000e+02 1.524000e+02
4.285000e+02 1.452000e+02
4.330000e+02 1.398000e+02
4.370000e+02 1.338000e+02
4.410000e+02 1.284000e+02
4.445000e+02 1.242000e+02
4.480000e+02 1.194000e+02
4.515000e+02 1.134000e+02
4.530000e+02 1.122000e+02
4.555000e+02 1.092000e+02
4.580000e+02 1.062000e+02
4.600000e+02 1.032000e+02
4.625000e+02 1.002000e+02
4.635000e+02 9.840000e+01
4.650000e+02 9.660000e+01
4.655000e+02 9.600000e+01
4.660000e+02 9.480000e+01
4.665000e+02 9.420000e+01
4.665000e+02 9.420000e+01
4.665000e+02 9.360000e+01
4.665000e+02 9.360000e+01
4.665000e+02 9.300000e+01
4.665000e+02 9.300000e+01
4.665000e+02 9.360000e+01
4.665000e+02 9.360000e+01
4.665000e+02 9.360000e+01
2.855000e+02 9.360000e+01
2.855000e+02 9.360000e+01
2.855000e+02 9.360000e+01
2.855000e+02 9.330000e+01
2.855000e+02 9.300000e+01
2.855000e+02 9.300000e+01
2.855000e+02 9.300000e+01
2.855000e+02 9.300000e+01
2.855000e+02 9.300000e+01
2.855000e+02 9.330000e+01
2.855000e+02 9.360000e+01
2.857500e+02 9.390000e+01
2.860000e+02 9.420000e+01
2.862500e+02 9.510000e+01
2.865000e+02 9.600000e+01
2.875000e+02 9.780000e+01
2.885000e+02 9.960000e+01
2.897500e+02 1.017000e+02
2.910000e+02 1.038000e+02
2.937500e+02 1.086000e+02
2.965000e+02 1.134000e+02
2.972500e+02 1.149000e+02
2.980000e+02 1.164000e+02
3.007500e+02 1.221000e+02
3.035000e+02 1.278000e+02
3.057500e+02 1.317000e+02
3.080000e+02 1.356000e+02
3.105000e+02 1.401000e+02
3.130000e+02 1.446000e+02
3.152500e+02 1.491000e+02
3.175000e+02 1.536000e+02
3.202500e+02 1.584000e+02
3.230000e+02 1.632000e+02
3.257500e+02 1.683000e+02
3.285000e+02 1.734000e+02
3.312500e+02 1.782000e+02
3.340000e+02 1.830000e+02
3.372500e+02 1.893000e+02
3.405000e+02 1.956000e+02
3.437500e+02 2.010000e+02
3.470000e+02 2.064000e+02
3.500000e+02 2.121000e+02
3.530000e+02 2.178000e+02
3.577500e+02 2.259000e+02
3.625000e+02 2.340000e+02
3.675000e+02 2.430000e+02
3.725000e+02 2.520000e+02
3.755000e+02 2.571000e+02
3.785000e+02 2.622000e+02
3.815000e+02 2.673000e+02
3.845000e+02 2.724000e+02
3.880000e+02 2.781000e+02
3.915000e+02 2.838000e+02
3.942500e+02 2.883000e+02
3.970000e+02 2.928000e+02
4.002500e+02 2.976000e+02
4.035000e+02 3.024000e+02
4.062500e+02 3.066000e+02
4.090000e+02 3.108000e+02
4.115000e+02 3.147000e+02
4.140000e+02 3.186000e+02
4.165000e+02 3.225000e+02
4.190000e+02 3.264000e+02
4.210000e+02 3.294000e+02
4.230000e+02 3.324000e+02
4.257500e+02 3.366000e+02
4.285000e+02 3.408000e+02
4.295000e+02 3.420000e+02
4.305000e+02 3.432000e+02
4.317500e+02 3.453000e+02
4.330000e+02 3.474000e+02
4.342500e+02 3.498000e+02
4.355000e+02 3.522000e+02
4.357500e+02 3.525000e+02
4.360000e+02 3.528000e+02
4.365000e+02 3.540000e+02
4.370000e+02 3.552000e+02
4.372500e+02 3.558000e+02
4.375000e+02 3.564000e+02
4.377500e+02 3.570000e+02
4.380000e+02 3.576000e+02
4.382500e+02 3.579000e+02
4.385000e+02 3.582000e+02
4.385000e+02 3.585000e+02
4.385000e+02 3.588000e+02
4.385000e+02 3.591000e+02
4.385000e+02 3.594000e+02
4.385000e+02 3.594000e+02
4.385000e+02 3.594000e+02
4.385000e+02 3.597000e+02
4.385000e+02 3.600000e+02
4.385000e+02 3.600000e+02
4.385000e+02 3.600000e+02
4.385000e+02 3.600000e+02
4.385000e+02 3.600000e+02
4.382500e+02 3.600000e+02
4.380000e+02 3.600000e+02
4.375000e+02 3.600000e+02
4.370000e+02 3.600000e+02
4.362500e+02 3.600000e+02
4.355000e+02 3.600000e+02
4.342500e+02 3.597000e+02
4.330000e+02 3.594000e+02
4.295000e+02 3.594000e+02
4.235000e+02 3.594000e+02
4.175000e+02 3.594000e+02
4.100000e+02 3.600000e+02
3.990000e+02 3.594000e+02
3.865000e+02 3.600000e+02
3.785000e+02 3.606000e+02
3.655000e+02 3.618000e+02
3.560000e+02 3.630000e+02
3.455000e+02 3.648000e+02
3.355000e+02 3.666000e+02
3.265000e+02 3.678000e+02
3.180000e+02 3.702000e+02
3.085000e+02 3.726000e+02
2.990000e+02 3.750000e+02
2.915000e+02 3.774000e+02
2.805000e+02 3.804000e+02
2.735000e+02 3.828000e+02
2.675000e+02 3.840000e+02
2.590000e+02 3.864000e+02
2.550000e+02 3.882000e+02
2.510000e+02 3.888000e+02
2.480000e+02 3.900000e+02
2.455000e+02 3.906000e+02
2.440000e+02 3.906000e+02
2.425000e+02 3.912000e+02
2.415000e+02 3.912000e+02
2.410000e+02 3.912000e+02
2.405000e+02 3.918000e+02
2.400000e+02 3.918000e+02
2.395000e+02 3.918000e+02
2.395000e+02 3.912000e+02
2.395000e+02 3.912000e+02
2.395000e+02 3.912000e+02
2.395000e+02 3.906000e+02
2.395000e+02 3.906000e+02
2.395000e+02 3.900000e+02
2.395000e+02 3.900000e+02
2.400000e+02 3.894000e+02
2.400000e+02 3.888000e+02
2.405000e+02 3.882000e+02
2.415000e+02 3.870000e+02
2.425000e+02 3.852000e+02
2.450000e+02 3.822000e+02
2.480000e+02 3.780000e+02
2.505000e+02 3.738000e+02
2.545000e+02 3.684000e+02
2.585000e+02 3.624000e+02
2.625000e+02 3.564000e+02
2.675000e+02 3.486000e+02
2.745000e+02 3.390000e+02
2.800000e+02 3.306000e+02
2.825000e+02 3.270000e+02
2.885000e+02 3.186000e+02
2.945000e+02 3.114000e+02
3.010000e+02 3.024000e+02
3.070000e+02 2.946000e+02
3.140000e+02 2.850000e+02
3.215000e+02 2.760000e+02
3.285000e+02 2.670000e+02
3.355000e+02 2.586000e+02
3.425000e+02 2.502000e+02
3.505000e+02 2.412000e+02
3.585000e+02 2.322000e+02
3.670000e+02 2.220000e+02
3.790000e+02 2.076000e+02
3.830000e+02 2.034000e+02
3.940000e+02 1.896000e+02
4.055000e+02 1.758000e+02
4.115000e+02 1.680000e+02
4.175000e+02 1.602000e+02
4.230000e+02 1.524000e+02
4.285000e+02 1.452000e+02
4.330000e+02 1.398000e+02
4.370000e+02 1.338000e+02
4.410000e+02 1.284000e+02
4.445000e+02 1.242000e+02
4.480000e+02 1.194000e+02
4.515000e+02 1.134000e+02
4.530000e+02 1.122000e+02
4.555000e+02 1.092000e+02
4.580000e+02 1.062000e+02
4.600000e+02 1.032000e+02
4.625000e+02 1.002000e+02
4.635000e+02 9.840000e+01
4.650000e+02 9.660000e+01
4.655000e+02 9.600000e+01
4.660000e+02 9.480000e+01
4.665000e+02 9.420000e+01
4.665000e+02 9.420000e+01
4.665000e+02 9.360000e+01
4.665000e+02 9.360000e+01
4.665000e+02 9.300000e+01
4.665000e+02 9.300000e+01
4.665000e+02 9.360000e+01
4.665000e+02 9.360000e+01
4.665000e+02 9.360000e+01
