5.275000e+02 2.172000e+02
5.275000e+02 2.172000e+02
5.275000e+02 2.172000e+02
5.275000e+02 2.172000e+02
5.275000e+02 2.172000e+02
5.275000e+02 2.172000e+02
5.275000e+02 2.172000e+02
5.275000e+02 2.172000e+02
5.275000e+02 2.172000e+02
5.269375e+02 2.171250e+02
5.263750e+02 2.170500e+02
5.258125e+02 2.169750e+02
5.252500e+02 2.169000e+02
5.246875e+02 2.168250e+02
5.241250e+02 2.167500e+02
5.235625e+02 2.166750e+02
5.230000e+02 2.166000e+02
5.223750e+02 2.164500e+02
5.217500e+02 2.163000e+02
5.211250e+02 2.161500e+02
5.205000e+02 2.160000e+02
5.198750e+02 2.158500e+02
5.192500e+02 2.157000e+02
5.186250e+02 2.155500e+02
5.180000e+02 2.154000e+02
5.171250e+02 2.153250e+02
5.162500e+02 2.152500e+02
5.153750e+02 2.151750e+02
5.145000e+02 2.151000e+02
5.136250e+02 2.150250e+02
5.127500e+02 2.149500e+02
5.118750e+02 2.148750e+02
5.110000e+02 2.148000e+02
5.101250e+02 2.147250e+02
5.092500e+02 2.146500e+02
5.083750e+02 2.145750e+02
5.075000e+02 2.145000e+02
5.066250e+02 2.144250e+02
5.057500e+02 2.143500e+02
5.048750e+02 2.142750e+02
5.040000e+02 2.142000e+02
5.029375e+02 2.142000e+02
5.018750e+02 2.142000e+02
5.008125e+02 2.142000e+02
4.997500e+02 2.142000e+02
4.986875e+02 2.142000e+02
4.976250e+02 2.142000e+02
4.965625e+02 2.142000e+02
4.955000e+02 2.142000e+02
4.943750e+02 2.141250e+02
4.932500e+02 2.140500e+02
4.921250e+02 2.139750e+02
4.910000e+02 2.139000e+02
4.898750e+02 2.138250e+02
4.887500e+02 2.137500e+02
4.876250e+02 2.136750e+02
4.865000e+02 2.136000e+02
4.852500e+02 2.136000e+02
4.840000e+02 2.136000e+02
4.827500e+02 2.136000e+02
4.815000e+02 2.136000e+02
4.802500e+02 2.136000e+02
4.790000e+02 2.136000e+02
4.777500e+02 2.136000e+02
4.765000e+02 2.136000e+02
4.751875e+02 2.136000e+02
4.738750e+02 2.136000e+02
4.725625e+02 2.136000e+02
4.712500e+02 2.136000e+02
4.699375e+02 2.136000e+02
4.686250e+02 2.136000e+02
4.673125e+02 2.136000e+02
4.660000e+02 2.136000e+02
4.638750e+02 2.136000e+02
4.617500e+02 2.136000e+02
4.596250e+02 2.136000e+02
4.575000e+02 2.136000e+02
4.553750e+02 2.136000e+02
4.532500e+02 2.136000e+02
4.511250e+02 2.136000e+02
4.490000e+02 2.136000e+02
4.474375e+02 2.136000e+02
4.458750e+02 2.136000e+02
4.443125e+02 2.136000e+02
4.427500e+02 2.136000e+02
4.411875e+02 2.136000e+02
4.396250e+02 2.136000e+02
4.380625e+02 2.136000e+02
4.365000e+02 2.136000e+02
4.349375e+02 2.136750e+02
4.333750e+02 2.137500e+02
4.318125e+02 2.138250e+02
4.302500e+02 2.139000e+02
4.286875e+02 2.139750e+02
4.271250e+02 2.140500e+02
4.255625e+02 2.141250e+02
4.240000e+02 2.142000e+02
4.233125e+02 2.142000e+02
4.226250e+02 2.142000e+02
4.219375e+02 2.142000e+02
4.212500e+02 2.142000e+02
4.205625e+02 2.142000e+02
4.198750e+02 2.142000e+02
4.191875e+02 2.142000e+02
4.185000e+02 2.142000e+02
4.166875e+02 2.142750e+02
4.148750e+02 2.143500e+02
4.130625e+02 2.144250e+02
4.112500e+02 2.145000e+02
4.094375e+02 2.145750e+02
4.076250e+02 2.146500e+02
4.058125e+02 2.147250e+02
4.040000e+02 2.148000e+02
4.015625e+02 2.149500e+02
3.991250e+02 2.151000e+02
3.966875e+02 2.152500e+02
3.942500e+02 2.154000e+02
3.918125e+02 2.155500e+02
3.893750e+02 2.157000e+02
3.869375e+02 2.158500e+02
3.845000e+02 2.160000e+02
3.828125e+02 2.160000e+02
3.811250e+02 2.160000e+02
3.794375e+02 2.160000e+02
3.777500e+02 2.160000e+02
3.760625e+02 2.160000e+02
3.743750e+02 2.160000e+02
3.710000e+02 2.160000e+02
3.676250e+02 2.163000e+02
3.642500e+02 2.166000e+02
3.608750e+02 2.169000e+02
3.575000e+02 2.172000e+02
3.540000e+02 2.173500e+02
3.505000e+02 2.175000e+02
3.470000e+02 2.176500e+02
3.435000e+02 2.178000e+02
3.397500e+02 2.179500e+02
3.360000e+02 2.181000e+02
3.322500e+02 2.182500e+02
3.285000e+02 2.184000e+02
3.248750e+02 2.185500e+02
3.212500e+02 2.187000e+02
3.176250e+02 2.188500e+02
3.140000e+02 2.190000e+02
3.103750e+02 2.191500e+02
3.067500e+02 2.193000e+02
3.031250e+02 2.194500e+02
2.995000e+02 2.196000e+02
2.958750e+02 2.197500e+02
2.922500e+02 2.199000e+02
2.886250e+02 2.200500e+02
2.850000e+02 2.202000e+02
2.813750e+02 2.203500e+02
2.777500e+02 2.205000e+02
2.741250e+02 2.206500e+02
2.705000e+02 2.208000e+02
2.668750e+02 2.209500e+02
2.632500e+02 2.211000e+02
2.596250e+02 2.212500e+02
2.560000e+02 2.214000e+02
2.523750e+02 2.214000e+02
2.487500e+02 2.214000e+02
2.451250e+02 2.214000e+02
2.415000e+02 2.214000e+02
2.381250e+02 2.214000e+02
2.347500e+02 2.214000e+02
2.313750e+02 2.214000e+02
2.280000e+02 2.214000e+02
2.245000e+02 2.214000e+02
2.210000e+02 2.214000e+02
2.175000e+02 2.214000e+02
2.140000e+02 2.214000e+02
2.103750e+02 2.214000e+02
2.067500e+02 2.214000e+02
2.031250e+02 2.214000e+02
1.995000e+02 2.214000e+02
1.960000e+02 2.217000e+02
1.925000e+02 2.220000e+02
1.890000e+02 2.223000e+02
1.855000e+02 2.226000e+02
1.821250e+02 2.229000e+02
1.787500e+02 2.232000e+02
1.753750e+02 2.235000e+02
1.720000e+02 2.238000e+02
1.681250e+02 2.242500e+02
1.642500e+02 2.247000e+02
1.603750e+02 2.251500e+02
1.565000e+02 2.256000e+02
1.520000e+02 2.265000e+02
1.475000e+02 2.274000e+02
1.430000e+02 2.283000e+02
1.385000e+02 2.292000e+02
1.358750e+02 2.296500e+02
1.332500e+02 2.301000e+02
1.306250e+02 2.305500e+02
1.280000e+02 2.310000e+02
1.280000e+02 2.310000e+02
1.280000e+02 2.310000e+02
1.280000e+02 2.310000e+02
1.280000e+02 2.310000e+02
5.275000e+02 2.172000e+02
5.275000e+02 2.172000e+02
5.275000e+02 2.172000e+02
5.275000e+02 2.172000e+02
5.275000e+02 2.172000e+02
5.275000e+02 2.172000e+02
5.275000e+02 2.172000e+02
5.275000e+02 2.172000e+02
5.275000e+02 2.172000e+02
5.269375e+02 2.171250e+02
5.263750e+02 2.170500e+02
5.258125e+02 2.169750e+02
5.252500e+02 2.169000e+02
5.246875e+02 2.168250e+02
5.241250e+02 2.167500e+02
5.235625e+02 2.166750e+02
5.230000e+02 2.166000e+02
5.223750e+02 2.164500e+02
5.217500e+02 2.163000e+02
5.211250e+02 2.161500e+02
5.205000e+02 2.160000e+02
5.198750e+02 2.158500e+02
5.192500e+02 2.157000e+02
5.186250e+02 2.155500e+02
5.180000e+02 2.154000e+02
5.171250e+02 2.153250e+02
5.162500e+02 2.152500e+02
5.153750e+02 2.151750e+02
5.145000e+02 2.151000e+02
5.136250e+02 2.150250e+02
5.127500e+02 2.149500e+02
5.118750e+02 2.148750e+02
5.110000e+02 2.148000e+02
5.101250e+02 2.147250e+02
5.092500e+02 2.146500e+02
5.083750e+02 2.145750e+02
5.075000e+02 2.145000e+02
5.066250e+02 2.144250e+02
5.057500e+02 2.143500e+02
5.048750e+02 2.142750e+02
5.040000e+02 2.142000e+02
5.029375e+02 2.142000e+02
5.018750e+02 2.142000e+02
5.008125e+02 2.142000e+02
4.997500e+02 2.142000e+02
4.986875e+02 2.142000e+02
4.976250e+02 2.142000e+02
4.965625e+02 2.142000e+02
4.955000e+02 2.142000e+02
4.943750e+02 2.141250e+02
4.932500e+02 2.140500e+02
4.921250e+02 2.139750e+02
4.910000e+02 2.139000e+02
4.898750e+02 2.138250e+02
4.887500e+02 2.137500e+02
4.876250e+02 2.136750e+02
4.865000e+02 2.136000e+02
4.852500e+02 2.136000e+02
4.840000e+02 2.136000e+02
4.827500e+02 2.136000e+02
4.815000e+02 2.136000e+02
4.802500e+02 2.136000e+02
4.790000e+02 2.136000e+02
4.777500e+02 2.136000e+02
4.765000e+02 2.136000e+02
4.751875e+02 2.136000e+02
4.738750e+02 2.136000e+02
4.725625e+02 2.136000e+02
4.712500e+02 2.136000e+02
4.699375e+02 2.136000e+02
4.686250e+02 2.136000e+02
4.673125e+02 2.136000e+02
4.660000e+02 2.136000e+02
4.638750e+02 2.136000e+02
4.617500e+02 2.136000e+02
4.596250e+02 2.136000e+02
4.575000e+02 2.136000e+02
4.553750e+02 2.136000e+02
4.532500e+02 2.136000e+02
4.511250e+02 2.136000e+02
4.490000e+02 2.136000e+02
4.474375e+02 2.136000e+02
4.458750e+02 2.136000e+02
4.443125e+02 2.136000e+02
4.427500e+02 2.136000e+02
4.411875e+02 2.136000e+02
4.396250e+02 2.136000e+02
4.380625e+02 2.136000e+02
4.365000e+02 2.136000e+02
4.349375e+02 2.136750e+02
4.333750e+02 2.137500e+02
4.318125e+02 2.138250e+02
4.302500e+02 2.139000e+02
4.286875e+02 2.139750e+02
4.271250e+02 2.140500e+02
4.255625e+02 2.141250e+02
4.240000e+02 2.142000e+02
4.233125e+02 2.142000e+02
4.226250e+02 2.142000e+02
4.219375e+02 2.142000e+02
4.212500e+02 2.142000e+02
4.205625e+02 2.142000e+02
4.198750e+02 2.142000e+02
4.191875e+02 2.142000e+02
4.185000e+02 2.142000e+02
4.166875e+02 2.142750e+02
4.148750e+02 2.143500e+02
4.130625e+02 2.144250e+02
4.112500e+02 2.145000e+02
4.094375e+02 2.145750e+02
4.076250e+02 2.146500e+02
4.058125e+02 2.147250e+02
4.040000e+02 2.148000e+02
4.015625e+02 2.149500e+02
3.991250e+02 2.151000e+02
3.966875e+02 2.152500e+02
3.942500e+02 2.154000e+02
3.918125e+02 2.155500e+02
3.893750e+02 2.157000e+02
3.869375e+02 2.158500e+02
3.845000e+02 2.160000e+02
3.828125e+02 2.160000e+02
3.811250e+02 2.160000e+02
3.794375e+02 2.160000e+02
3.777500e+02 2.160000e+02
3.760625e+02 2.160000e+02
3.743750e+02 2.160000e+02
3.710000e+02 2.160000e+02
3.676250e+02 2.163000e+02
3.642500e+02 2.166000e+02
3.608750e+02 2.169000e+02
3.575000e+02 2.172000e+02
3.540000e+02 2.173500e+02
3.505000e+02 2.175000e+02
3.470000e+02 2.176500e+02
3.435000e+02 2.178000e+02
3.397500e+02 2.179500e+02
3.360000e+02 2.181000e+02
3.322500e+02 2.182500e+02
3.285000e+02 2.184000e+02
3.248750e+02 2.185500e+02
3.212500e+02 2.187000e+02
3.176250e+02 2.188500e+02
3.140000e+02 2.190000e+02
3.103750e+02 2.191500e+02
3.067500e+02 2.193000e+02
3.031250e+02 2.194500e+02
2.995000e+02 2.196000e+02
2.958750e+02 2.197500e+02
2.922500e+02 2.199000e+02
2.886250e+02 2.200500e+02
2.850000e+02 2.202000e+02
2.813750e+02 2.203500e+02
2.777500e+02 2.205000e+02
2.741250e+02 2.206500e+02
2.705000e+02 2.208000e+02
2.668750e+02 2.209500e+02
2.632500e+02 2.211000e+02
2.596250e+02 2.212500e+02
2.560000e+02 2.214000e+02
2.523750e+02 2.214000e+02
2.487500e+02 2.214000e+02
2.451250e+02 2.214000e+02
2.415000e+02 2.214000e+02
2.381250e+02 2.214000e+02
2.347500e+02 2.214000e+02
2.313750e+02 2.214000e+02
2.280000e+02 2.214000e+02
2.245000e+02 2.214000e+02
2.210000e+02 2.214000e+02
2.175000e+02 2.214000e+02
2.140000e+02 2.214000e+02
2.103750e+02 2.214000e+02
2.067500e+02 2.214000e+02
2.031250e+02 2.214000e+02
1.995000e+02 2.214000e+02
1.960000e+02 2.217000e+02
1.925000e+02 2.220000e+02
1.890000e+02 2.223000e+02
1.855000e+02 2.226000e+02
1.821250e+02 2.229000e+02
1.787500e+02 2.232000e+02
1.753750e+02 2.235000e+02
1.720000e+02 2.238000e+02
1.681250e+02 2.242500e+02
1.642500e+02 2.247000e+02
1.603750e+02 2.251500e+02
1.565000e+02 2.256000e+02
1.520000e+02 2.265000e+02
1.475000e+02 2.274000e+02
1.430000e+02 2.283000e+02
1.385000e+02 2.292000e+02
1.358750e+02 2.296500e+02
1.332500e+02 2.301000e+02
1.306250e+02 2.305500e+02
1.280000e+02 2.310000e+02
1.280000e+02 2.310000e+02
1.280000e+02 2.310000e+02
1.280000e+02 2.310000e+02
1.280000e+02 2.310000e+02
5.275000e+02 2.172000e+02
5.275000e+02 2.172000e+02
5.275000e+02 2.172000e+02
5.275000e+02 2.172000e+02
5.275000e+02 2.172000e+02
5.275000e+02 2.172000e+02
5.275000e+02 2.172000e+02
5.275000e+02 2.172000e+02
5.275000e+02 2.172000e+02
5.269375e+02 2.171250e+02
5.263750e+02 2.170500e+02
5.258125e+02 2.169750e+02
5.252500e+02 2.169000e+02
5.246875e+02 2.168250e+02
5.241250e+02 2.167500e+02
5.235625e+02 2.166750e+02
5.230000e+02 2.166000e+02
5.223750e+02 2.164500e+02
5.217500e+02 2.163000e+02
5.211250e+02 2.161500e+02
5.205000e+02 2.160000e+02
5.198750e+02 2.158500e+02
5.192500e+02 2.157000e+02
5.186250e+02 2.155500e+02
5.180000e+02 2.154000e+02
5.171250e+02 2.153250e+02
5.162500e+02 2.152500e+02
5.153750e+02 2.151750e+02
5.145000e+02 2.151000e+02
5.136250e+02 2.150250e+02
5.127500e+02 2.149500e+02
5.118750e+02 2.148750e+02
5.110000e+02 2.148000e+02
5.101250e+02 2.147250e+02
5.092500e+02 2.146500e+02
5.083750e+02 2.145750e+02
5.075000e+02 2.145000e+02
5.066250e+02 2.144250e+02
5.057500e+02 2.143500e+02
5.048750e+02 2.142750e+02
5.040000e+02 2.142000e+02
5.029375e+02 2.142000e+02
5.018750e+02 2.142000e+02
5.008125e+02 2.142000e+02
4.997500e+02 2.142000e+02
4.986875e+02 2.142000e+02
4.976250e+02 2.142000e+02
4.965625e+02 2.142000e+02
4.955000e+02 2.142000e+02
4.943750e+02 2.141250e+02
4.932500e+02 2.140500e+02
4.921250e+02 2.139750e+02
4.910000e+02 2.139000e+02
4.898750e+02 2.138250e+02
4.887500e+02 2.137500e+02
4.876250e+02 2.136750e+02
4.865000e+02 2.136000e+02
4.852500e+02 2.136000e+02
4.840000e+02 2.136000e+02
4.827500e+02 2.136000e+02
4.815000e+02 2.136000e+02
4.802500e+02 2.136000e+02
4.790000e+02 2.136000e+02
4.777500e+02 2.136000e+02
4.765000e+02 2.136000e+02
4.751875e+02 2.136000e+02
4.738750e+02 2.136000e+02
4.725625e+02 2.136000e+02
4.712500e+02 2.136000e+02
4.699375e+02 2.136000e+02
4.686250e+02 2.136000e+02
4.673125e+02 2.136000e+02
4.660000e+02 2.136000e+02
4.638750e+02 2.136000e+02
4.617500e+02 2.136000e+02
4.596250e+02 2.136000e+02
4.575000e+02 2.136000e+02
4.553750e+02 2.136000e+02
4.532500e+02 2.136000e+02
4.511250e+02 2.136000e+02
4.490000e+02 2.136000e+02
4.474375e+02 2.136000e+02
4.458750e+02 2.136000e+02
4.443125e+02 2.136000e+02
4.427500e+02 2.136000e+02
4.411875e+02 2.136000e+02
4.396250e+02 2.136000e+02
4.380625e+02 2.136000e+02
4.365000e+02 2.136000e+02
4.349375e+02 2.136750e+02
4.333750e+02 2.137500e+02
4.318125e+02 2.138250e+02
4.302500e+02 2.139000e+02
4.286875e+02 2.139750e+02
4.271250e+02 2.140500e+02
4.255625e+02 2.141250e+02
4.240000e+02 2.142000e+02
4.233125e+02 2.142000e+02
4.226250e+02 2.142000e+02
4.219375e+02 2.142000e+02
4.212500e+02 2.142000e+02
4.205625e+02 2.142000e+02
4.198750e+02 2.142000e+02
4.191875e+02 2.142000e+02
4.185000e+02 2.142000e+02
4.166875e+02 2.142750e+02
4.148750e+02 2.143500e+02
4.130625e+02 2.144250e+02
4.112500e+02 2.145000e+02
4.094375e+02 2.145750e+02
4.076250e+02 2.146500e+02
4.058125e+02 2.147250e+02
4.040000e+02 2.148000e+02
4.015625e+02 2.149500e+02
3.991250e+02 2.151000e+02
3.966875e+02 2.152500e+02
3.942500e+02 2.154000e+02
3.918125e+02 2.155500e+02
3.893750e+02 2.157000e+02
3.869375e+02 2.158500e+02
3.845000e+02 2.160000e+02
3.828125e+02 2.160000e+02
3.811250e+02 2.160000e+02
3.794375e+02 2.160000e+02
3.777500e+02 2.160000e+02
3.760625e+02 2.160000e+02
3.743750e+02 2.160000e+02
3.710000e+02 2.160000e+02
3.676250e+02 2.163000e+02
3.642500e+02 2.166000e+02
3.608750e+02 2.169000e+02
3.575000e+02 2.172000e+02
3.540000e+02 2.173500e+02
3.505000e+02 2.175000e+02
3.470000e+02 2.176500e+02
3.435000e+02 2.178000e+02
3.397500e+02 2.179500e+02
3.360000e+02 2.181000e+02
3.322500e+02 2.182500e+02
3.285000e+02 2.184000e+02
3.248750e+02 2.185500e+02
3.212500e+02 2.187000e+02
3.176250e+02 2.188500e+02
3.140000e+02 2.190000e+02
3.103750e+02 2.191500e+02
3.067500e+02 2.193000e+02
3.031250e+02 2.194500e+02
2.995000e+02 2.196000e+02
2.958750e+02 2.197500e+02
2.922500e+02 2.199000e+02
2.886250e+02 2.200500e+02
2.850000e+02 2.202000e+02
2.813750e+02 2.203500e+02
2.777500e+02 2.205000e+02
2.741250e+02 2.206500e+02
2.705000e+02 2.208000e+02
2.668750e+02 2.209500e+02
2.632500e+02 2.211000e+02
2.596250e+02 2.212500e+02
2.560000e+02 2.214000e+02
2.523750e+02 2.214000e+02
2.487500e+02 2.214000e+02
2.451250e+02 2.214000e+02
2.415000e+02 2.214000e+02
2.381250e+02 2.214000e+02
2.347500e+02 2.214000e+02
2.313750e+02 2.214000e+02
2.280000e+02 2.214000e+02
2.245000e+02 2.214000e+02
2.210000e+02 2.214000e+02
2.175000e+02 2.214000e+02
2.140000e+02 2.214000e+02
2.103750e+02 2.214000e+02
2.067500e+02 2.214000e+02
2.031250e+02 2.214000e+02
1.995000e+02 2.214000e+02
1.960000e+02 2.217000e+02
1.925000e+02 2.220000e+02
1.890000e+02 2.223000e+02
1.855000e+02 2.226000e+02
1.821250e+02 2.229000e+02
1.787500e+02 2.232000e+02
1.753750e+02 2.235000e+02
1.720000e+02 2.238000e+02
1.681250e+02 2.242500e+02
1.642500e+02 2.247000e+02
1.603750e+02 2.251500e+02
1.565000e+02 2.256000e+02
1.520000e+02 2.265000e+02
1.475000e+02 2.274000e+02
1.430000e+02 2.283000e+02
1.385000e+02 2.292000e+02
1.358750e+02 2.296500e+02
1.332500e+02 2.301000e+02
1.306250e+02 2.305500e+02
1.280000e+02 2.310000e+02
1.280000e+02 2.310000e+02
1.280000e+02 2.310000e+02
1.280000e+02 2.310000e+02
1.280000e+02 2.310000e+02
