5.475000e+02 1.992000e+02
5.475000e+02 1.992000e+02
5.475000e+02 1.992000e+02
5.475000e+02 1.992000e+02
5.475000e+02 1.992000e+02
5.473750e+02 1.992000e+02
5.472500e+02 1.992000e+02
5.471250e+02 1.992000e+02
5.470000e+02 1.992000e+02
5.470000e+02 1.992000e+02
5.470000e+02 1.992000e+02
5.470000e+02 1.992000e+02
5.470000e+02 1.992000e+02
5.468750e+02 1.992000e+02
5.467500e+02 1.992000e+02
5.466250e+02 1.992000e+02
5.465000e+02 1.992000e+02
5.463750e+02 1.992000e+02
5.462500e+02 1.992000e+02
5.461250e+02 1.992000e+02
5.460000e+02 1.992000e+02
5.458750e+02 1.992000e+02
5.457500e+02 1.992000e+02
5.456250e+02 1.992000e+02
5.455000e+02 1.992000e+02
5.452500e+02 1.992000e+02
5.450000e+02 1.992000e+02
5.447500e+02 1.992000e+02
5.445000e+02 1.992000e+02
5.443750e+02 1.992000e+02
5.442500e+02 1.992000e+02
5.441250e+02 1.992000e+02
5.440000e+02 1.992000e+02
5.436250e+02 1.993500e+02
5.432500e+02 1.995000e+02
5.428750e+02 1.996500e+02
5.425000e+02 1.998000e+02
5.421250e+02 1.999500e+02
5.417500e+02 2.001000e+02
5.413750e+02 2.002500e+02
5.410000e+02 2.004000e+02
5.401250e+02 2.005500e+02
5.392500e+02 2.007000e+02
5.383750e+02 2.008500e+02
5.375000e+02 2.010000e+02
5.371250e+02 2.010000e+02
5.367500e+02 2.010000e+02
5.363750e+02 2.010000e+02
5.360000e+02 2.010000e+02
5.352500e+02 2.011500e+02
5.345000e+02 2.013000e+02
5.337500e+02 2.014500e+02
5.330000e+02 2.016000e+02
5.320000e+02 2.017500e+02
5.310000e+02 2.019000e+02
5.300000e+02 2.020500e+02
5.290000e+02 2.022000e+02
5.282500e+02 2.023500e+02
5.275000e+02 2.025000e+02
5.267500e+02 2.026500e+02
5.260000e+02 2.028000e+02
5.251250e+02 2.029500e+02
5.242500e+02 2.031000e+02
5.233750e+02 2.032500e+02
5.225000e+02 2.034000e+02
5.221250e+02 2.035500e+02
5.217500e+02 2.037000e+02
5.213750e+02 2.038500e+02
5.210000e+02 2.040000e+02
5.197500e+02 2.041500e+02
5.185000e+02 2.043000e+02
5.172500e+02 2.044500e+02
5.160000e+02 2.046000e+02
5.150000e+02 2.047500e+02
5.140000e+02 2.049000e+02
5.130000e+02 2.050500e+02
5.120000e+02 2.052000e+02
5.110000e+02 2.053500e+02
5.100000e+02 2.055000e+02
5.090000e+02 2.056500e+02
5.080000e+02 2.058000e+02
5.071250e+02 2.058000e+02
5.062500e+02 2.058000e+02
5.053750e+02 2.058000e+02
5.045000e+02 2.058000e+02
5.033750e+02 2.059500e+02
5.022500e+02 2.061000e+02
5.011250e+02 2.062500e+02
5.000000e+02 2.064000e+02
4.988750e+02 2.065500e+02
4.977500e+02 2.067000e+02
4.955000e+02 2.070000e+02
4.937500e+02 2.073000e+02
4.920000e+02 2.076000e+02
4.897500e+02 2.076000e+02
4.875000e+02 2.076000e+02
4.842500e+02 2.082000e+02
4.810000e+02 2.088000e+02
4.800000e+02 2.088000e+02
4.790000e+02 2.088000e+02
4.750000e+02 2.094000e+02
4.710000e+02 2.100000e+02
4.685000e+02 2.100000e+02
4.660000e+02 2.100000e+02
4.627500e+02 2.106000e+02
4.595000e+02 2.112000e+02
4.565000e+02 2.112000e+02
4.535000e+02 2.112000e+02
4.495000e+02 2.115000e+02
4.455000e+02 2.118000e+02
4.410000e+02 2.121000e+02
4.365000e+02 2.124000e+02
4.320000e+02 2.127000e+02
4.275000e+02 2.130000e+02
4.230000e+02 2.136000e+02
4.185000e+02 2.142000e+02
4.137500e+02 2.145000e+02
4.090000e+02 2.148000e+02
4.042500e+02 2.154000e+02
3.995000e+02 2.160000e+02
3.927500e+02 2.166000e+02
3.860000e+02 2.172000e+02
3.815000e+02 2.175000e+02
3.770000e+02 2.178000e+02
3.727500e+02 2.184000e+02
3.685000e+02 2.190000e+02
3.637500e+02 2.193000e+02
3.590000e+02 2.196000e+02
3.540000e+02 2.199000e+02
3.490000e+02 2.202000e+02
3.445000e+02 2.205000e+02
3.400000e+02 2.208000e+02
3.355000e+02 2.211000e+02
3.310000e+02 2.214000e+02
3.257500e+02 2.217000e+02
3.205000e+02 2.220000e+02
3.152500e+02 2.226000e+02
3.100000e+02 2.232000e+02
3.040000e+02 2.241000e+02
2.980000e+02 2.250000e+02
2.925000e+02 2.253000e+02
2.870000e+02 2.256000e+02
2.812500e+02 2.265000e+02
2.755000e+02 2.274000e+02
2.700000e+02 2.280000e+02
2.645000e+02 2.286000e+02
2.592500e+02 2.292000e+02
2.540000e+02 2.298000e+02
2.482500e+02 2.304000e+02
2.425000e+02 2.310000e+02
2.372500e+02 2.316000e+02
2.320000e+02 2.322000e+02
2.245000e+02 2.328000e+02
2.170000e+02 2.334000e+02
2.122500e+02 2.337000e+02
2.075000e+02 2.340000e+02
2.025000e+02 2.343000e+02
1.975000e+02 2.346000e+02
1.927500e+02 2.349000e+02
1.880000e+02 2.352000e+02
1.840000e+02 2.355000e+02
1.800000e+02 2.358000e+02
1.755000e+02 2.361000e+02
1.710000e+02 2.364000e+02
1.665000e+02 2.367000e+02
1.620000e+02 2.370000e+02
1.577500e+02 2.373000e+02
1.535000e+02 2.376000e+02
1.492500e+02 2.379000e+02
1.450000e+02 2.382000e+02
1.407500e+02 2.385000e+02
1.365000e+02 2.388000e+02
1.312500e+02 2.391000e+02
1.260000e+02 2.394000e+02
1.212500e+02 2.397000e+02
1.165000e+02 2.400000e+02
1.135000e+02 2.400000e+02
1.105000e+02 2.400000e+02
1.070000e+02 2.400000e+02
1.035000e+02 2.400000e+02
1.010000e+02 2.400000e+02
9.850000e+01 2.400000e+02
9.625000e+01 2.397000e+02
9.400000e+01 2.394000e+02
9.275000e+01 2.391000e+02
9.150000e+01 2.388000e+02
9.050000e+01 2.385000e+02
8.950000e+01 2.382000e+02
8.875000e+01 2.382000e+02
8.800000e+01 2.382000e+02
8.725000e+01 2.379000e+02
8.650000e+01 2.376000e+02
8.625000e+01 2.376000e+02
8.600000e+01 2.376000e+02
8.550000e+01 2.373000e+02
8.500000e+01 2.370000e+02
8.425000e+01 2.370000e+02
8.350000e+01 2.370000e+02
8.350000e+01 2.370000e+02
8.350000e+01 2.370000e+02
5.475000e+02 1.992000e+02
5.475000e+02 1.992000e+02
5.475000e+02 1.992000e+02
5.475000e+02 1.992000e+02
5.475000e+02 1.992000e+02
5.473750e+02 1.992000e+02
5.472500e+02 1.992000e+02
5.471250e+02 1.992000e+02
5.470000e+02 1.992000e+02
5.470000e+02 1.992000e+02
5.470000e+02 1.992000e+02
5.470000e+02 1.992000e+02
5.470000e+02 1.992000e+02
5.468750e+02 1.992000e+02
5.467500e+02 1.992000e+02
5.466250e+02 1.992000e+02
5.465000e+02 1.992000e+02
5.463750e+02 1.992000e+02
5.462500e+02 1.992000e+02
5.461250e+02 1.992000e+02
5.460000e+02 1.992000e+02
5.458750e+02 1.992000e+02
5.457500e+02 1.992000e+02
5.456250e+02 1.992000e+02
5.455000e+02 1.992000e+02
5.452500e+02 1.992000e+02
5.450000e+02 1.992000e+02
5.447500e+02 1.992000e+02
5.445000e+02 1.992000e+02
5.443750e+02 1.992000e+02
5.442500e+02 1.992000e+02
5.441250e+02 1.992000e+02
5.440000e+02 1.992000e+02
5.436250e+02 1.993500e+02
5.432500e+02 1.995000e+02
5.428750e+02 1.996500e+02
5.425000e+02 1.998000e+02
5.421250e+02 1.999500e+02
5.417500e+02 2.001000e+02
5.413750e+02 2.002500e+02
5.410000e+02 2.004000e+02
5.401250e+02 2.005500e+02
5.392500e+02 2.007000e+02
5.383750e+02 2.008500e+02
5.375000e+02 2.010000e+02
5.371250e+02 2.010000e+02
5.367500e+02 2.010000e+02
5.363750e+02 2.010000e+02
5.360000e+02 2.010000e+02
5.352500e+02 2.011500e+02
5.345000e+02 2.013000e+02
5.337500e+02 2.014500e+02
5.330000e+02 2.016000e+02
5.320000e+02 2.017500e+02
5.310000e+02 2.019000e+02
5.300000e+02 2.020500e+02
5.290000e+02 2.022000e+02
5.282500e+02 2.023500e+02
5.275000e+02 2.025000e+02
5.267500e+02 2.026500e+02
5.260000e+02 2.028000e+02
5.251250e+02 2.029500e+02
5.242500e+02 2.031000e+02
5.233750e+02 2.032500e+02
5.225000e+02 2.034000e+02
5.221250e+02 2.035500e+02
5.217500e+02 2.037000e+02
5.213750e+02 2.038500e+02
5.210000e+02 2.040000e+02
5.197500e+02 2.041500e+02
5.185000e+02 2.043000e+02
5.172500e+02 2.044500e+02
5.160000e+02 2.046000e+02
5.150000e+02 2.047500e+02
5.140000e+02 2.049000e+02
5.130000e+02 2.050500e+02
5.120000e+02 2.052000e+02
5.110000e+02 2.053500e+02
5.100000e+02 2.055000e+02
5.090000e+02 2.056500e+02
5.080000e+02 2.058000e+02
5.071250e+02 2.058000e+02
5.062500e+02 2.058000e+02
5.053750e+02 2.058000e+02
5.045000e+02 2.058000e+02
5.033750e+02 2.059500e+02
5.022500e+02 2.061000e+02
5.011250e+02 2.062500e+02
5.000000e+02 2.064000e+02
4.988750e+02 2.065500e+02
4.977500e+02 2.067000e+02
4.955000e+02 2.070000e+02
4.937500e+02 2.073000e+02
4.920000e+02 2.076000e+02
4.897500e+02 2.076000e+02
4.875000e+02 2.076000e+02
4.842500e+02 2.082000e+02
4.810000e+02 2.088000e+02
4.800000e+02 2.088000e+02
4.790000e+02 2.088000e+02
4.750000e+02 2.094000e+02
4.710000e+02 2.100000e+02
4.685000e+02 2.100000e+02
4.660000e+02 2.100000e+02
4.627500e+02 2.106000e+02
4.595000e+02 2.112000e+02
4.565000e+02 2.112000e+02
4.535000e+02 2.112000e+02
4.495000e+02 2.115000e+02
4.455000e+02 2.118000e+02
4.410000e+02 2.121000e+02
4.365000e+02 2.124000e+02
4.320000e+02 2.127000e+02
4.275000e+02 2.130000e+02
4.230000e+02 2.136000e+02
4.185000e+02 2.142000e+02
4.137500e+02 2.145000e+02
4.090000e+02 2.148000e+02
4.042500e+02 2.154000e+02
3.995000e+02 2.160000e+02
3.927500e+02 2.166000e+02
3.860000e+02 2.172000e+02
3.815000e+02 2.175000e+02
3.770000e+02 2.178000e+02
3.727500e+02 2.184000e+02
3.685000e+02 2.190000e+02
3.637500e+02 2.193000e+02
3.590000e+02 2.196000e+02
3.540000e+02 2.199000e+02
3.490000e+02 2.202000e+02
3.445000e+02 2.205000e+02
3.400000e+02 2.208000e+02
3.355000e+02 2.211000e+02
3.310000e+02 2.214000e+02
3.257500e+02 2.217000e+02
3.205000e+02 2.220000e+02
3.152500e+02 2.226000e+02
3.100000e+02 2.232000e+02
3.040000e+02 2.241000e+02
2.980000e+02 2.250000e+02
2.925000e+02 2.253000e+02
2.870000e+02 2.256000e+02
2.812500e+02 2.265000e+02
2.755000e+02 2.274000e+02
2.700000e+02 2.280000e+02
2.645000e+02 2.286000e+02
2.592500e+02 2.292000e+02
2.540000e+02 2.298000e+02
2.482500e+02 2.304000e+02
2.425000e+02 2.310000e+02
2.372500e+02 2.316000e+02
2.320000e+02 2.322000e+02
2.245000e+02 2.328000e+02
2.170000e+02 2.334000e+02
2.122500e+02 2.337000e+02
2.075000e+02 2.340000e+02
2.025000e+02 2.343000e+02
1.975000e+02 2.346000e+02
1.927500e+02 2.349000e+02
1.880000e+02 2.352000e+02
1.840000e+02 2.355000e+02
1.800000e+02 2.358000e+02
1.755000e+02 2.361000e+02
1.710000e+02 2.364000e+02
1.665000e+02 2.367000e+02
1.620000e+02 2.370000e+02
1.577500e+02 2.373000e+02
1.535000e+02 2.376000e+02
1.492500e+02 2.379000e+02
1.450000e+02 2.382000e+02
1.407500e+02 2.385000e+02
1.365000e+02 2.388000e+02
1.312500e+02 2.391000e+02
1.260000e+02 2.394000e+02
1.212500e+02 2.397000e+02
1.165000e+02 2.400000e+02
1.135000e+02 2.400000e+02
1.105000e+02 2.400000e+02
1.070000e+02 2.400000e+02
1.035000e+02 2.400000e+02
1.010000e+02 2.400000e+02
9.850000e+01 2.400000e+02
9.625000e+01 2.397000e+02
9.400000e+01 2.394000e+02
9.275000e+01 2.391000e+02
9.150000e+01 2.388000e+02
9.050000e+01 2.385000e+02
8.950000e+01 2.382000e+02
8.875000e+01 2.382000e+02
8.800000e+01 2.382000e+02
8.725000e+01 2.379000e+02
8.650000e+01 2.376000e+02
8.625000e+01 2.376000e+02
8.600000e+01 2.376000e+02
8.550000e+01 2.373000e+02
8.500000e+01 2.370000e+02
8.425000e+01 2.370000e+02
8.350000e+01 2.370000e+02
8.350000e+01 2.370000e+02
8.350000e+01 2.370000e+02
5.475000e+02 1.992000e+02
5.475000e+02 1.992000e+02
5.475000e+02 1.992000e+02
5.475000e+02 1.992000e+02
5.475000e+02 1.992000e+02
5.473750e+02 1.992000e+02
5.472500e+02 1.992000e+02
5.471250e+02 1.992000e+02
5.470000e+02 1.992000e+02
5.470000e+02 1.992000e+02
5.470000e+02 1.992000e+02
5.470000e+02 1.992000e+02
5.470000e+02 1.992000e+02
5.468750e+02 1.992000e+02
5.467500e+02 1.992000e+02
5.466250e+02 1.992000e+02
5.465000e+02 1.992000e+02
5.463750e+02 1.992000e+02
5.462500e+02 1.992000e+02
5.461250e+02 1.992000e+02
5.460000e+02 1.992000e+02
5.458750e+02 1.992000e+02
5.457500e+02 1.992000e+02
5.456250e+02 1.992000e+02
5.455000e+02 1.992000e+02
5.452500e+02 1.992000e+02
5.450000e+02 1.992000e+02
5.447500e+02 1.992000e+02
5.445000e+02 1.992000e+02
5.443750e+02 1.992000e+02
5.442500e+02 1.992000e+02
5.441250e+02 1.992000e+02
5.440000e+02 1.992000e+02
5.436250e+02 1.993500e+02
5.432500e+02 1.995000e+02
5.428750e+02 1.996500e+02
5.425000e+02 1.998000e+02
5.421250e+02 1.999500e+02
5.417500e+02 2.001000e+02
5.413750e+02 2.002500e+02
5.410000e+02 2.004000e+02
5.401250e+02 2.005500e+02
5.392500e+02 2.007000e+02
5.383750e+02 2.008500e+02
5.375000e+02 2.010000e+02
5.371250e+02 2.010000e+02
5.367500e+02 2.010000e+02
5.363750e+02 2.010000e+02
5.360000e+02 2.010000e+02
5.352500e+02 2.011500e+02
5.345000e+02 2.013000e+02
5.337500e+02 2.014500e+02
5.330000e+02 2.016000e+02
5.320000e+02 2.017500e+02
5.310000e+02 2.019000e+02
5.300000e+02 2.020500e+02
5.290000e+02 2.022000e+02
5.282500e+02 2.023500e+02
5.275000e+02 2.025000e+02
5.267500e+02 2.026500e+02
5.260000e+02 2.028000e+02
5.251250e+02 2.029500e+02
5.242500e+02 2.031000e+02
5.233750e+02 2.032500e+02
5.225000e+02 2.034000e+02
5.221250e+02 2.035500e+02
5.217500e+02 2.037000e+02
5.213750e+02 2.038500e+02
5.210000e+02 2.040000e+02
5.197500e+02 2.041500e+02
5.185000e+02 2.043000e+02
5.172500e+02 2.044500e+02
5.160000e+02 2.046000e+02
5.150000e+02 2.047500e+02
5.140000e+02 2.049000e+02
5.130000e+02 2.050500e+02
5.120000e+02 2.052000e+02
5.110000e+02 2.053500e+02
5.100000e+02 2.055000e+02
5.090000e+02 2.056500e+02
5.080000e+02 2.058000e+02
5.071250e+02 2.058000e+02
5.062500e+02 2.058000e+02
5.053750e+02 2.058000e+02
5.045000e+02 2.058000e+02
5.033750e+02 2.059500e+02
5.022500e+02 2.061000e+02
5.011250e+02 2.062500e+02
5.000000e+02 2.064000e+02
4.988750e+02 2.065500e+02
4.977500e+02 2.067000e+02
4.955000e+02 2.070000e+02
4.937500e+02 2.073000e+02
4.920000e+02 2.076000e+02
4.897500e+02 2.076000e+02
4.875000e+02 2.076000e+02
4.842500e+02 2.082000e+02
4.810000e+02 2.088000e+02
4.800000e+02 2.088000e+02
4.790000e+02 2.088000e+02
4.750000e+02 2.094000e+02
4.710000e+02 2.100000e+02
4.685000e+02 2.100000e+02
4.660000e+02 2.100000e+02
4.627500e+02 2.106000e+02
4.595000e+02 2.112000e+02
4.565000e+02 2.112000e+02
4.535000e+02 2.112000e+02
4.495000e+02 2.115000e+02
4.455000e+02 2.118000e+02
4.410000e+02 2.121000e+02
4.365000e+02 2.124000e+02
4.320000e+02 2.127000e+02
4.275000e+02 2.130000e+02
4.230000e+02 2.136000e+02
4.185000e+02 2.142000e+02
4.137500e+02 2.145000e+02
4.090000e+02 2.148000e+02
4.042500e+02 2.154000e+02
3.995000e+02 2.160000e+02
3.927500e+02 2.166000e+02
3.860000e+02 2.172000e+02
3.815000e+02 2.175000e+02
3.770000e+02 2.178000e+02
3.727500e+02 2.184000e+02
3.685000e+02 2.190000e+02
3.637500e+02 2.193000e+02
3.590000e+02 2.196000e+02
3.540000e+02 2.199000e+02
3.490000e+02 2.202000e+02
3.445000e+02 2.205000e+02
3.400000e+02 2.208000e+02
3.355000e+02 2.211000e+02
3.310000e+02 2.214000e+02
3.257500e+02 2.217000e+02
3.205000e+02 2.220000e+02
3.152500e+02 2.226000e+02
3.100000e+02 2.232000e+02
3.040000e+02 2.241000e+02
2.980000e+02 2.250000e+02
2.925000e+02 2.253000e+02
2.870000e+02 2.256000e+02
2.812500e+02 2.265000e+02
2.755000e+02 2.274000e+02
2.700000e+02 2.280000e+02
2.645000e+02 2.286000e+02
2.592500e+02 2.292000e+02
2.540000e+02 2.298000e+02
2.482500e+02 2.304000e+02
2.425000e+02 2.310000e+02
2.372500e+02 2.316000e+02
2.320000e+02 2.322000e+02
2.245000e+02 2.328000e+02
2.170000e+02 2.334000e+02
2.122500e+02 2.337000e+02
2.075000e+02 2.340000e+02
2.025000e+02 2.343000e+02
1.975000e+02 2.346000e+02
1.927500e+02 2.349000e+02
1.880000e+02 2.352000e+02
1.840000e+02 2.355000e+02
1.800000e+02 2.358000e+02
1.755000e+02 2.361000e+02
1.710000e+02 2.364000e+02
1.665000e+02 2.367000e+02
1.620000e+02 2.370000e+02
1.577500e+02 2.373000e+02
1.535000e+02 2.376000e+02
1.492500e+02 2.379000e+02
1.450000e+02 2.382000e+02
1.407500e+02 2.385000e+02
1.365000e+02 2.388000e+02
1.312500e+02 2.391000e+02
1.260000e+02 2.394000e+02
1.212500e+02 2.397000e+02
1.165000e+02 2.400000e+02
1.135000e+02 2.400000e+02
1.105000e+02 2.400000e+02
1.070000e+02 2.400000e+02
1.035000e+02 2.400000e+02
1.010000e+02 2.400000e+02
9.850000e+01 2.400000e+02
9.625000e+01 2.397000e+02
9.400000e+01 2.394000e+02
9.275000e+01 2.391000e+02
9.150000e+01 2.388000e+02
9.050000e+01 2.385000e+02
8.950000e+01 2.382000e+02
8.875000e+01 2.382000e+02
8.800000e+01 2.382000e+02
8.725000e+01 2.379000e+02
8.650000e+01 2.376000e+02
8.625000e+01 2.376000e+02
8.600000e+01 2.376000e+02
8.550000e+01 2.373000e+02
8.500000e+01 2.370000e+02
8.425000e+01 2.370000e+02
8.350000e+01 2.370000e+02
8.350000e+01 2.370000e+02
8.350000e+01 2.370000e+02
