2.010000e+02 3.924000e+02
2.010000e+02 3.924000e+02
2.010000e+02 3.924000e+02
2.010000e+02 3.924000e+02
2.010000e+02 3.924000e+02
2.010000e+02 3.924000e+02
2.010000e+02 3.924000e+02
2.010000e+02 3.924000e+02
2.010000e+02 3.924000e+02
2.008750e+02 3.924000e+02
2.007500e+02 3.924000e+02
2.006250e+02 3.924000e+02
2.005000e+02 3.924000e+02
2.005000e+02 3.924000e+02
2.005000e+02 3.924000e+02
2.005000e+02 3.924000e+02
2.005000e+02 3.924000e+02
2.005000e+02 3.924000e+02
2.005000e+02 3.924000e+02
2.005000e+02 3.924000e+02
2.005000e+02 3.924000e+02
2.003750e+02 3.922500e+02
2.002500e+02 3.921000e+02
2.001250e+02 3.919500e+02
2.000000e+02 3.918000e+02
1.997500e+02 3.909000e+02
1.995000e+02 3.900000e+02
1.992500e+02 3.891000e+02
1.990000e+02 3.882000e+02
1.986250e+02 3.865500e+02
1.982500e+02 3.849000e+02
1.978750e+02 3.832500e+02
1.975000e+02 3.816000e+02
1.971250e+02 3.796500e+02
1.967500e+02 3.777000e+02
1.963750e+02 3.757500e+02
1.960000e+02 3.738000e+02
1.956250e+02 3.712500e+02
1.952500e+02 3.687000e+02
1.948750e+02 3.661500e+02
1.945000e+02 3.636000e+02
1.942500e+02 3.600000e+02
1.940000e+02 3.564000e+02
1.937500e+02 3.528000e+02
1.935000e+02 3.492000e+02
1.935000e+02 3.480000e+02
1.935000e+02 3.468000e+02
1.935000e+02 3.456000e+02
1.935000e+02 3.444000e+02
1.935000e+02 3.415500e+02
1.935000e+02 3.387000e+02
1.935000e+02 3.358500e+02
1.935000e+02 3.330000e+02
1.935000e+02 3.291000e+02
1.935000e+02 3.252000e+02
1.935000e+02 3.213000e+02
1.935000e+02 3.174000e+02
1.936250e+02 3.148500e+02
1.937500e+02 3.123000e+02
1.938750e+02 3.097500e+02
1.940000e+02 3.072000e+02
1.940000e+02 3.058500e+02
1.940000e+02 3.045000e+02
1.940000e+02 3.031500e+02
1.940000e+02 3.018000e+02
1.941250e+02 2.991000e+02
1.942500e+02 2.964000e+02
1.943750e+02 2.937000e+02
1.945000e+02 2.910000e+02
1.947500e+02 2.883000e+02
1.950000e+02 2.856000e+02
1.952500e+02 2.829000e+02
1.955000e+02 2.802000e+02
1.956250e+02 2.775000e+02
1.957500e+02 2.748000e+02
1.958750e+02 2.721000e+02
1.960000e+02 2.694000e+02
1.962500e+02 2.670000e+02
1.965000e+02 2.646000e+02
1.967500e+02 2.622000e+02
1.970000e+02 2.598000e+02
1.971250e+02 2.574000e+02
1.972500e+02 2.550000e+02
1.973750e+02 2.526000e+02
1.975000e+02 2.502000e+02
1.977500e+02 2.476500e+02
1.980000e+02 2.451000e+02
1.982500e+02 2.425500e+02
1.985000e+02 2.400000e+02
1.986250e+02 2.373000e+02
1.987500e+02 2.346000e+02
1.988750e+02 2.319000e+02
1.990000e+02 2.292000e+02
1.991250e+02 2.254500e+02
1.992500e+02 2.217000e+02
1.993750e+02 2.179500e+02
1.995000e+02 2.142000e+02
1.996250e+02 2.118000e+02
1.997500e+02 2.094000e+02
1.998750e+02 2.070000e+02
2.000000e+02 2.046000e+02
2.001250e+02 2.022000e+02
2.002500e+02 1.998000e+02
2.003750e+02 1.974000e+02
2.005000e+02 1.950000e+02
2.006250e+02 1.927500e+02
2.007500e+02 1.905000e+02
2.008750e+02 1.882500e+02
2.010000e+02 1.860000e+02
2.010000e+02 1.837500e+02
2.010000e+02 1.815000e+02
2.010000e+02 1.792500e+02
2.010000e+02 1.770000e+02
2.011250e+02 1.747500e+02
2.012500e+02 1.725000e+02
2.013750e+02 1.702500e+02
2.015000e+02 1.680000e+02
2.015000e+02 1.660500e+02
2.015000e+02 1.641000e+02
2.015000e+02 1.621500e+02
2.015000e+02 1.602000e+02
2.016250e+02 1.579500e+02
2.017500e+02 1.557000e+02
2.018750e+02 1.534500e+02
2.020000e+02 1.512000e+02
2.020000e+02 1.492500e+02
2.020000e+02 1.473000e+02
2.020000e+02 1.453500e+02
2.020000e+02 1.434000e+02
2.020000e+02 1.411500e+02
2.020000e+02 1.389000e+02
2.020000e+02 1.366500e+02
2.020000e+02 1.344000e+02
2.018750e+02 1.327500e+02
2.017500e+02 1.311000e+02
2.016250e+02 1.294500e+02
2.015000e+02 1.278000e+02
2.015000e+02 1.261500e+02
2.015000e+02 1.245000e+02
2.015000e+02 1.228500e+02
2.015000e+02 1.212000e+02
2.015000e+02 1.191000e+02
2.015000e+02 1.170000e+02
2.015000e+02 1.149000e+02
2.015000e+02 1.128000e+02
2.015000e+02 1.120500e+02
2.015000e+02 1.113000e+02
2.015000e+02 1.105500e+02
2.015000e+02 1.098000e+02
2.016250e+02 1.077000e+02
2.017500e+02 1.056000e+02
2.018750e+02 1.035000e+02
2.020000e+02 1.014000e+02
2.020000e+02 1.000500e+02
2.020000e+02 9.870000e+01
2.020000e+02 9.735000e+01
2.020000e+02 9.600000e+01
2.021250e+02 9.465000e+01
2.022500e+02 9.330000e+01
2.023750e+02 9.195000e+01
2.025000e+02 9.060000e+01
2.025000e+02 8.955000e+01
2.025000e+02 8.850000e+01
2.025000e+02 8.745000e+01
2.025000e+02 8.640000e+01
2.026250e+02 8.535000e+01
2.027500e+02 8.430000e+01
2.028750e+02 8.325000e+01
2.030000e+02 8.220000e+01
2.031250e+02 8.085000e+01
2.032500e+02 7.950000e+01
2.033750e+02 7.815000e+01
2.035000e+02 7.680000e+01
2.035000e+02 7.575000e+01
2.035000e+02 7.470000e+01
2.035000e+02 7.365000e+01
2.035000e+02 7.260000e+01
2.036250e+02 7.155000e+01
2.037500e+02 7.050000e+01
2.038750e+02 6.945000e+01
2.040000e+02 6.840000e+01
2.041250e+02 6.750000e+01
2.042500e+02 6.660000e+01
2.043750e+02 6.570000e+01
2.045000e+02 6.480000e+01
2.046250e+02 6.390000e+01
2.047500e+02 6.300000e+01
2.048750e+02 6.210000e+01
2.050000e+02 6.120000e+01
2.052500e+02 6.030000e+01
2.055000e+02 5.940000e+01
2.057500e+02 5.850000e+01
2.060000e+02 5.760000e+01
2.060000e+02 5.715000e+01
2.060000e+02 5.670000e+01
2.060000e+02 5.625000e+01
2.060000e+02 5.580000e+01
2.060000e+02 5.580000e+01
2.060000e+02 5.580000e+01
2.060000e+02 5.580000e+01
2.010000e+02 3.924000e+02
2.010000e+02 3.924000e+02
2.010000e+02 3.924000e+02
2.010000e+02 3.924000e+02
2.010000e+02 3.924000e+02
2.010000e+02 3.924000e+02
2.010000e+02 3.924000e+02
2.010000e+02 3.924000e+02
2.010000e+02 3.924000e+02
2.008750e+02 3.924000e+02
2.007500e+02 3.924000e+02
2.006250e+02 3.924000e+02
2.005000e+02 3.924000e+02
2.005000e+02 3.924000e+02
2.005000e+02 3.924000e+02
2.005000e+02 3.924000e+02
2.005000e+02 3.924000e+02
2.005000e+02 3.924000e+02
2.005000e+02 3.924000e+02
2.005000e+02 3.924000e+02
2.005000e+02 3.924000e+02
2.003750e+02 3.922500e+02
2.002500e+02 3.921000e+02
2.001250e+02 3.919500e+02
2.000000e+02 3.918000e+02
1.997500e+02 3.909000e+02
1.995000e+02 3.900000e+02
1.992500e+02 3.891000e+02
1.990000e+02 3.882000e+02
1.986250e+02 3.865500e+02
1.982500e+02 3.849000e+02
1.978750e+02 3.832500e+02
1.975000e+02 3.816000e+02
1.971250e+02 3.796500e+02
1.967500e+02 3.777000e+02
1.963750e+02 3.757500e+02
1.960000e+02 3.738000e+02
1.956250e+02 3.712500e+02
1.952500e+02 3.687000e+02
1.948750e+02 3.661500e+02
1.945000e+02 3.636000e+02
1.942500e+02 3.600000e+02
1.940000e+02 3.564000e+02
1.937500e+02 3.528000e+02
1.935000e+02 3.492000e+02
1.935000e+02 3.480000e+02
1.935000e+02 3.468000e+02
1.935000e+02 3.456000e+02
1.935000e+02 3.444000e+02
1.935000e+02 3.415500e+02
1.935000e+02 3.387000e+02
1.935000e+02 3.358500e+02
1.935000e+02 3.330000e+02
1.935000e+02 3.291000e+02
1.935000e+02 3.252000e+02
1.935000e+02 3.213000e+02
1.935000e+02 3.174000e+02
1.936250e+02 3.148500e+02
1.937500e+02 3.123000e+02
1.938750e+02 3.097500e+02
1.940000e+02 3.072000e+02
1.940000e+02 3.058500e+02
1.940000e+02 3.045000e+02
1.940000e+02 3.031500e+02
1.940000e+02 3.018000e+02
1.941250e+02 2.991000e+02
1.942500e+02 2.964000e+02
1.943750e+02 2.937000e+02
1.945000e+02 2.910000e+02
1.947500e+02 2.883000e+02
1.950000e+02 2.856000e+02
1.952500e+02 2.829000e+02
1.955000e+02 2.802000e+02
1.956250e+02 2.775000e+02
1.957500e+02 2.748000e+02
1.958750e+02 2.721000e+02
1.960000e+02 2.694000e+02
1.962500e+02 2.670000e+02
1.965000e+02 2.646000e+02
1.967500e+02 2.622000e+02
1.970000e+02 2.598000e+02
1.971250e+02 2.574000e+02
1.972500e+02 2.550000e+02
1.973750e+02 2.526000e+02
1.975000e+02 2.502000e+02
1.977500e+02 2.476500e+02
1.980000e+02 2.451000e+02
1.982500e+02 2.425500e+02
1.985000e+02 2.400000e+02
1.986250e+02 2.373000e+02
1.987500e+02 2.346000e+02
1.988750e+02 2.319000e+02
1.990000e+02 2.292000e+02
1.991250e+02 2.254500e+02
1.992500e+02 2.217000e+02
1.993750e+02 2.179500e+02
1.995000e+02 2.142000e+02
1.996250e+02 2.118000e+02
1.997500e+02 2.094000e+02
1.998750e+02 2.070000e+02
2.000000e+02 2.046000e+02
2.001250e+02 2.022000e+02
2.002500e+02 1.998000e+02
2.003750e+02 1.974000e+02
2.005000e+02 1.950000e+02
2.006250e+02 1.927500e+02
2.007500e+02 1.905000e+02
2.008750e+02 1.882500e+02
2.010000e+02 1.860000e+02
2.010000e+02 1.837500e+02
2.010000e+02 1.815000e+02
2.010000e+02 1.792500e+02
2.010000e+02 1.770000e+02
2.011250e+02 1.747500e+02
2.012500e+02 1.725000e+02
2.013750e+02 1.702500e+02
2.015000e+02 1.680000e+02
2.015000e+02 1.660500e+02
2.015000e+02 1.641000e+02
2.015000e+02 1.621500e+02
2.015000e+02 1.602000e+02
2.016250e+02 1.579500e+02
2.017500e+02 1.557000e+02
2.018750e+02 1.534500e+02
2.020000e+02 1.512000e+02
2.020000e+02 1.492500e+02
2.020000e+02 1.473000e+02
2.020000e+02 1.453500e+02
2.020000e+02 1.434000e+02
2.020000e+02 1.411500e+02
2.020000e+02 1.389000e+02
2.020000e+02 1.366500e+02
2.020000e+02 1.344000e+02
2.018750e+02 1.327500e+02
2.017500e+02 1.311000e+02
2.016250e+02 1.294500e+02
2.015000e+02 1.278000e+02
2.015000e+02 1.261500e+02
2.015000e+02 1.245000e+02
2.015000e+02 1.228500e+02
2.015000e+02 1.212000e+02
2.015000e+02 1.191000e+02
2.015000e+02 1.170000e+02
2.015000e+02 1.149000e+02
2.015000e+02 1.128000e+02
2.015000e+02 1.120500e+02
2.015000e+02 1.113000e+02
2.015000e+02 1.105500e+02
2.015000e+02 1.098000e+02
2.016250e+02 1.077000e+02
2.017500e+02 1.056000e+02
2.018750e+02 1.035000e+02
2.020000e+02 1.014000e+02
2.020000e+02 1.000500e+02
2.020000e+02 9.870000e+01
2.020000e+02 9.735000e+01
2.020000e+02 9.600000e+01
2.021250e+02 9.465000e+01
2.022500e+02 9.330000e+01
2.023750e+02 9.195000e+01
2.025000e+02 9.060000e+01
2.025000e+02 8.955000e+01
2.025000e+02 8.850000e+01
2.025000e+02 8.745000e+01
2.025000e+02 8.640000e+01
2.026250e+02 8.535000e+01
2.027500e+02 8.430000e+01
2.028750e+02 8.325000e+01
2.030000e+02 8.220000e+01
2.031250e+02 8.085000e+01
2.032500e+02 7.950000e+01
2.033750e+02 7.815000e+01
2.035000e+02 7.680000e+01
2.035000e+02 7.575000e+01
2.035000e+02 7.470000e+01
2.035000e+02 7.365000e+01
2.035000e+02 7.260000e+01
2.036250e+02 7.155000e+01
2.037500e+02 7.050000e+01
2.038750e+02 6.945000e+01
2.040000e+02 6.840000e+01
2.041250e+02 6.750000e+01
2.042500e+02 6.660000e+01
2.043750e+02 6.570000e+01
2.045000e+02 6.480000e+01
2.046250e+02 6.390000e+01
2.047500e+02 6.300000e+01
2.048750e+02 6.210000e+01
2.050000e+02 6.120000e+01
2.052500e+02 6.030000e+01
2.055000e+02 5.940000e+01
2.057500e+02 5.850000e+01
2.060000e+02 5.760000e+01
2.060000e+02 5.715000e+01
2.060000e+02 5.670000e+01
2.060000e+02 5.625000e+01
2.060000e+02 5.580000e+01
2.060000e+02 5.580000e+01
2.060000e+02 5.580000e+01
2.060000e+02 5.580000e+01
2.010000e+02 3.924000e+02
2.010000e+02 3.924000e+02
2.010000e+02 3.924000e+02
2.010000e+02 3.924000e+02
2.010000e+02 3.924000e+02
2.010000e+02 3.924000e+02
2.010000e+02 3.924000e+02
2.010000e+02 3.924000e+02
2.010000e+02 3.924000e+02
2.008750e+02 3.924000e+02
2.007500e+02 3.924000e+02
2.006250e+02 3.924000e+02
2.005000e+02 3.924000e+02
2.005000e+02 3.924000e+02
2.005000e+02 3.924000e+02
2.005000e+02 3.924000e+02
2.005000e+02 3.924000e+02
2.005000e+02 3.924000e+02
2.005000e+02 3.924000e+02
2.005000e+02 3.924000e+02
2.005000e+02 3.924000e+02
2.003750e+02 3.922500e+02
2.002500e+02 3.921000e+02
2.001250e+02 3.919500e+02
2.000000e+02 3.918000e+02
1.997500e+02 3.909000e+02
1.995000e+02 3.900000e+02
1.992500e+02 3.891000e+02
1.990000e+02 3.882000e+02
1.986250e+02 3.865500e+02
1.982500e+02 3.849000e+02
1.978750e+02 3.832500e+02
1.975000e+02 3.816000e+02
1.971250e+02 3.796500e+02
1.967500e+02 3.777000e+02
1.963750e+02 3.757500e+02
1.960000e+02 3.738000e+02
1.956250e+02 3.712500e+02
1.952500e+02 3.687000e+02
1.948750e+02 3.661500e+02
1.945000e+02 3.636000e+02
1.942500e+02 3.600000e+02
1.940000e+02 3.564000e+02
1.937500e+02 3.528000e+02
1.935000e+02 3.492000e+02
1.935000e+02 3.480000e+02
1.935000e+02 3.468000e+02
1.935000e+02 3.456000e+02
1.935000e+02 3.444000e+02
1.935000e+02 3.415500e+02
1.935000e+02 3.387000e+02
1.935000e+02 3.358500e+02
1.935000e+02 3.330000e+02
1.935000e+02 3.291000e+02
1.935000e+02 3.252000e+02
1.935000e+02 3.213000e+02
1.935000e+02 3.174000e+02
1.936250e+02 3.148500e+02
1.937500e+02 3.123000e+02
1.938750e+02 3.097500e+02
1.940000e+02 3.072000e+02
1.940000e+02 3.058500e+02
1.940000e+02 3.045000e+02
1.940000e+02 3.031500e+02
1.940000e+02 3.018000e+02
1.941250e+02 2.991000e+02
1.942500e+02 2.964000e+02
1.943750e+02 2.937000e+02
1.945000e+02 2.910000e+02
1.947500e+02 2.883000e+02
1.950000e+02 2.856000e+02
1.952500e+02 2.829000e+02
1.955000e+02 2.802000e+02
1.956250e+02 2.775000e+02
1.957500e+02 2.748000e+02
1.958750e+02 2.721000e+02
1.960000e+02 2.694000e+02
1.962500e+02 2.670000e+02
1.965000e+02 2.646000e+02
1.967500e+02 2.622000e+02
1.970000e+02 2.598000e+02
1.971250e+02 2.574000e+02
1.972500e+02 2.550000e+02
1.973750e+02 2.526000e+02
1.975000e+02 2.502000e+02
1.977500e+02 2.476500e+02
1.980000e+02 2.451000e+02
1.982500e+02 2.425500e+02
1.985000e+02 2.400000e+02
1.986250e+02 2.373000e+02
1.987500e+02 2.346000e+02
1.988750e+02 2.319000e+02
1.990000e+02 2.292000e+02
1.991250e+02 2.254500e+02
1.992500e+02 2.217000e+02
1.993750e+02 2.179500e+02
1.995000e+02 2.142000e+02
1.996250e+02 2.118000e+02
1.997500e+02 2.094000e+02
1.998750e+02 2.070000e+02
2.000000e+02 2.046000e+02
2.001250e+02 2.022000e+02
2.002500e+02 1.998000e+02
2.003750e+02 1.974000e+02
2.005000e+02 1.950000e+02
2.006250e+02 1.927500e+02
2.007500e+02 1.905000e+02
2.008750e+02 1.882500e+02
2.010000e+02 1.860000e+02
2.010000e+02 1.837500e+02
2.010000e+02 1.815000e+02
2.010000e+02 1.792500e+02
2.010000e+02 1.770000e+02
2.011250e+02 1.747500e+02
2.012500e+02 1.725000e+02
2.013750e+02 1.702500e+02
2.015000e+02 1.680000e+02
2.015000e+02 1.660500e+02
2.015000e+02 1.641000e+02
2.015000e+02 1.621500e+02
2.015000e+02 1.602000e+02
2.016250e+02 1.579500e+02
2.017500e+02 1.557000e+02
2.018750e+02 1.534500e+02
2.020000e+02 1.512000e+02
2.020000e+02 1.492500e+02
2.020000e+02 1.473000e+02
2.020000e+02 1.453500e+02
2.020000e+02 1.434000e+02
2.020000e+02 1.411500e+02
2.020000e+02 1.389000e+02
2.020000e+02 1.366500e+02
2.020000e+02 1.344000e+02
2.018750e+02 1.327500e+02
2.017500e+02 1.311000e+02
2.016250e+02 1.294500e+02
2.015000e+02 1.278000e+02
2.015000e+02 1.261500e+02
2.015000e+02 1.245000e+02
2.015000e+02 1.228500e+02
2.015000e+02 1.212000e+02
2.015000e+02 1.191000e+02
2.015000e+02 1.170000e+02
2.015000e+02 1.149000e+02
2.015000e+02 1.128000e+02
2.015000e+02 1.120500e+02
2.015000e+02 1.113000e+02
2.015000e+02 1.105500e+02
2.015000e+02 1.098000e+02
2.016250e+02 1.077000e+02
2.017500e+02 1.056000e+02
2.018750e+02 1.035000e+02
2.020000e+02 1.014000e+02
2.020000e+02 1.000500e+02
2.020000e+02 9.870000e+01
2.020000e+02 9.735000e+01
2.020000e+02 9.600000e+01
2.021250e+02 9.465000e+01
2.022500e+02 9.330000e+01
2.023750e+02 9.195000e+01
2.025000e+02 9.060000e+01
2.025000e+02 8.955000e+01
2.025000e+02 8.850000e+01
2.025000e+02 8.745000e+01
2.025000e+02 8.640000e+01
2.026250e+02 8.535000e+01
2.027500e+02 8.430000e+01
2.028750e+02 8.325000e+01
2.030000e+02 8.220000e+01
2.031250e+02 8.085000e+01
2.032500e+02 7.950000e+01
2.033750e+02 7.815000e+01
2.035000e+02 7.680000e+01
2.035000e+02 7.575000e+01
2.035000e+02 7.470000e+01
2.035000e+02 7.365000e+01
2.035000e+02 7.260000e+01
2.036250e+02 7.155000e+01
2.037500e+02 7.050000e+01
2.038750e+02 6.945000e+01
2.040000e+02 6.840000e+01
2.041250e+02 6.750000e+01
2.042500e+02 6.660000e+01
2.043750e+02 6.570000e+01
2.045000e+02 6.480000e+01
2.046250e+02 6.390000e+01
2.047500e+02 6.300000e+01
2.048750e+02 6.210000e+01
2.050000e+02 6.120000e+01
2.052500e+02 6.030000e+01
2.055000e+02 5.940000e+01
2.057500e+02 5.850000e+01
2.060000e+02 5.760000e+01
2.060000e+02 5.715000e+01
2.060000e+02 5.670000e+01
2.060000e+02 5.625000e+01
2.060000e+02 5.580000e+01
2.060000e+02 5.580000e+01
2.060000e+02 5.580000e+01
2.060000e+02 5.580000e+01
