1.740000e+02 1.884000e+02
1.740000e+02 1.884000e+02
1.740000e+02 1.884000e+02
1.740000e+02 1.884000e+02
1.740000e+02 1.884000e+02
1.740000e+02 1.884000e+02
1.740000e+02 1.884000e+02
1.747500e+02 1.881000e+02
1.755000e+02 1.878000e+02
1.772500e+02 1.869000e+02
1.790000e+02 1.860000e+02
1.822500e+02 1.848000e+02
1.855000e+02 1.836000e+02
1.900000e+02 1.821000e+02
1.945000e+02 1.806000e+02
2.002500e+02 1.785000e+02
2.060000e+02 1.764000e+02
2.120000e+02 1.746000e+02
2.180000e+02 1.728000e+02
2.242500e+02 1.716000e+02
2.305000e+02 1.704000e+02
2.370000e+02 1.692000e+02
2.435000e+02 1.680000e+02
2.502500e+02 1.671000e+02
2.570000e+02 1.662000e+02
2.642500e+02 1.650000e+02
2.715000e+02 1.638000e+02
2.790000e+02 1.629000e+02
2.865000e+02 1.620000e+02
2.930000e+02 1.614000e+02
2.995000e+02 1.608000e+02
3.055000e+02 1.605000e+02
3.115000e+02 1.602000e+02
3.170000e+02 1.596000e+02
3.225000e+02 1.590000e+02
3.277500e+02 1.590000e+02
3.330000e+02 1.590000e+02
3.390000e+02 1.587000e+02
3.450000e+02 1.584000e+02
3.482500e+02 1.584000e+02
3.515000e+02 1.584000e+02
3.540000e+02 1.584000e+02
3.565000e+02 1.584000e+02
3.587500e+02 1.584000e+02
3.610000e+02 1.584000e+02
3.627500e+02 1.584000e+02
3.645000e+02 1.584000e+02
3.660000e+02 1.584000e+02
3.675000e+02 1.584000e+02
3.685000e+02 1.584000e+02
3.695000e+02 1.584000e+02
3.702500e+02 1.584000e+02
3.710000e+02 1.584000e+02
3.715000e+02 1.587000e+02
3.720000e+02 1.590000e+02
3.725000e+02 1.590000e+02
3.730000e+02 1.590000e+02
3.732500e+02 1.590000e+02
3.735000e+02 1.590000e+02
3.735000e+02 1.590000e+02
3.735000e+02 1.590000e+02
3.737500e+02 1.590000e+02
3.740000e+02 1.590000e+02
3.740000e+02 1.590000e+02
3.740000e+02 1.590000e+02
3.740000e+02 1.590000e+02
3.740000e+02 1.590000e+02
3.740000e+02 1.593000e+02
3.740000e+02 1.596000e+02
3.742500e+02 1.596000e+02
3.745000e+02 1.596000e+02
3.745000e+02 1.596000e+02
3.745000e+02 1.596000e+02
3.745000e+02 1.599000e+02
3.745000e+02 1.602000e+02
3.745000e+02 1.602000e+02
3.745000e+02 1.602000e+02
3.745000e+02 1.605000e+02
3.745000e+02 1.608000e+02
3.745000e+02 1.608000e+02
3.745000e+02 1.608000e+02
3.745000e+02 1.611000e+02
3.745000e+02 1.614000e+02
3.745000e+02 1.617000e+02
3.745000e+02 1.620000e+02
3.742500e+02 1.626000e+02
3.740000e+02 1.632000e+02
3.740000e+02 1.641000e+02
3.740000e+02 1.650000e+02
3.740000e+02 1.656000e+02
3.740000e+02 1.662000e+02
3.737500e+02 1.677000e+02
3.735000e+02 1.692000e+02
3.727500e+02 1.728000e+02
3.720000e+02 1.764000e+02
3.715000e+02 1.791000e+02
3.710000e+02 1.818000e+02
3.700000e+02 1.851000e+02
3.690000e+02 1.884000e+02
3.685000e+02 1.923000e+02
3.680000e+02 1.962000e+02
3.672500e+02 2.001000e+02
3.665000e+02 2.040000e+02
3.657500e+02 2.079000e+02
3.650000e+02 2.118000e+02
3.642500e+02 2.181000e+02
3.635000e+02 2.244000e+02
3.625000e+02 2.316000e+02
3.615000e+02 2.388000e+02
3.602500e+02 2.463000e+02
3.590000e+02 2.538000e+02
3.582500e+02 2.586000e+02
3.575000e+02 2.634000e+02
3.555000e+02 2.712000e+02
3.535000e+02 2.802000e+02
3.520000e+02 2.886000e+02
3.500000e+02 2.994000e+02
3.490000e+02 3.078000e+02
3.475000e+02 3.156000e+02
3.460000e+02 3.240000e+02
3.450000e+02 3.306000e+02
3.440000e+02 3.378000e+02
3.430000e+02 3.444000e+02
3.425000e+02 3.486000e+02
3.420000e+02 3.522000e+02
3.415000e+02 3.564000e+02
3.410000e+02 3.594000e+02
3.405000e+02 3.612000e+02
3.405000e+02 3.624000e+02
3.400000e+02 3.636000e+02
3.400000e+02 3.642000e+02
3.395000e+02 3.648000e+02
3.395000e+02 3.648000e+02
3.390000e+02 3.648000e+02
3.390000e+02 3.648000e+02
3.390000e+02 3.642000e+02
3.385000e+02 3.636000e+02
3.380000e+02 3.630000e+02
3.360000e+02 3.618000e+02
3.300000e+02 3.600000e+02
3.210000e+02 3.588000e+02
3.115000e+02 3.582000e+02
3.025000e+02 3.576000e+02
2.925000e+02 3.576000e+02
2.815000e+02 3.582000e+02
2.695000e+02 3.588000e+02
2.560000e+02 3.600000e+02
2.425000e+02 3.618000e+02
2.235000e+02 3.636000e+02
2.120000e+02 3.648000e+02
2.005000e+02 3.660000e+02
1.960000e+02 3.660000e+02
1.835000e+02 3.672000e+02
1.775000e+02 3.672000e+02
1.725000e+02 3.672000e+02
1.685000e+02 3.666000e+02
1.645000e+02 3.660000e+02
1.615000e+02 3.654000e+02
1.595000e+02 3.648000e+02
1.580000e+02 3.642000e+02
1.570000e+02 3.636000e+02
1.560000e+02 3.630000e+02
1.555000e+02 3.624000e+02
1.550000e+02 3.618000e+02
1.550000e+02 3.606000e+02
1.545000e+02 3.594000e+02
1.545000e+02 3.588000e+02
1.545000e+02 3.576000e+02
1.550000e+02 3.558000e+02
1.555000e+02 3.546000e+02
1.575000e+02 3.480000e+02
1.595000e+02 3.414000e+02
1.610000e+02 3.342000e+02
1.620000e+02 3.282000e+02
1.635000e+02 3.186000e+02
1.640000e+02 3.090000e+02
1.645000e+02 2.970000e+02
1.650000e+02 2.838000e+02
1.655000e+02 2.694000e+02
1.670000e+02 2.526000e+02
1.690000e+02 2.370000e+02
1.715000e+02 2.238000e+02
1.740000e+02 2.118000e+02
1.755000e+02 2.028000e+02
1.770000e+02 1.926000e+02
1.775000e+02 1.842000e+02
1.780000e+02 1.776000e+02
1.780000e+02 1.716000e+02
1.770000e+02 1.638000e+02
1.770000e+02 1.620000e+02
1.765000e+02 1.584000e+02
1.760000e+02 1.566000e+02
1.755000e+02 1.554000e+02
1.755000e+02 1.542000e+02
1.755000e+02 1.530000e+02
1.750000e+02 1.530000e+02
1.750000e+02 1.524000e+02
1.755000e+02 1.524000e+02
1.755000e+02 1.524000e+02
1.755000e+02 1.524000e+02
1.740000e+02 1.884000e+02
1.740000e+02 1.884000e+02
1.740000e+02 1.884000e+02
1.740000e+02 1.884000e+02
1.740000e+02 1.884000e+02
1.740000e+02 1.884000e+02
1.740000e+02 1.884000e+02
1.747500e+02 1.881000e+02
1.755000e+02 1.878000e+02
1.772500e+02 1.869000e+02
1.790000e+02 1.860000e+02
1.822500e+02 1.848000e+02
1.855000e+02 1.836000e+02
1.900000e+02 1.821000e+02
1.945000e+02 1.806000e+02
2.002500e+02 1.785000e+02
2.060000e+02 1.764000e+02
2.120000e+02 1.746000e+02
2.180000e+02 1.728000e+02
2.242500e+02 1.716000e+02
2.305000e+02 1.704000e+02
2.370000e+02 1.692000e+02
2.435000e+02 1.680000e+02
2.502500e+02 1.671000e+02
2.570000e+02 1.662000e+02
2.642500e+02 1.650000e+02
2.715000e+02 1.638000e+02
2.790000e+02 1.629000e+02
2.865000e+02 1.620000e+02
2.930000e+02 1.614000e+02
2.995000e+02 1.608000e+02
3.055000e+02 1.605000e+02
3.115000e+02 1.602000e+02
3.170000e+02 1.596000e+02
3.225000e+02 1.590000e+02
3.277500e+02 1.590000e+02
3.330000e+02 1.590000e+02
3.390000e+02 1.587000e+02
3.450000e+02 1.584000e+02
3.482500e+02 1.584000e+02
3.515000e+02 1.584000e+02
3.540000e+02 1.584000e+02
3.565000e+02 1.584000e+02
3.587500e+02 1.584000e+02
3.610000e+02 1.584000e+02
3.627500e+02 1.584000e+02
3.645000e+02 1.584000e+02
3.660000e+02 1.584000e+02
3.675000e+02 1.584000e+02
3.685000e+02 1.584000e+02
3.695000e+02 1.584000e+02
3.702500e+02 1.584000e+02
3.710000e+02 1.584000e+02
3.715000e+02 1.587000e+02
3.720000e+02 1.590000e+02
3.725000e+02 1.590000e+02
3.730000e+02 1.590000e+02
3.732500e+02 1.590000e+02
3.735000e+02 1.590000e+02
3.735000e+02 1.590000e+02
3.735000e+02 1.590000e+02
3.737500e+02 1.590000e+02
3.740000e+02 1.590000e+02
3.740000e+02 1.590000e+02
3.740000e+02 1.590000e+02
3.740000e+02 1.590000e+02
3.740000e+02 1.590000e+02
3.740000e+02 1.593000e+02
3.740000e+02 1.596000e+02
3.742500e+02 1.596000e+02
3.745000e+02 1.596000e+02
3.745000e+02 1.596000e+02
3.745000e+02 1.596000e+02
3.745000e+02 1.599000e+02
3.745000e+02 1.602000e+02
3.745000e+02 1.602000e+02
3.745000e+02 1.602000e+02
3.745000e+02 1.605000e+02
3.745000e+02 1.608000e+02
3.745000e+02 1.608000e+02
3.745000e+02 1.608000e+02
3.745000e+02 1.611000e+02
3.745000e+02 1.614000e+02
3.745000e+02 1.617000e+02
3.745000e+02 1.620000e+02
3.742500e+02 1.626000e+02
3.740000e+02 1.632000e+02
3.740000e+02 1.641000e+02
3.740000e+02 1.650000e+02
3.740000e+02 1.656000e+02
3.740000e+02 1.662000e+02
3.737500e+02 1.677000e+02
3.735000e+02 1.692000e+02
3.727500e+02 1.728000e+02
3.720000e+02 1.764000e+02
3.715000e+02 1.791000e+02
3.710000e+02 1.818000e+02
3.700000e+02 1.851000e+02
3.690000e+02 1.884000e+02
3.685000e+02 1.923000e+02
3.680000e+02 1.962000e+02
3.672500e+02 2.001000e+02
3.665000e+02 2.040000e+02
3.657500e+02 2.079000e+02
3.650000e+02 2.118000e+02
3.642500e+02 2.181000e+02
3.635000e+02 2.244000e+02
3.625000e+02 2.316000e+02
3.615000e+02 2.388000e+02
3.602500e+02 2.463000e+02
3.590000e+02 2.538000e+02
3.582500e+02 2.586000e+02
3.575000e+02 2.634000e+02
3.555000e+02 2.712000e+02
3.535000e+02 2.802000e+02
3.520000e+02 2.886000e+02
3.500000e+02 2.994000e+02
3.490000e+02 3.078000e+02
3.475000e+02 3.156000e+02
3.460000e+02 3.240000e+02
3.450000e+02 3.306000e+02
3.440000e+02 3.378000e+02
3.430000e+02 3.444000e+02
3.425000e+02 3.486000e+02
3.420000e+02 3.522000e+02
3.415000e+02 3.564000e+02
3.410000e+02 3.594000e+02
3.405000e+02 3.612000e+02
3.405000e+02 3.624000e+02
3.400000e+02 3.636000e+02
3.400000e+02 3.642000e+02
3.395000e+02 3.648000e+02
3.395000e+02 3.648000e+02
3.390000e+02 3.648000e+02
3.390000e+02 3.648000e+02
3.390000e+02 3.642000e+02
3.385000e+02 3.636000e+02
3.380000e+02 3.630000e+02
3.360000e+02 3.618000e+02
3.300000e+02 3.600000e+02
3.210000e+02 3.588000e+02
3.115000e+02 3.582000e+02
3.025000e+02 3.576000e+02
2.925000e+02 3.576000e+02
2.815000e+02 3.582000e+02
2.695000e+02 3.588000e+02
2.560000e+02 3.600000e+02
2.425000e+02 3.618000e+02
2.235000e+02 3.636000e+02
2.120000e+02 3.648000e+02
2.005000e+02 3.660000e+02
1.960000e+02 3.660000e+02
1.835000e+02 3.672000e+02
1.775000e+02 3.672000e+02
1.725000e+02 3.672000e+02
1.685000e+02 3.666000e+02
1.645000e+02 3.660000e+02
1.615000e+02 3.654000e+02
1.595000e+02 3.648000e+02
1.580000e+02 3.642000e+02
1.570000e+02 3.636000e+02
1.560000e+02 3.630000e+02
1.555000e+02 3.624000e+02
1.550000e+02 3.618000e+02
1.550000e+02 3.606000e+02
1.545000e+02 3.594000e+02
1.545000e+02 3.588000e+02
1.545000e+02 3.576000e+02
1.550000e+02 3.558000e+02
1.555000e+02 3.546000e+02
1.575000e+02 3.480000e+02
1.595000e+02 3.414000e+02
1.610000e+02 3.342000e+02
1.620000e+02 3.282000e+02
1.635000e+02 3.186000e+02
1.640000e+02 3.090000e+02
1.645000e+02 2.970000e+02
1.650000e+02 2.838000e+02
1.655000e+02 2.694000e+02
1.670000e+02 2.526000e+02
1.690000e+02 2.370000e+02
1.715000e+02 2.238000e+02
1.740000e+02 2.118000e+02
1.755000e+02 2.028000e+02
1.770000e+02 1.926000e+02
1.775000e+02 1.842000e+02
1.780000e+02 1.776000e+02
1.780000e+02 1.716000e+02
1.770000e+02 1.638000e+02
1.770000e+02 1.620000e+02
1.765000e+02 1.584000e+02
1.760000e+02 1.566000e+02
1.755000e+02 1.554000e+02
1.755000e+02 1.542000e+02
1.755000e+02 1.530000e+02
1.750000e+02 1.530000e+02
1.750000e+02 1.524000e+02
1.755000e+02 1.524000e+02
1.755000e+02 1.524000e+02
1.755000e+02 1.524000e+02
1.740000e+02 1.884000e+02
1.740000e+02 1.884000e+02
1.740000e+02 1.884000e+02
1.740000e+02 1.884000e+02
1.740000e+02 1.884000e+02
1.740000e+02 1.884000e+02
1.740000e+02 1.884000e+02
1.747500e+02 1.881000e+02
1.755000e+02 1.878000e+02
1.772500e+02 1.869000e+02
1.790000e+02 1.860000e+02
1.822500e+02 1.848000e+02
1.855000e+02 1.836000e+02
1.900000e+02 1.821000e+02
1.945000e+02 1.806000e+02
2.002500e+02 1.785000e+02
2.060000e+02 1.764000e+02
2.120000e+02 1.746000e+02
2.180000e+02 1.728000e+02
2.242500e+02 1.716000e+02
2.305000e+02 1.704000e+02
2.370000e+02 1.692000e+02
2.435000e+02 1.680000e+02
2.502500e+02 1.671000e+02
2.570000e+02 1.662000e+02
2.642500e+02 1.650000e+02
2.715000e+02 1.638000e+02
2.790000e+02 1.629000e+02
2.865000e+02 1.620000e+02
2.930000e+02 1.614000e+02
2.995000e+02 1.608000e+02
3.055000e+02 1.605000e+02
3.115000e+02 1.602000e+02
3.170000e+02 1.596000e+02
3.225000e+02 1.590000e+02
3.277500e+02 1.590000e+02
3.330000e+02 1.590000e+02
3.390000e+02 1.587000e+02
3.450000e+02 1.584000e+02
3.482500e+02 1.584000e+02
3.515000e+02 1.584000e+02
3.540000e+02 1.584000e+02
3.565000e+02 1.584000e+02
3.587500e+02 1.584000e+02
3.610000e+02 1.584000e+02
3.627500e+02 1.584000e+02
3.645000e+02 1.584000e+02
3.660000e+02 1.584000e+02
3.675000e+02 1.584000e+02
3.685000e+02 1.584000e+02
3.695000e+02 1.584000e+02
3.702500e+02 1.584000e+02
3.710000e+02 1.584000e+02
3.715000e+02 1.587000e+02
3.720000e+02 1.590000e+02
3.725000e+02 1.590000e+02
3.730000e+02 1.590000e+02
3.732500e+02 1.590000e+02
3.735000e+02 1.590000e+02
3.735000e+02 1.590000e+02
3.735000e+02 1.590000e+02
3.737500e+02 1.590000e+02
3.740000e+02 1.590000e+02
3.740000e+02 1.590000e+02
3.740000e+02 1.590000e+02
3.740000e+02 1.590000e+02
3.740000e+02 1.590000e+02
3.740000e+02 1.593000e+02
3.740000e+02 1.596000e+02
3.742500e+02 1.596000e+02
3.745000e+02 1.596000e+02
3.745000e+02 1.596000e+02
3.745000e+02 1.596000e+02
3.745000e+02 1.599000e+02
3.745000e+02 1.602000e+02
3.745000e+02 1.602000e+02
3.745000e+02 1.602000e+02
3.745000e+02 1.605000e+02
3.745000e+02 1.608000e+02
3.745000e+02 1.608000e+02
3.745000e+02 1.608000e+02
3.745000e+02 1.611000e+02
3.745000e+02 1.614000e+02
3.745000e+02 1.617000e+02
3.745000e+02 1.620000e+02
3.742500e+02 1.626000e+02
3.740000e+02 1.632000e+02
3.740000e+02 1.641000e+02
3.740000e+02 1.650000e+02
3.740000e+02 1.656000e+02
3.740000e+02 1.662000e+02
3.737500e+02 1.677000e+02
3.735000e+02 1.692000e+02
3.727500e+02 1.728000e+02
3.720000e+02 1.764000e+02
3.715000e+02 1.791000e+02
3.710000e+02 1.818000e+02
3.700000e+02 1.851000e+02
3.690000e+02 1.884000e+02
3.685000e+02 1.923000e+02
3.680000e+02 1.962000e+02
3.672500e+02 2.001000e+02
3.665000e+02 2.040000e+02
3.657500e+02 2.079000e+02
3.650000e+02 2.118000e+02
3.642500e+02 2.181000e+02
3.635000e+02 2.244000e+02
3.625000e+02 2.316000e+02
3.615000e+02 2.388000e+02
3.602500e+02 2.463000e+02
3.590000e+02 2.538000e+02
3.582500e+02 2.586000e+02
3.575000e+02 2.634000e+02
3.555000e+02 2.712000e+02
3.535000e+02 2.802000e+02
3.520000e+02 2.886000e+02
3.500000e+02 2.994000e+02
3.490000e+02 3.078000e+02
3.475000e+02 3.156000e+02
3.460000e+02 3.240000e+02
3.450000e+02 3.306000e+02
3.440000e+02 3.378000e+02
3.430000e+02 3.444000e+02
3.425000e+02 3.486000e+02
3.420000e+02 3.522000e+02
3.415000e+02 3.564000e+02
3.410000e+02 3.594000e+02
3.405000e+02 3.612000e+02
3.405000e+02 3.624000e+02
3.400000e+02 3.636000e+02
3.400000e+02 3.642000e+02
3.395000e+02 3.648000e+02
3.395000e+02 3.648000e+02
3.390000e+02 3.648000e+02
3.390000e+02 3.648000e+02
3.390000e+02 3.642000e+02
3.385000e+02 3.636000e+02
3.380000e+02 3.630000e+02
3.360000e+02 3.618000e+02
3.300000e+02 3.600000e+02
3.210000e+02 3.588000e+02
3.115000e+02 3.582000e+02
3.025000e+02 3.576000e+02
2.925000e+02 3.576000e+02
2.815000e+02 3.582000e+02
2.695000e+02 3.588000e+02
2.560000e+02 3.600000e+02
2.425000e+02 3.618000e+02
2.235000e+02 3.636000e+02
2.120000e+02 3.648000e+02
2.005000e+02 3.660000e+02
1.960000e+02 3.660000e+02
1.835000e+02 3.672000e+02
1.775000e+02 3.672000e+02
1.725000e+02 3.672000e+02
1.685000e+02 3.666000e+02
1.645000e+02 3.660000e+02
1.615000e+02 3.654000e+02
1.595000e+02 3.648000e+02
1.580000e+02 3.642000e+02
1.570000e+02 3.636000e+02
1.560000e+02 3.630000e+02
1.555000e+02 3.624000e+02
1.550000e+02 3.618000e+02
1.550000e+02 3.606000e+02
1.545000e+02 3.594000e+02
1.545000e+02 3.588000e+02
1.545000e+02 3.576000e+02
1.550000e+02 3.558000e+02
1.555000e+02 3.546000e+02
1.575000e+02 3.480000e+02
1.595000e+02 3.414000e+02
1.610000e+02 3.342000e+02
1.620000e+02 3.282000e+02
1.635000e+02 3.186000e+02
1.640000e+02 3.090000e+02
1.645000e+02 2.970000e+02
1.650000e+02 2.838000e+02
1.655000e+02 2.694000e+02
1.670000e+02 2.526000e+02
1.690000e+02 2.370000e+02
1.715000e+02 2.238000e+02
1.740000e+02 2.118000e+02
1.755000e+02 2.028000e+02
1.770000e+02 1.926000e+02
1.775000e+02 1.842000e+02
1.780000e+02 1.776000e+02
1.780000e+02 1.716000e+02
1.770000e+02 1.638000e+02
1.770000e+02 1.620000e+02
1.765000e+02 1.584000e+02
1.760000e+02 1.566000e+02
1.755000e+02 1.554000e+02
1.755000e+02 1.542000e+02
1.755000e+02 1.530000e+02
1.750000e+02 1.530000e+02
1.750000e+02 1.524000e+02
1.755000e+02 1.524000e+02
1.755000e+02 1.524000e+02
1.755000e+02 1.524000e+02
