2.750000e+02 9.060000e+01
2.750000e+02 9.060000e+01
2.750000e+02 9.060000e+01
2.747500e+02 9.030000e+01
2.745000e+02 9.000000e+01
2.745000e+02 9.000000e+01
2.745000e+02 9.000000e+01
2.745000e+02 9.000000e+01
2.745000e+02 9.000000e+01
2.745000e+02 9.030000e+01
2.745000e+02 9.060000e+01
2.745000e+02 9.090000e+01
2.745000e+02 9.120000e+01
2.742500e+02 9.180000e+01
2.740000e+02 9.240000e+01
2.740000e+02 9.330000e+01
2.740000e+02 9.420000e+01
2.737500e+02 9.570000e+01
2.735000e+02 9.720000e+01
2.732500e+02 9.840000e+01
2.730000e+02 9.960000e+01
2.730000e+02 1.011000e+02
2.730000e+02 1.026000e+02
2.727500e+02 1.038000e+02
2.725000e+02 1.050000e+02
2.725000e+02 1.062000e+02
2.725000e+02 1.074000e+02
2.722500e+02 1.089000e+02
2.720000e+02 1.104000e+02
2.720000e+02 1.125000e+02
2.720000e+02 1.146000e+02
2.720000e+02 1.155000e+02
2.720000e+02 1.164000e+02
2.720000e+02 1.185000e+02
2.720000e+02 1.206000e+02
2.720000e+02 1.224000e+02
2.720000e+02 1.242000e+02
2.720000e+02 1.260000e+02
2.720000e+02 1.278000e+02
2.720000e+02 1.296000e+02
2.720000e+02 1.314000e+02
2.720000e+02 1.332000e+02
2.720000e+02 1.350000e+02
2.720000e+02 1.365000e+02
2.720000e+02 1.380000e+02
2.720000e+02 1.401000e+02
2.720000e+02 1.422000e+02
2.720000e+02 1.440000e+02
2.720000e+02 1.458000e+02
2.717500e+02 1.473000e+02
2.715000e+02 1.488000e+02
2.715000e+02 1.506000e+02
2.715000e+02 1.524000e+02
2.715000e+02 1.542000e+02
2.715000e+02 1.560000e+02
2.712500e+02 1.590000e+02
2.710000e+02 1.620000e+02
2.710000e+02 1.644000e+02
2.710000e+02 1.668000e+02
2.710000e+02 1.698000e+02
2.710000e+02 1.728000e+02
2.710000e+02 1.749000e+02
2.710000e+02 1.770000e+02
2.707500e+02 1.782000e+02
2.705000e+02 1.794000e+02
2.705000e+02 1.809000e+02
2.705000e+02 1.824000e+02
2.705000e+02 1.833000e+02
2.705000e+02 1.842000e+02
2.705000e+02 1.851000e+02
2.705000e+02 1.860000e+02
2.705000e+02 1.869000e+02
2.705000e+02 1.878000e+02
2.705000e+02 1.884000e+02
2.705000e+02 1.890000e+02
2.705000e+02 1.899000e+02
2.705000e+02 1.908000e+02
2.705000e+02 1.914000e+02
2.705000e+02 1.920000e+02
2.705000e+02 1.926000e+02
2.705000e+02 1.932000e+02
2.707500e+02 1.944000e+02
2.710000e+02 1.956000e+02
2.712500e+02 1.968000e+02
2.715000e+02 1.980000e+02
2.717500e+02 1.986000e+02
2.720000e+02 1.992000e+02
2.722500e+02 1.998000e+02
2.725000e+02 2.004000e+02
2.727500e+02 2.010000e+02
2.730000e+02 2.016000e+02
2.732500e+02 2.022000e+02
2.735000e+02 2.028000e+02
2.737500e+02 2.031000e+02
2.740000e+02 2.034000e+02
2.742500e+02 2.040000e+02
2.745000e+02 2.046000e+02
2.747500e+02 2.052000e+02
2.750000e+02 2.058000e+02
2.755000e+02 2.064000e+02
2.760000e+02 2.070000e+02
2.762500e+02 2.076000e+02
2.765000e+02 2.082000e+02
2.767500e+02 2.085000e+02
2.770000e+02 2.088000e+02
2.772500e+02 2.094000e+02
2.775000e+02 2.100000e+02
2.777500e+02 2.106000e+02
2.780000e+02 2.112000e+02
2.782500e+02 2.115000e+02
2.785000e+02 2.118000e+02
2.787500e+02 2.121000e+02
2.790000e+02 2.124000e+02
2.792500e+02 2.127000e+02
2.795000e+02 2.130000e+02
2.797500e+02 2.133000e+02
2.800000e+02 2.136000e+02
2.802500e+02 2.139000e+02
2.805000e+02 2.142000e+02
2.807500e+02 2.148000e+02
2.810000e+02 2.154000e+02
2.812500e+02 2.160000e+02
2.815000e+02 2.166000e+02
2.817500e+02 2.169000e+02
2.820000e+02 2.172000e+02
2.822500e+02 2.178000e+02
2.825000e+02 2.184000e+02
2.827500e+02 2.193000e+02
2.830000e+02 2.202000e+02
2.832500e+02 2.211000e+02
2.835000e+02 2.220000e+02
2.837500e+02 2.229000e+02
2.840000e+02 2.238000e+02
2.840000e+02 2.241000e+02
2.840000e+02 2.244000e+02
2.842500e+02 2.250000e+02
2.845000e+02 2.256000e+02
2.845000e+02 2.262000e+02
2.845000e+02 2.268000e+02
2.847500e+02 2.271000e+02
2.850000e+02 2.274000e+02
2.850000e+02 2.280000e+02
2.850000e+02 2.286000e+02
2.852500e+02 2.292000e+02
2.855000e+02 2.298000e+02
2.855000e+02 2.304000e+02
2.855000e+02 2.310000e+02
2.857500e+02 2.319000e+02
2.860000e+02 2.328000e+02
2.860000e+02 2.334000e+02
2.860000e+02 2.340000e+02
2.865000e+02 2.352000e+02
2.865000e+02 2.364000e+02
2.865000e+02 2.376000e+02
2.865000e+02 2.388000e+02
2.865000e+02 2.400000e+02
2.865000e+02 2.418000e+02
2.865000e+02 2.424000e+02
2.865000e+02 2.430000e+02
2.865000e+02 2.442000e+02
2.865000e+02 2.448000e+02
2.865000e+02 2.454000e+02
2.865000e+02 2.466000e+02
2.865000e+02 2.472000e+02
2.865000e+02 2.484000e+02
2.865000e+02 2.490000e+02
2.865000e+02 2.508000e+02
2.865000e+02 2.526000e+02
2.865000e+02 2.544000e+02
2.865000e+02 2.556000e+02
2.870000e+02 2.574000e+02
2.870000e+02 2.580000e+02
2.870000e+02 2.592000e+02
2.870000e+02 2.598000e+02
2.870000e+02 2.610000e+02
2.870000e+02 2.616000e+02
2.870000e+02 2.628000e+02
2.875000e+02 2.640000e+02
2.875000e+02 2.652000e+02
2.875000e+02 2.670000e+02
2.875000e+02 2.688000e+02
2.875000e+02 2.700000e+02
2.875000e+02 2.712000e+02
2.875000e+02 2.724000e+02
2.875000e+02 2.742000e+02
2.875000e+02 2.754000e+02
2.870000e+02 2.766000e+02
2.870000e+02 2.778000e+02
2.870000e+02 2.784000e+02
2.870000e+02 2.802000e+02
2.870000e+02 2.814000e+02
2.870000e+02 2.826000e+02
2.870000e+02 2.838000e+02
2.870000e+02 2.850000e+02
2.870000e+02 2.862000e+02
2.870000e+02 2.874000e+02
2.870000e+02 2.886000e+02
2.870000e+02 2.892000e+02
2.870000e+02 2.904000e+02
2.870000e+02 2.904000e+02
