1.845000e+02 3.768000e+02
1.845000e+02 3.768000e+02
1.845000e+02 3.768000e+02
1.845000e+02 3.759000e+02
1.845000e+02 3.750000e+02
1.845000e+02 3.741000e+02
1.845000e+02 3.732000e+02
1.845000e+02 3.717000e+02
1.845000e+02 3.702000e+02
1.845000e+02 3.687000e+02
1.845000e+02 3.672000e+02
1.850000e+02 3.654000e+02
1.855000e+02 3.636000e+02
1.860000e+02 3.615000e+02
1.865000e+02 3.594000e+02
1.870000e+02 3.570000e+02
1.875000e+02 3.546000e+02
1.882500e+02 3.519000e+02
1.890000e+02 3.492000e+02
1.905000e+02 3.453000e+02
1.920000e+02 3.414000e+02
1.937500e+02 3.369000e+02
1.955000e+02 3.324000e+02
1.970000e+02 3.276000e+02
1.985000e+02 3.228000e+02
1.995000e+02 3.201000e+02
2.005000e+02 3.174000e+02
2.015000e+02 3.141000e+02
2.025000e+02 3.108000e+02
2.035000e+02 3.075000e+02
2.045000e+02 3.042000e+02
2.057500e+02 3.009000e+02
2.070000e+02 2.976000e+02
2.082500e+02 2.943000e+02
2.095000e+02 2.910000e+02
2.105000e+02 2.880000e+02
2.115000e+02 2.850000e+02
2.130000e+02 2.811000e+02
2.145000e+02 2.772000e+02
2.157500e+02 2.739000e+02
2.170000e+02 2.706000e+02
2.182500e+02 2.673000e+02
2.195000e+02 2.640000e+02
2.210000e+02 2.607000e+02
2.225000e+02 2.574000e+02
2.237500e+02 2.541000e+02
2.250000e+02 2.508000e+02
2.262500e+02 2.472000e+02
2.275000e+02 2.436000e+02
2.287500e+02 2.403000e+02
2.300000e+02 2.370000e+02
2.312500e+02 2.340000e+02
2.325000e+02 2.310000e+02
2.340000e+02 2.268000e+02
2.355000e+02 2.226000e+02
2.370000e+02 2.184000e+02
2.385000e+02 2.142000e+02
2.397500e+02 2.112000e+02
2.410000e+02 2.082000e+02
2.427500e+02 2.040000e+02
2.445000e+02 1.998000e+02
2.460000e+02 1.968000e+02
2.475000e+02 1.938000e+02
2.505000e+02 1.875000e+02
2.535000e+02 1.812000e+02
2.547500e+02 1.782000e+02
2.560000e+02 1.752000e+02
2.570000e+02 1.722000e+02
2.580000e+02 1.692000e+02
2.590000e+02 1.662000e+02
2.600000e+02 1.632000e+02
2.610000e+02 1.605000e+02
2.620000e+02 1.578000e+02
2.630000e+02 1.548000e+02
2.640000e+02 1.518000e+02
2.650000e+02 1.491000e+02
2.660000e+02 1.464000e+02
2.675000e+02 1.419000e+02
2.690000e+02 1.374000e+02
2.700000e+02 1.350000e+02
2.710000e+02 1.326000e+02
2.717500e+02 1.311000e+02
2.725000e+02 1.296000e+02
2.737500e+02 1.260000e+02
2.750000e+02 1.224000e+02
2.765000e+02 1.176000e+02
2.780000e+02 1.134000e+02
2.795000e+02 1.098000e+02
2.815000e+02 1.056000e+02
2.830000e+02 1.020000e+02
2.840000e+02 9.900000e+01
2.855000e+02 9.660000e+01
2.865000e+02 9.360000e+01
2.875000e+02 9.180000e+01
2.885000e+02 8.940000e+01
2.890000e+02 8.760000e+01
2.905000e+02 8.580000e+01
2.910000e+02 8.520000e+01
2.915000e+02 8.400000e+01
2.925000e+02 8.340000e+01
2.930000e+02 8.340000e+01
2.945000e+02 8.340000e+01
2.960000e+02 8.340000e+01
2.975000e+02 8.460000e+01
2.995000e+02 8.580000e+01
3.020000e+02 8.760000e+01
3.045000e+02 9.000000e+01
3.075000e+02 9.240000e+01
3.105000e+02 9.540000e+01
3.145000e+02 1.002000e+02
3.180000e+02 1.038000e+02
3.195000e+02 1.056000e+02
3.230000e+02 1.098000e+02
3.280000e+02 1.152000e+02
3.295000e+02 1.176000e+02
3.330000e+02 1.212000e+02
3.365000e+02 1.254000e+02
3.400000e+02 1.296000e+02
3.455000e+02 1.362000e+02
3.475000e+02 1.380000e+02
3.525000e+02 1.446000e+02
3.545000e+02 1.470000e+02
3.605000e+02 1.542000e+02
3.640000e+02 1.584000e+02
3.675000e+02 1.638000e+02
3.710000e+02 1.680000e+02
3.745000e+02 1.728000e+02
3.780000e+02 1.776000e+02
3.815000e+02 1.818000e+02
3.850000e+02 1.860000e+02
3.885000e+02 1.908000e+02
3.915000e+02 1.950000e+02
3.950000e+02 1.998000e+02
3.985000e+02 2.040000e+02
4.030000e+02 2.100000e+02
4.075000e+02 2.160000e+02
4.110000e+02 2.202000e+02
4.150000e+02 2.262000e+02
4.195000e+02 2.322000e+02
4.220000e+02 2.358000e+02
4.260000e+02 2.412000e+02
4.285000e+02 2.448000e+02
4.310000e+02 2.484000e+02
4.335000e+02 2.514000e+02
4.360000e+02 2.550000e+02
4.380000e+02 2.580000e+02
4.400000e+02 2.610000e+02
4.420000e+02 2.640000e+02
4.440000e+02 2.670000e+02
4.465000e+02 2.718000e+02
4.485000e+02 2.748000e+02
4.500000e+02 2.778000e+02
4.515000e+02 2.808000e+02
4.530000e+02 2.832000e+02
4.540000e+02 2.862000e+02
4.555000e+02 2.886000e+02
4.575000e+02 2.928000e+02
4.590000e+02 2.964000e+02
4.605000e+02 2.988000e+02
4.610000e+02 3.012000e+02
4.620000e+02 3.030000e+02
4.630000e+02 3.054000e+02
4.635000e+02 3.072000e+02
4.640000e+02 3.090000e+02
4.645000e+02 3.114000e+02
4.650000e+02 3.126000e+02
4.655000e+02 3.144000e+02
4.660000e+02 3.162000e+02
4.665000e+02 3.186000e+02
4.670000e+02 3.204000e+02
4.675000e+02 3.228000e+02
4.675000e+02 3.234000e+02
4.680000e+02 3.240000e+02
4.680000e+02 3.252000e+02
4.680000e+02 3.258000e+02
4.685000e+02 3.264000e+02
4.685000e+02 3.270000e+02
4.685000e+02 3.276000e+02
4.685000e+02 3.282000e+02
4.685000e+02 3.294000e+02
4.685000e+02 3.294000e+02
4.685000e+02 3.306000e+02
4.685000e+02 3.318000e+02
4.685000e+02 3.330000e+02
4.690000e+02 3.336000e+02
4.690000e+02 3.348000e+02
4.690000e+02 3.360000e+02
4.690000e+02 3.366000e+02
4.690000e+02 3.372000e+02
4.690000e+02 3.378000e+02
4.690000e+02 3.384000e+02
4.690000e+02 3.390000e+02
4.695000e+02 3.390000e+02
4.695000e+02 3.396000e+02
4.695000e+02 3.402000e+02
4.695000e+02 3.402000e+02
4.695000e+02 3.408000e+02
4.695000e+02 3.408000e+02
4.695000e+02 3.408000e+02
4.695000e+02 3.408000e+02
