5.605000e+02 1.416000e+02
5.605000e+02 1.416000e+02
5.605000e+02 1.416000e+02
5.605000e+02 1.416000e+02
5.605000e+02 1.416000e+02
5.602500e+02 1.414500e+02
5.600000e+02 1.413000e+02
5.597500e+02 1.411500e+02
5.595000e+02 1.410000e+02
5.593750e+02 1.408500e+02
5.592500e+02 1.407000e+02
5.591250e+02 1.405500e+02
5.590000e+02 1.404000e+02
5.587500e+02 1.402500e+02
5.585000e+02 1.401000e+02
5.582500e+02 1.399500e+02
5.580000e+02 1.398000e+02
5.572500e+02 1.393500e+02
5.565000e+02 1.389000e+02
5.557500e+02 1.384500e+02
5.550000e+02 1.380000e+02
5.541250e+02 1.378500e+02
5.532500e+02 1.377000e+02
5.523750e+02 1.375500e+02
5.515000e+02 1.374000e+02
5.501250e+02 1.374000e+02
5.487500e+02 1.374000e+02
5.473750e+02 1.374000e+02
5.460000e+02 1.374000e+02
5.447500e+02 1.374000e+02
5.435000e+02 1.374000e+02
5.422500e+02 1.374000e+02
5.410000e+02 1.374000e+02
5.392500e+02 1.377000e+02
5.375000e+02 1.380000e+02
5.357500e+02 1.383000e+02
5.340000e+02 1.386000e+02
5.323750e+02 1.387500e+02
5.307500e+02 1.389000e+02
5.291250e+02 1.390500e+02
5.275000e+02 1.392000e+02
5.257500e+02 1.395000e+02
5.240000e+02 1.398000e+02
5.222500e+02 1.401000e+02
5.205000e+02 1.404000e+02
5.186250e+02 1.407000e+02
5.167500e+02 1.410000e+02
5.148750e+02 1.413000e+02
5.130000e+02 1.416000e+02
5.112500e+02 1.419000e+02
5.095000e+02 1.422000e+02
5.077500e+02 1.425000e+02
5.060000e+02 1.428000e+02
5.040000e+02 1.431000e+02
5.020000e+02 1.434000e+02
5.000000e+02 1.437000e+02
4.980000e+02 1.440000e+02
4.961250e+02 1.444500e+02
4.942500e+02 1.449000e+02
4.905000e+02 1.458000e+02
4.862500e+02 1.464000e+02
4.820000e+02 1.470000e+02
4.770000e+02 1.476000e+02
4.720000e+02 1.482000e+02
4.675000e+02 1.491000e+02
4.630000e+02 1.500000e+02
4.582500e+02 1.506000e+02
4.535000e+02 1.512000e+02
4.487500e+02 1.521000e+02
4.440000e+02 1.530000e+02
4.390000e+02 1.536000e+02
4.340000e+02 1.542000e+02
4.287500e+02 1.548000e+02
4.235000e+02 1.554000e+02
4.165000e+02 1.563000e+02
4.095000e+02 1.572000e+02
4.045000e+02 1.581000e+02
3.995000e+02 1.590000e+02
3.950000e+02 1.596000e+02
3.905000e+02 1.602000e+02
3.857500e+02 1.605000e+02
3.810000e+02 1.608000e+02
3.765000e+02 1.614000e+02
3.720000e+02 1.620000e+02
3.675000e+02 1.623000e+02
3.630000e+02 1.626000e+02
3.590000e+02 1.629000e+02
3.550000e+02 1.632000e+02
3.505000e+02 1.632000e+02
3.460000e+02 1.632000e+02
3.415000e+02 1.635000e+02
3.370000e+02 1.638000e+02
3.330000e+02 1.638000e+02
3.290000e+02 1.638000e+02
3.250000e+02 1.641000e+02
3.210000e+02 1.644000e+02
3.167500e+02 1.644000e+02
3.125000e+02 1.644000e+02
3.090000e+02 1.644000e+02
3.055000e+02 1.644000e+02
3.012500e+02 1.644000e+02
2.970000e+02 1.644000e+02
2.935000e+02 1.644000e+02
2.900000e+02 1.644000e+02
2.865000e+02 1.644000e+02
2.830000e+02 1.644000e+02
2.795000e+02 1.641000e+02
2.760000e+02 1.638000e+02
2.722500e+02 1.638000e+02
2.685000e+02 1.638000e+02
2.642500e+02 1.638000e+02
2.600000e+02 1.638000e+02
2.562500e+02 1.638000e+02
2.525000e+02 1.638000e+02
2.487500e+02 1.641000e+02
2.450000e+02 1.644000e+02
2.395000e+02 1.647000e+02
2.340000e+02 1.650000e+02
2.322500e+02 1.650000e+02
2.305000e+02 1.650000e+02
2.265000e+02 1.656000e+02
2.225000e+02 1.662000e+02
2.170000e+02 1.665000e+02
2.115000e+02 1.668000e+02
2.097500e+02 1.671000e+02
2.080000e+02 1.674000e+02
2.025000e+02 1.683000e+02
1.970000e+02 1.692000e+02
1.937500e+02 1.698000e+02
1.905000e+02 1.704000e+02
1.867500e+02 1.710000e+02
1.830000e+02 1.716000e+02
1.797500e+02 1.722000e+02
1.765000e+02 1.728000e+02
1.732500e+02 1.734000e+02
1.700000e+02 1.740000e+02
1.670000e+02 1.749000e+02
1.640000e+02 1.758000e+02
1.612500e+02 1.764000e+02
1.585000e+02 1.770000e+02
1.555000e+02 1.776000e+02
1.525000e+02 1.782000e+02
1.497500e+02 1.791000e+02
1.470000e+02 1.800000e+02
1.440000e+02 1.809000e+02
1.410000e+02 1.818000e+02
1.377500e+02 1.824000e+02
1.345000e+02 1.830000e+02
1.315000e+02 1.839000e+02
1.285000e+02 1.848000e+02
1.255000e+02 1.860000e+02
1.225000e+02 1.872000e+02
1.197500e+02 1.881000e+02
1.170000e+02 1.890000e+02
1.140000e+02 1.899000e+02
1.110000e+02 1.908000e+02
1.085000e+02 1.917000e+02
1.060000e+02 1.926000e+02
1.037500e+02 1.935000e+02
1.015000e+02 1.944000e+02
9.950000e+01 1.950000e+02
9.750000e+01 1.956000e+02
9.575000e+01 1.962000e+02
9.400000e+01 1.968000e+02
9.275000e+01 1.971000e+02
9.150000e+01 1.974000e+02
8.975000e+01 1.977000e+02
8.800000e+01 1.980000e+02
8.550000e+01 1.989000e+02
8.300000e+01 1.998000e+02
8.150000e+01 2.001000e+02
8.000000e+01 2.004000e+02
7.825000e+01 2.007000e+02
7.650000e+01 2.010000e+02
7.500000e+01 2.013000e+02
7.350000e+01 2.016000e+02
7.200000e+01 2.022000e+02
7.050000e+01 2.028000e+02
6.950000e+01 2.028000e+02
6.850000e+01 2.028000e+02
6.725000e+01 2.031000e+02
6.600000e+01 2.034000e+02
6.525000e+01 2.034000e+02
6.450000e+01 2.034000e+02
6.350000e+01 2.037000e+02
6.250000e+01 2.040000e+02
6.200000e+01 2.040000e+02
6.150000e+01 2.040000e+02
6.075000e+01 2.043000e+02
6.000000e+01 2.046000e+02
5.950000e+01 2.046000e+02
5.900000e+01 2.046000e+02
5.875000e+01 2.046000e+02
5.850000e+01 2.046000e+02
5.775000e+01 2.049000e+02
5.700000e+01 2.052000e+02
5.650000e+01 2.058000e+02
5.600000e+01 2.064000e+02
5.600000e+01 2.064000e+02
5.600000e+01 2.064000e+02
5.605000e+02 1.416000e+02
5.605000e+02 1.416000e+02
5.605000e+02 1.416000e+02
5.605000e+02 1.416000e+02
5.605000e+02 1.416000e+02
5.602500e+02 1.414500e+02
5.600000e+02 1.413000e+02
5.597500e+02 1.411500e+02
5.595000e+02 1.410000e+02
5.593750e+02 1.408500e+02
5.592500e+02 1.407000e+02
5.591250e+02 1.405500e+02
5.590000e+02 1.404000e+02
5.587500e+02 1.402500e+02
5.585000e+02 1.401000e+02
5.582500e+02 1.399500e+02
5.580000e+02 1.398000e+02
5.572500e+02 1.393500e+02
5.565000e+02 1.389000e+02
5.557500e+02 1.384500e+02
5.550000e+02 1.380000e+02
5.541250e+02 1.378500e+02
5.532500e+02 1.377000e+02
5.523750e+02 1.375500e+02
5.515000e+02 1.374000e+02
5.501250e+02 1.374000e+02
5.487500e+02 1.374000e+02
5.473750e+02 1.374000e+02
5.460000e+02 1.374000e+02
5.447500e+02 1.374000e+02
5.435000e+02 1.374000e+02
5.422500e+02 1.374000e+02
5.410000e+02 1.374000e+02
5.392500e+02 1.377000e+02
5.375000e+02 1.380000e+02
5.357500e+02 1.383000e+02
5.340000e+02 1.386000e+02
5.323750e+02 1.387500e+02
5.307500e+02 1.389000e+02
5.291250e+02 1.390500e+02
5.275000e+02 1.392000e+02
5.257500e+02 1.395000e+02
5.240000e+02 1.398000e+02
5.222500e+02 1.401000e+02
5.205000e+02 1.404000e+02
5.186250e+02 1.407000e+02
5.167500e+02 1.410000e+02
5.148750e+02 1.413000e+02
5.130000e+02 1.416000e+02
5.112500e+02 1.419000e+02
5.095000e+02 1.422000e+02
5.077500e+02 1.425000e+02
5.060000e+02 1.428000e+02
5.040000e+02 1.431000e+02
5.020000e+02 1.434000e+02
5.000000e+02 1.437000e+02
4.980000e+02 1.440000e+02
4.961250e+02 1.444500e+02
4.942500e+02 1.449000e+02
4.905000e+02 1.458000e+02
4.862500e+02 1.464000e+02
4.820000e+02 1.470000e+02
4.770000e+02 1.476000e+02
4.720000e+02 1.482000e+02
4.675000e+02 1.491000e+02
4.630000e+02 1.500000e+02
4.582500e+02 1.506000e+02
4.535000e+02 1.512000e+02
4.487500e+02 1.521000e+02
4.440000e+02 1.530000e+02
4.390000e+02 1.536000e+02
4.340000e+02 1.542000e+02
4.287500e+02 1.548000e+02
4.235000e+02 1.554000e+02
4.165000e+02 1.563000e+02
4.095000e+02 1.572000e+02
4.045000e+02 1.581000e+02
3.995000e+02 1.590000e+02
3.950000e+02 1.596000e+02
3.905000e+02 1.602000e+02
3.857500e+02 1.605000e+02
3.810000e+02 1.608000e+02
3.765000e+02 1.614000e+02
3.720000e+02 1.620000e+02
3.675000e+02 1.623000e+02
3.630000e+02 1.626000e+02
3.590000e+02 1.629000e+02
3.550000e+02 1.632000e+02
3.505000e+02 1.632000e+02
3.460000e+02 1.632000e+02
3.415000e+02 1.635000e+02
3.370000e+02 1.638000e+02
3.330000e+02 1.638000e+02
3.290000e+02 1.638000e+02
3.250000e+02 1.641000e+02
3.210000e+02 1.644000e+02
3.167500e+02 1.644000e+02
3.125000e+02 1.644000e+02
3.090000e+02 1.644000e+02
3.055000e+02 1.644000e+02
3.012500e+02 1.644000e+02
2.970000e+02 1.644000e+02
2.935000e+02 1.644000e+02
2.900000e+02 1.644000e+02
2.865000e+02 1.644000e+02
2.830000e+02 1.644000e+02
2.795000e+02 1.641000e+02
2.760000e+02 1.638000e+02
2.722500e+02 1.638000e+02
2.685000e+02 1.638000e+02
2.642500e+02 1.638000e+02
2.600000e+02 1.638000e+02
2.562500e+02 1.638000e+02
2.525000e+02 1.638000e+02
2.487500e+02 1.641000e+02
2.450000e+02 1.644000e+02
2.395000e+02 1.647000e+02
2.340000e+02 1.650000e+02
2.322500e+02 1.650000e+02
2.305000e+02 1.650000e+02
2.265000e+02 1.656000e+02
2.225000e+02 1.662000e+02
2.170000e+02 1.665000e+02
2.115000e+02 1.668000e+02
2.097500e+02 1.671000e+02
2.080000e+02 1.674000e+02
2.025000e+02 1.683000e+02
1.970000e+02 1.692000e+02
1.937500e+02 1.698000e+02
1.905000e+02 1.704000e+02
1.867500e+02 1.710000e+02
1.830000e+02 1.716000e+02
1.797500e+02 1.722000e+02
1.765000e+02 1.728000e+02
1.732500e+02 1.734000e+02
1.700000e+02 1.740000e+02
1.670000e+02 1.749000e+02
1.640000e+02 1.758000e+02
1.612500e+02 1.764000e+02
1.585000e+02 1.770000e+02
1.555000e+02 1.776000e+02
1.525000e+02 1.782000e+02
1.497500e+02 1.791000e+02
1.470000e+02 1.800000e+02
1.440000e+02 1.809000e+02
1.410000e+02 1.818000e+02
1.377500e+02 1.824000e+02
1.345000e+02 1.830000e+02
1.315000e+02 1.839000e+02
1.285000e+02 1.848000e+02
1.255000e+02 1.860000e+02
1.225000e+02 1.872000e+02
1.197500e+02 1.881000e+02
1.170000e+02 1.890000e+02
1.140000e+02 1.899000e+02
1.110000e+02 1.908000e+02
1.085000e+02 1.917000e+02
1.060000e+02 1.926000e+02
1.037500e+02 1.935000e+02
1.015000e+02 1.944000e+02
9.950000e+01 1.950000e+02
9.750000e+01 1.956000e+02
9.575000e+01 1.962000e+02
9.400000e+01 1.968000e+02
9.275000e+01 1.971000e+02
9.150000e+01 1.974000e+02
8.975000e+01 1.977000e+02
8.800000e+01 1.980000e+02
8.550000e+01 1.989000e+02
8.300000e+01 1.998000e+02
8.150000e+01 2.001000e+02
8.000000e+01 2.004000e+02
7.825000e+01 2.007000e+02
7.650000e+01 2.010000e+02
7.500000e+01 2.013000e+02
7.350000e+01 2.016000e+02
7.200000e+01 2.022000e+02
7.050000e+01 2.028000e+02
6.950000e+01 2.028000e+02
6.850000e+01 2.028000e+02
6.725000e+01 2.031000e+02
6.600000e+01 2.034000e+02
6.525000e+01 2.034000e+02
6.450000e+01 2.034000e+02
6.350000e+01 2.037000e+02
6.250000e+01 2.040000e+02
6.200000e+01 2.040000e+02
6.150000e+01 2.040000e+02
6.075000e+01 2.043000e+02
6.000000e+01 2.046000e+02
5.950000e+01 2.046000e+02
5.900000e+01 2.046000e+02
5.875000e+01 2.046000e+02
5.850000e+01 2.046000e+02
5.775000e+01 2.049000e+02
5.700000e+01 2.052000e+02
5.650000e+01 2.058000e+02
5.600000e+01 2.064000e+02
5.600000e+01 2.064000e+02
5.600000e+01 2.064000e+02
5.605000e+02 1.416000e+02
5.605000e+02 1.416000e+02
5.605000e+02 1.416000e+02
5.605000e+02 1.416000e+02
5.605000e+02 1.416000e+02
5.602500e+02 1.414500e+02
5.600000e+02 1.413000e+02
5.597500e+02 1.411500e+02
5.595000e+02 1.410000e+02
5.593750e+02 1.408500e+02
5.592500e+02 1.407000e+02
5.591250e+02 1.405500e+02
5.590000e+02 1.404000e+02
5.587500e+02 1.402500e+02
5.585000e+02 1.401000e+02
5.582500e+02 1.399500e+02
5.580000e+02 1.398000e+02
5.572500e+02 1.393500e+02
5.565000e+02 1.389000e+02
5.557500e+02 1.384500e+02
5.550000e+02 1.380000e+02
5.541250e+02 1.378500e+02
5.532500e+02 1.377000e+02
5.523750e+02 1.375500e+02
5.515000e+02 1.374000e+02
5.501250e+02 1.374000e+02
5.487500e+02 1.374000e+02
5.473750e+02 1.374000e+02
5.460000e+02 1.374000e+02
5.447500e+02 1.374000e+02
5.435000e+02 1.374000e+02
5.422500e+02 1.374000e+02
5.410000e+02 1.374000e+02
5.392500e+02 1.377000e+02
5.375000e+02 1.380000e+02
5.357500e+02 1.383000e+02
5.340000e+02 1.386000e+02
5.323750e+02 1.387500e+02
5.307500e+02 1.389000e+02
5.291250e+02 1.390500e+02
5.275000e+02 1.392000e+02
5.257500e+02 1.395000e+02
5.240000e+02 1.398000e+02
5.222500e+02 1.401000e+02
5.205000e+02 1.404000e+02
5.186250e+02 1.407000e+02
5.167500e+02 1.410000e+02
5.148750e+02 1.413000e+02
5.130000e+02 1.416000e+02
5.112500e+02 1.419000e+02
5.095000e+02 1.422000e+02
5.077500e+02 1.425000e+02
5.060000e+02 1.428000e+02
5.040000e+02 1.431000e+02
5.020000e+02 1.434000e+02
5.000000e+02 1.437000e+02
4.980000e+02 1.440000e+02
4.961250e+02 1.444500e+02
4.942500e+02 1.449000e+02
4.905000e+02 1.458000e+02
4.862500e+02 1.464000e+02
4.820000e+02 1.470000e+02
4.770000e+02 1.476000e+02
4.720000e+02 1.482000e+02
4.675000e+02 1.491000e+02
4.630000e+02 1.500000e+02
4.582500e+02 1.506000e+02
4.535000e+02 1.512000e+02
4.487500e+02 1.521000e+02
4.440000e+02 1.530000e+02
4.390000e+02 1.536000e+02
4.340000e+02 1.542000e+02
4.287500e+02 1.548000e+02
4.235000e+02 1.554000e+02
4.165000e+02 1.563000e+02
4.095000e+02 1.572000e+02
4.045000e+02 1.581000e+02
3.995000e+02 1.590000e+02
3.950000e+02 1.596000e+02
3.905000e+02 1.602000e+02
3.857500e+02 1.605000e+02
3.810000e+02 1.608000e+02
3.765000e+02 1.614000e+02
3.720000e+02 1.620000e+02
3.675000e+02 1.623000e+02
3.630000e+02 1.626000e+02
3.590000e+02 1.629000e+02
3.550000e+02 1.632000e+02
3.505000e+02 1.632000e+02
3.460000e+02 1.632000e+02
3.415000e+02 1.635000e+02
3.370000e+02 1.638000e+02
3.330000e+02 1.638000e+02
3.290000e+02 1.638000e+02
3.250000e+02 1.641000e+02
3.210000e+02 1.644000e+02
3.167500e+02 1.644000e+02
3.125000e+02 1.644000e+02
3.090000e+02 1.644000e+02
3.055000e+02 1.644000e+02
3.012500e+02 1.644000e+02
2.970000e+02 1.644000e+02
2.935000e+02 1.644000e+02
2.900000e+02 1.644000e+02
2.865000e+02 1.644000e+02
2.830000e+02 1.644000e+02
2.795000e+02 1.641000e+02
2.760000e+02 1.638000e+02
2.722500e+02 1.638000e+02
2.685000e+02 1.638000e+02
2.642500e+02 1.638000e+02
2.600000e+02 1.638000e+02
2.562500e+02 1.638000e+02
2.525000e+02 1.638000e+02
2.487500e+02 1.641000e+02
2.450000e+02 1.644000e+02
2.395000e+02 1.647000e+02
2.340000e+02 1.650000e+02
2.322500e+02 1.650000e+02
2.305000e+02 1.650000e+02
2.265000e+02 1.656000e+02
2.225000e+02 1.662000e+02
2.170000e+02 1.665000e+02
2.115000e+02 1.668000e+02
2.097500e+02 1.671000e+02
2.080000e+02 1.674000e+02
2.025000e+02 1.683000e+02
1.970000e+02 1.692000e+02
1.937500e+02 1.698000e+02
1.905000e+02 1.704000e+02
1.867500e+02 1.710000e+02
1.830000e+02 1.716000e+02
1.797500e+02 1.722000e+02
1.765000e+02 1.728000e+02
1.732500e+02 1.734000e+02
1.700000e+02 1.740000e+02
1.670000e+02 1.749000e+02
1.640000e+02 1.758000e+02
1.612500e+02 1.764000e+02
1.585000e+02 1.770000e+02
1.555000e+02 1.776000e+02
1.525000e+02 1.782000e+02
1.497500e+02 1.791000e+02
1.470000e+02 1.800000e+02
1.440000e+02 1.809000e+02
1.410000e+02 1.818000e+02
1.377500e+02 1.824000e+02
1.345000e+02 1.830000e+02
1.315000e+02 1.839000e+02
1.285000e+02 1.848000e+02
1.255000e+02 1.860000e+02
1.225000e+02 1.872000e+02
1.197500e+02 1.881000e+02
1.170000e+02 1.890000e+02
1.140000e+02 1.899000e+02
1.110000e+02 1.908000e+02
1.085000e+02 1.917000e+02
1.060000e+02 1.926000e+02
1.037500e+02 1.935000e+02
1.015000e+02 1.944000e+02
9.950000e+01 1.950000e+02
9.750000e+01 1.956000e+02
9.575000e+01 1.962000e+02
9.400000e+01 1.968000e+02
9.275000e+01 1.971000e+02
9.150000e+01 1.974000e+02
8.975000e+01 1.977000e+02
8.800000e+01 1.980000e+02
8.550000e+01 1.989000e+02
8.300000e+01 1.998000e+02
8.150000e+01 2.001000e+02
8.000000e+01 2.004000e+02
7.825000e+01 2.007000e+02
7.650000e+01 2.010000e+02
7.500000e+01 2.013000e+02
7.350000e+01 2.016000e+02
7.200000e+01 2.022000e+02
7.050000e+01 2.028000e+02
6.950000e+01 2.028000e+02
6.850000e+01 2.028000e+02
6.725000e+01 2.031000e+02
6.600000e+01 2.034000e+02
6.525000e+01 2.034000e+02
6.450000e+01 2.034000e+02
6.350000e+01 2.037000e+02
6.250000e+01 2.040000e+02
6.200000e+01 2.040000e+02
6.150000e+01 2.040000e+02
6.075000e+01 2.043000e+02
6.000000e+01 2.046000e+02
5.950000e+01 2.046000e+02
5.900000e+01 2.046000e+02
5.875000e+01 2.046000e+02
5.850000e+01 2.046000e+02
5.775000e+01 2.049000e+02
5.700000e+01 2.052000e+02
5.650000e+01 2.058000e+02
5.600000e+01 2.064000e+02
5.600000e+01 2.064000e+02
5.600000e+01 2.064000e+02
