1.305000e+02 1.824000e+02
1.305000e+02 1.824000e+02
1.305000e+02 1.824000e+02
1.305000e+02 1.824000e+02
1.305000e+02 1.824000e+02
1.305000e+02 1.825500e+02
1.305000e+02 1.827000e+02
1.305000e+02 1.828500e+02
1.305000e+02 1.830000e+02
1.306250e+02 1.830000e+02
1.307500e+02 1.830000e+02
1.308750e+02 1.830000e+02
1.310000e+02 1.830000e+02
1.312500e+02 1.830000e+02
1.315000e+02 1.830000e+02
1.317500e+02 1.830000e+02
1.320000e+02 1.830000e+02
1.321250e+02 1.831500e+02
1.322500e+02 1.833000e+02
1.323750e+02 1.834500e+02
1.325000e+02 1.836000e+02
1.335000e+02 1.839000e+02
1.345000e+02 1.842000e+02
1.355000e+02 1.845000e+02
1.365000e+02 1.848000e+02
1.376250e+02 1.849500e+02
1.387500e+02 1.851000e+02
1.398750e+02 1.852500e+02
1.410000e+02 1.854000e+02
1.416250e+02 1.854000e+02
1.422500e+02 1.854000e+02
1.428750e+02 1.854000e+02
1.435000e+02 1.854000e+02
1.453750e+02 1.855500e+02
1.472500e+02 1.857000e+02
1.491250e+02 1.858500e+02
1.510000e+02 1.860000e+02
1.517500e+02 1.860000e+02
1.525000e+02 1.860000e+02
1.532500e+02 1.860000e+02
1.540000e+02 1.860000e+02
1.555000e+02 1.860000e+02
1.570000e+02 1.860000e+02
1.585000e+02 1.860000e+02
1.600000e+02 1.860000e+02
1.616250e+02 1.858500e+02
1.632500e+02 1.857000e+02
1.648750e+02 1.855500e+02
1.665000e+02 1.854000e+02
1.680000e+02 1.854000e+02
1.695000e+02 1.854000e+02
1.710000e+02 1.854000e+02
1.725000e+02 1.854000e+02
1.746250e+02 1.851000e+02
1.767500e+02 1.848000e+02
1.788750e+02 1.845000e+02
1.810000e+02 1.842000e+02
1.827500e+02 1.842000e+02
1.845000e+02 1.842000e+02
1.862500e+02 1.842000e+02
1.880000e+02 1.842000e+02
1.908750e+02 1.840500e+02
1.937500e+02 1.839000e+02
1.966250e+02 1.837500e+02
1.995000e+02 1.836000e+02
2.015000e+02 1.836000e+02
2.035000e+02 1.836000e+02
2.055000e+02 1.836000e+02
2.075000e+02 1.836000e+02
2.096250e+02 1.836000e+02
2.117500e+02 1.836000e+02
2.138750e+02 1.836000e+02
2.160000e+02 1.836000e+02
2.170000e+02 1.836000e+02
2.180000e+02 1.836000e+02
2.190000e+02 1.836000e+02
2.200000e+02 1.836000e+02
2.221250e+02 1.836000e+02
2.242500e+02 1.836000e+02
2.263750e+02 1.836000e+02
2.285000e+02 1.836000e+02
2.303750e+02 1.837500e+02
2.322500e+02 1.839000e+02
2.341250e+02 1.840500e+02
2.360000e+02 1.842000e+02
2.381250e+02 1.843500e+02
2.402500e+02 1.845000e+02
2.423750e+02 1.846500e+02
2.445000e+02 1.848000e+02
2.465000e+02 1.848000e+02
2.485000e+02 1.848000e+02
2.505000e+02 1.848000e+02
2.525000e+02 1.848000e+02
2.545000e+02 1.849500e+02
2.565000e+02 1.851000e+02
2.585000e+02 1.852500e+02
2.605000e+02 1.854000e+02
2.626250e+02 1.854000e+02
2.647500e+02 1.854000e+02
2.668750e+02 1.854000e+02
2.690000e+02 1.854000e+02
2.720000e+02 1.854000e+02
2.750000e+02 1.854000e+02
2.780000e+02 1.854000e+02
2.810000e+02 1.854000e+02
2.828750e+02 1.854000e+02
2.847500e+02 1.854000e+02
2.866250e+02 1.854000e+02
2.885000e+02 1.854000e+02
2.905000e+02 1.854000e+02
2.925000e+02 1.854000e+02
2.945000e+02 1.854000e+02
2.965000e+02 1.854000e+02
2.975000e+02 1.854000e+02
2.985000e+02 1.854000e+02
3.005000e+02 1.854000e+02
3.045000e+02 1.854000e+02
3.085000e+02 1.854000e+02
3.125000e+02 1.851000e+02
3.165000e+02 1.848000e+02
3.200000e+02 1.848000e+02
3.235000e+02 1.848000e+02
3.275000e+02 1.842000e+02
3.315000e+02 1.836000e+02
3.357500e+02 1.833000e+02
3.400000e+02 1.830000e+02
3.417500e+02 1.827000e+02
3.435000e+02 1.824000e+02
3.472500e+02 1.821000e+02
3.510000e+02 1.818000e+02
3.547500e+02 1.812000e+02
3.585000e+02 1.806000e+02
3.622500e+02 1.803000e+02
3.660000e+02 1.800000e+02
3.695000e+02 1.794000e+02
3.730000e+02 1.788000e+02
3.775000e+02 1.782000e+02
3.820000e+02 1.776000e+02
3.875000e+02 1.770000e+02
3.930000e+02 1.764000e+02
3.947500e+02 1.764000e+02
3.965000e+02 1.764000e+02
4.005000e+02 1.761000e+02
4.045000e+02 1.758000e+02
4.077500e+02 1.758000e+02
4.110000e+02 1.758000e+02
4.147500e+02 1.755000e+02
4.185000e+02 1.752000e+02
4.217500e+02 1.749000e+02
4.250000e+02 1.746000e+02
4.297500e+02 1.743000e+02
4.345000e+02 1.740000e+02
4.360000e+02 1.740000e+02
4.375000e+02 1.740000e+02
4.407500e+02 1.740000e+02
4.440000e+02 1.740000e+02
4.470000e+02 1.743000e+02
4.500000e+02 1.746000e+02
4.530000e+02 1.746000e+02
4.560000e+02 1.746000e+02
4.585000e+02 1.749000e+02
4.610000e+02 1.752000e+02
4.637500e+02 1.752000e+02
4.665000e+02 1.752000e+02
4.687500e+02 1.752000e+02
4.710000e+02 1.752000e+02
4.732500e+02 1.752000e+02
4.755000e+02 1.752000e+02
4.775000e+02 1.752000e+02
4.795000e+02 1.752000e+02
4.820000e+02 1.752000e+02
4.845000e+02 1.752000e+02
4.852500e+02 1.752000e+02
4.860000e+02 1.752000e+02
4.885000e+02 1.749000e+02
4.910000e+02 1.746000e+02
4.930000e+02 1.743000e+02
4.950000e+02 1.740000e+02
4.955000e+02 1.740000e+02
4.960000e+02 1.740000e+02
4.970000e+02 1.737000e+02
4.980000e+02 1.734000e+02
4.987500e+02 1.734000e+02
4.995000e+02 1.734000e+02
5.000000e+02 1.734000e+02
5.005000e+02 1.734000e+02
5.010000e+02 1.734000e+02
5.015000e+02 1.734000e+02
5.017500e+02 1.731000e+02
5.020000e+02 1.728000e+02
5.022500e+02 1.728000e+02
5.025000e+02 1.728000e+02
5.027500e+02 1.728000e+02
5.030000e+02 1.728000e+02
5.032500e+02 1.728000e+02
5.035000e+02 1.728000e+02
5.037500e+02 1.728000e+02
5.040000e+02 1.728000e+02
5.040000e+02 1.728000e+02
5.040000e+02 1.728000e+02
1.305000e+02 1.824000e+02
1.305000e+02 1.824000e+02
1.305000e+02 1.824000e+02
1.305000e+02 1.824000e+02
1.305000e+02 1.824000e+02
1.305000e+02 1.825500e+02
1.305000e+02 1.827000e+02
1.305000e+02 1.828500e+02
1.305000e+02 1.830000e+02
1.306250e+02 1.830000e+02
1.307500e+02 1.830000e+02
1.308750e+02 1.830000e+02
1.310000e+02 1.830000e+02
1.312500e+02 1.830000e+02
1.315000e+02 1.830000e+02
1.317500e+02 1.830000e+02
1.320000e+02 1.830000e+02
1.321250e+02 1.831500e+02
1.322500e+02 1.833000e+02
1.323750e+02 1.834500e+02
1.325000e+02 1.836000e+02
1.335000e+02 1.839000e+02
1.345000e+02 1.842000e+02
1.355000e+02 1.845000e+02
1.365000e+02 1.848000e+02
1.376250e+02 1.849500e+02
1.387500e+02 1.851000e+02
1.398750e+02 1.852500e+02
1.410000e+02 1.854000e+02
1.416250e+02 1.854000e+02
1.422500e+02 1.854000e+02
1.428750e+02 1.854000e+02
1.435000e+02 1.854000e+02
1.453750e+02 1.855500e+02
1.472500e+02 1.857000e+02
1.491250e+02 1.858500e+02
1.510000e+02 1.860000e+02
1.517500e+02 1.860000e+02
1.525000e+02 1.860000e+02
1.532500e+02 1.860000e+02
1.540000e+02 1.860000e+02
1.555000e+02 1.860000e+02
1.570000e+02 1.860000e+02
1.585000e+02 1.860000e+02
1.600000e+02 1.860000e+02
1.616250e+02 1.858500e+02
1.632500e+02 1.857000e+02
1.648750e+02 1.855500e+02
1.665000e+02 1.854000e+02
1.680000e+02 1.854000e+02
1.695000e+02 1.854000e+02
1.710000e+02 1.854000e+02
1.725000e+02 1.854000e+02
1.746250e+02 1.851000e+02
1.767500e+02 1.848000e+02
1.788750e+02 1.845000e+02
1.810000e+02 1.842000e+02
1.827500e+02 1.842000e+02
1.845000e+02 1.842000e+02
1.862500e+02 1.842000e+02
1.880000e+02 1.842000e+02
1.908750e+02 1.840500e+02
1.937500e+02 1.839000e+02
1.966250e+02 1.837500e+02
1.995000e+02 1.836000e+02
2.015000e+02 1.836000e+02
2.035000e+02 1.836000e+02
2.055000e+02 1.836000e+02
2.075000e+02 1.836000e+02
2.096250e+02 1.836000e+02
2.117500e+02 1.836000e+02
2.138750e+02 1.836000e+02
2.160000e+02 1.836000e+02
2.170000e+02 1.836000e+02
2.180000e+02 1.836000e+02
2.190000e+02 1.836000e+02
2.200000e+02 1.836000e+02
2.221250e+02 1.836000e+02
2.242500e+02 1.836000e+02
2.263750e+02 1.836000e+02
2.285000e+02 1.836000e+02
2.303750e+02 1.837500e+02
2.322500e+02 1.839000e+02
2.341250e+02 1.840500e+02
2.360000e+02 1.842000e+02
2.381250e+02 1.843500e+02
2.402500e+02 1.845000e+02
2.423750e+02 1.846500e+02
2.445000e+02 1.848000e+02
2.465000e+02 1.848000e+02
2.485000e+02 1.848000e+02
2.505000e+02 1.848000e+02
2.525000e+02 1.848000e+02
2.545000e+02 1.849500e+02
2.565000e+02 1.851000e+02
2.585000e+02 1.852500e+02
2.605000e+02 1.854000e+02
2.626250e+02 1.854000e+02
2.647500e+02 1.854000e+02
2.668750e+02 1.854000e+02
2.690000e+02 1.854000e+02
2.720000e+02 1.854000e+02
2.750000e+02 1.854000e+02
2.780000e+02 1.854000e+02
2.810000e+02 1.854000e+02
2.828750e+02 1.854000e+02
2.847500e+02 1.854000e+02
2.866250e+02 1.854000e+02
2.885000e+02 1.854000e+02
2.905000e+02 1.854000e+02
2.925000e+02 1.854000e+02
2.945000e+02 1.854000e+02
2.965000e+02 1.854000e+02
2.975000e+02 1.854000e+02
2.985000e+02 1.854000e+02
3.005000e+02 1.854000e+02
3.045000e+02 1.854000e+02
3.085000e+02 1.854000e+02
3.125000e+02 1.851000e+02
3.165000e+02 1.848000e+02
3.200000e+02 1.848000e+02
3.235000e+02 1.848000e+02
3.275000e+02 1.842000e+02
3.315000e+02 1.836000e+02
3.357500e+02 1.833000e+02
3.400000e+02 1.830000e+02
3.417500e+02 1.827000e+02
3.435000e+02 1.824000e+02
3.472500e+02 1.821000e+02
3.510000e+02 1.818000e+02
3.547500e+02 1.812000e+02
3.585000e+02 1.806000e+02
3.622500e+02 1.803000e+02
3.660000e+02 1.800000e+02
3.695000e+02 1.794000e+02
3.730000e+02 1.788000e+02
3.775000e+02 1.782000e+02
3.820000e+02 1.776000e+02
3.875000e+02 1.770000e+02
3.930000e+02 1.764000e+02
3.947500e+02 1.764000e+02
3.965000e+02 1.764000e+02
4.005000e+02 1.761000e+02
4.045000e+02 1.758000e+02
4.077500e+02 1.758000e+02
4.110000e+02 1.758000e+02
4.147500e+02 1.755000e+02
4.185000e+02 1.752000e+02
4.217500e+02 1.749000e+02
4.250000e+02 1.746000e+02
4.297500e+02 1.743000e+02
4.345000e+02 1.740000e+02
4.360000e+02 1.740000e+02
4.375000e+02 1.740000e+02
4.407500e+02 1.740000e+02
4.440000e+02 1.740000e+02
4.470000e+02 1.743000e+02
4.500000e+02 1.746000e+02
4.530000e+02 1.746000e+02
4.560000e+02 1.746000e+02
4.585000e+02 1.749000e+02
4.610000e+02 1.752000e+02
4.637500e+02 1.752000e+02
4.665000e+02 1.752000e+02
4.687500e+02 1.752000e+02
4.710000e+02 1.752000e+02
4.732500e+02 1.752000e+02
4.755000e+02 1.752000e+02
4.775000e+02 1.752000e+02
4.795000e+02 1.752000e+02
4.820000e+02 1.752000e+02
4.845000e+02 1.752000e+02
4.852500e+02 1.752000e+02
4.860000e+02 1.752000e+02
4.885000e+02 1.749000e+02
4.910000e+02 1.746000e+02
4.930000e+02 1.743000e+02
4.950000e+02 1.740000e+02
4.955000e+02 1.740000e+02
4.960000e+02 1.740000e+02
4.970000e+02 1.737000e+02
4.980000e+02 1.734000e+02
4.987500e+02 1.734000e+02
4.995000e+02 1.734000e+02
5.000000e+02 1.734000e+02
5.005000e+02 1.734000e+02
5.010000e+02 1.734000e+02
5.015000e+02 1.734000e+02
5.017500e+02 1.731000e+02
5.020000e+02 1.728000e+02
5.022500e+02 1.728000e+02
5.025000e+02 1.728000e+02
5.027500e+02 1.728000e+02
5.030000e+02 1.728000e+02
5.032500e+02 1.728000e+02
5.035000e+02 1.728000e+02
5.037500e+02 1.728000e+02
5.040000e+02 1.728000e+02
5.040000e+02 1.728000e+02
5.040000e+02 1.728000e+02
1.305000e+02 1.824000e+02
1.305000e+02 1.824000e+02
1.305000e+02 1.824000e+02
1.305000e+02 1.824000e+02
1.305000e+02 1.824000e+02
1.305000e+02 1.825500e+02
1.305000e+02 1.827000e+02
1.305000e+02 1.828500e+02
1.305000e+02 1.830000e+02
1.306250e+02 1.830000e+02
1.307500e+02 1.830000e+02
1.308750e+02 1.830000e+02
1.310000e+02 1.830000e+02
1.312500e+02 1.830000e+02
1.315000e+02 1.830000e+02
1.317500e+02 1.830000e+02
1.320000e+02 1.830000e+02
1.321250e+02 1.831500e+02
1.322500e+02 1.833000e+02
1.323750e+02 1.834500e+02
1.325000e+02 1.836000e+02
1.335000e+02 1.839000e+02
1.345000e+02 1.842000e+02
1.355000e+02 1.845000e+02
1.365000e+02 1.848000e+02
1.376250e+02 1.849500e+02
1.387500e+02 1.851000e+02
1.398750e+02 1.852500e+02
1.410000e+02 1.854000e+02
1.416250e+02 1.854000e+02
1.422500e+02 1.854000e+02
1.428750e+02 1.854000e+02
1.435000e+02 1.854000e+02
1.453750e+02 1.855500e+02
1.472500e+02 1.857000e+02
1.491250e+02 1.858500e+02
1.510000e+02 1.860000e+02
1.517500e+02 1.860000e+02
1.525000e+02 1.860000e+02
1.532500e+02 1.860000e+02
1.540000e+02 1.860000e+02
1.555000e+02 1.860000e+02
1.570000e+02 1.860000e+02
1.585000e+02 1.860000e+02
1.600000e+02 1.860000e+02
1.616250e+02 1.858500e+02
1.632500e+02 1.857000e+02
1.648750e+02 1.855500e+02
1.665000e+02 1.854000e+02
1.680000e+02 1.854000e+02
1.695000e+02 1.854000e+02
1.710000e+02 1.854000e+02
1.725000e+02 1.854000e+02
1.746250e+02 1.851000e+02
1.767500e+02 1.848000e+02
1.788750e+02 1.845000e+02
1.810000e+02 1.842000e+02
1.827500e+02 1.842000e+02
1.845000e+02 1.842000e+02
1.862500e+02 1.842000e+02
1.880000e+02 1.842000e+02
1.908750e+02 1.840500e+02
1.937500e+02 1.839000e+02
1.966250e+02 1.837500e+02
1.995000e+02 1.836000e+02
2.015000e+02 1.836000e+02
2.035000e+02 1.836000e+02
2.055000e+02 1.836000e+02
2.075000e+02 1.836000e+02
2.096250e+02 1.836000e+02
2.117500e+02 1.836000e+02
2.138750e+02 1.836000e+02
2.160000e+02 1.836000e+02
2.170000e+02 1.836000e+02
2.180000e+02 1.836000e+02
2.190000e+02 1.836000e+02
2.200000e+02 1.836000e+02
2.221250e+02 1.836000e+02
2.242500e+02 1.836000e+02
2.263750e+02 1.836000e+02
2.285000e+02 1.836000e+02
2.303750e+02 1.837500e+02
2.322500e+02 1.839000e+02
2.341250e+02 1.840500e+02
2.360000e+02 1.842000e+02
2.381250e+02 1.843500e+02
2.402500e+02 1.845000e+02
2.423750e+02 1.846500e+02
2.445000e+02 1.848000e+02
2.465000e+02 1.848000e+02
2.485000e+02 1.848000e+02
2.505000e+02 1.848000e+02
2.525000e+02 1.848000e+02
2.545000e+02 1.849500e+02
2.565000e+02 1.851000e+02
2.585000e+02 1.852500e+02
2.605000e+02 1.854000e+02
2.626250e+02 1.854000e+02
2.647500e+02 1.854000e+02
2.668750e+02 1.854000e+02
2.690000e+02 1.854000e+02
2.720000e+02 1.854000e+02
2.750000e+02 1.854000e+02
2.780000e+02 1.854000e+02
2.810000e+02 1.854000e+02
2.828750e+02 1.854000e+02
2.847500e+02 1.854000e+02
2.866250e+02 1.854000e+02
2.885000e+02 1.854000e+02
2.905000e+02 1.854000e+02
2.925000e+02 1.854000e+02
2.945000e+02 1.854000e+02
2.965000e+02 1.854000e+02
2.975000e+02 1.854000e+02
2.985000e+02 1.854000e+02
3.005000e+02 1.854000e+02
3.045000e+02 1.854000e+02
3.085000e+02 1.854000e+02
3.125000e+02 1.851000e+02
3.165000e+02 1.848000e+02
3.200000e+02 1.848000e+02
3.235000e+02 1.848000e+02
3.275000e+02 1.842000e+02
3.315000e+02 1.836000e+02
3.357500e+02 1.833000e+02
3.400000e+02 1.830000e+02
3.417500e+02 1.827000e+02
3.435000e+02 1.824000e+02
3.472500e+02 1.821000e+02
3.510000e+02 1.818000e+02
3.547500e+02 1.812000e+02
3.585000e+02 1.806000e+02
3.622500e+02 1.803000e+02
3.660000e+02 1.800000e+02
3.695000e+02 1.794000e+02
3.730000e+02 1.788000e+02
3.775000e+02 1.782000e+02
3.820000e+02 1.776000e+02
3.875000e+02 1.770000e+02
3.930000e+02 1.764000e+02
3.947500e+02 1.764000e+02
3.965000e+02 1.764000e+02
4.005000e+02 1.761000e+02
4.045000e+02 1.758000e+02
4.077500e+02 1.758000e+02
4.110000e+02 1.758000e+02
4.147500e+02 1.755000e+02
4.185000e+02 1.752000e+02
4.217500e+02 1.749000e+02
4.250000e+02 1.746000e+02
4.297500e+02 1.743000e+02
4.345000e+02 1.740000e+02
4.360000e+02 1.740000e+02
4.375000e+02 1.740000e+02
4.407500e+02 1.740000e+02
4.440000e+02 1.740000e+02
4.470000e+02 1.743000e+02
4.500000e+02 1.746000e+02
4.530000e+02 1.746000e+02
4.560000e+02 1.746000e+02
4.585000e+02 1.749000e+02
4.610000e+02 1.752000e+02
4.637500e+02 1.752000e+02
4.665000e+02 1.752000e+02
4.687500e+02 1.752000e+02
4.710000e+02 1.752000e+02
4.732500e+02 1.752000e+02
4.755000e+02 1.752000e+02
4.775000e+02 1.752000e+02
4.795000e+02 1.752000e+02
4.820000e+02 1.752000e+02
4.845000e+02 1.752000e+02
4.852500e+02 1.752000e+02
4.860000e+02 1.752000e+02
4.885000e+02 1.749000e+02
4.910000e+02 1.746000e+02
4.930000e+02 1.743000e+02
4.950000e+02 1.740000e+02
4.955000e+02 1.740000e+02
4.960000e+02 1.740000e+02
4.970000e+02 1.737000e+02
4.980000e+02 1.734000e+02
4.987500e+02 1.734000e+02
4.995000e+02 1.734000e+02
5.000000e+02 1.734000e+02
5.005000e+02 1.734000e+02
5.010000e+02 1.734000e+02
5.015000e+02 1.734000e+02
5.017500e+02 1.731000e+02
5.020000e+02 1.728000e+02
5.022500e+02 1.728000e+02
5.025000e+02 1.728000e+02
5.027500e+02 1.728000e+02
5.030000e+02 1.728000e+02
5.032500e+02 1.728000e+02
5.035000e+02 1.728000e+02
5.037500e+02 1.728000e+02
5.040000e+02 1.728000e+02
5.040000e+02 1.728000e+02
5.040000e+02 1.728000e+02
