3.880000e+02 1.440000e+02
3.880000e+02 1.440000e+02
3.880000e+02 1.440000e+02
3.877500e+02 1.434000e+02
3.875000e+02 1.428000e+02
3.872500e+02 1.425000e+02
3.870000e+02 1.422000e+02
3.865000e+02 1.416000e+02
3.860000e+02 1.410000e+02
3.857500e+02 1.401000e+02
3.855000e+02 1.392000e+02
3.845000e+02 1.374000e+02
3.835000e+02 1.350000e+02
3.825000e+02 1.332000e+02
3.805000e+02 1.296000e+02
3.790000e+02 1.272000e+02
3.775000e+02 1.248000e+02
3.760000e+02 1.224000e+02
3.740000e+02 1.194000e+02
3.720000e+02 1.170000e+02
3.700000e+02 1.140000e+02
3.680000e+02 1.122000e+02
3.650000e+02 1.086000e+02
3.630000e+02 1.068000e+02
3.610000e+02 1.050000e+02
3.590000e+02 1.032000e+02
3.560000e+02 1.014000e+02
3.535000e+02 1.002000e+02
3.510000e+02 9.840000e+01
3.480000e+02 9.720000e+01
3.445000e+02 9.600000e+01
3.435000e+02 9.540000e+01
3.385000e+02 9.360000e+01
3.355000e+02 9.300000e+01
3.325000e+02 9.240000e+01
3.280000e+02 9.120000e+01
3.260000e+02 9.060000e+01
3.220000e+02 9.000000e+01
3.190000e+02 9.000000e+01
3.155000e+02 9.000000e+01
3.115000e+02 9.000000e+01
3.085000e+02 9.000000e+01
3.055000e+02 9.000000e+01
3.020000e+02 9.000000e+01
2.985000e+02 9.060000e+01
2.945000e+02 9.120000e+01
2.900000e+02 9.240000e+01
2.860000e+02 9.360000e+01
2.820000e+02 9.480000e+01
2.760000e+02 9.780000e+01
2.720000e+02 9.900000e+01
2.685000e+02 1.014000e+02
2.655000e+02 1.032000e+02
2.615000e+02 1.050000e+02
2.585000e+02 1.074000e+02
2.555000e+02 1.098000e+02
2.510000e+02 1.128000e+02
2.495000e+02 1.140000e+02
2.460000e+02 1.176000e+02
2.430000e+02 1.206000e+02
2.410000e+02 1.230000e+02
2.390000e+02 1.254000e+02
2.375000e+02 1.284000e+02
2.360000e+02 1.314000e+02
2.340000e+02 1.344000e+02
2.325000e+02 1.374000e+02
2.315000e+02 1.404000e+02
2.305000e+02 1.440000e+02
2.295000e+02 1.470000e+02
2.290000e+02 1.500000e+02
2.280000e+02 1.554000e+02
2.280000e+02 1.578000e+02
2.275000e+02 1.608000e+02
2.275000e+02 1.644000e+02
2.270000e+02 1.680000e+02
2.270000e+02 1.722000e+02
2.270000e+02 1.764000e+02
2.270000e+02 1.812000e+02
2.270000e+02 1.830000e+02
2.270000e+02 1.890000e+02
2.275000e+02 1.944000e+02
2.280000e+02 1.980000e+02
2.285000e+02 2.022000e+02
2.285000e+02 2.064000e+02
2.290000e+02 2.100000e+02
2.295000e+02 2.142000e+02
2.305000e+02 2.184000e+02
2.315000e+02 2.250000e+02
2.315000e+02 2.268000e+02
2.330000e+02 2.340000e+02
2.335000e+02 2.364000e+02
2.340000e+02 2.406000e+02
2.350000e+02 2.448000e+02
2.360000e+02 2.496000e+02
2.370000e+02 2.544000e+02
2.380000e+02 2.586000e+02
2.390000e+02 2.634000e+02
2.400000e+02 2.688000e+02
2.410000e+02 2.736000e+02
2.430000e+02 2.814000e+02
2.435000e+02 2.838000e+02
2.450000e+02 2.886000e+02
2.465000e+02 2.934000e+02
2.480000e+02 2.982000e+02
2.495000e+02 3.030000e+02
2.510000e+02 3.072000e+02
2.525000e+02 3.120000e+02
2.540000e+02 3.162000e+02
2.555000e+02 3.198000e+02
2.575000e+02 3.240000e+02
2.595000e+02 3.282000e+02
2.610000e+02 3.318000e+02
2.645000e+02 3.366000e+02
2.680000e+02 3.414000e+02
2.715000e+02 3.456000e+02
2.735000e+02 3.480000e+02
2.750000e+02 3.492000e+02
2.770000e+02 3.516000e+02
2.800000e+02 3.540000e+02
2.825000e+02 3.558000e+02
2.850000e+02 3.576000e+02
2.895000e+02 3.600000e+02
2.910000e+02 3.612000e+02
2.940000e+02 3.624000e+02
2.970000e+02 3.642000e+02
2.995000e+02 3.648000e+02
3.025000e+02 3.660000e+02
3.055000e+02 3.672000e+02
3.085000e+02 3.678000e+02
3.115000e+02 3.684000e+02
3.145000e+02 3.690000e+02
3.175000e+02 3.690000e+02
3.205000e+02 3.696000e+02
3.235000e+02 3.696000e+02
3.260000e+02 3.696000e+02
3.310000e+02 3.702000e+02
3.335000e+02 3.696000e+02
3.350000e+02 3.696000e+02
3.375000e+02 3.690000e+02
3.425000e+02 3.678000e+02
3.455000e+02 3.666000e+02
3.485000e+02 3.654000e+02
3.520000e+02 3.624000e+02
3.555000e+02 3.600000e+02
3.605000e+02 3.564000e+02
3.615000e+02 3.552000e+02
3.670000e+02 3.516000e+02
3.705000e+02 3.480000e+02
3.735000e+02 3.450000e+02
3.760000e+02 3.414000e+02
3.790000e+02 3.378000e+02
3.825000e+02 3.330000e+02
3.850000e+02 3.288000e+02
3.885000e+02 3.228000e+02
3.915000e+02 3.162000e+02
3.950000e+02 3.102000e+02
3.970000e+02 3.060000e+02
3.985000e+02 3.012000e+02
4.005000e+02 2.976000e+02
4.015000e+02 2.934000e+02
4.030000e+02 2.886000e+02
4.040000e+02 2.844000e+02
4.050000e+02 2.814000e+02
4.060000e+02 2.766000e+02
4.065000e+02 2.724000e+02
4.075000e+02 2.682000e+02
4.085000e+02 2.616000e+02
4.085000e+02 2.574000e+02
4.085000e+02 2.532000e+02
4.090000e+02 2.496000e+02
4.090000e+02 2.460000e+02
4.090000e+02 2.418000e+02
4.090000e+02 2.388000e+02
4.085000e+02 2.358000e+02
4.085000e+02 2.328000e+02
4.080000e+02 2.292000e+02
4.080000e+02 2.256000e+02
4.075000e+02 2.226000e+02
4.075000e+02 2.190000e+02
4.070000e+02 2.160000e+02
4.070000e+02 2.118000e+02
4.070000e+02 2.088000e+02
4.070000e+02 2.058000e+02
4.065000e+02 2.028000e+02
4.065000e+02 1.998000e+02
4.060000e+02 1.968000e+02
4.060000e+02 1.938000e+02
4.060000e+02 1.914000e+02
4.055000e+02 1.890000e+02
4.055000e+02 1.866000e+02
4.050000e+02 1.842000e+02
4.050000e+02 1.818000e+02
4.045000e+02 1.794000e+02
4.045000e+02 1.770000e+02
4.040000e+02 1.752000e+02
4.040000e+02 1.746000e+02
4.040000e+02 1.734000e+02
4.040000e+02 1.722000e+02
4.035000e+02 1.710000e+02
4.035000e+02 1.710000e+02
3.880000e+02 1.440000e+02
3.880000e+02 1.440000e+02
3.880000e+02 1.440000e+02
3.877500e+02 1.434000e+02
3.875000e+02 1.428000e+02
3.872500e+02 1.425000e+02
3.870000e+02 1.422000e+02
3.865000e+02 1.416000e+02
3.860000e+02 1.410000e+02
3.857500e+02 1.401000e+02
3.855000e+02 1.392000e+02
3.845000e+02 1.374000e+02
3.835000e+02 1.350000e+02
3.825000e+02 1.332000e+02
3.805000e+02 1.296000e+02
3.790000e+02 1.272000e+02
3.775000e+02 1.248000e+02
3.760000e+02 1.224000e+02
3.740000e+02 1.194000e+02
3.720000e+02 1.170000e+02
3.700000e+02 1.140000e+02
3.680000e+02 1.122000e+02
3.650000e+02 1.086000e+02
3.630000e+02 1.068000e+02
3.610000e+02 1.050000e+02
3.590000e+02 1.032000e+02
3.560000e+02 1.014000e+02
3.535000e+02 1.002000e+02
3.510000e+02 9.840000e+01
3.480000e+02 9.720000e+01
3.445000e+02 9.600000e+01
3.435000e+02 9.540000e+01
3.385000e+02 9.360000e+01
3.355000e+02 9.300000e+01
3.325000e+02 9.240000e+01
3.280000e+02 9.120000e+01
3.260000e+02 9.060000e+01
3.220000e+02 9.000000e+01
3.190000e+02 9.000000e+01
3.155000e+02 9.000000e+01
3.115000e+02 9.000000e+01
3.085000e+02 9.000000e+01
3.055000e+02 9.000000e+01
3.020000e+02 9.000000e+01
2.985000e+02 9.060000e+01
2.945000e+02 9.120000e+01
2.900000e+02 9.240000e+01
2.860000e+02 9.360000e+01
2.820000e+02 9.480000e+01
2.760000e+02 9.780000e+01
2.720000e+02 9.900000e+01
2.685000e+02 1.014000e+02
2.655000e+02 1.032000e+02
2.615000e+02 1.050000e+02
2.585000e+02 1.074000e+02
2.555000e+02 1.098000e+02
2.510000e+02 1.128000e+02
2.495000e+02 1.140000e+02
2.460000e+02 1.176000e+02
2.430000e+02 1.206000e+02
2.410000e+02 1.230000e+02
2.390000e+02 1.254000e+02
2.375000e+02 1.284000e+02
2.360000e+02 1.314000e+02
2.340000e+02 1.344000e+02
2.325000e+02 1.374000e+02
2.315000e+02 1.404000e+02
2.305000e+02 1.440000e+02
2.295000e+02 1.470000e+02
2.290000e+02 1.500000e+02
2.280000e+02 1.554000e+02
2.280000e+02 1.578000e+02
2.275000e+02 1.608000e+02
2.275000e+02 1.644000e+02
2.270000e+02 1.680000e+02
2.270000e+02 1.722000e+02
2.270000e+02 1.764000e+02
2.270000e+02 1.812000e+02
2.270000e+02 1.830000e+02
2.270000e+02 1.890000e+02
2.275000e+02 1.944000e+02
2.280000e+02 1.980000e+02
2.285000e+02 2.022000e+02
2.285000e+02 2.064000e+02
2.290000e+02 2.100000e+02
2.295000e+02 2.142000e+02
2.305000e+02 2.184000e+02
2.315000e+02 2.250000e+02
2.315000e+02 2.268000e+02
2.330000e+02 2.340000e+02
2.335000e+02 2.364000e+02
2.340000e+02 2.406000e+02
2.350000e+02 2.448000e+02
2.360000e+02 2.496000e+02
2.370000e+02 2.544000e+02
2.380000e+02 2.586000e+02
2.390000e+02 2.634000e+02
2.400000e+02 2.688000e+02
2.410000e+02 2.736000e+02
2.430000e+02 2.814000e+02
2.435000e+02 2.838000e+02
2.450000e+02 2.886000e+02
2.465000e+02 2.934000e+02
2.480000e+02 2.982000e+02
2.495000e+02 3.030000e+02
2.510000e+02 3.072000e+02
2.525000e+02 3.120000e+02
2.540000e+02 3.162000e+02
2.555000e+02 3.198000e+02
2.575000e+02 3.240000e+02
2.595000e+02 3.282000e+02
2.610000e+02 3.318000e+02
2.645000e+02 3.366000e+02
2.680000e+02 3.414000e+02
2.715000e+02 3.456000e+02
2.735000e+02 3.480000e+02
2.750000e+02 3.492000e+02
2.770000e+02 3.516000e+02
2.800000e+02 3.540000e+02
2.825000e+02 3.558000e+02
2.850000e+02 3.576000e+02
2.895000e+02 3.600000e+02
2.910000e+02 3.612000e+02
2.940000e+02 3.624000e+02
2.970000e+02 3.642000e+02
2.995000e+02 3.648000e+02
3.025000e+02 3.660000e+02
3.055000e+02 3.672000e+02
3.085000e+02 3.678000e+02
3.115000e+02 3.684000e+02
3.145000e+02 3.690000e+02
3.175000e+02 3.690000e+02
3.205000e+02 3.696000e+02
3.235000e+02 3.696000e+02
3.260000e+02 3.696000e+02
3.310000e+02 3.702000e+02
3.335000e+02 3.696000e+02
3.350000e+02 3.696000e+02
3.375000e+02 3.690000e+02
3.425000e+02 3.678000e+02
3.455000e+02 3.666000e+02
3.485000e+02 3.654000e+02
3.520000e+02 3.624000e+02
3.555000e+02 3.600000e+02
3.605000e+02 3.564000e+02
3.615000e+02 3.552000e+02
3.670000e+02 3.516000e+02
3.705000e+02 3.480000e+02
3.735000e+02 3.450000e+02
3.760000e+02 3.414000e+02
3.790000e+02 3.378000e+02
3.825000e+02 3.330000e+02
3.850000e+02 3.288000e+02
3.885000e+02 3.228000e+02
3.915000e+02 3.162000e+02
3.950000e+02 3.102000e+02
3.970000e+02 3.060000e+02
3.985000e+02 3.012000e+02
4.005000e+02 2.976000e+02
4.015000e+02 2.934000e+02
4.030000e+02 2.886000e+02
4.040000e+02 2.844000e+02
4.050000e+02 2.814000e+02
4.060000e+02 2.766000e+02
4.065000e+02 2.724000e+02
4.075000e+02 2.682000e+02
4.085000e+02 2.616000e+02
4.085000e+02 2.574000e+02
4.085000e+02 2.532000e+02
4.090000e+02 2.496000e+02
4.090000e+02 2.460000e+02
4.090000e+02 2.418000e+02
4.090000e+02 2.388000e+02
4.085000e+02 2.358000e+02
4.085000e+02 2.328000e+02
4.080000e+02 2.292000e+02
4.080000e+02 2.256000e+02
4.075000e+02 2.226000e+02
4.075000e+02 2.190000e+02
4.070000e+02 2.160000e+02
4.070000e+02 2.118000e+02
4.070000e+02 2.088000e+02
4.070000e+02 2.058000e+02
4.065000e+02 2.028000e+02
4.065000e+02 1.998000e+02
4.060000e+02 1.968000e+02
4.060000e+02 1.938000e+02
4.060000e+02 1.914000e+02
4.055000e+02 1.890000e+02
4.055000e+02 1.866000e+02
4.050000e+02 1.842000e+02
4.050000e+02 1.818000e+02
4.045000e+02 1.794000e+02
4.045000e+02 1.770000e+02
4.040000e+02 1.752000e+02
4.040000e+02 1.746000e+02
4.040000e+02 1.734000e+02
4.040000e+02 1.722000e+02
4.035000e+02 1.710000e+02
4.035000e+02 1.710000e+02
3.880000e+02 1.440000e+02
3.880000e+02 1.440000e+02
3.880000e+02 1.440000e+02
3.877500e+02 1.434000e+02
3.875000e+02 1.428000e+02
3.872500e+02 1.425000e+02
3.870000e+02 1.422000e+02
3.865000e+02 1.416000e+02
3.860000e+02 1.410000e+02
3.857500e+02 1.401000e+02
3.855000e+02 1.392000e+02
3.845000e+02 1.374000e+02
3.835000e+02 1.350000e+02
3.825000e+02 1.332000e+02
3.805000e+02 1.296000e+02
3.790000e+02 1.272000e+02
3.775000e+02 1.248000e+02
3.760000e+02 1.224000e+02
3.740000e+02 1.194000e+02
3.720000e+02 1.170000e+02
3.700000e+02 1.140000e+02
3.680000e+02 1.122000e+02
3.650000e+02 1.086000e+02
3.630000e+02 1.068000e+02
3.610000e+02 1.050000e+02
3.590000e+02 1.032000e+02
3.560000e+02 1.014000e+02
3.535000e+02 1.002000e+02
3.510000e+02 9.840000e+01
3.480000e+02 9.720000e+01
3.445000e+02 9.600000e+01
3.435000e+02 9.540000e+01
3.385000e+02 9.360000e+01
3.355000e+02 9.300000e+01
3.325000e+02 9.240000e+01
3.280000e+02 9.120000e+01
3.260000e+02 9.060000e+01
3.220000e+02 9.000000e+01
3.190000e+02 9.000000e+01
3.155000e+02 9.000000e+01
3.115000e+02 9.000000e+01
3.085000e+02 9.000000e+01
3.055000e+02 9.000000e+01
3.020000e+02 9.000000e+01
2.985000e+02 9.060000e+01
2.945000e+02 9.120000e+01
2.900000e+02 9.240000e+01
2.860000e+02 9.360000e+01
2.820000e+02 9.480000e+01
2.760000e+02 9.780000e+01
2.720000e+02 9.900000e+01
2.685000e+02 1.014000e+02
2.655000e+02 1.032000e+02
2.615000e+02 1.050000e+02
2.585000e+02 1.074000e+02
2.555000e+02 1.098000e+02
2.510000e+02 1.128000e+02
2.495000e+02 1.140000e+02
2.460000e+02 1.176000e+02
2.430000e+02 1.206000e+02
2.410000e+02 1.230000e+02
2.390000e+02 1.254000e+02
2.375000e+02 1.284000e+02
2.360000e+02 1.314000e+02
2.340000e+02 1.344000e+02
2.325000e+02 1.374000e+02
2.315000e+02 1.404000e+02
2.305000e+02 1.440000e+02
2.295000e+02 1.470000e+02
2.290000e+02 1.500000e+02
2.280000e+02 1.554000e+02
2.280000e+02 1.578000e+02
2.275000e+02 1.608000e+02
2.275000e+02 1.644000e+02
2.270000e+02 1.680000e+02
2.270000e+02 1.722000e+02
2.270000e+02 1.764000e+02
2.270000e+02 1.812000e+02
2.270000e+02 1.830000e+02
2.270000e+02 1.890000e+02
2.275000e+02 1.944000e+02
2.280000e+02 1.980000e+02
2.285000e+02 2.022000e+02
2.285000e+02 2.064000e+02
2.290000e+02 2.100000e+02
2.295000e+02 2.142000e+02
2.305000e+02 2.184000e+02
2.315000e+02 2.250000e+02
2.315000e+02 2.268000e+02
2.330000e+02 2.340000e+02
2.335000e+02 2.364000e+02
2.340000e+02 2.406000e+02
2.350000e+02 2.448000e+02
2.360000e+02 2.496000e+02
2.370000e+02 2.544000e+02
2.380000e+02 2.586000e+02
2.390000e+02 2.634000e+02
2.400000e+02 2.688000e+02
2.410000e+02 2.736000e+02
2.430000e+02 2.814000e+02
2.435000e+02 2.838000e+02
2.450000e+02 2.886000e+02
2.465000e+02 2.934000e+02
2.480000e+02 2.982000e+02
2.495000e+02 3.030000e+02
2.510000e+02 3.072000e+02
2.525000e+02 3.120000e+02
2.540000e+02 3.162000e+02
2.555000e+02 3.198000e+02
2.575000e+02 3.240000e+02
2.595000e+02 3.282000e+02
2.610000e+02 3.318000e+02
2.645000e+02 3.366000e+02
2.680000e+02 3.414000e+02
2.715000e+02 3.456000e+02
2.735000e+02 3.480000e+02
2.750000e+02 3.492000e+02
2.770000e+02 3.516000e+02
2.800000e+02 3.540000e+02
2.825000e+02 3.558000e+02
2.850000e+02 3.576000e+02
2.895000e+02 3.600000e+02
2.910000e+02 3.612000e+02
2.940000e+02 3.624000e+02
2.970000e+02 3.642000e+02
2.995000e+02 3.648000e+02
3.025000e+02 3.660000e+02
3.055000e+02 3.672000e+02
3.085000e+02 3.678000e+02
3.115000e+02 3.684000e+02
3.145000e+02 3.690000e+02
3.175000e+02 3.690000e+02
3.205000e+02 3.696000e+02
3.235000e+02 3.696000e+02
3.260000e+02 3.696000e+02
3.310000e+02 3.702000e+02
3.335000e+02 3.696000e+02
3.350000e+02 3.696000e+02
3.375000e+02 3.690000e+02
3.425000e+02 3.678000e+02
3.455000e+02 3.666000e+02
3.485000e+02 3.654000e+02
3.520000e+02 3.624000e+02
3.555000e+02 3.600000e+02
3.605000e+02 3.564000e+02
3.615000e+02 3.552000e+02
3.670000e+02 3.516000e+02
3.705000e+02 3.480000e+02
3.735000e+02 3.450000e+02
3.760000e+02 3.414000e+02
3.790000e+02 3.378000e+02
3.825000e+02 3.330000e+02
3.850000e+02 3.288000e+02
3.885000e+02 3.228000e+02
3.915000e+02 3.162000e+02
3.950000e+02 3.102000e+02
3.970000e+02 3.060000e+02
3.985000e+02 3.012000e+02
4.005000e+02 2.976000e+02
4.015000e+02 2.934000e+02
4.030000e+02 2.886000e+02
4.040000e+02 2.844000e+02
4.050000e+02 2.814000e+02
4.060000e+02 2.766000e+02
4.065000e+02 2.724000e+02
4.075000e+02 2.682000e+02
4.085000e+02 2.616000e+02
4.085000e+02 2.574000e+02
4.085000e+02 2.532000e+02
4.090000e+02 2.496000e+02
4.090000e+02 2.460000e+02
4.090000e+02 2.418000e+02
4.090000e+02 2.388000e+02
4.085000e+02 2.358000e+02
4.085000e+02 2.328000e+02
4.080000e+02 2.292000e+02
4.080000e+02 2.256000e+02
4.075000e+02 2.226000e+02
4.075000e+02 2.190000e+02
4.070000e+02 2.160000e+02
4.070000e+02 2.118000e+02
4.070000e+02 2.088000e+02
4.070000e+02 2.058000e+02
4.065000e+02 2.028000e+02
4.065000e+02 1.998000e+02
4.060000e+02 1.968000e+02
4.060000e+02 1.938000e+02
4.060000e+02 1.914000e+02
4.055000e+02 1.890000e+02
4.055000e+02 1.866000e+02
4.050000e+02 1.842000e+02
4.050000e+02 1.818000e+02
4.045000e+02 1.794000e+02
4.045000e+02 1.770000e+02
4.040000e+02 1.752000e+02
4.040000e+02 1.746000e+02
4.040000e+02 1.734000e+02
4.040000e+02 1.722000e+02
4.035000e+02 1.710000e+02
4.035000e+02 1.710000e+02
