2.025000e+02 1.098000e+02
2.025000e+02 1.098000e+02
2.025000e+02 1.098000e+02
2.025000e+02 1.092000e+02
2.025000e+02 1.092000e+02
2.025000e+02 1.092000e+02
2.025000e+02 1.092000e+02
2.025000e+02 1.092000e+02
2.025000e+02 1.092000e+02
2.030000e+02 1.092000e+02
2.030000e+02 1.092000e+02
2.035000e+02 1.092000e+02
2.050000e+02 1.086000e+02
2.070000e+02 1.086000e+02
2.095000e+02 1.086000e+02
2.120000e+02 1.092000e+02
2.180000e+02 1.092000e+02
2.220000e+02 1.092000e+02
2.245000e+02 1.092000e+02
2.325000e+02 1.098000e+02
2.355000e+02 1.098000e+02
2.390000e+02 1.092000e+02
2.490000e+02 1.092000e+02
2.570000e+02 1.092000e+02
2.655000e+02 1.086000e+02
2.725000e+02 1.086000e+02
2.815000e+02 1.080000e+02
2.895000e+02 1.074000e+02
2.975000e+02 1.074000e+02
3.060000e+02 1.074000e+02
3.140000e+02 1.074000e+02
3.220000e+02 1.068000e+02
3.345000e+02 1.074000e+02
3.470000e+02 1.074000e+02
3.560000e+02 1.074000e+02
3.645000e+02 1.080000e+02
3.725000e+02 1.080000e+02
3.765000e+02 1.080000e+02
3.830000e+02 1.080000e+02
3.895000e+02 1.080000e+02
3.950000e+02 1.086000e+02
4.000000e+02 1.092000e+02
4.045000e+02 1.092000e+02
4.080000e+02 1.098000e+02
4.105000e+02 1.104000e+02
4.120000e+02 1.110000e+02
4.140000e+02 1.116000e+02
4.145000e+02 1.116000e+02
4.150000e+02 1.122000e+02
4.160000e+02 1.134000e+02
4.160000e+02 1.140000e+02
4.160000e+02 1.158000e+02
4.160000e+02 1.176000e+02
4.160000e+02 1.206000e+02
4.155000e+02 1.242000e+02
4.150000e+02 1.296000e+02
4.145000e+02 1.374000e+02
4.140000e+02 1.440000e+02
4.135000e+02 1.554000e+02
4.135000e+02 1.626000e+02
4.135000e+02 1.662000e+02
4.130000e+02 1.740000e+02
4.130000e+02 1.824000e+02
4.130000e+02 1.908000e+02
4.125000e+02 1.992000e+02
4.125000e+02 2.082000e+02
4.120000e+02 2.208000e+02
4.115000e+02 2.286000e+02
4.115000e+02 2.370000e+02
4.110000e+02 2.448000e+02
4.110000e+02 2.484000e+02
4.110000e+02 2.562000e+02
4.110000e+02 2.640000e+02
4.110000e+02 2.754000e+02
4.110000e+02 2.796000e+02
4.110000e+02 2.946000e+02
4.110000e+02 3.006000e+02
4.110000e+02 3.072000e+02
4.110000e+02 3.132000e+02
4.110000e+02 3.186000e+02
4.105000e+02 3.270000e+02
4.105000e+02 3.288000e+02
4.100000e+02 3.354000e+02
4.095000e+02 3.420000e+02
4.095000e+02 3.450000e+02
4.090000e+02 3.480000e+02
4.090000e+02 3.498000e+02
4.085000e+02 3.510000e+02
4.085000e+02 3.522000e+02
4.080000e+02 3.534000e+02
4.075000e+02 3.540000e+02
4.075000e+02 3.540000e+02
4.065000e+02 3.540000e+02
4.060000e+02 3.540000e+02
4.055000e+02 3.534000e+02
4.040000e+02 3.528000e+02
4.025000e+02 3.522000e+02
3.980000e+02 3.510000e+02
3.925000e+02 3.498000e+02
3.845000e+02 3.486000e+02
3.760000e+02 3.480000e+02
3.675000e+02 3.480000e+02
3.575000e+02 3.480000e+02
3.475000e+02 3.480000e+02
3.345000e+02 3.474000e+02
3.210000e+02 3.474000e+02
3.110000e+02 3.474000e+02
2.975000e+02 3.474000e+02
2.850000e+02 3.468000e+02
2.760000e+02 3.462000e+02
2.665000e+02 3.462000e+02
2.570000e+02 3.456000e+02
2.475000e+02 3.456000e+02
2.385000e+02 3.456000e+02
2.300000e+02 3.462000e+02
2.245000e+02 3.462000e+02
2.110000e+02 3.468000e+02
2.025000e+02 3.474000e+02
1.940000e+02 3.480000e+02
1.855000e+02 3.486000e+02
1.780000e+02 3.486000e+02
1.710000e+02 3.492000e+02
1.650000e+02 3.492000e+02
1.580000e+02 3.486000e+02
1.560000e+02 3.486000e+02
1.520000e+02 3.486000e+02
1.470000e+02 3.480000e+02
1.460000e+02 3.474000e+02
1.440000e+02 3.474000e+02
1.420000e+02 3.468000e+02
1.410000e+02 3.462000e+02
1.395000e+02 3.456000e+02
1.385000e+02 3.450000e+02
1.375000e+02 3.438000e+02
1.370000e+02 3.432000e+02
1.370000e+02 3.426000e+02
1.365000e+02 3.420000e+02
1.365000e+02 3.408000e+02
1.365000e+02 3.390000e+02
1.370000e+02 3.366000e+02
1.375000e+02 3.330000e+02
1.380000e+02 3.288000e+02
1.385000e+02 3.228000e+02
1.395000e+02 3.168000e+02
1.405000e+02 3.084000e+02
1.420000e+02 2.988000e+02
1.435000e+02 2.880000e+02
1.445000e+02 2.784000e+02
1.455000e+02 2.676000e+02
1.470000e+02 2.562000e+02
1.480000e+02 2.436000e+02
1.490000e+02 2.328000e+02
1.510000e+02 2.148000e+02
1.520000e+02 2.040000e+02
1.525000e+02 1.980000e+02
1.535000e+02 1.818000e+02
1.545000e+02 1.716000e+02
1.555000e+02 1.614000e+02
1.560000e+02 1.512000e+02
1.570000e+02 1.410000e+02
1.580000e+02 1.320000e+02
1.595000e+02 1.188000e+02
1.605000e+02 1.080000e+02
1.610000e+02 1.014000e+02
1.610000e+02 9.540000e+01
1.615000e+02 9.000000e+01
1.620000e+02 8.640000e+01
1.620000e+02 8.340000e+01
1.620000e+02 8.160000e+01
1.620000e+02 8.040000e+01
1.620000e+02 7.920000e+01
1.620000e+02 7.860000e+01
1.620000e+02 7.800000e+01
1.620000e+02 7.800000e+01
1.625000e+02 7.740000e+01
1.625000e+02 7.740000e+01
1.625000e+02 7.740000e+01
1.625000e+02 7.740000e+01
1.625000e+02 7.800000e+01
1.630000e+02 7.800000e+01
1.630000e+02 7.800000e+01
1.630000e+02 7.860000e+01
1.630000e+02 7.860000e+01
1.635000e+02 7.920000e+01
1.635000e+02 7.920000e+01
1.635000e+02 7.980000e+01
1.635000e+02 7.980000e+01
1.635000e+02 7.980000e+01
1.635000e+02 7.980000e+01
1.635000e+02 7.980000e+01
1.635000e+02 7.980000e+01
1.635000e+02 8.040000e+01
1.635000e+02 8.040000e+01
1.635000e+02 8.040000e+01
1.640000e+02 8.100000e+01
1.640000e+02 8.100000e+01
1.640000e+02 8.160000e+01
1.645000e+02 8.220000e+01
1.645000e+02 8.280000e+01
1.645000e+02 8.280000e+01
