1.070000e+02 1.608000e+02
1.070000e+02 1.608000e+02
1.070000e+02 1.608000e+02
1.070000e+02 1.608000e+02
1.070000e+02 1.608000e+02
1.070000e+02 1.609500e+02
1.070000e+02 1.611000e+02
1.070000e+02 1.612500e+02
1.070000e+02 1.614000e+02
1.071250e+02 1.614000e+02
1.072500e+02 1.614000e+02
1.073750e+02 1.614000e+02
1.075000e+02 1.614000e+02
1.075000e+02 1.615500e+02
1.075000e+02 1.617000e+02
1.075000e+02 1.618500e+02
1.075000e+02 1.620000e+02
1.077500e+02 1.626000e+02
1.080000e+02 1.632000e+02
1.082500e+02 1.638000e+02
1.085000e+02 1.644000e+02
1.086250e+02 1.648500e+02
1.087500e+02 1.653000e+02
1.090000e+02 1.662000e+02
1.097500e+02 1.674000e+02
1.105000e+02 1.686000e+02
1.112500e+02 1.704000e+02
1.120000e+02 1.722000e+02
1.132500e+02 1.740000e+02
1.145000e+02 1.758000e+02
1.155000e+02 1.776000e+02
1.165000e+02 1.794000e+02
1.177500e+02 1.812000e+02
1.190000e+02 1.830000e+02
1.205000e+02 1.854000e+02
1.220000e+02 1.878000e+02
1.235000e+02 1.899000e+02
1.250000e+02 1.920000e+02
1.267500e+02 1.944000e+02
1.285000e+02 1.968000e+02
1.300000e+02 1.989000e+02
1.315000e+02 2.010000e+02
1.332500e+02 2.034000e+02
1.350000e+02 2.058000e+02
1.365000e+02 2.085000e+02
1.380000e+02 2.112000e+02
1.395000e+02 2.136000e+02
1.410000e+02 2.160000e+02
1.427500e+02 2.187000e+02
1.445000e+02 2.214000e+02
1.460000e+02 2.241000e+02
1.475000e+02 2.268000e+02
1.487500e+02 2.292000e+02
1.500000e+02 2.316000e+02
1.512500e+02 2.340000e+02
1.525000e+02 2.364000e+02
1.537500e+02 2.385000e+02
1.550000e+02 2.406000e+02
1.562500e+02 2.427000e+02
1.575000e+02 2.448000e+02
1.592500e+02 2.481000e+02
1.610000e+02 2.514000e+02
1.620000e+02 2.535000e+02
1.630000e+02 2.556000e+02
1.640000e+02 2.574000e+02
1.650000e+02 2.592000e+02
1.660000e+02 2.610000e+02
1.670000e+02 2.628000e+02
1.680000e+02 2.646000e+02
1.690000e+02 2.664000e+02
1.697500e+02 2.679000e+02
1.705000e+02 2.694000e+02
1.712500e+02 2.706000e+02
1.720000e+02 2.718000e+02
1.727500e+02 2.730000e+02
1.735000e+02 2.742000e+02
1.740000e+02 2.751000e+02
1.745000e+02 2.760000e+02
1.752500e+02 2.769000e+02
1.760000e+02 2.778000e+02
1.762500e+02 2.784000e+02
1.765000e+02 2.790000e+02
1.770000e+02 2.796000e+02
1.775000e+02 2.802000e+02
1.780000e+02 2.811000e+02
1.785000e+02 2.820000e+02
1.787500e+02 2.823000e+02
1.790000e+02 2.826000e+02
1.790000e+02 2.826000e+02
1.790000e+02 2.826000e+02
1.792500e+02 2.829000e+02
1.795000e+02 2.832000e+02
1.797500e+02 2.832000e+02
1.800000e+02 2.832000e+02
1.802500e+02 2.832000e+02
1.805000e+02 2.832000e+02
1.807500e+02 2.829000e+02
1.810000e+02 2.826000e+02
1.812500e+02 2.823000e+02
1.815000e+02 2.820000e+02
1.822500e+02 2.817000e+02
1.830000e+02 2.814000e+02
1.840000e+02 2.805000e+02
1.850000e+02 2.796000e+02
1.865000e+02 2.784000e+02
1.880000e+02 2.772000e+02
1.902500e+02 2.754000e+02
1.925000e+02 2.736000e+02
1.945000e+02 2.718000e+02
1.965000e+02 2.700000e+02
1.990000e+02 2.685000e+02
2.015000e+02 2.670000e+02
2.040000e+02 2.652000e+02
2.065000e+02 2.634000e+02
2.092500e+02 2.613000e+02
2.120000e+02 2.592000e+02
2.167500e+02 2.559000e+02
2.215000e+02 2.526000e+02
2.250000e+02 2.502000e+02
2.285000e+02 2.478000e+02
2.322500e+02 2.454000e+02
2.360000e+02 2.430000e+02
2.400000e+02 2.403000e+02
2.440000e+02 2.376000e+02
2.485000e+02 2.352000e+02
2.530000e+02 2.328000e+02
2.572500e+02 2.304000e+02
2.615000e+02 2.280000e+02
2.677500e+02 2.241000e+02
2.740000e+02 2.202000e+02
2.787500e+02 2.175000e+02
2.835000e+02 2.148000e+02
2.887500e+02 2.121000e+02
2.940000e+02 2.094000e+02
2.992500e+02 2.067000e+02
3.045000e+02 2.040000e+02
3.095000e+02 2.016000e+02
3.145000e+02 1.992000e+02
3.195000e+02 1.965000e+02
3.245000e+02 1.938000e+02
3.302500e+02 1.914000e+02
3.360000e+02 1.890000e+02
3.417500e+02 1.866000e+02
3.475000e+02 1.842000e+02
3.540000e+02 1.812000e+02
3.605000e+02 1.782000e+02
3.662500e+02 1.761000e+02
3.720000e+02 1.740000e+02
3.780000e+02 1.716000e+02
3.840000e+02 1.692000e+02
3.895000e+02 1.668000e+02
3.950000e+02 1.644000e+02
4.005000e+02 1.623000e+02
4.060000e+02 1.602000e+02
4.122500e+02 1.581000e+02
4.185000e+02 1.560000e+02
4.237500e+02 1.539000e+02
4.290000e+02 1.518000e+02
4.340000e+02 1.503000e+02
4.390000e+02 1.488000e+02
4.440000e+02 1.470000e+02
4.490000e+02 1.452000e+02
4.532500e+02 1.440000e+02
4.575000e+02 1.428000e+02
4.620000e+02 1.413000e+02
4.665000e+02 1.398000e+02
4.700000e+02 1.389000e+02
4.735000e+02 1.380000e+02
4.780000e+02 1.368000e+02
4.825000e+02 1.356000e+02
4.850000e+02 1.347000e+02
4.875000e+02 1.338000e+02
4.897500e+02 1.329000e+02
4.920000e+02 1.320000e+02
4.935000e+02 1.317000e+02
4.950000e+02 1.314000e+02
4.962500e+02 1.311000e+02
4.975000e+02 1.308000e+02
4.982500e+02 1.305000e+02
4.990000e+02 1.302000e+02
4.995000e+02 1.302000e+02
5.000000e+02 1.302000e+02
5.005000e+02 1.299000e+02
5.010000e+02 1.296000e+02
5.012500e+02 1.296000e+02
5.015000e+02 1.296000e+02
5.017500e+02 1.296000e+02
5.020000e+02 1.296000e+02
5.020000e+02 1.296000e+02
5.020000e+02 1.296000e+02
5.022500e+02 1.296000e+02
5.025000e+02 1.296000e+02
5.025000e+02 1.296000e+02
5.025000e+02 1.296000e+02
5.027500e+02 1.296000e+02
5.030000e+02 1.296000e+02
5.032500e+02 1.299000e+02
5.035000e+02 1.302000e+02
5.035000e+02 1.302000e+02
5.035000e+02 1.302000e+02
1.070000e+02 1.608000e+02
1.070000e+02 1.608000e+02
1.070000e+02 1.608000e+02
1.070000e+02 1.608000e+02
1.070000e+02 1.608000e+02
1.070000e+02 1.609500e+02
1.070000e+02 1.611000e+02
1.070000e+02 1.612500e+02
1.070000e+02 1.614000e+02
1.071250e+02 1.614000e+02
1.072500e+02 1.614000e+02
1.073750e+02 1.614000e+02
1.075000e+02 1.614000e+02
1.075000e+02 1.615500e+02
1.075000e+02 1.617000e+02
1.075000e+02 1.618500e+02
1.075000e+02 1.620000e+02
1.077500e+02 1.626000e+02
1.080000e+02 1.632000e+02
1.082500e+02 1.638000e+02
1.085000e+02 1.644000e+02
1.086250e+02 1.648500e+02
1.087500e+02 1.653000e+02
1.090000e+02 1.662000e+02
1.097500e+02 1.674000e+02
1.105000e+02 1.686000e+02
1.112500e+02 1.704000e+02
1.120000e+02 1.722000e+02
1.132500e+02 1.740000e+02
1.145000e+02 1.758000e+02
1.155000e+02 1.776000e+02
1.165000e+02 1.794000e+02
1.177500e+02 1.812000e+02
1.190000e+02 1.830000e+02
1.205000e+02 1.854000e+02
1.220000e+02 1.878000e+02
1.235000e+02 1.899000e+02
1.250000e+02 1.920000e+02
1.267500e+02 1.944000e+02
1.285000e+02 1.968000e+02
1.300000e+02 1.989000e+02
1.315000e+02 2.010000e+02
1.332500e+02 2.034000e+02
1.350000e+02 2.058000e+02
1.365000e+02 2.085000e+02
1.380000e+02 2.112000e+02
1.395000e+02 2.136000e+02
1.410000e+02 2.160000e+02
1.427500e+02 2.187000e+02
1.445000e+02 2.214000e+02
1.460000e+02 2.241000e+02
1.475000e+02 2.268000e+02
1.487500e+02 2.292000e+02
1.500000e+02 2.316000e+02
1.512500e+02 2.340000e+02
1.525000e+02 2.364000e+02
1.537500e+02 2.385000e+02
1.550000e+02 2.406000e+02
1.562500e+02 2.427000e+02
1.575000e+02 2.448000e+02
1.592500e+02 2.481000e+02
1.610000e+02 2.514000e+02
1.620000e+02 2.535000e+02
1.630000e+02 2.556000e+02
1.640000e+02 2.574000e+02
1.650000e+02 2.592000e+02
1.660000e+02 2.610000e+02
1.670000e+02 2.628000e+02
1.680000e+02 2.646000e+02
1.690000e+02 2.664000e+02
1.697500e+02 2.679000e+02
1.705000e+02 2.694000e+02
1.712500e+02 2.706000e+02
1.720000e+02 2.718000e+02
1.727500e+02 2.730000e+02
1.735000e+02 2.742000e+02
1.740000e+02 2.751000e+02
1.745000e+02 2.760000e+02
1.752500e+02 2.769000e+02
1.760000e+02 2.778000e+02
1.762500e+02 2.784000e+02
1.765000e+02 2.790000e+02
1.770000e+02 2.796000e+02
1.775000e+02 2.802000e+02
1.780000e+02 2.811000e+02
1.785000e+02 2.820000e+02
1.787500e+02 2.823000e+02
1.790000e+02 2.826000e+02
1.790000e+02 2.826000e+02
1.790000e+02 2.826000e+02
1.792500e+02 2.829000e+02
1.795000e+02 2.832000e+02
1.797500e+02 2.832000e+02
1.800000e+02 2.832000e+02
1.802500e+02 2.832000e+02
1.805000e+02 2.832000e+02
1.807500e+02 2.829000e+02
1.810000e+02 2.826000e+02
1.812500e+02 2.823000e+02
1.815000e+02 2.820000e+02
1.822500e+02 2.817000e+02
1.830000e+02 2.814000e+02
1.840000e+02 2.805000e+02
1.850000e+02 2.796000e+02
1.865000e+02 2.784000e+02
1.880000e+02 2.772000e+02
1.902500e+02 2.754000e+02
1.925000e+02 2.736000e+02
1.945000e+02 2.718000e+02
1.965000e+02 2.700000e+02
1.990000e+02 2.685000e+02
2.015000e+02 2.670000e+02
2.040000e+02 2.652000e+02
2.065000e+02 2.634000e+02
2.092500e+02 2.613000e+02
2.120000e+02 2.592000e+02
2.167500e+02 2.559000e+02
2.215000e+02 2.526000e+02
2.250000e+02 2.502000e+02
2.285000e+02 2.478000e+02
2.322500e+02 2.454000e+02
2.360000e+02 2.430000e+02
2.400000e+02 2.403000e+02
2.440000e+02 2.376000e+02
2.485000e+02 2.352000e+02
2.530000e+02 2.328000e+02
2.572500e+02 2.304000e+02
2.615000e+02 2.280000e+02
2.677500e+02 2.241000e+02
2.740000e+02 2.202000e+02
2.787500e+02 2.175000e+02
2.835000e+02 2.148000e+02
2.887500e+02 2.121000e+02
2.940000e+02 2.094000e+02
2.992500e+02 2.067000e+02
3.045000e+02 2.040000e+02
3.095000e+02 2.016000e+02
3.145000e+02 1.992000e+02
3.195000e+02 1.965000e+02
3.245000e+02 1.938000e+02
3.302500e+02 1.914000e+02
3.360000e+02 1.890000e+02
3.417500e+02 1.866000e+02
3.475000e+02 1.842000e+02
3.540000e+02 1.812000e+02
3.605000e+02 1.782000e+02
3.662500e+02 1.761000e+02
3.720000e+02 1.740000e+02
3.780000e+02 1.716000e+02
3.840000e+02 1.692000e+02
3.895000e+02 1.668000e+02
3.950000e+02 1.644000e+02
4.005000e+02 1.623000e+02
4.060000e+02 1.602000e+02
4.122500e+02 1.581000e+02
4.185000e+02 1.560000e+02
4.237500e+02 1.539000e+02
4.290000e+02 1.518000e+02
4.340000e+02 1.503000e+02
4.390000e+02 1.488000e+02
4.440000e+02 1.470000e+02
4.490000e+02 1.452000e+02
4.532500e+02 1.440000e+02
4.575000e+02 1.428000e+02
4.620000e+02 1.413000e+02
4.665000e+02 1.398000e+02
4.700000e+02 1.389000e+02
4.735000e+02 1.380000e+02
4.780000e+02 1.368000e+02
4.825000e+02 1.356000e+02
4.850000e+02 1.347000e+02
4.875000e+02 1.338000e+02
4.897500e+02 1.329000e+02
4.920000e+02 1.320000e+02
4.935000e+02 1.317000e+02
4.950000e+02 1.314000e+02
4.962500e+02 1.311000e+02
4.975000e+02 1.308000e+02
4.982500e+02 1.305000e+02
4.990000e+02 1.302000e+02
4.995000e+02 1.302000e+02
5.000000e+02 1.302000e+02
5.005000e+02 1.299000e+02
5.010000e+02 1.296000e+02
5.012500e+02 1.296000e+02
5.015000e+02 1.296000e+02
5.017500e+02 1.296000e+02
5.020000e+02 1.296000e+02
5.020000e+02 1.296000e+02
5.020000e+02 1.296000e+02
5.022500e+02 1.296000e+02
5.025000e+02 1.296000e+02
5.025000e+02 1.296000e+02
5.025000e+02 1.296000e+02
5.027500e+02 1.296000e+02
5.030000e+02 1.296000e+02
5.032500e+02 1.299000e+02
5.035000e+02 1.302000e+02
5.035000e+02 1.302000e+02
5.035000e+02 1.302000e+02
1.070000e+02 1.608000e+02
1.070000e+02 1.608000e+02
1.070000e+02 1.608000e+02
1.070000e+02 1.608000e+02
1.070000e+02 1.608000e+02
1.070000e+02 1.609500e+02
1.070000e+02 1.611000e+02
1.070000e+02 1.612500e+02
1.070000e+02 1.614000e+02
1.071250e+02 1.614000e+02
1.072500e+02 1.614000e+02
1.073750e+02 1.614000e+02
1.075000e+02 1.614000e+02
1.075000e+02 1.615500e+02
1.075000e+02 1.617000e+02
1.075000e+02 1.618500e+02
1.075000e+02 1.620000e+02
1.077500e+02 1.626000e+02
1.080000e+02 1.632000e+02
1.082500e+02 1.638000e+02
1.085000e+02 1.644000e+02
1.086250e+02 1.648500e+02
1.087500e+02 1.653000e+02
1.090000e+02 1.662000e+02
1.097500e+02 1.674000e+02
1.105000e+02 1.686000e+02
1.112500e+02 1.704000e+02
1.120000e+02 1.722000e+02
1.132500e+02 1.740000e+02
1.145000e+02 1.758000e+02
1.155000e+02 1.776000e+02
1.165000e+02 1.794000e+02
1.177500e+02 1.812000e+02
1.190000e+02 1.830000e+02
1.205000e+02 1.854000e+02
1.220000e+02 1.878000e+02
1.235000e+02 1.899000e+02
1.250000e+02 1.920000e+02
1.267500e+02 1.944000e+02
1.285000e+02 1.968000e+02
1.300000e+02 1.989000e+02
1.315000e+02 2.010000e+02
1.332500e+02 2.034000e+02
1.350000e+02 2.058000e+02
1.365000e+02 2.085000e+02
1.380000e+02 2.112000e+02
1.395000e+02 2.136000e+02
1.410000e+02 2.160000e+02
1.427500e+02 2.187000e+02
1.445000e+02 2.214000e+02
1.460000e+02 2.241000e+02
1.475000e+02 2.268000e+02
1.487500e+02 2.292000e+02
1.500000e+02 2.316000e+02
1.512500e+02 2.340000e+02
1.525000e+02 2.364000e+02
1.537500e+02 2.385000e+02
1.550000e+02 2.406000e+02
1.562500e+02 2.427000e+02
1.575000e+02 2.448000e+02
1.592500e+02 2.481000e+02
1.610000e+02 2.514000e+02
1.620000e+02 2.535000e+02
1.630000e+02 2.556000e+02
1.640000e+02 2.574000e+02
1.650000e+02 2.592000e+02
1.660000e+02 2.610000e+02
1.670000e+02 2.628000e+02
1.680000e+02 2.646000e+02
1.690000e+02 2.664000e+02
1.697500e+02 2.679000e+02
1.705000e+02 2.694000e+02
1.712500e+02 2.706000e+02
1.720000e+02 2.718000e+02
1.727500e+02 2.730000e+02
1.735000e+02 2.742000e+02
1.740000e+02 2.751000e+02
1.745000e+02 2.760000e+02
1.752500e+02 2.769000e+02
1.760000e+02 2.778000e+02
1.762500e+02 2.784000e+02
1.765000e+02 2.790000e+02
1.770000e+02 2.796000e+02
1.775000e+02 2.802000e+02
1.780000e+02 2.811000e+02
1.785000e+02 2.820000e+02
1.787500e+02 2.823000e+02
1.790000e+02 2.826000e+02
1.790000e+02 2.826000e+02
1.790000e+02 2.826000e+02
1.792500e+02 2.829000e+02
1.795000e+02 2.832000e+02
1.797500e+02 2.832000e+02
1.800000e+02 2.832000e+02
1.802500e+02 2.832000e+02
1.805000e+02 2.832000e+02
1.807500e+02 2.829000e+02
1.810000e+02 2.826000e+02
1.812500e+02 2.823000e+02
1.815000e+02 2.820000e+02
1.822500e+02 2.817000e+02
1.830000e+02 2.814000e+02
1.840000e+02 2.805000e+02
1.850000e+02 2.796000e+02
1.865000e+02 2.784000e+02
1.880000e+02 2.772000e+02
1.902500e+02 2.754000e+02
1.925000e+02 2.736000e+02
1.945000e+02 2.718000e+02
1.965000e+02 2.700000e+02
1.990000e+02 2.685000e+02
2.015000e+02 2.670000e+02
2.040000e+02 2.652000e+02
2.065000e+02 2.634000e+02
2.092500e+02 2.613000e+02
2.120000e+02 2.592000e+02
2.167500e+02 2.559000e+02
2.215000e+02 2.526000e+02
2.250000e+02 2.502000e+02
2.285000e+02 2.478000e+02
2.322500e+02 2.454000e+02
2.360000e+02 2.430000e+02
2.400000e+02 2.403000e+02
2.440000e+02 2.376000e+02
2.485000e+02 2.352000e+02
2.530000e+02 2.328000e+02
2.572500e+02 2.304000e+02
2.615000e+02 2.280000e+02
2.677500e+02 2.241000e+02
2.740000e+02 2.202000e+02
2.787500e+02 2.175000e+02
2.835000e+02 2.148000e+02
2.887500e+02 2.121000e+02
2.940000e+02 2.094000e+02
2.992500e+02 2.067000e+02
3.045000e+02 2.040000e+02
3.095000e+02 2.016000e+02
3.145000e+02 1.992000e+02
3.195000e+02 1.965000e+02
3.245000e+02 1.938000e+02
3.302500e+02 1.914000e+02
3.360000e+02 1.890000e+02
3.417500e+02 1.866000e+02
3.475000e+02 1.842000e+02
3.540000e+02 1.812000e+02
3.605000e+02 1.782000e+02
3.662500e+02 1.761000e+02
3.720000e+02 1.740000e+02
3.780000e+02 1.716000e+02
3.840000e+02 1.692000e+02
3.895000e+02 1.668000e+02
3.950000e+02 1.644000e+02
4.005000e+02 1.623000e+02
4.060000e+02 1.602000e+02
4.122500e+02 1.581000e+02
4.185000e+02 1.560000e+02
4.237500e+02 1.539000e+02
4.290000e+02 1.518000e+02
4.340000e+02 1.503000e+02
4.390000e+02 1.488000e+02
4.440000e+02 1.470000e+02
4.490000e+02 1.452000e+02
4.532500e+02 1.440000e+02
4.575000e+02 1.428000e+02
4.620000e+02 1.413000e+02
4.665000e+02 1.398000e+02
4.700000e+02 1.389000e+02
4.735000e+02 1.380000e+02
4.780000e+02 1.368000e+02
4.825000e+02 1.356000e+02
4.850000e+02 1.347000e+02
4.875000e+02 1.338000e+02
4.897500e+02 1.329000e+02
4.920000e+02 1.320000e+02
4.935000e+02 1.317000e+02
4.950000e+02 1.314000e+02
4.962500e+02 1.311000e+02
4.975000e+02 1.308000e+02
4.982500e+02 1.305000e+02
4.990000e+02 1.302000e+02
4.995000e+02 1.302000e+02
5.000000e+02 1.302000e+02
5.005000e+02 1.299000e+02
5.010000e+02 1.296000e+02
5.012500e+02 1.296000e+02
5.015000e+02 1.296000e+02
5.017500e+02 1.296000e+02
5.020000e+02 1.296000e+02
5.020000e+02 1.296000e+02
5.020000e+02 1.296000e+02
5.022500e+02 1.296000e+02
5.025000e+02 1.296000e+02
5.025000e+02 1.296000e+02
5.025000e+02 1.296000e+02
5.027500e+02 1.296000e+02
5.030000e+02 1.296000e+02
5.032500e+02 1.299000e+02
5.035000e+02 1.302000e+02
5.035000e+02 1.302000e+02
5.035000e+02 1.302000e+02
