1.310000e+02 1.860000e+02
1.310000e+02 1.860000e+02
1.310000e+02 1.860000e+02
1.310000e+02 1.860000e+02
1.310000e+02 1.860000e+02
1.308750e+02 1.860000e+02
1.307500e+02 1.860000e+02
1.306250e+02 1.860000e+02
1.305000e+02 1.860000e+02
1.303750e+02 1.860000e+02
1.302500e+02 1.860000e+02
1.301250e+02 1.860000e+02
1.300000e+02 1.860000e+02
1.300000e+02 1.861500e+02
1.300000e+02 1.863000e+02
1.300000e+02 1.864500e+02
1.300000e+02 1.866000e+02
1.300000e+02 1.866000e+02
1.300000e+02 1.866000e+02
1.300000e+02 1.866000e+02
1.300000e+02 1.866000e+02
1.300000e+02 1.866000e+02
1.300000e+02 1.866000e+02
1.300000e+02 1.866000e+02
1.300000e+02 1.866000e+02
1.301250e+02 1.866000e+02
1.302500e+02 1.866000e+02
1.303750e+02 1.866000e+02
1.305000e+02 1.866000e+02
1.308750e+02 1.866000e+02
1.312500e+02 1.866000e+02
1.316250e+02 1.866000e+02
1.320000e+02 1.866000e+02
1.330000e+02 1.867500e+02
1.340000e+02 1.869000e+02
1.350000e+02 1.870500e+02
1.360000e+02 1.872000e+02
1.367500e+02 1.872000e+02
1.375000e+02 1.872000e+02
1.390000e+02 1.872000e+02
1.407500e+02 1.872000e+02
1.425000e+02 1.872000e+02
1.445000e+02 1.872000e+02
1.465000e+02 1.872000e+02
1.482500e+02 1.875000e+02
1.500000e+02 1.878000e+02
1.522500e+02 1.878000e+02
1.545000e+02 1.878000e+02
1.567500e+02 1.878000e+02
1.590000e+02 1.878000e+02
1.615000e+02 1.881000e+02
1.640000e+02 1.884000e+02
1.665000e+02 1.887000e+02
1.690000e+02 1.890000e+02
1.717500e+02 1.893000e+02
1.745000e+02 1.896000e+02
1.775000e+02 1.899000e+02
1.805000e+02 1.902000e+02
1.847500e+02 1.908000e+02
1.890000e+02 1.914000e+02
1.902500e+02 1.914000e+02
1.915000e+02 1.914000e+02
1.945000e+02 1.917000e+02
1.975000e+02 1.920000e+02
2.007500e+02 1.923000e+02
2.040000e+02 1.926000e+02
2.055000e+02 1.929000e+02
2.070000e+02 1.932000e+02
2.117500e+02 1.935000e+02
2.165000e+02 1.938000e+02
2.182500e+02 1.941000e+02
2.200000e+02 1.944000e+02
2.250000e+02 1.953000e+02
2.300000e+02 1.962000e+02
2.335000e+02 1.968000e+02
2.370000e+02 1.974000e+02
2.410000e+02 1.983000e+02
2.450000e+02 1.992000e+02
2.482500e+02 2.001000e+02
2.515000e+02 2.010000e+02
2.535000e+02 2.013000e+02
2.555000e+02 2.016000e+02
2.605000e+02 2.028000e+02
2.655000e+02 2.040000e+02
2.690000e+02 2.046000e+02
2.725000e+02 2.052000e+02
2.760000e+02 2.061000e+02
2.795000e+02 2.070000e+02
2.810000e+02 2.073000e+02
2.825000e+02 2.076000e+02
2.860000e+02 2.082000e+02
2.895000e+02 2.088000e+02
2.927500e+02 2.094000e+02
2.960000e+02 2.100000e+02
2.995000e+02 2.109000e+02
3.030000e+02 2.118000e+02
3.062500e+02 2.124000e+02
3.095000e+02 2.130000e+02
3.130000e+02 2.133000e+02
3.165000e+02 2.136000e+02
3.210000e+02 2.142000e+02
3.255000e+02 2.148000e+02
3.287500e+02 2.151000e+02
3.320000e+02 2.154000e+02
3.335000e+02 2.154000e+02
3.350000e+02 2.154000e+02
3.385000e+02 2.154000e+02
3.420000e+02 2.154000e+02
3.447500e+02 2.154000e+02
3.475000e+02 2.154000e+02
3.490000e+02 2.154000e+02
3.505000e+02 2.154000e+02
3.537500e+02 2.154000e+02
3.570000e+02 2.154000e+02
3.615000e+02 2.154000e+02
3.660000e+02 2.154000e+02
3.677500e+02 2.154000e+02
3.695000e+02 2.154000e+02
3.742500e+02 2.154000e+02
3.790000e+02 2.154000e+02
3.835000e+02 2.154000e+02
3.880000e+02 2.154000e+02
3.912500e+02 2.154000e+02
3.945000e+02 2.154000e+02
3.977500e+02 2.154000e+02
4.010000e+02 2.154000e+02
4.042500e+02 2.154000e+02
4.075000e+02 2.154000e+02
4.107500e+02 2.151000e+02
4.140000e+02 2.148000e+02
4.172500e+02 2.145000e+02
4.205000e+02 2.142000e+02
4.235000e+02 2.139000e+02
4.265000e+02 2.136000e+02
4.297500e+02 2.130000e+02
4.330000e+02 2.124000e+02
4.362500e+02 2.118000e+02
4.395000e+02 2.112000e+02
4.425000e+02 2.106000e+02
4.455000e+02 2.100000e+02
4.500000e+02 2.088000e+02
4.545000e+02 2.076000e+02
4.587500e+02 2.064000e+02
4.630000e+02 2.052000e+02
4.657500e+02 2.043000e+02
4.685000e+02 2.034000e+02
4.725000e+02 2.025000e+02
4.765000e+02 2.016000e+02
4.777500e+02 2.010000e+02
4.790000e+02 2.004000e+02
4.815000e+02 2.001000e+02
4.840000e+02 1.998000e+02
4.865000e+02 1.992000e+02
4.890000e+02 1.986000e+02
4.912500e+02 1.980000e+02
4.935000e+02 1.974000e+02
4.957500e+02 1.971000e+02
4.980000e+02 1.968000e+02
5.000000e+02 1.965000e+02
5.020000e+02 1.962000e+02
5.040000e+02 1.959000e+02
5.060000e+02 1.956000e+02
5.080000e+02 1.953000e+02
5.100000e+02 1.950000e+02
5.120000e+02 1.944000e+02
5.140000e+02 1.938000e+02
5.160000e+02 1.935000e+02
5.180000e+02 1.932000e+02
5.197500e+02 1.929000e+02
5.215000e+02 1.926000e+02
5.232500e+02 1.923000e+02
5.250000e+02 1.920000e+02
5.277500e+02 1.914000e+02
5.305000e+02 1.908000e+02
5.320000e+02 1.902000e+02
5.335000e+02 1.896000e+02
5.357500e+02 1.884000e+02
5.380000e+02 1.872000e+02
5.395000e+02 1.863000e+02
5.410000e+02 1.854000e+02
5.425000e+02 1.842000e+02
5.440000e+02 1.830000e+02
5.452500e+02 1.821000e+02
5.465000e+02 1.812000e+02
5.477500e+02 1.800000e+02
5.490000e+02 1.788000e+02
5.497500e+02 1.779000e+02
5.505000e+02 1.770000e+02
5.512500e+02 1.761000e+02
5.520000e+02 1.752000e+02
5.522500e+02 1.746000e+02
5.525000e+02 1.740000e+02
5.530000e+02 1.734000e+02
5.535000e+02 1.728000e+02
5.535000e+02 1.719000e+02
5.535000e+02 1.710000e+02
5.535000e+02 1.707000e+02
5.535000e+02 1.704000e+02
5.535000e+02 1.704000e+02
5.535000e+02 1.704000e+02
1.310000e+02 1.860000e+02
1.310000e+02 1.860000e+02
1.310000e+02 1.860000e+02
1.310000e+02 1.860000e+02
1.310000e+02 1.860000e+02
1.308750e+02 1.860000e+02
1.307500e+02 1.860000e+02
1.306250e+02 1.860000e+02
1.305000e+02 1.860000e+02
1.303750e+02 1.860000e+02
1.302500e+02 1.860000e+02
1.301250e+02 1.860000e+02
1.300000e+02 1.860000e+02
1.300000e+02 1.861500e+02
1.300000e+02 1.863000e+02
1.300000e+02 1.864500e+02
1.300000e+02 1.866000e+02
1.300000e+02 1.866000e+02
1.300000e+02 1.866000e+02
1.300000e+02 1.866000e+02
1.300000e+02 1.866000e+02
1.300000e+02 1.866000e+02
1.300000e+02 1.866000e+02
1.300000e+02 1.866000e+02
1.300000e+02 1.866000e+02
1.301250e+02 1.866000e+02
1.302500e+02 1.866000e+02
1.303750e+02 1.866000e+02
1.305000e+02 1.866000e+02
1.308750e+02 1.866000e+02
1.312500e+02 1.866000e+02
1.316250e+02 1.866000e+02
1.320000e+02 1.866000e+02
1.330000e+02 1.867500e+02
1.340000e+02 1.869000e+02
1.350000e+02 1.870500e+02
1.360000e+02 1.872000e+02
1.367500e+02 1.872000e+02
1.375000e+02 1.872000e+02
1.390000e+02 1.872000e+02
1.407500e+02 1.872000e+02
1.425000e+02 1.872000e+02
1.445000e+02 1.872000e+02
1.465000e+02 1.872000e+02
1.482500e+02 1.875000e+02
1.500000e+02 1.878000e+02
1.522500e+02 1.878000e+02
1.545000e+02 1.878000e+02
1.567500e+02 1.878000e+02
1.590000e+02 1.878000e+02
1.615000e+02 1.881000e+02
1.640000e+02 1.884000e+02
1.665000e+02 1.887000e+02
1.690000e+02 1.890000e+02
1.717500e+02 1.893000e+02
1.745000e+02 1.896000e+02
1.775000e+02 1.899000e+02
1.805000e+02 1.902000e+02
1.847500e+02 1.908000e+02
1.890000e+02 1.914000e+02
1.902500e+02 1.914000e+02
1.915000e+02 1.914000e+02
1.945000e+02 1.917000e+02
1.975000e+02 1.920000e+02
2.007500e+02 1.923000e+02
2.040000e+02 1.926000e+02
2.055000e+02 1.929000e+02
2.070000e+02 1.932000e+02
2.117500e+02 1.935000e+02
2.165000e+02 1.938000e+02
2.182500e+02 1.941000e+02
2.200000e+02 1.944000e+02
2.250000e+02 1.953000e+02
2.300000e+02 1.962000e+02
2.335000e+02 1.968000e+02
2.370000e+02 1.974000e+02
2.410000e+02 1.983000e+02
2.450000e+02 1.992000e+02
2.482500e+02 2.001000e+02
2.515000e+02 2.010000e+02
2.535000e+02 2.013000e+02
2.555000e+02 2.016000e+02
2.605000e+02 2.028000e+02
2.655000e+02 2.040000e+02
2.690000e+02 2.046000e+02
2.725000e+02 2.052000e+02
2.760000e+02 2.061000e+02
2.795000e+02 2.070000e+02
2.810000e+02 2.073000e+02
2.825000e+02 2.076000e+02
2.860000e+02 2.082000e+02
2.895000e+02 2.088000e+02
2.927500e+02 2.094000e+02
2.960000e+02 2.100000e+02
2.995000e+02 2.109000e+02
3.030000e+02 2.118000e+02
3.062500e+02 2.124000e+02
3.095000e+02 2.130000e+02
3.130000e+02 2.133000e+02
3.165000e+02 2.136000e+02
3.210000e+02 2.142000e+02
3.255000e+02 2.148000e+02
3.287500e+02 2.151000e+02
3.320000e+02 2.154000e+02
3.335000e+02 2.154000e+02
3.350000e+02 2.154000e+02
3.385000e+02 2.154000e+02
3.420000e+02 2.154000e+02
3.447500e+02 2.154000e+02
3.475000e+02 2.154000e+02
3.490000e+02 2.154000e+02
3.505000e+02 2.154000e+02
3.537500e+02 2.154000e+02
3.570000e+02 2.154000e+02
3.615000e+02 2.154000e+02
3.660000e+02 2.154000e+02
3.677500e+02 2.154000e+02
3.695000e+02 2.154000e+02
3.742500e+02 2.154000e+02
3.790000e+02 2.154000e+02
3.835000e+02 2.154000e+02
3.880000e+02 2.154000e+02
3.912500e+02 2.154000e+02
3.945000e+02 2.154000e+02
3.977500e+02 2.154000e+02
4.010000e+02 2.154000e+02
4.042500e+02 2.154000e+02
4.075000e+02 2.154000e+02
4.107500e+02 2.151000e+02
4.140000e+02 2.148000e+02
4.172500e+02 2.145000e+02
4.205000e+02 2.142000e+02
4.235000e+02 2.139000e+02
4.265000e+02 2.136000e+02
4.297500e+02 2.130000e+02
4.330000e+02 2.124000e+02
4.362500e+02 2.118000e+02
4.395000e+02 2.112000e+02
4.425000e+02 2.106000e+02
4.455000e+02 2.100000e+02
4.500000e+02 2.088000e+02
4.545000e+02 2.076000e+02
4.587500e+02 2.064000e+02
4.630000e+02 2.052000e+02
4.657500e+02 2.043000e+02
4.685000e+02 2.034000e+02
4.725000e+02 2.025000e+02
4.765000e+02 2.016000e+02
4.777500e+02 2.010000e+02
4.790000e+02 2.004000e+02
4.815000e+02 2.001000e+02
4.840000e+02 1.998000e+02
4.865000e+02 1.992000e+02
4.890000e+02 1.986000e+02
4.912500e+02 1.980000e+02
4.935000e+02 1.974000e+02
4.957500e+02 1.971000e+02
4.980000e+02 1.968000e+02
5.000000e+02 1.965000e+02
5.020000e+02 1.962000e+02
5.040000e+02 1.959000e+02
5.060000e+02 1.956000e+02
5.080000e+02 1.953000e+02
5.100000e+02 1.950000e+02
5.120000e+02 1.944000e+02
5.140000e+02 1.938000e+02
5.160000e+02 1.935000e+02
5.180000e+02 1.932000e+02
5.197500e+02 1.929000e+02
5.215000e+02 1.926000e+02
5.232500e+02 1.923000e+02
5.250000e+02 1.920000e+02
5.277500e+02 1.914000e+02
5.305000e+02 1.908000e+02
5.320000e+02 1.902000e+02
5.335000e+02 1.896000e+02
5.357500e+02 1.884000e+02
5.380000e+02 1.872000e+02
5.395000e+02 1.863000e+02
5.410000e+02 1.854000e+02
5.425000e+02 1.842000e+02
5.440000e+02 1.830000e+02
5.452500e+02 1.821000e+02
5.465000e+02 1.812000e+02
5.477500e+02 1.800000e+02
5.490000e+02 1.788000e+02
5.497500e+02 1.779000e+02
5.505000e+02 1.770000e+02
5.512500e+02 1.761000e+02
5.520000e+02 1.752000e+02
5.522500e+02 1.746000e+02
5.525000e+02 1.740000e+02
5.530000e+02 1.734000e+02
5.535000e+02 1.728000e+02
5.535000e+02 1.719000e+02
5.535000e+02 1.710000e+02
5.535000e+02 1.707000e+02
5.535000e+02 1.704000e+02
5.535000e+02 1.704000e+02
5.535000e+02 1.704000e+02
1.310000e+02 1.860000e+02
1.310000e+02 1.860000e+02
1.310000e+02 1.860000e+02
1.310000e+02 1.860000e+02
1.310000e+02 1.860000e+02
1.308750e+02 1.860000e+02
1.307500e+02 1.860000e+02
1.306250e+02 1.860000e+02
1.305000e+02 1.860000e+02
1.303750e+02 1.860000e+02
1.302500e+02 1.860000e+02
1.301250e+02 1.860000e+02
1.300000e+02 1.860000e+02
1.300000e+02 1.861500e+02
1.300000e+02 1.863000e+02
1.300000e+02 1.864500e+02
1.300000e+02 1.866000e+02
1.300000e+02 1.866000e+02
1.300000e+02 1.866000e+02
1.300000e+02 1.866000e+02
1.300000e+02 1.866000e+02
1.300000e+02 1.866000e+02
1.300000e+02 1.866000e+02
1.300000e+02 1.866000e+02
1.300000e+02 1.866000e+02
1.301250e+02 1.866000e+02
1.302500e+02 1.866000e+02
1.303750e+02 1.866000e+02
1.305000e+02 1.866000e+02
1.308750e+02 1.866000e+02
1.312500e+02 1.866000e+02
1.316250e+02 1.866000e+02
1.320000e+02 1.866000e+02
1.330000e+02 1.867500e+02
1.340000e+02 1.869000e+02
1.350000e+02 1.870500e+02
1.360000e+02 1.872000e+02
1.367500e+02 1.872000e+02
1.375000e+02 1.872000e+02
1.390000e+02 1.872000e+02
1.407500e+02 1.872000e+02
1.425000e+02 1.872000e+02
1.445000e+02 1.872000e+02
1.465000e+02 1.872000e+02
1.482500e+02 1.875000e+02
1.500000e+02 1.878000e+02
1.522500e+02 1.878000e+02
1.545000e+02 1.878000e+02
1.567500e+02 1.878000e+02
1.590000e+02 1.878000e+02
1.615000e+02 1.881000e+02
1.640000e+02 1.884000e+02
1.665000e+02 1.887000e+02
1.690000e+02 1.890000e+02
1.717500e+02 1.893000e+02
1.745000e+02 1.896000e+02
1.775000e+02 1.899000e+02
1.805000e+02 1.902000e+02
1.847500e+02 1.908000e+02
1.890000e+02 1.914000e+02
1.902500e+02 1.914000e+02
1.915000e+02 1.914000e+02
1.945000e+02 1.917000e+02
1.975000e+02 1.920000e+02
2.007500e+02 1.923000e+02
2.040000e+02 1.926000e+02
2.055000e+02 1.929000e+02
2.070000e+02 1.932000e+02
2.117500e+02 1.935000e+02
2.165000e+02 1.938000e+02
2.182500e+02 1.941000e+02
2.200000e+02 1.944000e+02
2.250000e+02 1.953000e+02
2.300000e+02 1.962000e+02
2.335000e+02 1.968000e+02
2.370000e+02 1.974000e+02
2.410000e+02 1.983000e+02
2.450000e+02 1.992000e+02
2.482500e+02 2.001000e+02
2.515000e+02 2.010000e+02
2.535000e+02 2.013000e+02
2.555000e+02 2.016000e+02
2.605000e+02 2.028000e+02
2.655000e+02 2.040000e+02
2.690000e+02 2.046000e+02
2.725000e+02 2.052000e+02
2.760000e+02 2.061000e+02
2.795000e+02 2.070000e+02
2.810000e+02 2.073000e+02
2.825000e+02 2.076000e+02
2.860000e+02 2.082000e+02
2.895000e+02 2.088000e+02
2.927500e+02 2.094000e+02
2.960000e+02 2.100000e+02
2.995000e+02 2.109000e+02
3.030000e+02 2.118000e+02
3.062500e+02 2.124000e+02
3.095000e+02 2.130000e+02
3.130000e+02 2.133000e+02
3.165000e+02 2.136000e+02
3.210000e+02 2.142000e+02
3.255000e+02 2.148000e+02
3.287500e+02 2.151000e+02
3.320000e+02 2.154000e+02
3.335000e+02 2.154000e+02
3.350000e+02 2.154000e+02
3.385000e+02 2.154000e+02
3.420000e+02 2.154000e+02
3.447500e+02 2.154000e+02
3.475000e+02 2.154000e+02
3.490000e+02 2.154000e+02
3.505000e+02 2.154000e+02
3.537500e+02 2.154000e+02
3.570000e+02 2.154000e+02
3.615000e+02 2.154000e+02
3.660000e+02 2.154000e+02
3.677500e+02 2.154000e+02
3.695000e+02 2.154000e+02
3.742500e+02 2.154000e+02
3.790000e+02 2.154000e+02
3.835000e+02 2.154000e+02
3.880000e+02 2.154000e+02
3.912500e+02 2.154000e+02
3.945000e+02 2.154000e+02
3.977500e+02 2.154000e+02
4.010000e+02 2.154000e+02
4.042500e+02 2.154000e+02
4.075000e+02 2.154000e+02
4.107500e+02 2.151000e+02
4.140000e+02 2.148000e+02
4.172500e+02 2.145000e+02
4.205000e+02 2.142000e+02
4.235000e+02 2.139000e+02
4.265000e+02 2.136000e+02
4.297500e+02 2.130000e+02
4.330000e+02 2.124000e+02
4.362500e+02 2.118000e+02
4.395000e+02 2.112000e+02
4.425000e+02 2.106000e+02
4.455000e+02 2.100000e+02
4.500000e+02 2.088000e+02
4.545000e+02 2.076000e+02
4.587500e+02 2.064000e+02
4.630000e+02 2.052000e+02
4.657500e+02 2.043000e+02
4.685000e+02 2.034000e+02
4.725000e+02 2.025000e+02
4.765000e+02 2.016000e+02
4.777500e+02 2.010000e+02
4.790000e+02 2.004000e+02
4.815000e+02 2.001000e+02
4.840000e+02 1.998000e+02
4.865000e+02 1.992000e+02
4.890000e+02 1.986000e+02
4.912500e+02 1.980000e+02
4.935000e+02 1.974000e+02
4.957500e+02 1.971000e+02
4.980000e+02 1.968000e+02
5.000000e+02 1.965000e+02
5.020000e+02 1.962000e+02
5.040000e+02 1.959000e+02
5.060000e+02 1.956000e+02
5.080000e+02 1.953000e+02
5.100000e+02 1.950000e+02
5.120000e+02 1.944000e+02
5.140000e+02 1.938000e+02
5.160000e+02 1.935000e+02
5.180000e+02 1.932000e+02
5.197500e+02 1.929000e+02
5.215000e+02 1.926000e+02
5.232500e+02 1.923000e+02
5.250000e+02 1.920000e+02
5.277500e+02 1.914000e+02
5.305000e+02 1.908000e+02
5.320000e+02 1.902000e+02
5.335000e+02 1.896000e+02
5.357500e+02 1.884000e+02
5.380000e+02 1.872000e+02
5.395000e+02 1.863000e+02
5.410000e+02 1.854000e+02
5.425000e+02 1.842000e+02
5.440000e+02 1.830000e+02
5.452500e+02 1.821000e+02
5.465000e+02 1.812000e+02
5.477500e+02 1.800000e+02
5.490000e+02 1.788000e+02
5.497500e+02 1.779000e+02
5.505000e+02 1.770000e+02
5.512500e+02 1.761000e+02
5.520000e+02 1.752000e+02
5.522500e+02 1.746000e+02
5.525000e+02 1.740000e+02
5.530000e+02 1.734000e+02
5.535000e+02 1.728000e+02
5.535000e+02 1.719000e+02
5.535000e+02 1.710000e+02
5.535000e+02 1.707000e+02
5.535000e+02 1.704000e+02
5.535000e+02 1.704000e+02
5.535000e+02 1.704000e+02
