3.240000e+02 3.780000e+02
3.240000e+02 3.780000e+02
3.240000e+02 3.780000e+02
3.240000e+02 3.780000e+02
3.240000e+02 3.780000e+02
3.240000e+02 3.780000e+02
3.240000e+02 3.780000e+02
3.240000e+02 3.780000e+02
3.240000e+02 3.780000e+02
3.240000e+02 3.780000e+02
3.240000e+02 3.780000e+02
3.240000e+02 3.780000e+02
3.240000e+02 3.780000e+02
3.238750e+02 3.780000e+02
3.237500e+02 3.780000e+02
3.236250e+02 3.780000e+02
3.235000e+02 3.780000e+02
3.235000e+02 3.778500e+02
3.235000e+02 3.777000e+02
3.235000e+02 3.775500e+02
3.235000e+02 3.774000e+02
3.235000e+02 3.774000e+02
3.235000e+02 3.774000e+02
3.235000e+02 3.774000e+02
3.235000e+02 3.774000e+02
3.235000e+02 3.772500e+02
3.235000e+02 3.771000e+02
3.235000e+02 3.769500e+02
3.235000e+02 3.768000e+02
3.233750e+02 3.766500e+02
3.232500e+02 3.765000e+02
3.231250e+02 3.763500e+02
3.230000e+02 3.762000e+02
3.230000e+02 3.759000e+02
3.230000e+02 3.756000e+02
3.230000e+02 3.753000e+02
3.230000e+02 3.750000e+02
3.228750e+02 3.745500e+02
3.227500e+02 3.741000e+02
3.226250e+02 3.736500e+02
3.225000e+02 3.732000e+02
3.225000e+02 3.724500e+02
3.225000e+02 3.717000e+02
3.225000e+02 3.709500e+02
3.225000e+02 3.702000e+02
3.225000e+02 3.688500e+02
3.225000e+02 3.675000e+02
3.225000e+02 3.661500e+02
3.225000e+02 3.648000e+02
3.225000e+02 3.637500e+02
3.225000e+02 3.627000e+02
3.225000e+02 3.616500e+02
3.225000e+02 3.606000e+02
3.225000e+02 3.595500e+02
3.225000e+02 3.585000e+02
3.225000e+02 3.574500e+02
3.225000e+02 3.564000e+02
3.226250e+02 3.546000e+02
3.227500e+02 3.528000e+02
3.228750e+02 3.510000e+02
3.230000e+02 3.492000e+02
3.230000e+02 3.487500e+02
3.230000e+02 3.483000e+02
3.230000e+02 3.478500e+02
3.230000e+02 3.474000e+02
3.230000e+02 3.462000e+02
3.230000e+02 3.450000e+02
3.230000e+02 3.438000e+02
3.230000e+02 3.426000e+02
3.230000e+02 3.414000e+02
3.230000e+02 3.402000e+02
3.230000e+02 3.378000e+02
3.232500e+02 3.354000e+02
3.235000e+02 3.330000e+02
3.235000e+02 3.303000e+02
3.235000e+02 3.276000e+02
3.235000e+02 3.249000e+02
3.235000e+02 3.222000e+02
3.235000e+02 3.195000e+02
3.235000e+02 3.168000e+02
3.235000e+02 3.141000e+02
3.235000e+02 3.114000e+02
3.235000e+02 3.084000e+02
3.235000e+02 3.054000e+02
3.235000e+02 3.009000e+02
3.235000e+02 2.964000e+02
3.235000e+02 2.934000e+02
3.235000e+02 2.904000e+02
3.235000e+02 2.889000e+02
3.235000e+02 2.874000e+02
3.235000e+02 2.844000e+02
3.235000e+02 2.814000e+02
3.235000e+02 2.781000e+02
3.235000e+02 2.748000e+02
3.235000e+02 2.718000e+02
3.235000e+02 2.688000e+02
3.235000e+02 2.646000e+02
3.235000e+02 2.604000e+02
3.235000e+02 2.589000e+02
3.235000e+02 2.574000e+02
3.235000e+02 2.550000e+02
3.235000e+02 2.526000e+02
3.235000e+02 2.493000e+02
3.235000e+02 2.460000e+02
3.235000e+02 2.433000e+02
3.235000e+02 2.406000e+02
3.235000e+02 2.379000e+02
3.235000e+02 2.352000e+02
3.237500e+02 2.325000e+02
3.240000e+02 2.298000e+02
3.240000e+02 2.274000e+02
3.240000e+02 2.250000e+02
3.240000e+02 2.223000e+02
3.240000e+02 2.196000e+02
3.240000e+02 2.172000e+02
3.240000e+02 2.148000e+02
3.237500e+02 2.124000e+02
3.235000e+02 2.100000e+02
3.235000e+02 2.076000e+02
3.235000e+02 2.052000e+02
3.235000e+02 2.031000e+02
3.235000e+02 2.010000e+02
3.235000e+02 1.989000e+02
3.235000e+02 1.968000e+02
3.235000e+02 1.947000e+02
3.235000e+02 1.926000e+02
3.232500e+02 1.905000e+02
3.230000e+02 1.884000e+02
3.230000e+02 1.854000e+02
3.230000e+02 1.824000e+02
3.230000e+02 1.803000e+02
3.230000e+02 1.782000e+02
3.230000e+02 1.755000e+02
3.230000e+02 1.728000e+02
3.230000e+02 1.710000e+02
3.230000e+02 1.692000e+02
3.230000e+02 1.677000e+02
3.230000e+02 1.662000e+02
3.230000e+02 1.644000e+02
3.230000e+02 1.626000e+02
3.230000e+02 1.614000e+02
3.230000e+02 1.602000e+02
3.230000e+02 1.590000e+02
3.230000e+02 1.578000e+02
3.230000e+02 1.563000e+02
3.230000e+02 1.548000e+02
3.230000e+02 1.536000e+02
3.230000e+02 1.524000e+02
3.230000e+02 1.509000e+02
3.230000e+02 1.494000e+02
3.230000e+02 1.482000e+02
3.230000e+02 1.470000e+02
3.230000e+02 1.458000e+02
3.230000e+02 1.446000e+02
3.230000e+02 1.437000e+02
3.230000e+02 1.428000e+02
3.230000e+02 1.419000e+02
3.230000e+02 1.410000e+02
3.230000e+02 1.404000e+02
3.230000e+02 1.398000e+02
3.230000e+02 1.389000e+02
3.230000e+02 1.380000e+02
3.230000e+02 1.374000e+02
3.230000e+02 1.368000e+02
3.230000e+02 1.356000e+02
3.230000e+02 1.344000e+02
3.230000e+02 1.338000e+02
3.230000e+02 1.332000e+02
3.230000e+02 1.323000e+02
3.230000e+02 1.314000e+02
3.230000e+02 1.308000e+02
3.230000e+02 1.302000e+02
3.230000e+02 1.299000e+02
3.230000e+02 1.296000e+02
3.227500e+02 1.290000e+02
3.225000e+02 1.284000e+02
3.225000e+02 1.278000e+02
3.225000e+02 1.272000e+02
3.225000e+02 1.269000e+02
3.225000e+02 1.266000e+02
3.225000e+02 1.263000e+02
3.225000e+02 1.260000e+02
3.225000e+02 1.257000e+02
3.225000e+02 1.254000e+02
3.225000e+02 1.251000e+02
3.225000e+02 1.248000e+02
3.225000e+02 1.245000e+02
3.225000e+02 1.242000e+02
3.225000e+02 1.239000e+02
3.225000e+02 1.236000e+02
3.225000e+02 1.236000e+02
3.225000e+02 1.236000e+02
3.225000e+02 1.236000e+02
3.225000e+02 1.236000e+02
3.225000e+02 1.233000e+02
3.225000e+02 1.230000e+02
3.227500e+02 1.233000e+02
3.230000e+02 1.236000e+02
3.230000e+02 1.236000e+02
3.230000e+02 1.236000e+02
