4.880000e+02 1.830000e+02
4.880000e+02 1.830000e+02
4.885000e+02 1.830000e+02
4.890000e+02 1.824000e+02
4.895000e+02 1.812000e+02
4.905000e+02 1.788000e+02
4.915000e+02 1.764000e+02
4.920000e+02 1.740000e+02
4.925000e+02 1.704000e+02
4.930000e+02 1.662000e+02
4.925000e+02 1.614000e+02
4.915000e+02 1.560000e+02
4.900000e+02 1.506000e+02
4.885000e+02 1.452000e+02
4.865000e+02 1.404000e+02
4.845000e+02 1.362000e+02
4.815000e+02 1.308000e+02
4.790000e+02 1.260000e+02
4.760000e+02 1.206000e+02
4.730000e+02 1.158000e+02
4.690000e+02 1.110000e+02
4.635000e+02 1.032000e+02
4.590000e+02 9.780000e+01
4.550000e+02 9.300000e+01
4.500000e+02 8.760000e+01
4.425000e+02 8.160000e+01
4.385000e+02 7.860000e+01
4.315000e+02 7.440000e+01
4.240000e+02 7.080000e+01
4.160000e+02 6.720000e+01
4.060000e+02 6.480000e+01
3.915000e+02 6.120000e+01
3.810000e+02 5.880000e+01
3.680000e+02 5.640000e+01
3.570000e+02 5.400000e+01
3.490000e+02 5.280000e+01
3.380000e+02 5.100000e+01
3.270000e+02 4.920000e+01
3.160000e+02 4.800000e+01
3.020000e+02 4.740000e+01
2.855000e+02 4.680000e+01
2.745000e+02 4.740000e+01
2.640000e+02 4.860000e+01
2.540000e+02 4.980000e+01
2.435000e+02 5.160000e+01
2.335000e+02 5.460000e+01
2.240000e+02 5.820000e+01
2.150000e+02 6.120000e+01
2.065000e+02 6.420000e+01
1.970000e+02 6.780000e+01
1.865000e+02 7.320000e+01
1.760000e+02 7.920000e+01
1.685000e+02 8.460000e+01
1.605000e+02 9.060000e+01
1.530000e+02 9.720000e+01
1.470000e+02 1.020000e+02
1.385000e+02 1.110000e+02
1.315000e+02 1.188000e+02
1.240000e+02 1.290000e+02
1.185000e+02 1.374000e+02
1.135000e+02 1.464000e+02
1.085000e+02 1.554000e+02
1.045000e+02 1.638000e+02
1.005000e+02 1.746000e+02
9.800000e+01 1.806000e+02
9.500000e+01 1.890000e+02
9.300000e+01 1.956000e+02
9.050000e+01 2.070000e+02
8.850000e+01 2.190000e+02
8.700000e+01 2.280000e+02
8.600000e+01 2.406000e+02
8.550000e+01 2.502000e+02
8.550000e+01 2.604000e+02
8.600000e+01 2.724000e+02
8.700000e+01 2.844000e+02
8.800000e+01 2.934000e+02
9.000000e+01 3.024000e+02
9.300000e+01 3.138000e+02
9.700000e+01 3.228000e+02
1.010000e+02 3.318000e+02
1.060000e+02 3.408000e+02
1.115000e+02 3.492000e+02
1.165000e+02 3.552000e+02
1.255000e+02 3.648000e+02
1.335000e+02 3.714000e+02
1.425000e+02 3.768000e+02
1.515000e+02 3.810000e+02
1.620000e+02 3.846000e+02
1.755000e+02 3.876000e+02
1.900000e+02 3.894000e+02
2.015000e+02 3.906000e+02
2.135000e+02 3.906000e+02
2.225000e+02 3.906000e+02
2.340000e+02 3.900000e+02
2.460000e+02 3.894000e+02
2.600000e+02 3.888000e+02
2.690000e+02 3.882000e+02
2.830000e+02 3.870000e+02
2.950000e+02 3.858000e+02
3.070000e+02 3.840000e+02
3.220000e+02 3.810000e+02
3.370000e+02 3.768000e+02
3.460000e+02 3.744000e+02
3.570000e+02 3.708000e+02
3.665000e+02 3.678000e+02
3.755000e+02 3.648000e+02
3.845000e+02 3.612000e+02
3.920000e+02 3.582000e+02
3.955000e+02 3.570000e+02
3.990000e+02 3.552000e+02
4.030000e+02 3.534000e+02
4.065000e+02 3.516000e+02
4.105000e+02 3.498000e+02
4.145000e+02 3.474000e+02
4.185000e+02 3.450000e+02
4.220000e+02 3.426000e+02
4.275000e+02 3.390000e+02
4.315000e+02 3.360000e+02
4.335000e+02 3.342000e+02
4.400000e+02 3.300000e+02
4.440000e+02 3.270000e+02
4.480000e+02 3.240000e+02
4.525000e+02 3.210000e+02
4.565000e+02 3.180000e+02
4.605000e+02 3.156000e+02
4.640000e+02 3.126000e+02
4.680000e+02 3.096000e+02
4.715000e+02 3.072000e+02
4.750000e+02 3.042000e+02
4.785000e+02 3.012000e+02
4.815000e+02 2.982000e+02
4.840000e+02 2.952000e+02
4.870000e+02 2.928000e+02
4.895000e+02 2.898000e+02
4.925000e+02 2.868000e+02
4.955000e+02 2.832000e+02
4.980000e+02 2.808000e+02
5.005000e+02 2.778000e+02
5.040000e+02 2.730000e+02
5.055000e+02 2.718000e+02
5.075000e+02 2.688000e+02
5.090000e+02 2.664000e+02
5.110000e+02 2.640000e+02
5.120000e+02 2.616000e+02
5.130000e+02 2.604000e+02
5.140000e+02 2.574000e+02
5.150000e+02 2.550000e+02
5.160000e+02 2.526000e+02
5.165000e+02 2.508000e+02
5.170000e+02 2.490000e+02
5.175000e+02 2.466000e+02
5.180000e+02 2.448000e+02
5.185000e+02 2.424000e+02
5.190000e+02 2.406000e+02
5.190000e+02 2.388000e+02
5.195000e+02 2.364000e+02
5.195000e+02 2.346000e+02
5.200000e+02 2.322000e+02
5.200000e+02 2.310000e+02
5.205000e+02 2.292000e+02
5.205000e+02 2.274000e+02
5.210000e+02 2.256000e+02
5.210000e+02 2.238000e+02
5.215000e+02 2.226000e+02
5.215000e+02 2.208000e+02
5.215000e+02 2.190000e+02
5.215000e+02 2.184000e+02
5.215000e+02 2.172000e+02
5.215000e+02 2.160000e+02
5.210000e+02 2.148000e+02
5.210000e+02 2.130000e+02
5.210000e+02 2.112000e+02
5.205000e+02 2.088000e+02
5.200000e+02 2.076000e+02
5.200000e+02 2.064000e+02
5.195000e+02 2.052000e+02
5.195000e+02 2.040000e+02
5.190000e+02 2.028000e+02
5.190000e+02 2.016000e+02
5.190000e+02 2.004000e+02
5.185000e+02 1.992000e+02
5.185000e+02 1.986000e+02
5.180000e+02 1.974000e+02
5.180000e+02 1.968000e+02
5.180000e+02 1.962000e+02
5.175000e+02 1.950000e+02
5.175000e+02 1.944000e+02
5.175000e+02 1.938000e+02
5.170000e+02 1.938000e+02
5.170000e+02 1.932000e+02
5.170000e+02 1.926000e+02
5.165000e+02 1.926000e+02
5.165000e+02 1.926000e+02
5.165000e+02 1.920000e+02
5.160000e+02 1.920000e+02
5.160000e+02 1.920000e+02
5.160000e+02 1.914000e+02
5.160000e+02 1.914000e+02
5.155000e+02 1.914000e+02
5.155000e+02 1.914000e+02
4.880000e+02 1.830000e+02
4.880000e+02 1.830000e+02
4.885000e+02 1.830000e+02
4.890000e+02 1.824000e+02
4.895000e+02 1.812000e+02
4.905000e+02 1.788000e+02
4.915000e+02 1.764000e+02
4.920000e+02 1.740000e+02
4.925000e+02 1.704000e+02
4.930000e+02 1.662000e+02
4.925000e+02 1.614000e+02
4.915000e+02 1.560000e+02
4.900000e+02 1.506000e+02
4.885000e+02 1.452000e+02
4.865000e+02 1.404000e+02
4.845000e+02 1.362000e+02
4.815000e+02 1.308000e+02
4.790000e+02 1.260000e+02
4.760000e+02 1.206000e+02
4.730000e+02 1.158000e+02
4.690000e+02 1.110000e+02
4.635000e+02 1.032000e+02
4.590000e+02 9.780000e+01
4.550000e+02 9.300000e+01
4.500000e+02 8.760000e+01
4.425000e+02 8.160000e+01
4.385000e+02 7.860000e+01
4.315000e+02 7.440000e+01
4.240000e+02 7.080000e+01
4.160000e+02 6.720000e+01
4.060000e+02 6.480000e+01
3.915000e+02 6.120000e+01
3.810000e+02 5.880000e+01
3.680000e+02 5.640000e+01
3.570000e+02 5.400000e+01
3.490000e+02 5.280000e+01
3.380000e+02 5.100000e+01
3.270000e+02 4.920000e+01
3.160000e+02 4.800000e+01
3.020000e+02 4.740000e+01
2.855000e+02 4.680000e+01
2.745000e+02 4.740000e+01
2.640000e+02 4.860000e+01
2.540000e+02 4.980000e+01
2.435000e+02 5.160000e+01
2.335000e+02 5.460000e+01
2.240000e+02 5.820000e+01
2.150000e+02 6.120000e+01
2.065000e+02 6.420000e+01
1.970000e+02 6.780000e+01
1.865000e+02 7.320000e+01
1.760000e+02 7.920000e+01
1.685000e+02 8.460000e+01
1.605000e+02 9.060000e+01
1.530000e+02 9.720000e+01
1.470000e+02 1.020000e+02
1.385000e+02 1.110000e+02
1.315000e+02 1.188000e+02
1.240000e+02 1.290000e+02
1.185000e+02 1.374000e+02
1.135000e+02 1.464000e+02
1.085000e+02 1.554000e+02
1.045000e+02 1.638000e+02
1.005000e+02 1.746000e+02
9.800000e+01 1.806000e+02
9.500000e+01 1.890000e+02
9.300000e+01 1.956000e+02
9.050000e+01 2.070000e+02
8.850000e+01 2.190000e+02
8.700000e+01 2.280000e+02
8.600000e+01 2.406000e+02
8.550000e+01 2.502000e+02
8.550000e+01 2.604000e+02
8.600000e+01 2.724000e+02
8.700000e+01 2.844000e+02
8.800000e+01 2.934000e+02
9.000000e+01 3.024000e+02
9.300000e+01 3.138000e+02
9.700000e+01 3.228000e+02
1.010000e+02 3.318000e+02
1.060000e+02 3.408000e+02
1.115000e+02 3.492000e+02
1.165000e+02 3.552000e+02
1.255000e+02 3.648000e+02
1.335000e+02 3.714000e+02
1.425000e+02 3.768000e+02
1.515000e+02 3.810000e+02
1.620000e+02 3.846000e+02
1.755000e+02 3.876000e+02
1.900000e+02 3.894000e+02
2.015000e+02 3.906000e+02
2.135000e+02 3.906000e+02
2.225000e+02 3.906000e+02
2.340000e+02 3.900000e+02
2.460000e+02 3.894000e+02
2.600000e+02 3.888000e+02
2.690000e+02 3.882000e+02
2.830000e+02 3.870000e+02
2.950000e+02 3.858000e+02
3.070000e+02 3.840000e+02
3.220000e+02 3.810000e+02
3.370000e+02 3.768000e+02
3.460000e+02 3.744000e+02
3.570000e+02 3.708000e+02
3.665000e+02 3.678000e+02
3.755000e+02 3.648000e+02
3.845000e+02 3.612000e+02
3.920000e+02 3.582000e+02
3.955000e+02 3.570000e+02
3.990000e+02 3.552000e+02
4.030000e+02 3.534000e+02
4.065000e+02 3.516000e+02
4.105000e+02 3.498000e+02
4.145000e+02 3.474000e+02
4.185000e+02 3.450000e+02
4.220000e+02 3.426000e+02
4.275000e+02 3.390000e+02
4.315000e+02 3.360000e+02
4.335000e+02 3.342000e+02
4.400000e+02 3.300000e+02
4.440000e+02 3.270000e+02
4.480000e+02 3.240000e+02
4.525000e+02 3.210000e+02
4.565000e+02 3.180000e+02
4.605000e+02 3.156000e+02
4.640000e+02 3.126000e+02
4.680000e+02 3.096000e+02
4.715000e+02 3.072000e+02
4.750000e+02 3.042000e+02
4.785000e+02 3.012000e+02
4.815000e+02 2.982000e+02
4.840000e+02 2.952000e+02
4.870000e+02 2.928000e+02
4.895000e+02 2.898000e+02
4.925000e+02 2.868000e+02
4.955000e+02 2.832000e+02
4.980000e+02 2.808000e+02
5.005000e+02 2.778000e+02
5.040000e+02 2.730000e+02
5.055000e+02 2.718000e+02
5.075000e+02 2.688000e+02
5.090000e+02 2.664000e+02
5.110000e+02 2.640000e+02
5.120000e+02 2.616000e+02
5.130000e+02 2.604000e+02
5.140000e+02 2.574000e+02
5.150000e+02 2.550000e+02
5.160000e+02 2.526000e+02
5.165000e+02 2.508000e+02
5.170000e+02 2.490000e+02
5.175000e+02 2.466000e+02
5.180000e+02 2.448000e+02
5.185000e+02 2.424000e+02
5.190000e+02 2.406000e+02
5.190000e+02 2.388000e+02
5.195000e+02 2.364000e+02
5.195000e+02 2.346000e+02
5.200000e+02 2.322000e+02
5.200000e+02 2.310000e+02
5.205000e+02 2.292000e+02
5.205000e+02 2.274000e+02
5.210000e+02 2.256000e+02
5.210000e+02 2.238000e+02
5.215000e+02 2.226000e+02
5.215000e+02 2.208000e+02
5.215000e+02 2.190000e+02
5.215000e+02 2.184000e+02
5.215000e+02 2.172000e+02
5.215000e+02 2.160000e+02
5.210000e+02 2.148000e+02
5.210000e+02 2.130000e+02
5.210000e+02 2.112000e+02
5.205000e+02 2.088000e+02
5.200000e+02 2.076000e+02
5.200000e+02 2.064000e+02
5.195000e+02 2.052000e+02
5.195000e+02 2.040000e+02
5.190000e+02 2.028000e+02
5.190000e+02 2.016000e+02
5.190000e+02 2.004000e+02
5.185000e+02 1.992000e+02
5.185000e+02 1.986000e+02
5.180000e+02 1.974000e+02
5.180000e+02 1.968000e+02
5.180000e+02 1.962000e+02
5.175000e+02 1.950000e+02
5.175000e+02 1.944000e+02
5.175000e+02 1.938000e+02
5.170000e+02 1.938000e+02
5.170000e+02 1.932000e+02
5.170000e+02 1.926000e+02
5.165000e+02 1.926000e+02
5.165000e+02 1.926000e+02
5.165000e+02 1.920000e+02
5.160000e+02 1.920000e+02
5.160000e+02 1.920000e+02
5.160000e+02 1.914000e+02
5.160000e+02 1.914000e+02
5.155000e+02 1.914000e+02
5.155000e+02 1.914000e+02
4.880000e+02 1.830000e+02
4.880000e+02 1.830000e+02
4.885000e+02 1.830000e+02
4.890000e+02 1.824000e+02
4.895000e+02 1.812000e+02
4.905000e+02 1.788000e+02
4.915000e+02 1.764000e+02
4.920000e+02 1.740000e+02
4.925000e+02 1.704000e+02
4.930000e+02 1.662000e+02
4.925000e+02 1.614000e+02
4.915000e+02 1.560000e+02
4.900000e+02 1.506000e+02
4.885000e+02 1.452000e+02
4.865000e+02 1.404000e+02
4.845000e+02 1.362000e+02
4.815000e+02 1.308000e+02
4.790000e+02 1.260000e+02
4.760000e+02 1.206000e+02
4.730000e+02 1.158000e+02
4.690000e+02 1.110000e+02
4.635000e+02 1.032000e+02
4.590000e+02 9.780000e+01
4.550000e+02 9.300000e+01
4.500000e+02 8.760000e+01
4.425000e+02 8.160000e+01
4.385000e+02 7.860000e+01
4.315000e+02 7.440000e+01
4.240000e+02 7.080000e+01
4.160000e+02 6.720000e+01
4.060000e+02 6.480000e+01
3.915000e+02 6.120000e+01
3.810000e+02 5.880000e+01
3.680000e+02 5.640000e+01
3.570000e+02 5.400000e+01
3.490000e+02 5.280000e+01
3.380000e+02 5.100000e+01
3.270000e+02 4.920000e+01
3.160000e+02 4.800000e+01
3.020000e+02 4.740000e+01
2.855000e+02 4.680000e+01
2.745000e+02 4.740000e+01
2.640000e+02 4.860000e+01
2.540000e+02 4.980000e+01
2.435000e+02 5.160000e+01
2.335000e+02 5.460000e+01
2.240000e+02 5.820000e+01
2.150000e+02 6.120000e+01
2.065000e+02 6.420000e+01
1.970000e+02 6.780000e+01
1.865000e+02 7.320000e+01
1.760000e+02 7.920000e+01
1.685000e+02 8.460000e+01
1.605000e+02 9.060000e+01
1.530000e+02 9.720000e+01
1.470000e+02 1.020000e+02
1.385000e+02 1.110000e+02
1.315000e+02 1.188000e+02
1.240000e+02 1.290000e+02
1.185000e+02 1.374000e+02
1.135000e+02 1.464000e+02
1.085000e+02 1.554000e+02
1.045000e+02 1.638000e+02
1.005000e+02 1.746000e+02
9.800000e+01 1.806000e+02
9.500000e+01 1.890000e+02
9.300000e+01 1.956000e+02
9.050000e+01 2.070000e+02
8.850000e+01 2.190000e+02
8.700000e+01 2.280000e+02
8.600000e+01 2.406000e+02
8.550000e+01 2.502000e+02
8.550000e+01 2.604000e+02
8.600000e+01 2.724000e+02
8.700000e+01 2.844000e+02
8.800000e+01 2.934000e+02
9.000000e+01 3.024000e+02
9.300000e+01 3.138000e+02
9.700000e+01 3.228000e+02
1.010000e+02 3.318000e+02
1.060000e+02 3.408000e+02
1.115000e+02 3.492000e+02
1.165000e+02 3.552000e+02
1.255000e+02 3.648000e+02
1.335000e+02 3.714000e+02
1.425000e+02 3.768000e+02
1.515000e+02 3.810000e+02
1.620000e+02 3.846000e+02
1.755000e+02 3.876000e+02
1.900000e+02 3.894000e+02
2.015000e+02 3.906000e+02
2.135000e+02 3.906000e+02
2.225000e+02 3.906000e+02
2.340000e+02 3.900000e+02
2.460000e+02 3.894000e+02
2.600000e+02 3.888000e+02
2.690000e+02 3.882000e+02
2.830000e+02 3.870000e+02
2.950000e+02 3.858000e+02
3.070000e+02 3.840000e+02
3.220000e+02 3.810000e+02
3.370000e+02 3.768000e+02
3.460000e+02 3.744000e+02
3.570000e+02 3.708000e+02
3.665000e+02 3.678000e+02
3.755000e+02 3.648000e+02
3.845000e+02 3.612000e+02
3.920000e+02 3.582000e+02
3.955000e+02 3.570000e+02
3.990000e+02 3.552000e+02
4.030000e+02 3.534000e+02
4.065000e+02 3.516000e+02
4.105000e+02 3.498000e+02
4.145000e+02 3.474000e+02
4.185000e+02 3.450000e+02
4.220000e+02 3.426000e+02
4.275000e+02 3.390000e+02
4.315000e+02 3.360000e+02
4.335000e+02 3.342000e+02
4.400000e+02 3.300000e+02
4.440000e+02 3.270000e+02
4.480000e+02 3.240000e+02
4.525000e+02 3.210000e+02
4.565000e+02 3.180000e+02
4.605000e+02 3.156000e+02
4.640000e+02 3.126000e+02
4.680000e+02 3.096000e+02
4.715000e+02 3.072000e+02
4.750000e+02 3.042000e+02
4.785000e+02 3.012000e+02
4.815000e+02 2.982000e+02
4.840000e+02 2.952000e+02
4.870000e+02 2.928000e+02
4.895000e+02 2.898000e+02
4.925000e+02 2.868000e+02
4.955000e+02 2.832000e+02
4.980000e+02 2.808000e+02
5.005000e+02 2.778000e+02
5.040000e+02 2.730000e+02
5.055000e+02 2.718000e+02
5.075000e+02 2.688000e+02
5.090000e+02 2.664000e+02
5.110000e+02 2.640000e+02
5.120000e+02 2.616000e+02
5.130000e+02 2.604000e+02
5.140000e+02 2.574000e+02
5.150000e+02 2.550000e+02
5.160000e+02 2.526000e+02
5.165000e+02 2.508000e+02
5.170000e+02 2.490000e+02
5.175000e+02 2.466000e+02
5.180000e+02 2.448000e+02
5.185000e+02 2.424000e+02
5.190000e+02 2.406000e+02
5.190000e+02 2.388000e+02
5.195000e+02 2.364000e+02
5.195000e+02 2.346000e+02
5.200000e+02 2.322000e+02
5.200000e+02 2.310000e+02
5.205000e+02 2.292000e+02
5.205000e+02 2.274000e+02
5.210000e+02 2.256000e+02
5.210000e+02 2.238000e+02
5.215000e+02 2.226000e+02
5.215000e+02 2.208000e+02
5.215000e+02 2.190000e+02
5.215000e+02 2.184000e+02
5.215000e+02 2.172000e+02
5.215000e+02 2.160000e+02
5.210000e+02 2.148000e+02
5.210000e+02 2.130000e+02
5.210000e+02 2.112000e+02
5.205000e+02 2.088000e+02
5.200000e+02 2.076000e+02
5.200000e+02 2.064000e+02
5.195000e+02 2.052000e+02
5.195000e+02 2.040000e+02
5.190000e+02 2.028000e+02
5.190000e+02 2.016000e+02
5.190000e+02 2.004000e+02
5.185000e+02 1.992000e+02
5.185000e+02 1.986000e+02
5.180000e+02 1.974000e+02
5.180000e+02 1.968000e+02
5.180000e+02 1.962000e+02
5.175000e+02 1.950000e+02
5.175000e+02 1.944000e+02
5.175000e+02 1.938000e+02
5.170000e+02 1.938000e+02
5.170000e+02 1.932000e+02
5.170000e+02 1.926000e+02
5.165000e+02 1.926000e+02
5.165000e+02 1.926000e+02
5.165000e+02 1.920000e+02
5.160000e+02 1.920000e+02
5.160000e+02 1.920000e+02
5.160000e+02 1.914000e+02
5.160000e+02 1.914000e+02
5.155000e+02 1.914000e+02
5.155000e+02 1.914000e+02
