1.860000e+02 1.512000e+02
1.860000e+02 1.512000e+02
1.860000e+02 1.512000e+02
1.860000e+02 1.512000e+02
1.860000e+02 1.512000e+02
1.860000e+02 1.512000e+02
1.860000e+02 1.512000e+02
1.860000e+02 1.512000e+02
1.860000e+02 1.512000e+02
1.860000e+02 1.512000e+02
1.860000e+02 1.512000e+02
1.860000e+02 1.512000e+02
1.860000e+02 1.512000e+02
1.860000e+02 1.512000e+02
1.860000e+02 1.512000e+02
1.860000e+02 1.512000e+02
1.860000e+02 1.512000e+02
1.860000e+02 1.513500e+02
1.860000e+02 1.515000e+02
1.860000e+02 1.516500e+02
1.860000e+02 1.518000e+02
1.860000e+02 1.519500e+02
1.860000e+02 1.521000e+02
1.860000e+02 1.522500e+02
1.860000e+02 1.524000e+02
1.861250e+02 1.531500e+02
1.862500e+02 1.539000e+02
1.863750e+02 1.546500e+02
1.865000e+02 1.554000e+02
1.868750e+02 1.569000e+02
1.872500e+02 1.584000e+02
1.876250e+02 1.599000e+02
1.880000e+02 1.614000e+02
1.886250e+02 1.633500e+02
1.892500e+02 1.653000e+02
1.898750e+02 1.672500e+02
1.905000e+02 1.692000e+02
1.911250e+02 1.716000e+02
1.917500e+02 1.740000e+02
1.923750e+02 1.764000e+02
1.930000e+02 1.788000e+02
1.937500e+02 1.816500e+02
1.945000e+02 1.845000e+02
1.952500e+02 1.873500e+02
1.960000e+02 1.902000e+02
1.965000e+02 1.924500e+02
1.970000e+02 1.947000e+02
1.975000e+02 1.969500e+02
1.980000e+02 1.992000e+02
1.986250e+02 2.023500e+02
1.992500e+02 2.055000e+02
1.998750e+02 2.086500e+02
2.005000e+02 2.118000e+02
2.010000e+02 2.149500e+02
2.015000e+02 2.181000e+02
2.020000e+02 2.212500e+02
2.025000e+02 2.244000e+02
2.027500e+02 2.266500e+02
2.030000e+02 2.289000e+02
2.032500e+02 2.311500e+02
2.035000e+02 2.334000e+02
2.040000e+02 2.356500e+02
2.045000e+02 2.379000e+02
2.050000e+02 2.401500e+02
2.055000e+02 2.424000e+02
2.056250e+02 2.439000e+02
2.057500e+02 2.454000e+02
2.058750e+02 2.469000e+02
2.060000e+02 2.484000e+02
2.062500e+02 2.496000e+02
2.065000e+02 2.508000e+02
2.067500e+02 2.520000e+02
2.070000e+02 2.532000e+02
2.071250e+02 2.539500e+02
2.072500e+02 2.547000e+02
2.073750e+02 2.554500e+02
2.075000e+02 2.562000e+02
2.076250e+02 2.566500e+02
2.077500e+02 2.571000e+02
2.078750e+02 2.575500e+02
2.080000e+02 2.580000e+02
2.080000e+02 2.583000e+02
2.080000e+02 2.586000e+02
2.080000e+02 2.589000e+02
2.080000e+02 2.592000e+02
2.080000e+02 2.593500e+02
2.080000e+02 2.595000e+02
2.080000e+02 2.596500e+02
2.080000e+02 2.598000e+02
2.081250e+02 2.599500e+02
2.082500e+02 2.601000e+02
2.083750e+02 2.602500e+02
2.085000e+02 2.604000e+02
2.085000e+02 2.605500e+02
2.085000e+02 2.607000e+02
2.085000e+02 2.608500e+02
2.085000e+02 2.610000e+02
2.085000e+02 2.611500e+02
2.085000e+02 2.613000e+02
2.085000e+02 2.614500e+02
2.085000e+02 2.616000e+02
2.085000e+02 2.616000e+02
2.085000e+02 2.616000e+02
2.085000e+02 2.616000e+02
2.085000e+02 2.616000e+02
2.086250e+02 2.616000e+02
2.087500e+02 2.616000e+02
2.088750e+02 2.616000e+02
2.090000e+02 2.616000e+02
2.092500e+02 2.610000e+02
2.095000e+02 2.604000e+02
2.097500e+02 2.598000e+02
2.100000e+02 2.592000e+02
2.103750e+02 2.580000e+02
2.107500e+02 2.568000e+02
2.111250e+02 2.556000e+02
2.115000e+02 2.544000e+02
2.123750e+02 2.529000e+02
2.132500e+02 2.514000e+02
2.141250e+02 2.499000e+02
2.150000e+02 2.484000e+02
2.162500e+02 2.464500e+02
2.175000e+02 2.445000e+02
2.187500e+02 2.425500e+02
2.200000e+02 2.406000e+02
2.215000e+02 2.388000e+02
2.230000e+02 2.370000e+02
2.245000e+02 2.352000e+02
2.260000e+02 2.334000e+02
2.282500e+02 2.310000e+02
2.305000e+02 2.286000e+02
2.327500e+02 2.262000e+02
2.350000e+02 2.238000e+02
2.375000e+02 2.220000e+02
2.400000e+02 2.202000e+02
2.425000e+02 2.184000e+02
2.450000e+02 2.166000e+02
2.483750e+02 2.140500e+02
2.517500e+02 2.115000e+02
2.551250e+02 2.089500e+02
2.585000e+02 2.064000e+02
2.615000e+02 2.046000e+02
2.645000e+02 2.028000e+02
2.675000e+02 2.010000e+02
2.705000e+02 1.992000e+02
2.738750e+02 1.971000e+02
2.772500e+02 1.950000e+02
2.806250e+02 1.929000e+02
2.840000e+02 1.908000e+02
2.872500e+02 1.891500e+02
2.905000e+02 1.875000e+02
2.937500e+02 1.858500e+02
2.970000e+02 1.842000e+02
3.003750e+02 1.824000e+02
3.037500e+02 1.806000e+02
3.071250e+02 1.788000e+02
3.105000e+02 1.770000e+02
3.136250e+02 1.755000e+02
3.167500e+02 1.740000e+02
3.198750e+02 1.725000e+02
3.230000e+02 1.710000e+02
3.258750e+02 1.698000e+02
3.287500e+02 1.686000e+02
3.316250e+02 1.674000e+02
3.345000e+02 1.662000e+02
3.371250e+02 1.650000e+02
3.397500e+02 1.638000e+02
3.450000e+02 1.614000e+02
3.515000e+02 1.593000e+02
3.580000e+02 1.572000e+02
3.597500e+02 1.566000e+02
3.615000e+02 1.560000e+02
3.657500e+02 1.548000e+02
3.700000e+02 1.536000e+02
3.732500e+02 1.530000e+02
3.765000e+02 1.524000e+02
3.797500e+02 1.518000e+02
3.830000e+02 1.512000e+02
3.857500e+02 1.506000e+02
3.885000e+02 1.500000e+02
3.907500e+02 1.497000e+02
3.930000e+02 1.494000e+02
3.947500e+02 1.494000e+02
3.965000e+02 1.494000e+02
3.977500e+02 1.494000e+02
3.990000e+02 1.494000e+02
4.000000e+02 1.494000e+02
4.010000e+02 1.494000e+02
4.017500e+02 1.494000e+02
4.025000e+02 1.494000e+02
4.030000e+02 1.494000e+02
4.035000e+02 1.494000e+02
4.037500e+02 1.494000e+02
4.040000e+02 1.494000e+02
4.040000e+02 1.494000e+02
4.040000e+02 1.494000e+02
4.040000e+02 1.497000e+02
4.040000e+02 1.500000e+02
4.040000e+02 1.500000e+02
4.040000e+02 1.500000e+02
