2.965000e+02 3.630000e+02
2.962500e+02 3.624000e+02
2.960000e+02 3.618000e+02
2.957500e+02 3.612000e+02
2.955000e+02 3.606000e+02
2.955000e+02 3.603000e+02
2.955000e+02 3.600000e+02
2.952500e+02 3.594000e+02
2.950000e+02 3.588000e+02
2.950000e+02 3.582000e+02
2.950000e+02 3.576000e+02
2.947500e+02 3.567000e+02
2.945000e+02 3.558000e+02
2.945000e+02 3.546000e+02
2.945000e+02 3.534000e+02
2.945000e+02 3.525000e+02
2.945000e+02 3.516000e+02
2.945000e+02 3.504000e+02
2.945000e+02 3.492000e+02
2.947500e+02 3.477000e+02
2.950000e+02 3.462000e+02
2.952500e+02 3.450000e+02
2.955000e+02 3.438000e+02
2.960000e+02 3.423000e+02
2.965000e+02 3.408000e+02
2.967500e+02 3.390000e+02
2.970000e+02 3.372000e+02
2.975000e+02 3.357000e+02
2.980000e+02 3.342000e+02
2.985000e+02 3.321000e+02
2.990000e+02 3.300000e+02
2.995000e+02 3.276000e+02
3.000000e+02 3.252000e+02
3.007500e+02 3.228000e+02
3.015000e+02 3.204000e+02
3.022500e+02 3.177000e+02
3.030000e+02 3.150000e+02
3.042500e+02 3.105000e+02
3.055000e+02 3.060000e+02
3.060000e+02 3.045000e+02
3.065000e+02 3.030000e+02
3.077500e+02 2.988000e+02
3.090000e+02 2.946000e+02
3.097500e+02 2.913000e+02
3.105000e+02 2.880000e+02
3.115000e+02 2.850000e+02
3.125000e+02 2.820000e+02
3.132500e+02 2.787000e+02
3.140000e+02 2.754000e+02
3.150000e+02 2.724000e+02
3.160000e+02 2.694000e+02
3.170000e+02 2.661000e+02
3.180000e+02 2.628000e+02
3.192500e+02 2.595000e+02
3.205000e+02 2.562000e+02
3.215000e+02 2.532000e+02
3.225000e+02 2.502000e+02
3.242500e+02 2.454000e+02
3.260000e+02 2.406000e+02
3.272500e+02 2.376000e+02
3.285000e+02 2.346000e+02
3.297500e+02 2.310000e+02
3.310000e+02 2.274000e+02
3.322500e+02 2.238000e+02
3.335000e+02 2.202000e+02
3.362500e+02 2.136000e+02
3.390000e+02 2.070000e+02
3.402500e+02 2.034000e+02
3.415000e+02 1.998000e+02
3.430000e+02 1.962000e+02
3.445000e+02 1.926000e+02
3.460000e+02 1.896000e+02
3.475000e+02 1.866000e+02
3.485000e+02 1.833000e+02
3.495000e+02 1.800000e+02
3.507500e+02 1.770000e+02
3.520000e+02 1.740000e+02
3.532500e+02 1.707000e+02
3.545000e+02 1.674000e+02
3.557500e+02 1.644000e+02
3.570000e+02 1.614000e+02
3.587500e+02 1.566000e+02
3.605000e+02 1.518000e+02
3.620000e+02 1.476000e+02
3.635000e+02 1.434000e+02
3.647500e+02 1.389000e+02
3.660000e+02 1.344000e+02
3.670000e+02 1.317000e+02
3.680000e+02 1.290000e+02
3.690000e+02 1.263000e+02
3.700000e+02 1.236000e+02
3.707500e+02 1.209000e+02
3.715000e+02 1.182000e+02
3.722500e+02 1.161000e+02
3.730000e+02 1.140000e+02
3.737500e+02 1.116000e+02
3.745000e+02 1.092000e+02
3.752500e+02 1.068000e+02
3.760000e+02 1.044000e+02
3.765000e+02 1.026000e+02
3.770000e+02 1.008000e+02
3.775000e+02 9.930000e+01
3.780000e+02 9.780000e+01
3.785000e+02 9.660000e+01
3.790000e+02 9.540000e+01
3.792500e+02 9.420000e+01
3.795000e+02 9.300000e+01
3.797500e+02 9.210000e+01
3.800000e+02 9.120000e+01
3.802500e+02 9.060000e+01
3.805000e+02 9.000000e+01
3.807500e+02 8.940000e+01
3.810000e+02 8.880000e+01
3.810000e+02 8.850000e+01
3.810000e+02 8.820000e+01
3.812500e+02 8.790000e+01
3.815000e+02 8.760000e+01
3.815000e+02 8.730000e+01
3.815000e+02 8.700000e+01
3.815000e+02 8.670000e+01
3.815000e+02 8.640000e+01
3.815000e+02 8.640000e+01
3.815000e+02 8.640000e+01
3.817500e+02 8.640000e+01
3.820000e+02 8.640000e+01
3.820000e+02 8.610000e+01
3.820000e+02 8.580000e+01
3.820000e+02 8.580000e+01
3.820000e+02 8.580000e+01
3.820000e+02 8.580000e+01
3.820000e+02 8.580000e+01
3.822500e+02 8.610000e+01
3.825000e+02 8.640000e+01
3.825000e+02 8.640000e+01
3.830000e+02 8.700000e+01
3.830000e+02 8.760000e+01
3.835000e+02 8.820000e+01
3.845000e+02 9.000000e+01
3.855000e+02 9.180000e+01
3.860000e+02 9.240000e+01
3.885000e+02 9.600000e+01
3.900000e+02 9.840000e+01
3.915000e+02 1.014000e+02
3.930000e+02 1.038000e+02
3.950000e+02 1.068000e+02
3.960000e+02 1.080000e+02
3.985000e+02 1.128000e+02
4.005000e+02 1.158000e+02
4.020000e+02 1.188000e+02
4.040000e+02 1.224000e+02
4.060000e+02 1.260000e+02
4.085000e+02 1.296000e+02
4.105000e+02 1.326000e+02
4.125000e+02 1.362000e+02
4.145000e+02 1.398000e+02
4.170000e+02 1.434000e+02
4.190000e+02 1.470000e+02
4.215000e+02 1.506000e+02
4.235000e+02 1.542000e+02
4.260000e+02 1.584000e+02
4.285000e+02 1.620000e+02
4.325000e+02 1.680000e+02
4.345000e+02 1.722000e+02
4.370000e+02 1.764000e+02
4.390000e+02 1.806000e+02
4.415000e+02 1.854000e+02
4.435000e+02 1.890000e+02
4.455000e+02 1.932000e+02
4.475000e+02 1.974000e+02
4.495000e+02 2.016000e+02
4.510000e+02 2.058000e+02
4.530000e+02 2.088000e+02
4.545000e+02 2.124000e+02
4.565000e+02 2.160000e+02
4.580000e+02 2.196000e+02
4.595000e+02 2.226000e+02
4.610000e+02 2.256000e+02
4.620000e+02 2.280000e+02
4.635000e+02 2.310000e+02
4.650000e+02 2.340000e+02
4.660000e+02 2.370000e+02
4.675000e+02 2.400000e+02
4.690000e+02 2.430000e+02
4.700000e+02 2.454000e+02
4.715000e+02 2.490000e+02
4.725000e+02 2.514000e+02
4.730000e+02 2.532000e+02
4.740000e+02 2.556000e+02
4.745000e+02 2.574000e+02
4.750000e+02 2.592000e+02
4.755000e+02 2.610000e+02
4.760000e+02 2.622000e+02
4.765000e+02 2.634000e+02
4.765000e+02 2.646000e+02
4.770000e+02 2.658000e+02
4.770000e+02 2.664000e+02
4.775000e+02 2.670000e+02
4.775000e+02 2.682000e+02
4.785000e+02 2.694000e+02
4.785000e+02 2.694000e+02
2.965000e+02 3.630000e+02
2.962500e+02 3.624000e+02
2.960000e+02 3.618000e+02
2.957500e+02 3.612000e+02
2.955000e+02 3.606000e+02
2.955000e+02 3.603000e+02
2.955000e+02 3.600000e+02
2.952500e+02 3.594000e+02
2.950000e+02 3.588000e+02
2.950000e+02 3.582000e+02
2.950000e+02 3.576000e+02
2.947500e+02 3.567000e+02
2.945000e+02 3.558000e+02
2.945000e+02 3.546000e+02
2.945000e+02 3.534000e+02
2.945000e+02 3.525000e+02
2.945000e+02 3.516000e+02
2.945000e+02 3.504000e+02
2.945000e+02 3.492000e+02
2.947500e+02 3.477000e+02
2.950000e+02 3.462000e+02
2.952500e+02 3.450000e+02
2.955000e+02 3.438000e+02
2.960000e+02 3.423000e+02
2.965000e+02 3.408000e+02
2.967500e+02 3.390000e+02
2.970000e+02 3.372000e+02
2.975000e+02 3.357000e+02
2.980000e+02 3.342000e+02
2.985000e+02 3.321000e+02
2.990000e+02 3.300000e+02
2.995000e+02 3.276000e+02
3.000000e+02 3.252000e+02
3.007500e+02 3.228000e+02
3.015000e+02 3.204000e+02
3.022500e+02 3.177000e+02
3.030000e+02 3.150000e+02
3.042500e+02 3.105000e+02
3.055000e+02 3.060000e+02
3.060000e+02 3.045000e+02
3.065000e+02 3.030000e+02
3.077500e+02 2.988000e+02
3.090000e+02 2.946000e+02
3.097500e+02 2.913000e+02
3.105000e+02 2.880000e+02
3.115000e+02 2.850000e+02
3.125000e+02 2.820000e+02
3.132500e+02 2.787000e+02
3.140000e+02 2.754000e+02
3.150000e+02 2.724000e+02
3.160000e+02 2.694000e+02
3.170000e+02 2.661000e+02
3.180000e+02 2.628000e+02
3.192500e+02 2.595000e+02
3.205000e+02 2.562000e+02
3.215000e+02 2.532000e+02
3.225000e+02 2.502000e+02
3.242500e+02 2.454000e+02
3.260000e+02 2.406000e+02
3.272500e+02 2.376000e+02
3.285000e+02 2.346000e+02
3.297500e+02 2.310000e+02
3.310000e+02 2.274000e+02
3.322500e+02 2.238000e+02
3.335000e+02 2.202000e+02
3.362500e+02 2.136000e+02
3.390000e+02 2.070000e+02
3.402500e+02 2.034000e+02
3.415000e+02 1.998000e+02
3.430000e+02 1.962000e+02
3.445000e+02 1.926000e+02
3.460000e+02 1.896000e+02
3.475000e+02 1.866000e+02
3.485000e+02 1.833000e+02
3.495000e+02 1.800000e+02
3.507500e+02 1.770000e+02
3.520000e+02 1.740000e+02
3.532500e+02 1.707000e+02
3.545000e+02 1.674000e+02
3.557500e+02 1.644000e+02
3.570000e+02 1.614000e+02
3.587500e+02 1.566000e+02
3.605000e+02 1.518000e+02
3.620000e+02 1.476000e+02
3.635000e+02 1.434000e+02
3.647500e+02 1.389000e+02
3.660000e+02 1.344000e+02
3.670000e+02 1.317000e+02
3.680000e+02 1.290000e+02
3.690000e+02 1.263000e+02
3.700000e+02 1.236000e+02
3.707500e+02 1.209000e+02
3.715000e+02 1.182000e+02
3.722500e+02 1.161000e+02
3.730000e+02 1.140000e+02
3.737500e+02 1.116000e+02
3.745000e+02 1.092000e+02
3.752500e+02 1.068000e+02
3.760000e+02 1.044000e+02
3.765000e+02 1.026000e+02
3.770000e+02 1.008000e+02
3.775000e+02 9.930000e+01
3.780000e+02 9.780000e+01
3.785000e+02 9.660000e+01
3.790000e+02 9.540000e+01
3.792500e+02 9.420000e+01
3.795000e+02 9.300000e+01
3.797500e+02 9.210000e+01
3.800000e+02 9.120000e+01
3.802500e+02 9.060000e+01
3.805000e+02 9.000000e+01
3.807500e+02 8.940000e+01
3.810000e+02 8.880000e+01
3.810000e+02 8.850000e+01
3.810000e+02 8.820000e+01
3.812500e+02 8.790000e+01
3.815000e+02 8.760000e+01
3.815000e+02 8.730000e+01
3.815000e+02 8.700000e+01
3.815000e+02 8.670000e+01
3.815000e+02 8.640000e+01
3.815000e+02 8.640000e+01
3.815000e+02 8.640000e+01
3.817500e+02 8.640000e+01
3.820000e+02 8.640000e+01
3.820000e+02 8.610000e+01
3.820000e+02 8.580000e+01
3.820000e+02 8.580000e+01
3.820000e+02 8.580000e+01
3.820000e+02 8.580000e+01
3.820000e+02 8.580000e+01
3.822500e+02 8.610000e+01
3.825000e+02 8.640000e+01
3.825000e+02 8.640000e+01
3.830000e+02 8.700000e+01
3.830000e+02 8.760000e+01
3.835000e+02 8.820000e+01
3.845000e+02 9.000000e+01
3.855000e+02 9.180000e+01
3.860000e+02 9.240000e+01
3.885000e+02 9.600000e+01
3.900000e+02 9.840000e+01
3.915000e+02 1.014000e+02
3.930000e+02 1.038000e+02
3.950000e+02 1.068000e+02
3.960000e+02 1.080000e+02
3.985000e+02 1.128000e+02
4.005000e+02 1.158000e+02
4.020000e+02 1.188000e+02
4.040000e+02 1.224000e+02
4.060000e+02 1.260000e+02
4.085000e+02 1.296000e+02
4.105000e+02 1.326000e+02
4.125000e+02 1.362000e+02
4.145000e+02 1.398000e+02
4.170000e+02 1.434000e+02
4.190000e+02 1.470000e+02
4.215000e+02 1.506000e+02
4.235000e+02 1.542000e+02
4.260000e+02 1.584000e+02
4.285000e+02 1.620000e+02
4.325000e+02 1.680000e+02
4.345000e+02 1.722000e+02
4.370000e+02 1.764000e+02
4.390000e+02 1.806000e+02
4.415000e+02 1.854000e+02
4.435000e+02 1.890000e+02
4.455000e+02 1.932000e+02
4.475000e+02 1.974000e+02
4.495000e+02 2.016000e+02
4.510000e+02 2.058000e+02
4.530000e+02 2.088000e+02
4.545000e+02 2.124000e+02
4.565000e+02 2.160000e+02
4.580000e+02 2.196000e+02
4.595000e+02 2.226000e+02
4.610000e+02 2.256000e+02
4.620000e+02 2.280000e+02
4.635000e+02 2.310000e+02
4.650000e+02 2.340000e+02
4.660000e+02 2.370000e+02
4.675000e+02 2.400000e+02
4.690000e+02 2.430000e+02
4.700000e+02 2.454000e+02
4.715000e+02 2.490000e+02
4.725000e+02 2.514000e+02
4.730000e+02 2.532000e+02
4.740000e+02 2.556000e+02
4.745000e+02 2.574000e+02
4.750000e+02 2.592000e+02
4.755000e+02 2.610000e+02
4.760000e+02 2.622000e+02
4.765000e+02 2.634000e+02
4.765000e+02 2.646000e+02
4.770000e+02 2.658000e+02
4.770000e+02 2.664000e+02
4.775000e+02 2.670000e+02
4.775000e+02 2.682000e+02
4.785000e+02 2.694000e+02
4.785000e+02 2.694000e+02
2.965000e+02 3.630000e+02
2.962500e+02 3.624000e+02
2.960000e+02 3.618000e+02
2.957500e+02 3.612000e+02
2.955000e+02 3.606000e+02
2.955000e+02 3.603000e+02
2.955000e+02 3.600000e+02
2.952500e+02 3.594000e+02
2.950000e+02 3.588000e+02
2.950000e+02 3.582000e+02
2.950000e+02 3.576000e+02
2.947500e+02 3.567000e+02
2.945000e+02 3.558000e+02
2.945000e+02 3.546000e+02
2.945000e+02 3.534000e+02
2.945000e+02 3.525000e+02
2.945000e+02 3.516000e+02
2.945000e+02 3.504000e+02
2.945000e+02 3.492000e+02
2.947500e+02 3.477000e+02
2.950000e+02 3.462000e+02
2.952500e+02 3.450000e+02
2.955000e+02 3.438000e+02
2.960000e+02 3.423000e+02
2.965000e+02 3.408000e+02
2.967500e+02 3.390000e+02
2.970000e+02 3.372000e+02
2.975000e+02 3.357000e+02
2.980000e+02 3.342000e+02
2.985000e+02 3.321000e+02
2.990000e+02 3.300000e+02
2.995000e+02 3.276000e+02
3.000000e+02 3.252000e+02
3.007500e+02 3.228000e+02
3.015000e+02 3.204000e+02
3.022500e+02 3.177000e+02
3.030000e+02 3.150000e+02
3.042500e+02 3.105000e+02
3.055000e+02 3.060000e+02
3.060000e+02 3.045000e+02
3.065000e+02 3.030000e+02
3.077500e+02 2.988000e+02
3.090000e+02 2.946000e+02
3.097500e+02 2.913000e+02
3.105000e+02 2.880000e+02
3.115000e+02 2.850000e+02
3.125000e+02 2.820000e+02
3.132500e+02 2.787000e+02
3.140000e+02 2.754000e+02
3.150000e+02 2.724000e+02
3.160000e+02 2.694000e+02
3.170000e+02 2.661000e+02
3.180000e+02 2.628000e+02
3.192500e+02 2.595000e+02
3.205000e+02 2.562000e+02
3.215000e+02 2.532000e+02
3.225000e+02 2.502000e+02
3.242500e+02 2.454000e+02
3.260000e+02 2.406000e+02
3.272500e+02 2.376000e+02
3.285000e+02 2.346000e+02
3.297500e+02 2.310000e+02
3.310000e+02 2.274000e+02
3.322500e+02 2.238000e+02
3.335000e+02 2.202000e+02
3.362500e+02 2.136000e+02
3.390000e+02 2.070000e+02
3.402500e+02 2.034000e+02
3.415000e+02 1.998000e+02
3.430000e+02 1.962000e+02
3.445000e+02 1.926000e+02
3.460000e+02 1.896000e+02
3.475000e+02 1.866000e+02
3.485000e+02 1.833000e+02
3.495000e+02 1.800000e+02
3.507500e+02 1.770000e+02
3.520000e+02 1.740000e+02
3.532500e+02 1.707000e+02
3.545000e+02 1.674000e+02
3.557500e+02 1.644000e+02
3.570000e+02 1.614000e+02
3.587500e+02 1.566000e+02
3.605000e+02 1.518000e+02
3.620000e+02 1.476000e+02
3.635000e+02 1.434000e+02
3.647500e+02 1.389000e+02
3.660000e+02 1.344000e+02
3.670000e+02 1.317000e+02
3.680000e+02 1.290000e+02
3.690000e+02 1.263000e+02
3.700000e+02 1.236000e+02
3.707500e+02 1.209000e+02
3.715000e+02 1.182000e+02
3.722500e+02 1.161000e+02
3.730000e+02 1.140000e+02
3.737500e+02 1.116000e+02
3.745000e+02 1.092000e+02
3.752500e+02 1.068000e+02
3.760000e+02 1.044000e+02
3.765000e+02 1.026000e+02
3.770000e+02 1.008000e+02
3.775000e+02 9.930000e+01
3.780000e+02 9.780000e+01
3.785000e+02 9.660000e+01
3.790000e+02 9.540000e+01
3.792500e+02 9.420000e+01
3.795000e+02 9.300000e+01
3.797500e+02 9.210000e+01
3.800000e+02 9.120000e+01
3.802500e+02 9.060000e+01
3.805000e+02 9.000000e+01
3.807500e+02 8.940000e+01
3.810000e+02 8.880000e+01
3.810000e+02 8.850000e+01
3.810000e+02 8.820000e+01
3.812500e+02 8.790000e+01
3.815000e+02 8.760000e+01
3.815000e+02 8.730000e+01
3.815000e+02 8.700000e+01
3.815000e+02 8.670000e+01
3.815000e+02 8.640000e+01
3.815000e+02 8.640000e+01
3.815000e+02 8.640000e+01
3.817500e+02 8.640000e+01
3.820000e+02 8.640000e+01
3.820000e+02 8.610000e+01
3.820000e+02 8.580000e+01
3.820000e+02 8.580000e+01
3.820000e+02 8.580000e+01
3.820000e+02 8.580000e+01
3.820000e+02 8.580000e+01
3.822500e+02 8.610000e+01
3.825000e+02 8.640000e+01
3.825000e+02 8.640000e+01
3.830000e+02 8.700000e+01
3.830000e+02 8.760000e+01
3.835000e+02 8.820000e+01
3.845000e+02 9.000000e+01
3.855000e+02 9.180000e+01
3.860000e+02 9.240000e+01
3.885000e+02 9.600000e+01
3.900000e+02 9.840000e+01
3.915000e+02 1.014000e+02
3.930000e+02 1.038000e+02
3.950000e+02 1.068000e+02
3.960000e+02 1.080000e+02
3.985000e+02 1.128000e+02
4.005000e+02 1.158000e+02
4.020000e+02 1.188000e+02
4.040000e+02 1.224000e+02
4.060000e+02 1.260000e+02
4.085000e+02 1.296000e+02
4.105000e+02 1.326000e+02
4.125000e+02 1.362000e+02
4.145000e+02 1.398000e+02
4.170000e+02 1.434000e+02
4.190000e+02 1.470000e+02
4.215000e+02 1.506000e+02
4.235000e+02 1.542000e+02
4.260000e+02 1.584000e+02
4.285000e+02 1.620000e+02
4.325000e+02 1.680000e+02
4.345000e+02 1.722000e+02
4.370000e+02 1.764000e+02
4.390000e+02 1.806000e+02
4.415000e+02 1.854000e+02
4.435000e+02 1.890000e+02
4.455000e+02 1.932000e+02
4.475000e+02 1.974000e+02
4.495000e+02 2.016000e+02
4.510000e+02 2.058000e+02
4.530000e+02 2.088000e+02
4.545000e+02 2.124000e+02
4.565000e+02 2.160000e+02
4.580000e+02 2.196000e+02
4.595000e+02 2.226000e+02
4.610000e+02 2.256000e+02
4.620000e+02 2.280000e+02
4.635000e+02 2.310000e+02
4.650000e+02 2.340000e+02
4.660000e+02 2.370000e+02
4.675000e+02 2.400000e+02
4.690000e+02 2.430000e+02
4.700000e+02 2.454000e+02
4.715000e+02 2.490000e+02
4.725000e+02 2.514000e+02
4.730000e+02 2.532000e+02
4.740000e+02 2.556000e+02
4.745000e+02 2.574000e+02
4.750000e+02 2.592000e+02
4.755000e+02 2.610000e+02
4.760000e+02 2.622000e+02
4.765000e+02 2.634000e+02
4.765000e+02 2.646000e+02
4.770000e+02 2.658000e+02
4.770000e+02 2.664000e+02
4.775000e+02 2.670000e+02
4.775000e+02 2.682000e+02
4.785000e+02 2.694000e+02
4.785000e+02 2.694000e+02
2.965000e+02 3.630000e+02
2.962500e+02 3.624000e+02
2.960000e+02 3.618000e+02
2.957500e+02 3.612000e+02
2.955000e+02 3.606000e+02
2.955000e+02 3.603000e+02
2.955000e+02 3.600000e+02
2.952500e+02 3.594000e+02
2.950000e+02 3.588000e+02
2.950000e+02 3.582000e+02
2.950000e+02 3.576000e+02
2.947500e+02 3.567000e+02
2.945000e+02 3.558000e+02
2.945000e+02 3.546000e+02
2.945000e+02 3.534000e+02
2.945000e+02 3.525000e+02
2.945000e+02 3.516000e+02
2.945000e+02 3.504000e+02
2.945000e+02 3.492000e+02
2.947500e+02 3.477000e+02
2.950000e+02 3.462000e+02
2.952500e+02 3.450000e+02
2.955000e+02 3.438000e+02
2.960000e+02 3.423000e+02
2.965000e+02 3.408000e+02
2.967500e+02 3.390000e+02
2.970000e+02 3.372000e+02
2.975000e+02 3.357000e+02
2.980000e+02 3.342000e+02
2.985000e+02 3.321000e+02
2.990000e+02 3.300000e+02
2.995000e+02 3.276000e+02
3.000000e+02 3.252000e+02
3.007500e+02 3.228000e+02
3.015000e+02 3.204000e+02
3.022500e+02 3.177000e+02
3.030000e+02 3.150000e+02
3.042500e+02 3.105000e+02
3.055000e+02 3.060000e+02
3.060000e+02 3.045000e+02
3.065000e+02 3.030000e+02
3.077500e+02 2.988000e+02
3.090000e+02 2.946000e+02
3.097500e+02 2.913000e+02
3.105000e+02 2.880000e+02
3.115000e+02 2.850000e+02
3.125000e+02 2.820000e+02
3.132500e+02 2.787000e+02
3.140000e+02 2.754000e+02
3.150000e+02 2.724000e+02
3.160000e+02 2.694000e+02
3.170000e+02 2.661000e+02
3.180000e+02 2.628000e+02
3.192500e+02 2.595000e+02
3.205000e+02 2.562000e+02
3.215000e+02 2.532000e+02
3.225000e+02 2.502000e+02
3.242500e+02 2.454000e+02
3.260000e+02 2.406000e+02
3.272500e+02 2.376000e+02
3.285000e+02 2.346000e+02
3.297500e+02 2.310000e+02
3.310000e+02 2.274000e+02
3.322500e+02 2.238000e+02
3.335000e+02 2.202000e+02
3.362500e+02 2.136000e+02
3.390000e+02 2.070000e+02
3.402500e+02 2.034000e+02
3.415000e+02 1.998000e+02
3.430000e+02 1.962000e+02
3.445000e+02 1.926000e+02
3.460000e+02 1.896000e+02
3.475000e+02 1.866000e+02
3.485000e+02 1.833000e+02
3.495000e+02 1.800000e+02
3.507500e+02 1.770000e+02
3.520000e+02 1.740000e+02
3.532500e+02 1.707000e+02
3.545000e+02 1.674000e+02
3.557500e+02 1.644000e+02
3.570000e+02 1.614000e+02
3.587500e+02 1.566000e+02
3.605000e+02 1.518000e+02
3.620000e+02 1.476000e+02
3.635000e+02 1.434000e+02
3.647500e+02 1.389000e+02
3.660000e+02 1.344000e+02
3.670000e+02 1.317000e+02
3.680000e+02 1.290000e+02
3.690000e+02 1.263000e+02
3.700000e+02 1.236000e+02
3.707500e+02 1.209000e+02
3.715000e+02 1.182000e+02
3.722500e+02 1.161000e+02
3.730000e+02 1.140000e+02
3.737500e+02 1.116000e+02
3.745000e+02 1.092000e+02
3.752500e+02 1.068000e+02
3.760000e+02 1.044000e+02
3.765000e+02 1.026000e+02
3.770000e+02 1.008000e+02
3.775000e+02 9.930000e+01
3.780000e+02 9.780000e+01
3.785000e+02 9.660000e+01
3.790000e+02 9.540000e+01
3.792500e+02 9.420000e+01
3.795000e+02 9.300000e+01
3.797500e+02 9.210000e+01
3.800000e+02 9.120000e+01
3.802500e+02 9.060000e+01
3.805000e+02 9.000000e+01
3.807500e+02 8.940000e+01
3.810000e+02 8.880000e+01
3.810000e+02 8.850000e+01
3.810000e+02 8.820000e+01
3.812500e+02 8.790000e+01
3.815000e+02 8.760000e+01
3.815000e+02 8.730000e+01
3.815000e+02 8.700000e+01
3.815000e+02 8.670000e+01
3.815000e+02 8.640000e+01
3.815000e+02 8.640000e+01
3.815000e+02 8.640000e+01
3.817500e+02 8.640000e+01
3.820000e+02 8.640000e+01
3.820000e+02 8.610000e+01
3.820000e+02 8.580000e+01
3.820000e+02 8.580000e+01
3.820000e+02 8.580000e+01
3.820000e+02 8.580000e+01
3.820000e+02 8.580000e+01
3.822500e+02 8.610000e+01
3.825000e+02 8.640000e+01
3.825000e+02 8.640000e+01
3.830000e+02 8.700000e+01
3.830000e+02 8.760000e+01
3.835000e+02 8.820000e+01
3.845000e+02 9.000000e+01
3.855000e+02 9.180000e+01
3.860000e+02 9.240000e+01
3.885000e+02 9.600000e+01
3.900000e+02 9.840000e+01
3.915000e+02 1.014000e+02
3.930000e+02 1.038000e+02
3.950000e+02 1.068000e+02
3.960000e+02 1.080000e+02
3.985000e+02 1.128000e+02
4.005000e+02 1.158000e+02
4.020000e+02 1.188000e+02
4.040000e+02 1.224000e+02
4.060000e+02 1.260000e+02
4.085000e+02 1.296000e+02
4.105000e+02 1.326000e+02
4.125000e+02 1.362000e+02
4.145000e+02 1.398000e+02
4.170000e+02 1.434000e+02
4.190000e+02 1.470000e+02
4.215000e+02 1.506000e+02
4.235000e+02 1.542000e+02
4.260000e+02 1.584000e+02
4.285000e+02 1.620000e+02
4.325000e+02 1.680000e+02
4.345000e+02 1.722000e+02
4.370000e+02 1.764000e+02
4.390000e+02 1.806000e+02
4.415000e+02 1.854000e+02
4.435000e+02 1.890000e+02
4.455000e+02 1.932000e+02
4.475000e+02 1.974000e+02
4.495000e+02 2.016000e+02
4.510000e+02 2.058000e+02
4.530000e+02 2.088000e+02
4.545000e+02 2.124000e+02
4.565000e+02 2.160000e+02
4.580000e+02 2.196000e+02
4.595000e+02 2.226000e+02
4.610000e+02 2.256000e+02
4.620000e+02 2.280000e+02
4.635000e+02 2.310000e+02
4.650000e+02 2.340000e+02
4.660000e+02 2.370000e+02
4.675000e+02 2.400000e+02
4.690000e+02 2.430000e+02
4.700000e+02 2.454000e+02
4.715000e+02 2.490000e+02
4.725000e+02 2.514000e+02
4.730000e+02 2.532000e+02
4.740000e+02 2.556000e+02
4.745000e+02 2.574000e+02
4.750000e+02 2.592000e+02
4.755000e+02 2.610000e+02
4.760000e+02 2.622000e+02
4.765000e+02 2.634000e+02
4.765000e+02 2.646000e+02
4.770000e+02 2.658000e+02
4.770000e+02 2.664000e+02
4.775000e+02 2.670000e+02
4.775000e+02 2.682000e+02
4.785000e+02 2.694000e+02
4.785000e+02 2.694000e+02
