5.810000e+02 2.814000e+02
5.810000e+02 2.814000e+02
5.810000e+02 2.814000e+02
5.810000e+02 2.814000e+02
5.810000e+02 2.814000e+02
5.807500e+02 2.811000e+02
5.805000e+02 2.808000e+02
5.802500e+02 2.805000e+02
5.800000e+02 2.802000e+02
5.796250e+02 2.797500e+02
5.792500e+02 2.793000e+02
5.788750e+02 2.788500e+02
5.785000e+02 2.784000e+02
5.780000e+02 2.781000e+02
5.775000e+02 2.778000e+02
5.770000e+02 2.775000e+02
5.765000e+02 2.772000e+02
5.757500e+02 2.767500e+02
5.750000e+02 2.763000e+02
5.742500e+02 2.758500e+02
5.735000e+02 2.754000e+02
5.723750e+02 2.748000e+02
5.712500e+02 2.742000e+02
5.701250e+02 2.736000e+02
5.690000e+02 2.730000e+02
5.682500e+02 2.727000e+02
5.675000e+02 2.724000e+02
5.667500e+02 2.721000e+02
5.660000e+02 2.718000e+02
5.651250e+02 2.716500e+02
5.642500e+02 2.715000e+02
5.633750e+02 2.713500e+02
5.625000e+02 2.712000e+02
5.611250e+02 2.707500e+02
5.597500e+02 2.703000e+02
5.583750e+02 2.698500e+02
5.570000e+02 2.694000e+02
5.561250e+02 2.692500e+02
5.552500e+02 2.691000e+02
5.543750e+02 2.689500e+02
5.535000e+02 2.688000e+02
5.522500e+02 2.685000e+02
5.510000e+02 2.682000e+02
5.497500e+02 2.679000e+02
5.485000e+02 2.676000e+02
5.475000e+02 2.674500e+02
5.465000e+02 2.673000e+02
5.455000e+02 2.671500e+02
5.445000e+02 2.670000e+02
5.433750e+02 2.668500e+02
5.422500e+02 2.667000e+02
5.411250e+02 2.665500e+02
5.400000e+02 2.664000e+02
5.386250e+02 2.662500e+02
5.372500e+02 2.661000e+02
5.358750e+02 2.659500e+02
5.345000e+02 2.658000e+02
5.332500e+02 2.658000e+02
5.320000e+02 2.658000e+02
5.307500e+02 2.658000e+02
5.295000e+02 2.658000e+02
5.280000e+02 2.656500e+02
5.265000e+02 2.655000e+02
5.250000e+02 2.653500e+02
5.235000e+02 2.652000e+02
5.222500e+02 2.650500e+02
5.210000e+02 2.649000e+02
5.185000e+02 2.646000e+02
5.152500e+02 2.646000e+02
5.120000e+02 2.646000e+02
5.092500e+02 2.646000e+02
5.065000e+02 2.646000e+02
5.035000e+02 2.646000e+02
5.005000e+02 2.646000e+02
4.957500e+02 2.646000e+02
4.910000e+02 2.646000e+02
4.892500e+02 2.646000e+02
4.875000e+02 2.646000e+02
4.842500e+02 2.646000e+02
4.810000e+02 2.646000e+02
4.760000e+02 2.646000e+02
4.710000e+02 2.646000e+02
4.657500e+02 2.646000e+02
4.605000e+02 2.646000e+02
4.555000e+02 2.646000e+02
4.505000e+02 2.646000e+02
4.472500e+02 2.643000e+02
4.440000e+02 2.640000e+02
4.402500e+02 2.640000e+02
4.365000e+02 2.640000e+02
4.332500e+02 2.640000e+02
4.300000e+02 2.640000e+02
4.260000e+02 2.637000e+02
4.220000e+02 2.634000e+02
4.185000e+02 2.637000e+02
4.150000e+02 2.640000e+02
4.097500e+02 2.640000e+02
4.045000e+02 2.640000e+02
4.002500e+02 2.640000e+02
3.960000e+02 2.640000e+02
3.895000e+02 2.640000e+02
3.830000e+02 2.640000e+02
3.787500e+02 2.640000e+02
3.745000e+02 2.640000e+02
3.682500e+02 2.643000e+02
3.620000e+02 2.646000e+02
3.555000e+02 2.646000e+02
3.490000e+02 2.646000e+02
3.445000e+02 2.649000e+02
3.400000e+02 2.652000e+02
3.357500e+02 2.652000e+02
3.315000e+02 2.652000e+02
3.270000e+02 2.655000e+02
3.225000e+02 2.658000e+02
3.162500e+02 2.658000e+02
3.100000e+02 2.658000e+02
3.060000e+02 2.658000e+02
3.020000e+02 2.658000e+02
2.980000e+02 2.658000e+02
2.940000e+02 2.658000e+02
2.900000e+02 2.658000e+02
2.860000e+02 2.658000e+02
2.817500e+02 2.658000e+02
2.775000e+02 2.658000e+02
2.732500e+02 2.661000e+02
2.690000e+02 2.664000e+02
2.642500e+02 2.664000e+02
2.595000e+02 2.664000e+02
2.552500e+02 2.667000e+02
2.510000e+02 2.670000e+02
2.470000e+02 2.673000e+02
2.430000e+02 2.676000e+02
2.385000e+02 2.676000e+02
2.340000e+02 2.676000e+02
2.295000e+02 2.679000e+02
2.250000e+02 2.682000e+02
2.207500e+02 2.685000e+02
2.165000e+02 2.688000e+02
2.125000e+02 2.691000e+02
2.085000e+02 2.694000e+02
2.047500e+02 2.694000e+02
2.010000e+02 2.694000e+02
1.972500e+02 2.694000e+02
1.935000e+02 2.694000e+02
1.897500e+02 2.697000e+02
1.860000e+02 2.700000e+02
1.820000e+02 2.700000e+02
1.780000e+02 2.700000e+02
1.745000e+02 2.700000e+02
1.710000e+02 2.700000e+02
1.677500e+02 2.700000e+02
1.645000e+02 2.700000e+02
1.615000e+02 2.700000e+02
1.585000e+02 2.700000e+02
1.552500e+02 2.697000e+02
1.520000e+02 2.694000e+02
1.475000e+02 2.697000e+02
1.430000e+02 2.700000e+02
1.380000e+02 2.700000e+02
1.330000e+02 2.700000e+02
1.277500e+02 2.703000e+02
1.225000e+02 2.706000e+02
1.192500e+02 2.709000e+02
1.160000e+02 2.712000e+02
1.125000e+02 2.715000e+02
1.090000e+02 2.718000e+02
1.057500e+02 2.721000e+02
1.025000e+02 2.724000e+02
9.975000e+01 2.727000e+02
9.700000e+01 2.730000e+02
9.450000e+01 2.733000e+02
9.200000e+01 2.736000e+02
8.925000e+01 2.736000e+02
8.650000e+01 2.736000e+02
8.450000e+01 2.736000e+02
8.250000e+01 2.736000e+02
8.025000e+01 2.739000e+02
7.800000e+01 2.742000e+02
7.600000e+01 2.739000e+02
7.400000e+01 2.736000e+02
7.125000e+01 2.733000e+02
6.850000e+01 2.730000e+02
6.725000e+01 2.730000e+02
6.600000e+01 2.730000e+02
6.450000e+01 2.727000e+02
6.300000e+01 2.724000e+02
6.200000e+01 2.721000e+02
6.100000e+01 2.718000e+02
5.975000e+01 2.715000e+02
5.850000e+01 2.712000e+02
5.825000e+01 2.712000e+02
5.800000e+01 2.712000e+02
5.750000e+01 2.712000e+02
5.700000e+01 2.712000e+02
5.650000e+01 2.709000e+02
5.600000e+01 2.706000e+02
5.525000e+01 2.706000e+02
5.450000e+01 2.706000e+02
5.450000e+01 2.706000e+02
5.450000e+01 2.706000e+02
5.810000e+02 2.814000e+02
5.810000e+02 2.814000e+02
5.810000e+02 2.814000e+02
5.810000e+02 2.814000e+02
5.810000e+02 2.814000e+02
5.807500e+02 2.811000e+02
5.805000e+02 2.808000e+02
5.802500e+02 2.805000e+02
5.800000e+02 2.802000e+02
5.796250e+02 2.797500e+02
5.792500e+02 2.793000e+02
5.788750e+02 2.788500e+02
5.785000e+02 2.784000e+02
5.780000e+02 2.781000e+02
5.775000e+02 2.778000e+02
5.770000e+02 2.775000e+02
5.765000e+02 2.772000e+02
5.757500e+02 2.767500e+02
5.750000e+02 2.763000e+02
5.742500e+02 2.758500e+02
5.735000e+02 2.754000e+02
5.723750e+02 2.748000e+02
5.712500e+02 2.742000e+02
5.701250e+02 2.736000e+02
5.690000e+02 2.730000e+02
5.682500e+02 2.727000e+02
5.675000e+02 2.724000e+02
5.667500e+02 2.721000e+02
5.660000e+02 2.718000e+02
5.651250e+02 2.716500e+02
5.642500e+02 2.715000e+02
5.633750e+02 2.713500e+02
5.625000e+02 2.712000e+02
5.611250e+02 2.707500e+02
5.597500e+02 2.703000e+02
5.583750e+02 2.698500e+02
5.570000e+02 2.694000e+02
5.561250e+02 2.692500e+02
5.552500e+02 2.691000e+02
5.543750e+02 2.689500e+02
5.535000e+02 2.688000e+02
5.522500e+02 2.685000e+02
5.510000e+02 2.682000e+02
5.497500e+02 2.679000e+02
5.485000e+02 2.676000e+02
5.475000e+02 2.674500e+02
5.465000e+02 2.673000e+02
5.455000e+02 2.671500e+02
5.445000e+02 2.670000e+02
5.433750e+02 2.668500e+02
5.422500e+02 2.667000e+02
5.411250e+02 2.665500e+02
5.400000e+02 2.664000e+02
5.386250e+02 2.662500e+02
5.372500e+02 2.661000e+02
5.358750e+02 2.659500e+02
5.345000e+02 2.658000e+02
5.332500e+02 2.658000e+02
5.320000e+02 2.658000e+02
5.307500e+02 2.658000e+02
5.295000e+02 2.658000e+02
5.280000e+02 2.656500e+02
5.265000e+02 2.655000e+02
5.250000e+02 2.653500e+02
5.235000e+02 2.652000e+02
5.222500e+02 2.650500e+02
5.210000e+02 2.649000e+02
5.185000e+02 2.646000e+02
5.152500e+02 2.646000e+02
5.120000e+02 2.646000e+02
5.092500e+02 2.646000e+02
5.065000e+02 2.646000e+02
5.035000e+02 2.646000e+02
5.005000e+02 2.646000e+02
4.957500e+02 2.646000e+02
4.910000e+02 2.646000e+02
4.892500e+02 2.646000e+02
4.875000e+02 2.646000e+02
4.842500e+02 2.646000e+02
4.810000e+02 2.646000e+02
4.760000e+02 2.646000e+02
4.710000e+02 2.646000e+02
4.657500e+02 2.646000e+02
4.605000e+02 2.646000e+02
4.555000e+02 2.646000e+02
4.505000e+02 2.646000e+02
4.472500e+02 2.643000e+02
4.440000e+02 2.640000e+02
4.402500e+02 2.640000e+02
4.365000e+02 2.640000e+02
4.332500e+02 2.640000e+02
4.300000e+02 2.640000e+02
4.260000e+02 2.637000e+02
4.220000e+02 2.634000e+02
4.185000e+02 2.637000e+02
4.150000e+02 2.640000e+02
4.097500e+02 2.640000e+02
4.045000e+02 2.640000e+02
4.002500e+02 2.640000e+02
3.960000e+02 2.640000e+02
3.895000e+02 2.640000e+02
3.830000e+02 2.640000e+02
3.787500e+02 2.640000e+02
3.745000e+02 2.640000e+02
3.682500e+02 2.643000e+02
3.620000e+02 2.646000e+02
3.555000e+02 2.646000e+02
3.490000e+02 2.646000e+02
3.445000e+02 2.649000e+02
3.400000e+02 2.652000e+02
3.357500e+02 2.652000e+02
3.315000e+02 2.652000e+02
3.270000e+02 2.655000e+02
3.225000e+02 2.658000e+02
3.162500e+02 2.658000e+02
3.100000e+02 2.658000e+02
3.060000e+02 2.658000e+02
3.020000e+02 2.658000e+02
2.980000e+02 2.658000e+02
2.940000e+02 2.658000e+02
2.900000e+02 2.658000e+02
2.860000e+02 2.658000e+02
2.817500e+02 2.658000e+02
2.775000e+02 2.658000e+02
2.732500e+02 2.661000e+02
2.690000e+02 2.664000e+02
2.642500e+02 2.664000e+02
2.595000e+02 2.664000e+02
2.552500e+02 2.667000e+02
2.510000e+02 2.670000e+02
2.470000e+02 2.673000e+02
2.430000e+02 2.676000e+02
2.385000e+02 2.676000e+02
2.340000e+02 2.676000e+02
2.295000e+02 2.679000e+02
2.250000e+02 2.682000e+02
2.207500e+02 2.685000e+02
2.165000e+02 2.688000e+02
2.125000e+02 2.691000e+02
2.085000e+02 2.694000e+02
2.047500e+02 2.694000e+02
2.010000e+02 2.694000e+02
1.972500e+02 2.694000e+02
1.935000e+02 2.694000e+02
1.897500e+02 2.697000e+02
1.860000e+02 2.700000e+02
1.820000e+02 2.700000e+02
1.780000e+02 2.700000e+02
1.745000e+02 2.700000e+02
1.710000e+02 2.700000e+02
1.677500e+02 2.700000e+02
1.645000e+02 2.700000e+02
1.615000e+02 2.700000e+02
1.585000e+02 2.700000e+02
1.552500e+02 2.697000e+02
1.520000e+02 2.694000e+02
1.475000e+02 2.697000e+02
1.430000e+02 2.700000e+02
1.380000e+02 2.700000e+02
1.330000e+02 2.700000e+02
1.277500e+02 2.703000e+02
1.225000e+02 2.706000e+02
1.192500e+02 2.709000e+02
1.160000e+02 2.712000e+02
1.125000e+02 2.715000e+02
1.090000e+02 2.718000e+02
1.057500e+02 2.721000e+02
1.025000e+02 2.724000e+02
9.975000e+01 2.727000e+02
9.700000e+01 2.730000e+02
9.450000e+01 2.733000e+02
9.200000e+01 2.736000e+02
8.925000e+01 2.736000e+02
8.650000e+01 2.736000e+02
8.450000e+01 2.736000e+02
8.250000e+01 2.736000e+02
8.025000e+01 2.739000e+02
7.800000e+01 2.742000e+02
7.600000e+01 2.739000e+02
7.400000e+01 2.736000e+02
7.125000e+01 2.733000e+02
6.850000e+01 2.730000e+02
6.725000e+01 2.730000e+02
6.600000e+01 2.730000e+02
6.450000e+01 2.727000e+02
6.300000e+01 2.724000e+02
6.200000e+01 2.721000e+02
6.100000e+01 2.718000e+02
5.975000e+01 2.715000e+02
5.850000e+01 2.712000e+02
5.825000e+01 2.712000e+02
5.800000e+01 2.712000e+02
5.750000e+01 2.712000e+02
5.700000e+01 2.712000e+02
5.650000e+01 2.709000e+02
5.600000e+01 2.706000e+02
5.525000e+01 2.706000e+02
5.450000e+01 2.706000e+02
5.450000e+01 2.706000e+02
5.450000e+01 2.706000e+02
5.810000e+02 2.814000e+02
5.810000e+02 2.814000e+02
5.810000e+02 2.814000e+02
5.810000e+02 2.814000e+02
5.810000e+02 2.814000e+02
5.807500e+02 2.811000e+02
5.805000e+02 2.808000e+02
5.802500e+02 2.805000e+02
5.800000e+02 2.802000e+02
5.796250e+02 2.797500e+02
5.792500e+02 2.793000e+02
5.788750e+02 2.788500e+02
5.785000e+02 2.784000e+02
5.780000e+02 2.781000e+02
5.775000e+02 2.778000e+02
5.770000e+02 2.775000e+02
5.765000e+02 2.772000e+02
5.757500e+02 2.767500e+02
5.750000e+02 2.763000e+02
5.742500e+02 2.758500e+02
5.735000e+02 2.754000e+02
5.723750e+02 2.748000e+02
5.712500e+02 2.742000e+02
5.701250e+02 2.736000e+02
5.690000e+02 2.730000e+02
5.682500e+02 2.727000e+02
5.675000e+02 2.724000e+02
5.667500e+02 2.721000e+02
5.660000e+02 2.718000e+02
5.651250e+02 2.716500e+02
5.642500e+02 2.715000e+02
5.633750e+02 2.713500e+02
5.625000e+02 2.712000e+02
5.611250e+02 2.707500e+02
5.597500e+02 2.703000e+02
5.583750e+02 2.698500e+02
5.570000e+02 2.694000e+02
5.561250e+02 2.692500e+02
5.552500e+02 2.691000e+02
5.543750e+02 2.689500e+02
5.535000e+02 2.688000e+02
5.522500e+02 2.685000e+02
5.510000e+02 2.682000e+02
5.497500e+02 2.679000e+02
5.485000e+02 2.676000e+02
5.475000e+02 2.674500e+02
5.465000e+02 2.673000e+02
5.455000e+02 2.671500e+02
5.445000e+02 2.670000e+02
5.433750e+02 2.668500e+02
5.422500e+02 2.667000e+02
5.411250e+02 2.665500e+02
5.400000e+02 2.664000e+02
5.386250e+02 2.662500e+02
5.372500e+02 2.661000e+02
5.358750e+02 2.659500e+02
5.345000e+02 2.658000e+02
5.332500e+02 2.658000e+02
5.320000e+02 2.658000e+02
5.307500e+02 2.658000e+02
5.295000e+02 2.658000e+02
5.280000e+02 2.656500e+02
5.265000e+02 2.655000e+02
5.250000e+02 2.653500e+02
5.235000e+02 2.652000e+02
5.222500e+02 2.650500e+02
5.210000e+02 2.649000e+02
5.185000e+02 2.646000e+02
5.152500e+02 2.646000e+02
5.120000e+02 2.646000e+02
5.092500e+02 2.646000e+02
5.065000e+02 2.646000e+02
5.035000e+02 2.646000e+02
5.005000e+02 2.646000e+02
4.957500e+02 2.646000e+02
4.910000e+02 2.646000e+02
4.892500e+02 2.646000e+02
4.875000e+02 2.646000e+02
4.842500e+02 2.646000e+02
4.810000e+02 2.646000e+02
4.760000e+02 2.646000e+02
4.710000e+02 2.646000e+02
4.657500e+02 2.646000e+02
4.605000e+02 2.646000e+02
4.555000e+02 2.646000e+02
4.505000e+02 2.646000e+02
4.472500e+02 2.643000e+02
4.440000e+02 2.640000e+02
4.402500e+02 2.640000e+02
4.365000e+02 2.640000e+02
4.332500e+02 2.640000e+02
4.300000e+02 2.640000e+02
4.260000e+02 2.637000e+02
4.220000e+02 2.634000e+02
4.185000e+02 2.637000e+02
4.150000e+02 2.640000e+02
4.097500e+02 2.640000e+02
4.045000e+02 2.640000e+02
4.002500e+02 2.640000e+02
3.960000e+02 2.640000e+02
3.895000e+02 2.640000e+02
3.830000e+02 2.640000e+02
3.787500e+02 2.640000e+02
3.745000e+02 2.640000e+02
3.682500e+02 2.643000e+02
3.620000e+02 2.646000e+02
3.555000e+02 2.646000e+02
3.490000e+02 2.646000e+02
3.445000e+02 2.649000e+02
3.400000e+02 2.652000e+02
3.357500e+02 2.652000e+02
3.315000e+02 2.652000e+02
3.270000e+02 2.655000e+02
3.225000e+02 2.658000e+02
3.162500e+02 2.658000e+02
3.100000e+02 2.658000e+02
3.060000e+02 2.658000e+02
3.020000e+02 2.658000e+02
2.980000e+02 2.658000e+02
2.940000e+02 2.658000e+02
2.900000e+02 2.658000e+02
2.860000e+02 2.658000e+02
2.817500e+02 2.658000e+02
2.775000e+02 2.658000e+02
2.732500e+02 2.661000e+02
2.690000e+02 2.664000e+02
2.642500e+02 2.664000e+02
2.595000e+02 2.664000e+02
2.552500e+02 2.667000e+02
2.510000e+02 2.670000e+02
2.470000e+02 2.673000e+02
2.430000e+02 2.676000e+02
2.385000e+02 2.676000e+02
2.340000e+02 2.676000e+02
2.295000e+02 2.679000e+02
2.250000e+02 2.682000e+02
2.207500e+02 2.685000e+02
2.165000e+02 2.688000e+02
2.125000e+02 2.691000e+02
2.085000e+02 2.694000e+02
2.047500e+02 2.694000e+02
2.010000e+02 2.694000e+02
1.972500e+02 2.694000e+02
1.935000e+02 2.694000e+02
1.897500e+02 2.697000e+02
1.860000e+02 2.700000e+02
1.820000e+02 2.700000e+02
1.780000e+02 2.700000e+02
1.745000e+02 2.700000e+02
1.710000e+02 2.700000e+02
1.677500e+02 2.700000e+02
1.645000e+02 2.700000e+02
1.615000e+02 2.700000e+02
1.585000e+02 2.700000e+02
1.552500e+02 2.697000e+02
1.520000e+02 2.694000e+02
1.475000e+02 2.697000e+02
1.430000e+02 2.700000e+02
1.380000e+02 2.700000e+02
1.330000e+02 2.700000e+02
1.277500e+02 2.703000e+02
1.225000e+02 2.706000e+02
1.192500e+02 2.709000e+02
1.160000e+02 2.712000e+02
1.125000e+02 2.715000e+02
1.090000e+02 2.718000e+02
1.057500e+02 2.721000e+02
1.025000e+02 2.724000e+02
9.975000e+01 2.727000e+02
9.700000e+01 2.730000e+02
9.450000e+01 2.733000e+02
9.200000e+01 2.736000e+02
8.925000e+01 2.736000e+02
8.650000e+01 2.736000e+02
8.450000e+01 2.736000e+02
8.250000e+01 2.736000e+02
8.025000e+01 2.739000e+02
7.800000e+01 2.742000e+02
7.600000e+01 2.739000e+02
7.400000e+01 2.736000e+02
7.125000e+01 2.733000e+02
6.850000e+01 2.730000e+02
6.725000e+01 2.730000e+02
6.600000e+01 2.730000e+02
6.450000e+01 2.727000e+02
6.300000e+01 2.724000e+02
6.200000e+01 2.721000e+02
6.100000e+01 2.718000e+02
5.975000e+01 2.715000e+02
5.850000e+01 2.712000e+02
5.825000e+01 2.712000e+02
5.800000e+01 2.712000e+02
5.750000e+01 2.712000e+02
5.700000e+01 2.712000e+02
5.650000e+01 2.709000e+02
5.600000e+01 2.706000e+02
5.525000e+01 2.706000e+02
5.450000e+01 2.706000e+02
5.450000e+01 2.706000e+02
5.450000e+01 2.706000e+02
