1.510000e+02 1.146000e+02
1.510000e+02 1.146000e+02
1.510000e+02 1.146000e+02
1.510000e+02 1.146000e+02
1.510000e+02 1.146000e+02
1.510000e+02 1.146000e+02
1.510000e+02 1.146000e+02
1.510000e+02 1.146000e+02
1.510000e+02 1.146000e+02
1.508750e+02 1.146000e+02
1.507500e+02 1.146000e+02
1.505000e+02 1.146000e+02
1.505000e+02 1.146000e+02
1.505000e+02 1.146000e+02
1.505000e+02 1.146000e+02
1.505000e+02 1.146000e+02
1.505000e+02 1.149000e+02
1.505000e+02 1.152000e+02
1.507500e+02 1.155000e+02
1.510000e+02 1.158000e+02
1.515000e+02 1.170000e+02
1.520000e+02 1.182000e+02
1.532500e+02 1.203000e+02
1.545000e+02 1.224000e+02
1.550000e+02 1.233000e+02
1.555000e+02 1.242000e+02
1.572500e+02 1.269000e+02
1.590000e+02 1.296000e+02
1.600000e+02 1.317000e+02
1.610000e+02 1.338000e+02
1.622500e+02 1.359000e+02
1.635000e+02 1.380000e+02
1.647500e+02 1.404000e+02
1.660000e+02 1.428000e+02
1.670000e+02 1.449000e+02
1.680000e+02 1.470000e+02
1.695000e+02 1.494000e+02
1.710000e+02 1.518000e+02
1.722500e+02 1.539000e+02
1.735000e+02 1.560000e+02
1.747500e+02 1.584000e+02
1.760000e+02 1.608000e+02
1.772500e+02 1.626000e+02
1.785000e+02 1.644000e+02
1.795000e+02 1.665000e+02
1.805000e+02 1.686000e+02
1.815000e+02 1.704000e+02
1.825000e+02 1.722000e+02
1.832500e+02 1.737000e+02
1.840000e+02 1.752000e+02
1.847500e+02 1.767000e+02
1.855000e+02 1.782000e+02
1.862500e+02 1.800000e+02
1.870000e+02 1.818000e+02
1.875000e+02 1.824000e+02
1.880000e+02 1.830000e+02
1.885000e+02 1.836000e+02
1.890000e+02 1.842000e+02
1.892500e+02 1.848000e+02
1.895000e+02 1.854000e+02
1.897500e+02 1.860000e+02
1.900000e+02 1.866000e+02
1.902500e+02 1.869000e+02
1.905000e+02 1.872000e+02
1.910000e+02 1.875000e+02
1.915000e+02 1.878000e+02
1.915000e+02 1.881000e+02
1.915000e+02 1.884000e+02
1.915000e+02 1.884000e+02
1.915000e+02 1.884000e+02
1.917500e+02 1.887000e+02
1.920000e+02 1.890000e+02
1.920000e+02 1.890000e+02
1.920000e+02 1.890000e+02
1.922500e+02 1.890000e+02
1.925000e+02 1.890000e+02
1.925000e+02 1.890000e+02
1.925000e+02 1.890000e+02
1.927500e+02 1.890000e+02
1.930000e+02 1.890000e+02
1.930000e+02 1.890000e+02
1.930000e+02 1.890000e+02
1.935000e+02 1.890000e+02
1.940000e+02 1.890000e+02
1.945000e+02 1.890000e+02
1.950000e+02 1.890000e+02
1.955000e+02 1.887000e+02
1.960000e+02 1.884000e+02
1.972500e+02 1.881000e+02
1.985000e+02 1.878000e+02
1.997500e+02 1.872000e+02
2.010000e+02 1.866000e+02
2.030000e+02 1.860000e+02
2.050000e+02 1.854000e+02
2.070000e+02 1.848000e+02
2.090000e+02 1.842000e+02
2.112500e+02 1.836000e+02
2.135000e+02 1.830000e+02
2.165000e+02 1.821000e+02
2.195000e+02 1.812000e+02
2.225000e+02 1.803000e+02
2.255000e+02 1.794000e+02
2.302500e+02 1.779000e+02
2.350000e+02 1.764000e+02
2.367500e+02 1.758000e+02
2.385000e+02 1.752000e+02
2.455000e+02 1.734000e+02
2.525000e+02 1.716000e+02
2.560000e+02 1.704000e+02
2.595000e+02 1.692000e+02
2.632500e+02 1.680000e+02
2.670000e+02 1.668000e+02
2.707500e+02 1.659000e+02
2.745000e+02 1.650000e+02
2.782500e+02 1.641000e+02
2.820000e+02 1.632000e+02
2.860000e+02 1.620000e+02
2.900000e+02 1.608000e+02
2.937500e+02 1.599000e+02
2.975000e+02 1.590000e+02
3.015000e+02 1.581000e+02
3.055000e+02 1.572000e+02
3.097500e+02 1.563000e+02
3.140000e+02 1.554000e+02
3.180000e+02 1.542000e+02
3.220000e+02 1.530000e+02
3.270000e+02 1.521000e+02
3.320000e+02 1.512000e+02
3.365000e+02 1.503000e+02
3.410000e+02 1.494000e+02
3.477500e+02 1.482000e+02
3.545000e+02 1.470000e+02
3.590000e+02 1.461000e+02
3.635000e+02 1.452000e+02
3.682500e+02 1.443000e+02
3.730000e+02 1.434000e+02
3.772500e+02 1.428000e+02
3.815000e+02 1.422000e+02
3.852500e+02 1.416000e+02
3.890000e+02 1.410000e+02
3.925000e+02 1.404000e+02
3.960000e+02 1.398000e+02
3.997500e+02 1.392000e+02
4.035000e+02 1.386000e+02
4.065000e+02 1.383000e+02
4.095000e+02 1.380000e+02
4.127500e+02 1.377000e+02
4.160000e+02 1.374000e+02
4.185000e+02 1.371000e+02
4.210000e+02 1.368000e+02
4.237500e+02 1.365000e+02
4.265000e+02 1.362000e+02
4.290000e+02 1.356000e+02
4.315000e+02 1.350000e+02
4.335000e+02 1.347000e+02
4.355000e+02 1.344000e+02
4.372500e+02 1.341000e+02
4.390000e+02 1.338000e+02
4.407500e+02 1.335000e+02
4.425000e+02 1.332000e+02
4.435000e+02 1.329000e+02
4.445000e+02 1.326000e+02
4.455000e+02 1.326000e+02
4.465000e+02 1.326000e+02
4.472500e+02 1.326000e+02
4.480000e+02 1.326000e+02
4.485000e+02 1.323000e+02
4.490000e+02 1.320000e+02
4.495000e+02 1.320000e+02
4.500000e+02 1.320000e+02
4.502500e+02 1.320000e+02
4.505000e+02 1.320000e+02
4.507500e+02 1.320000e+02
4.510000e+02 1.320000e+02
4.512500e+02 1.320000e+02
4.515000e+02 1.320000e+02
4.517500e+02 1.320000e+02
4.520000e+02 1.320000e+02
4.520000e+02 1.320000e+02
4.520000e+02 1.320000e+02
4.522500e+02 1.320000e+02
4.525000e+02 1.320000e+02
4.525000e+02 1.320000e+02
4.525000e+02 1.320000e+02
4.525000e+02 1.320000e+02
4.525000e+02 1.320000e+02
4.525000e+02 1.320000e+02
4.525000e+02 1.320000e+02
4.527500e+02 1.320000e+02
4.530000e+02 1.320000e+02
4.530000e+02 1.320000e+02
4.530000e+02 1.320000e+02
4.530000e+02 1.320000e+02
4.530000e+02 1.320000e+02
4.530000e+02 1.320000e+02
4.530000e+02 1.320000e+02
4.530000e+02 1.320000e+02
4.530000e+02 1.320000e+02
4.530000e+02 1.320000e+02
4.530000e+02 1.320000e+02
1.510000e+02 1.146000e+02
1.510000e+02 1.146000e+02
1.510000e+02 1.146000e+02
1.510000e+02 1.146000e+02
1.510000e+02 1.146000e+02
1.510000e+02 1.146000e+02
1.510000e+02 1.146000e+02
1.510000e+02 1.146000e+02
1.510000e+02 1.146000e+02
1.508750e+02 1.146000e+02
1.507500e+02 1.146000e+02
1.505000e+02 1.146000e+02
1.505000e+02 1.146000e+02
1.505000e+02 1.146000e+02
1.505000e+02 1.146000e+02
1.505000e+02 1.146000e+02
1.505000e+02 1.149000e+02
1.505000e+02 1.152000e+02
1.507500e+02 1.155000e+02
1.510000e+02 1.158000e+02
1.515000e+02 1.170000e+02
1.520000e+02 1.182000e+02
1.532500e+02 1.203000e+02
1.545000e+02 1.224000e+02
1.550000e+02 1.233000e+02
1.555000e+02 1.242000e+02
1.572500e+02 1.269000e+02
1.590000e+02 1.296000e+02
1.600000e+02 1.317000e+02
1.610000e+02 1.338000e+02
1.622500e+02 1.359000e+02
1.635000e+02 1.380000e+02
1.647500e+02 1.404000e+02
1.660000e+02 1.428000e+02
1.670000e+02 1.449000e+02
1.680000e+02 1.470000e+02
1.695000e+02 1.494000e+02
1.710000e+02 1.518000e+02
1.722500e+02 1.539000e+02
1.735000e+02 1.560000e+02
1.747500e+02 1.584000e+02
1.760000e+02 1.608000e+02
1.772500e+02 1.626000e+02
1.785000e+02 1.644000e+02
1.795000e+02 1.665000e+02
1.805000e+02 1.686000e+02
1.815000e+02 1.704000e+02
1.825000e+02 1.722000e+02
1.832500e+02 1.737000e+02
1.840000e+02 1.752000e+02
1.847500e+02 1.767000e+02
1.855000e+02 1.782000e+02
1.862500e+02 1.800000e+02
1.870000e+02 1.818000e+02
1.875000e+02 1.824000e+02
1.880000e+02 1.830000e+02
1.885000e+02 1.836000e+02
1.890000e+02 1.842000e+02
1.892500e+02 1.848000e+02
1.895000e+02 1.854000e+02
1.897500e+02 1.860000e+02
1.900000e+02 1.866000e+02
1.902500e+02 1.869000e+02
1.905000e+02 1.872000e+02
1.910000e+02 1.875000e+02
1.915000e+02 1.878000e+02
1.915000e+02 1.881000e+02
1.915000e+02 1.884000e+02
1.915000e+02 1.884000e+02
1.915000e+02 1.884000e+02
1.917500e+02 1.887000e+02
1.920000e+02 1.890000e+02
1.920000e+02 1.890000e+02
1.920000e+02 1.890000e+02
1.922500e+02 1.890000e+02
1.925000e+02 1.890000e+02
1.925000e+02 1.890000e+02
1.925000e+02 1.890000e+02
1.927500e+02 1.890000e+02
1.930000e+02 1.890000e+02
1.930000e+02 1.890000e+02
1.930000e+02 1.890000e+02
1.935000e+02 1.890000e+02
1.940000e+02 1.890000e+02
1.945000e+02 1.890000e+02
1.950000e+02 1.890000e+02
1.955000e+02 1.887000e+02
1.960000e+02 1.884000e+02
1.972500e+02 1.881000e+02
1.985000e+02 1.878000e+02
1.997500e+02 1.872000e+02
2.010000e+02 1.866000e+02
2.030000e+02 1.860000e+02
2.050000e+02 1.854000e+02
2.070000e+02 1.848000e+02
2.090000e+02 1.842000e+02
2.112500e+02 1.836000e+02
2.135000e+02 1.830000e+02
2.165000e+02 1.821000e+02
2.195000e+02 1.812000e+02
2.225000e+02 1.803000e+02
2.255000e+02 1.794000e+02
2.302500e+02 1.779000e+02
2.350000e+02 1.764000e+02
2.367500e+02 1.758000e+02
2.385000e+02 1.752000e+02
2.455000e+02 1.734000e+02
2.525000e+02 1.716000e+02
2.560000e+02 1.704000e+02
2.595000e+02 1.692000e+02
2.632500e+02 1.680000e+02
2.670000e+02 1.668000e+02
2.707500e+02 1.659000e+02
2.745000e+02 1.650000e+02
2.782500e+02 1.641000e+02
2.820000e+02 1.632000e+02
2.860000e+02 1.620000e+02
2.900000e+02 1.608000e+02
2.937500e+02 1.599000e+02
2.975000e+02 1.590000e+02
3.015000e+02 1.581000e+02
3.055000e+02 1.572000e+02
3.097500e+02 1.563000e+02
3.140000e+02 1.554000e+02
3.180000e+02 1.542000e+02
3.220000e+02 1.530000e+02
3.270000e+02 1.521000e+02
3.320000e+02 1.512000e+02
3.365000e+02 1.503000e+02
3.410000e+02 1.494000e+02
3.477500e+02 1.482000e+02
3.545000e+02 1.470000e+02
3.590000e+02 1.461000e+02
3.635000e+02 1.452000e+02
3.682500e+02 1.443000e+02
3.730000e+02 1.434000e+02
3.772500e+02 1.428000e+02
3.815000e+02 1.422000e+02
3.852500e+02 1.416000e+02
3.890000e+02 1.410000e+02
3.925000e+02 1.404000e+02
3.960000e+02 1.398000e+02
3.997500e+02 1.392000e+02
4.035000e+02 1.386000e+02
4.065000e+02 1.383000e+02
4.095000e+02 1.380000e+02
4.127500e+02 1.377000e+02
4.160000e+02 1.374000e+02
4.185000e+02 1.371000e+02
4.210000e+02 1.368000e+02
4.237500e+02 1.365000e+02
4.265000e+02 1.362000e+02
4.290000e+02 1.356000e+02
4.315000e+02 1.350000e+02
4.335000e+02 1.347000e+02
4.355000e+02 1.344000e+02
4.372500e+02 1.341000e+02
4.390000e+02 1.338000e+02
4.407500e+02 1.335000e+02
4.425000e+02 1.332000e+02
4.435000e+02 1.329000e+02
4.445000e+02 1.326000e+02
4.455000e+02 1.326000e+02
4.465000e+02 1.326000e+02
4.472500e+02 1.326000e+02
4.480000e+02 1.326000e+02
4.485000e+02 1.323000e+02
4.490000e+02 1.320000e+02
4.495000e+02 1.320000e+02
4.500000e+02 1.320000e+02
4.502500e+02 1.320000e+02
4.505000e+02 1.320000e+02
4.507500e+02 1.320000e+02
4.510000e+02 1.320000e+02
4.512500e+02 1.320000e+02
4.515000e+02 1.320000e+02
4.517500e+02 1.320000e+02
4.520000e+02 1.320000e+02
4.520000e+02 1.320000e+02
4.520000e+02 1.320000e+02
4.522500e+02 1.320000e+02
4.525000e+02 1.320000e+02
4.525000e+02 1.320000e+02
4.525000e+02 1.320000e+02
4.525000e+02 1.320000e+02
4.525000e+02 1.320000e+02
4.525000e+02 1.320000e+02
4.525000e+02 1.320000e+02
4.527500e+02 1.320000e+02
4.530000e+02 1.320000e+02
4.530000e+02 1.320000e+02
4.530000e+02 1.320000e+02
4.530000e+02 1.320000e+02
4.530000e+02 1.320000e+02
4.530000e+02 1.320000e+02
4.530000e+02 1.320000e+02
4.530000e+02 1.320000e+02
4.530000e+02 1.320000e+02
4.530000e+02 1.320000e+02
4.530000e+02 1.320000e+02
1.510000e+02 1.146000e+02
1.510000e+02 1.146000e+02
1.510000e+02 1.146000e+02
1.510000e+02 1.146000e+02
1.510000e+02 1.146000e+02
1.510000e+02 1.146000e+02
1.510000e+02 1.146000e+02
1.510000e+02 1.146000e+02
1.510000e+02 1.146000e+02
1.508750e+02 1.146000e+02
1.507500e+02 1.146000e+02
1.505000e+02 1.146000e+02
1.505000e+02 1.146000e+02
1.505000e+02 1.146000e+02
1.505000e+02 1.146000e+02
1.505000e+02 1.146000e+02
1.505000e+02 1.149000e+02
1.505000e+02 1.152000e+02
1.507500e+02 1.155000e+02
1.510000e+02 1.158000e+02
1.515000e+02 1.170000e+02
1.520000e+02 1.182000e+02
1.532500e+02 1.203000e+02
1.545000e+02 1.224000e+02
1.550000e+02 1.233000e+02
1.555000e+02 1.242000e+02
1.572500e+02 1.269000e+02
1.590000e+02 1.296000e+02
1.600000e+02 1.317000e+02
1.610000e+02 1.338000e+02
1.622500e+02 1.359000e+02
1.635000e+02 1.380000e+02
1.647500e+02 1.404000e+02
1.660000e+02 1.428000e+02
1.670000e+02 1.449000e+02
1.680000e+02 1.470000e+02
1.695000e+02 1.494000e+02
1.710000e+02 1.518000e+02
1.722500e+02 1.539000e+02
1.735000e+02 1.560000e+02
1.747500e+02 1.584000e+02
1.760000e+02 1.608000e+02
1.772500e+02 1.626000e+02
1.785000e+02 1.644000e+02
1.795000e+02 1.665000e+02
1.805000e+02 1.686000e+02
1.815000e+02 1.704000e+02
1.825000e+02 1.722000e+02
1.832500e+02 1.737000e+02
1.840000e+02 1.752000e+02
1.847500e+02 1.767000e+02
1.855000e+02 1.782000e+02
1.862500e+02 1.800000e+02
1.870000e+02 1.818000e+02
1.875000e+02 1.824000e+02
1.880000e+02 1.830000e+02
1.885000e+02 1.836000e+02
1.890000e+02 1.842000e+02
1.892500e+02 1.848000e+02
1.895000e+02 1.854000e+02
1.897500e+02 1.860000e+02
1.900000e+02 1.866000e+02
1.902500e+02 1.869000e+02
1.905000e+02 1.872000e+02
1.910000e+02 1.875000e+02
1.915000e+02 1.878000e+02
1.915000e+02 1.881000e+02
1.915000e+02 1.884000e+02
1.915000e+02 1.884000e+02
1.915000e+02 1.884000e+02
1.917500e+02 1.887000e+02
1.920000e+02 1.890000e+02
1.920000e+02 1.890000e+02
1.920000e+02 1.890000e+02
1.922500e+02 1.890000e+02
1.925000e+02 1.890000e+02
1.925000e+02 1.890000e+02
1.925000e+02 1.890000e+02
1.927500e+02 1.890000e+02
1.930000e+02 1.890000e+02
1.930000e+02 1.890000e+02
1.930000e+02 1.890000e+02
1.935000e+02 1.890000e+02
1.940000e+02 1.890000e+02
1.945000e+02 1.890000e+02
1.950000e+02 1.890000e+02
1.955000e+02 1.887000e+02
1.960000e+02 1.884000e+02
1.972500e+02 1.881000e+02
1.985000e+02 1.878000e+02
1.997500e+02 1.872000e+02
2.010000e+02 1.866000e+02
2.030000e+02 1.860000e+02
2.050000e+02 1.854000e+02
2.070000e+02 1.848000e+02
2.090000e+02 1.842000e+02
2.112500e+02 1.836000e+02
2.135000e+02 1.830000e+02
2.165000e+02 1.821000e+02
2.195000e+02 1.812000e+02
2.225000e+02 1.803000e+02
2.255000e+02 1.794000e+02
2.302500e+02 1.779000e+02
2.350000e+02 1.764000e+02
2.367500e+02 1.758000e+02
2.385000e+02 1.752000e+02
2.455000e+02 1.734000e+02
2.525000e+02 1.716000e+02
2.560000e+02 1.704000e+02
2.595000e+02 1.692000e+02
2.632500e+02 1.680000e+02
2.670000e+02 1.668000e+02
2.707500e+02 1.659000e+02
2.745000e+02 1.650000e+02
2.782500e+02 1.641000e+02
2.820000e+02 1.632000e+02
2.860000e+02 1.620000e+02
2.900000e+02 1.608000e+02
2.937500e+02 1.599000e+02
2.975000e+02 1.590000e+02
3.015000e+02 1.581000e+02
3.055000e+02 1.572000e+02
3.097500e+02 1.563000e+02
3.140000e+02 1.554000e+02
3.180000e+02 1.542000e+02
3.220000e+02 1.530000e+02
3.270000e+02 1.521000e+02
3.320000e+02 1.512000e+02
3.365000e+02 1.503000e+02
3.410000e+02 1.494000e+02
3.477500e+02 1.482000e+02
3.545000e+02 1.470000e+02
3.590000e+02 1.461000e+02
3.635000e+02 1.452000e+02
3.682500e+02 1.443000e+02
3.730000e+02 1.434000e+02
3.772500e+02 1.428000e+02
3.815000e+02 1.422000e+02
3.852500e+02 1.416000e+02
3.890000e+02 1.410000e+02
3.925000e+02 1.404000e+02
3.960000e+02 1.398000e+02
3.997500e+02 1.392000e+02
4.035000e+02 1.386000e+02
4.065000e+02 1.383000e+02
4.095000e+02 1.380000e+02
4.127500e+02 1.377000e+02
4.160000e+02 1.374000e+02
4.185000e+02 1.371000e+02
4.210000e+02 1.368000e+02
4.237500e+02 1.365000e+02
4.265000e+02 1.362000e+02
4.290000e+02 1.356000e+02
4.315000e+02 1.350000e+02
4.335000e+02 1.347000e+02
4.355000e+02 1.344000e+02
4.372500e+02 1.341000e+02
4.390000e+02 1.338000e+02
4.407500e+02 1.335000e+02
4.425000e+02 1.332000e+02
4.435000e+02 1.329000e+02
4.445000e+02 1.326000e+02
4.455000e+02 1.326000e+02
4.465000e+02 1.326000e+02
4.472500e+02 1.326000e+02
4.480000e+02 1.326000e+02
4.485000e+02 1.323000e+02
4.490000e+02 1.320000e+02
4.495000e+02 1.320000e+02
4.500000e+02 1.320000e+02
4.502500e+02 1.320000e+02
4.505000e+02 1.320000e+02
4.507500e+02 1.320000e+02
4.510000e+02 1.320000e+02
4.512500e+02 1.320000e+02
4.515000e+02 1.320000e+02
4.517500e+02 1.320000e+02
4.520000e+02 1.320000e+02
4.520000e+02 1.320000e+02
4.520000e+02 1.320000e+02
4.522500e+02 1.320000e+02
4.525000e+02 1.320000e+02
4.525000e+02 1.320000e+02
4.525000e+02 1.320000e+02
4.525000e+02 1.320000e+02
4.525000e+02 1.320000e+02
4.525000e+02 1.320000e+02
4.525000e+02 1.320000e+02
4.527500e+02 1.320000e+02
4.530000e+02 1.320000e+02
4.530000e+02 1.320000e+02
4.530000e+02 1.320000e+02
4.530000e+02 1.320000e+02
4.530000e+02 1.320000e+02
4.530000e+02 1.320000e+02
4.530000e+02 1.320000e+02
4.530000e+02 1.320000e+02
4.530000e+02 1.320000e+02
4.530000e+02 1.320000e+02
4.530000e+02 1.320000e+02
