2.380000e+02 3.840000e+02
2.380000e+02 3.840000e+02
2.380000e+02 3.840000e+02
2.382500e+02 3.825000e+02
2.385000e+02 3.810000e+02
2.390000e+02 3.798000e+02
2.395000e+02 3.786000e+02
2.397500e+02 3.774000e+02
2.400000e+02 3.762000e+02
2.407500e+02 3.729000e+02
2.415000e+02 3.696000e+02
2.425000e+02 3.660000e+02
2.435000e+02 3.624000e+02
2.437500e+02 3.600000e+02
2.440000e+02 3.576000e+02
2.447500e+02 3.528000e+02
2.455000e+02 3.480000e+02
2.460000e+02 3.456000e+02
2.465000e+02 3.432000e+02
2.470000e+02 3.372000e+02
2.475000e+02 3.312000e+02
2.490000e+02 3.174000e+02
2.500000e+02 3.108000e+02
2.520000e+02 2.964000e+02
2.540000e+02 2.814000e+02
2.565000e+02 2.664000e+02
2.590000e+02 2.514000e+02
2.610000e+02 2.442000e+02
2.620000e+02 2.370000e+02
2.650000e+02 2.226000e+02
2.665000e+02 2.154000e+02
2.690000e+02 2.004000e+02
2.710000e+02 1.866000e+02
2.725000e+02 1.800000e+02
2.745000e+02 1.674000e+02
2.770000e+02 1.566000e+02
2.785000e+02 1.458000e+02
2.805000e+02 1.368000e+02
2.825000e+02 1.284000e+02
2.835000e+02 1.248000e+02
2.860000e+02 1.188000e+02
2.880000e+02 1.140000e+02
2.890000e+02 1.122000e+02
2.905000e+02 1.086000e+02
2.925000e+02 1.068000e+02
2.930000e+02 1.062000e+02
2.940000e+02 1.062000e+02
2.960000e+02 1.068000e+02
2.965000e+02 1.074000e+02
2.990000e+02 1.092000e+02
3.010000e+02 1.134000e+02
3.025000e+02 1.158000e+02
3.050000e+02 1.212000e+02
3.080000e+02 1.284000e+02
3.095000e+02 1.320000e+02
3.130000e+02 1.410000e+02
3.170000e+02 1.512000e+02
3.190000e+02 1.572000e+02
3.235000e+02 1.692000e+02
3.275000e+02 1.824000e+02
3.295000e+02 1.884000e+02
3.315000e+02 1.950000e+02
3.360000e+02 2.088000e+02
3.395000e+02 2.220000e+02
3.415000e+02 2.286000e+02
3.455000e+02 2.418000e+02
3.495000e+02 2.550000e+02
3.545000e+02 2.682000e+02
3.595000e+02 2.808000e+02
3.620000e+02 2.868000e+02
3.670000e+02 2.982000e+02
3.700000e+02 3.036000e+02
3.730000e+02 3.090000e+02
3.755000e+02 3.144000e+02
3.780000e+02 3.198000e+02
3.835000e+02 3.300000e+02
3.860000e+02 3.348000e+02
3.905000e+02 3.432000e+02
3.925000e+02 3.474000e+02
3.965000e+02 3.558000e+02
3.985000e+02 3.594000e+02
4.015000e+02 3.660000e+02
4.025000e+02 3.690000e+02
4.040000e+02 3.738000e+02
4.055000e+02 3.780000e+02
4.055000e+02 3.798000e+02
4.060000e+02 3.816000e+02
4.050000e+02 3.834000e+02
4.030000e+02 3.834000e+02
4.015000e+02 3.834000e+02
4.000000e+02 3.834000e+02
3.955000e+02 3.816000e+02
3.900000e+02 3.792000e+02
3.825000e+02 3.756000e+02
3.740000e+02 3.714000e+02
3.645000e+02 3.666000e+02
3.590000e+02 3.642000e+02
3.470000e+02 3.588000e+02
3.335000e+02 3.528000e+02
3.265000e+02 3.498000e+02
3.120000e+02 3.438000e+02
2.970000e+02 3.378000e+02
2.895000e+02 3.348000e+02
2.750000e+02 3.288000e+02
2.595000e+02 3.222000e+02
2.520000e+02 3.186000e+02
2.370000e+02 3.120000e+02
2.230000e+02 3.048000e+02
2.095000e+02 2.988000e+02
2.025000e+02 2.958000e+02
1.890000e+02 2.898000e+02
1.830000e+02 2.868000e+02
1.715000e+02 2.820000e+02
1.610000e+02 2.766000e+02
1.520000e+02 2.718000e+02
1.445000e+02 2.682000e+02
1.385000e+02 2.658000e+02
1.335000e+02 2.634000e+02
1.300000e+02 2.622000e+02
1.275000e+02 2.610000e+02
1.270000e+02 2.604000e+02
1.270000e+02 2.586000e+02
1.275000e+02 2.574000e+02
1.300000e+02 2.550000e+02
1.340000e+02 2.526000e+02
1.370000e+02 2.514000e+02
1.440000e+02 2.484000e+02
1.545000e+02 2.442000e+02
1.610000e+02 2.424000e+02
1.755000e+02 2.382000e+02
1.915000e+02 2.340000e+02
2.000000e+02 2.322000e+02
2.185000e+02 2.268000e+02
2.280000e+02 2.244000e+02
2.490000e+02 2.196000e+02
2.700000e+02 2.136000e+02
2.805000e+02 2.106000e+02
2.910000e+02 2.082000e+02
3.125000e+02 2.028000e+02
3.330000e+02 1.968000e+02
3.435000e+02 1.944000e+02
3.640000e+02 1.896000e+02
3.825000e+02 1.854000e+02
3.915000e+02 1.830000e+02
4.090000e+02 1.788000e+02
4.255000e+02 1.758000e+02
4.335000e+02 1.740000e+02
4.480000e+02 1.722000e+02
4.605000e+02 1.710000e+02
4.655000e+02 1.704000e+02
4.750000e+02 1.698000e+02
4.820000e+02 1.698000e+02
4.845000e+02 1.698000e+02
4.885000e+02 1.698000e+02
4.910000e+02 1.698000e+02
4.920000e+02 1.698000e+02
4.930000e+02 1.704000e+02
4.930000e+02 1.710000e+02
4.925000e+02 1.716000e+02
4.900000e+02 1.728000e+02
4.865000e+02 1.764000e+02
4.840000e+02 1.782000e+02
4.815000e+02 1.800000e+02
4.755000e+02 1.842000e+02
4.720000e+02 1.872000e+02
4.635000e+02 1.926000e+02
4.540000e+02 1.992000e+02
4.420000e+02 2.070000e+02
4.285000e+02 2.166000e+02
4.140000e+02 2.274000e+02
3.970000e+02 2.394000e+02
3.810000e+02 2.526000e+02
3.730000e+02 2.592000e+02
3.575000e+02 2.718000e+02
3.430000e+02 2.838000e+02
3.360000e+02 2.904000e+02
3.210000e+02 3.042000e+02
3.080000e+02 3.162000e+02
3.015000e+02 3.222000e+02
2.895000e+02 3.336000e+02
2.785000e+02 3.444000e+02
2.675000e+02 3.552000e+02
2.570000e+02 3.660000e+02
2.475000e+02 3.750000e+02
2.395000e+02 3.834000e+02
2.360000e+02 3.870000e+02
2.295000e+02 3.930000e+02
2.270000e+02 3.960000e+02
2.220000e+02 4.008000e+02
2.175000e+02 4.050000e+02
2.140000e+02 4.086000e+02
2.125000e+02 4.104000e+02
2.095000e+02 4.128000e+02
2.070000e+02 4.146000e+02
2.050000e+02 4.158000e+02
2.035000e+02 4.170000e+02
2.025000e+02 4.176000e+02
2.020000e+02 4.176000e+02
2.020000e+02 4.170000e+02
2.020000e+02 4.170000e+02
2.380000e+02 3.840000e+02
2.380000e+02 3.840000e+02
2.380000e+02 3.840000e+02
2.382500e+02 3.825000e+02
2.385000e+02 3.810000e+02
2.390000e+02 3.798000e+02
2.395000e+02 3.786000e+02
2.397500e+02 3.774000e+02
2.400000e+02 3.762000e+02
2.407500e+02 3.729000e+02
2.415000e+02 3.696000e+02
2.425000e+02 3.660000e+02
2.435000e+02 3.624000e+02
2.437500e+02 3.600000e+02
2.440000e+02 3.576000e+02
2.447500e+02 3.528000e+02
2.455000e+02 3.480000e+02
2.460000e+02 3.456000e+02
2.465000e+02 3.432000e+02
2.470000e+02 3.372000e+02
2.475000e+02 3.312000e+02
2.490000e+02 3.174000e+02
2.500000e+02 3.108000e+02
2.520000e+02 2.964000e+02
2.540000e+02 2.814000e+02
2.565000e+02 2.664000e+02
2.590000e+02 2.514000e+02
2.610000e+02 2.442000e+02
2.620000e+02 2.370000e+02
2.650000e+02 2.226000e+02
2.665000e+02 2.154000e+02
2.690000e+02 2.004000e+02
2.710000e+02 1.866000e+02
2.725000e+02 1.800000e+02
2.745000e+02 1.674000e+02
2.770000e+02 1.566000e+02
2.785000e+02 1.458000e+02
2.805000e+02 1.368000e+02
2.825000e+02 1.284000e+02
2.835000e+02 1.248000e+02
2.860000e+02 1.188000e+02
2.880000e+02 1.140000e+02
2.890000e+02 1.122000e+02
2.905000e+02 1.086000e+02
2.925000e+02 1.068000e+02
2.930000e+02 1.062000e+02
2.940000e+02 1.062000e+02
2.960000e+02 1.068000e+02
2.965000e+02 1.074000e+02
2.990000e+02 1.092000e+02
3.010000e+02 1.134000e+02
3.025000e+02 1.158000e+02
3.050000e+02 1.212000e+02
3.080000e+02 1.284000e+02
3.095000e+02 1.320000e+02
3.130000e+02 1.410000e+02
3.170000e+02 1.512000e+02
3.190000e+02 1.572000e+02
3.235000e+02 1.692000e+02
3.275000e+02 1.824000e+02
3.295000e+02 1.884000e+02
3.315000e+02 1.950000e+02
3.360000e+02 2.088000e+02
3.395000e+02 2.220000e+02
3.415000e+02 2.286000e+02
3.455000e+02 2.418000e+02
3.495000e+02 2.550000e+02
3.545000e+02 2.682000e+02
3.595000e+02 2.808000e+02
3.620000e+02 2.868000e+02
3.670000e+02 2.982000e+02
3.700000e+02 3.036000e+02
3.730000e+02 3.090000e+02
3.755000e+02 3.144000e+02
3.780000e+02 3.198000e+02
3.835000e+02 3.300000e+02
3.860000e+02 3.348000e+02
3.905000e+02 3.432000e+02
3.925000e+02 3.474000e+02
3.965000e+02 3.558000e+02
3.985000e+02 3.594000e+02
4.015000e+02 3.660000e+02
4.025000e+02 3.690000e+02
4.040000e+02 3.738000e+02
4.055000e+02 3.780000e+02
4.055000e+02 3.798000e+02
4.060000e+02 3.816000e+02
4.050000e+02 3.834000e+02
4.030000e+02 3.834000e+02
4.015000e+02 3.834000e+02
4.000000e+02 3.834000e+02
3.955000e+02 3.816000e+02
3.900000e+02 3.792000e+02
3.825000e+02 3.756000e+02
3.740000e+02 3.714000e+02
3.645000e+02 3.666000e+02
3.590000e+02 3.642000e+02
3.470000e+02 3.588000e+02
3.335000e+02 3.528000e+02
3.265000e+02 3.498000e+02
3.120000e+02 3.438000e+02
2.970000e+02 3.378000e+02
2.895000e+02 3.348000e+02
2.750000e+02 3.288000e+02
2.595000e+02 3.222000e+02
2.520000e+02 3.186000e+02
2.370000e+02 3.120000e+02
2.230000e+02 3.048000e+02
2.095000e+02 2.988000e+02
2.025000e+02 2.958000e+02
1.890000e+02 2.898000e+02
1.830000e+02 2.868000e+02
1.715000e+02 2.820000e+02
1.610000e+02 2.766000e+02
1.520000e+02 2.718000e+02
1.445000e+02 2.682000e+02
1.385000e+02 2.658000e+02
1.335000e+02 2.634000e+02
1.300000e+02 2.622000e+02
1.275000e+02 2.610000e+02
1.270000e+02 2.604000e+02
1.270000e+02 2.586000e+02
1.275000e+02 2.574000e+02
1.300000e+02 2.550000e+02
1.340000e+02 2.526000e+02
1.370000e+02 2.514000e+02
1.440000e+02 2.484000e+02
1.545000e+02 2.442000e+02
1.610000e+02 2.424000e+02
1.755000e+02 2.382000e+02
1.915000e+02 2.340000e+02
2.000000e+02 2.322000e+02
2.185000e+02 2.268000e+02
2.280000e+02 2.244000e+02
2.490000e+02 2.196000e+02
2.700000e+02 2.136000e+02
2.805000e+02 2.106000e+02
2.910000e+02 2.082000e+02
3.125000e+02 2.028000e+02
3.330000e+02 1.968000e+02
3.435000e+02 1.944000e+02
3.640000e+02 1.896000e+02
3.825000e+02 1.854000e+02
3.915000e+02 1.830000e+02
4.090000e+02 1.788000e+02
4.255000e+02 1.758000e+02
4.335000e+02 1.740000e+02
4.480000e+02 1.722000e+02
4.605000e+02 1.710000e+02
4.655000e+02 1.704000e+02
4.750000e+02 1.698000e+02
4.820000e+02 1.698000e+02
4.845000e+02 1.698000e+02
4.885000e+02 1.698000e+02
4.910000e+02 1.698000e+02
4.920000e+02 1.698000e+02
4.930000e+02 1.704000e+02
4.930000e+02 1.710000e+02
4.925000e+02 1.716000e+02
4.900000e+02 1.728000e+02
4.865000e+02 1.764000e+02
4.840000e+02 1.782000e+02
4.815000e+02 1.800000e+02
4.755000e+02 1.842000e+02
4.720000e+02 1.872000e+02
4.635000e+02 1.926000e+02
4.540000e+02 1.992000e+02
4.420000e+02 2.070000e+02
4.285000e+02 2.166000e+02
4.140000e+02 2.274000e+02
3.970000e+02 2.394000e+02
3.810000e+02 2.526000e+02
3.730000e+02 2.592000e+02
3.575000e+02 2.718000e+02
3.430000e+02 2.838000e+02
3.360000e+02 2.904000e+02
3.210000e+02 3.042000e+02
3.080000e+02 3.162000e+02
3.015000e+02 3.222000e+02
2.895000e+02 3.336000e+02
2.785000e+02 3.444000e+02
2.675000e+02 3.552000e+02
2.570000e+02 3.660000e+02
2.475000e+02 3.750000e+02
2.395000e+02 3.834000e+02
2.360000e+02 3.870000e+02
2.295000e+02 3.930000e+02
2.270000e+02 3.960000e+02
2.220000e+02 4.008000e+02
2.175000e+02 4.050000e+02
2.140000e+02 4.086000e+02
2.125000e+02 4.104000e+02
2.095000e+02 4.128000e+02
2.070000e+02 4.146000e+02
2.050000e+02 4.158000e+02
2.035000e+02 4.170000e+02
2.025000e+02 4.176000e+02
2.020000e+02 4.176000e+02
2.020000e+02 4.170000e+02
2.020000e+02 4.170000e+02
2.380000e+02 3.840000e+02
2.380000e+02 3.840000e+02
2.380000e+02 3.840000e+02
2.382500e+02 3.825000e+02
2.385000e+02 3.810000e+02
2.390000e+02 3.798000e+02
2.395000e+02 3.786000e+02
2.397500e+02 3.774000e+02
2.400000e+02 3.762000e+02
2.407500e+02 3.729000e+02
2.415000e+02 3.696000e+02
2.425000e+02 3.660000e+02
2.435000e+02 3.624000e+02
2.437500e+02 3.600000e+02
2.440000e+02 3.576000e+02
2.447500e+02 3.528000e+02
2.455000e+02 3.480000e+02
2.460000e+02 3.456000e+02
2.465000e+02 3.432000e+02
2.470000e+02 3.372000e+02
2.475000e+02 3.312000e+02
2.490000e+02 3.174000e+02
2.500000e+02 3.108000e+02
2.520000e+02 2.964000e+02
2.540000e+02 2.814000e+02
2.565000e+02 2.664000e+02
2.590000e+02 2.514000e+02
2.610000e+02 2.442000e+02
2.620000e+02 2.370000e+02
2.650000e+02 2.226000e+02
2.665000e+02 2.154000e+02
2.690000e+02 2.004000e+02
2.710000e+02 1.866000e+02
2.725000e+02 1.800000e+02
2.745000e+02 1.674000e+02
2.770000e+02 1.566000e+02
2.785000e+02 1.458000e+02
2.805000e+02 1.368000e+02
2.825000e+02 1.284000e+02
2.835000e+02 1.248000e+02
2.860000e+02 1.188000e+02
2.880000e+02 1.140000e+02
2.890000e+02 1.122000e+02
2.905000e+02 1.086000e+02
2.925000e+02 1.068000e+02
2.930000e+02 1.062000e+02
2.940000e+02 1.062000e+02
2.960000e+02 1.068000e+02
2.965000e+02 1.074000e+02
2.990000e+02 1.092000e+02
3.010000e+02 1.134000e+02
3.025000e+02 1.158000e+02
3.050000e+02 1.212000e+02
3.080000e+02 1.284000e+02
3.095000e+02 1.320000e+02
3.130000e+02 1.410000e+02
3.170000e+02 1.512000e+02
3.190000e+02 1.572000e+02
3.235000e+02 1.692000e+02
3.275000e+02 1.824000e+02
3.295000e+02 1.884000e+02
3.315000e+02 1.950000e+02
3.360000e+02 2.088000e+02
3.395000e+02 2.220000e+02
3.415000e+02 2.286000e+02
3.455000e+02 2.418000e+02
3.495000e+02 2.550000e+02
3.545000e+02 2.682000e+02
3.595000e+02 2.808000e+02
3.620000e+02 2.868000e+02
3.670000e+02 2.982000e+02
3.700000e+02 3.036000e+02
3.730000e+02 3.090000e+02
3.755000e+02 3.144000e+02
3.780000e+02 3.198000e+02
3.835000e+02 3.300000e+02
3.860000e+02 3.348000e+02
3.905000e+02 3.432000e+02
3.925000e+02 3.474000e+02
3.965000e+02 3.558000e+02
3.985000e+02 3.594000e+02
4.015000e+02 3.660000e+02
4.025000e+02 3.690000e+02
4.040000e+02 3.738000e+02
4.055000e+02 3.780000e+02
4.055000e+02 3.798000e+02
4.060000e+02 3.816000e+02
4.050000e+02 3.834000e+02
4.030000e+02 3.834000e+02
4.015000e+02 3.834000e+02
4.000000e+02 3.834000e+02
3.955000e+02 3.816000e+02
3.900000e+02 3.792000e+02
3.825000e+02 3.756000e+02
3.740000e+02 3.714000e+02
3.645000e+02 3.666000e+02
3.590000e+02 3.642000e+02
3.470000e+02 3.588000e+02
3.335000e+02 3.528000e+02
3.265000e+02 3.498000e+02
3.120000e+02 3.438000e+02
2.970000e+02 3.378000e+02
2.895000e+02 3.348000e+02
2.750000e+02 3.288000e+02
2.595000e+02 3.222000e+02
2.520000e+02 3.186000e+02
2.370000e+02 3.120000e+02
2.230000e+02 3.048000e+02
2.095000e+02 2.988000e+02
2.025000e+02 2.958000e+02
1.890000e+02 2.898000e+02
1.830000e+02 2.868000e+02
1.715000e+02 2.820000e+02
1.610000e+02 2.766000e+02
1.520000e+02 2.718000e+02
1.445000e+02 2.682000e+02
1.385000e+02 2.658000e+02
1.335000e+02 2.634000e+02
1.300000e+02 2.622000e+02
1.275000e+02 2.610000e+02
1.270000e+02 2.604000e+02
1.270000e+02 2.586000e+02
1.275000e+02 2.574000e+02
1.300000e+02 2.550000e+02
1.340000e+02 2.526000e+02
1.370000e+02 2.514000e+02
1.440000e+02 2.484000e+02
1.545000e+02 2.442000e+02
1.610000e+02 2.424000e+02
1.755000e+02 2.382000e+02
1.915000e+02 2.340000e+02
2.000000e+02 2.322000e+02
2.185000e+02 2.268000e+02
2.280000e+02 2.244000e+02
2.490000e+02 2.196000e+02
2.700000e+02 2.136000e+02
2.805000e+02 2.106000e+02
2.910000e+02 2.082000e+02
3.125000e+02 2.028000e+02
3.330000e+02 1.968000e+02
3.435000e+02 1.944000e+02
3.640000e+02 1.896000e+02
3.825000e+02 1.854000e+02
3.915000e+02 1.830000e+02
4.090000e+02 1.788000e+02
4.255000e+02 1.758000e+02
4.335000e+02 1.740000e+02
4.480000e+02 1.722000e+02
4.605000e+02 1.710000e+02
4.655000e+02 1.704000e+02
4.750000e+02 1.698000e+02
4.820000e+02 1.698000e+02
4.845000e+02 1.698000e+02
4.885000e+02 1.698000e+02
4.910000e+02 1.698000e+02
4.920000e+02 1.698000e+02
4.930000e+02 1.704000e+02
4.930000e+02 1.710000e+02
4.925000e+02 1.716000e+02
4.900000e+02 1.728000e+02
4.865000e+02 1.764000e+02
4.840000e+02 1.782000e+02
4.815000e+02 1.800000e+02
4.755000e+02 1.842000e+02
4.720000e+02 1.872000e+02
4.635000e+02 1.926000e+02
4.540000e+02 1.992000e+02
4.420000e+02 2.070000e+02
4.285000e+02 2.166000e+02
4.140000e+02 2.274000e+02
3.970000e+02 2.394000e+02
3.810000e+02 2.526000e+02
3.730000e+02 2.592000e+02
3.575000e+02 2.718000e+02
3.430000e+02 2.838000e+02
3.360000e+02 2.904000e+02
3.210000e+02 3.042000e+02
3.080000e+02 3.162000e+02
3.015000e+02 3.222000e+02
2.895000e+02 3.336000e+02
2.785000e+02 3.444000e+02
2.675000e+02 3.552000e+02
2.570000e+02 3.660000e+02
2.475000e+02 3.750000e+02
2.395000e+02 3.834000e+02
2.360000e+02 3.870000e+02
2.295000e+02 3.930000e+02
2.270000e+02 3.960000e+02
2.220000e+02 4.008000e+02
2.175000e+02 4.050000e+02
2.140000e+02 4.086000e+02
2.125000e+02 4.104000e+02
2.095000e+02 4.128000e+02
2.070000e+02 4.146000e+02
2.050000e+02 4.158000e+02
2.035000e+02 4.170000e+02
2.025000e+02 4.176000e+02
2.020000e+02 4.176000e+02
2.020000e+02 4.170000e+02
2.020000e+02 4.170000e+02
