6.095000e+02 3.444000e+02
6.095000e+02 3.444000e+02
6.095000e+02 3.444000e+02
6.095000e+02 3.444000e+02
6.095000e+02 3.444000e+02
6.095000e+02 3.444000e+02
6.095000e+02 3.444000e+02
6.095000e+02 3.444000e+02
6.095000e+02 3.444000e+02
6.095000e+02 3.444000e+02
6.095000e+02 3.444000e+02
6.095000e+02 3.444000e+02
6.095000e+02 3.444000e+02
6.095000e+02 3.444000e+02
6.095000e+02 3.444000e+02
6.095000e+02 3.444000e+02
6.095000e+02 3.444000e+02
6.093750e+02 3.444000e+02
6.092500e+02 3.444000e+02
6.091250e+02 3.444000e+02
6.090000e+02 3.444000e+02
6.085000e+02 3.447000e+02
6.080000e+02 3.450000e+02
6.070000e+02 3.456000e+02
6.065000e+02 3.456000e+02
6.060000e+02 3.456000e+02
6.050000e+02 3.459000e+02
6.040000e+02 3.462000e+02
6.012500e+02 3.468000e+02
5.985000e+02 3.474000e+02
5.967500e+02 3.477000e+02
5.950000e+02 3.480000e+02
5.932500e+02 3.480000e+02
5.915000e+02 3.480000e+02
5.890000e+02 3.480000e+02
5.865000e+02 3.480000e+02
5.842500e+02 3.480000e+02
5.820000e+02 3.480000e+02
5.790000e+02 3.480000e+02
5.760000e+02 3.480000e+02
5.732500e+02 3.477000e+02
5.705000e+02 3.474000e+02
5.670000e+02 3.471000e+02
5.635000e+02 3.468000e+02
5.602500e+02 3.465000e+02
5.570000e+02 3.462000e+02
5.527500e+02 3.459000e+02
5.485000e+02 3.456000e+02
5.427500e+02 3.450000e+02
5.370000e+02 3.444000e+02
5.330000e+02 3.441000e+02
5.290000e+02 3.438000e+02
5.247500e+02 3.438000e+02
5.205000e+02 3.438000e+02
5.162500e+02 3.432000e+02
5.120000e+02 3.426000e+02
5.077500e+02 3.423000e+02
5.035000e+02 3.420000e+02
4.995000e+02 3.417000e+02
4.955000e+02 3.414000e+02
4.915000e+02 3.408000e+02
4.875000e+02 3.402000e+02
4.840000e+02 3.399000e+02
4.805000e+02 3.396000e+02
4.765000e+02 3.390000e+02
4.725000e+02 3.384000e+02
4.687500e+02 3.378000e+02
4.650000e+02 3.372000e+02
4.612500e+02 3.366000e+02
4.575000e+02 3.360000e+02
4.530000e+02 3.354000e+02
4.485000e+02 3.348000e+02
4.447500e+02 3.342000e+02
4.410000e+02 3.336000e+02
4.367500e+02 3.330000e+02
4.325000e+02 3.324000e+02
4.275000e+02 3.321000e+02
4.225000e+02 3.318000e+02
4.182500e+02 3.315000e+02
4.140000e+02 3.312000e+02
4.097500e+02 3.312000e+02
4.055000e+02 3.312000e+02
4.010000e+02 3.309000e+02
3.965000e+02 3.306000e+02
3.922500e+02 3.306000e+02
3.880000e+02 3.306000e+02
3.835000e+02 3.303000e+02
3.790000e+02 3.300000e+02
3.747500e+02 3.300000e+02
3.705000e+02 3.300000e+02
3.662500e+02 3.300000e+02
3.620000e+02 3.300000e+02
3.582500e+02 3.297000e+02
3.545000e+02 3.294000e+02
3.505000e+02 3.294000e+02
3.465000e+02 3.294000e+02
3.422500e+02 3.294000e+02
3.380000e+02 3.294000e+02
3.345000e+02 3.294000e+02
3.310000e+02 3.294000e+02
3.272500e+02 3.294000e+02
3.235000e+02 3.294000e+02
3.200000e+02 3.294000e+02
3.165000e+02 3.294000e+02
3.125000e+02 3.294000e+02
3.085000e+02 3.294000e+02
3.042500e+02 3.294000e+02
3.000000e+02 3.294000e+02
2.960000e+02 3.297000e+02
2.920000e+02 3.300000e+02
2.862500e+02 3.306000e+02
2.805000e+02 3.312000e+02
2.765000e+02 3.315000e+02
2.725000e+02 3.318000e+02
2.685000e+02 3.321000e+02
2.645000e+02 3.324000e+02
2.610000e+02 3.327000e+02
2.575000e+02 3.330000e+02
2.537500e+02 3.333000e+02
2.500000e+02 3.336000e+02
2.470000e+02 3.342000e+02
2.440000e+02 3.348000e+02
2.402500e+02 3.354000e+02
2.365000e+02 3.360000e+02
2.327500e+02 3.363000e+02
2.290000e+02 3.366000e+02
2.250000e+02 3.372000e+02
2.210000e+02 3.378000e+02
2.167500e+02 3.387000e+02
2.125000e+02 3.396000e+02
2.087500e+02 3.405000e+02
2.050000e+02 3.414000e+02
2.007500e+02 3.423000e+02
1.965000e+02 3.432000e+02
1.917500e+02 3.447000e+02
1.870000e+02 3.462000e+02
1.830000e+02 3.474000e+02
1.790000e+02 3.486000e+02
1.752500e+02 3.495000e+02
1.715000e+02 3.504000e+02
1.677500e+02 3.516000e+02
1.640000e+02 3.528000e+02
1.605000e+02 3.540000e+02
1.570000e+02 3.552000e+02
1.530000e+02 3.561000e+02
1.490000e+02 3.570000e+02
1.437500e+02 3.585000e+02
1.385000e+02 3.600000e+02
1.350000e+02 3.612000e+02
1.315000e+02 3.624000e+02
1.277500e+02 3.633000e+02
1.240000e+02 3.642000e+02
1.225000e+02 3.648000e+02
1.210000e+02 3.654000e+02
1.175000e+02 3.663000e+02
1.140000e+02 3.672000e+02
1.097500e+02 3.684000e+02
1.055000e+02 3.696000e+02
1.012500e+02 3.705000e+02
9.700000e+01 3.714000e+02
9.325000e+01 3.720000e+02
8.950000e+01 3.726000e+02
8.750000e+01 3.729000e+02
8.550000e+01 3.732000e+02
8.350000e+01 3.732000e+02
8.150000e+01 3.732000e+02
8.000000e+01 3.732000e+02
7.850000e+01 3.732000e+02
7.650000e+01 3.732000e+02
7.450000e+01 3.732000e+02
7.300000e+01 3.732000e+02
7.150000e+01 3.732000e+02
7.000000e+01 3.732000e+02
6.850000e+01 3.732000e+02
6.725000e+01 3.729000e+02
6.600000e+01 3.726000e+02
6.475000e+01 3.726000e+02
6.350000e+01 3.726000e+02
6.250000e+01 3.723000e+02
6.150000e+01 3.720000e+02
6.075000e+01 3.720000e+02
6.000000e+01 3.720000e+02
5.950000e+01 3.720000e+02
5.900000e+01 3.720000e+02
5.850000e+01 3.717000e+02
5.800000e+01 3.714000e+02
5.775000e+01 3.714000e+02
5.750000e+01 3.714000e+02
5.725000e+01 3.711000e+02
5.700000e+01 3.708000e+02
5.700000e+01 3.708000e+02
5.700000e+01 3.708000e+02
5.675000e+01 3.708000e+02
5.650000e+01 3.708000e+02
5.650000e+01 3.708000e+02
5.650000e+01 3.708000e+02
5.625000e+01 3.708000e+02
5.600000e+01 3.708000e+02
5.600000e+01 3.708000e+02
5.600000e+01 3.708000e+02
6.095000e+02 3.444000e+02
6.095000e+02 3.444000e+02
6.095000e+02 3.444000e+02
6.095000e+02 3.444000e+02
6.095000e+02 3.444000e+02
6.095000e+02 3.444000e+02
6.095000e+02 3.444000e+02
6.095000e+02 3.444000e+02
6.095000e+02 3.444000e+02
6.095000e+02 3.444000e+02
6.095000e+02 3.444000e+02
6.095000e+02 3.444000e+02
6.095000e+02 3.444000e+02
6.095000e+02 3.444000e+02
6.095000e+02 3.444000e+02
6.095000e+02 3.444000e+02
6.095000e+02 3.444000e+02
6.093750e+02 3.444000e+02
6.092500e+02 3.444000e+02
6.091250e+02 3.444000e+02
6.090000e+02 3.444000e+02
6.085000e+02 3.447000e+02
6.080000e+02 3.450000e+02
6.070000e+02 3.456000e+02
6.065000e+02 3.456000e+02
6.060000e+02 3.456000e+02
6.050000e+02 3.459000e+02
6.040000e+02 3.462000e+02
6.012500e+02 3.468000e+02
5.985000e+02 3.474000e+02
5.967500e+02 3.477000e+02
5.950000e+02 3.480000e+02
5.932500e+02 3.480000e+02
5.915000e+02 3.480000e+02
5.890000e+02 3.480000e+02
5.865000e+02 3.480000e+02
5.842500e+02 3.480000e+02
5.820000e+02 3.480000e+02
5.790000e+02 3.480000e+02
5.760000e+02 3.480000e+02
5.732500e+02 3.477000e+02
5.705000e+02 3.474000e+02
5.670000e+02 3.471000e+02
5.635000e+02 3.468000e+02
5.602500e+02 3.465000e+02
5.570000e+02 3.462000e+02
5.527500e+02 3.459000e+02
5.485000e+02 3.456000e+02
5.427500e+02 3.450000e+02
5.370000e+02 3.444000e+02
5.330000e+02 3.441000e+02
5.290000e+02 3.438000e+02
5.247500e+02 3.438000e+02
5.205000e+02 3.438000e+02
5.162500e+02 3.432000e+02
5.120000e+02 3.426000e+02
5.077500e+02 3.423000e+02
5.035000e+02 3.420000e+02
4.995000e+02 3.417000e+02
4.955000e+02 3.414000e+02
4.915000e+02 3.408000e+02
4.875000e+02 3.402000e+02
4.840000e+02 3.399000e+02
4.805000e+02 3.396000e+02
4.765000e+02 3.390000e+02
4.725000e+02 3.384000e+02
4.687500e+02 3.378000e+02
4.650000e+02 3.372000e+02
4.612500e+02 3.366000e+02
4.575000e+02 3.360000e+02
4.530000e+02 3.354000e+02
4.485000e+02 3.348000e+02
4.447500e+02 3.342000e+02
4.410000e+02 3.336000e+02
4.367500e+02 3.330000e+02
4.325000e+02 3.324000e+02
4.275000e+02 3.321000e+02
4.225000e+02 3.318000e+02
4.182500e+02 3.315000e+02
4.140000e+02 3.312000e+02
4.097500e+02 3.312000e+02
4.055000e+02 3.312000e+02
4.010000e+02 3.309000e+02
3.965000e+02 3.306000e+02
3.922500e+02 3.306000e+02
3.880000e+02 3.306000e+02
3.835000e+02 3.303000e+02
3.790000e+02 3.300000e+02
3.747500e+02 3.300000e+02
3.705000e+02 3.300000e+02
3.662500e+02 3.300000e+02
3.620000e+02 3.300000e+02
3.582500e+02 3.297000e+02
3.545000e+02 3.294000e+02
3.505000e+02 3.294000e+02
3.465000e+02 3.294000e+02
3.422500e+02 3.294000e+02
3.380000e+02 3.294000e+02
3.345000e+02 3.294000e+02
3.310000e+02 3.294000e+02
3.272500e+02 3.294000e+02
3.235000e+02 3.294000e+02
3.200000e+02 3.294000e+02
3.165000e+02 3.294000e+02
3.125000e+02 3.294000e+02
3.085000e+02 3.294000e+02
3.042500e+02 3.294000e+02
3.000000e+02 3.294000e+02
2.960000e+02 3.297000e+02
2.920000e+02 3.300000e+02
2.862500e+02 3.306000e+02
2.805000e+02 3.312000e+02
2.765000e+02 3.315000e+02
2.725000e+02 3.318000e+02
2.685000e+02 3.321000e+02
2.645000e+02 3.324000e+02
2.610000e+02 3.327000e+02
2.575000e+02 3.330000e+02
2.537500e+02 3.333000e+02
2.500000e+02 3.336000e+02
2.470000e+02 3.342000e+02
2.440000e+02 3.348000e+02
2.402500e+02 3.354000e+02
2.365000e+02 3.360000e+02
2.327500e+02 3.363000e+02
2.290000e+02 3.366000e+02
2.250000e+02 3.372000e+02
2.210000e+02 3.378000e+02
2.167500e+02 3.387000e+02
2.125000e+02 3.396000e+02
2.087500e+02 3.405000e+02
2.050000e+02 3.414000e+02
2.007500e+02 3.423000e+02
1.965000e+02 3.432000e+02
1.917500e+02 3.447000e+02
1.870000e+02 3.462000e+02
1.830000e+02 3.474000e+02
1.790000e+02 3.486000e+02
1.752500e+02 3.495000e+02
1.715000e+02 3.504000e+02
1.677500e+02 3.516000e+02
1.640000e+02 3.528000e+02
1.605000e+02 3.540000e+02
1.570000e+02 3.552000e+02
1.530000e+02 3.561000e+02
1.490000e+02 3.570000e+02
1.437500e+02 3.585000e+02
1.385000e+02 3.600000e+02
1.350000e+02 3.612000e+02
1.315000e+02 3.624000e+02
1.277500e+02 3.633000e+02
1.240000e+02 3.642000e+02
1.225000e+02 3.648000e+02
1.210000e+02 3.654000e+02
1.175000e+02 3.663000e+02
1.140000e+02 3.672000e+02
1.097500e+02 3.684000e+02
1.055000e+02 3.696000e+02
1.012500e+02 3.705000e+02
9.700000e+01 3.714000e+02
9.325000e+01 3.720000e+02
8.950000e+01 3.726000e+02
8.750000e+01 3.729000e+02
8.550000e+01 3.732000e+02
8.350000e+01 3.732000e+02
8.150000e+01 3.732000e+02
8.000000e+01 3.732000e+02
7.850000e+01 3.732000e+02
7.650000e+01 3.732000e+02
7.450000e+01 3.732000e+02
7.300000e+01 3.732000e+02
7.150000e+01 3.732000e+02
7.000000e+01 3.732000e+02
6.850000e+01 3.732000e+02
6.725000e+01 3.729000e+02
6.600000e+01 3.726000e+02
6.475000e+01 3.726000e+02
6.350000e+01 3.726000e+02
6.250000e+01 3.723000e+02
6.150000e+01 3.720000e+02
6.075000e+01 3.720000e+02
6.000000e+01 3.720000e+02
5.950000e+01 3.720000e+02
5.900000e+01 3.720000e+02
5.850000e+01 3.717000e+02
5.800000e+01 3.714000e+02
5.775000e+01 3.714000e+02
5.750000e+01 3.714000e+02
5.725000e+01 3.711000e+02
5.700000e+01 3.708000e+02
5.700000e+01 3.708000e+02
5.700000e+01 3.708000e+02
5.675000e+01 3.708000e+02
5.650000e+01 3.708000e+02
5.650000e+01 3.708000e+02
5.650000e+01 3.708000e+02
5.625000e+01 3.708000e+02
5.600000e+01 3.708000e+02
5.600000e+01 3.708000e+02
5.600000e+01 3.708000e+02
6.095000e+02 3.444000e+02
6.095000e+02 3.444000e+02
6.095000e+02 3.444000e+02
6.095000e+02 3.444000e+02
6.095000e+02 3.444000e+02
6.095000e+02 3.444000e+02
6.095000e+02 3.444000e+02
6.095000e+02 3.444000e+02
6.095000e+02 3.444000e+02
6.095000e+02 3.444000e+02
6.095000e+02 3.444000e+02
6.095000e+02 3.444000e+02
6.095000e+02 3.444000e+02
6.095000e+02 3.444000e+02
6.095000e+02 3.444000e+02
6.095000e+02 3.444000e+02
6.095000e+02 3.444000e+02
6.093750e+02 3.444000e+02
6.092500e+02 3.444000e+02
6.091250e+02 3.444000e+02
6.090000e+02 3.444000e+02
6.085000e+02 3.447000e+02
6.080000e+02 3.450000e+02
6.070000e+02 3.456000e+02
6.065000e+02 3.456000e+02
6.060000e+02 3.456000e+02
6.050000e+02 3.459000e+02
6.040000e+02 3.462000e+02
6.012500e+02 3.468000e+02
5.985000e+02 3.474000e+02
5.967500e+02 3.477000e+02
5.950000e+02 3.480000e+02
5.932500e+02 3.480000e+02
5.915000e+02 3.480000e+02
5.890000e+02 3.480000e+02
5.865000e+02 3.480000e+02
5.842500e+02 3.480000e+02
5.820000e+02 3.480000e+02
5.790000e+02 3.480000e+02
5.760000e+02 3.480000e+02
5.732500e+02 3.477000e+02
5.705000e+02 3.474000e+02
5.670000e+02 3.471000e+02
5.635000e+02 3.468000e+02
5.602500e+02 3.465000e+02
5.570000e+02 3.462000e+02
5.527500e+02 3.459000e+02
5.485000e+02 3.456000e+02
5.427500e+02 3.450000e+02
5.370000e+02 3.444000e+02
5.330000e+02 3.441000e+02
5.290000e+02 3.438000e+02
5.247500e+02 3.438000e+02
5.205000e+02 3.438000e+02
5.162500e+02 3.432000e+02
5.120000e+02 3.426000e+02
5.077500e+02 3.423000e+02
5.035000e+02 3.420000e+02
4.995000e+02 3.417000e+02
4.955000e+02 3.414000e+02
4.915000e+02 3.408000e+02
4.875000e+02 3.402000e+02
4.840000e+02 3.399000e+02
4.805000e+02 3.396000e+02
4.765000e+02 3.390000e+02
4.725000e+02 3.384000e+02
4.687500e+02 3.378000e+02
4.650000e+02 3.372000e+02
4.612500e+02 3.366000e+02
4.575000e+02 3.360000e+02
4.530000e+02 3.354000e+02
4.485000e+02 3.348000e+02
4.447500e+02 3.342000e+02
4.410000e+02 3.336000e+02
4.367500e+02 3.330000e+02
4.325000e+02 3.324000e+02
4.275000e+02 3.321000e+02
4.225000e+02 3.318000e+02
4.182500e+02 3.315000e+02
4.140000e+02 3.312000e+02
4.097500e+02 3.312000e+02
4.055000e+02 3.312000e+02
4.010000e+02 3.309000e+02
3.965000e+02 3.306000e+02
3.922500e+02 3.306000e+02
3.880000e+02 3.306000e+02
3.835000e+02 3.303000e+02
3.790000e+02 3.300000e+02
3.747500e+02 3.300000e+02
3.705000e+02 3.300000e+02
3.662500e+02 3.300000e+02
3.620000e+02 3.300000e+02
3.582500e+02 3.297000e+02
3.545000e+02 3.294000e+02
3.505000e+02 3.294000e+02
3.465000e+02 3.294000e+02
3.422500e+02 3.294000e+02
3.380000e+02 3.294000e+02
3.345000e+02 3.294000e+02
3.310000e+02 3.294000e+02
3.272500e+02 3.294000e+02
3.235000e+02 3.294000e+02
3.200000e+02 3.294000e+02
3.165000e+02 3.294000e+02
3.125000e+02 3.294000e+02
3.085000e+02 3.294000e+02
3.042500e+02 3.294000e+02
3.000000e+02 3.294000e+02
2.960000e+02 3.297000e+02
2.920000e+02 3.300000e+02
2.862500e+02 3.306000e+02
2.805000e+02 3.312000e+02
2.765000e+02 3.315000e+02
2.725000e+02 3.318000e+02
2.685000e+02 3.321000e+02
2.645000e+02 3.324000e+02
2.610000e+02 3.327000e+02
2.575000e+02 3.330000e+02
2.537500e+02 3.333000e+02
2.500000e+02 3.336000e+02
2.470000e+02 3.342000e+02
2.440000e+02 3.348000e+02
2.402500e+02 3.354000e+02
2.365000e+02 3.360000e+02
2.327500e+02 3.363000e+02
2.290000e+02 3.366000e+02
2.250000e+02 3.372000e+02
2.210000e+02 3.378000e+02
2.167500e+02 3.387000e+02
2.125000e+02 3.396000e+02
2.087500e+02 3.405000e+02
2.050000e+02 3.414000e+02
2.007500e+02 3.423000e+02
1.965000e+02 3.432000e+02
1.917500e+02 3.447000e+02
1.870000e+02 3.462000e+02
1.830000e+02 3.474000e+02
1.790000e+02 3.486000e+02
1.752500e+02 3.495000e+02
1.715000e+02 3.504000e+02
1.677500e+02 3.516000e+02
1.640000e+02 3.528000e+02
1.605000e+02 3.540000e+02
1.570000e+02 3.552000e+02
1.530000e+02 3.561000e+02
1.490000e+02 3.570000e+02
1.437500e+02 3.585000e+02
1.385000e+02 3.600000e+02
1.350000e+02 3.612000e+02
1.315000e+02 3.624000e+02
1.277500e+02 3.633000e+02
1.240000e+02 3.642000e+02
1.225000e+02 3.648000e+02
1.210000e+02 3.654000e+02
1.175000e+02 3.663000e+02
1.140000e+02 3.672000e+02
1.097500e+02 3.684000e+02
1.055000e+02 3.696000e+02
1.012500e+02 3.705000e+02
9.700000e+01 3.714000e+02
9.325000e+01 3.720000e+02
8.950000e+01 3.726000e+02
8.750000e+01 3.729000e+02
8.550000e+01 3.732000e+02
8.350000e+01 3.732000e+02
8.150000e+01 3.732000e+02
8.000000e+01 3.732000e+02
7.850000e+01 3.732000e+02
7.650000e+01 3.732000e+02
7.450000e+01 3.732000e+02
7.300000e+01 3.732000e+02
7.150000e+01 3.732000e+02
7.000000e+01 3.732000e+02
6.850000e+01 3.732000e+02
6.725000e+01 3.729000e+02
6.600000e+01 3.726000e+02
6.475000e+01 3.726000e+02
6.350000e+01 3.726000e+02
6.250000e+01 3.723000e+02
6.150000e+01 3.720000e+02
6.075000e+01 3.720000e+02
6.000000e+01 3.720000e+02
5.950000e+01 3.720000e+02
5.900000e+01 3.720000e+02
5.850000e+01 3.717000e+02
5.800000e+01 3.714000e+02
5.775000e+01 3.714000e+02
5.750000e+01 3.714000e+02
5.725000e+01 3.711000e+02
5.700000e+01 3.708000e+02
5.700000e+01 3.708000e+02
5.700000e+01 3.708000e+02
5.675000e+01 3.708000e+02
5.650000e+01 3.708000e+02
5.650000e+01 3.708000e+02
5.650000e+01 3.708000e+02
5.625000e+01 3.708000e+02
5.600000e+01 3.708000e+02
5.600000e+01 3.708000e+02
5.600000e+01 3.708000e+02
