2.600000e+02 3.624000e+02
2.600000e+02 3.624000e+02
2.600000e+02 3.624000e+02
2.602500e+02 3.621000e+02
2.605000e+02 3.618000e+02
2.607500e+02 3.615000e+02
2.610000e+02 3.612000e+02
2.612500e+02 3.606000e+02
2.615000e+02 3.600000e+02
2.617500e+02 3.591000e+02
2.620000e+02 3.582000e+02
2.625000e+02 3.576000e+02
2.630000e+02 3.570000e+02
2.637500e+02 3.561000e+02
2.645000e+02 3.552000e+02
2.652500e+02 3.540000e+02
2.660000e+02 3.528000e+02
2.670000e+02 3.513000e+02
2.680000e+02 3.498000e+02
2.692500e+02 3.483000e+02
2.705000e+02 3.468000e+02
2.720000e+02 3.447000e+02
2.735000e+02 3.426000e+02
2.747500e+02 3.405000e+02
2.760000e+02 3.384000e+02
2.770000e+02 3.366000e+02
2.780000e+02 3.348000e+02
2.795000e+02 3.321000e+02
2.810000e+02 3.294000e+02
2.822500e+02 3.276000e+02
2.835000e+02 3.258000e+02
2.845000e+02 3.240000e+02
2.855000e+02 3.222000e+02
2.862500e+02 3.204000e+02
2.870000e+02 3.186000e+02
2.880000e+02 3.165000e+02
2.890000e+02 3.144000e+02
2.902500e+02 3.123000e+02
2.915000e+02 3.102000e+02
2.927500e+02 3.081000e+02
2.940000e+02 3.060000e+02
2.960000e+02 3.012000e+02
2.980000e+02 2.970000e+02
3.000000e+02 2.928000e+02
3.030000e+02 2.856000e+02
3.050000e+02 2.808000e+02
3.085000e+02 2.736000e+02
3.095000e+02 2.712000e+02
3.115000e+02 2.664000e+02
3.135000e+02 2.610000e+02
3.155000e+02 2.562000e+02
3.175000e+02 2.520000e+02
3.195000e+02 2.472000e+02
3.220000e+02 2.418000e+02
3.245000e+02 2.352000e+02
3.265000e+02 2.304000e+02
3.285000e+02 2.256000e+02
3.305000e+02 2.208000e+02
3.330000e+02 2.160000e+02
3.350000e+02 2.112000e+02
3.365000e+02 2.070000e+02
3.385000e+02 2.016000e+02
3.405000e+02 1.968000e+02
3.425000e+02 1.920000e+02
3.445000e+02 1.872000e+02
3.455000e+02 1.848000e+02
3.475000e+02 1.800000e+02
3.495000e+02 1.758000e+02
3.520000e+02 1.704000e+02
3.545000e+02 1.650000e+02
3.565000e+02 1.602000e+02
3.590000e+02 1.554000e+02
3.625000e+02 1.488000e+02
3.645000e+02 1.440000e+02
3.665000e+02 1.398000e+02
3.685000e+02 1.350000e+02
3.705000e+02 1.314000e+02
3.725000e+02 1.272000e+02
3.740000e+02 1.236000e+02
3.755000e+02 1.194000e+02
3.770000e+02 1.164000e+02
3.780000e+02 1.134000e+02
3.795000e+02 1.104000e+02
3.810000e+02 1.074000e+02
3.820000e+02 1.050000e+02
3.830000e+02 1.026000e+02
3.845000e+02 9.960000e+01
3.845000e+02 9.900000e+01
3.855000e+02 9.780000e+01
3.860000e+02 9.660000e+01
3.865000e+02 9.600000e+01
3.870000e+02 9.540000e+01
3.870000e+02 9.480000e+01
3.875000e+02 9.420000e+01
3.880000e+02 9.420000e+01
3.885000e+02 9.360000e+01
3.885000e+02 9.360000e+01
3.890000e+02 9.360000e+01
3.895000e+02 9.360000e+01
3.900000e+02 9.420000e+01
3.905000e+02 9.420000e+01
3.910000e+02 9.480000e+01
3.920000e+02 9.540000e+01
3.940000e+02 9.720000e+01
3.955000e+02 9.840000e+01
3.965000e+02 1.002000e+02
3.980000e+02 1.020000e+02
3.995000e+02 1.038000e+02
4.010000e+02 1.056000e+02
4.025000e+02 1.074000e+02
4.040000e+02 1.098000e+02
4.055000e+02 1.122000e+02
4.070000e+02 1.140000e+02
4.090000e+02 1.176000e+02
4.115000e+02 1.212000e+02
4.130000e+02 1.236000e+02
4.155000e+02 1.278000e+02
4.170000e+02 1.302000e+02
4.190000e+02 1.332000e+02
4.205000e+02 1.356000e+02
4.225000e+02 1.386000e+02
4.245000e+02 1.416000e+02
4.265000e+02 1.446000e+02
4.280000e+02 1.470000e+02
4.305000e+02 1.500000e+02
4.325000e+02 1.536000e+02
4.355000e+02 1.584000e+02
4.370000e+02 1.620000e+02
4.390000e+02 1.650000e+02
4.410000e+02 1.686000e+02
4.430000e+02 1.728000e+02
4.450000e+02 1.764000e+02
4.470000e+02 1.794000e+02
4.490000e+02 1.830000e+02
4.510000e+02 1.872000e+02
4.530000e+02 1.914000e+02
4.550000e+02 1.950000e+02
4.575000e+02 1.992000e+02
4.595000e+02 2.034000e+02
4.625000e+02 2.094000e+02
4.645000e+02 2.136000e+02
4.665000e+02 2.178000e+02
4.690000e+02 2.220000e+02
4.710000e+02 2.262000e+02
4.730000e+02 2.298000e+02
4.755000e+02 2.340000e+02
4.770000e+02 2.382000e+02
4.790000e+02 2.424000e+02
4.815000e+02 2.472000e+02
4.840000e+02 2.532000e+02
4.860000e+02 2.568000e+02
4.880000e+02 2.610000e+02
4.895000e+02 2.652000e+02
4.915000e+02 2.694000e+02
4.935000e+02 2.736000e+02
4.955000e+02 2.778000e+02
4.970000e+02 2.820000e+02
4.985000e+02 2.862000e+02
5.000000e+02 2.898000e+02
5.020000e+02 2.958000e+02
5.030000e+02 3.000000e+02
5.045000e+02 3.036000e+02
5.060000e+02 3.072000e+02
5.070000e+02 3.108000e+02
5.085000e+02 3.138000e+02
5.095000e+02 3.168000e+02
5.105000e+02 3.198000e+02
5.115000e+02 3.228000e+02
5.130000e+02 3.252000e+02
5.140000e+02 3.282000e+02
5.155000e+02 3.318000e+02
5.160000e+02 3.336000e+02
5.175000e+02 3.360000e+02
5.180000e+02 3.378000e+02
5.190000e+02 3.402000e+02
5.200000e+02 3.420000e+02
5.205000e+02 3.438000e+02
5.215000e+02 3.456000e+02
5.220000e+02 3.474000e+02
5.225000e+02 3.498000e+02
5.230000e+02 3.510000e+02
5.235000e+02 3.528000e+02
5.235000e+02 3.540000e+02
5.240000e+02 3.552000e+02
5.245000e+02 3.564000e+02
5.245000e+02 3.570000e+02
5.245000e+02 3.582000e+02
5.250000e+02 3.594000e+02
5.250000e+02 3.600000e+02
5.255000e+02 3.612000e+02
5.255000e+02 3.630000e+02
5.255000e+02 3.642000e+02
5.260000e+02 3.648000e+02
5.260000e+02 3.660000e+02
5.260000e+02 3.672000e+02
5.260000e+02 3.684000e+02
5.260000e+02 3.696000e+02
5.260000e+02 3.708000e+02
5.260000e+02 3.726000e+02
5.260000e+02 3.726000e+02
2.600000e+02 3.624000e+02
2.600000e+02 3.624000e+02
2.600000e+02 3.624000e+02
2.602500e+02 3.621000e+02
2.605000e+02 3.618000e+02
2.607500e+02 3.615000e+02
2.610000e+02 3.612000e+02
2.612500e+02 3.606000e+02
2.615000e+02 3.600000e+02
2.617500e+02 3.591000e+02
2.620000e+02 3.582000e+02
2.625000e+02 3.576000e+02
2.630000e+02 3.570000e+02
2.637500e+02 3.561000e+02
2.645000e+02 3.552000e+02
2.652500e+02 3.540000e+02
2.660000e+02 3.528000e+02
2.670000e+02 3.513000e+02
2.680000e+02 3.498000e+02
2.692500e+02 3.483000e+02
2.705000e+02 3.468000e+02
2.720000e+02 3.447000e+02
2.735000e+02 3.426000e+02
2.747500e+02 3.405000e+02
2.760000e+02 3.384000e+02
2.770000e+02 3.366000e+02
2.780000e+02 3.348000e+02
2.795000e+02 3.321000e+02
2.810000e+02 3.294000e+02
2.822500e+02 3.276000e+02
2.835000e+02 3.258000e+02
2.845000e+02 3.240000e+02
2.855000e+02 3.222000e+02
2.862500e+02 3.204000e+02
2.870000e+02 3.186000e+02
2.880000e+02 3.165000e+02
2.890000e+02 3.144000e+02
2.902500e+02 3.123000e+02
2.915000e+02 3.102000e+02
2.927500e+02 3.081000e+02
2.940000e+02 3.060000e+02
2.960000e+02 3.012000e+02
2.980000e+02 2.970000e+02
3.000000e+02 2.928000e+02
3.030000e+02 2.856000e+02
3.050000e+02 2.808000e+02
3.085000e+02 2.736000e+02
3.095000e+02 2.712000e+02
3.115000e+02 2.664000e+02
3.135000e+02 2.610000e+02
3.155000e+02 2.562000e+02
3.175000e+02 2.520000e+02
3.195000e+02 2.472000e+02
3.220000e+02 2.418000e+02
3.245000e+02 2.352000e+02
3.265000e+02 2.304000e+02
3.285000e+02 2.256000e+02
3.305000e+02 2.208000e+02
3.330000e+02 2.160000e+02
3.350000e+02 2.112000e+02
3.365000e+02 2.070000e+02
3.385000e+02 2.016000e+02
3.405000e+02 1.968000e+02
3.425000e+02 1.920000e+02
3.445000e+02 1.872000e+02
3.455000e+02 1.848000e+02
3.475000e+02 1.800000e+02
3.495000e+02 1.758000e+02
3.520000e+02 1.704000e+02
3.545000e+02 1.650000e+02
3.565000e+02 1.602000e+02
3.590000e+02 1.554000e+02
3.625000e+02 1.488000e+02
3.645000e+02 1.440000e+02
3.665000e+02 1.398000e+02
3.685000e+02 1.350000e+02
3.705000e+02 1.314000e+02
3.725000e+02 1.272000e+02
3.740000e+02 1.236000e+02
3.755000e+02 1.194000e+02
3.770000e+02 1.164000e+02
3.780000e+02 1.134000e+02
3.795000e+02 1.104000e+02
3.810000e+02 1.074000e+02
3.820000e+02 1.050000e+02
3.830000e+02 1.026000e+02
3.845000e+02 9.960000e+01
3.845000e+02 9.900000e+01
3.855000e+02 9.780000e+01
3.860000e+02 9.660000e+01
3.865000e+02 9.600000e+01
3.870000e+02 9.540000e+01
3.870000e+02 9.480000e+01
3.875000e+02 9.420000e+01
3.880000e+02 9.420000e+01
3.885000e+02 9.360000e+01
3.885000e+02 9.360000e+01
3.890000e+02 9.360000e+01
3.895000e+02 9.360000e+01
3.900000e+02 9.420000e+01
3.905000e+02 9.420000e+01
3.910000e+02 9.480000e+01
3.920000e+02 9.540000e+01
3.940000e+02 9.720000e+01
3.955000e+02 9.840000e+01
3.965000e+02 1.002000e+02
3.980000e+02 1.020000e+02
3.995000e+02 1.038000e+02
4.010000e+02 1.056000e+02
4.025000e+02 1.074000e+02
4.040000e+02 1.098000e+02
4.055000e+02 1.122000e+02
4.070000e+02 1.140000e+02
4.090000e+02 1.176000e+02
4.115000e+02 1.212000e+02
4.130000e+02 1.236000e+02
4.155000e+02 1.278000e+02
4.170000e+02 1.302000e+02
4.190000e+02 1.332000e+02
4.205000e+02 1.356000e+02
4.225000e+02 1.386000e+02
4.245000e+02 1.416000e+02
4.265000e+02 1.446000e+02
4.280000e+02 1.470000e+02
4.305000e+02 1.500000e+02
4.325000e+02 1.536000e+02
4.355000e+02 1.584000e+02
4.370000e+02 1.620000e+02
4.390000e+02 1.650000e+02
4.410000e+02 1.686000e+02
4.430000e+02 1.728000e+02
4.450000e+02 1.764000e+02
4.470000e+02 1.794000e+02
4.490000e+02 1.830000e+02
4.510000e+02 1.872000e+02
4.530000e+02 1.914000e+02
4.550000e+02 1.950000e+02
4.575000e+02 1.992000e+02
4.595000e+02 2.034000e+02
4.625000e+02 2.094000e+02
4.645000e+02 2.136000e+02
4.665000e+02 2.178000e+02
4.690000e+02 2.220000e+02
4.710000e+02 2.262000e+02
4.730000e+02 2.298000e+02
4.755000e+02 2.340000e+02
4.770000e+02 2.382000e+02
4.790000e+02 2.424000e+02
4.815000e+02 2.472000e+02
4.840000e+02 2.532000e+02
4.860000e+02 2.568000e+02
4.880000e+02 2.610000e+02
4.895000e+02 2.652000e+02
4.915000e+02 2.694000e+02
4.935000e+02 2.736000e+02
4.955000e+02 2.778000e+02
4.970000e+02 2.820000e+02
4.985000e+02 2.862000e+02
5.000000e+02 2.898000e+02
5.020000e+02 2.958000e+02
5.030000e+02 3.000000e+02
5.045000e+02 3.036000e+02
5.060000e+02 3.072000e+02
5.070000e+02 3.108000e+02
5.085000e+02 3.138000e+02
5.095000e+02 3.168000e+02
5.105000e+02 3.198000e+02
5.115000e+02 3.228000e+02
5.130000e+02 3.252000e+02
5.140000e+02 3.282000e+02
5.155000e+02 3.318000e+02
5.160000e+02 3.336000e+02
5.175000e+02 3.360000e+02
5.180000e+02 3.378000e+02
5.190000e+02 3.402000e+02
5.200000e+02 3.420000e+02
5.205000e+02 3.438000e+02
5.215000e+02 3.456000e+02
5.220000e+02 3.474000e+02
5.225000e+02 3.498000e+02
5.230000e+02 3.510000e+02
5.235000e+02 3.528000e+02
5.235000e+02 3.540000e+02
5.240000e+02 3.552000e+02
5.245000e+02 3.564000e+02
5.245000e+02 3.570000e+02
5.245000e+02 3.582000e+02
5.250000e+02 3.594000e+02
5.250000e+02 3.600000e+02
5.255000e+02 3.612000e+02
5.255000e+02 3.630000e+02
5.255000e+02 3.642000e+02
5.260000e+02 3.648000e+02
5.260000e+02 3.660000e+02
5.260000e+02 3.672000e+02
5.260000e+02 3.684000e+02
5.260000e+02 3.696000e+02
5.260000e+02 3.708000e+02
5.260000e+02 3.726000e+02
5.260000e+02 3.726000e+02
2.600000e+02 3.624000e+02
2.600000e+02 3.624000e+02
2.600000e+02 3.624000e+02
2.602500e+02 3.621000e+02
2.605000e+02 3.618000e+02
2.607500e+02 3.615000e+02
2.610000e+02 3.612000e+02
2.612500e+02 3.606000e+02
2.615000e+02 3.600000e+02
2.617500e+02 3.591000e+02
2.620000e+02 3.582000e+02
2.625000e+02 3.576000e+02
2.630000e+02 3.570000e+02
2.637500e+02 3.561000e+02
2.645000e+02 3.552000e+02
2.652500e+02 3.540000e+02
2.660000e+02 3.528000e+02
2.670000e+02 3.513000e+02
2.680000e+02 3.498000e+02
2.692500e+02 3.483000e+02
2.705000e+02 3.468000e+02
2.720000e+02 3.447000e+02
2.735000e+02 3.426000e+02
2.747500e+02 3.405000e+02
2.760000e+02 3.384000e+02
2.770000e+02 3.366000e+02
2.780000e+02 3.348000e+02
2.795000e+02 3.321000e+02
2.810000e+02 3.294000e+02
2.822500e+02 3.276000e+02
2.835000e+02 3.258000e+02
2.845000e+02 3.240000e+02
2.855000e+02 3.222000e+02
2.862500e+02 3.204000e+02
2.870000e+02 3.186000e+02
2.880000e+02 3.165000e+02
2.890000e+02 3.144000e+02
2.902500e+02 3.123000e+02
2.915000e+02 3.102000e+02
2.927500e+02 3.081000e+02
2.940000e+02 3.060000e+02
2.960000e+02 3.012000e+02
2.980000e+02 2.970000e+02
3.000000e+02 2.928000e+02
3.030000e+02 2.856000e+02
3.050000e+02 2.808000e+02
3.085000e+02 2.736000e+02
3.095000e+02 2.712000e+02
3.115000e+02 2.664000e+02
3.135000e+02 2.610000e+02
3.155000e+02 2.562000e+02
3.175000e+02 2.520000e+02
3.195000e+02 2.472000e+02
3.220000e+02 2.418000e+02
3.245000e+02 2.352000e+02
3.265000e+02 2.304000e+02
3.285000e+02 2.256000e+02
3.305000e+02 2.208000e+02
3.330000e+02 2.160000e+02
3.350000e+02 2.112000e+02
3.365000e+02 2.070000e+02
3.385000e+02 2.016000e+02
3.405000e+02 1.968000e+02
3.425000e+02 1.920000e+02
3.445000e+02 1.872000e+02
3.455000e+02 1.848000e+02
3.475000e+02 1.800000e+02
3.495000e+02 1.758000e+02
3.520000e+02 1.704000e+02
3.545000e+02 1.650000e+02
3.565000e+02 1.602000e+02
3.590000e+02 1.554000e+02
3.625000e+02 1.488000e+02
3.645000e+02 1.440000e+02
3.665000e+02 1.398000e+02
3.685000e+02 1.350000e+02
3.705000e+02 1.314000e+02
3.725000e+02 1.272000e+02
3.740000e+02 1.236000e+02
3.755000e+02 1.194000e+02
3.770000e+02 1.164000e+02
3.780000e+02 1.134000e+02
3.795000e+02 1.104000e+02
3.810000e+02 1.074000e+02
3.820000e+02 1.050000e+02
3.830000e+02 1.026000e+02
3.845000e+02 9.960000e+01
3.845000e+02 9.900000e+01
3.855000e+02 9.780000e+01
3.860000e+02 9.660000e+01
3.865000e+02 9.600000e+01
3.870000e+02 9.540000e+01
3.870000e+02 9.480000e+01
3.875000e+02 9.420000e+01
3.880000e+02 9.420000e+01
3.885000e+02 9.360000e+01
3.885000e+02 9.360000e+01
3.890000e+02 9.360000e+01
3.895000e+02 9.360000e+01
3.900000e+02 9.420000e+01
3.905000e+02 9.420000e+01
3.910000e+02 9.480000e+01
3.920000e+02 9.540000e+01
3.940000e+02 9.720000e+01
3.955000e+02 9.840000e+01
3.965000e+02 1.002000e+02
3.980000e+02 1.020000e+02
3.995000e+02 1.038000e+02
4.010000e+02 1.056000e+02
4.025000e+02 1.074000e+02
4.040000e+02 1.098000e+02
4.055000e+02 1.122000e+02
4.070000e+02 1.140000e+02
4.090000e+02 1.176000e+02
4.115000e+02 1.212000e+02
4.130000e+02 1.236000e+02
4.155000e+02 1.278000e+02
4.170000e+02 1.302000e+02
4.190000e+02 1.332000e+02
4.205000e+02 1.356000e+02
4.225000e+02 1.386000e+02
4.245000e+02 1.416000e+02
4.265000e+02 1.446000e+02
4.280000e+02 1.470000e+02
4.305000e+02 1.500000e+02
4.325000e+02 1.536000e+02
4.355000e+02 1.584000e+02
4.370000e+02 1.620000e+02
4.390000e+02 1.650000e+02
4.410000e+02 1.686000e+02
4.430000e+02 1.728000e+02
4.450000e+02 1.764000e+02
4.470000e+02 1.794000e+02
4.490000e+02 1.830000e+02
4.510000e+02 1.872000e+02
4.530000e+02 1.914000e+02
4.550000e+02 1.950000e+02
4.575000e+02 1.992000e+02
4.595000e+02 2.034000e+02
4.625000e+02 2.094000e+02
4.645000e+02 2.136000e+02
4.665000e+02 2.178000e+02
4.690000e+02 2.220000e+02
4.710000e+02 2.262000e+02
4.730000e+02 2.298000e+02
4.755000e+02 2.340000e+02
4.770000e+02 2.382000e+02
4.790000e+02 2.424000e+02
4.815000e+02 2.472000e+02
4.840000e+02 2.532000e+02
4.860000e+02 2.568000e+02
4.880000e+02 2.610000e+02
4.895000e+02 2.652000e+02
4.915000e+02 2.694000e+02
4.935000e+02 2.736000e+02
4.955000e+02 2.778000e+02
4.970000e+02 2.820000e+02
4.985000e+02 2.862000e+02
5.000000e+02 2.898000e+02
5.020000e+02 2.958000e+02
5.030000e+02 3.000000e+02
5.045000e+02 3.036000e+02
5.060000e+02 3.072000e+02
5.070000e+02 3.108000e+02
5.085000e+02 3.138000e+02
5.095000e+02 3.168000e+02
5.105000e+02 3.198000e+02
5.115000e+02 3.228000e+02
5.130000e+02 3.252000e+02
5.140000e+02 3.282000e+02
5.155000e+02 3.318000e+02
5.160000e+02 3.336000e+02
5.175000e+02 3.360000e+02
5.180000e+02 3.378000e+02
5.190000e+02 3.402000e+02
5.200000e+02 3.420000e+02
5.205000e+02 3.438000e+02
5.215000e+02 3.456000e+02
5.220000e+02 3.474000e+02
5.225000e+02 3.498000e+02
5.230000e+02 3.510000e+02
5.235000e+02 3.528000e+02
5.235000e+02 3.540000e+02
5.240000e+02 3.552000e+02
5.245000e+02 3.564000e+02
5.245000e+02 3.570000e+02
5.245000e+02 3.582000e+02
5.250000e+02 3.594000e+02
5.250000e+02 3.600000e+02
5.255000e+02 3.612000e+02
5.255000e+02 3.630000e+02
5.255000e+02 3.642000e+02
5.260000e+02 3.648000e+02
5.260000e+02 3.660000e+02
5.260000e+02 3.672000e+02
5.260000e+02 3.684000e+02
5.260000e+02 3.696000e+02
5.260000e+02 3.708000e+02
5.260000e+02 3.726000e+02
5.260000e+02 3.726000e+02
2.600000e+02 3.624000e+02
2.600000e+02 3.624000e+02
2.600000e+02 3.624000e+02
2.602500e+02 3.621000e+02
2.605000e+02 3.618000e+02
2.607500e+02 3.615000e+02
2.610000e+02 3.612000e+02
2.612500e+02 3.606000e+02
2.615000e+02 3.600000e+02
2.617500e+02 3.591000e+02
2.620000e+02 3.582000e+02
2.625000e+02 3.576000e+02
2.630000e+02 3.570000e+02
2.637500e+02 3.561000e+02
2.645000e+02 3.552000e+02
2.652500e+02 3.540000e+02
2.660000e+02 3.528000e+02
2.670000e+02 3.513000e+02
2.680000e+02 3.498000e+02
2.692500e+02 3.483000e+02
2.705000e+02 3.468000e+02
2.720000e+02 3.447000e+02
2.735000e+02 3.426000e+02
2.747500e+02 3.405000e+02
2.760000e+02 3.384000e+02
2.770000e+02 3.366000e+02
2.780000e+02 3.348000e+02
2.795000e+02 3.321000e+02
2.810000e+02 3.294000e+02
2.822500e+02 3.276000e+02
2.835000e+02 3.258000e+02
2.845000e+02 3.240000e+02
2.855000e+02 3.222000e+02
2.862500e+02 3.204000e+02
2.870000e+02 3.186000e+02
2.880000e+02 3.165000e+02
2.890000e+02 3.144000e+02
2.902500e+02 3.123000e+02
2.915000e+02 3.102000e+02
2.927500e+02 3.081000e+02
2.940000e+02 3.060000e+02
2.960000e+02 3.012000e+02
2.980000e+02 2.970000e+02
3.000000e+02 2.928000e+02
3.030000e+02 2.856000e+02
3.050000e+02 2.808000e+02
3.085000e+02 2.736000e+02
3.095000e+02 2.712000e+02
3.115000e+02 2.664000e+02
3.135000e+02 2.610000e+02
3.155000e+02 2.562000e+02
3.175000e+02 2.520000e+02
3.195000e+02 2.472000e+02
3.220000e+02 2.418000e+02
3.245000e+02 2.352000e+02
3.265000e+02 2.304000e+02
3.285000e+02 2.256000e+02
3.305000e+02 2.208000e+02
3.330000e+02 2.160000e+02
3.350000e+02 2.112000e+02
3.365000e+02 2.070000e+02
3.385000e+02 2.016000e+02
3.405000e+02 1.968000e+02
3.425000e+02 1.920000e+02
3.445000e+02 1.872000e+02
3.455000e+02 1.848000e+02
3.475000e+02 1.800000e+02
3.495000e+02 1.758000e+02
3.520000e+02 1.704000e+02
3.545000e+02 1.650000e+02
3.565000e+02 1.602000e+02
3.590000e+02 1.554000e+02
3.625000e+02 1.488000e+02
3.645000e+02 1.440000e+02
3.665000e+02 1.398000e+02
3.685000e+02 1.350000e+02
3.705000e+02 1.314000e+02
3.725000e+02 1.272000e+02
3.740000e+02 1.236000e+02
3.755000e+02 1.194000e+02
3.770000e+02 1.164000e+02
3.780000e+02 1.134000e+02
3.795000e+02 1.104000e+02
3.810000e+02 1.074000e+02
3.820000e+02 1.050000e+02
3.830000e+02 1.026000e+02
3.845000e+02 9.960000e+01
3.845000e+02 9.900000e+01
3.855000e+02 9.780000e+01
3.860000e+02 9.660000e+01
3.865000e+02 9.600000e+01
3.870000e+02 9.540000e+01
3.870000e+02 9.480000e+01
3.875000e+02 9.420000e+01
3.880000e+02 9.420000e+01
3.885000e+02 9.360000e+01
3.885000e+02 9.360000e+01
3.890000e+02 9.360000e+01
3.895000e+02 9.360000e+01
3.900000e+02 9.420000e+01
3.905000e+02 9.420000e+01
3.910000e+02 9.480000e+01
3.920000e+02 9.540000e+01
3.940000e+02 9.720000e+01
3.955000e+02 9.840000e+01
3.965000e+02 1.002000e+02
3.980000e+02 1.020000e+02
3.995000e+02 1.038000e+02
4.010000e+02 1.056000e+02
4.025000e+02 1.074000e+02
4.040000e+02 1.098000e+02
4.055000e+02 1.122000e+02
4.070000e+02 1.140000e+02
4.090000e+02 1.176000e+02
4.115000e+02 1.212000e+02
4.130000e+02 1.236000e+02
4.155000e+02 1.278000e+02
4.170000e+02 1.302000e+02
4.190000e+02 1.332000e+02
4.205000e+02 1.356000e+02
4.225000e+02 1.386000e+02
4.245000e+02 1.416000e+02
4.265000e+02 1.446000e+02
4.280000e+02 1.470000e+02
4.305000e+02 1.500000e+02
4.325000e+02 1.536000e+02
4.355000e+02 1.584000e+02
4.370000e+02 1.620000e+02
4.390000e+02 1.650000e+02
4.410000e+02 1.686000e+02
4.430000e+02 1.728000e+02
4.450000e+02 1.764000e+02
4.470000e+02 1.794000e+02
4.490000e+02 1.830000e+02
4.510000e+02 1.872000e+02
4.530000e+02 1.914000e+02
4.550000e+02 1.950000e+02
4.575000e+02 1.992000e+02
4.595000e+02 2.034000e+02
4.625000e+02 2.094000e+02
4.645000e+02 2.136000e+02
4.665000e+02 2.178000e+02
4.690000e+02 2.220000e+02
4.710000e+02 2.262000e+02
4.730000e+02 2.298000e+02
4.755000e+02 2.340000e+02
4.770000e+02 2.382000e+02
4.790000e+02 2.424000e+02
4.815000e+02 2.472000e+02
4.840000e+02 2.532000e+02
4.860000e+02 2.568000e+02
4.880000e+02 2.610000e+02
4.895000e+02 2.652000e+02
4.915000e+02 2.694000e+02
4.935000e+02 2.736000e+02
4.955000e+02 2.778000e+02
4.970000e+02 2.820000e+02
4.985000e+02 2.862000e+02
5.000000e+02 2.898000e+02
5.020000e+02 2.958000e+02
5.030000e+02 3.000000e+02
5.045000e+02 3.036000e+02
5.060000e+02 3.072000e+02
5.070000e+02 3.108000e+02
5.085000e+02 3.138000e+02
5.095000e+02 3.168000e+02
5.105000e+02 3.198000e+02
5.115000e+02 3.228000e+02
5.130000e+02 3.252000e+02
5.140000e+02 3.282000e+02
5.155000e+02 3.318000e+02
5.160000e+02 3.336000e+02
5.175000e+02 3.360000e+02
5.180000e+02 3.378000e+02
5.190000e+02 3.402000e+02
5.200000e+02 3.420000e+02
5.205000e+02 3.438000e+02
5.215000e+02 3.456000e+02
5.220000e+02 3.474000e+02
5.225000e+02 3.498000e+02
5.230000e+02 3.510000e+02
5.235000e+02 3.528000e+02
5.235000e+02 3.540000e+02
5.240000e+02 3.552000e+02
5.245000e+02 3.564000e+02
5.245000e+02 3.570000e+02
5.245000e+02 3.582000e+02
5.250000e+02 3.594000e+02
5.250000e+02 3.600000e+02
5.255000e+02 3.612000e+02
5.255000e+02 3.630000e+02
5.255000e+02 3.642000e+02
5.260000e+02 3.648000e+02
5.260000e+02 3.660000e+02
5.260000e+02 3.672000e+02
5.260000e+02 3.684000e+02
5.260000e+02 3.696000e+02
5.260000e+02 3.708000e+02
5.260000e+02 3.726000e+02
5.260000e+02 3.726000e+02
