2.480000e+02 3.756000e+02
2.480000e+02 3.756000e+02
2.480000e+02 3.756000e+02
2.482500e+02 3.732000e+02
2.485000e+02 3.708000e+02
2.485000e+02 3.690000e+02
2.485000e+02 3.672000e+02
2.492500e+02 3.633000e+02
2.500000e+02 3.594000e+02
2.505000e+02 3.570000e+02
2.510000e+02 3.546000e+02
2.517500e+02 3.498000e+02
2.525000e+02 3.450000e+02
2.532500e+02 3.393000e+02
2.540000e+02 3.336000e+02
2.542500e+02 3.306000e+02
2.545000e+02 3.276000e+02
2.552500e+02 3.210000e+02
2.560000e+02 3.144000e+02
2.567500e+02 3.084000e+02
2.575000e+02 3.024000e+02
2.585000e+02 2.961000e+02
2.595000e+02 2.898000e+02
2.600000e+02 2.868000e+02
2.605000e+02 2.838000e+02
2.617500e+02 2.772000e+02
2.630000e+02 2.706000e+02
2.642500e+02 2.646000e+02
2.655000e+02 2.586000e+02
2.665000e+02 2.529000e+02
2.675000e+02 2.472000e+02
2.685000e+02 2.415000e+02
2.695000e+02 2.358000e+02
2.705000e+02 2.301000e+02
2.715000e+02 2.244000e+02
2.727500e+02 2.187000e+02
2.740000e+02 2.130000e+02
2.745000e+02 2.100000e+02
2.750000e+02 2.070000e+02
2.760000e+02 2.016000e+02
2.770000e+02 1.962000e+02
2.780000e+02 1.914000e+02
2.790000e+02 1.866000e+02
2.800000e+02 1.821000e+02
2.810000e+02 1.776000e+02
2.825000e+02 1.704000e+02
2.845000e+02 1.644000e+02
2.860000e+02 1.584000e+02
2.870000e+02 1.536000e+02
2.875000e+02 1.518000e+02
2.885000e+02 1.488000e+02
2.890000e+02 1.470000e+02
2.895000e+02 1.458000e+02
2.905000e+02 1.458000e+02
2.915000e+02 1.470000e+02
2.920000e+02 1.482000e+02
2.935000e+02 1.512000e+02
2.960000e+02 1.548000e+02
2.985000e+02 1.602000e+02
3.010000e+02 1.668000e+02
3.040000e+02 1.734000e+02
3.075000e+02 1.830000e+02
3.110000e+02 1.932000e+02
3.130000e+02 1.992000e+02
3.165000e+02 2.100000e+02
3.205000e+02 2.214000e+02
3.220000e+02 2.274000e+02
3.255000e+02 2.382000e+02
3.290000e+02 2.490000e+02
3.305000e+02 2.550000e+02
3.320000e+02 2.598000e+02
3.355000e+02 2.700000e+02
3.385000e+02 2.796000e+02
3.405000e+02 2.838000e+02
3.435000e+02 2.934000e+02
3.475000e+02 3.018000e+02
3.505000e+02 3.096000e+02
3.520000e+02 3.132000e+02
3.550000e+02 3.198000e+02
3.575000e+02 3.258000e+02
3.600000e+02 3.312000e+02
3.620000e+02 3.348000e+02
3.630000e+02 3.360000e+02
3.640000e+02 3.378000e+02
3.650000e+02 3.396000e+02
3.655000e+02 3.408000e+02
3.655000e+02 3.408000e+02
3.655000e+02 3.408000e+02
3.645000e+02 3.408000e+02
3.635000e+02 3.396000e+02
3.625000e+02 3.390000e+02
3.600000e+02 3.372000e+02
3.565000e+02 3.336000e+02
3.545000e+02 3.318000e+02
3.495000e+02 3.282000e+02
3.435000e+02 3.240000e+02
3.400000e+02 3.222000e+02
3.325000e+02 3.174000e+02
3.235000e+02 3.132000e+02
3.135000e+02 3.102000e+02
3.030000e+02 3.072000e+02
2.970000e+02 3.066000e+02
2.855000e+02 3.048000e+02
2.735000e+02 3.036000e+02
2.625000e+02 3.024000e+02
2.520000e+02 3.012000e+02
2.430000e+02 2.994000e+02
2.385000e+02 2.988000e+02
2.315000e+02 2.976000e+02
2.255000e+02 2.964000e+02
2.225000e+02 2.958000e+02
2.180000e+02 2.952000e+02
2.145000e+02 2.940000e+02
2.135000e+02 2.940000e+02
2.125000e+02 2.934000e+02
2.105000e+02 2.928000e+02
2.095000e+02 2.922000e+02
2.095000e+02 2.922000e+02
2.095000e+02 2.910000e+02
2.105000e+02 2.898000e+02
2.110000e+02 2.892000e+02
2.135000e+02 2.868000e+02
2.175000e+02 2.844000e+02
2.200000e+02 2.826000e+02
2.290000e+02 2.784000e+02
2.370000e+02 2.742000e+02
2.415000e+02 2.718000e+02
2.525000e+02 2.670000e+02
2.650000e+02 2.610000e+02
2.715000e+02 2.580000e+02
2.855000e+02 2.520000e+02
2.925000e+02 2.484000e+02
3.065000e+02 2.418000e+02
3.190000e+02 2.370000e+02
3.295000e+02 2.322000e+02
3.345000e+02 2.298000e+02
3.425000e+02 2.262000e+02
3.490000e+02 2.232000e+02
3.520000e+02 2.226000e+02
3.550000e+02 2.214000e+02
3.600000e+02 2.196000e+02
3.645000e+02 2.184000e+02
3.665000e+02 2.178000e+02
3.705000e+02 2.166000e+02
3.720000e+02 2.160000e+02
3.750000e+02 2.154000e+02
3.770000e+02 2.154000e+02
3.780000e+02 2.154000e+02
3.795000e+02 2.154000e+02
3.805000e+02 2.160000e+02
3.810000e+02 2.166000e+02
3.810000e+02 2.172000e+02
3.795000e+02 2.190000e+02
3.785000e+02 2.208000e+02
3.750000e+02 2.256000e+02
3.700000e+02 2.310000e+02
3.670000e+02 2.340000e+02
3.600000e+02 2.406000e+02
3.530000e+02 2.484000e+02
3.495000e+02 2.520000e+02
3.430000e+02 2.598000e+02
3.370000e+02 2.670000e+02
3.340000e+02 2.718000e+02
3.285000e+02 2.802000e+02
3.255000e+02 2.844000e+02
3.235000e+02 2.886000e+02
3.185000e+02 2.976000e+02
3.160000e+02 3.024000e+02
3.115000e+02 3.114000e+02
3.070000e+02 3.216000e+02
3.045000e+02 3.264000e+02
3.005000e+02 3.372000e+02
2.965000e+02 3.474000e+02
2.950000e+02 3.522000e+02
2.915000e+02 3.624000e+02
2.905000e+02 3.672000e+02
2.885000e+02 3.750000e+02
2.870000e+02 3.828000e+02
2.865000e+02 3.864000e+02
2.865000e+02 3.924000e+02
2.870000e+02 3.984000e+02
2.875000e+02 4.008000e+02
2.880000e+02 4.032000e+02
2.890000e+02 4.068000e+02
2.905000e+02 4.098000e+02
2.910000e+02 4.110000e+02
2.930000e+02 4.122000e+02
2.940000e+02 4.134000e+02
2.950000e+02 4.134000e+02
2.965000e+02 4.134000e+02
2.975000e+02 4.134000e+02
2.980000e+02 4.134000e+02
2.985000e+02 4.134000e+02
2.985000e+02 4.128000e+02
2.990000e+02 4.128000e+02
2.990000e+02 4.122000e+02
2.995000e+02 4.116000e+02
2.995000e+02 4.098000e+02
2.990000e+02 4.074000e+02
2.990000e+02 4.074000e+02
2.480000e+02 3.756000e+02
2.480000e+02 3.756000e+02
2.480000e+02 3.756000e+02
2.482500e+02 3.732000e+02
2.485000e+02 3.708000e+02
2.485000e+02 3.690000e+02
2.485000e+02 3.672000e+02
2.492500e+02 3.633000e+02
2.500000e+02 3.594000e+02
2.505000e+02 3.570000e+02
2.510000e+02 3.546000e+02
2.517500e+02 3.498000e+02
2.525000e+02 3.450000e+02
2.532500e+02 3.393000e+02
2.540000e+02 3.336000e+02
2.542500e+02 3.306000e+02
2.545000e+02 3.276000e+02
2.552500e+02 3.210000e+02
2.560000e+02 3.144000e+02
2.567500e+02 3.084000e+02
2.575000e+02 3.024000e+02
2.585000e+02 2.961000e+02
2.595000e+02 2.898000e+02
2.600000e+02 2.868000e+02
2.605000e+02 2.838000e+02
2.617500e+02 2.772000e+02
2.630000e+02 2.706000e+02
2.642500e+02 2.646000e+02
2.655000e+02 2.586000e+02
2.665000e+02 2.529000e+02
2.675000e+02 2.472000e+02
2.685000e+02 2.415000e+02
2.695000e+02 2.358000e+02
2.705000e+02 2.301000e+02
2.715000e+02 2.244000e+02
2.727500e+02 2.187000e+02
2.740000e+02 2.130000e+02
2.745000e+02 2.100000e+02
2.750000e+02 2.070000e+02
2.760000e+02 2.016000e+02
2.770000e+02 1.962000e+02
2.780000e+02 1.914000e+02
2.790000e+02 1.866000e+02
2.800000e+02 1.821000e+02
2.810000e+02 1.776000e+02
2.825000e+02 1.704000e+02
2.845000e+02 1.644000e+02
2.860000e+02 1.584000e+02
2.870000e+02 1.536000e+02
2.875000e+02 1.518000e+02
2.885000e+02 1.488000e+02
2.890000e+02 1.470000e+02
2.895000e+02 1.458000e+02
2.905000e+02 1.458000e+02
2.915000e+02 1.470000e+02
2.920000e+02 1.482000e+02
2.935000e+02 1.512000e+02
2.960000e+02 1.548000e+02
2.985000e+02 1.602000e+02
3.010000e+02 1.668000e+02
3.040000e+02 1.734000e+02
3.075000e+02 1.830000e+02
3.110000e+02 1.932000e+02
3.130000e+02 1.992000e+02
3.165000e+02 2.100000e+02
3.205000e+02 2.214000e+02
3.220000e+02 2.274000e+02
3.255000e+02 2.382000e+02
3.290000e+02 2.490000e+02
3.305000e+02 2.550000e+02
3.320000e+02 2.598000e+02
3.355000e+02 2.700000e+02
3.385000e+02 2.796000e+02
3.405000e+02 2.838000e+02
3.435000e+02 2.934000e+02
3.475000e+02 3.018000e+02
3.505000e+02 3.096000e+02
3.520000e+02 3.132000e+02
3.550000e+02 3.198000e+02
3.575000e+02 3.258000e+02
3.600000e+02 3.312000e+02
3.620000e+02 3.348000e+02
3.630000e+02 3.360000e+02
3.640000e+02 3.378000e+02
3.650000e+02 3.396000e+02
3.655000e+02 3.408000e+02
3.655000e+02 3.408000e+02
3.655000e+02 3.408000e+02
3.645000e+02 3.408000e+02
3.635000e+02 3.396000e+02
3.625000e+02 3.390000e+02
3.600000e+02 3.372000e+02
3.565000e+02 3.336000e+02
3.545000e+02 3.318000e+02
3.495000e+02 3.282000e+02
3.435000e+02 3.240000e+02
3.400000e+02 3.222000e+02
3.325000e+02 3.174000e+02
3.235000e+02 3.132000e+02
3.135000e+02 3.102000e+02
3.030000e+02 3.072000e+02
2.970000e+02 3.066000e+02
2.855000e+02 3.048000e+02
2.735000e+02 3.036000e+02
2.625000e+02 3.024000e+02
2.520000e+02 3.012000e+02
2.430000e+02 2.994000e+02
2.385000e+02 2.988000e+02
2.315000e+02 2.976000e+02
2.255000e+02 2.964000e+02
2.225000e+02 2.958000e+02
2.180000e+02 2.952000e+02
2.145000e+02 2.940000e+02
2.135000e+02 2.940000e+02
2.125000e+02 2.934000e+02
2.105000e+02 2.928000e+02
2.095000e+02 2.922000e+02
2.095000e+02 2.922000e+02
2.095000e+02 2.910000e+02
2.105000e+02 2.898000e+02
2.110000e+02 2.892000e+02
2.135000e+02 2.868000e+02
2.175000e+02 2.844000e+02
2.200000e+02 2.826000e+02
2.290000e+02 2.784000e+02
2.370000e+02 2.742000e+02
2.415000e+02 2.718000e+02
2.525000e+02 2.670000e+02
2.650000e+02 2.610000e+02
2.715000e+02 2.580000e+02
2.855000e+02 2.520000e+02
2.925000e+02 2.484000e+02
3.065000e+02 2.418000e+02
3.190000e+02 2.370000e+02
3.295000e+02 2.322000e+02
3.345000e+02 2.298000e+02
3.425000e+02 2.262000e+02
3.490000e+02 2.232000e+02
3.520000e+02 2.226000e+02
3.550000e+02 2.214000e+02
3.600000e+02 2.196000e+02
3.645000e+02 2.184000e+02
3.665000e+02 2.178000e+02
3.705000e+02 2.166000e+02
3.720000e+02 2.160000e+02
3.750000e+02 2.154000e+02
3.770000e+02 2.154000e+02
3.780000e+02 2.154000e+02
3.795000e+02 2.154000e+02
3.805000e+02 2.160000e+02
3.810000e+02 2.166000e+02
3.810000e+02 2.172000e+02
3.795000e+02 2.190000e+02
3.785000e+02 2.208000e+02
3.750000e+02 2.256000e+02
3.700000e+02 2.310000e+02
3.670000e+02 2.340000e+02
3.600000e+02 2.406000e+02
3.530000e+02 2.484000e+02
3.495000e+02 2.520000e+02
3.430000e+02 2.598000e+02
3.370000e+02 2.670000e+02
3.340000e+02 2.718000e+02
3.285000e+02 2.802000e+02
3.255000e+02 2.844000e+02
3.235000e+02 2.886000e+02
3.185000e+02 2.976000e+02
3.160000e+02 3.024000e+02
3.115000e+02 3.114000e+02
3.070000e+02 3.216000e+02
3.045000e+02 3.264000e+02
3.005000e+02 3.372000e+02
2.965000e+02 3.474000e+02
2.950000e+02 3.522000e+02
2.915000e+02 3.624000e+02
2.905000e+02 3.672000e+02
2.885000e+02 3.750000e+02
2.870000e+02 3.828000e+02
2.865000e+02 3.864000e+02
2.865000e+02 3.924000e+02
2.870000e+02 3.984000e+02
2.875000e+02 4.008000e+02
2.880000e+02 4.032000e+02
2.890000e+02 4.068000e+02
2.905000e+02 4.098000e+02
2.910000e+02 4.110000e+02
2.930000e+02 4.122000e+02
2.940000e+02 4.134000e+02
2.950000e+02 4.134000e+02
2.965000e+02 4.134000e+02
2.975000e+02 4.134000e+02
2.980000e+02 4.134000e+02
2.985000e+02 4.134000e+02
2.985000e+02 4.128000e+02
2.990000e+02 4.128000e+02
2.990000e+02 4.122000e+02
2.995000e+02 4.116000e+02
2.995000e+02 4.098000e+02
2.990000e+02 4.074000e+02
2.990000e+02 4.074000e+02
2.480000e+02 3.756000e+02
2.480000e+02 3.756000e+02
2.480000e+02 3.756000e+02
2.482500e+02 3.732000e+02
2.485000e+02 3.708000e+02
2.485000e+02 3.690000e+02
2.485000e+02 3.672000e+02
2.492500e+02 3.633000e+02
2.500000e+02 3.594000e+02
2.505000e+02 3.570000e+02
2.510000e+02 3.546000e+02
2.517500e+02 3.498000e+02
2.525000e+02 3.450000e+02
2.532500e+02 3.393000e+02
2.540000e+02 3.336000e+02
2.542500e+02 3.306000e+02
2.545000e+02 3.276000e+02
2.552500e+02 3.210000e+02
2.560000e+02 3.144000e+02
2.567500e+02 3.084000e+02
2.575000e+02 3.024000e+02
2.585000e+02 2.961000e+02
2.595000e+02 2.898000e+02
2.600000e+02 2.868000e+02
2.605000e+02 2.838000e+02
2.617500e+02 2.772000e+02
2.630000e+02 2.706000e+02
2.642500e+02 2.646000e+02
2.655000e+02 2.586000e+02
2.665000e+02 2.529000e+02
2.675000e+02 2.472000e+02
2.685000e+02 2.415000e+02
2.695000e+02 2.358000e+02
2.705000e+02 2.301000e+02
2.715000e+02 2.244000e+02
2.727500e+02 2.187000e+02
2.740000e+02 2.130000e+02
2.745000e+02 2.100000e+02
2.750000e+02 2.070000e+02
2.760000e+02 2.016000e+02
2.770000e+02 1.962000e+02
2.780000e+02 1.914000e+02
2.790000e+02 1.866000e+02
2.800000e+02 1.821000e+02
2.810000e+02 1.776000e+02
2.825000e+02 1.704000e+02
2.845000e+02 1.644000e+02
2.860000e+02 1.584000e+02
2.870000e+02 1.536000e+02
2.875000e+02 1.518000e+02
2.885000e+02 1.488000e+02
2.890000e+02 1.470000e+02
2.895000e+02 1.458000e+02
2.905000e+02 1.458000e+02
2.915000e+02 1.470000e+02
2.920000e+02 1.482000e+02
2.935000e+02 1.512000e+02
2.960000e+02 1.548000e+02
2.985000e+02 1.602000e+02
3.010000e+02 1.668000e+02
3.040000e+02 1.734000e+02
3.075000e+02 1.830000e+02
3.110000e+02 1.932000e+02
3.130000e+02 1.992000e+02
3.165000e+02 2.100000e+02
3.205000e+02 2.214000e+02
3.220000e+02 2.274000e+02
3.255000e+02 2.382000e+02
3.290000e+02 2.490000e+02
3.305000e+02 2.550000e+02
3.320000e+02 2.598000e+02
3.355000e+02 2.700000e+02
3.385000e+02 2.796000e+02
3.405000e+02 2.838000e+02
3.435000e+02 2.934000e+02
3.475000e+02 3.018000e+02
3.505000e+02 3.096000e+02
3.520000e+02 3.132000e+02
3.550000e+02 3.198000e+02
3.575000e+02 3.258000e+02
3.600000e+02 3.312000e+02
3.620000e+02 3.348000e+02
3.630000e+02 3.360000e+02
3.640000e+02 3.378000e+02
3.650000e+02 3.396000e+02
3.655000e+02 3.408000e+02
3.655000e+02 3.408000e+02
3.655000e+02 3.408000e+02
3.645000e+02 3.408000e+02
3.635000e+02 3.396000e+02
3.625000e+02 3.390000e+02
3.600000e+02 3.372000e+02
3.565000e+02 3.336000e+02
3.545000e+02 3.318000e+02
3.495000e+02 3.282000e+02
3.435000e+02 3.240000e+02
3.400000e+02 3.222000e+02
3.325000e+02 3.174000e+02
3.235000e+02 3.132000e+02
3.135000e+02 3.102000e+02
3.030000e+02 3.072000e+02
2.970000e+02 3.066000e+02
2.855000e+02 3.048000e+02
2.735000e+02 3.036000e+02
2.625000e+02 3.024000e+02
2.520000e+02 3.012000e+02
2.430000e+02 2.994000e+02
2.385000e+02 2.988000e+02
2.315000e+02 2.976000e+02
2.255000e+02 2.964000e+02
2.225000e+02 2.958000e+02
2.180000e+02 2.952000e+02
2.145000e+02 2.940000e+02
2.135000e+02 2.940000e+02
2.125000e+02 2.934000e+02
2.105000e+02 2.928000e+02
2.095000e+02 2.922000e+02
2.095000e+02 2.922000e+02
2.095000e+02 2.910000e+02
2.105000e+02 2.898000e+02
2.110000e+02 2.892000e+02
2.135000e+02 2.868000e+02
2.175000e+02 2.844000e+02
2.200000e+02 2.826000e+02
2.290000e+02 2.784000e+02
2.370000e+02 2.742000e+02
2.415000e+02 2.718000e+02
2.525000e+02 2.670000e+02
2.650000e+02 2.610000e+02
2.715000e+02 2.580000e+02
2.855000e+02 2.520000e+02
2.925000e+02 2.484000e+02
3.065000e+02 2.418000e+02
3.190000e+02 2.370000e+02
3.295000e+02 2.322000e+02
3.345000e+02 2.298000e+02
3.425000e+02 2.262000e+02
3.490000e+02 2.232000e+02
3.520000e+02 2.226000e+02
3.550000e+02 2.214000e+02
3.600000e+02 2.196000e+02
3.645000e+02 2.184000e+02
3.665000e+02 2.178000e+02
3.705000e+02 2.166000e+02
3.720000e+02 2.160000e+02
3.750000e+02 2.154000e+02
3.770000e+02 2.154000e+02
3.780000e+02 2.154000e+02
3.795000e+02 2.154000e+02
3.805000e+02 2.160000e+02
3.810000e+02 2.166000e+02
3.810000e+02 2.172000e+02
3.795000e+02 2.190000e+02
3.785000e+02 2.208000e+02
3.750000e+02 2.256000e+02
3.700000e+02 2.310000e+02
3.670000e+02 2.340000e+02
3.600000e+02 2.406000e+02
3.530000e+02 2.484000e+02
3.495000e+02 2.520000e+02
3.430000e+02 2.598000e+02
3.370000e+02 2.670000e+02
3.340000e+02 2.718000e+02
3.285000e+02 2.802000e+02
3.255000e+02 2.844000e+02
3.235000e+02 2.886000e+02
3.185000e+02 2.976000e+02
3.160000e+02 3.024000e+02
3.115000e+02 3.114000e+02
3.070000e+02 3.216000e+02
3.045000e+02 3.264000e+02
3.005000e+02 3.372000e+02
2.965000e+02 3.474000e+02
2.950000e+02 3.522000e+02
2.915000e+02 3.624000e+02
2.905000e+02 3.672000e+02
2.885000e+02 3.750000e+02
2.870000e+02 3.828000e+02
2.865000e+02 3.864000e+02
2.865000e+02 3.924000e+02
2.870000e+02 3.984000e+02
2.875000e+02 4.008000e+02
2.880000e+02 4.032000e+02
2.890000e+02 4.068000e+02
2.905000e+02 4.098000e+02
2.910000e+02 4.110000e+02
2.930000e+02 4.122000e+02
2.940000e+02 4.134000e+02
2.950000e+02 4.134000e+02
2.965000e+02 4.134000e+02
2.975000e+02 4.134000e+02
2.980000e+02 4.134000e+02
2.985000e+02 4.134000e+02
2.985000e+02 4.128000e+02
2.990000e+02 4.128000e+02
2.990000e+02 4.122000e+02
2.995000e+02 4.116000e+02
2.995000e+02 4.098000e+02
2.990000e+02 4.074000e+02
2.990000e+02 4.074000e+02
