1.755000e+02 3.324000e+02
1.755000e+02 3.324000e+02
1.755000e+02 3.324000e+02
1.757500e+02 3.321000e+02
1.760000e+02 3.318000e+02
1.762500e+02 3.309000e+02
1.765000e+02 3.300000e+02
1.767500e+02 3.288000e+02
1.770000e+02 3.276000e+02
1.777500e+02 3.261000e+02
1.785000e+02 3.246000e+02
1.795000e+02 3.228000e+02
1.805000e+02 3.210000e+02
1.815000e+02 3.189000e+02
1.825000e+02 3.168000e+02
1.835000e+02 3.147000e+02
1.845000e+02 3.126000e+02
1.860000e+02 3.093000e+02
1.875000e+02 3.060000e+02
1.892500e+02 3.021000e+02
1.910000e+02 2.982000e+02
1.927500e+02 2.937000e+02
1.945000e+02 2.892000e+02
1.957500e+02 2.862000e+02
1.970000e+02 2.832000e+02
1.987500e+02 2.781000e+02
2.005000e+02 2.730000e+02
2.022500e+02 2.679000e+02
2.040000e+02 2.628000e+02
2.055000e+02 2.595000e+02
2.070000e+02 2.562000e+02
2.082500e+02 2.523000e+02
2.095000e+02 2.484000e+02
2.107500e+02 2.451000e+02
2.120000e+02 2.418000e+02
2.130000e+02 2.388000e+02
2.140000e+02 2.358000e+02
2.152500e+02 2.322000e+02
2.165000e+02 2.286000e+02
2.177500e+02 2.256000e+02
2.190000e+02 2.226000e+02
2.202500e+02 2.190000e+02
2.215000e+02 2.154000e+02
2.225000e+02 2.121000e+02
2.235000e+02 2.088000e+02
2.245000e+02 2.058000e+02
2.255000e+02 2.028000e+02
2.265000e+02 1.995000e+02
2.275000e+02 1.962000e+02
2.285000e+02 1.932000e+02
2.295000e+02 1.902000e+02
2.307500e+02 1.869000e+02
2.320000e+02 1.836000e+02
2.330000e+02 1.806000e+02
2.340000e+02 1.776000e+02
2.355000e+02 1.734000e+02
2.370000e+02 1.692000e+02
2.380000e+02 1.662000e+02
2.390000e+02 1.632000e+02
2.402500e+02 1.602000e+02
2.415000e+02 1.572000e+02
2.427500e+02 1.542000e+02
2.440000e+02 1.512000e+02
2.450000e+02 1.482000e+02
2.460000e+02 1.452000e+02
2.472500e+02 1.425000e+02
2.485000e+02 1.398000e+02
2.495000e+02 1.374000e+02
2.505000e+02 1.350000e+02
2.517500e+02 1.326000e+02
2.530000e+02 1.302000e+02
2.542500e+02 1.272000e+02
2.555000e+02 1.242000e+02
2.572500e+02 1.203000e+02
2.590000e+02 1.164000e+02
2.600000e+02 1.140000e+02
2.610000e+02 1.116000e+02
2.625000e+02 1.092000e+02
2.640000e+02 1.068000e+02
2.652500e+02 1.041000e+02
2.665000e+02 1.014000e+02
2.675000e+02 9.930000e+01
2.685000e+02 9.720000e+01
2.697500e+02 9.510000e+01
2.710000e+02 9.300000e+01
2.722500e+02 9.090000e+01
2.735000e+02 8.880000e+01
2.745000e+02 8.700000e+01
2.755000e+02 8.520000e+01
2.765000e+02 8.370000e+01
2.775000e+02 8.220000e+01
2.787500e+02 8.040000e+01
2.800000e+02 7.860000e+01
2.812500e+02 7.680000e+01
2.825000e+02 7.500000e+01
2.837500e+02 7.350000e+01
2.850000e+02 7.200000e+01
2.865000e+02 7.020000e+01
2.880000e+02 6.840000e+01
2.885000e+02 6.810000e+01
2.890000e+02 6.780000e+01
2.897500e+02 6.660000e+01
2.905000e+02 6.540000e+01
2.915000e+02 6.450000e+01
2.925000e+02 6.360000e+01
2.932500e+02 6.300000e+01
2.940000e+02 6.240000e+01
2.950000e+02 6.180000e+01
2.960000e+02 6.120000e+01
2.967500e+02 6.060000e+01
2.975000e+02 6.000000e+01
2.980000e+02 5.970000e+01
2.985000e+02 5.940000e+01
2.990000e+02 5.910000e+01
2.995000e+02 5.880000e+01
3.002500e+02 5.850000e+01
3.010000e+02 5.820000e+01
3.017500e+02 5.820000e+01
3.025000e+02 5.820000e+01
3.045000e+02 5.820000e+01
3.075000e+02 5.880000e+01
3.110000e+02 6.000000e+01
3.145000e+02 6.240000e+01
3.170000e+02 6.420000e+01
3.195000e+02 6.600000e+01
3.225000e+02 6.840000e+01
3.250000e+02 7.080000e+01
3.280000e+02 7.380000e+01
3.310000e+02 7.680000e+01
3.335000e+02 7.920000e+01
3.365000e+02 8.280000e+01
3.395000e+02 8.640000e+01
3.435000e+02 9.060000e+01
3.465000e+02 9.420000e+01
3.515000e+02 1.008000e+02
3.550000e+02 1.050000e+02
3.585000e+02 1.092000e+02
3.620000e+02 1.140000e+02
3.655000e+02 1.188000e+02
3.690000e+02 1.236000e+02
3.725000e+02 1.284000e+02
3.760000e+02 1.338000e+02
3.800000e+02 1.392000e+02
3.840000e+02 1.446000e+02
3.870000e+02 1.494000e+02
3.910000e+02 1.542000e+02
3.950000e+02 1.602000e+02
3.985000e+02 1.650000e+02
4.015000e+02 1.704000e+02
4.055000e+02 1.758000e+02
4.085000e+02 1.812000e+02
4.135000e+02 1.890000e+02
4.170000e+02 1.944000e+02
4.200000e+02 1.998000e+02
4.230000e+02 2.052000e+02
4.260000e+02 2.100000e+02
4.290000e+02 2.148000e+02
4.325000e+02 2.202000e+02
4.350000e+02 2.250000e+02
4.375000e+02 2.298000e+02
4.405000e+02 2.352000e+02
4.430000e+02 2.400000e+02
4.460000e+02 2.448000e+02
4.485000e+02 2.502000e+02
4.510000e+02 2.544000e+02
4.535000e+02 2.592000e+02
4.560000e+02 2.640000e+02
4.600000e+02 2.706000e+02
4.620000e+02 2.742000e+02
4.645000e+02 2.784000e+02
4.665000e+02 2.826000e+02
4.690000e+02 2.862000e+02
4.710000e+02 2.898000e+02
4.725000e+02 2.928000e+02
4.745000e+02 2.964000e+02
4.760000e+02 2.994000e+02
4.775000e+02 3.024000e+02
4.790000e+02 3.054000e+02
4.805000e+02 3.084000e+02
4.810000e+02 3.096000e+02
4.830000e+02 3.126000e+02
4.835000e+02 3.144000e+02
4.840000e+02 3.150000e+02
4.855000e+02 3.180000e+02
4.865000e+02 3.198000e+02
4.875000e+02 3.210000e+02
4.880000e+02 3.228000e+02
4.885000e+02 3.246000e+02
4.890000e+02 3.264000e+02
4.900000e+02 3.282000e+02
4.905000e+02 3.300000e+02
4.910000e+02 3.318000e+02
4.920000e+02 3.342000e+02
4.925000e+02 3.360000e+02
4.925000e+02 3.378000e+02
4.930000e+02 3.402000e+02
4.930000e+02 3.432000e+02
4.920000e+02 3.456000e+02
4.910000e+02 3.468000e+02
4.910000e+02 3.468000e+02
1.755000e+02 3.324000e+02
1.755000e+02 3.324000e+02
1.755000e+02 3.324000e+02
1.757500e+02 3.321000e+02
1.760000e+02 3.318000e+02
1.762500e+02 3.309000e+02
1.765000e+02 3.300000e+02
1.767500e+02 3.288000e+02
1.770000e+02 3.276000e+02
1.777500e+02 3.261000e+02
1.785000e+02 3.246000e+02
1.795000e+02 3.228000e+02
1.805000e+02 3.210000e+02
1.815000e+02 3.189000e+02
1.825000e+02 3.168000e+02
1.835000e+02 3.147000e+02
1.845000e+02 3.126000e+02
1.860000e+02 3.093000e+02
1.875000e+02 3.060000e+02
1.892500e+02 3.021000e+02
1.910000e+02 2.982000e+02
1.927500e+02 2.937000e+02
1.945000e+02 2.892000e+02
1.957500e+02 2.862000e+02
1.970000e+02 2.832000e+02
1.987500e+02 2.781000e+02
2.005000e+02 2.730000e+02
2.022500e+02 2.679000e+02
2.040000e+02 2.628000e+02
2.055000e+02 2.595000e+02
2.070000e+02 2.562000e+02
2.082500e+02 2.523000e+02
2.095000e+02 2.484000e+02
2.107500e+02 2.451000e+02
2.120000e+02 2.418000e+02
2.130000e+02 2.388000e+02
2.140000e+02 2.358000e+02
2.152500e+02 2.322000e+02
2.165000e+02 2.286000e+02
2.177500e+02 2.256000e+02
2.190000e+02 2.226000e+02
2.202500e+02 2.190000e+02
2.215000e+02 2.154000e+02
2.225000e+02 2.121000e+02
2.235000e+02 2.088000e+02
2.245000e+02 2.058000e+02
2.255000e+02 2.028000e+02
2.265000e+02 1.995000e+02
2.275000e+02 1.962000e+02
2.285000e+02 1.932000e+02
2.295000e+02 1.902000e+02
2.307500e+02 1.869000e+02
2.320000e+02 1.836000e+02
2.330000e+02 1.806000e+02
2.340000e+02 1.776000e+02
2.355000e+02 1.734000e+02
2.370000e+02 1.692000e+02
2.380000e+02 1.662000e+02
2.390000e+02 1.632000e+02
2.402500e+02 1.602000e+02
2.415000e+02 1.572000e+02
2.427500e+02 1.542000e+02
2.440000e+02 1.512000e+02
2.450000e+02 1.482000e+02
2.460000e+02 1.452000e+02
2.472500e+02 1.425000e+02
2.485000e+02 1.398000e+02
2.495000e+02 1.374000e+02
2.505000e+02 1.350000e+02
2.517500e+02 1.326000e+02
2.530000e+02 1.302000e+02
2.542500e+02 1.272000e+02
2.555000e+02 1.242000e+02
2.572500e+02 1.203000e+02
2.590000e+02 1.164000e+02
2.600000e+02 1.140000e+02
2.610000e+02 1.116000e+02
2.625000e+02 1.092000e+02
2.640000e+02 1.068000e+02
2.652500e+02 1.041000e+02
2.665000e+02 1.014000e+02
2.675000e+02 9.930000e+01
2.685000e+02 9.720000e+01
2.697500e+02 9.510000e+01
2.710000e+02 9.300000e+01
2.722500e+02 9.090000e+01
2.735000e+02 8.880000e+01
2.745000e+02 8.700000e+01
2.755000e+02 8.520000e+01
2.765000e+02 8.370000e+01
2.775000e+02 8.220000e+01
2.787500e+02 8.040000e+01
2.800000e+02 7.860000e+01
2.812500e+02 7.680000e+01
2.825000e+02 7.500000e+01
2.837500e+02 7.350000e+01
2.850000e+02 7.200000e+01
2.865000e+02 7.020000e+01
2.880000e+02 6.840000e+01
2.885000e+02 6.810000e+01
2.890000e+02 6.780000e+01
2.897500e+02 6.660000e+01
2.905000e+02 6.540000e+01
2.915000e+02 6.450000e+01
2.925000e+02 6.360000e+01
2.932500e+02 6.300000e+01
2.940000e+02 6.240000e+01
2.950000e+02 6.180000e+01
2.960000e+02 6.120000e+01
2.967500e+02 6.060000e+01
2.975000e+02 6.000000e+01
2.980000e+02 5.970000e+01
2.985000e+02 5.940000e+01
2.990000e+02 5.910000e+01
2.995000e+02 5.880000e+01
3.002500e+02 5.850000e+01
3.010000e+02 5.820000e+01
3.017500e+02 5.820000e+01
3.025000e+02 5.820000e+01
3.045000e+02 5.820000e+01
3.075000e+02 5.880000e+01
3.110000e+02 6.000000e+01
3.145000e+02 6.240000e+01
3.170000e+02 6.420000e+01
3.195000e+02 6.600000e+01
3.225000e+02 6.840000e+01
3.250000e+02 7.080000e+01
3.280000e+02 7.380000e+01
3.310000e+02 7.680000e+01
3.335000e+02 7.920000e+01
3.365000e+02 8.280000e+01
3.395000e+02 8.640000e+01
3.435000e+02 9.060000e+01
3.465000e+02 9.420000e+01
3.515000e+02 1.008000e+02
3.550000e+02 1.050000e+02
3.585000e+02 1.092000e+02
3.620000e+02 1.140000e+02
3.655000e+02 1.188000e+02
3.690000e+02 1.236000e+02
3.725000e+02 1.284000e+02
3.760000e+02 1.338000e+02
3.800000e+02 1.392000e+02
3.840000e+02 1.446000e+02
3.870000e+02 1.494000e+02
3.910000e+02 1.542000e+02
3.950000e+02 1.602000e+02
3.985000e+02 1.650000e+02
4.015000e+02 1.704000e+02
4.055000e+02 1.758000e+02
4.085000e+02 1.812000e+02
4.135000e+02 1.890000e+02
4.170000e+02 1.944000e+02
4.200000e+02 1.998000e+02
4.230000e+02 2.052000e+02
4.260000e+02 2.100000e+02
4.290000e+02 2.148000e+02
4.325000e+02 2.202000e+02
4.350000e+02 2.250000e+02
4.375000e+02 2.298000e+02
4.405000e+02 2.352000e+02
4.430000e+02 2.400000e+02
4.460000e+02 2.448000e+02
4.485000e+02 2.502000e+02
4.510000e+02 2.544000e+02
4.535000e+02 2.592000e+02
4.560000e+02 2.640000e+02
4.600000e+02 2.706000e+02
4.620000e+02 2.742000e+02
4.645000e+02 2.784000e+02
4.665000e+02 2.826000e+02
4.690000e+02 2.862000e+02
4.710000e+02 2.898000e+02
4.725000e+02 2.928000e+02
4.745000e+02 2.964000e+02
4.760000e+02 2.994000e+02
4.775000e+02 3.024000e+02
4.790000e+02 3.054000e+02
4.805000e+02 3.084000e+02
4.810000e+02 3.096000e+02
4.830000e+02 3.126000e+02
4.835000e+02 3.144000e+02
4.840000e+02 3.150000e+02
4.855000e+02 3.180000e+02
4.865000e+02 3.198000e+02
4.875000e+02 3.210000e+02
4.880000e+02 3.228000e+02
4.885000e+02 3.246000e+02
4.890000e+02 3.264000e+02
4.900000e+02 3.282000e+02
4.905000e+02 3.300000e+02
4.910000e+02 3.318000e+02
4.920000e+02 3.342000e+02
4.925000e+02 3.360000e+02
4.925000e+02 3.378000e+02
4.930000e+02 3.402000e+02
4.930000e+02 3.432000e+02
4.920000e+02 3.456000e+02
4.910000e+02 3.468000e+02
4.910000e+02 3.468000e+02
1.755000e+02 3.324000e+02
1.755000e+02 3.324000e+02
1.755000e+02 3.324000e+02
1.757500e+02 3.321000e+02
1.760000e+02 3.318000e+02
1.762500e+02 3.309000e+02
1.765000e+02 3.300000e+02
1.767500e+02 3.288000e+02
1.770000e+02 3.276000e+02
1.777500e+02 3.261000e+02
1.785000e+02 3.246000e+02
1.795000e+02 3.228000e+02
1.805000e+02 3.210000e+02
1.815000e+02 3.189000e+02
1.825000e+02 3.168000e+02
1.835000e+02 3.147000e+02
1.845000e+02 3.126000e+02
1.860000e+02 3.093000e+02
1.875000e+02 3.060000e+02
1.892500e+02 3.021000e+02
1.910000e+02 2.982000e+02
1.927500e+02 2.937000e+02
1.945000e+02 2.892000e+02
1.957500e+02 2.862000e+02
1.970000e+02 2.832000e+02
1.987500e+02 2.781000e+02
2.005000e+02 2.730000e+02
2.022500e+02 2.679000e+02
2.040000e+02 2.628000e+02
2.055000e+02 2.595000e+02
2.070000e+02 2.562000e+02
2.082500e+02 2.523000e+02
2.095000e+02 2.484000e+02
2.107500e+02 2.451000e+02
2.120000e+02 2.418000e+02
2.130000e+02 2.388000e+02
2.140000e+02 2.358000e+02
2.152500e+02 2.322000e+02
2.165000e+02 2.286000e+02
2.177500e+02 2.256000e+02
2.190000e+02 2.226000e+02
2.202500e+02 2.190000e+02
2.215000e+02 2.154000e+02
2.225000e+02 2.121000e+02
2.235000e+02 2.088000e+02
2.245000e+02 2.058000e+02
2.255000e+02 2.028000e+02
2.265000e+02 1.995000e+02
2.275000e+02 1.962000e+02
2.285000e+02 1.932000e+02
2.295000e+02 1.902000e+02
2.307500e+02 1.869000e+02
2.320000e+02 1.836000e+02
2.330000e+02 1.806000e+02
2.340000e+02 1.776000e+02
2.355000e+02 1.734000e+02
2.370000e+02 1.692000e+02
2.380000e+02 1.662000e+02
2.390000e+02 1.632000e+02
2.402500e+02 1.602000e+02
2.415000e+02 1.572000e+02
2.427500e+02 1.542000e+02
2.440000e+02 1.512000e+02
2.450000e+02 1.482000e+02
2.460000e+02 1.452000e+02
2.472500e+02 1.425000e+02
2.485000e+02 1.398000e+02
2.495000e+02 1.374000e+02
2.505000e+02 1.350000e+02
2.517500e+02 1.326000e+02
2.530000e+02 1.302000e+02
2.542500e+02 1.272000e+02
2.555000e+02 1.242000e+02
2.572500e+02 1.203000e+02
2.590000e+02 1.164000e+02
2.600000e+02 1.140000e+02
2.610000e+02 1.116000e+02
2.625000e+02 1.092000e+02
2.640000e+02 1.068000e+02
2.652500e+02 1.041000e+02
2.665000e+02 1.014000e+02
2.675000e+02 9.930000e+01
2.685000e+02 9.720000e+01
2.697500e+02 9.510000e+01
2.710000e+02 9.300000e+01
2.722500e+02 9.090000e+01
2.735000e+02 8.880000e+01
2.745000e+02 8.700000e+01
2.755000e+02 8.520000e+01
2.765000e+02 8.370000e+01
2.775000e+02 8.220000e+01
2.787500e+02 8.040000e+01
2.800000e+02 7.860000e+01
2.812500e+02 7.680000e+01
2.825000e+02 7.500000e+01
2.837500e+02 7.350000e+01
2.850000e+02 7.200000e+01
2.865000e+02 7.020000e+01
2.880000e+02 6.840000e+01
2.885000e+02 6.810000e+01
2.890000e+02 6.780000e+01
2.897500e+02 6.660000e+01
2.905000e+02 6.540000e+01
2.915000e+02 6.450000e+01
2.925000e+02 6.360000e+01
2.932500e+02 6.300000e+01
2.940000e+02 6.240000e+01
2.950000e+02 6.180000e+01
2.960000e+02 6.120000e+01
2.967500e+02 6.060000e+01
2.975000e+02 6.000000e+01
2.980000e+02 5.970000e+01
2.985000e+02 5.940000e+01
2.990000e+02 5.910000e+01
2.995000e+02 5.880000e+01
3.002500e+02 5.850000e+01
3.010000e+02 5.820000e+01
3.017500e+02 5.820000e+01
3.025000e+02 5.820000e+01
3.045000e+02 5.820000e+01
3.075000e+02 5.880000e+01
3.110000e+02 6.000000e+01
3.145000e+02 6.240000e+01
3.170000e+02 6.420000e+01
3.195000e+02 6.600000e+01
3.225000e+02 6.840000e+01
3.250000e+02 7.080000e+01
3.280000e+02 7.380000e+01
3.310000e+02 7.680000e+01
3.335000e+02 7.920000e+01
3.365000e+02 8.280000e+01
3.395000e+02 8.640000e+01
3.435000e+02 9.060000e+01
3.465000e+02 9.420000e+01
3.515000e+02 1.008000e+02
3.550000e+02 1.050000e+02
3.585000e+02 1.092000e+02
3.620000e+02 1.140000e+02
3.655000e+02 1.188000e+02
3.690000e+02 1.236000e+02
3.725000e+02 1.284000e+02
3.760000e+02 1.338000e+02
3.800000e+02 1.392000e+02
3.840000e+02 1.446000e+02
3.870000e+02 1.494000e+02
3.910000e+02 1.542000e+02
3.950000e+02 1.602000e+02
3.985000e+02 1.650000e+02
4.015000e+02 1.704000e+02
4.055000e+02 1.758000e+02
4.085000e+02 1.812000e+02
4.135000e+02 1.890000e+02
4.170000e+02 1.944000e+02
4.200000e+02 1.998000e+02
4.230000e+02 2.052000e+02
4.260000e+02 2.100000e+02
4.290000e+02 2.148000e+02
4.325000e+02 2.202000e+02
4.350000e+02 2.250000e+02
4.375000e+02 2.298000e+02
4.405000e+02 2.352000e+02
4.430000e+02 2.400000e+02
4.460000e+02 2.448000e+02
4.485000e+02 2.502000e+02
4.510000e+02 2.544000e+02
4.535000e+02 2.592000e+02
4.560000e+02 2.640000e+02
4.600000e+02 2.706000e+02
4.620000e+02 2.742000e+02
4.645000e+02 2.784000e+02
4.665000e+02 2.826000e+02
4.690000e+02 2.862000e+02
4.710000e+02 2.898000e+02
4.725000e+02 2.928000e+02
4.745000e+02 2.964000e+02
4.760000e+02 2.994000e+02
4.775000e+02 3.024000e+02
4.790000e+02 3.054000e+02
4.805000e+02 3.084000e+02
4.810000e+02 3.096000e+02
4.830000e+02 3.126000e+02
4.835000e+02 3.144000e+02
4.840000e+02 3.150000e+02
4.855000e+02 3.180000e+02
4.865000e+02 3.198000e+02
4.875000e+02 3.210000e+02
4.880000e+02 3.228000e+02
4.885000e+02 3.246000e+02
4.890000e+02 3.264000e+02
4.900000e+02 3.282000e+02
4.905000e+02 3.300000e+02
4.910000e+02 3.318000e+02
4.920000e+02 3.342000e+02
4.925000e+02 3.360000e+02
4.925000e+02 3.378000e+02
4.930000e+02 3.402000e+02
4.930000e+02 3.432000e+02
4.920000e+02 3.456000e+02
4.910000e+02 3.468000e+02
4.910000e+02 3.468000e+02
1.755000e+02 3.324000e+02
1.755000e+02 3.324000e+02
1.755000e+02 3.324000e+02
1.757500e+02 3.321000e+02
1.760000e+02 3.318000e+02
1.762500e+02 3.309000e+02
1.765000e+02 3.300000e+02
1.767500e+02 3.288000e+02
1.770000e+02 3.276000e+02
1.777500e+02 3.261000e+02
1.785000e+02 3.246000e+02
1.795000e+02 3.228000e+02
1.805000e+02 3.210000e+02
1.815000e+02 3.189000e+02
1.825000e+02 3.168000e+02
1.835000e+02 3.147000e+02
1.845000e+02 3.126000e+02
1.860000e+02 3.093000e+02
1.875000e+02 3.060000e+02
1.892500e+02 3.021000e+02
1.910000e+02 2.982000e+02
1.927500e+02 2.937000e+02
1.945000e+02 2.892000e+02
1.957500e+02 2.862000e+02
1.970000e+02 2.832000e+02
1.987500e+02 2.781000e+02
2.005000e+02 2.730000e+02
2.022500e+02 2.679000e+02
2.040000e+02 2.628000e+02
2.055000e+02 2.595000e+02
2.070000e+02 2.562000e+02
2.082500e+02 2.523000e+02
2.095000e+02 2.484000e+02
2.107500e+02 2.451000e+02
2.120000e+02 2.418000e+02
2.130000e+02 2.388000e+02
2.140000e+02 2.358000e+02
2.152500e+02 2.322000e+02
2.165000e+02 2.286000e+02
2.177500e+02 2.256000e+02
2.190000e+02 2.226000e+02
2.202500e+02 2.190000e+02
2.215000e+02 2.154000e+02
2.225000e+02 2.121000e+02
2.235000e+02 2.088000e+02
2.245000e+02 2.058000e+02
2.255000e+02 2.028000e+02
2.265000e+02 1.995000e+02
2.275000e+02 1.962000e+02
2.285000e+02 1.932000e+02
2.295000e+02 1.902000e+02
2.307500e+02 1.869000e+02
2.320000e+02 1.836000e+02
2.330000e+02 1.806000e+02
2.340000e+02 1.776000e+02
2.355000e+02 1.734000e+02
2.370000e+02 1.692000e+02
2.380000e+02 1.662000e+02
2.390000e+02 1.632000e+02
2.402500e+02 1.602000e+02
2.415000e+02 1.572000e+02
2.427500e+02 1.542000e+02
2.440000e+02 1.512000e+02
2.450000e+02 1.482000e+02
2.460000e+02 1.452000e+02
2.472500e+02 1.425000e+02
2.485000e+02 1.398000e+02
2.495000e+02 1.374000e+02
2.505000e+02 1.350000e+02
2.517500e+02 1.326000e+02
2.530000e+02 1.302000e+02
2.542500e+02 1.272000e+02
2.555000e+02 1.242000e+02
2.572500e+02 1.203000e+02
2.590000e+02 1.164000e+02
2.600000e+02 1.140000e+02
2.610000e+02 1.116000e+02
2.625000e+02 1.092000e+02
2.640000e+02 1.068000e+02
2.652500e+02 1.041000e+02
2.665000e+02 1.014000e+02
2.675000e+02 9.930000e+01
2.685000e+02 9.720000e+01
2.697500e+02 9.510000e+01
2.710000e+02 9.300000e+01
2.722500e+02 9.090000e+01
2.735000e+02 8.880000e+01
2.745000e+02 8.700000e+01
2.755000e+02 8.520000e+01
2.765000e+02 8.370000e+01
2.775000e+02 8.220000e+01
2.787500e+02 8.040000e+01
2.800000e+02 7.860000e+01
2.812500e+02 7.680000e+01
2.825000e+02 7.500000e+01
2.837500e+02 7.350000e+01
2.850000e+02 7.200000e+01
2.865000e+02 7.020000e+01
2.880000e+02 6.840000e+01
2.885000e+02 6.810000e+01
2.890000e+02 6.780000e+01
2.897500e+02 6.660000e+01
2.905000e+02 6.540000e+01
2.915000e+02 6.450000e+01
2.925000e+02 6.360000e+01
2.932500e+02 6.300000e+01
2.940000e+02 6.240000e+01
2.950000e+02 6.180000e+01
2.960000e+02 6.120000e+01
2.967500e+02 6.060000e+01
2.975000e+02 6.000000e+01
2.980000e+02 5.970000e+01
2.985000e+02 5.940000e+01
2.990000e+02 5.910000e+01
2.995000e+02 5.880000e+01
3.002500e+02 5.850000e+01
3.010000e+02 5.820000e+01
3.017500e+02 5.820000e+01
3.025000e+02 5.820000e+01
3.045000e+02 5.820000e+01
3.075000e+02 5.880000e+01
3.110000e+02 6.000000e+01
3.145000e+02 6.240000e+01
3.170000e+02 6.420000e+01
3.195000e+02 6.600000e+01
3.225000e+02 6.840000e+01
3.250000e+02 7.080000e+01
3.280000e+02 7.380000e+01
3.310000e+02 7.680000e+01
3.335000e+02 7.920000e+01
3.365000e+02 8.280000e+01
3.395000e+02 8.640000e+01
3.435000e+02 9.060000e+01
3.465000e+02 9.420000e+01
3.515000e+02 1.008000e+02
3.550000e+02 1.050000e+02
3.585000e+02 1.092000e+02
3.620000e+02 1.140000e+02
3.655000e+02 1.188000e+02
3.690000e+02 1.236000e+02
3.725000e+02 1.284000e+02
3.760000e+02 1.338000e+02
3.800000e+02 1.392000e+02
3.840000e+02 1.446000e+02
3.870000e+02 1.494000e+02
3.910000e+02 1.542000e+02
3.950000e+02 1.602000e+02
3.985000e+02 1.650000e+02
4.015000e+02 1.704000e+02
4.055000e+02 1.758000e+02
4.085000e+02 1.812000e+02
4.135000e+02 1.890000e+02
4.170000e+02 1.944000e+02
4.200000e+02 1.998000e+02
4.230000e+02 2.052000e+02
4.260000e+02 2.100000e+02
4.290000e+02 2.148000e+02
4.325000e+02 2.202000e+02
4.350000e+02 2.250000e+02
4.375000e+02 2.298000e+02
4.405000e+02 2.352000e+02
4.430000e+02 2.400000e+02
4.460000e+02 2.448000e+02
4.485000e+02 2.502000e+02
4.510000e+02 2.544000e+02
4.535000e+02 2.592000e+02
4.560000e+02 2.640000e+02
4.600000e+02 2.706000e+02
4.620000e+02 2.742000e+02
4.645000e+02 2.784000e+02
4.665000e+02 2.826000e+02
4.690000e+02 2.862000e+02
4.710000e+02 2.898000e+02
4.725000e+02 2.928000e+02
4.745000e+02 2.964000e+02
4.760000e+02 2.994000e+02
4.775000e+02 3.024000e+02
4.790000e+02 3.054000e+02
4.805000e+02 3.084000e+02
4.810000e+02 3.096000e+02
4.830000e+02 3.126000e+02
4.835000e+02 3.144000e+02
4.840000e+02 3.150000e+02
4.855000e+02 3.180000e+02
4.865000e+02 3.198000e+02
4.875000e+02 3.210000e+02
4.880000e+02 3.228000e+02
4.885000e+02 3.246000e+02
4.890000e+02 3.264000e+02
4.900000e+02 3.282000e+02
4.905000e+02 3.300000e+02
4.910000e+02 3.318000e+02
4.920000e+02 3.342000e+02
4.925000e+02 3.360000e+02
4.925000e+02 3.378000e+02
4.930000e+02 3.402000e+02
4.930000e+02 3.432000e+02
4.920000e+02 3.456000e+02
4.910000e+02 3.468000e+02
4.910000e+02 3.468000e+02
