4.530000e+02 2.592000e+02
4.530000e+02 2.580000e+02
4.530000e+02 2.538000e+02
4.530000e+02 2.514000e+02
4.525000e+02 2.478000e+02
4.525000e+02 2.412000e+02
4.525000e+02 2.328000e+02
4.520000e+02 2.220000e+02
4.515000e+02 2.112000e+02
4.505000e+02 2.004000e+02
4.490000e+02 1.896000e+02
4.470000e+02 1.794000e+02
4.445000e+02 1.680000e+02
4.415000e+02 1.578000e+02
4.375000e+02 1.446000e+02
4.320000e+02 1.326000e+02
4.260000e+02 1.200000e+02
4.200000e+02 1.110000e+02
4.135000e+02 1.014000e+02
4.065000e+02 9.300000e+01
4.000000e+02 8.520000e+01
3.930000e+02 7.740000e+01
3.860000e+02 7.020000e+01
3.800000e+02 6.420000e+01
3.730000e+02 5.820000e+01
3.665000e+02 5.340000e+01
3.595000e+02 4.920000e+01
3.530000e+02 4.560000e+01
3.470000e+02 4.260000e+01
3.390000e+02 3.900000e+01
3.310000e+02 3.720000e+01
3.230000e+02 3.540000e+01
3.160000e+02 3.480000e+01
3.065000e+02 3.420000e+01
2.985000e+02 3.420000e+01
2.885000e+02 3.600000e+01
2.795000e+02 3.900000e+01
2.730000e+02 4.140000e+01
2.640000e+02 4.440000e+01
2.550000e+02 4.860000e+01
2.460000e+02 5.340000e+01
2.365000e+02 5.880000e+01
2.300000e+02 6.240000e+01
2.215000e+02 6.840000e+01
2.120000e+02 7.500000e+01
2.005000e+02 8.460000e+01
1.915000e+02 9.300000e+01
1.845000e+02 1.002000e+02
1.765000e+02 1.092000e+02
1.680000e+02 1.194000e+02
1.605000e+02 1.296000e+02
1.535000e+02 1.404000e+02
1.445000e+02 1.554000e+02
1.385000e+02 1.662000e+02
1.330000e+02 1.782000e+02
1.285000e+02 1.896000e+02
1.245000e+02 2.010000e+02
1.205000e+02 2.136000e+02
1.180000e+02 2.262000e+02
1.165000e+02 2.364000e+02
1.160000e+02 2.454000e+02
1.160000e+02 2.574000e+02
1.165000e+02 2.646000e+02
1.185000e+02 2.760000e+02
1.205000e+02 2.856000e+02
1.235000e+02 2.976000e+02
1.260000e+02 3.048000e+02
1.290000e+02 3.144000e+02
1.335000e+02 3.240000e+02
1.380000e+02 3.336000e+02
1.450000e+02 3.444000e+02
1.500000e+02 3.528000e+02
1.560000e+02 3.606000e+02
1.610000e+02 3.666000e+02
1.690000e+02 3.768000e+02
1.735000e+02 3.828000e+02
1.810000e+02 3.906000e+02
1.860000e+02 3.954000e+02
1.930000e+02 4.014000e+02
2.000000e+02 4.074000e+02
2.075000e+02 4.128000e+02
2.155000e+02 4.176000e+02
2.235000e+02 4.218000e+02
2.325000e+02 4.254000e+02
2.410000e+02 4.284000e+02
2.495000e+02 4.314000e+02
2.590000e+02 4.332000e+02
2.675000e+02 4.350000e+02
2.765000e+02 4.362000e+02
2.850000e+02 4.374000e+02
2.940000e+02 4.380000e+02
3.045000e+02 4.380000e+02
3.105000e+02 4.380000e+02
3.190000e+02 4.380000e+02
3.270000e+02 4.374000e+02
3.345000e+02 4.368000e+02
3.425000e+02 4.356000e+02
3.520000e+02 4.338000e+02
3.580000e+02 4.320000e+02
3.655000e+02 4.302000e+02
3.725000e+02 4.278000e+02
3.805000e+02 4.242000e+02
3.890000e+02 4.200000e+02
3.975000e+02 4.152000e+02
4.040000e+02 4.110000e+02
4.125000e+02 4.044000e+02
4.215000e+02 3.984000e+02
4.285000e+02 3.924000e+02
4.355000e+02 3.864000e+02
4.385000e+02 3.834000e+02
4.420000e+02 3.798000e+02
4.455000e+02 3.762000e+02
4.480000e+02 3.732000e+02
4.510000e+02 3.702000e+02
4.535000e+02 3.666000e+02
4.560000e+02 3.630000e+02
4.585000e+02 3.594000e+02
4.605000e+02 3.558000e+02
4.635000e+02 3.504000e+02
4.655000e+02 3.468000e+02
4.685000e+02 3.408000e+02
4.690000e+02 3.390000e+02
4.710000e+02 3.354000e+02
4.730000e+02 3.312000e+02
4.745000e+02 3.276000e+02
4.760000e+02 3.240000e+02
4.780000e+02 3.198000e+02
4.795000e+02 3.156000e+02
4.810000e+02 3.120000e+02
4.830000e+02 3.078000e+02
4.845000e+02 3.036000e+02
4.865000e+02 3.000000e+02
4.880000e+02 2.964000e+02
4.890000e+02 2.928000e+02
4.905000e+02 2.886000e+02
4.915000e+02 2.844000e+02
4.930000e+02 2.802000e+02
4.940000e+02 2.760000e+02
4.945000e+02 2.712000e+02
4.955000e+02 2.670000e+02
4.960000e+02 2.622000e+02
4.965000e+02 2.568000e+02
4.965000e+02 2.520000e+02
4.960000e+02 2.448000e+02
4.960000e+02 2.400000e+02
4.960000e+02 2.382000e+02
4.955000e+02 2.334000e+02
4.950000e+02 2.292000e+02
4.940000e+02 2.250000e+02
4.935000e+02 2.208000e+02
4.925000e+02 2.166000e+02
4.915000e+02 2.124000e+02
4.910000e+02 2.082000e+02
4.900000e+02 2.040000e+02
4.890000e+02 1.998000e+02
4.875000e+02 1.938000e+02
4.870000e+02 1.920000e+02
4.855000e+02 1.866000e+02
4.840000e+02 1.818000e+02
4.830000e+02 1.782000e+02
4.815000e+02 1.758000e+02
4.805000e+02 1.734000e+02
4.795000e+02 1.710000e+02
4.790000e+02 1.686000e+02
4.780000e+02 1.668000e+02
4.765000e+02 1.632000e+02
4.755000e+02 1.620000e+02
4.750000e+02 1.602000e+02
4.740000e+02 1.590000e+02
4.730000e+02 1.578000e+02
4.725000e+02 1.566000e+02
4.715000e+02 1.554000e+02
4.710000e+02 1.542000e+02
4.705000e+02 1.542000e+02
4.700000e+02 1.536000e+02
4.695000e+02 1.524000e+02
4.695000e+02 1.524000e+02
4.690000e+02 1.518000e+02
4.690000e+02 1.518000e+02
4.690000e+02 1.518000e+02
4.690000e+02 1.518000e+02
4.690000e+02 1.512000e+02
4.690000e+02 1.512000e+02
4.685000e+02 1.512000e+02
4.685000e+02 1.512000e+02
4.685000e+02 1.512000e+02
4.685000e+02 1.512000e+02
4.685000e+02 1.506000e+02
4.685000e+02 1.506000e+02
4.685000e+02 1.506000e+02
4.685000e+02 1.506000e+02
4.685000e+02 1.506000e+02
4.680000e+02 1.500000e+02
4.680000e+02 1.500000e+02
4.680000e+02 1.500000e+02
4.680000e+02 1.500000e+02
4.680000e+02 1.500000e+02
4.680000e+02 1.500000e+02
4.680000e+02 1.500000e+02
4.680000e+02 1.500000e+02
4.530000e+02 2.592000e+02
4.530000e+02 2.580000e+02
4.530000e+02 2.538000e+02
4.530000e+02 2.514000e+02
4.525000e+02 2.478000e+02
4.525000e+02 2.412000e+02
4.525000e+02 2.328000e+02
4.520000e+02 2.220000e+02
4.515000e+02 2.112000e+02
4.505000e+02 2.004000e+02
4.490000e+02 1.896000e+02
4.470000e+02 1.794000e+02
4.445000e+02 1.680000e+02
4.415000e+02 1.578000e+02
4.375000e+02 1.446000e+02
4.320000e+02 1.326000e+02
4.260000e+02 1.200000e+02
4.200000e+02 1.110000e+02
4.135000e+02 1.014000e+02
4.065000e+02 9.300000e+01
4.000000e+02 8.520000e+01
3.930000e+02 7.740000e+01
3.860000e+02 7.020000e+01
3.800000e+02 6.420000e+01
3.730000e+02 5.820000e+01
3.665000e+02 5.340000e+01
3.595000e+02 4.920000e+01
3.530000e+02 4.560000e+01
3.470000e+02 4.260000e+01
3.390000e+02 3.900000e+01
3.310000e+02 3.720000e+01
3.230000e+02 3.540000e+01
3.160000e+02 3.480000e+01
3.065000e+02 3.420000e+01
2.985000e+02 3.420000e+01
2.885000e+02 3.600000e+01
2.795000e+02 3.900000e+01
2.730000e+02 4.140000e+01
2.640000e+02 4.440000e+01
2.550000e+02 4.860000e+01
2.460000e+02 5.340000e+01
2.365000e+02 5.880000e+01
2.300000e+02 6.240000e+01
2.215000e+02 6.840000e+01
2.120000e+02 7.500000e+01
2.005000e+02 8.460000e+01
1.915000e+02 9.300000e+01
1.845000e+02 1.002000e+02
1.765000e+02 1.092000e+02
1.680000e+02 1.194000e+02
1.605000e+02 1.296000e+02
1.535000e+02 1.404000e+02
1.445000e+02 1.554000e+02
1.385000e+02 1.662000e+02
1.330000e+02 1.782000e+02
1.285000e+02 1.896000e+02
1.245000e+02 2.010000e+02
1.205000e+02 2.136000e+02
1.180000e+02 2.262000e+02
1.165000e+02 2.364000e+02
1.160000e+02 2.454000e+02
1.160000e+02 2.574000e+02
1.165000e+02 2.646000e+02
1.185000e+02 2.760000e+02
1.205000e+02 2.856000e+02
1.235000e+02 2.976000e+02
1.260000e+02 3.048000e+02
1.290000e+02 3.144000e+02
1.335000e+02 3.240000e+02
1.380000e+02 3.336000e+02
1.450000e+02 3.444000e+02
1.500000e+02 3.528000e+02
1.560000e+02 3.606000e+02
1.610000e+02 3.666000e+02
1.690000e+02 3.768000e+02
1.735000e+02 3.828000e+02
1.810000e+02 3.906000e+02
1.860000e+02 3.954000e+02
1.930000e+02 4.014000e+02
2.000000e+02 4.074000e+02
2.075000e+02 4.128000e+02
2.155000e+02 4.176000e+02
2.235000e+02 4.218000e+02
2.325000e+02 4.254000e+02
2.410000e+02 4.284000e+02
2.495000e+02 4.314000e+02
2.590000e+02 4.332000e+02
2.675000e+02 4.350000e+02
2.765000e+02 4.362000e+02
2.850000e+02 4.374000e+02
2.940000e+02 4.380000e+02
3.045000e+02 4.380000e+02
3.105000e+02 4.380000e+02
3.190000e+02 4.380000e+02
3.270000e+02 4.374000e+02
3.345000e+02 4.368000e+02
3.425000e+02 4.356000e+02
3.520000e+02 4.338000e+02
3.580000e+02 4.320000e+02
3.655000e+02 4.302000e+02
3.725000e+02 4.278000e+02
3.805000e+02 4.242000e+02
3.890000e+02 4.200000e+02
3.975000e+02 4.152000e+02
4.040000e+02 4.110000e+02
4.125000e+02 4.044000e+02
4.215000e+02 3.984000e+02
4.285000e+02 3.924000e+02
4.355000e+02 3.864000e+02
4.385000e+02 3.834000e+02
4.420000e+02 3.798000e+02
4.455000e+02 3.762000e+02
4.480000e+02 3.732000e+02
4.510000e+02 3.702000e+02
4.535000e+02 3.666000e+02
4.560000e+02 3.630000e+02
4.585000e+02 3.594000e+02
4.605000e+02 3.558000e+02
4.635000e+02 3.504000e+02
4.655000e+02 3.468000e+02
4.685000e+02 3.408000e+02
4.690000e+02 3.390000e+02
4.710000e+02 3.354000e+02
4.730000e+02 3.312000e+02
4.745000e+02 3.276000e+02
4.760000e+02 3.240000e+02
4.780000e+02 3.198000e+02
4.795000e+02 3.156000e+02
4.810000e+02 3.120000e+02
4.830000e+02 3.078000e+02
4.845000e+02 3.036000e+02
4.865000e+02 3.000000e+02
4.880000e+02 2.964000e+02
4.890000e+02 2.928000e+02
4.905000e+02 2.886000e+02
4.915000e+02 2.844000e+02
4.930000e+02 2.802000e+02
4.940000e+02 2.760000e+02
4.945000e+02 2.712000e+02
4.955000e+02 2.670000e+02
4.960000e+02 2.622000e+02
4.965000e+02 2.568000e+02
4.965000e+02 2.520000e+02
4.960000e+02 2.448000e+02
4.960000e+02 2.400000e+02
4.960000e+02 2.382000e+02
4.955000e+02 2.334000e+02
4.950000e+02 2.292000e+02
4.940000e+02 2.250000e+02
4.935000e+02 2.208000e+02
4.925000e+02 2.166000e+02
4.915000e+02 2.124000e+02
4.910000e+02 2.082000e+02
4.900000e+02 2.040000e+02
4.890000e+02 1.998000e+02
4.875000e+02 1.938000e+02
4.870000e+02 1.920000e+02
4.855000e+02 1.866000e+02
4.840000e+02 1.818000e+02
4.830000e+02 1.782000e+02
4.815000e+02 1.758000e+02
4.805000e+02 1.734000e+02
4.795000e+02 1.710000e+02
4.790000e+02 1.686000e+02
4.780000e+02 1.668000e+02
4.765000e+02 1.632000e+02
4.755000e+02 1.620000e+02
4.750000e+02 1.602000e+02
4.740000e+02 1.590000e+02
4.730000e+02 1.578000e+02
4.725000e+02 1.566000e+02
4.715000e+02 1.554000e+02
4.710000e+02 1.542000e+02
4.705000e+02 1.542000e+02
4.700000e+02 1.536000e+02
4.695000e+02 1.524000e+02
4.695000e+02 1.524000e+02
4.690000e+02 1.518000e+02
4.690000e+02 1.518000e+02
4.690000e+02 1.518000e+02
4.690000e+02 1.518000e+02
4.690000e+02 1.512000e+02
4.690000e+02 1.512000e+02
4.685000e+02 1.512000e+02
4.685000e+02 1.512000e+02
4.685000e+02 1.512000e+02
4.685000e+02 1.512000e+02
4.685000e+02 1.506000e+02
4.685000e+02 1.506000e+02
4.685000e+02 1.506000e+02
4.685000e+02 1.506000e+02
4.685000e+02 1.506000e+02
4.680000e+02 1.500000e+02
4.680000e+02 1.500000e+02
4.680000e+02 1.500000e+02
4.680000e+02 1.500000e+02
4.680000e+02 1.500000e+02
4.680000e+02 1.500000e+02
4.680000e+02 1.500000e+02
4.680000e+02 1.500000e+02
4.530000e+02 2.592000e+02
4.530000e+02 2.580000e+02
4.530000e+02 2.538000e+02
4.530000e+02 2.514000e+02
4.525000e+02 2.478000e+02
4.525000e+02 2.412000e+02
4.525000e+02 2.328000e+02
4.520000e+02 2.220000e+02
4.515000e+02 2.112000e+02
4.505000e+02 2.004000e+02
4.490000e+02 1.896000e+02
4.470000e+02 1.794000e+02
4.445000e+02 1.680000e+02
4.415000e+02 1.578000e+02
4.375000e+02 1.446000e+02
4.320000e+02 1.326000e+02
4.260000e+02 1.200000e+02
4.200000e+02 1.110000e+02
4.135000e+02 1.014000e+02
4.065000e+02 9.300000e+01
4.000000e+02 8.520000e+01
3.930000e+02 7.740000e+01
3.860000e+02 7.020000e+01
3.800000e+02 6.420000e+01
3.730000e+02 5.820000e+01
3.665000e+02 5.340000e+01
3.595000e+02 4.920000e+01
3.530000e+02 4.560000e+01
3.470000e+02 4.260000e+01
3.390000e+02 3.900000e+01
3.310000e+02 3.720000e+01
3.230000e+02 3.540000e+01
3.160000e+02 3.480000e+01
3.065000e+02 3.420000e+01
2.985000e+02 3.420000e+01
2.885000e+02 3.600000e+01
2.795000e+02 3.900000e+01
2.730000e+02 4.140000e+01
2.640000e+02 4.440000e+01
2.550000e+02 4.860000e+01
2.460000e+02 5.340000e+01
2.365000e+02 5.880000e+01
2.300000e+02 6.240000e+01
2.215000e+02 6.840000e+01
2.120000e+02 7.500000e+01
2.005000e+02 8.460000e+01
1.915000e+02 9.300000e+01
1.845000e+02 1.002000e+02
1.765000e+02 1.092000e+02
1.680000e+02 1.194000e+02
1.605000e+02 1.296000e+02
1.535000e+02 1.404000e+02
1.445000e+02 1.554000e+02
1.385000e+02 1.662000e+02
1.330000e+02 1.782000e+02
1.285000e+02 1.896000e+02
1.245000e+02 2.010000e+02
1.205000e+02 2.136000e+02
1.180000e+02 2.262000e+02
1.165000e+02 2.364000e+02
1.160000e+02 2.454000e+02
1.160000e+02 2.574000e+02
1.165000e+02 2.646000e+02
1.185000e+02 2.760000e+02
1.205000e+02 2.856000e+02
1.235000e+02 2.976000e+02
1.260000e+02 3.048000e+02
1.290000e+02 3.144000e+02
1.335000e+02 3.240000e+02
1.380000e+02 3.336000e+02
1.450000e+02 3.444000e+02
1.500000e+02 3.528000e+02
1.560000e+02 3.606000e+02
1.610000e+02 3.666000e+02
1.690000e+02 3.768000e+02
1.735000e+02 3.828000e+02
1.810000e+02 3.906000e+02
1.860000e+02 3.954000e+02
1.930000e+02 4.014000e+02
2.000000e+02 4.074000e+02
2.075000e+02 4.128000e+02
2.155000e+02 4.176000e+02
2.235000e+02 4.218000e+02
2.325000e+02 4.254000e+02
2.410000e+02 4.284000e+02
2.495000e+02 4.314000e+02
2.590000e+02 4.332000e+02
2.675000e+02 4.350000e+02
2.765000e+02 4.362000e+02
2.850000e+02 4.374000e+02
2.940000e+02 4.380000e+02
3.045000e+02 4.380000e+02
3.105000e+02 4.380000e+02
3.190000e+02 4.380000e+02
3.270000e+02 4.374000e+02
3.345000e+02 4.368000e+02
3.425000e+02 4.356000e+02
3.520000e+02 4.338000e+02
3.580000e+02 4.320000e+02
3.655000e+02 4.302000e+02
3.725000e+02 4.278000e+02
3.805000e+02 4.242000e+02
3.890000e+02 4.200000e+02
3.975000e+02 4.152000e+02
4.040000e+02 4.110000e+02
4.125000e+02 4.044000e+02
4.215000e+02 3.984000e+02
4.285000e+02 3.924000e+02
4.355000e+02 3.864000e+02
4.385000e+02 3.834000e+02
4.420000e+02 3.798000e+02
4.455000e+02 3.762000e+02
4.480000e+02 3.732000e+02
4.510000e+02 3.702000e+02
4.535000e+02 3.666000e+02
4.560000e+02 3.630000e+02
4.585000e+02 3.594000e+02
4.605000e+02 3.558000e+02
4.635000e+02 3.504000e+02
4.655000e+02 3.468000e+02
4.685000e+02 3.408000e+02
4.690000e+02 3.390000e+02
4.710000e+02 3.354000e+02
4.730000e+02 3.312000e+02
4.745000e+02 3.276000e+02
4.760000e+02 3.240000e+02
4.780000e+02 3.198000e+02
4.795000e+02 3.156000e+02
4.810000e+02 3.120000e+02
4.830000e+02 3.078000e+02
4.845000e+02 3.036000e+02
4.865000e+02 3.000000e+02
4.880000e+02 2.964000e+02
4.890000e+02 2.928000e+02
4.905000e+02 2.886000e+02
4.915000e+02 2.844000e+02
4.930000e+02 2.802000e+02
4.940000e+02 2.760000e+02
4.945000e+02 2.712000e+02
4.955000e+02 2.670000e+02
4.960000e+02 2.622000e+02
4.965000e+02 2.568000e+02
4.965000e+02 2.520000e+02
4.960000e+02 2.448000e+02
4.960000e+02 2.400000e+02
4.960000e+02 2.382000e+02
4.955000e+02 2.334000e+02
4.950000e+02 2.292000e+02
4.940000e+02 2.250000e+02
4.935000e+02 2.208000e+02
4.925000e+02 2.166000e+02
4.915000e+02 2.124000e+02
4.910000e+02 2.082000e+02
4.900000e+02 2.040000e+02
4.890000e+02 1.998000e+02
4.875000e+02 1.938000e+02
4.870000e+02 1.920000e+02
4.855000e+02 1.866000e+02
4.840000e+02 1.818000e+02
4.830000e+02 1.782000e+02
4.815000e+02 1.758000e+02
4.805000e+02 1.734000e+02
4.795000e+02 1.710000e+02
4.790000e+02 1.686000e+02
4.780000e+02 1.668000e+02
4.765000e+02 1.632000e+02
4.755000e+02 1.620000e+02
4.750000e+02 1.602000e+02
4.740000e+02 1.590000e+02
4.730000e+02 1.578000e+02
4.725000e+02 1.566000e+02
4.715000e+02 1.554000e+02
4.710000e+02 1.542000e+02
4.705000e+02 1.542000e+02
4.700000e+02 1.536000e+02
4.695000e+02 1.524000e+02
4.695000e+02 1.524000e+02
4.690000e+02 1.518000e+02
4.690000e+02 1.518000e+02
4.690000e+02 1.518000e+02
4.690000e+02 1.518000e+02
4.690000e+02 1.512000e+02
4.690000e+02 1.512000e+02
4.685000e+02 1.512000e+02
4.685000e+02 1.512000e+02
4.685000e+02 1.512000e+02
4.685000e+02 1.512000e+02
4.685000e+02 1.506000e+02
4.685000e+02 1.506000e+02
4.685000e+02 1.506000e+02
4.685000e+02 1.506000e+02
4.685000e+02 1.506000e+02
4.680000e+02 1.500000e+02
4.680000e+02 1.500000e+02
4.680000e+02 1.500000e+02
4.680000e+02 1.500000e+02
4.680000e+02 1.500000e+02
4.680000e+02 1.500000e+02
4.680000e+02 1.500000e+02
4.680000e+02 1.500000e+02
