4.215000e+02 2.100000e+02
4.215000e+02 2.100000e+02
4.215000e+02 2.100000e+02
4.215000e+02 2.088000e+02
4.215000e+02 2.076000e+02
4.212500e+02 2.067000e+02
4.210000e+02 2.058000e+02
4.210000e+02 2.043000e+02
4.210000e+02 2.028000e+02
4.207500e+02 1.998000e+02
4.205000e+02 1.968000e+02
4.202500e+02 1.941000e+02
4.200000e+02 1.914000e+02
4.197500e+02 1.884000e+02
4.195000e+02 1.854000e+02
4.190000e+02 1.821000e+02
4.185000e+02 1.788000e+02
4.177500e+02 1.764000e+02
4.170000e+02 1.740000e+02
4.162500e+02 1.713000e+02
4.155000e+02 1.686000e+02
4.147500e+02 1.662000e+02
4.140000e+02 1.638000e+02
4.127500e+02 1.611000e+02
4.115000e+02 1.584000e+02
4.107500e+02 1.569000e+02
4.100000e+02 1.554000e+02
4.077500e+02 1.509000e+02
4.055000e+02 1.464000e+02
4.040000e+02 1.437000e+02
4.025000e+02 1.410000e+02
4.007500e+02 1.380000e+02
3.990000e+02 1.350000e+02
3.972500e+02 1.323000e+02
3.955000e+02 1.296000e+02
3.935000e+02 1.269000e+02
3.915000e+02 1.242000e+02
3.895000e+02 1.215000e+02
3.875000e+02 1.188000e+02
3.852500e+02 1.164000e+02
3.830000e+02 1.140000e+02
3.807500e+02 1.119000e+02
3.785000e+02 1.098000e+02
3.757500e+02 1.077000e+02
3.730000e+02 1.056000e+02
3.700000e+02 1.038000e+02
3.670000e+02 1.020000e+02
3.620000e+02 9.930000e+01
3.570000e+02 9.660000e+01
3.537500e+02 9.540000e+01
3.505000e+02 9.420000e+01
3.472500e+02 9.330000e+01
3.440000e+02 9.240000e+01
3.410000e+02 9.180000e+01
3.380000e+02 9.120000e+01
3.347500e+02 9.060000e+01
3.315000e+02 9.000000e+01
3.302500e+02 9.030000e+01
3.290000e+02 9.060000e+01
3.255000e+02 9.090000e+01
3.220000e+02 9.120000e+01
3.187500e+02 9.210000e+01
3.155000e+02 9.300000e+01
3.117500e+02 9.450000e+01
3.080000e+02 9.600000e+01
3.037500e+02 9.810000e+01
2.995000e+02 1.002000e+02
2.935000e+02 1.041000e+02
2.875000e+02 1.080000e+02
2.857500e+02 1.095000e+02
2.840000e+02 1.110000e+02
2.805000e+02 1.140000e+02
2.770000e+02 1.170000e+02
2.737500e+02 1.197000e+02
2.705000e+02 1.224000e+02
2.672500e+02 1.260000e+02
2.640000e+02 1.296000e+02
2.612500e+02 1.323000e+02
2.585000e+02 1.350000e+02
2.560000e+02 1.386000e+02
2.535000e+02 1.422000e+02
2.507500e+02 1.455000e+02
2.480000e+02 1.488000e+02
2.457500e+02 1.524000e+02
2.435000e+02 1.560000e+02
2.410000e+02 1.599000e+02
2.385000e+02 1.638000e+02
2.365000e+02 1.680000e+02
2.345000e+02 1.722000e+02
2.325000e+02 1.764000e+02
2.305000e+02 1.806000e+02
2.290000e+02 1.851000e+02
2.275000e+02 1.896000e+02
2.260000e+02 1.938000e+02
2.245000e+02 1.980000e+02
2.232500e+02 2.028000e+02
2.220000e+02 2.076000e+02
2.212500e+02 2.124000e+02
2.205000e+02 2.172000e+02
2.197500e+02 2.214000e+02
2.190000e+02 2.256000e+02
2.185000e+02 2.328000e+02
2.180000e+02 2.400000e+02
2.180000e+02 2.421000e+02
2.180000e+02 2.442000e+02
2.180000e+02 2.511000e+02
2.180000e+02 2.580000e+02
2.182500e+02 2.628000e+02
2.185000e+02 2.676000e+02
2.187500e+02 2.721000e+02
2.190000e+02 2.766000e+02
2.192500e+02 2.811000e+02
2.195000e+02 2.856000e+02
2.200000e+02 2.901000e+02
2.205000e+02 2.946000e+02
2.212500e+02 2.991000e+02
2.220000e+02 3.036000e+02
2.225000e+02 3.081000e+02
2.230000e+02 3.126000e+02
2.237500e+02 3.162000e+02
2.245000e+02 3.198000e+02
2.252500e+02 3.240000e+02
2.260000e+02 3.282000e+02
2.277500e+02 3.339000e+02
2.295000e+02 3.396000e+02
2.307500e+02 3.429000e+02
2.320000e+02 3.462000e+02
2.335000e+02 3.495000e+02
2.350000e+02 3.528000e+02
2.365000e+02 3.558000e+02
2.380000e+02 3.588000e+02
2.397500e+02 3.618000e+02
2.415000e+02 3.648000e+02
2.435000e+02 3.675000e+02
2.455000e+02 3.702000e+02
2.472500e+02 3.726000e+02
2.490000e+02 3.750000e+02
2.520000e+02 3.783000e+02
2.550000e+02 3.816000e+02
2.582500e+02 3.843000e+02
2.615000e+02 3.870000e+02
2.637500e+02 3.888000e+02
2.660000e+02 3.906000e+02
2.685000e+02 3.918000e+02
2.710000e+02 3.930000e+02
2.730000e+02 3.945000e+02
2.750000e+02 3.960000e+02
2.775000e+02 3.969000e+02
2.800000e+02 3.978000e+02
2.822500e+02 3.987000e+02
2.845000e+02 3.996000e+02
2.872500e+02 4.002000e+02
2.900000e+02 4.008000e+02
2.922500e+02 4.014000e+02
2.945000e+02 4.020000e+02
2.967500e+02 4.020000e+02
2.990000e+02 4.020000e+02
3.015000e+02 4.023000e+02
3.040000e+02 4.026000e+02
3.090000e+02 4.020000e+02
3.140000e+02 4.020000e+02
3.190000e+02 4.008000e+02
3.235000e+02 4.002000e+02
3.290000e+02 3.984000e+02
3.335000e+02 3.966000e+02
3.400000e+02 3.930000e+02
3.490000e+02 3.882000e+02
3.520000e+02 3.864000e+02
3.650000e+02 3.780000e+02
3.715000e+02 3.732000e+02
3.820000e+02 3.666000e+02
3.885000e+02 3.612000e+02
3.945000e+02 3.564000e+02
3.995000e+02 3.516000e+02
4.055000e+02 3.456000e+02
4.100000e+02 3.408000e+02
4.145000e+02 3.342000e+02
4.210000e+02 3.252000e+02
4.250000e+02 3.186000e+02
4.310000e+02 3.090000e+02
4.340000e+02 3.018000e+02
4.370000e+02 2.958000e+02
4.400000e+02 2.886000e+02
4.425000e+02 2.820000e+02
4.455000e+02 2.742000e+02
4.475000e+02 2.676000e+02
4.495000e+02 2.610000e+02
4.510000e+02 2.544000e+02
4.525000e+02 2.466000e+02
4.540000e+02 2.400000e+02
4.555000e+02 2.334000e+02
4.565000e+02 2.274000e+02
4.575000e+02 2.220000e+02
4.585000e+02 2.160000e+02
4.590000e+02 2.130000e+02
4.590000e+02 2.124000e+02
4.595000e+02 2.106000e+02
4.600000e+02 2.088000e+02
4.615000e+02 2.076000e+02
4.615000e+02 2.076000e+02
4.215000e+02 2.100000e+02
4.215000e+02 2.100000e+02
4.215000e+02 2.100000e+02
4.215000e+02 2.088000e+02
4.215000e+02 2.076000e+02
4.212500e+02 2.067000e+02
4.210000e+02 2.058000e+02
4.210000e+02 2.043000e+02
4.210000e+02 2.028000e+02
4.207500e+02 1.998000e+02
4.205000e+02 1.968000e+02
4.202500e+02 1.941000e+02
4.200000e+02 1.914000e+02
4.197500e+02 1.884000e+02
4.195000e+02 1.854000e+02
4.190000e+02 1.821000e+02
4.185000e+02 1.788000e+02
4.177500e+02 1.764000e+02
4.170000e+02 1.740000e+02
4.162500e+02 1.713000e+02
4.155000e+02 1.686000e+02
4.147500e+02 1.662000e+02
4.140000e+02 1.638000e+02
4.127500e+02 1.611000e+02
4.115000e+02 1.584000e+02
4.107500e+02 1.569000e+02
4.100000e+02 1.554000e+02
4.077500e+02 1.509000e+02
4.055000e+02 1.464000e+02
4.040000e+02 1.437000e+02
4.025000e+02 1.410000e+02
4.007500e+02 1.380000e+02
3.990000e+02 1.350000e+02
3.972500e+02 1.323000e+02
3.955000e+02 1.296000e+02
3.935000e+02 1.269000e+02
3.915000e+02 1.242000e+02
3.895000e+02 1.215000e+02
3.875000e+02 1.188000e+02
3.852500e+02 1.164000e+02
3.830000e+02 1.140000e+02
3.807500e+02 1.119000e+02
3.785000e+02 1.098000e+02
3.757500e+02 1.077000e+02
3.730000e+02 1.056000e+02
3.700000e+02 1.038000e+02
3.670000e+02 1.020000e+02
3.620000e+02 9.930000e+01
3.570000e+02 9.660000e+01
3.537500e+02 9.540000e+01
3.505000e+02 9.420000e+01
3.472500e+02 9.330000e+01
3.440000e+02 9.240000e+01
3.410000e+02 9.180000e+01
3.380000e+02 9.120000e+01
3.347500e+02 9.060000e+01
3.315000e+02 9.000000e+01
3.302500e+02 9.030000e+01
3.290000e+02 9.060000e+01
3.255000e+02 9.090000e+01
3.220000e+02 9.120000e+01
3.187500e+02 9.210000e+01
3.155000e+02 9.300000e+01
3.117500e+02 9.450000e+01
3.080000e+02 9.600000e+01
3.037500e+02 9.810000e+01
2.995000e+02 1.002000e+02
2.935000e+02 1.041000e+02
2.875000e+02 1.080000e+02
2.857500e+02 1.095000e+02
2.840000e+02 1.110000e+02
2.805000e+02 1.140000e+02
2.770000e+02 1.170000e+02
2.737500e+02 1.197000e+02
2.705000e+02 1.224000e+02
2.672500e+02 1.260000e+02
2.640000e+02 1.296000e+02
2.612500e+02 1.323000e+02
2.585000e+02 1.350000e+02
2.560000e+02 1.386000e+02
2.535000e+02 1.422000e+02
2.507500e+02 1.455000e+02
2.480000e+02 1.488000e+02
2.457500e+02 1.524000e+02
2.435000e+02 1.560000e+02
2.410000e+02 1.599000e+02
2.385000e+02 1.638000e+02
2.365000e+02 1.680000e+02
2.345000e+02 1.722000e+02
2.325000e+02 1.764000e+02
2.305000e+02 1.806000e+02
2.290000e+02 1.851000e+02
2.275000e+02 1.896000e+02
2.260000e+02 1.938000e+02
2.245000e+02 1.980000e+02
2.232500e+02 2.028000e+02
2.220000e+02 2.076000e+02
2.212500e+02 2.124000e+02
2.205000e+02 2.172000e+02
2.197500e+02 2.214000e+02
2.190000e+02 2.256000e+02
2.185000e+02 2.328000e+02
2.180000e+02 2.400000e+02
2.180000e+02 2.421000e+02
2.180000e+02 2.442000e+02
2.180000e+02 2.511000e+02
2.180000e+02 2.580000e+02
2.182500e+02 2.628000e+02
2.185000e+02 2.676000e+02
2.187500e+02 2.721000e+02
2.190000e+02 2.766000e+02
2.192500e+02 2.811000e+02
2.195000e+02 2.856000e+02
2.200000e+02 2.901000e+02
2.205000e+02 2.946000e+02
2.212500e+02 2.991000e+02
2.220000e+02 3.036000e+02
2.225000e+02 3.081000e+02
2.230000e+02 3.126000e+02
2.237500e+02 3.162000e+02
2.245000e+02 3.198000e+02
2.252500e+02 3.240000e+02
2.260000e+02 3.282000e+02
2.277500e+02 3.339000e+02
2.295000e+02 3.396000e+02
2.307500e+02 3.429000e+02
2.320000e+02 3.462000e+02
2.335000e+02 3.495000e+02
2.350000e+02 3.528000e+02
2.365000e+02 3.558000e+02
2.380000e+02 3.588000e+02
2.397500e+02 3.618000e+02
2.415000e+02 3.648000e+02
2.435000e+02 3.675000e+02
2.455000e+02 3.702000e+02
2.472500e+02 3.726000e+02
2.490000e+02 3.750000e+02
2.520000e+02 3.783000e+02
2.550000e+02 3.816000e+02
2.582500e+02 3.843000e+02
2.615000e+02 3.870000e+02
2.637500e+02 3.888000e+02
2.660000e+02 3.906000e+02
2.685000e+02 3.918000e+02
2.710000e+02 3.930000e+02
2.730000e+02 3.945000e+02
2.750000e+02 3.960000e+02
2.775000e+02 3.969000e+02
2.800000e+02 3.978000e+02
2.822500e+02 3.987000e+02
2.845000e+02 3.996000e+02
2.872500e+02 4.002000e+02
2.900000e+02 4.008000e+02
2.922500e+02 4.014000e+02
2.945000e+02 4.020000e+02
2.967500e+02 4.020000e+02
2.990000e+02 4.020000e+02
3.015000e+02 4.023000e+02
3.040000e+02 4.026000e+02
3.090000e+02 4.020000e+02
3.140000e+02 4.020000e+02
3.190000e+02 4.008000e+02
3.235000e+02 4.002000e+02
3.290000e+02 3.984000e+02
3.335000e+02 3.966000e+02
3.400000e+02 3.930000e+02
3.490000e+02 3.882000e+02
3.520000e+02 3.864000e+02
3.650000e+02 3.780000e+02
3.715000e+02 3.732000e+02
3.820000e+02 3.666000e+02
3.885000e+02 3.612000e+02
3.945000e+02 3.564000e+02
3.995000e+02 3.516000e+02
4.055000e+02 3.456000e+02
4.100000e+02 3.408000e+02
4.145000e+02 3.342000e+02
4.210000e+02 3.252000e+02
4.250000e+02 3.186000e+02
4.310000e+02 3.090000e+02
4.340000e+02 3.018000e+02
4.370000e+02 2.958000e+02
4.400000e+02 2.886000e+02
4.425000e+02 2.820000e+02
4.455000e+02 2.742000e+02
4.475000e+02 2.676000e+02
4.495000e+02 2.610000e+02
4.510000e+02 2.544000e+02
4.525000e+02 2.466000e+02
4.540000e+02 2.400000e+02
4.555000e+02 2.334000e+02
4.565000e+02 2.274000e+02
4.575000e+02 2.220000e+02
4.585000e+02 2.160000e+02
4.590000e+02 2.130000e+02
4.590000e+02 2.124000e+02
4.595000e+02 2.106000e+02
4.600000e+02 2.088000e+02
4.615000e+02 2.076000e+02
4.615000e+02 2.076000e+02
4.215000e+02 2.100000e+02
4.215000e+02 2.100000e+02
4.215000e+02 2.100000e+02
4.215000e+02 2.088000e+02
4.215000e+02 2.076000e+02
4.212500e+02 2.067000e+02
4.210000e+02 2.058000e+02
4.210000e+02 2.043000e+02
4.210000e+02 2.028000e+02
4.207500e+02 1.998000e+02
4.205000e+02 1.968000e+02
4.202500e+02 1.941000e+02
4.200000e+02 1.914000e+02
4.197500e+02 1.884000e+02
4.195000e+02 1.854000e+02
4.190000e+02 1.821000e+02
4.185000e+02 1.788000e+02
4.177500e+02 1.764000e+02
4.170000e+02 1.740000e+02
4.162500e+02 1.713000e+02
4.155000e+02 1.686000e+02
4.147500e+02 1.662000e+02
4.140000e+02 1.638000e+02
4.127500e+02 1.611000e+02
4.115000e+02 1.584000e+02
4.107500e+02 1.569000e+02
4.100000e+02 1.554000e+02
4.077500e+02 1.509000e+02
4.055000e+02 1.464000e+02
4.040000e+02 1.437000e+02
4.025000e+02 1.410000e+02
4.007500e+02 1.380000e+02
3.990000e+02 1.350000e+02
3.972500e+02 1.323000e+02
3.955000e+02 1.296000e+02
3.935000e+02 1.269000e+02
3.915000e+02 1.242000e+02
3.895000e+02 1.215000e+02
3.875000e+02 1.188000e+02
3.852500e+02 1.164000e+02
3.830000e+02 1.140000e+02
3.807500e+02 1.119000e+02
3.785000e+02 1.098000e+02
3.757500e+02 1.077000e+02
3.730000e+02 1.056000e+02
3.700000e+02 1.038000e+02
3.670000e+02 1.020000e+02
3.620000e+02 9.930000e+01
3.570000e+02 9.660000e+01
3.537500e+02 9.540000e+01
3.505000e+02 9.420000e+01
3.472500e+02 9.330000e+01
3.440000e+02 9.240000e+01
3.410000e+02 9.180000e+01
3.380000e+02 9.120000e+01
3.347500e+02 9.060000e+01
3.315000e+02 9.000000e+01
3.302500e+02 9.030000e+01
3.290000e+02 9.060000e+01
3.255000e+02 9.090000e+01
3.220000e+02 9.120000e+01
3.187500e+02 9.210000e+01
3.155000e+02 9.300000e+01
3.117500e+02 9.450000e+01
3.080000e+02 9.600000e+01
3.037500e+02 9.810000e+01
2.995000e+02 1.002000e+02
2.935000e+02 1.041000e+02
2.875000e+02 1.080000e+02
2.857500e+02 1.095000e+02
2.840000e+02 1.110000e+02
2.805000e+02 1.140000e+02
2.770000e+02 1.170000e+02
2.737500e+02 1.197000e+02
2.705000e+02 1.224000e+02
2.672500e+02 1.260000e+02
2.640000e+02 1.296000e+02
2.612500e+02 1.323000e+02
2.585000e+02 1.350000e+02
2.560000e+02 1.386000e+02
2.535000e+02 1.422000e+02
2.507500e+02 1.455000e+02
2.480000e+02 1.488000e+02
2.457500e+02 1.524000e+02
2.435000e+02 1.560000e+02
2.410000e+02 1.599000e+02
2.385000e+02 1.638000e+02
2.365000e+02 1.680000e+02
2.345000e+02 1.722000e+02
2.325000e+02 1.764000e+02
2.305000e+02 1.806000e+02
2.290000e+02 1.851000e+02
2.275000e+02 1.896000e+02
2.260000e+02 1.938000e+02
2.245000e+02 1.980000e+02
2.232500e+02 2.028000e+02
2.220000e+02 2.076000e+02
2.212500e+02 2.124000e+02
2.205000e+02 2.172000e+02
2.197500e+02 2.214000e+02
2.190000e+02 2.256000e+02
2.185000e+02 2.328000e+02
2.180000e+02 2.400000e+02
2.180000e+02 2.421000e+02
2.180000e+02 2.442000e+02
2.180000e+02 2.511000e+02
2.180000e+02 2.580000e+02
2.182500e+02 2.628000e+02
2.185000e+02 2.676000e+02
2.187500e+02 2.721000e+02
2.190000e+02 2.766000e+02
2.192500e+02 2.811000e+02
2.195000e+02 2.856000e+02
2.200000e+02 2.901000e+02
2.205000e+02 2.946000e+02
2.212500e+02 2.991000e+02
2.220000e+02 3.036000e+02
2.225000e+02 3.081000e+02
2.230000e+02 3.126000e+02
2.237500e+02 3.162000e+02
2.245000e+02 3.198000e+02
2.252500e+02 3.240000e+02
2.260000e+02 3.282000e+02
2.277500e+02 3.339000e+02
2.295000e+02 3.396000e+02
2.307500e+02 3.429000e+02
2.320000e+02 3.462000e+02
2.335000e+02 3.495000e+02
2.350000e+02 3.528000e+02
2.365000e+02 3.558000e+02
2.380000e+02 3.588000e+02
2.397500e+02 3.618000e+02
2.415000e+02 3.648000e+02
2.435000e+02 3.675000e+02
2.455000e+02 3.702000e+02
2.472500e+02 3.726000e+02
2.490000e+02 3.750000e+02
2.520000e+02 3.783000e+02
2.550000e+02 3.816000e+02
2.582500e+02 3.843000e+02
2.615000e+02 3.870000e+02
2.637500e+02 3.888000e+02
2.660000e+02 3.906000e+02
2.685000e+02 3.918000e+02
2.710000e+02 3.930000e+02
2.730000e+02 3.945000e+02
2.750000e+02 3.960000e+02
2.775000e+02 3.969000e+02
2.800000e+02 3.978000e+02
2.822500e+02 3.987000e+02
2.845000e+02 3.996000e+02
2.872500e+02 4.002000e+02
2.900000e+02 4.008000e+02
2.922500e+02 4.014000e+02
2.945000e+02 4.020000e+02
2.967500e+02 4.020000e+02
2.990000e+02 4.020000e+02
3.015000e+02 4.023000e+02
3.040000e+02 4.026000e+02
3.090000e+02 4.020000e+02
3.140000e+02 4.020000e+02
3.190000e+02 4.008000e+02
3.235000e+02 4.002000e+02
3.290000e+02 3.984000e+02
3.335000e+02 3.966000e+02
3.400000e+02 3.930000e+02
3.490000e+02 3.882000e+02
3.520000e+02 3.864000e+02
3.650000e+02 3.780000e+02
3.715000e+02 3.732000e+02
3.820000e+02 3.666000e+02
3.885000e+02 3.612000e+02
3.945000e+02 3.564000e+02
3.995000e+02 3.516000e+02
4.055000e+02 3.456000e+02
4.100000e+02 3.408000e+02
4.145000e+02 3.342000e+02
4.210000e+02 3.252000e+02
4.250000e+02 3.186000e+02
4.310000e+02 3.090000e+02
4.340000e+02 3.018000e+02
4.370000e+02 2.958000e+02
4.400000e+02 2.886000e+02
4.425000e+02 2.820000e+02
4.455000e+02 2.742000e+02
4.475000e+02 2.676000e+02
4.495000e+02 2.610000e+02
4.510000e+02 2.544000e+02
4.525000e+02 2.466000e+02
4.540000e+02 2.400000e+02
4.555000e+02 2.334000e+02
4.565000e+02 2.274000e+02
4.575000e+02 2.220000e+02
4.585000e+02 2.160000e+02
4.590000e+02 2.130000e+02
4.590000e+02 2.124000e+02
4.595000e+02 2.106000e+02
4.600000e+02 2.088000e+02
4.615000e+02 2.076000e+02
4.615000e+02 2.076000e+02
