1.485000e+02 1.968000e+02
1.485000e+02 1.968000e+02
1.485000e+02 1.968000e+02
1.485000e+02 1.968000e+02
1.485000e+02 1.968000e+02
1.486250e+02 1.969500e+02
1.487500e+02 1.971000e+02
1.488750e+02 1.972500e+02
1.490000e+02 1.974000e+02
1.492500e+02 1.975500e+02
1.495000e+02 1.977000e+02
1.497500e+02 1.978500e+02
1.500000e+02 1.980000e+02
1.506250e+02 1.986000e+02
1.512500e+02 1.992000e+02
1.518750e+02 1.998000e+02
1.525000e+02 2.004000e+02
1.535000e+02 2.010000e+02
1.545000e+02 2.016000e+02
1.555000e+02 2.022000e+02
1.565000e+02 2.028000e+02
1.583750e+02 2.035500e+02
1.602500e+02 2.043000e+02
1.621250e+02 2.050500e+02
1.640000e+02 2.058000e+02
1.653750e+02 2.062500e+02
1.667500e+02 2.067000e+02
1.681250e+02 2.071500e+02
1.695000e+02 2.076000e+02
1.710000e+02 2.079000e+02
1.725000e+02 2.082000e+02
1.740000e+02 2.085000e+02
1.755000e+02 2.088000e+02
1.773750e+02 2.091000e+02
1.792500e+02 2.094000e+02
1.811250e+02 2.097000e+02
1.830000e+02 2.100000e+02
1.846250e+02 2.103000e+02
1.862500e+02 2.106000e+02
1.878750e+02 2.109000e+02
1.895000e+02 2.112000e+02
1.911250e+02 2.113500e+02
1.927500e+02 2.115000e+02
1.943750e+02 2.116500e+02
1.960000e+02 2.118000e+02
1.978750e+02 2.118000e+02
1.997500e+02 2.118000e+02
2.016250e+02 2.118000e+02
2.035000e+02 2.118000e+02
2.052500e+02 2.119500e+02
2.070000e+02 2.121000e+02
2.087500e+02 2.122500e+02
2.105000e+02 2.124000e+02
2.125000e+02 2.127000e+02
2.145000e+02 2.130000e+02
2.165000e+02 2.133000e+02
2.185000e+02 2.136000e+02
2.193750e+02 2.137500e+02
2.202500e+02 2.139000e+02
2.211250e+02 2.140500e+02
2.220000e+02 2.142000e+02
2.255000e+02 2.146500e+02
2.290000e+02 2.151000e+02
2.325000e+02 2.155500e+02
2.360000e+02 2.160000e+02
2.378750e+02 2.163000e+02
2.397500e+02 2.166000e+02
2.416250e+02 2.169000e+02
2.435000e+02 2.172000e+02
2.452500e+02 2.173500e+02
2.470000e+02 2.175000e+02
2.487500e+02 2.176500e+02
2.505000e+02 2.178000e+02
2.525000e+02 2.181000e+02
2.545000e+02 2.184000e+02
2.565000e+02 2.187000e+02
2.585000e+02 2.190000e+02
2.603750e+02 2.193000e+02
2.622500e+02 2.196000e+02
2.641250e+02 2.199000e+02
2.660000e+02 2.202000e+02
2.677500e+02 2.205000e+02
2.695000e+02 2.208000e+02
2.712500e+02 2.211000e+02
2.730000e+02 2.214000e+02
2.757500e+02 2.221500e+02
2.785000e+02 2.229000e+02
2.812500e+02 2.236500e+02
2.840000e+02 2.244000e+02
2.848750e+02 2.245500e+02
2.857500e+02 2.247000e+02
2.866250e+02 2.248500e+02
2.875000e+02 2.250000e+02
2.895000e+02 2.253000e+02
2.915000e+02 2.256000e+02
2.935000e+02 2.259000e+02
2.955000e+02 2.262000e+02
2.962500e+02 2.263500e+02
2.970000e+02 2.265000e+02
2.977500e+02 2.266500e+02
2.985000e+02 2.268000e+02
3.022500e+02 2.274000e+02
3.060000e+02 2.280000e+02
3.097500e+02 2.286000e+02
3.135000e+02 2.292000e+02
3.152500e+02 2.295000e+02
3.170000e+02 2.298000e+02
3.187500e+02 2.301000e+02
3.205000e+02 2.304000e+02
3.225000e+02 2.305500e+02
3.245000e+02 2.307000e+02
3.265000e+02 2.308500e+02
3.285000e+02 2.310000e+02
3.301250e+02 2.311500e+02
3.317500e+02 2.313000e+02
3.333750e+02 2.314500e+02
3.350000e+02 2.316000e+02
3.377500e+02 2.314500e+02
3.405000e+02 2.313000e+02
3.432500e+02 2.311500e+02
3.460000e+02 2.310000e+02
3.476250e+02 2.310000e+02
3.492500e+02 2.310000e+02
3.508750e+02 2.310000e+02
3.525000e+02 2.310000e+02
3.552500e+02 2.308500e+02
3.580000e+02 2.307000e+02
3.607500e+02 2.305500e+02
3.635000e+02 2.304000e+02
3.652500e+02 2.302500e+02
3.670000e+02 2.301000e+02
3.687500e+02 2.299500e+02
3.705000e+02 2.298000e+02
3.722500e+02 2.296500e+02
3.740000e+02 2.295000e+02
3.757500e+02 2.293500e+02
3.775000e+02 2.292000e+02
3.791250e+02 2.292000e+02
3.807500e+02 2.292000e+02
3.823750e+02 2.292000e+02
3.840000e+02 2.292000e+02
3.858750e+02 2.292000e+02
3.877500e+02 2.292000e+02
3.896250e+02 2.292000e+02
3.915000e+02 2.292000e+02
3.931250e+02 2.292000e+02
3.947500e+02 2.292000e+02
3.963750e+02 2.292000e+02
3.980000e+02 2.292000e+02
3.998750e+02 2.290500e+02
4.017500e+02 2.289000e+02
4.036250e+02 2.287500e+02
4.055000e+02 2.286000e+02
4.070000e+02 2.283000e+02
4.085000e+02 2.280000e+02
4.100000e+02 2.277000e+02
4.115000e+02 2.274000e+02
4.132500e+02 2.272500e+02
4.150000e+02 2.271000e+02
4.167500e+02 2.269500e+02
4.185000e+02 2.268000e+02
4.210000e+02 2.265000e+02
4.235000e+02 2.262000e+02
4.260000e+02 2.259000e+02
4.285000e+02 2.256000e+02
4.301250e+02 2.254500e+02
4.317500e+02 2.253000e+02
4.350000e+02 2.250000e+02
4.400000e+02 2.250000e+02
4.450000e+02 2.250000e+02
4.465000e+02 2.247000e+02
4.480000e+02 2.244000e+02
4.512500e+02 2.244000e+02
4.545000e+02 2.244000e+02
4.572500e+02 2.244000e+02
4.600000e+02 2.244000e+02
4.632500e+02 2.244000e+02
4.665000e+02 2.244000e+02
4.692500e+02 2.244000e+02
4.720000e+02 2.244000e+02
4.760000e+02 2.244000e+02
4.800000e+02 2.244000e+02
4.810000e+02 2.241000e+02
4.820000e+02 2.238000e+02
4.855000e+02 2.235000e+02
4.890000e+02 2.232000e+02
4.912500e+02 2.229000e+02
4.935000e+02 2.226000e+02
4.952500e+02 2.223000e+02
4.970000e+02 2.220000e+02
4.980000e+02 2.220000e+02
4.990000e+02 2.220000e+02
5.017500e+02 2.217000e+02
5.045000e+02 2.214000e+02
5.062500e+02 2.211000e+02
5.080000e+02 2.208000e+02
5.085000e+02 2.211000e+02
5.090000e+02 2.214000e+02
5.090000e+02 2.214000e+02
5.090000e+02 2.214000e+02
