1.040000e+02 9.840000e+01
1.040000e+02 9.840000e+01
1.040000e+02 9.840000e+01
1.040000e+02 9.840000e+01
1.040000e+02 9.840000e+01
1.040000e+02 9.840000e+01
1.040000e+02 9.840000e+01
1.040000e+02 9.840000e+01
1.040000e+02 9.840000e+01
1.040000e+02 9.840000e+01
1.040000e+02 9.840000e+01
1.040000e+02 9.840000e+01
1.040000e+02 9.840000e+01
1.040000e+02 9.840000e+01
1.040000e+02 9.870000e+01
1.040000e+02 9.900000e+01
1.042500e+02 9.990000e+01
1.045000e+02 1.008000e+02
1.050000e+02 1.020000e+02
1.055000e+02 1.032000e+02
1.067500e+02 1.068000e+02
1.080000e+02 1.104000e+02
1.087500e+02 1.131000e+02
1.095000e+02 1.158000e+02
1.102500e+02 1.185000e+02
1.110000e+02 1.212000e+02
1.117500e+02 1.245000e+02
1.125000e+02 1.278000e+02
1.132500e+02 1.305000e+02
1.140000e+02 1.332000e+02
1.147500e+02 1.365000e+02
1.155000e+02 1.398000e+02
1.162500e+02 1.431000e+02
1.170000e+02 1.464000e+02
1.182500e+02 1.515000e+02
1.195000e+02 1.566000e+02
1.202500e+02 1.599000e+02
1.210000e+02 1.632000e+02
1.217500e+02 1.662000e+02
1.225000e+02 1.692000e+02
1.232500e+02 1.725000e+02
1.240000e+02 1.758000e+02
1.245000e+02 1.785000e+02
1.250000e+02 1.812000e+02
1.255000e+02 1.842000e+02
1.260000e+02 1.872000e+02
1.265000e+02 1.896000e+02
1.270000e+02 1.920000e+02
1.275000e+02 1.941000e+02
1.280000e+02 1.962000e+02
1.285000e+02 1.986000e+02
1.290000e+02 2.010000e+02
1.300000e+02 2.043000e+02
1.310000e+02 2.076000e+02
1.320000e+02 2.100000e+02
1.330000e+02 2.124000e+02
1.337500e+02 2.145000e+02
1.345000e+02 2.166000e+02
1.355000e+02 2.190000e+02
1.365000e+02 2.214000e+02
1.372500e+02 2.235000e+02
1.380000e+02 2.256000e+02
1.390000e+02 2.274000e+02
1.400000e+02 2.292000e+02
1.410000e+02 2.313000e+02
1.420000e+02 2.334000e+02
1.432500e+02 2.355000e+02
1.445000e+02 2.376000e+02
1.462500e+02 2.397000e+02
1.480000e+02 2.418000e+02
1.485000e+02 2.424000e+02
1.490000e+02 2.430000e+02
1.507500e+02 2.448000e+02
1.525000e+02 2.466000e+02
1.542500e+02 2.475000e+02
1.560000e+02 2.484000e+02
1.585000e+02 2.496000e+02
1.610000e+02 2.508000e+02
1.637500e+02 2.520000e+02
1.665000e+02 2.532000e+02
1.687500e+02 2.535000e+02
1.710000e+02 2.538000e+02
1.730000e+02 2.541000e+02
1.750000e+02 2.544000e+02
1.775000e+02 2.547000e+02
1.800000e+02 2.550000e+02
1.822500e+02 2.553000e+02
1.845000e+02 2.556000e+02
1.875000e+02 2.559000e+02
1.905000e+02 2.562000e+02
1.945000e+02 2.562000e+02
1.985000e+02 2.562000e+02
2.030000e+02 2.562000e+02
2.075000e+02 2.562000e+02
2.110000e+02 2.562000e+02
2.145000e+02 2.562000e+02
2.177500e+02 2.562000e+02
2.210000e+02 2.562000e+02
2.247500e+02 2.559000e+02
2.285000e+02 2.556000e+02
2.322500e+02 2.553000e+02
2.360000e+02 2.550000e+02
2.425000e+02 2.544000e+02
2.490000e+02 2.538000e+02
2.515000e+02 2.535000e+02
2.540000e+02 2.532000e+02
2.617500e+02 2.523000e+02
2.695000e+02 2.514000e+02
2.735000e+02 2.508000e+02
2.775000e+02 2.502000e+02
2.812500e+02 2.496000e+02
2.850000e+02 2.490000e+02
2.895000e+02 2.484000e+02
2.940000e+02 2.478000e+02
2.982500e+02 2.472000e+02
3.025000e+02 2.466000e+02
3.062500e+02 2.457000e+02
3.100000e+02 2.448000e+02
3.145000e+02 2.439000e+02
3.190000e+02 2.430000e+02
3.232500e+02 2.421000e+02
3.275000e+02 2.412000e+02
3.315000e+02 2.397000e+02
3.355000e+02 2.382000e+02
3.395000e+02 2.373000e+02
3.435000e+02 2.364000e+02
3.472500e+02 2.352000e+02
3.510000e+02 2.340000e+02
3.562500e+02 2.322000e+02
3.615000e+02 2.304000e+02
3.655000e+02 2.292000e+02
3.695000e+02 2.280000e+02
3.735000e+02 2.265000e+02
3.775000e+02 2.250000e+02
3.815000e+02 2.235000e+02
3.855000e+02 2.220000e+02
3.895000e+02 2.205000e+02
3.935000e+02 2.190000e+02
3.970000e+02 2.178000e+02
4.005000e+02 2.166000e+02
4.045000e+02 2.151000e+02
4.085000e+02 2.136000e+02
4.122500e+02 2.121000e+02
4.160000e+02 2.106000e+02
4.192500e+02 2.091000e+02
4.225000e+02 2.076000e+02
4.262500e+02 2.061000e+02
4.300000e+02 2.046000e+02
4.332500e+02 2.034000e+02
4.365000e+02 2.022000e+02
4.422500e+02 2.004000e+02
4.480000e+02 1.986000e+02
4.535000e+02 1.965000e+02
4.590000e+02 1.944000e+02
4.650000e+02 1.926000e+02
4.710000e+02 1.908000e+02
4.750000e+02 1.896000e+02
4.790000e+02 1.884000e+02
4.822500e+02 1.875000e+02
4.855000e+02 1.866000e+02
4.890000e+02 1.860000e+02
4.925000e+02 1.854000e+02
4.955000e+02 1.848000e+02
4.985000e+02 1.842000e+02
5.017500e+02 1.836000e+02
5.050000e+02 1.830000e+02
5.077500e+02 1.824000e+02
5.105000e+02 1.818000e+02
5.135000e+02 1.812000e+02
5.165000e+02 1.806000e+02
5.185000e+02 1.800000e+02
5.205000e+02 1.794000e+02
5.222500e+02 1.788000e+02
5.240000e+02 1.782000e+02
5.257500e+02 1.779000e+02
5.275000e+02 1.776000e+02
5.287500e+02 1.770000e+02
5.300000e+02 1.764000e+02
5.310000e+02 1.761000e+02
5.320000e+02 1.758000e+02
5.330000e+02 1.755000e+02
5.340000e+02 1.752000e+02
5.350000e+02 1.749000e+02
5.360000e+02 1.746000e+02
5.365000e+02 1.743000e+02
5.370000e+02 1.740000e+02
5.375000e+02 1.740000e+02
5.380000e+02 1.740000e+02
5.382500e+02 1.740000e+02
5.385000e+02 1.740000e+02
5.387500e+02 1.740000e+02
5.390000e+02 1.740000e+02
5.392500e+02 1.740000e+02
5.395000e+02 1.740000e+02
5.395000e+02 1.740000e+02
5.395000e+02 1.740000e+02
5.397500e+02 1.743000e+02
5.400000e+02 1.746000e+02
5.400000e+02 1.746000e+02
5.400000e+02 1.746000e+02
1.040000e+02 9.840000e+01
1.040000e+02 9.840000e+01
1.040000e+02 9.840000e+01
1.040000e+02 9.840000e+01
1.040000e+02 9.840000e+01
1.040000e+02 9.840000e+01
1.040000e+02 9.840000e+01
1.040000e+02 9.840000e+01
1.040000e+02 9.840000e+01
1.040000e+02 9.840000e+01
1.040000e+02 9.840000e+01
1.040000e+02 9.840000e+01
1.040000e+02 9.840000e+01
1.040000e+02 9.840000e+01
1.040000e+02 9.870000e+01
1.040000e+02 9.900000e+01
1.042500e+02 9.990000e+01
1.045000e+02 1.008000e+02
1.050000e+02 1.020000e+02
1.055000e+02 1.032000e+02
1.067500e+02 1.068000e+02
1.080000e+02 1.104000e+02
1.087500e+02 1.131000e+02
1.095000e+02 1.158000e+02
1.102500e+02 1.185000e+02
1.110000e+02 1.212000e+02
1.117500e+02 1.245000e+02
1.125000e+02 1.278000e+02
1.132500e+02 1.305000e+02
1.140000e+02 1.332000e+02
1.147500e+02 1.365000e+02
1.155000e+02 1.398000e+02
1.162500e+02 1.431000e+02
1.170000e+02 1.464000e+02
1.182500e+02 1.515000e+02
1.195000e+02 1.566000e+02
1.202500e+02 1.599000e+02
1.210000e+02 1.632000e+02
1.217500e+02 1.662000e+02
1.225000e+02 1.692000e+02
1.232500e+02 1.725000e+02
1.240000e+02 1.758000e+02
1.245000e+02 1.785000e+02
1.250000e+02 1.812000e+02
1.255000e+02 1.842000e+02
1.260000e+02 1.872000e+02
1.265000e+02 1.896000e+02
1.270000e+02 1.920000e+02
1.275000e+02 1.941000e+02
1.280000e+02 1.962000e+02
1.285000e+02 1.986000e+02
1.290000e+02 2.010000e+02
1.300000e+02 2.043000e+02
1.310000e+02 2.076000e+02
1.320000e+02 2.100000e+02
1.330000e+02 2.124000e+02
1.337500e+02 2.145000e+02
1.345000e+02 2.166000e+02
1.355000e+02 2.190000e+02
1.365000e+02 2.214000e+02
1.372500e+02 2.235000e+02
1.380000e+02 2.256000e+02
1.390000e+02 2.274000e+02
1.400000e+02 2.292000e+02
1.410000e+02 2.313000e+02
1.420000e+02 2.334000e+02
1.432500e+02 2.355000e+02
1.445000e+02 2.376000e+02
1.462500e+02 2.397000e+02
1.480000e+02 2.418000e+02
1.485000e+02 2.424000e+02
1.490000e+02 2.430000e+02
1.507500e+02 2.448000e+02
1.525000e+02 2.466000e+02
1.542500e+02 2.475000e+02
1.560000e+02 2.484000e+02
1.585000e+02 2.496000e+02
1.610000e+02 2.508000e+02
1.637500e+02 2.520000e+02
1.665000e+02 2.532000e+02
1.687500e+02 2.535000e+02
1.710000e+02 2.538000e+02
1.730000e+02 2.541000e+02
1.750000e+02 2.544000e+02
1.775000e+02 2.547000e+02
1.800000e+02 2.550000e+02
1.822500e+02 2.553000e+02
1.845000e+02 2.556000e+02
1.875000e+02 2.559000e+02
1.905000e+02 2.562000e+02
1.945000e+02 2.562000e+02
1.985000e+02 2.562000e+02
2.030000e+02 2.562000e+02
2.075000e+02 2.562000e+02
2.110000e+02 2.562000e+02
2.145000e+02 2.562000e+02
2.177500e+02 2.562000e+02
2.210000e+02 2.562000e+02
2.247500e+02 2.559000e+02
2.285000e+02 2.556000e+02
2.322500e+02 2.553000e+02
2.360000e+02 2.550000e+02
2.425000e+02 2.544000e+02
2.490000e+02 2.538000e+02
2.515000e+02 2.535000e+02
2.540000e+02 2.532000e+02
2.617500e+02 2.523000e+02
2.695000e+02 2.514000e+02
2.735000e+02 2.508000e+02
2.775000e+02 2.502000e+02
2.812500e+02 2.496000e+02
2.850000e+02 2.490000e+02
2.895000e+02 2.484000e+02
2.940000e+02 2.478000e+02
2.982500e+02 2.472000e+02
3.025000e+02 2.466000e+02
3.062500e+02 2.457000e+02
3.100000e+02 2.448000e+02
3.145000e+02 2.439000e+02
3.190000e+02 2.430000e+02
3.232500e+02 2.421000e+02
3.275000e+02 2.412000e+02
3.315000e+02 2.397000e+02
3.355000e+02 2.382000e+02
3.395000e+02 2.373000e+02
3.435000e+02 2.364000e+02
3.472500e+02 2.352000e+02
3.510000e+02 2.340000e+02
3.562500e+02 2.322000e+02
3.615000e+02 2.304000e+02
3.655000e+02 2.292000e+02
3.695000e+02 2.280000e+02
3.735000e+02 2.265000e+02
3.775000e+02 2.250000e+02
3.815000e+02 2.235000e+02
3.855000e+02 2.220000e+02
3.895000e+02 2.205000e+02
3.935000e+02 2.190000e+02
3.970000e+02 2.178000e+02
4.005000e+02 2.166000e+02
4.045000e+02 2.151000e+02
4.085000e+02 2.136000e+02
4.122500e+02 2.121000e+02
4.160000e+02 2.106000e+02
4.192500e+02 2.091000e+02
4.225000e+02 2.076000e+02
4.262500e+02 2.061000e+02
4.300000e+02 2.046000e+02
4.332500e+02 2.034000e+02
4.365000e+02 2.022000e+02
4.422500e+02 2.004000e+02
4.480000e+02 1.986000e+02
4.535000e+02 1.965000e+02
4.590000e+02 1.944000e+02
4.650000e+02 1.926000e+02
4.710000e+02 1.908000e+02
4.750000e+02 1.896000e+02
4.790000e+02 1.884000e+02
4.822500e+02 1.875000e+02
4.855000e+02 1.866000e+02
4.890000e+02 1.860000e+02
4.925000e+02 1.854000e+02
4.955000e+02 1.848000e+02
4.985000e+02 1.842000e+02
5.017500e+02 1.836000e+02
5.050000e+02 1.830000e+02
5.077500e+02 1.824000e+02
5.105000e+02 1.818000e+02
5.135000e+02 1.812000e+02
5.165000e+02 1.806000e+02
5.185000e+02 1.800000e+02
5.205000e+02 1.794000e+02
5.222500e+02 1.788000e+02
5.240000e+02 1.782000e+02
5.257500e+02 1.779000e+02
5.275000e+02 1.776000e+02
5.287500e+02 1.770000e+02
5.300000e+02 1.764000e+02
5.310000e+02 1.761000e+02
5.320000e+02 1.758000e+02
5.330000e+02 1.755000e+02
5.340000e+02 1.752000e+02
5.350000e+02 1.749000e+02
5.360000e+02 1.746000e+02
5.365000e+02 1.743000e+02
5.370000e+02 1.740000e+02
5.375000e+02 1.740000e+02
5.380000e+02 1.740000e+02
5.382500e+02 1.740000e+02
5.385000e+02 1.740000e+02
5.387500e+02 1.740000e+02
5.390000e+02 1.740000e+02
5.392500e+02 1.740000e+02
5.395000e+02 1.740000e+02
5.395000e+02 1.740000e+02
5.395000e+02 1.740000e+02
5.397500e+02 1.743000e+02
5.400000e+02 1.746000e+02
5.400000e+02 1.746000e+02
5.400000e+02 1.746000e+02
1.040000e+02 9.840000e+01
1.040000e+02 9.840000e+01
1.040000e+02 9.840000e+01
1.040000e+02 9.840000e+01
1.040000e+02 9.840000e+01
1.040000e+02 9.840000e+01
1.040000e+02 9.840000e+01
1.040000e+02 9.840000e+01
1.040000e+02 9.840000e+01
1.040000e+02 9.840000e+01
1.040000e+02 9.840000e+01
1.040000e+02 9.840000e+01
1.040000e+02 9.840000e+01
1.040000e+02 9.840000e+01
1.040000e+02 9.870000e+01
1.040000e+02 9.900000e+01
1.042500e+02 9.990000e+01
1.045000e+02 1.008000e+02
1.050000e+02 1.020000e+02
1.055000e+02 1.032000e+02
1.067500e+02 1.068000e+02
1.080000e+02 1.104000e+02
1.087500e+02 1.131000e+02
1.095000e+02 1.158000e+02
1.102500e+02 1.185000e+02
1.110000e+02 1.212000e+02
1.117500e+02 1.245000e+02
1.125000e+02 1.278000e+02
1.132500e+02 1.305000e+02
1.140000e+02 1.332000e+02
1.147500e+02 1.365000e+02
1.155000e+02 1.398000e+02
1.162500e+02 1.431000e+02
1.170000e+02 1.464000e+02
1.182500e+02 1.515000e+02
1.195000e+02 1.566000e+02
1.202500e+02 1.599000e+02
1.210000e+02 1.632000e+02
1.217500e+02 1.662000e+02
1.225000e+02 1.692000e+02
1.232500e+02 1.725000e+02
1.240000e+02 1.758000e+02
1.245000e+02 1.785000e+02
1.250000e+02 1.812000e+02
1.255000e+02 1.842000e+02
1.260000e+02 1.872000e+02
1.265000e+02 1.896000e+02
1.270000e+02 1.920000e+02
1.275000e+02 1.941000e+02
1.280000e+02 1.962000e+02
1.285000e+02 1.986000e+02
1.290000e+02 2.010000e+02
1.300000e+02 2.043000e+02
1.310000e+02 2.076000e+02
1.320000e+02 2.100000e+02
1.330000e+02 2.124000e+02
1.337500e+02 2.145000e+02
1.345000e+02 2.166000e+02
1.355000e+02 2.190000e+02
1.365000e+02 2.214000e+02
1.372500e+02 2.235000e+02
1.380000e+02 2.256000e+02
1.390000e+02 2.274000e+02
1.400000e+02 2.292000e+02
1.410000e+02 2.313000e+02
1.420000e+02 2.334000e+02
1.432500e+02 2.355000e+02
1.445000e+02 2.376000e+02
1.462500e+02 2.397000e+02
1.480000e+02 2.418000e+02
1.485000e+02 2.424000e+02
1.490000e+02 2.430000e+02
1.507500e+02 2.448000e+02
1.525000e+02 2.466000e+02
1.542500e+02 2.475000e+02
1.560000e+02 2.484000e+02
1.585000e+02 2.496000e+02
1.610000e+02 2.508000e+02
1.637500e+02 2.520000e+02
1.665000e+02 2.532000e+02
1.687500e+02 2.535000e+02
1.710000e+02 2.538000e+02
1.730000e+02 2.541000e+02
1.750000e+02 2.544000e+02
1.775000e+02 2.547000e+02
1.800000e+02 2.550000e+02
1.822500e+02 2.553000e+02
1.845000e+02 2.556000e+02
1.875000e+02 2.559000e+02
1.905000e+02 2.562000e+02
1.945000e+02 2.562000e+02
1.985000e+02 2.562000e+02
2.030000e+02 2.562000e+02
2.075000e+02 2.562000e+02
2.110000e+02 2.562000e+02
2.145000e+02 2.562000e+02
2.177500e+02 2.562000e+02
2.210000e+02 2.562000e+02
2.247500e+02 2.559000e+02
2.285000e+02 2.556000e+02
2.322500e+02 2.553000e+02
2.360000e+02 2.550000e+02
2.425000e+02 2.544000e+02
2.490000e+02 2.538000e+02
2.515000e+02 2.535000e+02
2.540000e+02 2.532000e+02
2.617500e+02 2.523000e+02
2.695000e+02 2.514000e+02
2.735000e+02 2.508000e+02
2.775000e+02 2.502000e+02
2.812500e+02 2.496000e+02
2.850000e+02 2.490000e+02
2.895000e+02 2.484000e+02
2.940000e+02 2.478000e+02
2.982500e+02 2.472000e+02
3.025000e+02 2.466000e+02
3.062500e+02 2.457000e+02
3.100000e+02 2.448000e+02
3.145000e+02 2.439000e+02
3.190000e+02 2.430000e+02
3.232500e+02 2.421000e+02
3.275000e+02 2.412000e+02
3.315000e+02 2.397000e+02
3.355000e+02 2.382000e+02
3.395000e+02 2.373000e+02
3.435000e+02 2.364000e+02
3.472500e+02 2.352000e+02
3.510000e+02 2.340000e+02
3.562500e+02 2.322000e+02
3.615000e+02 2.304000e+02
3.655000e+02 2.292000e+02
3.695000e+02 2.280000e+02
3.735000e+02 2.265000e+02
3.775000e+02 2.250000e+02
3.815000e+02 2.235000e+02
3.855000e+02 2.220000e+02
3.895000e+02 2.205000e+02
3.935000e+02 2.190000e+02
3.970000e+02 2.178000e+02
4.005000e+02 2.166000e+02
4.045000e+02 2.151000e+02
4.085000e+02 2.136000e+02
4.122500e+02 2.121000e+02
4.160000e+02 2.106000e+02
4.192500e+02 2.091000e+02
4.225000e+02 2.076000e+02
4.262500e+02 2.061000e+02
4.300000e+02 2.046000e+02
4.332500e+02 2.034000e+02
4.365000e+02 2.022000e+02
4.422500e+02 2.004000e+02
4.480000e+02 1.986000e+02
4.535000e+02 1.965000e+02
4.590000e+02 1.944000e+02
4.650000e+02 1.926000e+02
4.710000e+02 1.908000e+02
4.750000e+02 1.896000e+02
4.790000e+02 1.884000e+02
4.822500e+02 1.875000e+02
4.855000e+02 1.866000e+02
4.890000e+02 1.860000e+02
4.925000e+02 1.854000e+02
4.955000e+02 1.848000e+02
4.985000e+02 1.842000e+02
5.017500e+02 1.836000e+02
5.050000e+02 1.830000e+02
5.077500e+02 1.824000e+02
5.105000e+02 1.818000e+02
5.135000e+02 1.812000e+02
5.165000e+02 1.806000e+02
5.185000e+02 1.800000e+02
5.205000e+02 1.794000e+02
5.222500e+02 1.788000e+02
5.240000e+02 1.782000e+02
5.257500e+02 1.779000e+02
5.275000e+02 1.776000e+02
5.287500e+02 1.770000e+02
5.300000e+02 1.764000e+02
5.310000e+02 1.761000e+02
5.320000e+02 1.758000e+02
5.330000e+02 1.755000e+02
5.340000e+02 1.752000e+02
5.350000e+02 1.749000e+02
5.360000e+02 1.746000e+02
5.365000e+02 1.743000e+02
5.370000e+02 1.740000e+02
5.375000e+02 1.740000e+02
5.380000e+02 1.740000e+02
5.382500e+02 1.740000e+02
5.385000e+02 1.740000e+02
5.387500e+02 1.740000e+02
5.390000e+02 1.740000e+02
5.392500e+02 1.740000e+02
5.395000e+02 1.740000e+02
5.395000e+02 1.740000e+02
5.395000e+02 1.740000e+02
5.397500e+02 1.743000e+02
5.400000e+02 1.746000e+02
5.400000e+02 1.746000e+02
5.400000e+02 1.746000e+02
