1.085000e+02 1.422000e+02
1.085000e+02 1.422000e+02
1.085000e+02 1.422000e+02
1.085000e+02 1.422000e+02
1.085000e+02 1.422000e+02
1.085000e+02 1.422000e+02
1.085000e+02 1.422000e+02
1.085000e+02 1.422000e+02
1.087500e+02 1.422000e+02
1.090000e+02 1.422000e+02
1.092500e+02 1.425000e+02
1.095000e+02 1.428000e+02
1.097500e+02 1.431000e+02
1.100000e+02 1.434000e+02
1.107500e+02 1.446000e+02
1.115000e+02 1.458000e+02
1.117500e+02 1.464000e+02
1.120000e+02 1.470000e+02
1.132500e+02 1.494000e+02
1.145000e+02 1.518000e+02
1.152500e+02 1.533000e+02
1.160000e+02 1.548000e+02
1.165000e+02 1.560000e+02
1.170000e+02 1.572000e+02
1.185000e+02 1.602000e+02
1.200000e+02 1.632000e+02
1.210000e+02 1.656000e+02
1.220000e+02 1.680000e+02
1.232500e+02 1.707000e+02
1.245000e+02 1.734000e+02
1.255000e+02 1.758000e+02
1.265000e+02 1.782000e+02
1.280000e+02 1.812000e+02
1.295000e+02 1.842000e+02
1.307500e+02 1.875000e+02
1.320000e+02 1.908000e+02
1.335000e+02 1.935000e+02
1.350000e+02 1.962000e+02
1.362500e+02 1.992000e+02
1.375000e+02 2.022000e+02
1.387500e+02 2.052000e+02
1.400000e+02 2.082000e+02
1.412500e+02 2.109000e+02
1.425000e+02 2.136000e+02
1.440000e+02 2.169000e+02
1.455000e+02 2.202000e+02
1.472500e+02 2.241000e+02
1.490000e+02 2.280000e+02
1.500000e+02 2.307000e+02
1.510000e+02 2.334000e+02
1.520000e+02 2.361000e+02
1.530000e+02 2.388000e+02
1.535000e+02 2.400000e+02
1.540000e+02 2.412000e+02
1.555000e+02 2.451000e+02
1.570000e+02 2.490000e+02
1.580000e+02 2.511000e+02
1.590000e+02 2.532000e+02
1.595000e+02 2.544000e+02
1.600000e+02 2.556000e+02
1.612500e+02 2.583000e+02
1.625000e+02 2.610000e+02
1.632500e+02 2.628000e+02
1.640000e+02 2.646000e+02
1.645000e+02 2.661000e+02
1.650000e+02 2.676000e+02
1.652500e+02 2.682000e+02
1.655000e+02 2.688000e+02
1.662500e+02 2.700000e+02
1.670000e+02 2.712000e+02
1.675000e+02 2.721000e+02
1.680000e+02 2.730000e+02
1.682500e+02 2.739000e+02
1.685000e+02 2.748000e+02
1.690000e+02 2.751000e+02
1.695000e+02 2.754000e+02
1.700000e+02 2.760000e+02
1.705000e+02 2.766000e+02
1.707500e+02 2.769000e+02
1.710000e+02 2.772000e+02
1.715000e+02 2.775000e+02
1.720000e+02 2.778000e+02
1.725000e+02 2.778000e+02
1.730000e+02 2.778000e+02
1.732500e+02 2.778000e+02
1.735000e+02 2.778000e+02
1.740000e+02 2.778000e+02
1.745000e+02 2.778000e+02
1.750000e+02 2.772000e+02
1.755000e+02 2.766000e+02
1.765000e+02 2.757000e+02
1.775000e+02 2.748000e+02
1.790000e+02 2.730000e+02
1.805000e+02 2.712000e+02
1.822500e+02 2.691000e+02
1.840000e+02 2.670000e+02
1.860000e+02 2.649000e+02
1.880000e+02 2.628000e+02
1.900000e+02 2.601000e+02
1.920000e+02 2.574000e+02
1.942500e+02 2.547000e+02
1.965000e+02 2.520000e+02
1.987500e+02 2.493000e+02
2.010000e+02 2.466000e+02
2.045000e+02 2.427000e+02
2.080000e+02 2.388000e+02
2.117500e+02 2.346000e+02
2.155000e+02 2.304000e+02
2.185000e+02 2.277000e+02
2.215000e+02 2.250000e+02
2.260000e+02 2.208000e+02
2.305000e+02 2.166000e+02
2.355000e+02 2.121000e+02
2.405000e+02 2.076000e+02
2.452500e+02 2.037000e+02
2.500000e+02 1.998000e+02
2.537500e+02 1.971000e+02
2.575000e+02 1.944000e+02
2.612500e+02 1.917000e+02
2.650000e+02 1.890000e+02
2.685000e+02 1.866000e+02
2.720000e+02 1.842000e+02
2.757500e+02 1.815000e+02
2.795000e+02 1.788000e+02
2.830000e+02 1.764000e+02
2.865000e+02 1.740000e+02
2.907500e+02 1.716000e+02
2.950000e+02 1.692000e+02
3.007500e+02 1.656000e+02
3.065000e+02 1.620000e+02
3.127500e+02 1.587000e+02
3.190000e+02 1.554000e+02
3.232500e+02 1.536000e+02
3.275000e+02 1.518000e+02
3.320000e+02 1.494000e+02
3.365000e+02 1.470000e+02
3.412500e+02 1.452000e+02
3.460000e+02 1.434000e+02
3.505000e+02 1.416000e+02
3.550000e+02 1.398000e+02
3.592500e+02 1.383000e+02
3.635000e+02 1.368000e+02
3.675000e+02 1.353000e+02
3.715000e+02 1.338000e+02
3.782500e+02 1.320000e+02
3.850000e+02 1.302000e+02
3.872500e+02 1.296000e+02
3.895000e+02 1.290000e+02
3.960000e+02 1.275000e+02
4.025000e+02 1.260000e+02
4.065000e+02 1.254000e+02
4.105000e+02 1.248000e+02
4.145000e+02 1.245000e+02
4.185000e+02 1.242000e+02
4.227500e+02 1.239000e+02
4.270000e+02 1.236000e+02
4.307500e+02 1.233000e+02
4.345000e+02 1.230000e+02
4.380000e+02 1.230000e+02
4.415000e+02 1.230000e+02
4.445000e+02 1.230000e+02
4.475000e+02 1.230000e+02
4.502500e+02 1.230000e+02
4.530000e+02 1.230000e+02
4.555000e+02 1.233000e+02
4.580000e+02 1.236000e+02
4.597500e+02 1.239000e+02
4.615000e+02 1.242000e+02
4.630000e+02 1.242000e+02
4.645000e+02 1.242000e+02
4.657500e+02 1.245000e+02
4.670000e+02 1.248000e+02
4.677500e+02 1.251000e+02
4.685000e+02 1.254000e+02
4.695000e+02 1.257000e+02
4.705000e+02 1.260000e+02
4.707500e+02 1.260000e+02
4.710000e+02 1.260000e+02
4.712500e+02 1.260000e+02
4.715000e+02 1.260000e+02
4.717500e+02 1.263000e+02
4.720000e+02 1.266000e+02
4.722500e+02 1.266000e+02
4.725000e+02 1.266000e+02
4.725000e+02 1.266000e+02
4.725000e+02 1.266000e+02
4.727500e+02 1.266000e+02
4.730000e+02 1.266000e+02
4.730000e+02 1.269000e+02
4.730000e+02 1.272000e+02
4.730000e+02 1.272000e+02
4.730000e+02 1.272000e+02
4.730000e+02 1.272000e+02
4.730000e+02 1.272000e+02
4.730000e+02 1.275000e+02
4.730000e+02 1.278000e+02
4.730000e+02 1.278000e+02
4.730000e+02 1.278000e+02
4.730000e+02 1.278000e+02
4.730000e+02 1.278000e+02
1.085000e+02 1.422000e+02
1.085000e+02 1.422000e+02
1.085000e+02 1.422000e+02
1.085000e+02 1.422000e+02
1.085000e+02 1.422000e+02
1.085000e+02 1.422000e+02
1.085000e+02 1.422000e+02
1.085000e+02 1.422000e+02
1.087500e+02 1.422000e+02
1.090000e+02 1.422000e+02
1.092500e+02 1.425000e+02
1.095000e+02 1.428000e+02
1.097500e+02 1.431000e+02
1.100000e+02 1.434000e+02
1.107500e+02 1.446000e+02
1.115000e+02 1.458000e+02
1.117500e+02 1.464000e+02
1.120000e+02 1.470000e+02
1.132500e+02 1.494000e+02
1.145000e+02 1.518000e+02
1.152500e+02 1.533000e+02
1.160000e+02 1.548000e+02
1.165000e+02 1.560000e+02
1.170000e+02 1.572000e+02
1.185000e+02 1.602000e+02
1.200000e+02 1.632000e+02
1.210000e+02 1.656000e+02
1.220000e+02 1.680000e+02
1.232500e+02 1.707000e+02
1.245000e+02 1.734000e+02
1.255000e+02 1.758000e+02
1.265000e+02 1.782000e+02
1.280000e+02 1.812000e+02
1.295000e+02 1.842000e+02
1.307500e+02 1.875000e+02
1.320000e+02 1.908000e+02
1.335000e+02 1.935000e+02
1.350000e+02 1.962000e+02
1.362500e+02 1.992000e+02
1.375000e+02 2.022000e+02
1.387500e+02 2.052000e+02
1.400000e+02 2.082000e+02
1.412500e+02 2.109000e+02
1.425000e+02 2.136000e+02
1.440000e+02 2.169000e+02
1.455000e+02 2.202000e+02
1.472500e+02 2.241000e+02
1.490000e+02 2.280000e+02
1.500000e+02 2.307000e+02
1.510000e+02 2.334000e+02
1.520000e+02 2.361000e+02
1.530000e+02 2.388000e+02
1.535000e+02 2.400000e+02
1.540000e+02 2.412000e+02
1.555000e+02 2.451000e+02
1.570000e+02 2.490000e+02
1.580000e+02 2.511000e+02
1.590000e+02 2.532000e+02
1.595000e+02 2.544000e+02
1.600000e+02 2.556000e+02
1.612500e+02 2.583000e+02
1.625000e+02 2.610000e+02
1.632500e+02 2.628000e+02
1.640000e+02 2.646000e+02
1.645000e+02 2.661000e+02
1.650000e+02 2.676000e+02
1.652500e+02 2.682000e+02
1.655000e+02 2.688000e+02
1.662500e+02 2.700000e+02
1.670000e+02 2.712000e+02
1.675000e+02 2.721000e+02
1.680000e+02 2.730000e+02
1.682500e+02 2.739000e+02
1.685000e+02 2.748000e+02
1.690000e+02 2.751000e+02
1.695000e+02 2.754000e+02
1.700000e+02 2.760000e+02
1.705000e+02 2.766000e+02
1.707500e+02 2.769000e+02
1.710000e+02 2.772000e+02
1.715000e+02 2.775000e+02
1.720000e+02 2.778000e+02
1.725000e+02 2.778000e+02
1.730000e+02 2.778000e+02
1.732500e+02 2.778000e+02
1.735000e+02 2.778000e+02
1.740000e+02 2.778000e+02
1.745000e+02 2.778000e+02
1.750000e+02 2.772000e+02
1.755000e+02 2.766000e+02
1.765000e+02 2.757000e+02
1.775000e+02 2.748000e+02
1.790000e+02 2.730000e+02
1.805000e+02 2.712000e+02
1.822500e+02 2.691000e+02
1.840000e+02 2.670000e+02
1.860000e+02 2.649000e+02
1.880000e+02 2.628000e+02
1.900000e+02 2.601000e+02
1.920000e+02 2.574000e+02
1.942500e+02 2.547000e+02
1.965000e+02 2.520000e+02
1.987500e+02 2.493000e+02
2.010000e+02 2.466000e+02
2.045000e+02 2.427000e+02
2.080000e+02 2.388000e+02
2.117500e+02 2.346000e+02
2.155000e+02 2.304000e+02
2.185000e+02 2.277000e+02
2.215000e+02 2.250000e+02
2.260000e+02 2.208000e+02
2.305000e+02 2.166000e+02
2.355000e+02 2.121000e+02
2.405000e+02 2.076000e+02
2.452500e+02 2.037000e+02
2.500000e+02 1.998000e+02
2.537500e+02 1.971000e+02
2.575000e+02 1.944000e+02
2.612500e+02 1.917000e+02
2.650000e+02 1.890000e+02
2.685000e+02 1.866000e+02
2.720000e+02 1.842000e+02
2.757500e+02 1.815000e+02
2.795000e+02 1.788000e+02
2.830000e+02 1.764000e+02
2.865000e+02 1.740000e+02
2.907500e+02 1.716000e+02
2.950000e+02 1.692000e+02
3.007500e+02 1.656000e+02
3.065000e+02 1.620000e+02
3.127500e+02 1.587000e+02
3.190000e+02 1.554000e+02
3.232500e+02 1.536000e+02
3.275000e+02 1.518000e+02
3.320000e+02 1.494000e+02
3.365000e+02 1.470000e+02
3.412500e+02 1.452000e+02
3.460000e+02 1.434000e+02
3.505000e+02 1.416000e+02
3.550000e+02 1.398000e+02
3.592500e+02 1.383000e+02
3.635000e+02 1.368000e+02
3.675000e+02 1.353000e+02
3.715000e+02 1.338000e+02
3.782500e+02 1.320000e+02
3.850000e+02 1.302000e+02
3.872500e+02 1.296000e+02
3.895000e+02 1.290000e+02
3.960000e+02 1.275000e+02
4.025000e+02 1.260000e+02
4.065000e+02 1.254000e+02
4.105000e+02 1.248000e+02
4.145000e+02 1.245000e+02
4.185000e+02 1.242000e+02
4.227500e+02 1.239000e+02
4.270000e+02 1.236000e+02
4.307500e+02 1.233000e+02
4.345000e+02 1.230000e+02
4.380000e+02 1.230000e+02
4.415000e+02 1.230000e+02
4.445000e+02 1.230000e+02
4.475000e+02 1.230000e+02
4.502500e+02 1.230000e+02
4.530000e+02 1.230000e+02
4.555000e+02 1.233000e+02
4.580000e+02 1.236000e+02
4.597500e+02 1.239000e+02
4.615000e+02 1.242000e+02
4.630000e+02 1.242000e+02
4.645000e+02 1.242000e+02
4.657500e+02 1.245000e+02
4.670000e+02 1.248000e+02
4.677500e+02 1.251000e+02
4.685000e+02 1.254000e+02
4.695000e+02 1.257000e+02
4.705000e+02 1.260000e+02
4.707500e+02 1.260000e+02
4.710000e+02 1.260000e+02
4.712500e+02 1.260000e+02
4.715000e+02 1.260000e+02
4.717500e+02 1.263000e+02
4.720000e+02 1.266000e+02
4.722500e+02 1.266000e+02
4.725000e+02 1.266000e+02
4.725000e+02 1.266000e+02
4.725000e+02 1.266000e+02
4.727500e+02 1.266000e+02
4.730000e+02 1.266000e+02
4.730000e+02 1.269000e+02
4.730000e+02 1.272000e+02
4.730000e+02 1.272000e+02
4.730000e+02 1.272000e+02
4.730000e+02 1.272000e+02
4.730000e+02 1.272000e+02
4.730000e+02 1.275000e+02
4.730000e+02 1.278000e+02
4.730000e+02 1.278000e+02
4.730000e+02 1.278000e+02
4.730000e+02 1.278000e+02
4.730000e+02 1.278000e+02
1.085000e+02 1.422000e+02
1.085000e+02 1.422000e+02
1.085000e+02 1.422000e+02
1.085000e+02 1.422000e+02
1.085000e+02 1.422000e+02
1.085000e+02 1.422000e+02
1.085000e+02 1.422000e+02
1.085000e+02 1.422000e+02
1.087500e+02 1.422000e+02
1.090000e+02 1.422000e+02
1.092500e+02 1.425000e+02
1.095000e+02 1.428000e+02
1.097500e+02 1.431000e+02
1.100000e+02 1.434000e+02
1.107500e+02 1.446000e+02
1.115000e+02 1.458000e+02
1.117500e+02 1.464000e+02
1.120000e+02 1.470000e+02
1.132500e+02 1.494000e+02
1.145000e+02 1.518000e+02
1.152500e+02 1.533000e+02
1.160000e+02 1.548000e+02
1.165000e+02 1.560000e+02
1.170000e+02 1.572000e+02
1.185000e+02 1.602000e+02
1.200000e+02 1.632000e+02
1.210000e+02 1.656000e+02
1.220000e+02 1.680000e+02
1.232500e+02 1.707000e+02
1.245000e+02 1.734000e+02
1.255000e+02 1.758000e+02
1.265000e+02 1.782000e+02
1.280000e+02 1.812000e+02
1.295000e+02 1.842000e+02
1.307500e+02 1.875000e+02
1.320000e+02 1.908000e+02
1.335000e+02 1.935000e+02
1.350000e+02 1.962000e+02
1.362500e+02 1.992000e+02
1.375000e+02 2.022000e+02
1.387500e+02 2.052000e+02
1.400000e+02 2.082000e+02
1.412500e+02 2.109000e+02
1.425000e+02 2.136000e+02
1.440000e+02 2.169000e+02
1.455000e+02 2.202000e+02
1.472500e+02 2.241000e+02
1.490000e+02 2.280000e+02
1.500000e+02 2.307000e+02
1.510000e+02 2.334000e+02
1.520000e+02 2.361000e+02
1.530000e+02 2.388000e+02
1.535000e+02 2.400000e+02
1.540000e+02 2.412000e+02
1.555000e+02 2.451000e+02
1.570000e+02 2.490000e+02
1.580000e+02 2.511000e+02
1.590000e+02 2.532000e+02
1.595000e+02 2.544000e+02
1.600000e+02 2.556000e+02
1.612500e+02 2.583000e+02
1.625000e+02 2.610000e+02
1.632500e+02 2.628000e+02
1.640000e+02 2.646000e+02
1.645000e+02 2.661000e+02
1.650000e+02 2.676000e+02
1.652500e+02 2.682000e+02
1.655000e+02 2.688000e+02
1.662500e+02 2.700000e+02
1.670000e+02 2.712000e+02
1.675000e+02 2.721000e+02
1.680000e+02 2.730000e+02
1.682500e+02 2.739000e+02
1.685000e+02 2.748000e+02
1.690000e+02 2.751000e+02
1.695000e+02 2.754000e+02
1.700000e+02 2.760000e+02
1.705000e+02 2.766000e+02
1.707500e+02 2.769000e+02
1.710000e+02 2.772000e+02
1.715000e+02 2.775000e+02
1.720000e+02 2.778000e+02
1.725000e+02 2.778000e+02
1.730000e+02 2.778000e+02
1.732500e+02 2.778000e+02
1.735000e+02 2.778000e+02
1.740000e+02 2.778000e+02
1.745000e+02 2.778000e+02
1.750000e+02 2.772000e+02
1.755000e+02 2.766000e+02
1.765000e+02 2.757000e+02
1.775000e+02 2.748000e+02
1.790000e+02 2.730000e+02
1.805000e+02 2.712000e+02
1.822500e+02 2.691000e+02
1.840000e+02 2.670000e+02
1.860000e+02 2.649000e+02
1.880000e+02 2.628000e+02
1.900000e+02 2.601000e+02
1.920000e+02 2.574000e+02
1.942500e+02 2.547000e+02
1.965000e+02 2.520000e+02
1.987500e+02 2.493000e+02
2.010000e+02 2.466000e+02
2.045000e+02 2.427000e+02
2.080000e+02 2.388000e+02
2.117500e+02 2.346000e+02
2.155000e+02 2.304000e+02
2.185000e+02 2.277000e+02
2.215000e+02 2.250000e+02
2.260000e+02 2.208000e+02
2.305000e+02 2.166000e+02
2.355000e+02 2.121000e+02
2.405000e+02 2.076000e+02
2.452500e+02 2.037000e+02
2.500000e+02 1.998000e+02
2.537500e+02 1.971000e+02
2.575000e+02 1.944000e+02
2.612500e+02 1.917000e+02
2.650000e+02 1.890000e+02
2.685000e+02 1.866000e+02
2.720000e+02 1.842000e+02
2.757500e+02 1.815000e+02
2.795000e+02 1.788000e+02
2.830000e+02 1.764000e+02
2.865000e+02 1.740000e+02
2.907500e+02 1.716000e+02
2.950000e+02 1.692000e+02
3.007500e+02 1.656000e+02
3.065000e+02 1.620000e+02
3.127500e+02 1.587000e+02
3.190000e+02 1.554000e+02
3.232500e+02 1.536000e+02
3.275000e+02 1.518000e+02
3.320000e+02 1.494000e+02
3.365000e+02 1.470000e+02
3.412500e+02 1.452000e+02
3.460000e+02 1.434000e+02
3.505000e+02 1.416000e+02
3.550000e+02 1.398000e+02
3.592500e+02 1.383000e+02
3.635000e+02 1.368000e+02
3.675000e+02 1.353000e+02
3.715000e+02 1.338000e+02
3.782500e+02 1.320000e+02
3.850000e+02 1.302000e+02
3.872500e+02 1.296000e+02
3.895000e+02 1.290000e+02
3.960000e+02 1.275000e+02
4.025000e+02 1.260000e+02
4.065000e+02 1.254000e+02
4.105000e+02 1.248000e+02
4.145000e+02 1.245000e+02
4.185000e+02 1.242000e+02
4.227500e+02 1.239000e+02
4.270000e+02 1.236000e+02
4.307500e+02 1.233000e+02
4.345000e+02 1.230000e+02
4.380000e+02 1.230000e+02
4.415000e+02 1.230000e+02
4.445000e+02 1.230000e+02
4.475000e+02 1.230000e+02
4.502500e+02 1.230000e+02
4.530000e+02 1.230000e+02
4.555000e+02 1.233000e+02
4.580000e+02 1.236000e+02
4.597500e+02 1.239000e+02
4.615000e+02 1.242000e+02
4.630000e+02 1.242000e+02
4.645000e+02 1.242000e+02
4.657500e+02 1.245000e+02
4.670000e+02 1.248000e+02
4.677500e+02 1.251000e+02
4.685000e+02 1.254000e+02
4.695000e+02 1.257000e+02
4.705000e+02 1.260000e+02
4.707500e+02 1.260000e+02
4.710000e+02 1.260000e+02
4.712500e+02 1.260000e+02
4.715000e+02 1.260000e+02
4.717500e+02 1.263000e+02
4.720000e+02 1.266000e+02
4.722500e+02 1.266000e+02
4.725000e+02 1.266000e+02
4.725000e+02 1.266000e+02
4.725000e+02 1.266000e+02
4.727500e+02 1.266000e+02
4.730000e+02 1.266000e+02
4.730000e+02 1.269000e+02
4.730000e+02 1.272000e+02
4.730000e+02 1.272000e+02
4.730000e+02 1.272000e+02
4.730000e+02 1.272000e+02
4.730000e+02 1.272000e+02
4.730000e+02 1.275000e+02
4.730000e+02 1.278000e+02
4.730000e+02 1.278000e+02
4.730000e+02 1.278000e+02
4.730000e+02 1.278000e+02
4.730000e+02 1.278000e+02
