3.555000e+02 9.540000e+01
3.555000e+02 9.540000e+01
3.555000e+02 9.540000e+01
3.555000e+02 9.540000e+01
3.555000e+02 9.540000e+01
3.548750e+02 9.900000e+01
3.542500e+02 1.026000e+02
3.536250e+02 1.062000e+02
3.530000e+02 1.098000e+02
3.526250e+02 1.116000e+02
3.522500e+02 1.134000e+02
3.518750e+02 1.152000e+02
3.515000e+02 1.170000e+02
3.511250e+02 1.189500e+02
3.507500e+02 1.209000e+02
3.503750e+02 1.228500e+02
3.500000e+02 1.248000e+02
3.497500e+02 1.266000e+02
3.495000e+02 1.284000e+02
3.492500e+02 1.302000e+02
3.490000e+02 1.320000e+02
3.486250e+02 1.338000e+02
3.482500e+02 1.356000e+02
3.478750e+02 1.374000e+02
3.475000e+02 1.392000e+02
3.471250e+02 1.411500e+02
3.467500e+02 1.431000e+02
3.463750e+02 1.450500e+02
3.460000e+02 1.470000e+02
3.456250e+02 1.489500e+02
3.452500e+02 1.509000e+02
3.448750e+02 1.528500e+02
3.445000e+02 1.548000e+02
3.441250e+02 1.567500e+02
3.437500e+02 1.587000e+02
3.433750e+02 1.606500e+02
3.430000e+02 1.626000e+02
3.427500e+02 1.650000e+02
3.425000e+02 1.674000e+02
3.422500e+02 1.698000e+02
3.420000e+02 1.722000e+02
3.416250e+02 1.741500e+02
3.412500e+02 1.761000e+02
3.408750e+02 1.780500e+02
3.405000e+02 1.800000e+02
3.402500e+02 1.824000e+02
3.400000e+02 1.848000e+02
3.397500e+02 1.872000e+02
3.395000e+02 1.896000e+02
3.393750e+02 1.914000e+02
3.392500e+02 1.932000e+02
3.391250e+02 1.950000e+02
3.390000e+02 1.968000e+02
3.386250e+02 1.998000e+02
3.382500e+02 2.028000e+02
3.378750e+02 2.058000e+02
3.375000e+02 2.088000e+02
3.372500e+02 2.106000e+02
3.370000e+02 2.124000e+02
3.367500e+02 2.142000e+02
3.365000e+02 2.160000e+02
3.362500e+02 2.179500e+02
3.360000e+02 2.199000e+02
3.357500e+02 2.218500e+02
3.355000e+02 2.238000e+02
3.353750e+02 2.257500e+02
3.352500e+02 2.277000e+02
3.351250e+02 2.296500e+02
3.350000e+02 2.316000e+02
3.347500e+02 2.334000e+02
3.345000e+02 2.352000e+02
3.342500e+02 2.370000e+02
3.340000e+02 2.388000e+02
3.337500e+02 2.404500e+02
3.335000e+02 2.421000e+02
3.332500e+02 2.437500e+02
3.330000e+02 2.454000e+02
3.327500e+02 2.470500e+02
3.325000e+02 2.487000e+02
3.322500e+02 2.503500e+02
3.320000e+02 2.520000e+02
3.318750e+02 2.536500e+02
3.317500e+02 2.553000e+02
3.316250e+02 2.569500e+02
3.315000e+02 2.586000e+02
3.313750e+02 2.602500e+02
3.312500e+02 2.619000e+02
3.311250e+02 2.635500e+02
3.310000e+02 2.652000e+02
3.308750e+02 2.667000e+02
3.307500e+02 2.682000e+02
3.306250e+02 2.697000e+02
3.305000e+02 2.712000e+02
3.302500e+02 2.728500e+02
3.300000e+02 2.745000e+02
3.297500e+02 2.761500e+02
3.295000e+02 2.778000e+02
3.293750e+02 2.793000e+02
3.292500e+02 2.808000e+02
3.291250e+02 2.823000e+02
3.290000e+02 2.838000e+02
3.290000e+02 2.854500e+02
3.290000e+02 2.871000e+02
3.290000e+02 2.887500e+02
3.290000e+02 2.904000e+02
3.287500e+02 2.919000e+02
3.285000e+02 2.934000e+02
3.282500e+02 2.949000e+02
3.280000e+02 2.964000e+02
3.278750e+02 2.983500e+02
3.277500e+02 3.003000e+02
3.276250e+02 3.022500e+02
3.275000e+02 3.042000e+02
3.273750e+02 3.057000e+02
3.272500e+02 3.072000e+02
3.271250e+02 3.087000e+02
3.270000e+02 3.102000e+02
3.268750e+02 3.114000e+02
3.267500e+02 3.126000e+02
3.266250e+02 3.138000e+02
3.265000e+02 3.150000e+02
3.263750e+02 3.162000e+02
3.262500e+02 3.174000e+02
3.261250e+02 3.186000e+02
3.260000e+02 3.198000e+02
3.258750e+02 3.211500e+02
3.257500e+02 3.225000e+02
3.256250e+02 3.238500e+02
3.255000e+02 3.252000e+02
3.255000e+02 3.264000e+02
3.255000e+02 3.276000e+02
3.255000e+02 3.288000e+02
3.255000e+02 3.300000e+02
3.253750e+02 3.310500e+02
3.252500e+02 3.321000e+02
3.251250e+02 3.331500e+02
3.250000e+02 3.342000e+02
3.248750e+02 3.352500e+02
3.247500e+02 3.363000e+02
3.246250e+02 3.373500e+02
3.245000e+02 3.384000e+02
3.243750e+02 3.396000e+02
3.242500e+02 3.408000e+02
3.241250e+02 3.420000e+02
3.240000e+02 3.432000e+02
3.240000e+02 3.441000e+02
3.240000e+02 3.450000e+02
3.240000e+02 3.459000e+02
3.240000e+02 3.468000e+02
3.238750e+02 3.478500e+02
3.237500e+02 3.489000e+02
3.236250e+02 3.499500e+02
3.235000e+02 3.510000e+02
3.235000e+02 3.520500e+02
3.235000e+02 3.531000e+02
3.235000e+02 3.541500e+02
3.235000e+02 3.552000e+02
3.235000e+02 3.561000e+02
3.235000e+02 3.570000e+02
3.235000e+02 3.579000e+02
3.235000e+02 3.588000e+02
3.235000e+02 3.597000e+02
3.235000e+02 3.606000e+02
3.235000e+02 3.615000e+02
3.235000e+02 3.624000e+02
3.235000e+02 3.631500e+02
3.235000e+02 3.639000e+02
3.235000e+02 3.646500e+02
3.235000e+02 3.654000e+02
3.235000e+02 3.661500e+02
3.235000e+02 3.669000e+02
3.235000e+02 3.676500e+02
3.235000e+02 3.684000e+02
3.233750e+02 3.691500e+02
3.232500e+02 3.699000e+02
3.231250e+02 3.706500e+02
3.230000e+02 3.714000e+02
3.230000e+02 3.721500e+02
3.230000e+02 3.729000e+02
3.230000e+02 3.744000e+02
3.227500e+02 3.765000e+02
3.225000e+02 3.786000e+02
3.225000e+02 3.792000e+02
3.225000e+02 3.798000e+02
3.225000e+02 3.813000e+02
3.225000e+02 3.828000e+02
3.225000e+02 3.855000e+02
3.225000e+02 3.882000e+02
3.222500e+02 3.900000e+02
3.220000e+02 3.918000e+02
3.220000e+02 3.933000e+02
3.220000e+02 3.948000e+02
3.220000e+02 3.963000e+02
3.220000e+02 3.978000e+02
3.217500e+02 4.005000e+02
3.215000e+02 4.032000e+02
3.215000e+02 4.044000e+02
3.215000e+02 4.056000e+02
3.215000e+02 4.056000e+02
3.215000e+02 4.056000e+02
3.555000e+02 9.540000e+01
3.555000e+02 9.540000e+01
3.555000e+02 9.540000e+01
3.555000e+02 9.540000e+01
3.555000e+02 9.540000e+01
3.548750e+02 9.900000e+01
3.542500e+02 1.026000e+02
3.536250e+02 1.062000e+02
3.530000e+02 1.098000e+02
3.526250e+02 1.116000e+02
3.522500e+02 1.134000e+02
3.518750e+02 1.152000e+02
3.515000e+02 1.170000e+02
3.511250e+02 1.189500e+02
3.507500e+02 1.209000e+02
3.503750e+02 1.228500e+02
3.500000e+02 1.248000e+02
3.497500e+02 1.266000e+02
3.495000e+02 1.284000e+02
3.492500e+02 1.302000e+02
3.490000e+02 1.320000e+02
3.486250e+02 1.338000e+02
3.482500e+02 1.356000e+02
3.478750e+02 1.374000e+02
3.475000e+02 1.392000e+02
3.471250e+02 1.411500e+02
3.467500e+02 1.431000e+02
3.463750e+02 1.450500e+02
3.460000e+02 1.470000e+02
3.456250e+02 1.489500e+02
3.452500e+02 1.509000e+02
3.448750e+02 1.528500e+02
3.445000e+02 1.548000e+02
3.441250e+02 1.567500e+02
3.437500e+02 1.587000e+02
3.433750e+02 1.606500e+02
3.430000e+02 1.626000e+02
3.427500e+02 1.650000e+02
3.425000e+02 1.674000e+02
3.422500e+02 1.698000e+02
3.420000e+02 1.722000e+02
3.416250e+02 1.741500e+02
3.412500e+02 1.761000e+02
3.408750e+02 1.780500e+02
3.405000e+02 1.800000e+02
3.402500e+02 1.824000e+02
3.400000e+02 1.848000e+02
3.397500e+02 1.872000e+02
3.395000e+02 1.896000e+02
3.393750e+02 1.914000e+02
3.392500e+02 1.932000e+02
3.391250e+02 1.950000e+02
3.390000e+02 1.968000e+02
3.386250e+02 1.998000e+02
3.382500e+02 2.028000e+02
3.378750e+02 2.058000e+02
3.375000e+02 2.088000e+02
3.372500e+02 2.106000e+02
3.370000e+02 2.124000e+02
3.367500e+02 2.142000e+02
3.365000e+02 2.160000e+02
3.362500e+02 2.179500e+02
3.360000e+02 2.199000e+02
3.357500e+02 2.218500e+02
3.355000e+02 2.238000e+02
3.353750e+02 2.257500e+02
3.352500e+02 2.277000e+02
3.351250e+02 2.296500e+02
3.350000e+02 2.316000e+02
3.347500e+02 2.334000e+02
3.345000e+02 2.352000e+02
3.342500e+02 2.370000e+02
3.340000e+02 2.388000e+02
3.337500e+02 2.404500e+02
3.335000e+02 2.421000e+02
3.332500e+02 2.437500e+02
3.330000e+02 2.454000e+02
3.327500e+02 2.470500e+02
3.325000e+02 2.487000e+02
3.322500e+02 2.503500e+02
3.320000e+02 2.520000e+02
3.318750e+02 2.536500e+02
3.317500e+02 2.553000e+02
3.316250e+02 2.569500e+02
3.315000e+02 2.586000e+02
3.313750e+02 2.602500e+02
3.312500e+02 2.619000e+02
3.311250e+02 2.635500e+02
3.310000e+02 2.652000e+02
3.308750e+02 2.667000e+02
3.307500e+02 2.682000e+02
3.306250e+02 2.697000e+02
3.305000e+02 2.712000e+02
3.302500e+02 2.728500e+02
3.300000e+02 2.745000e+02
3.297500e+02 2.761500e+02
3.295000e+02 2.778000e+02
3.293750e+02 2.793000e+02
3.292500e+02 2.808000e+02
3.291250e+02 2.823000e+02
3.290000e+02 2.838000e+02
3.290000e+02 2.854500e+02
3.290000e+02 2.871000e+02
3.290000e+02 2.887500e+02
3.290000e+02 2.904000e+02
3.287500e+02 2.919000e+02
3.285000e+02 2.934000e+02
3.282500e+02 2.949000e+02
3.280000e+02 2.964000e+02
3.278750e+02 2.983500e+02
3.277500e+02 3.003000e+02
3.276250e+02 3.022500e+02
3.275000e+02 3.042000e+02
3.273750e+02 3.057000e+02
3.272500e+02 3.072000e+02
3.271250e+02 3.087000e+02
3.270000e+02 3.102000e+02
3.268750e+02 3.114000e+02
3.267500e+02 3.126000e+02
3.266250e+02 3.138000e+02
3.265000e+02 3.150000e+02
3.263750e+02 3.162000e+02
3.262500e+02 3.174000e+02
3.261250e+02 3.186000e+02
3.260000e+02 3.198000e+02
3.258750e+02 3.211500e+02
3.257500e+02 3.225000e+02
3.256250e+02 3.238500e+02
3.255000e+02 3.252000e+02
3.255000e+02 3.264000e+02
3.255000e+02 3.276000e+02
3.255000e+02 3.288000e+02
3.255000e+02 3.300000e+02
3.253750e+02 3.310500e+02
3.252500e+02 3.321000e+02
3.251250e+02 3.331500e+02
3.250000e+02 3.342000e+02
3.248750e+02 3.352500e+02
3.247500e+02 3.363000e+02
3.246250e+02 3.373500e+02
3.245000e+02 3.384000e+02
3.243750e+02 3.396000e+02
3.242500e+02 3.408000e+02
3.241250e+02 3.420000e+02
3.240000e+02 3.432000e+02
3.240000e+02 3.441000e+02
3.240000e+02 3.450000e+02
3.240000e+02 3.459000e+02
3.240000e+02 3.468000e+02
3.238750e+02 3.478500e+02
3.237500e+02 3.489000e+02
3.236250e+02 3.499500e+02
3.235000e+02 3.510000e+02
3.235000e+02 3.520500e+02
3.235000e+02 3.531000e+02
3.235000e+02 3.541500e+02
3.235000e+02 3.552000e+02
3.235000e+02 3.561000e+02
3.235000e+02 3.570000e+02
3.235000e+02 3.579000e+02
3.235000e+02 3.588000e+02
3.235000e+02 3.597000e+02
3.235000e+02 3.606000e+02
3.235000e+02 3.615000e+02
3.235000e+02 3.624000e+02
3.235000e+02 3.631500e+02
3.235000e+02 3.639000e+02
3.235000e+02 3.646500e+02
3.235000e+02 3.654000e+02
3.235000e+02 3.661500e+02
3.235000e+02 3.669000e+02
3.235000e+02 3.676500e+02
3.235000e+02 3.684000e+02
3.233750e+02 3.691500e+02
3.232500e+02 3.699000e+02
3.231250e+02 3.706500e+02
3.230000e+02 3.714000e+02
3.230000e+02 3.721500e+02
3.230000e+02 3.729000e+02
3.230000e+02 3.744000e+02
3.227500e+02 3.765000e+02
3.225000e+02 3.786000e+02
3.225000e+02 3.792000e+02
3.225000e+02 3.798000e+02
3.225000e+02 3.813000e+02
3.225000e+02 3.828000e+02
3.225000e+02 3.855000e+02
3.225000e+02 3.882000e+02
3.222500e+02 3.900000e+02
3.220000e+02 3.918000e+02
3.220000e+02 3.933000e+02
3.220000e+02 3.948000e+02
3.220000e+02 3.963000e+02
3.220000e+02 3.978000e+02
3.217500e+02 4.005000e+02
3.215000e+02 4.032000e+02
3.215000e+02 4.044000e+02
3.215000e+02 4.056000e+02
3.215000e+02 4.056000e+02
3.215000e+02 4.056000e+02
3.555000e+02 9.540000e+01
3.555000e+02 9.540000e+01
3.555000e+02 9.540000e+01
3.555000e+02 9.540000e+01
3.555000e+02 9.540000e+01
3.548750e+02 9.900000e+01
3.542500e+02 1.026000e+02
3.536250e+02 1.062000e+02
3.530000e+02 1.098000e+02
3.526250e+02 1.116000e+02
3.522500e+02 1.134000e+02
3.518750e+02 1.152000e+02
3.515000e+02 1.170000e+02
3.511250e+02 1.189500e+02
3.507500e+02 1.209000e+02
3.503750e+02 1.228500e+02
3.500000e+02 1.248000e+02
3.497500e+02 1.266000e+02
3.495000e+02 1.284000e+02
3.492500e+02 1.302000e+02
3.490000e+02 1.320000e+02
3.486250e+02 1.338000e+02
3.482500e+02 1.356000e+02
3.478750e+02 1.374000e+02
3.475000e+02 1.392000e+02
3.471250e+02 1.411500e+02
3.467500e+02 1.431000e+02
3.463750e+02 1.450500e+02
3.460000e+02 1.470000e+02
3.456250e+02 1.489500e+02
3.452500e+02 1.509000e+02
3.448750e+02 1.528500e+02
3.445000e+02 1.548000e+02
3.441250e+02 1.567500e+02
3.437500e+02 1.587000e+02
3.433750e+02 1.606500e+02
3.430000e+02 1.626000e+02
3.427500e+02 1.650000e+02
3.425000e+02 1.674000e+02
3.422500e+02 1.698000e+02
3.420000e+02 1.722000e+02
3.416250e+02 1.741500e+02
3.412500e+02 1.761000e+02
3.408750e+02 1.780500e+02
3.405000e+02 1.800000e+02
3.402500e+02 1.824000e+02
3.400000e+02 1.848000e+02
3.397500e+02 1.872000e+02
3.395000e+02 1.896000e+02
3.393750e+02 1.914000e+02
3.392500e+02 1.932000e+02
3.391250e+02 1.950000e+02
3.390000e+02 1.968000e+02
3.386250e+02 1.998000e+02
3.382500e+02 2.028000e+02
3.378750e+02 2.058000e+02
3.375000e+02 2.088000e+02
3.372500e+02 2.106000e+02
3.370000e+02 2.124000e+02
3.367500e+02 2.142000e+02
3.365000e+02 2.160000e+02
3.362500e+02 2.179500e+02
3.360000e+02 2.199000e+02
3.357500e+02 2.218500e+02
3.355000e+02 2.238000e+02
3.353750e+02 2.257500e+02
3.352500e+02 2.277000e+02
3.351250e+02 2.296500e+02
3.350000e+02 2.316000e+02
3.347500e+02 2.334000e+02
3.345000e+02 2.352000e+02
3.342500e+02 2.370000e+02
3.340000e+02 2.388000e+02
3.337500e+02 2.404500e+02
3.335000e+02 2.421000e+02
3.332500e+02 2.437500e+02
3.330000e+02 2.454000e+02
3.327500e+02 2.470500e+02
3.325000e+02 2.487000e+02
3.322500e+02 2.503500e+02
3.320000e+02 2.520000e+02
3.318750e+02 2.536500e+02
3.317500e+02 2.553000e+02
3.316250e+02 2.569500e+02
3.315000e+02 2.586000e+02
3.313750e+02 2.602500e+02
3.312500e+02 2.619000e+02
3.311250e+02 2.635500e+02
3.310000e+02 2.652000e+02
3.308750e+02 2.667000e+02
3.307500e+02 2.682000e+02
3.306250e+02 2.697000e+02
3.305000e+02 2.712000e+02
3.302500e+02 2.728500e+02
3.300000e+02 2.745000e+02
3.297500e+02 2.761500e+02
3.295000e+02 2.778000e+02
3.293750e+02 2.793000e+02
3.292500e+02 2.808000e+02
3.291250e+02 2.823000e+02
3.290000e+02 2.838000e+02
3.290000e+02 2.854500e+02
3.290000e+02 2.871000e+02
3.290000e+02 2.887500e+02
3.290000e+02 2.904000e+02
3.287500e+02 2.919000e+02
3.285000e+02 2.934000e+02
3.282500e+02 2.949000e+02
3.280000e+02 2.964000e+02
3.278750e+02 2.983500e+02
3.277500e+02 3.003000e+02
3.276250e+02 3.022500e+02
3.275000e+02 3.042000e+02
3.273750e+02 3.057000e+02
3.272500e+02 3.072000e+02
3.271250e+02 3.087000e+02
3.270000e+02 3.102000e+02
3.268750e+02 3.114000e+02
3.267500e+02 3.126000e+02
3.266250e+02 3.138000e+02
3.265000e+02 3.150000e+02
3.263750e+02 3.162000e+02
3.262500e+02 3.174000e+02
3.261250e+02 3.186000e+02
3.260000e+02 3.198000e+02
3.258750e+02 3.211500e+02
3.257500e+02 3.225000e+02
3.256250e+02 3.238500e+02
3.255000e+02 3.252000e+02
3.255000e+02 3.264000e+02
3.255000e+02 3.276000e+02
3.255000e+02 3.288000e+02
3.255000e+02 3.300000e+02
3.253750e+02 3.310500e+02
3.252500e+02 3.321000e+02
3.251250e+02 3.331500e+02
3.250000e+02 3.342000e+02
3.248750e+02 3.352500e+02
3.247500e+02 3.363000e+02
3.246250e+02 3.373500e+02
3.245000e+02 3.384000e+02
3.243750e+02 3.396000e+02
3.242500e+02 3.408000e+02
3.241250e+02 3.420000e+02
3.240000e+02 3.432000e+02
3.240000e+02 3.441000e+02
3.240000e+02 3.450000e+02
3.240000e+02 3.459000e+02
3.240000e+02 3.468000e+02
3.238750e+02 3.478500e+02
3.237500e+02 3.489000e+02
3.236250e+02 3.499500e+02
3.235000e+02 3.510000e+02
3.235000e+02 3.520500e+02
3.235000e+02 3.531000e+02
3.235000e+02 3.541500e+02
3.235000e+02 3.552000e+02
3.235000e+02 3.561000e+02
3.235000e+02 3.570000e+02
3.235000e+02 3.579000e+02
3.235000e+02 3.588000e+02
3.235000e+02 3.597000e+02
3.235000e+02 3.606000e+02
3.235000e+02 3.615000e+02
3.235000e+02 3.624000e+02
3.235000e+02 3.631500e+02
3.235000e+02 3.639000e+02
3.235000e+02 3.646500e+02
3.235000e+02 3.654000e+02
3.235000e+02 3.661500e+02
3.235000e+02 3.669000e+02
3.235000e+02 3.676500e+02
3.235000e+02 3.684000e+02
3.233750e+02 3.691500e+02
3.232500e+02 3.699000e+02
3.231250e+02 3.706500e+02
3.230000e+02 3.714000e+02
3.230000e+02 3.721500e+02
3.230000e+02 3.729000e+02
3.230000e+02 3.744000e+02
3.227500e+02 3.765000e+02
3.225000e+02 3.786000e+02
3.225000e+02 3.792000e+02
3.225000e+02 3.798000e+02
3.225000e+02 3.813000e+02
3.225000e+02 3.828000e+02
3.225000e+02 3.855000e+02
3.225000e+02 3.882000e+02
3.222500e+02 3.900000e+02
3.220000e+02 3.918000e+02
3.220000e+02 3.933000e+02
3.220000e+02 3.948000e+02
3.220000e+02 3.963000e+02
3.220000e+02 3.978000e+02
3.217500e+02 4.005000e+02
3.215000e+02 4.032000e+02
3.215000e+02 4.044000e+02
3.215000e+02 4.056000e+02
3.215000e+02 4.056000e+02
3.215000e+02 4.056000e+02
