1.055000e+02 3.156000e+02
1.055000e+02 3.156000e+02
1.055000e+02 3.156000e+02
1.055000e+02 3.156000e+02
1.055000e+02 3.156000e+02
1.052500e+02 3.157500e+02
1.050000e+02 3.159000e+02
1.047500e+02 3.160500e+02
1.045000e+02 3.162000e+02
1.045000e+02 3.162000e+02
1.045000e+02 3.162000e+02
1.045000e+02 3.162000e+02
1.045000e+02 3.162000e+02
1.043750e+02 3.163500e+02
1.042500e+02 3.165000e+02
1.041250e+02 3.166500e+02
1.040000e+02 3.168000e+02
1.040000e+02 3.169500e+02
1.040000e+02 3.171000e+02
1.040000e+02 3.172500e+02
1.040000e+02 3.174000e+02
1.040000e+02 3.174000e+02
1.040000e+02 3.174000e+02
1.040000e+02 3.174000e+02
1.045000e+02 3.180000e+02
1.050000e+02 3.186000e+02
1.062500e+02 3.189000e+02
1.075000e+02 3.192000e+02
1.092500e+02 3.198000e+02
1.110000e+02 3.204000e+02
1.130000e+02 3.207000e+02
1.150000e+02 3.210000e+02
1.175000e+02 3.210000e+02
1.200000e+02 3.210000e+02
1.222500e+02 3.210000e+02
1.245000e+02 3.210000e+02
1.272500e+02 3.210000e+02
1.300000e+02 3.210000e+02
1.325000e+02 3.210000e+02
1.350000e+02 3.210000e+02
1.382500e+02 3.207000e+02
1.415000e+02 3.204000e+02
1.445000e+02 3.207000e+02
1.475000e+02 3.210000e+02
1.525000e+02 3.210000e+02
1.575000e+02 3.210000e+02
1.590000e+02 3.213000e+02
1.605000e+02 3.216000e+02
1.640000e+02 3.219000e+02
1.675000e+02 3.222000e+02
1.705000e+02 3.225000e+02
1.735000e+02 3.228000e+02
1.770000e+02 3.228000e+02
1.805000e+02 3.228000e+02
1.832500e+02 3.231000e+02
1.860000e+02 3.234000e+02
1.892500e+02 3.237000e+02
1.925000e+02 3.240000e+02
1.955000e+02 3.243000e+02
1.985000e+02 3.246000e+02
2.032500e+02 3.249000e+02
2.080000e+02 3.252000e+02
2.110000e+02 3.255000e+02
2.140000e+02 3.258000e+02
2.182500e+02 3.264000e+02
2.225000e+02 3.270000e+02
2.242500e+02 3.270000e+02
2.260000e+02 3.270000e+02
2.287500e+02 3.273000e+02
2.315000e+02 3.276000e+02
2.355000e+02 3.282000e+02
2.395000e+02 3.288000e+02
2.422500e+02 3.288000e+02
2.450000e+02 3.288000e+02
2.472500e+02 3.291000e+02
2.495000e+02 3.294000e+02
2.522500e+02 3.294000e+02
2.550000e+02 3.294000e+02
2.575000e+02 3.294000e+02
2.600000e+02 3.294000e+02
2.627500e+02 3.297000e+02
2.655000e+02 3.300000e+02
2.680000e+02 3.300000e+02
2.705000e+02 3.300000e+02
2.740000e+02 3.300000e+02
2.775000e+02 3.300000e+02
2.790000e+02 3.300000e+02
2.805000e+02 3.300000e+02
2.827500e+02 3.297000e+02
2.850000e+02 3.294000e+02
2.877500e+02 3.291000e+02
2.905000e+02 3.288000e+02
2.930000e+02 3.285000e+02
2.955000e+02 3.282000e+02
2.977500e+02 3.279000e+02
3.000000e+02 3.276000e+02
3.027500e+02 3.276000e+02
3.055000e+02 3.276000e+02
3.080000e+02 3.273000e+02
3.105000e+02 3.270000e+02
3.132500e+02 3.270000e+02
3.160000e+02 3.270000e+02
3.185000e+02 3.270000e+02
3.210000e+02 3.270000e+02
3.237500e+02 3.270000e+02
3.265000e+02 3.270000e+02
3.292500e+02 3.273000e+02
3.320000e+02 3.276000e+02
3.350000e+02 3.282000e+02
3.380000e+02 3.288000e+02
3.407500e+02 3.294000e+02
3.435000e+02 3.300000e+02
3.460000e+02 3.309000e+02
3.485000e+02 3.318000e+02
3.525000e+02 3.327000e+02
3.565000e+02 3.336000e+02
3.590000e+02 3.345000e+02
3.615000e+02 3.354000e+02
3.637500e+02 3.360000e+02
3.660000e+02 3.366000e+02
3.682500e+02 3.372000e+02
3.705000e+02 3.378000e+02
3.727500e+02 3.381000e+02
3.750000e+02 3.384000e+02
3.775000e+02 3.390000e+02
3.800000e+02 3.396000e+02
3.822500e+02 3.399000e+02
3.845000e+02 3.402000e+02
3.877500e+02 3.405000e+02
3.910000e+02 3.408000e+02
3.922500e+02 3.408000e+02
3.935000e+02 3.408000e+02
3.952500e+02 3.408000e+02
3.970000e+02 3.408000e+02
3.990000e+02 3.405000e+02
4.010000e+02 3.402000e+02
4.032500e+02 3.399000e+02
4.055000e+02 3.396000e+02
4.075000e+02 3.393000e+02
4.095000e+02 3.390000e+02
4.115000e+02 3.387000e+02
4.135000e+02 3.384000e+02
4.165000e+02 3.381000e+02
4.195000e+02 3.378000e+02
4.205000e+02 3.378000e+02
4.215000e+02 3.378000e+02
4.235000e+02 3.372000e+02
4.255000e+02 3.366000e+02
4.275000e+02 3.363000e+02
4.295000e+02 3.360000e+02
4.315000e+02 3.354000e+02
4.335000e+02 3.348000e+02
4.355000e+02 3.345000e+02
4.375000e+02 3.342000e+02
4.397500e+02 3.339000e+02
4.420000e+02 3.336000e+02
4.442500e+02 3.333000e+02
4.465000e+02 3.330000e+02
4.485000e+02 3.327000e+02
4.505000e+02 3.324000e+02
4.527500e+02 3.324000e+02
4.550000e+02 3.324000e+02
4.567500e+02 3.321000e+02
4.585000e+02 3.318000e+02
4.605000e+02 3.318000e+02
4.625000e+02 3.318000e+02
4.645000e+02 3.315000e+02
4.665000e+02 3.312000e+02
4.692500e+02 3.312000e+02
4.720000e+02 3.312000e+02
4.727500e+02 3.309000e+02
4.735000e+02 3.306000e+02
4.752500e+02 3.306000e+02
4.770000e+02 3.306000e+02
4.787500e+02 3.306000e+02
4.805000e+02 3.306000e+02
4.817500e+02 3.306000e+02
4.830000e+02 3.306000e+02
4.845000e+02 3.306000e+02
4.860000e+02 3.306000e+02
4.870000e+02 3.306000e+02
4.880000e+02 3.306000e+02
4.892500e+02 3.306000e+02
4.905000e+02 3.306000e+02
4.915000e+02 3.309000e+02
4.925000e+02 3.312000e+02
4.940000e+02 3.312000e+02
4.955000e+02 3.312000e+02
4.960000e+02 3.312000e+02
4.965000e+02 3.312000e+02
4.977500e+02 3.309000e+02
4.990000e+02 3.306000e+02
4.995000e+02 3.303000e+02
5.000000e+02 3.300000e+02
5.005000e+02 3.294000e+02
5.010000e+02 3.288000e+02
5.012500e+02 3.285000e+02
5.015000e+02 3.282000e+02
5.015000e+02 3.282000e+02
5.015000e+02 3.282000e+02
