2.120000e+02 3.312000e+02
2.120000e+02 3.312000e+02
2.120000e+02 3.312000e+02
2.120000e+02 3.312000e+02
2.120000e+02 3.312000e+02
2.118750e+02 3.309000e+02
2.117500e+02 3.306000e+02
2.116250e+02 3.303000e+02
2.115000e+02 3.300000e+02
2.113750e+02 3.295500e+02
2.112500e+02 3.291000e+02
2.111250e+02 3.286500e+02
2.110000e+02 3.282000e+02
2.108750e+02 3.277500e+02
2.107500e+02 3.273000e+02
2.106250e+02 3.268500e+02
2.105000e+02 3.264000e+02
2.102500e+02 3.255000e+02
2.100000e+02 3.246000e+02
2.097500e+02 3.237000e+02
2.095000e+02 3.228000e+02
2.093750e+02 3.225000e+02
2.092500e+02 3.222000e+02
2.091250e+02 3.219000e+02
2.090000e+02 3.216000e+02
2.088750e+02 3.201000e+02
2.087500e+02 3.186000e+02
2.086250e+02 3.171000e+02
2.085000e+02 3.156000e+02
2.083750e+02 3.148500e+02
2.082500e+02 3.141000e+02
2.081250e+02 3.133500e+02
2.080000e+02 3.126000e+02
2.078750e+02 3.115500e+02
2.077500e+02 3.105000e+02
2.076250e+02 3.094500e+02
2.075000e+02 3.084000e+02
2.075000e+02 3.073500e+02
2.075000e+02 3.063000e+02
2.075000e+02 3.052500e+02
2.075000e+02 3.042000e+02
2.073750e+02 3.028500e+02
2.072500e+02 3.015000e+02
2.071250e+02 3.001500e+02
2.070000e+02 2.988000e+02
2.070000e+02 2.974500e+02
2.070000e+02 2.961000e+02
2.070000e+02 2.947500e+02
2.070000e+02 2.934000e+02
2.070000e+02 2.919000e+02
2.070000e+02 2.904000e+02
2.070000e+02 2.889000e+02
2.070000e+02 2.874000e+02
2.070000e+02 2.859000e+02
2.070000e+02 2.844000e+02
2.070000e+02 2.829000e+02
2.070000e+02 2.814000e+02
2.070000e+02 2.790000e+02
2.070000e+02 2.766000e+02
2.070000e+02 2.742000e+02
2.070000e+02 2.718000e+02
2.070000e+02 2.709000e+02
2.070000e+02 2.700000e+02
2.070000e+02 2.691000e+02
2.070000e+02 2.682000e+02
2.070000e+02 2.665500e+02
2.070000e+02 2.649000e+02
2.070000e+02 2.632500e+02
2.070000e+02 2.616000e+02
2.070000e+02 2.607000e+02
2.070000e+02 2.598000e+02
2.070000e+02 2.589000e+02
2.070000e+02 2.580000e+02
2.071250e+02 2.562000e+02
2.072500e+02 2.544000e+02
2.073750e+02 2.526000e+02
2.075000e+02 2.508000e+02
2.075000e+02 2.490000e+02
2.075000e+02 2.472000e+02
2.075000e+02 2.454000e+02
2.075000e+02 2.436000e+02
2.076250e+02 2.419500e+02
2.077500e+02 2.403000e+02
2.078750e+02 2.386500e+02
2.080000e+02 2.370000e+02
2.081250e+02 2.352000e+02
2.082500e+02 2.334000e+02
2.083750e+02 2.316000e+02
2.085000e+02 2.298000e+02
2.086250e+02 2.280000e+02
2.087500e+02 2.262000e+02
2.088750e+02 2.244000e+02
2.090000e+02 2.226000e+02
2.090000e+02 2.208000e+02
2.090000e+02 2.190000e+02
2.090000e+02 2.172000e+02
2.090000e+02 2.154000e+02
2.091250e+02 2.137500e+02
2.092500e+02 2.121000e+02
2.093750e+02 2.104500e+02
2.095000e+02 2.088000e+02
2.095000e+02 2.061000e+02
2.095000e+02 2.034000e+02
2.095000e+02 2.007000e+02
2.095000e+02 1.980000e+02
2.093750e+02 1.954500e+02
2.092500e+02 1.929000e+02
2.091250e+02 1.903500e+02
2.090000e+02 1.878000e+02
2.090000e+02 1.851000e+02
2.090000e+02 1.824000e+02
2.090000e+02 1.797000e+02
2.090000e+02 1.770000e+02
2.090000e+02 1.753500e+02
2.090000e+02 1.737000e+02
2.090000e+02 1.720500e+02
2.090000e+02 1.704000e+02
2.090000e+02 1.678500e+02
2.090000e+02 1.653000e+02
2.090000e+02 1.627500e+02
2.090000e+02 1.602000e+02
2.088750e+02 1.584000e+02
2.087500e+02 1.566000e+02
2.086250e+02 1.548000e+02
2.085000e+02 1.530000e+02
2.085000e+02 1.506000e+02
2.085000e+02 1.482000e+02
2.085000e+02 1.458000e+02
2.085000e+02 1.434000e+02
2.083750e+02 1.426500e+02
2.082500e+02 1.419000e+02
2.081250e+02 1.411500e+02
2.080000e+02 1.404000e+02
2.080000e+02 1.387500e+02
2.080000e+02 1.371000e+02
2.080000e+02 1.354500e+02
2.080000e+02 1.338000e+02
2.078750e+02 1.321500e+02
2.077500e+02 1.305000e+02
2.076250e+02 1.288500e+02
2.075000e+02 1.272000e+02
2.075000e+02 1.257000e+02
2.075000e+02 1.242000e+02
2.075000e+02 1.227000e+02
2.075000e+02 1.212000e+02
2.073750e+02 1.198500e+02
2.072500e+02 1.185000e+02
2.071250e+02 1.171500e+02
2.070000e+02 1.158000e+02
2.070000e+02 1.146000e+02
2.070000e+02 1.134000e+02
2.070000e+02 1.122000e+02
2.070000e+02 1.110000e+02
2.070000e+02 1.096500e+02
2.070000e+02 1.083000e+02
2.070000e+02 1.069500e+02
2.070000e+02 1.056000e+02
2.068750e+02 1.044000e+02
2.067500e+02 1.032000e+02
2.066250e+02 1.020000e+02
2.065000e+02 1.008000e+02
2.065000e+02 9.915000e+01
2.065000e+02 9.750000e+01
2.065000e+02 9.585000e+01
2.065000e+02 9.420000e+01
2.065000e+02 9.375000e+01
2.065000e+02 9.330000e+01
2.065000e+02 9.285000e+01
2.065000e+02 9.240000e+01
2.065000e+02 9.150000e+01
2.065000e+02 9.060000e+01
2.065000e+02 8.970000e+01
2.065000e+02 8.880000e+01
2.065000e+02 8.805000e+01
2.065000e+02 8.730000e+01
2.065000e+02 8.580000e+01
2.062500e+02 8.430000e+01
2.060000e+02 8.280000e+01
2.060000e+02 8.160000e+01
2.060000e+02 8.040000e+01
2.060000e+02 7.950000e+01
2.060000e+02 7.860000e+01
2.060000e+02 7.740000e+01
2.060000e+02 7.620000e+01
2.060000e+02 7.560000e+01
2.060000e+02 7.500000e+01
2.060000e+02 7.440000e+01
2.060000e+02 7.380000e+01
2.060000e+02 7.320000e+01
2.060000e+02 7.260000e+01
2.060000e+02 7.230000e+01
2.060000e+02 7.200000e+01
2.060000e+02 7.200000e+01
2.060000e+02 7.200000e+01
2.062500e+02 7.230000e+01
2.065000e+02 7.260000e+01
2.065000e+02 7.260000e+01
2.065000e+02 7.260000e+01
2.065000e+02 7.260000e+01
2.065000e+02 7.260000e+01
