2.080000e+02 1.338000e+02
2.080000e+02 1.338000e+02
2.080000e+02 1.338000e+02
2.080000e+02 1.335000e+02
2.080000e+02 1.332000e+02
2.080000e+02 1.332000e+02
2.080000e+02 1.332000e+02
2.080000e+02 1.329000e+02
2.080000e+02 1.326000e+02
2.085000e+02 1.326000e+02
2.090000e+02 1.326000e+02
2.097500e+02 1.320000e+02
2.105000e+02 1.314000e+02
2.125000e+02 1.305000e+02
2.145000e+02 1.296000e+02
2.175000e+02 1.287000e+02
2.205000e+02 1.278000e+02
2.250000e+02 1.269000e+02
2.295000e+02 1.260000e+02
2.342500e+02 1.251000e+02
2.390000e+02 1.242000e+02
2.437500e+02 1.233000e+02
2.485000e+02 1.224000e+02
2.540000e+02 1.215000e+02
2.595000e+02 1.206000e+02
2.687500e+02 1.191000e+02
2.780000e+02 1.176000e+02
2.835000e+02 1.167000e+02
2.890000e+02 1.158000e+02
2.942500e+02 1.152000e+02
2.995000e+02 1.146000e+02
3.045000e+02 1.140000e+02
3.095000e+02 1.134000e+02
3.147500e+02 1.131000e+02
3.200000e+02 1.128000e+02
3.255000e+02 1.122000e+02
3.310000e+02 1.116000e+02
3.362500e+02 1.113000e+02
3.415000e+02 1.110000e+02
3.462500e+02 1.107000e+02
3.510000e+02 1.104000e+02
3.550000e+02 1.101000e+02
3.590000e+02 1.098000e+02
3.637500e+02 1.095000e+02
3.685000e+02 1.092000e+02
3.722500e+02 1.092000e+02
3.760000e+02 1.092000e+02
3.795000e+02 1.089000e+02
3.830000e+02 1.086000e+02
3.860000e+02 1.083000e+02
3.890000e+02 1.080000e+02
3.915000e+02 1.077000e+02
3.940000e+02 1.074000e+02
3.960000e+02 1.074000e+02
3.980000e+02 1.074000e+02
3.997500e+02 1.071000e+02
4.015000e+02 1.068000e+02
4.037500e+02 1.068000e+02
4.060000e+02 1.068000e+02
4.072500e+02 1.068000e+02
4.085000e+02 1.068000e+02
4.092500e+02 1.065000e+02
4.100000e+02 1.062000e+02
4.105000e+02 1.062000e+02
4.110000e+02 1.062000e+02
4.115000e+02 1.062000e+02
4.120000e+02 1.062000e+02
4.125000e+02 1.062000e+02
4.130000e+02 1.062000e+02
4.132500e+02 1.062000e+02
4.135000e+02 1.062000e+02
4.137500e+02 1.062000e+02
4.140000e+02 1.062000e+02
4.142500e+02 1.062000e+02
4.145000e+02 1.062000e+02
4.145000e+02 1.062000e+02
4.145000e+02 1.062000e+02
4.147500e+02 1.065000e+02
4.150000e+02 1.068000e+02
4.150000e+02 1.068000e+02
4.150000e+02 1.068000e+02
4.152500e+02 1.068000e+02
4.155000e+02 1.068000e+02
4.155000e+02 1.068000e+02
4.155000e+02 1.068000e+02
4.155000e+02 1.071000e+02
4.155000e+02 1.074000e+02
4.155000e+02 1.074000e+02
4.155000e+02 1.074000e+02
4.155000e+02 1.074000e+02
4.155000e+02 1.086000e+02
4.155000e+02 1.092000e+02
4.155000e+02 1.104000e+02
4.150000e+02 1.122000e+02
4.150000e+02 1.140000e+02
4.150000e+02 1.164000e+02
4.145000e+02 1.188000e+02
4.145000e+02 1.212000e+02
4.140000e+02 1.248000e+02
4.140000e+02 1.284000e+02
4.135000e+02 1.326000e+02
4.135000e+02 1.368000e+02
4.130000e+02 1.422000e+02
4.125000e+02 1.476000e+02
4.125000e+02 1.572000e+02
4.120000e+02 1.632000e+02
4.115000e+02 1.752000e+02
4.110000e+02 1.854000e+02
4.105000e+02 1.926000e+02
4.105000e+02 1.998000e+02
4.100000e+02 2.076000e+02
4.100000e+02 2.178000e+02
4.095000e+02 2.220000e+02
4.090000e+02 2.322000e+02
4.080000e+02 2.424000e+02
4.075000e+02 2.538000e+02
4.070000e+02 2.604000e+02
4.060000e+02 2.682000e+02
4.055000e+02 2.760000e+02
4.045000e+02 2.838000e+02
4.040000e+02 2.910000e+02
4.030000e+02 2.988000e+02
4.020000e+02 3.054000e+02
4.015000e+02 3.138000e+02
4.010000e+02 3.198000e+02
4.005000e+02 3.276000e+02
4.005000e+02 3.324000e+02
4.005000e+02 3.366000e+02
4.005000e+02 3.408000e+02
4.005000e+02 3.450000e+02
4.005000e+02 3.456000e+02
4.005000e+02 3.468000e+02
4.005000e+02 3.474000e+02
4.005000e+02 3.480000e+02
4.000000e+02 3.480000e+02
4.000000e+02 3.486000e+02
4.000000e+02 3.486000e+02
3.995000e+02 3.486000e+02
3.995000e+02 3.480000e+02
3.985000e+02 3.474000e+02
3.955000e+02 3.450000e+02
3.930000e+02 3.432000e+02
3.875000e+02 3.408000e+02
3.835000e+02 3.390000e+02
3.760000e+02 3.372000e+02
3.710000e+02 3.354000e+02
3.645000e+02 3.342000e+02
3.580000e+02 3.324000e+02
3.505000e+02 3.312000e+02
3.430000e+02 3.300000e+02
3.340000e+02 3.294000e+02
3.240000e+02 3.288000e+02
3.150000e+02 3.288000e+02
3.060000e+02 3.294000e+02
2.965000e+02 3.306000e+02
2.870000e+02 3.318000e+02
2.775000e+02 3.330000e+02
2.685000e+02 3.342000e+02
2.595000e+02 3.354000e+02
2.505000e+02 3.366000e+02
2.430000e+02 3.378000e+02
2.340000e+02 3.390000e+02
2.235000e+02 3.402000e+02
2.155000e+02 3.408000e+02
2.105000e+02 3.414000e+02
2.065000e+02 3.414000e+02
2.035000e+02 3.414000e+02
2.005000e+02 3.414000e+02
1.980000e+02 3.414000e+02
1.960000e+02 3.408000e+02
1.950000e+02 3.402000e+02
1.935000e+02 3.396000e+02
1.925000e+02 3.384000e+02
1.915000e+02 3.360000e+02
1.910000e+02 3.318000e+02
1.910000e+02 3.270000e+02
1.920000e+02 3.174000e+02
1.930000e+02 3.120000e+02
1.940000e+02 3.042000e+02
1.950000e+02 2.982000e+02
1.965000e+02 2.892000e+02
1.980000e+02 2.820000e+02
1.990000e+02 2.718000e+02
2.000000e+02 2.628000e+02
2.010000e+02 2.520000e+02
2.020000e+02 2.358000e+02
2.030000e+02 2.250000e+02
2.035000e+02 2.154000e+02
2.040000e+02 2.070000e+02
2.045000e+02 1.968000e+02
2.055000e+02 1.908000e+02
2.060000e+02 1.836000e+02
2.070000e+02 1.782000e+02
2.080000e+02 1.734000e+02
2.090000e+02 1.686000e+02
2.095000e+02 1.650000e+02
2.105000e+02 1.620000e+02
2.110000e+02 1.602000e+02
2.125000e+02 1.554000e+02
2.125000e+02 1.554000e+02
