2.745000e+02 9.420000e+01
2.745000e+02 9.420000e+01
2.745000e+02 9.420000e+01
2.742500e+02 9.420000e+01
2.740000e+02 9.420000e+01
2.740000e+02 9.450000e+01
2.740000e+02 9.480000e+01
2.740000e+02 9.480000e+01
2.740000e+02 9.480000e+01
2.742500e+02 9.510000e+01
2.745000e+02 9.540000e+01
2.747500e+02 9.570000e+01
2.750000e+02 9.600000e+01
2.757500e+02 9.720000e+01
2.765000e+02 9.840000e+01
2.775000e+02 1.008000e+02
2.785000e+02 1.026000e+02
2.800000e+02 1.056000e+02
2.810000e+02 1.074000e+02
2.835000e+02 1.116000e+02
2.850000e+02 1.140000e+02
2.880000e+02 1.188000e+02
2.915000e+02 1.236000e+02
2.950000e+02 1.296000e+02
2.970000e+02 1.320000e+02
3.010000e+02 1.386000e+02
3.055000e+02 1.446000e+02
3.100000e+02 1.518000e+02
3.140000e+02 1.590000e+02
3.185000e+02 1.662000e+02
3.225000e+02 1.734000e+02
3.245000e+02 1.776000e+02
3.290000e+02 1.860000e+02
3.335000e+02 1.932000e+02
3.355000e+02 1.974000e+02
3.395000e+02 2.040000e+02
3.445000e+02 2.118000e+02
3.470000e+02 2.160000e+02
3.515000e+02 2.232000e+02
3.565000e+02 2.322000e+02
3.590000e+02 2.364000e+02
3.640000e+02 2.448000e+02
3.690000e+02 2.544000e+02
3.715000e+02 2.592000e+02
3.765000e+02 2.688000e+02
3.810000e+02 2.778000e+02
3.835000e+02 2.826000e+02
3.875000e+02 2.910000e+02
3.895000e+02 2.946000e+02
3.935000e+02 3.024000e+02
3.970000e+02 3.096000e+02
3.985000e+02 3.132000e+02
4.015000e+02 3.198000e+02
4.045000e+02 3.264000e+02
4.055000e+02 3.294000e+02
4.080000e+02 3.348000e+02
4.105000e+02 3.408000e+02
4.115000e+02 3.432000e+02
4.135000e+02 3.474000e+02
4.150000e+02 3.522000e+02
4.160000e+02 3.540000e+02
4.170000e+02 3.582000e+02
4.175000e+02 3.600000e+02
4.185000e+02 3.636000e+02
4.190000e+02 3.654000e+02
4.200000e+02 3.684000e+02
4.205000e+02 3.714000e+02
4.205000e+02 3.738000e+02
4.210000e+02 3.762000e+02
4.210000e+02 3.768000e+02
4.210000e+02 3.780000e+02
4.210000e+02 3.792000e+02
4.205000e+02 3.798000e+02
4.205000e+02 3.804000e+02
4.200000e+02 3.816000e+02
4.195000e+02 3.816000e+02
4.185000e+02 3.822000e+02
4.165000e+02 3.828000e+02
4.155000e+02 3.828000e+02
4.130000e+02 3.834000e+02
4.100000e+02 3.846000e+02
4.065000e+02 3.852000e+02
4.025000e+02 3.864000e+02
3.980000e+02 3.876000e+02
3.950000e+02 3.888000e+02
3.925000e+02 3.894000e+02
3.870000e+02 3.912000e+02
3.810000e+02 3.930000e+02
3.780000e+02 3.942000e+02
3.745000e+02 3.948000e+02
3.685000e+02 3.960000e+02
3.615000e+02 3.972000e+02
3.580000e+02 3.978000e+02
3.505000e+02 3.996000e+02
3.435000e+02 4.014000e+02
3.355000e+02 4.026000e+02
3.315000e+02 4.038000e+02
3.235000e+02 4.062000e+02
3.200000e+02 4.074000e+02
3.125000e+02 4.092000e+02
3.050000e+02 4.116000e+02
3.010000e+02 4.122000e+02
2.935000e+02 4.146000e+02
2.900000e+02 4.158000e+02
2.830000e+02 4.188000e+02
2.765000e+02 4.218000e+02
2.740000e+02 4.230000e+02
2.685000e+02 4.254000e+02
2.640000e+02 4.272000e+02
2.620000e+02 4.278000e+02
2.585000e+02 4.284000e+02
2.555000e+02 4.290000e+02
2.545000e+02 4.290000e+02
2.525000e+02 4.290000e+02
2.510000e+02 4.290000e+02
2.505000e+02 4.284000e+02
2.495000e+02 4.278000e+02
2.490000e+02 4.260000e+02
2.490000e+02 4.248000e+02
2.495000e+02 4.212000e+02
2.500000e+02 4.200000e+02
2.510000e+02 4.164000e+02
2.525000e+02 4.128000e+02
2.545000e+02 4.080000e+02
2.555000e+02 4.056000e+02
2.575000e+02 4.008000e+02
2.605000e+02 3.954000e+02
2.620000e+02 3.924000e+02
2.655000e+02 3.858000e+02
2.690000e+02 3.792000e+02
2.710000e+02 3.756000e+02
2.750000e+02 3.684000e+02
2.790000e+02 3.618000e+02
2.815000e+02 3.576000e+02
2.865000e+02 3.504000e+02
2.910000e+02 3.432000e+02
2.940000e+02 3.390000e+02
2.990000e+02 3.318000e+02
3.045000e+02 3.240000e+02
3.100000e+02 3.162000e+02
3.160000e+02 3.084000e+02
3.215000e+02 3.012000e+02
3.275000e+02 2.928000e+02
3.335000e+02 2.850000e+02
3.405000e+02 2.772000e+02
3.470000e+02 2.694000e+02
3.535000e+02 2.610000e+02
3.600000e+02 2.532000e+02
3.635000e+02 2.490000e+02
3.705000e+02 2.412000e+02
3.775000e+02 2.328000e+02
3.845000e+02 2.250000e+02
3.910000e+02 2.166000e+02
3.975000e+02 2.094000e+02
4.015000e+02 2.052000e+02
4.080000e+02 1.974000e+02
4.150000e+02 1.902000e+02
4.220000e+02 1.824000e+02
4.295000e+02 1.740000e+02
4.335000e+02 1.698000e+02
4.405000e+02 1.620000e+02
4.445000e+02 1.578000e+02
4.515000e+02 1.506000e+02
4.585000e+02 1.434000e+02
4.610000e+02 1.398000e+02
4.670000e+02 1.344000e+02
4.715000e+02 1.302000e+02
4.735000e+02 1.284000e+02
4.765000e+02 1.254000e+02
4.795000e+02 1.230000e+02
4.805000e+02 1.224000e+02
4.820000e+02 1.206000e+02
4.825000e+02 1.200000e+02
4.835000e+02 1.194000e+02
4.845000e+02 1.188000e+02
4.845000e+02 1.188000e+02
4.850000e+02 1.182000e+02
4.855000e+02 1.182000e+02
4.855000e+02 1.176000e+02
4.860000e+02 1.176000e+02
4.860000e+02 1.176000e+02
4.860000e+02 1.176000e+02
4.860000e+02 1.176000e+02
4.860000e+02 1.176000e+02
4.860000e+02 1.170000e+02
4.860000e+02 1.170000e+02
4.860000e+02 1.170000e+02
4.865000e+02 1.170000e+02
4.865000e+02 1.170000e+02
4.865000e+02 1.170000e+02
4.865000e+02 1.170000e+02
4.865000e+02 1.170000e+02
4.870000e+02 1.170000e+02
4.870000e+02 1.170000e+02
4.870000e+02 1.170000e+02
4.870000e+02 1.164000e+02
4.865000e+02 1.152000e+02
4.855000e+02 1.128000e+02
4.845000e+02 1.116000e+02
4.845000e+02 1.116000e+02
