4.235000e+02 3.114000e+02
4.235000e+02 3.114000e+02
4.235000e+02 3.114000e+02
4.235000e+02 3.114000e+02
4.235000e+02 3.114000e+02
4.231250e+02 3.115500e+02
4.227500e+02 3.117000e+02
4.223750e+02 3.118500e+02
4.220000e+02 3.120000e+02
4.217500e+02 3.120000e+02
4.215000e+02 3.120000e+02
4.212500e+02 3.120000e+02
4.210000e+02 3.120000e+02
4.202500e+02 3.120000e+02
4.195000e+02 3.120000e+02
4.187500e+02 3.120000e+02
4.180000e+02 3.120000e+02
4.172500e+02 3.120000e+02
4.165000e+02 3.120000e+02
4.157500e+02 3.120000e+02
4.150000e+02 3.120000e+02
4.141250e+02 3.121500e+02
4.132500e+02 3.123000e+02
4.123750e+02 3.124500e+02
4.115000e+02 3.126000e+02
4.105000e+02 3.126000e+02
4.095000e+02 3.126000e+02
4.085000e+02 3.126000e+02
4.075000e+02 3.126000e+02
4.066250e+02 3.126000e+02
4.057500e+02 3.126000e+02
4.048750e+02 3.126000e+02
4.040000e+02 3.126000e+02
4.027500e+02 3.127500e+02
4.015000e+02 3.129000e+02
4.002500e+02 3.130500e+02
3.990000e+02 3.132000e+02
3.978750e+02 3.132000e+02
3.967500e+02 3.132000e+02
3.956250e+02 3.132000e+02
3.945000e+02 3.132000e+02
3.932500e+02 3.132000e+02
3.920000e+02 3.132000e+02
3.907500e+02 3.132000e+02
3.895000e+02 3.132000e+02
3.881250e+02 3.133500e+02
3.867500e+02 3.135000e+02
3.853750e+02 3.136500e+02
3.840000e+02 3.138000e+02
3.820000e+02 3.139500e+02
3.800000e+02 3.141000e+02
3.780000e+02 3.142500e+02
3.760000e+02 3.144000e+02
3.747500e+02 3.147000e+02
3.735000e+02 3.150000e+02
3.722500e+02 3.153000e+02
3.710000e+02 3.156000e+02
3.686250e+02 3.159000e+02
3.662500e+02 3.162000e+02
3.638750e+02 3.165000e+02
3.615000e+02 3.168000e+02
3.601250e+02 3.169500e+02
3.587500e+02 3.171000e+02
3.573750e+02 3.172500e+02
3.560000e+02 3.174000e+02
3.542500e+02 3.175500e+02
3.525000e+02 3.177000e+02
3.507500e+02 3.178500e+02
3.490000e+02 3.180000e+02
3.476250e+02 3.183000e+02
3.462500e+02 3.186000e+02
3.448750e+02 3.189000e+02
3.435000e+02 3.192000e+02
3.417500e+02 3.192000e+02
3.400000e+02 3.192000e+02
3.382500e+02 3.192000e+02
3.365000e+02 3.192000e+02
3.348750e+02 3.195000e+02
3.332500e+02 3.198000e+02
3.316250e+02 3.201000e+02
3.300000e+02 3.204000e+02
3.282500e+02 3.205500e+02
3.265000e+02 3.207000e+02
3.247500e+02 3.208500e+02
3.230000e+02 3.210000e+02
3.213750e+02 3.211500e+02
3.197500e+02 3.213000e+02
3.181250e+02 3.214500e+02
3.165000e+02 3.216000e+02
3.147500e+02 3.217500e+02
3.130000e+02 3.219000e+02
3.112500e+02 3.220500e+02
3.095000e+02 3.222000e+02
3.077500e+02 3.223500e+02
3.060000e+02 3.225000e+02
3.042500e+02 3.226500e+02
3.025000e+02 3.228000e+02
3.007500e+02 3.229500e+02
2.990000e+02 3.231000e+02
2.972500e+02 3.232500e+02
2.955000e+02 3.234000e+02
2.936250e+02 3.235500e+02
2.917500e+02 3.237000e+02
2.898750e+02 3.238500e+02
2.880000e+02 3.240000e+02
2.863750e+02 3.241500e+02
2.847500e+02 3.243000e+02
2.831250e+02 3.244500e+02
2.815000e+02 3.246000e+02
2.788750e+02 3.249000e+02
2.762500e+02 3.252000e+02
2.736250e+02 3.255000e+02
2.710000e+02 3.258000e+02
2.693750e+02 3.259500e+02
2.677500e+02 3.261000e+02
2.661250e+02 3.262500e+02
2.645000e+02 3.264000e+02
2.630000e+02 3.264000e+02
2.615000e+02 3.264000e+02
2.600000e+02 3.264000e+02
2.585000e+02 3.264000e+02
2.578750e+02 3.265500e+02
2.572500e+02 3.267000e+02
2.566250e+02 3.268500e+02
2.560000e+02 3.270000e+02
2.545000e+02 3.270000e+02
2.530000e+02 3.270000e+02
2.515000e+02 3.270000e+02
2.500000e+02 3.270000e+02
2.487500e+02 3.270000e+02
2.475000e+02 3.270000e+02
2.462500e+02 3.270000e+02
2.450000e+02 3.270000e+02
2.438750e+02 3.271500e+02
2.427500e+02 3.273000e+02
2.416250e+02 3.274500e+02
2.405000e+02 3.276000e+02
2.392500e+02 3.276000e+02
2.380000e+02 3.276000e+02
2.355000e+02 3.276000e+02
2.335000e+02 3.276000e+02
2.315000e+02 3.276000e+02
2.292500e+02 3.276000e+02
2.270000e+02 3.276000e+02
2.250000e+02 3.276000e+02
2.230000e+02 3.276000e+02
2.210000e+02 3.279000e+02
2.190000e+02 3.282000e+02
2.172500e+02 3.282000e+02
2.155000e+02 3.282000e+02
2.137500e+02 3.282000e+02
2.120000e+02 3.282000e+02
2.102500e+02 3.282000e+02
2.085000e+02 3.282000e+02
2.070000e+02 3.282000e+02
2.055000e+02 3.282000e+02
2.032500e+02 3.285000e+02
2.010000e+02 3.288000e+02
1.995000e+02 3.291000e+02
1.980000e+02 3.294000e+02
1.960000e+02 3.297000e+02
1.940000e+02 3.300000e+02
1.930000e+02 3.300000e+02
1.920000e+02 3.300000e+02
1.910000e+02 3.303000e+02
1.900000e+02 3.306000e+02
1.890000e+02 3.309000e+02
1.880000e+02 3.312000e+02
1.870000e+02 3.312000e+02
1.860000e+02 3.312000e+02
1.852500e+02 3.312000e+02
1.845000e+02 3.312000e+02
1.840000e+02 3.312000e+02
1.835000e+02 3.312000e+02
1.827500e+02 3.315000e+02
1.820000e+02 3.318000e+02
1.815000e+02 3.318000e+02
1.810000e+02 3.318000e+02
1.805000e+02 3.318000e+02
1.800000e+02 3.318000e+02
1.797500e+02 3.318000e+02
1.795000e+02 3.318000e+02
1.792500e+02 3.318000e+02
1.790000e+02 3.318000e+02
1.790000e+02 3.318000e+02
1.790000e+02 3.318000e+02
1.790000e+02 3.318000e+02
1.790000e+02 3.318000e+02
1.790000e+02 3.318000e+02
1.790000e+02 3.318000e+02
1.790000e+02 3.315000e+02
1.790000e+02 3.312000e+02
1.795000e+02 3.309000e+02
1.800000e+02 3.306000e+02
1.810000e+02 3.303000e+02
1.820000e+02 3.300000e+02
1.825000e+02 3.297000e+02
1.830000e+02 3.294000e+02
1.830000e+02 3.294000e+02
1.830000e+02 3.294000e+02
