2.100000e+02 9.660000e+01
2.100000e+02 9.660000e+01
2.100000e+02 9.660000e+01
2.100000e+02 9.660000e+01
2.100000e+02 9.660000e+01
2.100000e+02 9.660000e+01
2.100000e+02 9.660000e+01
2.100000e+02 9.660000e+01
2.100000e+02 9.660000e+01
2.102500e+02 9.690000e+01
2.105000e+02 9.720000e+01
2.110000e+02 9.810000e+01
2.115000e+02 9.900000e+01
2.125000e+02 1.005000e+02
2.135000e+02 1.020000e+02
2.157500e+02 1.053000e+02
2.180000e+02 1.086000e+02
2.197500e+02 1.113000e+02
2.215000e+02 1.140000e+02
2.232500e+02 1.170000e+02
2.250000e+02 1.200000e+02
2.270000e+02 1.236000e+02
2.290000e+02 1.272000e+02
2.315000e+02 1.308000e+02
2.340000e+02 1.344000e+02
2.365000e+02 1.386000e+02
2.390000e+02 1.428000e+02
2.417500e+02 1.470000e+02
2.445000e+02 1.512000e+02
2.470000e+02 1.560000e+02
2.495000e+02 1.608000e+02
2.540000e+02 1.686000e+02
2.585000e+02 1.764000e+02
2.597500e+02 1.788000e+02
2.610000e+02 1.812000e+02
2.642500e+02 1.872000e+02
2.675000e+02 1.932000e+02
2.705000e+02 1.983000e+02
2.735000e+02 2.034000e+02
2.762500e+02 2.088000e+02
2.790000e+02 2.142000e+02
2.822500e+02 2.196000e+02
2.855000e+02 2.250000e+02
2.885000e+02 2.307000e+02
2.915000e+02 2.364000e+02
2.962500e+02 2.451000e+02
3.010000e+02 2.538000e+02
3.027500e+02 2.562000e+02
3.045000e+02 2.586000e+02
3.075000e+02 2.640000e+02
3.105000e+02 2.694000e+02
3.135000e+02 2.745000e+02
3.165000e+02 2.796000e+02
3.192500e+02 2.844000e+02
3.220000e+02 2.892000e+02
3.250000e+02 2.946000e+02
3.280000e+02 3.000000e+02
3.307500e+02 3.045000e+02
3.335000e+02 3.090000e+02
3.357500e+02 3.135000e+02
3.380000e+02 3.180000e+02
3.405000e+02 3.225000e+02
3.430000e+02 3.270000e+02
3.450000e+02 3.306000e+02
3.470000e+02 3.342000e+02
3.492500e+02 3.381000e+02
3.515000e+02 3.420000e+02
3.545000e+02 3.471000e+02
3.575000e+02 3.522000e+02
3.592500e+02 3.552000e+02
3.610000e+02 3.582000e+02
3.635000e+02 3.621000e+02
3.660000e+02 3.660000e+02
3.675000e+02 3.690000e+02
3.690000e+02 3.720000e+02
3.697500e+02 3.729000e+02
3.705000e+02 3.738000e+02
3.717500e+02 3.756000e+02
3.730000e+02 3.774000e+02
3.740000e+02 3.792000e+02
3.750000e+02 3.810000e+02
3.757500e+02 3.822000e+02
3.765000e+02 3.834000e+02
3.775000e+02 3.846000e+02
3.785000e+02 3.858000e+02
3.792500e+02 3.867000e+02
3.800000e+02 3.876000e+02
3.805000e+02 3.885000e+02
3.810000e+02 3.894000e+02
3.812500e+02 3.897000e+02
3.815000e+02 3.900000e+02
3.820000e+02 3.906000e+02
3.825000e+02 3.912000e+02
3.825000e+02 3.915000e+02
3.825000e+02 3.918000e+02
3.830000e+02 3.924000e+02
3.835000e+02 3.924000e+02
3.835000e+02 3.924000e+02
3.835000e+02 3.930000e+02
3.830000e+02 3.930000e+02
3.830000e+02 3.930000e+02
3.825000e+02 3.930000e+02
3.815000e+02 3.924000e+02
3.810000e+02 3.924000e+02
3.795000e+02 3.918000e+02
3.785000e+02 3.912000e+02
3.780000e+02 3.906000e+02
3.760000e+02 3.900000e+02
3.745000e+02 3.888000e+02
3.730000e+02 3.882000e+02
3.710000e+02 3.876000e+02
3.690000e+02 3.870000e+02
3.670000e+02 3.864000e+02
3.640000e+02 3.852000e+02
3.610000e+02 3.846000e+02
3.575000e+02 3.840000e+02
3.540000e+02 3.828000e+02
3.490000e+02 3.822000e+02
3.440000e+02 3.816000e+02
3.355000e+02 3.804000e+02
3.295000e+02 3.798000e+02
3.220000e+02 3.786000e+02
3.135000e+02 3.780000e+02
3.095000e+02 3.774000e+02
3.015000e+02 3.768000e+02
2.930000e+02 3.762000e+02
2.835000e+02 3.756000e+02
2.730000e+02 3.756000e+02
2.630000e+02 3.762000e+02
2.530000e+02 3.768000e+02
2.385000e+02 3.774000e+02
2.340000e+02 3.774000e+02
2.195000e+02 3.786000e+02
2.070000e+02 3.798000e+02
1.985000e+02 3.804000e+02
1.915000e+02 3.816000e+02
1.835000e+02 3.822000e+02
1.770000e+02 3.828000e+02
1.690000e+02 3.834000e+02
1.665000e+02 3.834000e+02
1.640000e+02 3.840000e+02
1.580000e+02 3.846000e+02
1.550000e+02 3.852000e+02
1.525000e+02 3.852000e+02
1.510000e+02 3.852000e+02
1.495000e+02 3.858000e+02
1.485000e+02 3.858000e+02
1.480000e+02 3.858000e+02
1.480000e+02 3.858000e+02
1.475000e+02 3.858000e+02
1.475000e+02 3.852000e+02
1.480000e+02 3.852000e+02
1.485000e+02 3.852000e+02
1.495000e+02 3.840000e+02
1.520000e+02 3.822000e+02
1.565000e+02 3.786000e+02
1.620000e+02 3.738000e+02
1.680000e+02 3.684000e+02
1.750000e+02 3.624000e+02
1.825000e+02 3.564000e+02
1.905000e+02 3.486000e+02
2.000000e+02 3.408000e+02
2.140000e+02 3.288000e+02
2.235000e+02 3.210000e+02
2.380000e+02 3.072000e+02
2.495000e+02 2.964000e+02
2.590000e+02 2.874000e+02
2.680000e+02 2.784000e+02
2.765000e+02 2.700000e+02
2.850000e+02 2.628000e+02
2.960000e+02 2.526000e+02
3.045000e+02 2.454000e+02
3.145000e+02 2.370000e+02
3.235000e+02 2.298000e+02
3.290000e+02 2.250000e+02
3.395000e+02 2.172000e+02
3.500000e+02 2.088000e+02
3.595000e+02 2.010000e+02
3.695000e+02 1.920000e+02
3.795000e+02 1.842000e+02
3.905000e+02 1.752000e+02
3.995000e+02 1.680000e+02
4.090000e+02 1.602000e+02
4.185000e+02 1.524000e+02
4.270000e+02 1.458000e+02
4.350000e+02 1.392000e+02
4.425000e+02 1.332000e+02
4.480000e+02 1.284000e+02
4.535000e+02 1.242000e+02
4.555000e+02 1.224000e+02
4.610000e+02 1.176000e+02
4.625000e+02 1.164000e+02
4.655000e+02 1.128000e+02
4.665000e+02 1.122000e+02
4.670000e+02 1.116000e+02
4.670000e+02 1.116000e+02
4.675000e+02 1.110000e+02
4.675000e+02 1.116000e+02
4.675000e+02 1.122000e+02
4.675000e+02 1.122000e+02
