1.480000e+02 3.300000e+02
1.480000e+02 3.300000e+02
1.480000e+02 3.300000e+02
1.480000e+02 3.300000e+02
1.480000e+02 3.300000e+02
1.480000e+02 3.300000e+02
1.480000e+02 3.300000e+02
1.480000e+02 3.300000e+02
1.480000e+02 3.300000e+02
1.480000e+02 3.300000e+02
1.480000e+02 3.300000e+02
1.480000e+02 3.300000e+02
1.480000e+02 3.300000e+02
1.480000e+02 3.300000e+02
1.480000e+02 3.300000e+02
1.480000e+02 3.300000e+02
1.480000e+02 3.300000e+02
1.482500e+02 3.297000e+02
1.485000e+02 3.294000e+02
1.485000e+02 3.294000e+02
1.485000e+02 3.294000e+02
1.487500e+02 3.291000e+02
1.490000e+02 3.288000e+02
1.492500e+02 3.288000e+02
1.495000e+02 3.288000e+02
1.495000e+02 3.285000e+02
1.495000e+02 3.282000e+02
1.497500e+02 3.279000e+02
1.500000e+02 3.276000e+02
1.505000e+02 3.273000e+02
1.510000e+02 3.270000e+02
1.510000e+02 3.267000e+02
1.510000e+02 3.264000e+02
1.515000e+02 3.261000e+02
1.520000e+02 3.258000e+02
1.522500e+02 3.255000e+02
1.525000e+02 3.252000e+02
1.527500e+02 3.249000e+02
1.530000e+02 3.246000e+02
1.535000e+02 3.240000e+02
1.540000e+02 3.234000e+02
1.545000e+02 3.228000e+02
1.550000e+02 3.222000e+02
1.552500e+02 3.216000e+02
1.555000e+02 3.210000e+02
1.560000e+02 3.204000e+02
1.565000e+02 3.198000e+02
1.567500e+02 3.192000e+02
1.570000e+02 3.186000e+02
1.575000e+02 3.180000e+02
1.580000e+02 3.174000e+02
1.585000e+02 3.162000e+02
1.590000e+02 3.150000e+02
1.595000e+02 3.138000e+02
1.605000e+02 3.120000e+02
1.610000e+02 3.096000e+02
1.620000e+02 3.078000e+02
1.625000e+02 3.072000e+02
1.635000e+02 3.048000e+02
1.640000e+02 3.024000e+02
1.650000e+02 3.000000e+02
1.665000e+02 2.964000e+02
1.680000e+02 2.922000e+02
1.690000e+02 2.892000e+02
1.715000e+02 2.844000e+02
1.730000e+02 2.814000e+02
1.740000e+02 2.784000e+02
1.760000e+02 2.742000e+02
1.775000e+02 2.706000e+02
1.790000e+02 2.670000e+02
1.810000e+02 2.628000e+02
1.830000e+02 2.586000e+02
1.850000e+02 2.544000e+02
1.870000e+02 2.502000e+02
1.890000e+02 2.454000e+02
1.915000e+02 2.406000e+02
1.945000e+02 2.352000e+02
1.985000e+02 2.268000e+02
2.010000e+02 2.214000e+02
2.040000e+02 2.160000e+02
2.070000e+02 2.106000e+02
2.095000e+02 2.046000e+02
2.125000e+02 1.998000e+02
2.150000e+02 1.938000e+02
2.190000e+02 1.860000e+02
2.215000e+02 1.800000e+02
2.255000e+02 1.722000e+02
2.290000e+02 1.638000e+02
2.315000e+02 1.584000e+02
2.340000e+02 1.530000e+02
2.360000e+02 1.482000e+02
2.380000e+02 1.440000e+02
2.395000e+02 1.398000e+02
2.415000e+02 1.350000e+02
2.435000e+02 1.314000e+02
2.450000e+02 1.272000e+02
2.465000e+02 1.236000e+02
2.485000e+02 1.188000e+02
2.495000e+02 1.158000e+02
2.505000e+02 1.134000e+02
2.515000e+02 1.116000e+02
2.520000e+02 1.098000e+02
2.525000e+02 1.080000e+02
2.530000e+02 1.068000e+02
2.535000e+02 1.056000e+02
2.540000e+02 1.044000e+02
2.540000e+02 1.038000e+02
2.545000e+02 1.026000e+02
2.550000e+02 1.020000e+02
2.550000e+02 1.020000e+02
2.555000e+02 1.014000e+02
2.555000e+02 1.014000e+02
2.560000e+02 1.008000e+02
2.560000e+02 1.008000e+02
2.560000e+02 1.008000e+02
2.565000e+02 1.008000e+02
2.570000e+02 1.008000e+02
2.570000e+02 1.014000e+02
2.575000e+02 1.020000e+02
2.585000e+02 1.032000e+02
2.595000e+02 1.044000e+02
2.610000e+02 1.068000e+02
2.625000e+02 1.086000e+02
2.640000e+02 1.110000e+02
2.660000e+02 1.140000e+02
2.675000e+02 1.176000e+02
2.705000e+02 1.224000e+02
2.715000e+02 1.242000e+02
2.735000e+02 1.278000e+02
2.755000e+02 1.314000e+02
2.770000e+02 1.344000e+02
2.790000e+02 1.380000e+02
2.815000e+02 1.422000e+02
2.840000e+02 1.464000e+02
2.860000e+02 1.500000e+02
2.880000e+02 1.536000e+02
2.905000e+02 1.578000e+02
2.945000e+02 1.638000e+02
2.970000e+02 1.674000e+02
2.995000e+02 1.716000e+02
3.020000e+02 1.752000e+02
3.045000e+02 1.794000e+02
3.070000e+02 1.830000e+02
3.110000e+02 1.896000e+02
3.120000e+02 1.914000e+02
3.160000e+02 1.974000e+02
3.185000e+02 2.016000e+02
3.210000e+02 2.058000e+02
3.235000e+02 2.100000e+02
3.265000e+02 2.142000e+02
3.290000e+02 2.184000e+02
3.315000e+02 2.226000e+02
3.340000e+02 2.274000e+02
3.370000e+02 2.310000e+02
3.395000e+02 2.352000e+02
3.420000e+02 2.394000e+02
3.445000e+02 2.430000e+02
3.470000e+02 2.478000e+02
3.495000e+02 2.514000e+02
3.515000e+02 2.556000e+02
3.540000e+02 2.592000e+02
3.565000e+02 2.628000e+02
3.590000e+02 2.670000e+02
3.610000e+02 2.700000e+02
3.635000e+02 2.748000e+02
3.655000e+02 2.778000e+02
3.675000e+02 2.808000e+02
3.695000e+02 2.838000e+02
3.715000e+02 2.868000e+02
3.730000e+02 2.892000e+02
3.745000e+02 2.916000e+02
3.760000e+02 2.946000e+02
3.775000e+02 2.976000e+02
3.790000e+02 3.000000e+02
3.810000e+02 3.024000e+02
3.825000e+02 3.048000e+02
3.840000e+02 3.066000e+02
3.850000e+02 3.090000e+02
3.860000e+02 3.108000e+02
3.875000e+02 3.132000e+02
3.885000e+02 3.156000e+02
3.890000e+02 3.162000e+02
3.905000e+02 3.180000e+02
3.915000e+02 3.198000e+02
3.920000e+02 3.210000e+02
3.925000e+02 3.216000e+02
3.930000e+02 3.228000e+02
3.935000e+02 3.234000e+02
3.940000e+02 3.240000e+02
3.945000e+02 3.246000e+02
3.945000e+02 3.246000e+02
3.950000e+02 3.252000e+02
3.950000e+02 3.258000e+02
3.955000e+02 3.258000e+02
3.955000e+02 3.258000e+02
3.955000e+02 3.258000e+02
3.955000e+02 3.258000e+02
3.960000e+02 3.258000e+02
3.960000e+02 3.258000e+02
3.960000e+02 3.258000e+02
1.480000e+02 3.300000e+02
1.480000e+02 3.300000e+02
1.480000e+02 3.300000e+02
1.480000e+02 3.300000e+02
1.480000e+02 3.300000e+02
1.480000e+02 3.300000e+02
1.480000e+02 3.300000e+02
1.480000e+02 3.300000e+02
1.480000e+02 3.300000e+02
1.480000e+02 3.300000e+02
1.480000e+02 3.300000e+02
1.480000e+02 3.300000e+02
1.480000e+02 3.300000e+02
1.480000e+02 3.300000e+02
1.480000e+02 3.300000e+02
1.480000e+02 3.300000e+02
1.480000e+02 3.300000e+02
1.482500e+02 3.297000e+02
1.485000e+02 3.294000e+02
1.485000e+02 3.294000e+02
1.485000e+02 3.294000e+02
1.487500e+02 3.291000e+02
1.490000e+02 3.288000e+02
1.492500e+02 3.288000e+02
1.495000e+02 3.288000e+02
1.495000e+02 3.285000e+02
1.495000e+02 3.282000e+02
1.497500e+02 3.279000e+02
1.500000e+02 3.276000e+02
1.505000e+02 3.273000e+02
1.510000e+02 3.270000e+02
1.510000e+02 3.267000e+02
1.510000e+02 3.264000e+02
1.515000e+02 3.261000e+02
1.520000e+02 3.258000e+02
1.522500e+02 3.255000e+02
1.525000e+02 3.252000e+02
1.527500e+02 3.249000e+02
1.530000e+02 3.246000e+02
1.535000e+02 3.240000e+02
1.540000e+02 3.234000e+02
1.545000e+02 3.228000e+02
1.550000e+02 3.222000e+02
1.552500e+02 3.216000e+02
1.555000e+02 3.210000e+02
1.560000e+02 3.204000e+02
1.565000e+02 3.198000e+02
1.567500e+02 3.192000e+02
1.570000e+02 3.186000e+02
1.575000e+02 3.180000e+02
1.580000e+02 3.174000e+02
1.585000e+02 3.162000e+02
1.590000e+02 3.150000e+02
1.595000e+02 3.138000e+02
1.605000e+02 3.120000e+02
1.610000e+02 3.096000e+02
1.620000e+02 3.078000e+02
1.625000e+02 3.072000e+02
1.635000e+02 3.048000e+02
1.640000e+02 3.024000e+02
1.650000e+02 3.000000e+02
1.665000e+02 2.964000e+02
1.680000e+02 2.922000e+02
1.690000e+02 2.892000e+02
1.715000e+02 2.844000e+02
1.730000e+02 2.814000e+02
1.740000e+02 2.784000e+02
1.760000e+02 2.742000e+02
1.775000e+02 2.706000e+02
1.790000e+02 2.670000e+02
1.810000e+02 2.628000e+02
1.830000e+02 2.586000e+02
1.850000e+02 2.544000e+02
1.870000e+02 2.502000e+02
1.890000e+02 2.454000e+02
1.915000e+02 2.406000e+02
1.945000e+02 2.352000e+02
1.985000e+02 2.268000e+02
2.010000e+02 2.214000e+02
2.040000e+02 2.160000e+02
2.070000e+02 2.106000e+02
2.095000e+02 2.046000e+02
2.125000e+02 1.998000e+02
2.150000e+02 1.938000e+02
2.190000e+02 1.860000e+02
2.215000e+02 1.800000e+02
2.255000e+02 1.722000e+02
2.290000e+02 1.638000e+02
2.315000e+02 1.584000e+02
2.340000e+02 1.530000e+02
2.360000e+02 1.482000e+02
2.380000e+02 1.440000e+02
2.395000e+02 1.398000e+02
2.415000e+02 1.350000e+02
2.435000e+02 1.314000e+02
2.450000e+02 1.272000e+02
2.465000e+02 1.236000e+02
2.485000e+02 1.188000e+02
2.495000e+02 1.158000e+02
2.505000e+02 1.134000e+02
2.515000e+02 1.116000e+02
2.520000e+02 1.098000e+02
2.525000e+02 1.080000e+02
2.530000e+02 1.068000e+02
2.535000e+02 1.056000e+02
2.540000e+02 1.044000e+02
2.540000e+02 1.038000e+02
2.545000e+02 1.026000e+02
2.550000e+02 1.020000e+02
2.550000e+02 1.020000e+02
2.555000e+02 1.014000e+02
2.555000e+02 1.014000e+02
2.560000e+02 1.008000e+02
2.560000e+02 1.008000e+02
2.560000e+02 1.008000e+02
2.565000e+02 1.008000e+02
2.570000e+02 1.008000e+02
2.570000e+02 1.014000e+02
2.575000e+02 1.020000e+02
2.585000e+02 1.032000e+02
2.595000e+02 1.044000e+02
2.610000e+02 1.068000e+02
2.625000e+02 1.086000e+02
2.640000e+02 1.110000e+02
2.660000e+02 1.140000e+02
2.675000e+02 1.176000e+02
2.705000e+02 1.224000e+02
2.715000e+02 1.242000e+02
2.735000e+02 1.278000e+02
2.755000e+02 1.314000e+02
2.770000e+02 1.344000e+02
2.790000e+02 1.380000e+02
2.815000e+02 1.422000e+02
2.840000e+02 1.464000e+02
2.860000e+02 1.500000e+02
2.880000e+02 1.536000e+02
2.905000e+02 1.578000e+02
2.945000e+02 1.638000e+02
2.970000e+02 1.674000e+02
2.995000e+02 1.716000e+02
3.020000e+02 1.752000e+02
3.045000e+02 1.794000e+02
3.070000e+02 1.830000e+02
3.110000e+02 1.896000e+02
3.120000e+02 1.914000e+02
3.160000e+02 1.974000e+02
3.185000e+02 2.016000e+02
3.210000e+02 2.058000e+02
3.235000e+02 2.100000e+02
3.265000e+02 2.142000e+02
3.290000e+02 2.184000e+02
3.315000e+02 2.226000e+02
3.340000e+02 2.274000e+02
3.370000e+02 2.310000e+02
3.395000e+02 2.352000e+02
3.420000e+02 2.394000e+02
3.445000e+02 2.430000e+02
3.470000e+02 2.478000e+02
3.495000e+02 2.514000e+02
3.515000e+02 2.556000e+02
3.540000e+02 2.592000e+02
3.565000e+02 2.628000e+02
3.590000e+02 2.670000e+02
3.610000e+02 2.700000e+02
3.635000e+02 2.748000e+02
3.655000e+02 2.778000e+02
3.675000e+02 2.808000e+02
3.695000e+02 2.838000e+02
3.715000e+02 2.868000e+02
3.730000e+02 2.892000e+02
3.745000e+02 2.916000e+02
3.760000e+02 2.946000e+02
3.775000e+02 2.976000e+02
3.790000e+02 3.000000e+02
3.810000e+02 3.024000e+02
3.825000e+02 3.048000e+02
3.840000e+02 3.066000e+02
3.850000e+02 3.090000e+02
3.860000e+02 3.108000e+02
3.875000e+02 3.132000e+02
3.885000e+02 3.156000e+02
3.890000e+02 3.162000e+02
3.905000e+02 3.180000e+02
3.915000e+02 3.198000e+02
3.920000e+02 3.210000e+02
3.925000e+02 3.216000e+02
3.930000e+02 3.228000e+02
3.935000e+02 3.234000e+02
3.940000e+02 3.240000e+02
3.945000e+02 3.246000e+02
3.945000e+02 3.246000e+02
3.950000e+02 3.252000e+02
3.950000e+02 3.258000e+02
3.955000e+02 3.258000e+02
3.955000e+02 3.258000e+02
3.955000e+02 3.258000e+02
3.955000e+02 3.258000e+02
3.960000e+02 3.258000e+02
3.960000e+02 3.258000e+02
3.960000e+02 3.258000e+02
1.480000e+02 3.300000e+02
1.480000e+02 3.300000e+02
1.480000e+02 3.300000e+02
1.480000e+02 3.300000e+02
1.480000e+02 3.300000e+02
1.480000e+02 3.300000e+02
1.480000e+02 3.300000e+02
1.480000e+02 3.300000e+02
1.480000e+02 3.300000e+02
1.480000e+02 3.300000e+02
1.480000e+02 3.300000e+02
1.480000e+02 3.300000e+02
1.480000e+02 3.300000e+02
1.480000e+02 3.300000e+02
1.480000e+02 3.300000e+02
1.480000e+02 3.300000e+02
1.480000e+02 3.300000e+02
1.482500e+02 3.297000e+02
1.485000e+02 3.294000e+02
1.485000e+02 3.294000e+02
1.485000e+02 3.294000e+02
1.487500e+02 3.291000e+02
1.490000e+02 3.288000e+02
1.492500e+02 3.288000e+02
1.495000e+02 3.288000e+02
1.495000e+02 3.285000e+02
1.495000e+02 3.282000e+02
1.497500e+02 3.279000e+02
1.500000e+02 3.276000e+02
1.505000e+02 3.273000e+02
1.510000e+02 3.270000e+02
1.510000e+02 3.267000e+02
1.510000e+02 3.264000e+02
1.515000e+02 3.261000e+02
1.520000e+02 3.258000e+02
1.522500e+02 3.255000e+02
1.525000e+02 3.252000e+02
1.527500e+02 3.249000e+02
1.530000e+02 3.246000e+02
1.535000e+02 3.240000e+02
1.540000e+02 3.234000e+02
1.545000e+02 3.228000e+02
1.550000e+02 3.222000e+02
1.552500e+02 3.216000e+02
1.555000e+02 3.210000e+02
1.560000e+02 3.204000e+02
1.565000e+02 3.198000e+02
1.567500e+02 3.192000e+02
1.570000e+02 3.186000e+02
1.575000e+02 3.180000e+02
1.580000e+02 3.174000e+02
1.585000e+02 3.162000e+02
1.590000e+02 3.150000e+02
1.595000e+02 3.138000e+02
1.605000e+02 3.120000e+02
1.610000e+02 3.096000e+02
1.620000e+02 3.078000e+02
1.625000e+02 3.072000e+02
1.635000e+02 3.048000e+02
1.640000e+02 3.024000e+02
1.650000e+02 3.000000e+02
1.665000e+02 2.964000e+02
1.680000e+02 2.922000e+02
1.690000e+02 2.892000e+02
1.715000e+02 2.844000e+02
1.730000e+02 2.814000e+02
1.740000e+02 2.784000e+02
1.760000e+02 2.742000e+02
1.775000e+02 2.706000e+02
1.790000e+02 2.670000e+02
1.810000e+02 2.628000e+02
1.830000e+02 2.586000e+02
1.850000e+02 2.544000e+02
1.870000e+02 2.502000e+02
1.890000e+02 2.454000e+02
1.915000e+02 2.406000e+02
1.945000e+02 2.352000e+02
1.985000e+02 2.268000e+02
2.010000e+02 2.214000e+02
2.040000e+02 2.160000e+02
2.070000e+02 2.106000e+02
2.095000e+02 2.046000e+02
2.125000e+02 1.998000e+02
2.150000e+02 1.938000e+02
2.190000e+02 1.860000e+02
2.215000e+02 1.800000e+02
2.255000e+02 1.722000e+02
2.290000e+02 1.638000e+02
2.315000e+02 1.584000e+02
2.340000e+02 1.530000e+02
2.360000e+02 1.482000e+02
2.380000e+02 1.440000e+02
2.395000e+02 1.398000e+02
2.415000e+02 1.350000e+02
2.435000e+02 1.314000e+02
2.450000e+02 1.272000e+02
2.465000e+02 1.236000e+02
2.485000e+02 1.188000e+02
2.495000e+02 1.158000e+02
2.505000e+02 1.134000e+02
2.515000e+02 1.116000e+02
2.520000e+02 1.098000e+02
2.525000e+02 1.080000e+02
2.530000e+02 1.068000e+02
2.535000e+02 1.056000e+02
2.540000e+02 1.044000e+02
2.540000e+02 1.038000e+02
2.545000e+02 1.026000e+02
2.550000e+02 1.020000e+02
2.550000e+02 1.020000e+02
2.555000e+02 1.014000e+02
2.555000e+02 1.014000e+02
2.560000e+02 1.008000e+02
2.560000e+02 1.008000e+02
2.560000e+02 1.008000e+02
2.565000e+02 1.008000e+02
2.570000e+02 1.008000e+02
2.570000e+02 1.014000e+02
2.575000e+02 1.020000e+02
2.585000e+02 1.032000e+02
2.595000e+02 1.044000e+02
2.610000e+02 1.068000e+02
2.625000e+02 1.086000e+02
2.640000e+02 1.110000e+02
2.660000e+02 1.140000e+02
2.675000e+02 1.176000e+02
2.705000e+02 1.224000e+02
2.715000e+02 1.242000e+02
2.735000e+02 1.278000e+02
2.755000e+02 1.314000e+02
2.770000e+02 1.344000e+02
2.790000e+02 1.380000e+02
2.815000e+02 1.422000e+02
2.840000e+02 1.464000e+02
2.860000e+02 1.500000e+02
2.880000e+02 1.536000e+02
2.905000e+02 1.578000e+02
2.945000e+02 1.638000e+02
2.970000e+02 1.674000e+02
2.995000e+02 1.716000e+02
3.020000e+02 1.752000e+02
3.045000e+02 1.794000e+02
3.070000e+02 1.830000e+02
3.110000e+02 1.896000e+02
3.120000e+02 1.914000e+02
3.160000e+02 1.974000e+02
3.185000e+02 2.016000e+02
3.210000e+02 2.058000e+02
3.235000e+02 2.100000e+02
3.265000e+02 2.142000e+02
3.290000e+02 2.184000e+02
3.315000e+02 2.226000e+02
3.340000e+02 2.274000e+02
3.370000e+02 2.310000e+02
3.395000e+02 2.352000e+02
3.420000e+02 2.394000e+02
3.445000e+02 2.430000e+02
3.470000e+02 2.478000e+02
3.495000e+02 2.514000e+02
3.515000e+02 2.556000e+02
3.540000e+02 2.592000e+02
3.565000e+02 2.628000e+02
3.590000e+02 2.670000e+02
3.610000e+02 2.700000e+02
3.635000e+02 2.748000e+02
3.655000e+02 2.778000e+02
3.675000e+02 2.808000e+02
3.695000e+02 2.838000e+02
3.715000e+02 2.868000e+02
3.730000e+02 2.892000e+02
3.745000e+02 2.916000e+02
3.760000e+02 2.946000e+02
3.775000e+02 2.976000e+02
3.790000e+02 3.000000e+02
3.810000e+02 3.024000e+02
3.825000e+02 3.048000e+02
3.840000e+02 3.066000e+02
3.850000e+02 3.090000e+02
3.860000e+02 3.108000e+02
3.875000e+02 3.132000e+02
3.885000e+02 3.156000e+02
3.890000e+02 3.162000e+02
3.905000e+02 3.180000e+02
3.915000e+02 3.198000e+02
3.920000e+02 3.210000e+02
3.925000e+02 3.216000e+02
3.930000e+02 3.228000e+02
3.935000e+02 3.234000e+02
3.940000e+02 3.240000e+02
3.945000e+02 3.246000e+02
3.945000e+02 3.246000e+02
3.950000e+02 3.252000e+02
3.950000e+02 3.258000e+02
3.955000e+02 3.258000e+02
3.955000e+02 3.258000e+02
3.955000e+02 3.258000e+02
3.955000e+02 3.258000e+02
3.960000e+02 3.258000e+02
3.960000e+02 3.258000e+02
3.960000e+02 3.258000e+02
1.480000e+02 3.300000e+02
1.480000e+02 3.300000e+02
1.480000e+02 3.300000e+02
1.480000e+02 3.300000e+02
1.480000e+02 3.300000e+02
1.480000e+02 3.300000e+02
1.480000e+02 3.300000e+02
1.480000e+02 3.300000e+02
1.480000e+02 3.300000e+02
1.480000e+02 3.300000e+02
1.480000e+02 3.300000e+02
1.480000e+02 3.300000e+02
1.480000e+02 3.300000e+02
1.480000e+02 3.300000e+02
1.480000e+02 3.300000e+02
1.480000e+02 3.300000e+02
1.480000e+02 3.300000e+02
1.482500e+02 3.297000e+02
1.485000e+02 3.294000e+02
1.485000e+02 3.294000e+02
1.485000e+02 3.294000e+02
1.487500e+02 3.291000e+02
1.490000e+02 3.288000e+02
1.492500e+02 3.288000e+02
1.495000e+02 3.288000e+02
1.495000e+02 3.285000e+02
1.495000e+02 3.282000e+02
1.497500e+02 3.279000e+02
1.500000e+02 3.276000e+02
1.505000e+02 3.273000e+02
1.510000e+02 3.270000e+02
1.510000e+02 3.267000e+02
1.510000e+02 3.264000e+02
1.515000e+02 3.261000e+02
1.520000e+02 3.258000e+02
1.522500e+02 3.255000e+02
1.525000e+02 3.252000e+02
1.527500e+02 3.249000e+02
1.530000e+02 3.246000e+02
1.535000e+02 3.240000e+02
1.540000e+02 3.234000e+02
1.545000e+02 3.228000e+02
1.550000e+02 3.222000e+02
1.552500e+02 3.216000e+02
1.555000e+02 3.210000e+02
1.560000e+02 3.204000e+02
1.565000e+02 3.198000e+02
1.567500e+02 3.192000e+02
1.570000e+02 3.186000e+02
1.575000e+02 3.180000e+02
1.580000e+02 3.174000e+02
1.585000e+02 3.162000e+02
1.590000e+02 3.150000e+02
1.595000e+02 3.138000e+02
1.605000e+02 3.120000e+02
1.610000e+02 3.096000e+02
1.620000e+02 3.078000e+02
1.625000e+02 3.072000e+02
1.635000e+02 3.048000e+02
1.640000e+02 3.024000e+02
1.650000e+02 3.000000e+02
1.665000e+02 2.964000e+02
1.680000e+02 2.922000e+02
1.690000e+02 2.892000e+02
1.715000e+02 2.844000e+02
1.730000e+02 2.814000e+02
1.740000e+02 2.784000e+02
1.760000e+02 2.742000e+02
1.775000e+02 2.706000e+02
1.790000e+02 2.670000e+02
1.810000e+02 2.628000e+02
1.830000e+02 2.586000e+02
1.850000e+02 2.544000e+02
1.870000e+02 2.502000e+02
1.890000e+02 2.454000e+02
1.915000e+02 2.406000e+02
1.945000e+02 2.352000e+02
1.985000e+02 2.268000e+02
2.010000e+02 2.214000e+02
2.040000e+02 2.160000e+02
2.070000e+02 2.106000e+02
2.095000e+02 2.046000e+02
2.125000e+02 1.998000e+02
2.150000e+02 1.938000e+02
2.190000e+02 1.860000e+02
2.215000e+02 1.800000e+02
2.255000e+02 1.722000e+02
2.290000e+02 1.638000e+02
2.315000e+02 1.584000e+02
2.340000e+02 1.530000e+02
2.360000e+02 1.482000e+02
2.380000e+02 1.440000e+02
2.395000e+02 1.398000e+02
2.415000e+02 1.350000e+02
2.435000e+02 1.314000e+02
2.450000e+02 1.272000e+02
2.465000e+02 1.236000e+02
2.485000e+02 1.188000e+02
2.495000e+02 1.158000e+02
2.505000e+02 1.134000e+02
2.515000e+02 1.116000e+02
2.520000e+02 1.098000e+02
2.525000e+02 1.080000e+02
2.530000e+02 1.068000e+02
2.535000e+02 1.056000e+02
2.540000e+02 1.044000e+02
2.540000e+02 1.038000e+02
2.545000e+02 1.026000e+02
2.550000e+02 1.020000e+02
2.550000e+02 1.020000e+02
2.555000e+02 1.014000e+02
2.555000e+02 1.014000e+02
2.560000e+02 1.008000e+02
2.560000e+02 1.008000e+02
2.560000e+02 1.008000e+02
2.565000e+02 1.008000e+02
2.570000e+02 1.008000e+02
2.570000e+02 1.014000e+02
2.575000e+02 1.020000e+02
2.585000e+02 1.032000e+02
2.595000e+02 1.044000e+02
2.610000e+02 1.068000e+02
2.625000e+02 1.086000e+02
2.640000e+02 1.110000e+02
2.660000e+02 1.140000e+02
2.675000e+02 1.176000e+02
2.705000e+02 1.224000e+02
2.715000e+02 1.242000e+02
2.735000e+02 1.278000e+02
2.755000e+02 1.314000e+02
2.770000e+02 1.344000e+02
2.790000e+02 1.380000e+02
2.815000e+02 1.422000e+02
2.840000e+02 1.464000e+02
2.860000e+02 1.500000e+02
2.880000e+02 1.536000e+02
2.905000e+02 1.578000e+02
2.945000e+02 1.638000e+02
2.970000e+02 1.674000e+02
2.995000e+02 1.716000e+02
3.020000e+02 1.752000e+02
3.045000e+02 1.794000e+02
3.070000e+02 1.830000e+02
3.110000e+02 1.896000e+02
3.120000e+02 1.914000e+02
3.160000e+02 1.974000e+02
3.185000e+02 2.016000e+02
3.210000e+02 2.058000e+02
3.235000e+02 2.100000e+02
3.265000e+02 2.142000e+02
3.290000e+02 2.184000e+02
3.315000e+02 2.226000e+02
3.340000e+02 2.274000e+02
3.370000e+02 2.310000e+02
3.395000e+02 2.352000e+02
3.420000e+02 2.394000e+02
3.445000e+02 2.430000e+02
3.470000e+02 2.478000e+02
3.495000e+02 2.514000e+02
3.515000e+02 2.556000e+02
3.540000e+02 2.592000e+02
3.565000e+02 2.628000e+02
3.590000e+02 2.670000e+02
3.610000e+02 2.700000e+02
3.635000e+02 2.748000e+02
3.655000e+02 2.778000e+02
3.675000e+02 2.808000e+02
3.695000e+02 2.838000e+02
3.715000e+02 2.868000e+02
3.730000e+02 2.892000e+02
3.745000e+02 2.916000e+02
3.760000e+02 2.946000e+02
3.775000e+02 2.976000e+02
3.790000e+02 3.000000e+02
3.810000e+02 3.024000e+02
3.825000e+02 3.048000e+02
3.840000e+02 3.066000e+02
3.850000e+02 3.090000e+02
3.860000e+02 3.108000e+02
3.875000e+02 3.132000e+02
3.885000e+02 3.156000e+02
3.890000e+02 3.162000e+02
3.905000e+02 3.180000e+02
3.915000e+02 3.198000e+02
3.920000e+02 3.210000e+02
3.925000e+02 3.216000e+02
3.930000e+02 3.228000e+02
3.935000e+02 3.234000e+02
3.940000e+02 3.240000e+02
3.945000e+02 3.246000e+02
3.945000e+02 3.246000e+02
3.950000e+02 3.252000e+02
3.950000e+02 3.258000e+02
3.955000e+02 3.258000e+02
3.955000e+02 3.258000e+02
3.955000e+02 3.258000e+02
3.955000e+02 3.258000e+02
3.960000e+02 3.258000e+02
3.960000e+02 3.258000e+02
3.960000e+02 3.258000e+02
