3.495000e+02 4.500000e+01
3.495000e+02 4.500000e+01
3.495000e+02 4.500000e+01
3.495000e+02 4.500000e+01
3.495000e+02 4.500000e+01
3.493750e+02 4.515000e+01
3.492500e+02 4.530000e+01
3.491250e+02 4.545000e+01
3.490000e+02 4.560000e+01
3.490000e+02 4.590000e+01
3.490000e+02 4.620000e+01
3.490000e+02 4.650000e+01
3.490000e+02 4.680000e+01
3.488750e+02 4.740000e+01
3.487500e+02 4.800000e+01
3.486250e+02 4.860000e+01
3.485000e+02 4.920000e+01
3.481250e+02 5.040000e+01
3.477500e+02 5.160000e+01
3.473750e+02 5.280000e+01
3.470000e+02 5.400000e+01
3.467500e+02 5.535000e+01
3.465000e+02 5.670000e+01
3.462500e+02 5.805000e+01
3.460000e+02 5.940000e+01
3.456250e+02 6.090000e+01
3.452500e+02 6.240000e+01
3.448750e+02 6.390000e+01
3.445000e+02 6.540000e+01
3.442500e+02 6.690000e+01
3.440000e+02 6.840000e+01
3.437500e+02 6.990000e+01
3.435000e+02 7.140000e+01
3.432500e+02 7.305000e+01
3.430000e+02 7.470000e+01
3.427500e+02 7.635000e+01
3.425000e+02 7.800000e+01
3.422500e+02 7.965000e+01
3.420000e+02 8.130000e+01
3.417500e+02 8.295000e+01
3.415000e+02 8.460000e+01
3.412500e+02 8.730000e+01
3.410000e+02 9.000000e+01
3.407500e+02 9.270000e+01
3.405000e+02 9.540000e+01
3.402500e+02 9.705000e+01
3.400000e+02 9.870000e+01
3.397500e+02 1.003500e+02
3.395000e+02 1.020000e+02
3.393750e+02 1.038000e+02
3.392500e+02 1.056000e+02
3.391250e+02 1.074000e+02
3.390000e+02 1.092000e+02
3.387500e+02 1.108500e+02
3.385000e+02 1.125000e+02
3.382500e+02 1.141500e+02
3.380000e+02 1.158000e+02
3.377500e+02 1.174500e+02
3.375000e+02 1.191000e+02
3.372500e+02 1.207500e+02
3.370000e+02 1.224000e+02
3.368750e+02 1.242000e+02
3.367500e+02 1.260000e+02
3.366250e+02 1.278000e+02
3.365000e+02 1.296000e+02
3.363750e+02 1.312500e+02
3.362500e+02 1.329000e+02
3.361250e+02 1.345500e+02
3.360000e+02 1.362000e+02
3.357500e+02 1.380000e+02
3.355000e+02 1.398000e+02
3.352500e+02 1.416000e+02
3.350000e+02 1.434000e+02
3.346250e+02 1.462500e+02
3.342500e+02 1.491000e+02
3.338750e+02 1.519500e+02
3.335000e+02 1.548000e+02
3.333750e+02 1.564500e+02
3.332500e+02 1.581000e+02
3.331250e+02 1.597500e+02
3.330000e+02 1.614000e+02
3.328750e+02 1.630500e+02
3.327500e+02 1.647000e+02
3.326250e+02 1.663500e+02
3.325000e+02 1.680000e+02
3.322500e+02 1.696500e+02
3.320000e+02 1.713000e+02
3.317500e+02 1.729500e+02
3.315000e+02 1.746000e+02
3.313750e+02 1.761000e+02
3.312500e+02 1.776000e+02
3.311250e+02 1.791000e+02
3.310000e+02 1.806000e+02
3.310000e+02 1.824000e+02
3.310000e+02 1.842000e+02
3.310000e+02 1.860000e+02
3.310000e+02 1.878000e+02
3.308750e+02 1.893000e+02
3.307500e+02 1.908000e+02
3.305000e+02 1.938000e+02
3.302500e+02 1.968000e+02
3.300000e+02 1.998000e+02
3.300000e+02 2.046000e+02
3.300000e+02 2.094000e+02
3.297500e+02 2.109000e+02
3.295000e+02 2.124000e+02
3.295000e+02 2.163000e+02
3.295000e+02 2.202000e+02
3.295000e+02 2.232000e+02
3.295000e+02 2.262000e+02
3.292500e+02 2.313000e+02
3.290000e+02 2.364000e+02
3.290000e+02 2.397000e+02
3.290000e+02 2.430000e+02
3.290000e+02 2.469000e+02
3.290000e+02 2.508000e+02
3.290000e+02 2.541000e+02
3.290000e+02 2.574000e+02
3.290000e+02 2.610000e+02
3.290000e+02 2.646000e+02
3.292500e+02 2.679000e+02
3.295000e+02 2.712000e+02
3.295000e+02 2.745000e+02
3.295000e+02 2.778000e+02
3.295000e+02 2.811000e+02
3.295000e+02 2.844000e+02
3.295000e+02 2.877000e+02
3.295000e+02 2.910000e+02
3.295000e+02 2.943000e+02
3.295000e+02 2.976000e+02
3.295000e+02 3.006000e+02
3.295000e+02 3.036000e+02
3.295000e+02 3.069000e+02
3.295000e+02 3.102000e+02
3.295000e+02 3.132000e+02
3.295000e+02 3.162000e+02
3.295000e+02 3.192000e+02
3.295000e+02 3.222000e+02
3.295000e+02 3.252000e+02
3.295000e+02 3.282000e+02
3.295000e+02 3.324000e+02
3.295000e+02 3.366000e+02
3.297500e+02 3.405000e+02
3.300000e+02 3.444000e+02
3.300000e+02 3.477000e+02
3.300000e+02 3.510000e+02
3.302500e+02 3.534000e+02
3.305000e+02 3.558000e+02
3.307500e+02 3.576000e+02
3.310000e+02 3.594000e+02
3.310000e+02 3.612000e+02
3.310000e+02 3.630000e+02
3.312500e+02 3.648000e+02
3.315000e+02 3.666000e+02
3.317500e+02 3.681000e+02
3.320000e+02 3.696000e+02
3.322500e+02 3.714000e+02
3.325000e+02 3.732000e+02
3.325000e+02 3.744000e+02
3.325000e+02 3.756000e+02
3.327500e+02 3.768000e+02
3.330000e+02 3.780000e+02
3.330000e+02 3.795000e+02
3.330000e+02 3.810000e+02
3.330000e+02 3.822000e+02
3.330000e+02 3.834000e+02
3.330000e+02 3.846000e+02
3.330000e+02 3.858000e+02
3.330000e+02 3.873000e+02
3.330000e+02 3.888000e+02
3.330000e+02 3.906000e+02
3.330000e+02 3.924000e+02
3.330000e+02 3.939000e+02
3.330000e+02 3.954000e+02
3.330000e+02 3.966000e+02
3.330000e+02 3.978000e+02
3.330000e+02 3.993000e+02
3.330000e+02 4.008000e+02
3.330000e+02 4.023000e+02
3.330000e+02 4.038000e+02
3.330000e+02 4.053000e+02
3.330000e+02 4.068000e+02
3.330000e+02 4.080000e+02
3.330000e+02 4.092000e+02
3.330000e+02 4.104000e+02
3.330000e+02 4.116000e+02
3.327500e+02 4.122000e+02
3.325000e+02 4.128000e+02
3.325000e+02 4.137000e+02
3.325000e+02 4.146000e+02
3.325000e+02 4.152000e+02
3.325000e+02 4.158000e+02
3.322500e+02 4.164000e+02
3.320000e+02 4.170000e+02
3.320000e+02 4.173000e+02
3.320000e+02 4.176000e+02
3.320000e+02 4.182000e+02
3.320000e+02 4.188000e+02
3.320000e+02 4.188000e+02
3.320000e+02 4.188000e+02
3.495000e+02 4.500000e+01
3.495000e+02 4.500000e+01
3.495000e+02 4.500000e+01
3.495000e+02 4.500000e+01
3.495000e+02 4.500000e+01
3.493750e+02 4.515000e+01
3.492500e+02 4.530000e+01
3.491250e+02 4.545000e+01
3.490000e+02 4.560000e+01
3.490000e+02 4.590000e+01
3.490000e+02 4.620000e+01
3.490000e+02 4.650000e+01
3.490000e+02 4.680000e+01
3.488750e+02 4.740000e+01
3.487500e+02 4.800000e+01
3.486250e+02 4.860000e+01
3.485000e+02 4.920000e+01
3.481250e+02 5.040000e+01
3.477500e+02 5.160000e+01
3.473750e+02 5.280000e+01
3.470000e+02 5.400000e+01
3.467500e+02 5.535000e+01
3.465000e+02 5.670000e+01
3.462500e+02 5.805000e+01
3.460000e+02 5.940000e+01
3.456250e+02 6.090000e+01
3.452500e+02 6.240000e+01
3.448750e+02 6.390000e+01
3.445000e+02 6.540000e+01
3.442500e+02 6.690000e+01
3.440000e+02 6.840000e+01
3.437500e+02 6.990000e+01
3.435000e+02 7.140000e+01
3.432500e+02 7.305000e+01
3.430000e+02 7.470000e+01
3.427500e+02 7.635000e+01
3.425000e+02 7.800000e+01
3.422500e+02 7.965000e+01
3.420000e+02 8.130000e+01
3.417500e+02 8.295000e+01
3.415000e+02 8.460000e+01
3.412500e+02 8.730000e+01
3.410000e+02 9.000000e+01
3.407500e+02 9.270000e+01
3.405000e+02 9.540000e+01
3.402500e+02 9.705000e+01
3.400000e+02 9.870000e+01
3.397500e+02 1.003500e+02
3.395000e+02 1.020000e+02
3.393750e+02 1.038000e+02
3.392500e+02 1.056000e+02
3.391250e+02 1.074000e+02
3.390000e+02 1.092000e+02
3.387500e+02 1.108500e+02
3.385000e+02 1.125000e+02
3.382500e+02 1.141500e+02
3.380000e+02 1.158000e+02
3.377500e+02 1.174500e+02
3.375000e+02 1.191000e+02
3.372500e+02 1.207500e+02
3.370000e+02 1.224000e+02
3.368750e+02 1.242000e+02
3.367500e+02 1.260000e+02
3.366250e+02 1.278000e+02
3.365000e+02 1.296000e+02
3.363750e+02 1.312500e+02
3.362500e+02 1.329000e+02
3.361250e+02 1.345500e+02
3.360000e+02 1.362000e+02
3.357500e+02 1.380000e+02
3.355000e+02 1.398000e+02
3.352500e+02 1.416000e+02
3.350000e+02 1.434000e+02
3.346250e+02 1.462500e+02
3.342500e+02 1.491000e+02
3.338750e+02 1.519500e+02
3.335000e+02 1.548000e+02
3.333750e+02 1.564500e+02
3.332500e+02 1.581000e+02
3.331250e+02 1.597500e+02
3.330000e+02 1.614000e+02
3.328750e+02 1.630500e+02
3.327500e+02 1.647000e+02
3.326250e+02 1.663500e+02
3.325000e+02 1.680000e+02
3.322500e+02 1.696500e+02
3.320000e+02 1.713000e+02
3.317500e+02 1.729500e+02
3.315000e+02 1.746000e+02
3.313750e+02 1.761000e+02
3.312500e+02 1.776000e+02
3.311250e+02 1.791000e+02
3.310000e+02 1.806000e+02
3.310000e+02 1.824000e+02
3.310000e+02 1.842000e+02
3.310000e+02 1.860000e+02
3.310000e+02 1.878000e+02
3.308750e+02 1.893000e+02
3.307500e+02 1.908000e+02
3.305000e+02 1.938000e+02
3.302500e+02 1.968000e+02
3.300000e+02 1.998000e+02
3.300000e+02 2.046000e+02
3.300000e+02 2.094000e+02
3.297500e+02 2.109000e+02
3.295000e+02 2.124000e+02
3.295000e+02 2.163000e+02
3.295000e+02 2.202000e+02
3.295000e+02 2.232000e+02
3.295000e+02 2.262000e+02
3.292500e+02 2.313000e+02
3.290000e+02 2.364000e+02
3.290000e+02 2.397000e+02
3.290000e+02 2.430000e+02
3.290000e+02 2.469000e+02
3.290000e+02 2.508000e+02
3.290000e+02 2.541000e+02
3.290000e+02 2.574000e+02
3.290000e+02 2.610000e+02
3.290000e+02 2.646000e+02
3.292500e+02 2.679000e+02
3.295000e+02 2.712000e+02
3.295000e+02 2.745000e+02
3.295000e+02 2.778000e+02
3.295000e+02 2.811000e+02
3.295000e+02 2.844000e+02
3.295000e+02 2.877000e+02
3.295000e+02 2.910000e+02
3.295000e+02 2.943000e+02
3.295000e+02 2.976000e+02
3.295000e+02 3.006000e+02
3.295000e+02 3.036000e+02
3.295000e+02 3.069000e+02
3.295000e+02 3.102000e+02
3.295000e+02 3.132000e+02
3.295000e+02 3.162000e+02
3.295000e+02 3.192000e+02
3.295000e+02 3.222000e+02
3.295000e+02 3.252000e+02
3.295000e+02 3.282000e+02
3.295000e+02 3.324000e+02
3.295000e+02 3.366000e+02
3.297500e+02 3.405000e+02
3.300000e+02 3.444000e+02
3.300000e+02 3.477000e+02
3.300000e+02 3.510000e+02
3.302500e+02 3.534000e+02
3.305000e+02 3.558000e+02
3.307500e+02 3.576000e+02
3.310000e+02 3.594000e+02
3.310000e+02 3.612000e+02
3.310000e+02 3.630000e+02
3.312500e+02 3.648000e+02
3.315000e+02 3.666000e+02
3.317500e+02 3.681000e+02
3.320000e+02 3.696000e+02
3.322500e+02 3.714000e+02
3.325000e+02 3.732000e+02
3.325000e+02 3.744000e+02
3.325000e+02 3.756000e+02
3.327500e+02 3.768000e+02
3.330000e+02 3.780000e+02
3.330000e+02 3.795000e+02
3.330000e+02 3.810000e+02
3.330000e+02 3.822000e+02
3.330000e+02 3.834000e+02
3.330000e+02 3.846000e+02
3.330000e+02 3.858000e+02
3.330000e+02 3.873000e+02
3.330000e+02 3.888000e+02
3.330000e+02 3.906000e+02
3.330000e+02 3.924000e+02
3.330000e+02 3.939000e+02
3.330000e+02 3.954000e+02
3.330000e+02 3.966000e+02
3.330000e+02 3.978000e+02
3.330000e+02 3.993000e+02
3.330000e+02 4.008000e+02
3.330000e+02 4.023000e+02
3.330000e+02 4.038000e+02
3.330000e+02 4.053000e+02
3.330000e+02 4.068000e+02
3.330000e+02 4.080000e+02
3.330000e+02 4.092000e+02
3.330000e+02 4.104000e+02
3.330000e+02 4.116000e+02
3.327500e+02 4.122000e+02
3.325000e+02 4.128000e+02
3.325000e+02 4.137000e+02
3.325000e+02 4.146000e+02
3.325000e+02 4.152000e+02
3.325000e+02 4.158000e+02
3.322500e+02 4.164000e+02
3.320000e+02 4.170000e+02
3.320000e+02 4.173000e+02
3.320000e+02 4.176000e+02
3.320000e+02 4.182000e+02
3.320000e+02 4.188000e+02
3.320000e+02 4.188000e+02
3.320000e+02 4.188000e+02
3.495000e+02 4.500000e+01
3.495000e+02 4.500000e+01
3.495000e+02 4.500000e+01
3.495000e+02 4.500000e+01
3.495000e+02 4.500000e+01
3.493750e+02 4.515000e+01
3.492500e+02 4.530000e+01
3.491250e+02 4.545000e+01
3.490000e+02 4.560000e+01
3.490000e+02 4.590000e+01
3.490000e+02 4.620000e+01
3.490000e+02 4.650000e+01
3.490000e+02 4.680000e+01
3.488750e+02 4.740000e+01
3.487500e+02 4.800000e+01
3.486250e+02 4.860000e+01
3.485000e+02 4.920000e+01
3.481250e+02 5.040000e+01
3.477500e+02 5.160000e+01
3.473750e+02 5.280000e+01
3.470000e+02 5.400000e+01
3.467500e+02 5.535000e+01
3.465000e+02 5.670000e+01
3.462500e+02 5.805000e+01
3.460000e+02 5.940000e+01
3.456250e+02 6.090000e+01
3.452500e+02 6.240000e+01
3.448750e+02 6.390000e+01
3.445000e+02 6.540000e+01
3.442500e+02 6.690000e+01
3.440000e+02 6.840000e+01
3.437500e+02 6.990000e+01
3.435000e+02 7.140000e+01
3.432500e+02 7.305000e+01
3.430000e+02 7.470000e+01
3.427500e+02 7.635000e+01
3.425000e+02 7.800000e+01
3.422500e+02 7.965000e+01
3.420000e+02 8.130000e+01
3.417500e+02 8.295000e+01
3.415000e+02 8.460000e+01
3.412500e+02 8.730000e+01
3.410000e+02 9.000000e+01
3.407500e+02 9.270000e+01
3.405000e+02 9.540000e+01
3.402500e+02 9.705000e+01
3.400000e+02 9.870000e+01
3.397500e+02 1.003500e+02
3.395000e+02 1.020000e+02
3.393750e+02 1.038000e+02
3.392500e+02 1.056000e+02
3.391250e+02 1.074000e+02
3.390000e+02 1.092000e+02
3.387500e+02 1.108500e+02
3.385000e+02 1.125000e+02
3.382500e+02 1.141500e+02
3.380000e+02 1.158000e+02
3.377500e+02 1.174500e+02
3.375000e+02 1.191000e+02
3.372500e+02 1.207500e+02
3.370000e+02 1.224000e+02
3.368750e+02 1.242000e+02
3.367500e+02 1.260000e+02
3.366250e+02 1.278000e+02
3.365000e+02 1.296000e+02
3.363750e+02 1.312500e+02
3.362500e+02 1.329000e+02
3.361250e+02 1.345500e+02
3.360000e+02 1.362000e+02
3.357500e+02 1.380000e+02
3.355000e+02 1.398000e+02
3.352500e+02 1.416000e+02
3.350000e+02 1.434000e+02
3.346250e+02 1.462500e+02
3.342500e+02 1.491000e+02
3.338750e+02 1.519500e+02
3.335000e+02 1.548000e+02
3.333750e+02 1.564500e+02
3.332500e+02 1.581000e+02
3.331250e+02 1.597500e+02
3.330000e+02 1.614000e+02
3.328750e+02 1.630500e+02
3.327500e+02 1.647000e+02
3.326250e+02 1.663500e+02
3.325000e+02 1.680000e+02
3.322500e+02 1.696500e+02
3.320000e+02 1.713000e+02
3.317500e+02 1.729500e+02
3.315000e+02 1.746000e+02
3.313750e+02 1.761000e+02
3.312500e+02 1.776000e+02
3.311250e+02 1.791000e+02
3.310000e+02 1.806000e+02
3.310000e+02 1.824000e+02
3.310000e+02 1.842000e+02
3.310000e+02 1.860000e+02
3.310000e+02 1.878000e+02
3.308750e+02 1.893000e+02
3.307500e+02 1.908000e+02
3.305000e+02 1.938000e+02
3.302500e+02 1.968000e+02
3.300000e+02 1.998000e+02
3.300000e+02 2.046000e+02
3.300000e+02 2.094000e+02
3.297500e+02 2.109000e+02
3.295000e+02 2.124000e+02
3.295000e+02 2.163000e+02
3.295000e+02 2.202000e+02
3.295000e+02 2.232000e+02
3.295000e+02 2.262000e+02
3.292500e+02 2.313000e+02
3.290000e+02 2.364000e+02
3.290000e+02 2.397000e+02
3.290000e+02 2.430000e+02
3.290000e+02 2.469000e+02
3.290000e+02 2.508000e+02
3.290000e+02 2.541000e+02
3.290000e+02 2.574000e+02
3.290000e+02 2.610000e+02
3.290000e+02 2.646000e+02
3.292500e+02 2.679000e+02
3.295000e+02 2.712000e+02
3.295000e+02 2.745000e+02
3.295000e+02 2.778000e+02
3.295000e+02 2.811000e+02
3.295000e+02 2.844000e+02
3.295000e+02 2.877000e+02
3.295000e+02 2.910000e+02
3.295000e+02 2.943000e+02
3.295000e+02 2.976000e+02
3.295000e+02 3.006000e+02
3.295000e+02 3.036000e+02
3.295000e+02 3.069000e+02
3.295000e+02 3.102000e+02
3.295000e+02 3.132000e+02
3.295000e+02 3.162000e+02
3.295000e+02 3.192000e+02
3.295000e+02 3.222000e+02
3.295000e+02 3.252000e+02
3.295000e+02 3.282000e+02
3.295000e+02 3.324000e+02
3.295000e+02 3.366000e+02
3.297500e+02 3.405000e+02
3.300000e+02 3.444000e+02
3.300000e+02 3.477000e+02
3.300000e+02 3.510000e+02
3.302500e+02 3.534000e+02
3.305000e+02 3.558000e+02
3.307500e+02 3.576000e+02
3.310000e+02 3.594000e+02
3.310000e+02 3.612000e+02
3.310000e+02 3.630000e+02
3.312500e+02 3.648000e+02
3.315000e+02 3.666000e+02
3.317500e+02 3.681000e+02
3.320000e+02 3.696000e+02
3.322500e+02 3.714000e+02
3.325000e+02 3.732000e+02
3.325000e+02 3.744000e+02
3.325000e+02 3.756000e+02
3.327500e+02 3.768000e+02
3.330000e+02 3.780000e+02
3.330000e+02 3.795000e+02
3.330000e+02 3.810000e+02
3.330000e+02 3.822000e+02
3.330000e+02 3.834000e+02
3.330000e+02 3.846000e+02
3.330000e+02 3.858000e+02
3.330000e+02 3.873000e+02
3.330000e+02 3.888000e+02
3.330000e+02 3.906000e+02
3.330000e+02 3.924000e+02
3.330000e+02 3.939000e+02
3.330000e+02 3.954000e+02
3.330000e+02 3.966000e+02
3.330000e+02 3.978000e+02
3.330000e+02 3.993000e+02
3.330000e+02 4.008000e+02
3.330000e+02 4.023000e+02
3.330000e+02 4.038000e+02
3.330000e+02 4.053000e+02
3.330000e+02 4.068000e+02
3.330000e+02 4.080000e+02
3.330000e+02 4.092000e+02
3.330000e+02 4.104000e+02
3.330000e+02 4.116000e+02
3.327500e+02 4.122000e+02
3.325000e+02 4.128000e+02
3.325000e+02 4.137000e+02
3.325000e+02 4.146000e+02
3.325000e+02 4.152000e+02
3.325000e+02 4.158000e+02
3.322500e+02 4.164000e+02
3.320000e+02 4.170000e+02
3.320000e+02 4.173000e+02
3.320000e+02 4.176000e+02
3.320000e+02 4.182000e+02
3.320000e+02 4.188000e+02
3.320000e+02 4.188000e+02
3.320000e+02 4.188000e+02
