4.810000e+02 1.542000e+02
4.810000e+02 1.542000e+02
4.810000e+02 1.542000e+02
4.810000e+02 1.542000e+02
4.810000e+02 1.542000e+02
4.810000e+02 1.542000e+02
4.810000e+02 1.542000e+02
4.810000e+02 1.542000e+02
4.810000e+02 1.542000e+02
4.810000e+02 1.540500e+02
4.810000e+02 1.539000e+02
4.810000e+02 1.537500e+02
4.810000e+02 1.536000e+02
4.808750e+02 1.536000e+02
4.807500e+02 1.536000e+02
4.806250e+02 1.536000e+02
4.805000e+02 1.536000e+02
4.805000e+02 1.536000e+02
4.805000e+02 1.536000e+02
4.805000e+02 1.536000e+02
4.805000e+02 1.536000e+02
4.805000e+02 1.536000e+02
4.805000e+02 1.536000e+02
4.805000e+02 1.536000e+02
4.805000e+02 1.536000e+02
4.803750e+02 1.539000e+02
4.802500e+02 1.542000e+02
4.801250e+02 1.545000e+02
4.800000e+02 1.548000e+02
4.798750e+02 1.554000e+02
4.797500e+02 1.560000e+02
4.796250e+02 1.566000e+02
4.795000e+02 1.572000e+02
4.793750e+02 1.581000e+02
4.792500e+02 1.590000e+02
4.791250e+02 1.599000e+02
4.790000e+02 1.608000e+02
4.788750e+02 1.620000e+02
4.787500e+02 1.632000e+02
4.786250e+02 1.644000e+02
4.785000e+02 1.656000e+02
4.785000e+02 1.671000e+02
4.785000e+02 1.686000e+02
4.785000e+02 1.701000e+02
4.785000e+02 1.716000e+02
4.785000e+02 1.734000e+02
4.785000e+02 1.752000e+02
4.785000e+02 1.770000e+02
4.785000e+02 1.788000e+02
4.785000e+02 1.807500e+02
4.785000e+02 1.827000e+02
4.785000e+02 1.846500e+02
4.785000e+02 1.866000e+02
4.785000e+02 1.884000e+02
4.785000e+02 1.902000e+02
4.785000e+02 1.920000e+02
4.785000e+02 1.938000e+02
4.785000e+02 1.954500e+02
4.785000e+02 1.971000e+02
4.785000e+02 1.987500e+02
4.785000e+02 2.004000e+02
4.785000e+02 2.032500e+02
4.785000e+02 2.061000e+02
4.785000e+02 2.089500e+02
4.785000e+02 2.118000e+02
4.785000e+02 2.136000e+02
4.785000e+02 2.154000e+02
4.785000e+02 2.172000e+02
4.785000e+02 2.190000e+02
4.783750e+02 2.208000e+02
4.782500e+02 2.226000e+02
4.781250e+02 2.244000e+02
4.780000e+02 2.262000e+02
4.778750e+02 2.278500e+02
4.777500e+02 2.295000e+02
4.776250e+02 2.311500e+02
4.775000e+02 2.328000e+02
4.775000e+02 2.344500e+02
4.775000e+02 2.361000e+02
4.775000e+02 2.377500e+02
4.775000e+02 2.394000e+02
4.772500e+02 2.409000e+02
4.770000e+02 2.424000e+02
4.767500e+02 2.439000e+02
4.765000e+02 2.454000e+02
4.765000e+02 2.469000e+02
4.765000e+02 2.484000e+02
4.765000e+02 2.499000e+02
4.765000e+02 2.514000e+02
4.763750e+02 2.527500e+02
4.762500e+02 2.541000e+02
4.761250e+02 2.554500e+02
4.760000e+02 2.568000e+02
4.758750e+02 2.583000e+02
4.757500e+02 2.598000e+02
4.756250e+02 2.613000e+02
4.755000e+02 2.628000e+02
4.752500e+02 2.643000e+02
4.750000e+02 2.658000e+02
4.747500e+02 2.673000e+02
4.745000e+02 2.688000e+02
4.743750e+02 2.706000e+02
4.742500e+02 2.724000e+02
4.741250e+02 2.742000e+02
4.740000e+02 2.760000e+02
4.738750e+02 2.781000e+02
4.737500e+02 2.802000e+02
4.736250e+02 2.823000e+02
4.735000e+02 2.844000e+02
4.733750e+02 2.859000e+02
4.732500e+02 2.874000e+02
4.731250e+02 2.889000e+02
4.730000e+02 2.904000e+02
4.730000e+02 2.917500e+02
4.730000e+02 2.931000e+02
4.730000e+02 2.944500e+02
4.730000e+02 2.958000e+02
4.728750e+02 2.971500e+02
4.727500e+02 2.985000e+02
4.726250e+02 2.998500e+02
4.725000e+02 3.012000e+02
4.723750e+02 3.025500e+02
4.722500e+02 3.039000e+02
4.721250e+02 3.052500e+02
4.720000e+02 3.066000e+02
4.718750e+02 3.079500e+02
4.717500e+02 3.093000e+02
4.716250e+02 3.106500e+02
4.715000e+02 3.120000e+02
4.713750e+02 3.133500e+02
4.712500e+02 3.147000e+02
4.711250e+02 3.160500e+02
4.710000e+02 3.174000e+02
4.710000e+02 3.186000e+02
4.710000e+02 3.198000e+02
4.710000e+02 3.210000e+02
4.710000e+02 3.222000e+02
4.710000e+02 3.235500e+02
4.710000e+02 3.249000e+02
4.710000e+02 3.262500e+02
4.710000e+02 3.276000e+02
4.708750e+02 3.286500e+02
4.707500e+02 3.297000e+02
4.706250e+02 3.307500e+02
4.705000e+02 3.318000e+02
4.705000e+02 3.328500e+02
4.705000e+02 3.339000e+02
4.705000e+02 3.349500e+02
4.705000e+02 3.360000e+02
4.705000e+02 3.376500e+02
4.705000e+02 3.393000e+02
4.705000e+02 3.409500e+02
4.705000e+02 3.426000e+02
4.705000e+02 3.435000e+02
4.705000e+02 3.444000e+02
4.705000e+02 3.453000e+02
4.705000e+02 3.462000e+02
4.705000e+02 3.465000e+02
4.705000e+02 3.468000e+02
4.705000e+02 3.474000e+02
4.705000e+02 3.492000e+02
4.705000e+02 3.510000e+02
4.705000e+02 3.534000e+02
4.705000e+02 3.558000e+02
4.707500e+02 3.573000e+02
4.710000e+02 3.588000e+02
4.710000e+02 3.600000e+02
4.710000e+02 3.612000e+02
4.710000e+02 3.627000e+02
4.710000e+02 3.642000e+02
4.710000e+02 3.654000e+02
4.710000e+02 3.666000e+02
4.710000e+02 3.675000e+02
4.710000e+02 3.684000e+02
4.710000e+02 3.696000e+02
4.710000e+02 3.708000e+02
4.710000e+02 3.717000e+02
4.710000e+02 3.726000e+02
4.710000e+02 3.738000e+02
4.710000e+02 3.750000e+02
4.710000e+02 3.756000e+02
4.710000e+02 3.762000e+02
4.710000e+02 3.765000e+02
4.710000e+02 3.768000e+02
4.710000e+02 3.771000e+02
4.710000e+02 3.774000e+02
4.712500e+02 3.777000e+02
4.715000e+02 3.780000e+02
4.715000e+02 3.780000e+02
4.715000e+02 3.780000e+02
4.715000e+02 3.783000e+02
4.715000e+02 3.786000e+02
4.715000e+02 3.786000e+02
4.715000e+02 3.786000e+02
4.715000e+02 3.783000e+02
4.715000e+02 3.780000e+02
4.715000e+02 3.780000e+02
4.715000e+02 3.780000e+02
4.715000e+02 3.780000e+02
4.715000e+02 3.780000e+02
