1.495000e+02 3.600000e+02
1.495000e+02 3.600000e+02
1.495000e+02 3.600000e+02
1.495000e+02 3.597000e+02
1.495000e+02 3.594000e+02
1.495000e+02 3.591000e+02
1.495000e+02 3.588000e+02
1.497500e+02 3.582000e+02
1.500000e+02 3.576000e+02
1.502500e+02 3.570000e+02
1.505000e+02 3.564000e+02
1.507500e+02 3.555000e+02
1.510000e+02 3.546000e+02
1.512500e+02 3.537000e+02
1.515000e+02 3.528000e+02
1.520000e+02 3.513000e+02
1.525000e+02 3.498000e+02
1.532500e+02 3.480000e+02
1.540000e+02 3.462000e+02
1.547500e+02 3.444000e+02
1.555000e+02 3.426000e+02
1.565000e+02 3.411000e+02
1.575000e+02 3.396000e+02
1.585000e+02 3.378000e+02
1.595000e+02 3.360000e+02
1.602500e+02 3.342000e+02
1.610000e+02 3.324000e+02
1.620000e+02 3.303000e+02
1.630000e+02 3.282000e+02
1.637500e+02 3.261000e+02
1.645000e+02 3.240000e+02
1.655000e+02 3.216000e+02
1.665000e+02 3.192000e+02
1.675000e+02 3.168000e+02
1.685000e+02 3.144000e+02
1.697500e+02 3.117000e+02
1.710000e+02 3.090000e+02
1.725000e+02 3.051000e+02
1.740000e+02 3.012000e+02
1.757500e+02 2.964000e+02
1.775000e+02 2.916000e+02
1.795000e+02 2.871000e+02
1.815000e+02 2.826000e+02
1.827500e+02 2.796000e+02
1.840000e+02 2.766000e+02
1.857500e+02 2.721000e+02
1.875000e+02 2.676000e+02
1.890000e+02 2.628000e+02
1.905000e+02 2.580000e+02
1.912500e+02 2.553000e+02
1.920000e+02 2.526000e+02
1.930000e+02 2.496000e+02
1.940000e+02 2.466000e+02
1.950000e+02 2.436000e+02
1.960000e+02 2.406000e+02
1.970000e+02 2.379000e+02
1.980000e+02 2.352000e+02
1.990000e+02 2.322000e+02
2.000000e+02 2.292000e+02
2.010000e+02 2.265000e+02
2.020000e+02 2.238000e+02
2.030000e+02 2.211000e+02
2.040000e+02 2.184000e+02
2.052500e+02 2.157000e+02
2.065000e+02 2.130000e+02
2.080000e+02 2.106000e+02
2.095000e+02 2.082000e+02
2.107500e+02 2.055000e+02
2.120000e+02 2.028000e+02
2.132500e+02 2.001000e+02
2.145000e+02 1.974000e+02
2.155000e+02 1.950000e+02
2.165000e+02 1.926000e+02
2.177500e+02 1.902000e+02
2.190000e+02 1.878000e+02
2.200000e+02 1.854000e+02
2.210000e+02 1.830000e+02
2.220000e+02 1.806000e+02
2.230000e+02 1.782000e+02
2.237500e+02 1.761000e+02
2.245000e+02 1.740000e+02
2.252500e+02 1.716000e+02
2.260000e+02 1.692000e+02
2.275000e+02 1.656000e+02
2.290000e+02 1.620000e+02
2.295000e+02 1.605000e+02
2.300000e+02 1.590000e+02
2.320000e+02 1.551000e+02
2.340000e+02 1.512000e+02
2.350000e+02 1.488000e+02
2.360000e+02 1.464000e+02
2.362500e+02 1.455000e+02
2.365000e+02 1.446000e+02
2.377500e+02 1.413000e+02
2.390000e+02 1.380000e+02
2.397500e+02 1.362000e+02
2.405000e+02 1.344000e+02
2.412500e+02 1.326000e+02
2.420000e+02 1.308000e+02
2.430000e+02 1.290000e+02
2.440000e+02 1.272000e+02
2.447500e+02 1.257000e+02
2.455000e+02 1.242000e+02
2.462500e+02 1.221000e+02
2.470000e+02 1.200000e+02
2.480000e+02 1.182000e+02
2.490000e+02 1.164000e+02
2.497500e+02 1.146000e+02
2.505000e+02 1.128000e+02
2.512500e+02 1.113000e+02
2.520000e+02 1.098000e+02
2.527500e+02 1.083000e+02
2.535000e+02 1.068000e+02
2.542500e+02 1.053000e+02
2.550000e+02 1.038000e+02
2.557500e+02 1.023000e+02
2.565000e+02 1.008000e+02
2.570000e+02 9.990000e+01
2.575000e+02 9.900000e+01
2.580000e+02 9.810000e+01
2.585000e+02 9.720000e+01
2.590000e+02 9.660000e+01
2.595000e+02 9.600000e+01
2.600000e+02 9.540000e+01
2.605000e+02 9.480000e+01
2.607500e+02 9.420000e+01
2.610000e+02 9.360000e+01
2.615000e+02 9.330000e+01
2.620000e+02 9.300000e+01
2.625000e+02 9.270000e+01
2.630000e+02 9.240000e+01
2.635000e+02 9.210000e+01
2.640000e+02 9.180000e+01
2.647500e+02 9.180000e+01
2.655000e+02 9.180000e+01
2.665000e+02 9.180000e+01
2.675000e+02 9.180000e+01
2.685000e+02 9.180000e+01
2.695000e+02 9.180000e+01
2.710000e+02 9.210000e+01
2.725000e+02 9.240000e+01
2.745000e+02 9.330000e+01
2.765000e+02 9.420000e+01
2.785000e+02 9.480000e+01
2.835000e+02 9.780000e+01
2.870000e+02 1.002000e+02
2.905000e+02 1.032000e+02
2.945000e+02 1.062000e+02
2.985000e+02 1.098000e+02
3.025000e+02 1.146000e+02
3.065000e+02 1.194000e+02
3.110000e+02 1.242000e+02
3.170000e+02 1.326000e+02
3.190000e+02 1.350000e+02
3.235000e+02 1.410000e+02
3.280000e+02 1.464000e+02
3.345000e+02 1.554000e+02
3.415000e+02 1.650000e+02
3.485000e+02 1.746000e+02
3.530000e+02 1.806000e+02
3.575000e+02 1.860000e+02
3.615000e+02 1.920000e+02
3.660000e+02 1.974000e+02
3.700000e+02 2.034000e+02
3.740000e+02 2.094000e+02
3.785000e+02 2.148000e+02
3.830000e+02 2.202000e+02
3.875000e+02 2.250000e+02
3.920000e+02 2.304000e+02
3.980000e+02 2.382000e+02
4.015000e+02 2.430000e+02
4.055000e+02 2.478000e+02
4.095000e+02 2.532000e+02
4.135000e+02 2.580000e+02
4.170000e+02 2.634000e+02
4.205000e+02 2.682000e+02
4.235000e+02 2.724000e+02
4.270000e+02 2.778000e+02
4.300000e+02 2.826000e+02
4.330000e+02 2.868000e+02
4.355000e+02 2.910000e+02
4.375000e+02 2.958000e+02
4.395000e+02 3.000000e+02
4.410000e+02 3.042000e+02
4.445000e+02 3.096000e+02
4.470000e+02 3.150000e+02
4.485000e+02 3.174000e+02
4.510000e+02 3.210000e+02
4.525000e+02 3.228000e+02
4.540000e+02 3.246000e+02
4.555000e+02 3.258000e+02
4.565000e+02 3.270000e+02
4.575000e+02 3.282000e+02
4.585000e+02 3.294000e+02
4.595000e+02 3.300000e+02
4.605000e+02 3.312000e+02
4.610000e+02 3.318000e+02
4.620000e+02 3.330000e+02
4.630000e+02 3.336000e+02
4.630000e+02 3.336000e+02
1.495000e+02 3.600000e+02
1.495000e+02 3.600000e+02
1.495000e+02 3.600000e+02
1.495000e+02 3.597000e+02
1.495000e+02 3.594000e+02
1.495000e+02 3.591000e+02
1.495000e+02 3.588000e+02
1.497500e+02 3.582000e+02
1.500000e+02 3.576000e+02
1.502500e+02 3.570000e+02
1.505000e+02 3.564000e+02
1.507500e+02 3.555000e+02
1.510000e+02 3.546000e+02
1.512500e+02 3.537000e+02
1.515000e+02 3.528000e+02
1.520000e+02 3.513000e+02
1.525000e+02 3.498000e+02
1.532500e+02 3.480000e+02
1.540000e+02 3.462000e+02
1.547500e+02 3.444000e+02
1.555000e+02 3.426000e+02
1.565000e+02 3.411000e+02
1.575000e+02 3.396000e+02
1.585000e+02 3.378000e+02
1.595000e+02 3.360000e+02
1.602500e+02 3.342000e+02
1.610000e+02 3.324000e+02
1.620000e+02 3.303000e+02
1.630000e+02 3.282000e+02
1.637500e+02 3.261000e+02
1.645000e+02 3.240000e+02
1.655000e+02 3.216000e+02
1.665000e+02 3.192000e+02
1.675000e+02 3.168000e+02
1.685000e+02 3.144000e+02
1.697500e+02 3.117000e+02
1.710000e+02 3.090000e+02
1.725000e+02 3.051000e+02
1.740000e+02 3.012000e+02
1.757500e+02 2.964000e+02
1.775000e+02 2.916000e+02
1.795000e+02 2.871000e+02
1.815000e+02 2.826000e+02
1.827500e+02 2.796000e+02
1.840000e+02 2.766000e+02
1.857500e+02 2.721000e+02
1.875000e+02 2.676000e+02
1.890000e+02 2.628000e+02
1.905000e+02 2.580000e+02
1.912500e+02 2.553000e+02
1.920000e+02 2.526000e+02
1.930000e+02 2.496000e+02
1.940000e+02 2.466000e+02
1.950000e+02 2.436000e+02
1.960000e+02 2.406000e+02
1.970000e+02 2.379000e+02
1.980000e+02 2.352000e+02
1.990000e+02 2.322000e+02
2.000000e+02 2.292000e+02
2.010000e+02 2.265000e+02
2.020000e+02 2.238000e+02
2.030000e+02 2.211000e+02
2.040000e+02 2.184000e+02
2.052500e+02 2.157000e+02
2.065000e+02 2.130000e+02
2.080000e+02 2.106000e+02
2.095000e+02 2.082000e+02
2.107500e+02 2.055000e+02
2.120000e+02 2.028000e+02
2.132500e+02 2.001000e+02
2.145000e+02 1.974000e+02
2.155000e+02 1.950000e+02
2.165000e+02 1.926000e+02
2.177500e+02 1.902000e+02
2.190000e+02 1.878000e+02
2.200000e+02 1.854000e+02
2.210000e+02 1.830000e+02
2.220000e+02 1.806000e+02
2.230000e+02 1.782000e+02
2.237500e+02 1.761000e+02
2.245000e+02 1.740000e+02
2.252500e+02 1.716000e+02
2.260000e+02 1.692000e+02
2.275000e+02 1.656000e+02
2.290000e+02 1.620000e+02
2.295000e+02 1.605000e+02
2.300000e+02 1.590000e+02
2.320000e+02 1.551000e+02
2.340000e+02 1.512000e+02
2.350000e+02 1.488000e+02
2.360000e+02 1.464000e+02
2.362500e+02 1.455000e+02
2.365000e+02 1.446000e+02
2.377500e+02 1.413000e+02
2.390000e+02 1.380000e+02
2.397500e+02 1.362000e+02
2.405000e+02 1.344000e+02
2.412500e+02 1.326000e+02
2.420000e+02 1.308000e+02
2.430000e+02 1.290000e+02
2.440000e+02 1.272000e+02
2.447500e+02 1.257000e+02
2.455000e+02 1.242000e+02
2.462500e+02 1.221000e+02
2.470000e+02 1.200000e+02
2.480000e+02 1.182000e+02
2.490000e+02 1.164000e+02
2.497500e+02 1.146000e+02
2.505000e+02 1.128000e+02
2.512500e+02 1.113000e+02
2.520000e+02 1.098000e+02
2.527500e+02 1.083000e+02
2.535000e+02 1.068000e+02
2.542500e+02 1.053000e+02
2.550000e+02 1.038000e+02
2.557500e+02 1.023000e+02
2.565000e+02 1.008000e+02
2.570000e+02 9.990000e+01
2.575000e+02 9.900000e+01
2.580000e+02 9.810000e+01
2.585000e+02 9.720000e+01
2.590000e+02 9.660000e+01
2.595000e+02 9.600000e+01
2.600000e+02 9.540000e+01
2.605000e+02 9.480000e+01
2.607500e+02 9.420000e+01
2.610000e+02 9.360000e+01
2.615000e+02 9.330000e+01
2.620000e+02 9.300000e+01
2.625000e+02 9.270000e+01
2.630000e+02 9.240000e+01
2.635000e+02 9.210000e+01
2.640000e+02 9.180000e+01
2.647500e+02 9.180000e+01
2.655000e+02 9.180000e+01
2.665000e+02 9.180000e+01
2.675000e+02 9.180000e+01
2.685000e+02 9.180000e+01
2.695000e+02 9.180000e+01
2.710000e+02 9.210000e+01
2.725000e+02 9.240000e+01
2.745000e+02 9.330000e+01
2.765000e+02 9.420000e+01
2.785000e+02 9.480000e+01
2.835000e+02 9.780000e+01
2.870000e+02 1.002000e+02
2.905000e+02 1.032000e+02
2.945000e+02 1.062000e+02
2.985000e+02 1.098000e+02
3.025000e+02 1.146000e+02
3.065000e+02 1.194000e+02
3.110000e+02 1.242000e+02
3.170000e+02 1.326000e+02
3.190000e+02 1.350000e+02
3.235000e+02 1.410000e+02
3.280000e+02 1.464000e+02
3.345000e+02 1.554000e+02
3.415000e+02 1.650000e+02
3.485000e+02 1.746000e+02
3.530000e+02 1.806000e+02
3.575000e+02 1.860000e+02
3.615000e+02 1.920000e+02
3.660000e+02 1.974000e+02
3.700000e+02 2.034000e+02
3.740000e+02 2.094000e+02
3.785000e+02 2.148000e+02
3.830000e+02 2.202000e+02
3.875000e+02 2.250000e+02
3.920000e+02 2.304000e+02
3.980000e+02 2.382000e+02
4.015000e+02 2.430000e+02
4.055000e+02 2.478000e+02
4.095000e+02 2.532000e+02
4.135000e+02 2.580000e+02
4.170000e+02 2.634000e+02
4.205000e+02 2.682000e+02
4.235000e+02 2.724000e+02
4.270000e+02 2.778000e+02
4.300000e+02 2.826000e+02
4.330000e+02 2.868000e+02
4.355000e+02 2.910000e+02
4.375000e+02 2.958000e+02
4.395000e+02 3.000000e+02
4.410000e+02 3.042000e+02
4.445000e+02 3.096000e+02
4.470000e+02 3.150000e+02
4.485000e+02 3.174000e+02
4.510000e+02 3.210000e+02
4.525000e+02 3.228000e+02
4.540000e+02 3.246000e+02
4.555000e+02 3.258000e+02
4.565000e+02 3.270000e+02
4.575000e+02 3.282000e+02
4.585000e+02 3.294000e+02
4.595000e+02 3.300000e+02
4.605000e+02 3.312000e+02
4.610000e+02 3.318000e+02
4.620000e+02 3.330000e+02
4.630000e+02 3.336000e+02
4.630000e+02 3.336000e+02
1.495000e+02 3.600000e+02
1.495000e+02 3.600000e+02
1.495000e+02 3.600000e+02
1.495000e+02 3.597000e+02
1.495000e+02 3.594000e+02
1.495000e+02 3.591000e+02
1.495000e+02 3.588000e+02
1.497500e+02 3.582000e+02
1.500000e+02 3.576000e+02
1.502500e+02 3.570000e+02
1.505000e+02 3.564000e+02
1.507500e+02 3.555000e+02
1.510000e+02 3.546000e+02
1.512500e+02 3.537000e+02
1.515000e+02 3.528000e+02
1.520000e+02 3.513000e+02
1.525000e+02 3.498000e+02
1.532500e+02 3.480000e+02
1.540000e+02 3.462000e+02
1.547500e+02 3.444000e+02
1.555000e+02 3.426000e+02
1.565000e+02 3.411000e+02
1.575000e+02 3.396000e+02
1.585000e+02 3.378000e+02
1.595000e+02 3.360000e+02
1.602500e+02 3.342000e+02
1.610000e+02 3.324000e+02
1.620000e+02 3.303000e+02
1.630000e+02 3.282000e+02
1.637500e+02 3.261000e+02
1.645000e+02 3.240000e+02
1.655000e+02 3.216000e+02
1.665000e+02 3.192000e+02
1.675000e+02 3.168000e+02
1.685000e+02 3.144000e+02
1.697500e+02 3.117000e+02
1.710000e+02 3.090000e+02
1.725000e+02 3.051000e+02
1.740000e+02 3.012000e+02
1.757500e+02 2.964000e+02
1.775000e+02 2.916000e+02
1.795000e+02 2.871000e+02
1.815000e+02 2.826000e+02
1.827500e+02 2.796000e+02
1.840000e+02 2.766000e+02
1.857500e+02 2.721000e+02
1.875000e+02 2.676000e+02
1.890000e+02 2.628000e+02
1.905000e+02 2.580000e+02
1.912500e+02 2.553000e+02
1.920000e+02 2.526000e+02
1.930000e+02 2.496000e+02
1.940000e+02 2.466000e+02
1.950000e+02 2.436000e+02
1.960000e+02 2.406000e+02
1.970000e+02 2.379000e+02
1.980000e+02 2.352000e+02
1.990000e+02 2.322000e+02
2.000000e+02 2.292000e+02
2.010000e+02 2.265000e+02
2.020000e+02 2.238000e+02
2.030000e+02 2.211000e+02
2.040000e+02 2.184000e+02
2.052500e+02 2.157000e+02
2.065000e+02 2.130000e+02
2.080000e+02 2.106000e+02
2.095000e+02 2.082000e+02
2.107500e+02 2.055000e+02
2.120000e+02 2.028000e+02
2.132500e+02 2.001000e+02
2.145000e+02 1.974000e+02
2.155000e+02 1.950000e+02
2.165000e+02 1.926000e+02
2.177500e+02 1.902000e+02
2.190000e+02 1.878000e+02
2.200000e+02 1.854000e+02
2.210000e+02 1.830000e+02
2.220000e+02 1.806000e+02
2.230000e+02 1.782000e+02
2.237500e+02 1.761000e+02
2.245000e+02 1.740000e+02
2.252500e+02 1.716000e+02
2.260000e+02 1.692000e+02
2.275000e+02 1.656000e+02
2.290000e+02 1.620000e+02
2.295000e+02 1.605000e+02
2.300000e+02 1.590000e+02
2.320000e+02 1.551000e+02
2.340000e+02 1.512000e+02
2.350000e+02 1.488000e+02
2.360000e+02 1.464000e+02
2.362500e+02 1.455000e+02
2.365000e+02 1.446000e+02
2.377500e+02 1.413000e+02
2.390000e+02 1.380000e+02
2.397500e+02 1.362000e+02
2.405000e+02 1.344000e+02
2.412500e+02 1.326000e+02
2.420000e+02 1.308000e+02
2.430000e+02 1.290000e+02
2.440000e+02 1.272000e+02
2.447500e+02 1.257000e+02
2.455000e+02 1.242000e+02
2.462500e+02 1.221000e+02
2.470000e+02 1.200000e+02
2.480000e+02 1.182000e+02
2.490000e+02 1.164000e+02
2.497500e+02 1.146000e+02
2.505000e+02 1.128000e+02
2.512500e+02 1.113000e+02
2.520000e+02 1.098000e+02
2.527500e+02 1.083000e+02
2.535000e+02 1.068000e+02
2.542500e+02 1.053000e+02
2.550000e+02 1.038000e+02
2.557500e+02 1.023000e+02
2.565000e+02 1.008000e+02
2.570000e+02 9.990000e+01
2.575000e+02 9.900000e+01
2.580000e+02 9.810000e+01
2.585000e+02 9.720000e+01
2.590000e+02 9.660000e+01
2.595000e+02 9.600000e+01
2.600000e+02 9.540000e+01
2.605000e+02 9.480000e+01
2.607500e+02 9.420000e+01
2.610000e+02 9.360000e+01
2.615000e+02 9.330000e+01
2.620000e+02 9.300000e+01
2.625000e+02 9.270000e+01
2.630000e+02 9.240000e+01
2.635000e+02 9.210000e+01
2.640000e+02 9.180000e+01
2.647500e+02 9.180000e+01
2.655000e+02 9.180000e+01
2.665000e+02 9.180000e+01
2.675000e+02 9.180000e+01
2.685000e+02 9.180000e+01
2.695000e+02 9.180000e+01
2.710000e+02 9.210000e+01
2.725000e+02 9.240000e+01
2.745000e+02 9.330000e+01
2.765000e+02 9.420000e+01
2.785000e+02 9.480000e+01
2.835000e+02 9.780000e+01
2.870000e+02 1.002000e+02
2.905000e+02 1.032000e+02
2.945000e+02 1.062000e+02
2.985000e+02 1.098000e+02
3.025000e+02 1.146000e+02
3.065000e+02 1.194000e+02
3.110000e+02 1.242000e+02
3.170000e+02 1.326000e+02
3.190000e+02 1.350000e+02
3.235000e+02 1.410000e+02
3.280000e+02 1.464000e+02
3.345000e+02 1.554000e+02
3.415000e+02 1.650000e+02
3.485000e+02 1.746000e+02
3.530000e+02 1.806000e+02
3.575000e+02 1.860000e+02
3.615000e+02 1.920000e+02
3.660000e+02 1.974000e+02
3.700000e+02 2.034000e+02
3.740000e+02 2.094000e+02
3.785000e+02 2.148000e+02
3.830000e+02 2.202000e+02
3.875000e+02 2.250000e+02
3.920000e+02 2.304000e+02
3.980000e+02 2.382000e+02
4.015000e+02 2.430000e+02
4.055000e+02 2.478000e+02
4.095000e+02 2.532000e+02
4.135000e+02 2.580000e+02
4.170000e+02 2.634000e+02
4.205000e+02 2.682000e+02
4.235000e+02 2.724000e+02
4.270000e+02 2.778000e+02
4.300000e+02 2.826000e+02
4.330000e+02 2.868000e+02
4.355000e+02 2.910000e+02
4.375000e+02 2.958000e+02
4.395000e+02 3.000000e+02
4.410000e+02 3.042000e+02
4.445000e+02 3.096000e+02
4.470000e+02 3.150000e+02
4.485000e+02 3.174000e+02
4.510000e+02 3.210000e+02
4.525000e+02 3.228000e+02
4.540000e+02 3.246000e+02
4.555000e+02 3.258000e+02
4.565000e+02 3.270000e+02
4.575000e+02 3.282000e+02
4.585000e+02 3.294000e+02
4.595000e+02 3.300000e+02
4.605000e+02 3.312000e+02
4.610000e+02 3.318000e+02
4.620000e+02 3.330000e+02
4.630000e+02 3.336000e+02
4.630000e+02 3.336000e+02
1.495000e+02 3.600000e+02
1.495000e+02 3.600000e+02
1.495000e+02 3.600000e+02
1.495000e+02 3.597000e+02
1.495000e+02 3.594000e+02
1.495000e+02 3.591000e+02
1.495000e+02 3.588000e+02
1.497500e+02 3.582000e+02
1.500000e+02 3.576000e+02
1.502500e+02 3.570000e+02
1.505000e+02 3.564000e+02
1.507500e+02 3.555000e+02
1.510000e+02 3.546000e+02
1.512500e+02 3.537000e+02
1.515000e+02 3.528000e+02
1.520000e+02 3.513000e+02
1.525000e+02 3.498000e+02
1.532500e+02 3.480000e+02
1.540000e+02 3.462000e+02
1.547500e+02 3.444000e+02
1.555000e+02 3.426000e+02
1.565000e+02 3.411000e+02
1.575000e+02 3.396000e+02
1.585000e+02 3.378000e+02
1.595000e+02 3.360000e+02
1.602500e+02 3.342000e+02
1.610000e+02 3.324000e+02
1.620000e+02 3.303000e+02
1.630000e+02 3.282000e+02
1.637500e+02 3.261000e+02
1.645000e+02 3.240000e+02
1.655000e+02 3.216000e+02
1.665000e+02 3.192000e+02
1.675000e+02 3.168000e+02
1.685000e+02 3.144000e+02
1.697500e+02 3.117000e+02
1.710000e+02 3.090000e+02
1.725000e+02 3.051000e+02
1.740000e+02 3.012000e+02
1.757500e+02 2.964000e+02
1.775000e+02 2.916000e+02
1.795000e+02 2.871000e+02
1.815000e+02 2.826000e+02
1.827500e+02 2.796000e+02
1.840000e+02 2.766000e+02
1.857500e+02 2.721000e+02
1.875000e+02 2.676000e+02
1.890000e+02 2.628000e+02
1.905000e+02 2.580000e+02
1.912500e+02 2.553000e+02
1.920000e+02 2.526000e+02
1.930000e+02 2.496000e+02
1.940000e+02 2.466000e+02
1.950000e+02 2.436000e+02
1.960000e+02 2.406000e+02
1.970000e+02 2.379000e+02
1.980000e+02 2.352000e+02
1.990000e+02 2.322000e+02
2.000000e+02 2.292000e+02
2.010000e+02 2.265000e+02
2.020000e+02 2.238000e+02
2.030000e+02 2.211000e+02
2.040000e+02 2.184000e+02
2.052500e+02 2.157000e+02
2.065000e+02 2.130000e+02
2.080000e+02 2.106000e+02
2.095000e+02 2.082000e+02
2.107500e+02 2.055000e+02
2.120000e+02 2.028000e+02
2.132500e+02 2.001000e+02
2.145000e+02 1.974000e+02
2.155000e+02 1.950000e+02
2.165000e+02 1.926000e+02
2.177500e+02 1.902000e+02
2.190000e+02 1.878000e+02
2.200000e+02 1.854000e+02
2.210000e+02 1.830000e+02
2.220000e+02 1.806000e+02
2.230000e+02 1.782000e+02
2.237500e+02 1.761000e+02
2.245000e+02 1.740000e+02
2.252500e+02 1.716000e+02
2.260000e+02 1.692000e+02
2.275000e+02 1.656000e+02
2.290000e+02 1.620000e+02
2.295000e+02 1.605000e+02
2.300000e+02 1.590000e+02
2.320000e+02 1.551000e+02
2.340000e+02 1.512000e+02
2.350000e+02 1.488000e+02
2.360000e+02 1.464000e+02
2.362500e+02 1.455000e+02
2.365000e+02 1.446000e+02
2.377500e+02 1.413000e+02
2.390000e+02 1.380000e+02
2.397500e+02 1.362000e+02
2.405000e+02 1.344000e+02
2.412500e+02 1.326000e+02
2.420000e+02 1.308000e+02
2.430000e+02 1.290000e+02
2.440000e+02 1.272000e+02
2.447500e+02 1.257000e+02
2.455000e+02 1.242000e+02
2.462500e+02 1.221000e+02
2.470000e+02 1.200000e+02
2.480000e+02 1.182000e+02
2.490000e+02 1.164000e+02
2.497500e+02 1.146000e+02
2.505000e+02 1.128000e+02
2.512500e+02 1.113000e+02
2.520000e+02 1.098000e+02
2.527500e+02 1.083000e+02
2.535000e+02 1.068000e+02
2.542500e+02 1.053000e+02
2.550000e+02 1.038000e+02
2.557500e+02 1.023000e+02
2.565000e+02 1.008000e+02
2.570000e+02 9.990000e+01
2.575000e+02 9.900000e+01
2.580000e+02 9.810000e+01
2.585000e+02 9.720000e+01
2.590000e+02 9.660000e+01
2.595000e+02 9.600000e+01
2.600000e+02 9.540000e+01
2.605000e+02 9.480000e+01
2.607500e+02 9.420000e+01
2.610000e+02 9.360000e+01
2.615000e+02 9.330000e+01
2.620000e+02 9.300000e+01
2.625000e+02 9.270000e+01
2.630000e+02 9.240000e+01
2.635000e+02 9.210000e+01
2.640000e+02 9.180000e+01
2.647500e+02 9.180000e+01
2.655000e+02 9.180000e+01
2.665000e+02 9.180000e+01
2.675000e+02 9.180000e+01
2.685000e+02 9.180000e+01
2.695000e+02 9.180000e+01
2.710000e+02 9.210000e+01
2.725000e+02 9.240000e+01
2.745000e+02 9.330000e+01
2.765000e+02 9.420000e+01
2.785000e+02 9.480000e+01
2.835000e+02 9.780000e+01
2.870000e+02 1.002000e+02
2.905000e+02 1.032000e+02
2.945000e+02 1.062000e+02
2.985000e+02 1.098000e+02
3.025000e+02 1.146000e+02
3.065000e+02 1.194000e+02
3.110000e+02 1.242000e+02
3.170000e+02 1.326000e+02
3.190000e+02 1.350000e+02
3.235000e+02 1.410000e+02
3.280000e+02 1.464000e+02
3.345000e+02 1.554000e+02
3.415000e+02 1.650000e+02
3.485000e+02 1.746000e+02
3.530000e+02 1.806000e+02
3.575000e+02 1.860000e+02
3.615000e+02 1.920000e+02
3.660000e+02 1.974000e+02
3.700000e+02 2.034000e+02
3.740000e+02 2.094000e+02
3.785000e+02 2.148000e+02
3.830000e+02 2.202000e+02
3.875000e+02 2.250000e+02
3.920000e+02 2.304000e+02
3.980000e+02 2.382000e+02
4.015000e+02 2.430000e+02
4.055000e+02 2.478000e+02
4.095000e+02 2.532000e+02
4.135000e+02 2.580000e+02
4.170000e+02 2.634000e+02
4.205000e+02 2.682000e+02
4.235000e+02 2.724000e+02
4.270000e+02 2.778000e+02
4.300000e+02 2.826000e+02
4.330000e+02 2.868000e+02
4.355000e+02 2.910000e+02
4.375000e+02 2.958000e+02
4.395000e+02 3.000000e+02
4.410000e+02 3.042000e+02
4.445000e+02 3.096000e+02
4.470000e+02 3.150000e+02
4.485000e+02 3.174000e+02
4.510000e+02 3.210000e+02
4.525000e+02 3.228000e+02
4.540000e+02 3.246000e+02
4.555000e+02 3.258000e+02
4.565000e+02 3.270000e+02
4.575000e+02 3.282000e+02
4.585000e+02 3.294000e+02
4.595000e+02 3.300000e+02
4.605000e+02 3.312000e+02
4.610000e+02 3.318000e+02
4.620000e+02 3.330000e+02
4.630000e+02 3.336000e+02
4.630000e+02 3.336000e+02
