3.005000e+02 1.266000e+02
3.005000e+02 1.266000e+02
3.005000e+02 1.266000e+02
3.005000e+02 1.266000e+02
3.005000e+02 1.266000e+02
3.003750e+02 1.264500e+02
3.002500e+02 1.263000e+02
3.001250e+02 1.261500e+02
3.000000e+02 1.260000e+02
3.000000e+02 1.260000e+02
3.000000e+02 1.260000e+02
3.000000e+02 1.260000e+02
3.000000e+02 1.260000e+02
2.997500e+02 1.258500e+02
2.995000e+02 1.257000e+02
2.990000e+02 1.254000e+02
2.987500e+02 1.248000e+02
2.985000e+02 1.242000e+02
2.977500e+02 1.233000e+02
2.970000e+02 1.224000e+02
2.965000e+02 1.206000e+02
2.960000e+02 1.188000e+02
2.950000e+02 1.155000e+02
2.940000e+02 1.122000e+02
2.935000e+02 1.089000e+02
2.930000e+02 1.056000e+02
2.930000e+02 1.041000e+02
2.930000e+02 1.026000e+02
2.932500e+02 9.810000e+01
2.935000e+02 9.360000e+01
2.940000e+02 9.060000e+01
2.945000e+02 8.760000e+01
2.952500e+02 8.520000e+01
2.960000e+02 8.280000e+01
2.972500e+02 7.950000e+01
2.985000e+02 7.620000e+01
2.990000e+02 7.470000e+01
2.995000e+02 7.320000e+01
3.010000e+02 7.050000e+01
3.025000e+02 6.780000e+01
3.047500e+02 6.540000e+01
3.070000e+02 6.300000e+01
3.090000e+02 6.030000e+01
3.110000e+02 5.760000e+01
3.135000e+02 5.580000e+01
3.160000e+02 5.400000e+01
3.192500e+02 5.190000e+01
3.225000e+02 4.980000e+01
3.247500e+02 4.920000e+01
3.270000e+02 4.860000e+01
3.292500e+02 4.830000e+01
3.315000e+02 4.800000e+01
3.340000e+02 4.800000e+01
3.365000e+02 4.800000e+01
3.390000e+02 4.860000e+01
3.415000e+02 4.920000e+01
3.440000e+02 5.040000e+01
3.465000e+02 5.160000e+01
3.490000e+02 5.340000e+01
3.515000e+02 5.520000e+01
3.542500e+02 5.730000e+01
3.570000e+02 5.940000e+01
3.592500e+02 6.210000e+01
3.615000e+02 6.480000e+01
3.642500e+02 6.840000e+01
3.670000e+02 7.200000e+01
3.690000e+02 7.470000e+01
3.710000e+02 7.740000e+01
3.725000e+02 8.100000e+01
3.740000e+02 8.460000e+01
3.750000e+02 8.730000e+01
3.760000e+02 9.000000e+01
3.770000e+02 9.390000e+01
3.780000e+02 9.780000e+01
3.787500e+02 1.020000e+02
3.795000e+02 1.062000e+02
3.800000e+02 1.098000e+02
3.805000e+02 1.134000e+02
3.805000e+02 1.161000e+02
3.805000e+02 1.188000e+02
3.805000e+02 1.221000e+02
3.805000e+02 1.254000e+02
3.802500e+02 1.284000e+02
3.800000e+02 1.314000e+02
3.797500e+02 1.326000e+02
3.795000e+02 1.338000e+02
3.790000e+02 1.386000e+02
3.785000e+02 1.434000e+02
3.777500e+02 1.461000e+02
3.770000e+02 1.488000e+02
3.767500e+02 1.500000e+02
3.765000e+02 1.512000e+02
3.755000e+02 1.545000e+02
3.745000e+02 1.578000e+02
3.732500e+02 1.605000e+02
3.720000e+02 1.632000e+02
3.707500e+02 1.653000e+02
3.695000e+02 1.674000e+02
3.675000e+02 1.713000e+02
3.655000e+02 1.752000e+02
3.642500e+02 1.770000e+02
3.630000e+02 1.788000e+02
3.612500e+02 1.809000e+02
3.595000e+02 1.830000e+02
3.570000e+02 1.857000e+02
3.545000e+02 1.884000e+02
3.527500e+02 1.905000e+02
3.510000e+02 1.926000e+02
3.490000e+02 1.944000e+02
3.470000e+02 1.962000e+02
3.452500e+02 1.977000e+02
3.435000e+02 1.992000e+02
3.417500e+02 2.010000e+02
3.400000e+02 2.028000e+02
3.380000e+02 2.049000e+02
3.360000e+02 2.070000e+02
3.345000e+02 2.088000e+02
3.330000e+02 2.106000e+02
3.315000e+02 2.121000e+02
3.300000e+02 2.136000e+02
3.285000e+02 2.151000e+02
3.270000e+02 2.166000e+02
3.255000e+02 2.187000e+02
3.240000e+02 2.208000e+02
3.227500e+02 2.226000e+02
3.215000e+02 2.244000e+02
3.205000e+02 2.259000e+02
3.195000e+02 2.274000e+02
3.187500e+02 2.289000e+02
3.180000e+02 2.304000e+02
3.172500e+02 2.322000e+02
3.165000e+02 2.340000e+02
3.157500e+02 2.361000e+02
3.150000e+02 2.382000e+02
3.145000e+02 2.403000e+02
3.140000e+02 2.424000e+02
3.137500e+02 2.448000e+02
3.135000e+02 2.472000e+02
3.130000e+02 2.508000e+02
3.125000e+02 2.544000e+02
3.122500e+02 2.556000e+02
3.120000e+02 2.568000e+02
3.117500e+02 2.601000e+02
3.115000e+02 2.634000e+02
3.112500e+02 2.649000e+02
3.110000e+02 2.664000e+02
3.110000e+02 2.688000e+02
3.110000e+02 2.712000e+02
3.107500e+02 2.742000e+02
3.105000e+02 2.772000e+02
3.105000e+02 2.802000e+02
3.105000e+02 2.832000e+02
3.105000e+02 2.871000e+02
3.105000e+02 2.910000e+02
3.105000e+02 2.925000e+02
3.105000e+02 2.940000e+02
3.105000e+02 2.970000e+02
3.105000e+02 3.000000e+02
3.105000e+02 3.012000e+02
3.105000e+02 3.024000e+02
3.107500e+02 3.057000e+02
3.110000e+02 3.090000e+02
3.110000e+02 3.117000e+02
3.110000e+02 3.144000e+02
3.112500e+02 3.171000e+02
3.115000e+02 3.198000e+02
3.115000e+02 3.225000e+02
3.115000e+02 3.252000e+02
3.117500e+02 3.276000e+02
3.120000e+02 3.300000e+02
3.122500e+02 3.336000e+02
3.125000e+02 3.372000e+02
3.125000e+02 3.396000e+02
3.125000e+02 3.420000e+02
3.127500e+02 3.453000e+02
3.130000e+02 3.486000e+02
3.130000e+02 3.504000e+02
3.130000e+02 3.522000e+02
3.132500e+02 3.540000e+02
3.135000e+02 3.558000e+02
3.135000e+02 3.573000e+02
3.135000e+02 3.588000e+02
3.135000e+02 3.600000e+02
3.135000e+02 3.612000e+02
3.137500e+02 3.624000e+02
3.140000e+02 3.636000e+02
3.140000e+02 3.639000e+02
3.140000e+02 3.642000e+02
3.140000e+02 3.648000e+02
3.140000e+02 3.654000e+02
3.140000e+02 3.654000e+02
3.140000e+02 3.654000e+02
3.140000e+02 3.657000e+02
3.140000e+02 3.660000e+02
3.142500e+02 3.663000e+02
3.145000e+02 3.666000e+02
3.145000e+02 3.669000e+02
3.145000e+02 3.672000e+02
3.145000e+02 3.672000e+02
3.145000e+02 3.672000e+02
