2.905000e+02 4.278000e+02
2.905000e+02 4.278000e+02
2.905000e+02 4.278000e+02
2.905000e+02 4.278000e+02
2.905000e+02 4.278000e+02
2.905000e+02 4.278000e+02
2.905000e+02 4.278000e+02
2.905000e+02 4.278000e+02
2.905000e+02 4.278000e+02
2.903750e+02 4.278000e+02
2.902500e+02 4.278000e+02
2.901250e+02 4.278000e+02
2.900000e+02 4.278000e+02
2.900000e+02 4.278000e+02
2.900000e+02 4.278000e+02
2.900000e+02 4.278000e+02
2.900000e+02 4.278000e+02
2.898750e+02 4.276500e+02
2.897500e+02 4.275000e+02
2.896250e+02 4.273500e+02
2.895000e+02 4.272000e+02
2.895000e+02 4.267500e+02
2.895000e+02 4.263000e+02
2.895000e+02 4.258500e+02
2.895000e+02 4.254000e+02
2.892500e+02 4.245000e+02
2.890000e+02 4.236000e+02
2.887500e+02 4.227000e+02
2.885000e+02 4.218000e+02
2.880000e+02 4.194000e+02
2.875000e+02 4.170000e+02
2.870000e+02 4.146000e+02
2.865000e+02 4.122000e+02
2.862500e+02 4.104000e+02
2.860000e+02 4.086000e+02
2.857500e+02 4.068000e+02
2.855000e+02 4.050000e+02
2.852500e+02 4.030500e+02
2.850000e+02 4.011000e+02
2.847500e+02 3.991500e+02
2.845000e+02 3.972000e+02
2.842500e+02 3.952500e+02
2.840000e+02 3.933000e+02
2.837500e+02 3.913500e+02
2.835000e+02 3.894000e+02
2.831250e+02 3.868500e+02
2.827500e+02 3.843000e+02
2.823750e+02 3.817500e+02
2.820000e+02 3.792000e+02
2.817500e+02 3.771000e+02
2.815000e+02 3.750000e+02
2.812500e+02 3.729000e+02
2.810000e+02 3.708000e+02
2.807500e+02 3.684000e+02
2.805000e+02 3.660000e+02
2.802500e+02 3.636000e+02
2.800000e+02 3.612000e+02
2.797500e+02 3.589500e+02
2.795000e+02 3.567000e+02
2.792500e+02 3.544500e+02
2.790000e+02 3.522000e+02
2.787500e+02 3.499500e+02
2.785000e+02 3.477000e+02
2.782500e+02 3.454500e+02
2.780000e+02 3.432000e+02
2.777500e+02 3.405000e+02
2.775000e+02 3.378000e+02
2.772500e+02 3.351000e+02
2.770000e+02 3.324000e+02
2.766250e+02 3.291000e+02
2.762500e+02 3.258000e+02
2.758750e+02 3.225000e+02
2.755000e+02 3.192000e+02
2.752500e+02 3.171000e+02
2.750000e+02 3.150000e+02
2.747500e+02 3.129000e+02
2.745000e+02 3.108000e+02
2.742500e+02 3.084000e+02
2.740000e+02 3.060000e+02
2.737500e+02 3.036000e+02
2.735000e+02 3.012000e+02
2.732500e+02 2.989500e+02
2.730000e+02 2.967000e+02
2.727500e+02 2.944500e+02
2.725000e+02 2.922000e+02
2.721250e+02 2.901000e+02
2.717500e+02 2.880000e+02
2.713750e+02 2.859000e+02
2.710000e+02 2.838000e+02
2.707500e+02 2.815500e+02
2.705000e+02 2.793000e+02
2.702500e+02 2.770500e+02
2.700000e+02 2.748000e+02
2.697500e+02 2.725500e+02
2.695000e+02 2.703000e+02
2.692500e+02 2.680500e+02
2.690000e+02 2.658000e+02
2.687500e+02 2.637000e+02
2.685000e+02 2.616000e+02
2.682500e+02 2.595000e+02
2.680000e+02 2.574000e+02
2.677500e+02 2.551500e+02
2.675000e+02 2.529000e+02
2.672500e+02 2.506500e+02
2.670000e+02 2.484000e+02
2.668750e+02 2.464500e+02
2.667500e+02 2.445000e+02
2.666250e+02 2.425500e+02
2.665000e+02 2.406000e+02
2.663750e+02 2.385000e+02
2.662500e+02 2.364000e+02
2.661250e+02 2.343000e+02
2.660000e+02 2.322000e+02
2.660000e+02 2.302500e+02
2.660000e+02 2.283000e+02
2.660000e+02 2.263500e+02
2.660000e+02 2.244000e+02
2.660000e+02 2.224500e+02
2.660000e+02 2.205000e+02
2.660000e+02 2.185500e+02
2.660000e+02 2.166000e+02
2.660000e+02 2.145000e+02
2.660000e+02 2.124000e+02
2.660000e+02 2.103000e+02
2.660000e+02 2.082000e+02
2.661250e+02 2.052000e+02
2.662500e+02 2.022000e+02
2.663750e+02 1.992000e+02
2.665000e+02 1.962000e+02
2.665000e+02 1.941000e+02
2.665000e+02 1.920000e+02
2.665000e+02 1.899000e+02
2.665000e+02 1.878000e+02
2.665000e+02 1.855500e+02
2.665000e+02 1.833000e+02
2.665000e+02 1.810500e+02
2.665000e+02 1.788000e+02
2.666250e+02 1.768500e+02
2.667500e+02 1.749000e+02
2.668750e+02 1.729500e+02
2.670000e+02 1.710000e+02
2.670000e+02 1.689000e+02
2.670000e+02 1.668000e+02
2.670000e+02 1.647000e+02
2.670000e+02 1.626000e+02
2.671250e+02 1.606500e+02
2.672500e+02 1.587000e+02
2.673750e+02 1.567500e+02
2.675000e+02 1.548000e+02
2.675000e+02 1.530000e+02
2.675000e+02 1.512000e+02
2.675000e+02 1.494000e+02
2.675000e+02 1.476000e+02
2.676250e+02 1.458000e+02
2.677500e+02 1.440000e+02
2.678750e+02 1.422000e+02
2.680000e+02 1.404000e+02
2.680000e+02 1.387500e+02
2.680000e+02 1.371000e+02
2.680000e+02 1.354500e+02
2.680000e+02 1.338000e+02
2.680000e+02 1.321500e+02
2.680000e+02 1.305000e+02
2.680000e+02 1.288500e+02
2.680000e+02 1.272000e+02
2.680000e+02 1.258500e+02
2.680000e+02 1.245000e+02
2.680000e+02 1.231500e+02
2.680000e+02 1.218000e+02
2.680000e+02 1.200000e+02
2.680000e+02 1.182000e+02
2.680000e+02 1.146000e+02
2.680000e+02 1.128000e+02
2.680000e+02 1.110000e+02
2.680000e+02 1.089000e+02
2.680000e+02 1.068000e+02
2.677500e+02 1.050000e+02
2.675000e+02 1.032000e+02
2.675000e+02 1.017000e+02
2.675000e+02 1.002000e+02
2.672500e+02 9.900000e+01
2.670000e+02 9.780000e+01
2.670000e+02 9.630000e+01
2.670000e+02 9.480000e+01
2.670000e+02 9.300000e+01
2.670000e+02 9.120000e+01
2.667500e+02 8.910000e+01
2.665000e+02 8.700000e+01
2.665000e+02 8.460000e+01
2.665000e+02 8.220000e+01
2.667500e+02 7.920000e+01
2.670000e+02 7.620000e+01
2.672500e+02 7.350000e+01
2.675000e+02 7.080000e+01
2.682500e+02 6.870000e+01
2.690000e+02 6.660000e+01
2.695000e+02 6.510000e+01
2.700000e+02 6.360000e+01
2.700000e+02 6.360000e+01
2.700000e+02 6.360000e+01
