3.060000e+02 2.088000e+02
3.060000e+02 2.088000e+02
3.060000e+02 2.088000e+02
3.057500e+02 2.088000e+02
3.055000e+02 2.088000e+02
3.055000e+02 2.088000e+02
3.055000e+02 2.088000e+02
3.052500e+02 2.088000e+02
3.050000e+02 2.088000e+02
3.047500e+02 2.088000e+02
3.045000e+02 2.088000e+02
3.042500e+02 2.085000e+02
3.040000e+02 2.082000e+02
3.035000e+02 2.076000e+02
3.030000e+02 2.070000e+02
3.022500e+02 2.061000e+02
3.015000e+02 2.052000e+02
3.005000e+02 2.040000e+02
2.995000e+02 2.028000e+02
2.985000e+02 2.016000e+02
2.975000e+02 2.004000e+02
2.970000e+02 1.998000e+02
2.965000e+02 1.992000e+02
2.952500e+02 1.971000e+02
2.940000e+02 1.950000e+02
2.935000e+02 1.941000e+02
2.930000e+02 1.932000e+02
2.925000e+02 1.917000e+02
2.920000e+02 1.902000e+02
2.915000e+02 1.887000e+02
2.910000e+02 1.872000e+02
2.902500e+02 1.851000e+02
2.895000e+02 1.830000e+02
2.885000e+02 1.788000e+02
2.880000e+02 1.746000e+02
2.875000e+02 1.692000e+02
2.875000e+02 1.626000e+02
2.875000e+02 1.584000e+02
2.885000e+02 1.506000e+02
2.890000e+02 1.464000e+02
2.905000e+02 1.422000e+02
2.920000e+02 1.368000e+02
2.940000e+02 1.326000e+02
2.960000e+02 1.284000e+02
2.985000e+02 1.254000e+02
3.005000e+02 1.224000e+02
3.030000e+02 1.188000e+02
3.060000e+02 1.164000e+02
3.090000e+02 1.140000e+02
3.135000e+02 1.110000e+02
3.170000e+02 1.098000e+02
3.215000e+02 1.086000e+02
3.255000e+02 1.080000e+02
3.295000e+02 1.080000e+02
3.330000e+02 1.080000e+02
3.365000e+02 1.092000e+02
3.405000e+02 1.104000e+02
3.440000e+02 1.122000e+02
3.480000e+02 1.146000e+02
3.515000e+02 1.176000e+02
3.550000e+02 1.206000e+02
3.595000e+02 1.254000e+02
3.620000e+02 1.296000e+02
3.655000e+02 1.356000e+02
3.680000e+02 1.404000e+02
3.705000e+02 1.458000e+02
3.720000e+02 1.506000e+02
3.735000e+02 1.554000e+02
3.750000e+02 1.632000e+02
3.760000e+02 1.680000e+02
3.765000e+02 1.758000e+02
3.765000e+02 1.800000e+02
3.770000e+02 1.818000e+02
3.770000e+02 1.884000e+02
3.765000e+02 1.926000e+02
3.760000e+02 1.962000e+02
3.760000e+02 1.998000e+02
3.750000e+02 2.040000e+02
3.745000e+02 2.076000e+02
3.735000e+02 2.112000e+02
3.720000e+02 2.142000e+02
3.710000e+02 2.178000e+02
3.690000e+02 2.232000e+02
3.675000e+02 2.262000e+02
3.670000e+02 2.274000e+02
3.650000e+02 2.310000e+02
3.625000e+02 2.352000e+02
3.595000e+02 2.388000e+02
3.580000e+02 2.406000e+02
3.560000e+02 2.424000e+02
3.545000e+02 2.436000e+02
3.535000e+02 2.448000e+02
3.520000e+02 2.460000e+02
3.505000e+02 2.472000e+02
3.485000e+02 2.478000e+02
3.470000e+02 2.490000e+02
3.450000e+02 2.502000e+02
3.435000e+02 2.508000e+02
3.415000e+02 2.520000e+02
3.395000e+02 2.532000e+02
3.375000e+02 2.538000e+02
3.355000e+02 2.550000e+02
3.325000e+02 2.562000e+02
3.300000e+02 2.568000e+02
3.280000e+02 2.574000e+02
3.260000e+02 2.580000e+02
3.250000e+02 2.586000e+02
3.230000e+02 2.592000e+02
3.210000e+02 2.598000e+02
3.190000e+02 2.598000e+02
3.175000e+02 2.604000e+02
3.160000e+02 2.610000e+02
3.145000e+02 2.616000e+02
3.130000e+02 2.616000e+02
3.115000e+02 2.622000e+02
3.100000e+02 2.628000e+02
3.095000e+02 2.628000e+02
3.090000e+02 2.628000e+02
3.080000e+02 2.628000e+02
3.070000e+02 2.628000e+02
3.065000e+02 2.628000e+02
3.060000e+02 2.628000e+02
3.055000e+02 2.628000e+02
3.050000e+02 2.628000e+02
3.050000e+02 2.628000e+02
3.045000e+02 2.628000e+02
3.040000e+02 2.628000e+02
3.035000e+02 2.628000e+02
3.035000e+02 2.634000e+02
3.035000e+02 2.634000e+02
3.030000e+02 2.634000e+02
3.030000e+02 2.634000e+02
3.025000e+02 2.634000e+02
3.025000e+02 2.634000e+02
3.020000e+02 2.634000e+02
3.020000e+02 2.640000e+02
3.015000e+02 2.640000e+02
3.015000e+02 2.646000e+02
3.015000e+02 2.646000e+02
3.010000e+02 2.652000e+02
3.010000e+02 2.658000e+02
3.010000e+02 2.676000e+02
3.005000e+02 2.676000e+02
3.005000e+02 2.694000e+02
3.005000e+02 2.706000e+02
3.005000e+02 2.718000e+02
3.005000e+02 2.730000e+02
3.005000e+02 2.748000e+02
3.005000e+02 2.766000e+02
3.005000e+02 2.790000e+02
3.005000e+02 2.814000e+02
3.005000e+02 2.844000e+02
3.005000e+02 2.874000e+02
3.005000e+02 2.898000e+02
3.005000e+02 2.928000e+02
3.005000e+02 2.964000e+02
3.005000e+02 2.994000e+02
3.010000e+02 3.018000e+02
3.010000e+02 3.060000e+02
3.010000e+02 3.114000e+02
3.010000e+02 3.144000e+02
3.010000e+02 3.186000e+02
3.015000e+02 3.234000e+02
3.015000e+02 3.276000e+02
3.015000e+02 3.306000e+02
3.015000e+02 3.336000e+02
3.015000e+02 3.372000e+02
3.015000e+02 3.402000e+02
3.015000e+02 3.456000e+02
3.015000e+02 3.486000e+02
3.010000e+02 3.534000e+02
3.010000e+02 3.576000e+02
3.010000e+02 3.612000e+02
3.010000e+02 3.648000e+02
3.005000e+02 3.678000e+02
3.005000e+02 3.726000e+02
3.000000e+02 3.762000e+02
2.995000e+02 3.792000e+02
2.995000e+02 3.822000e+02
2.990000e+02 3.858000e+02
2.985000e+02 3.894000e+02
2.980000e+02 3.918000e+02
2.980000e+02 3.942000e+02
2.975000e+02 3.960000e+02
2.970000e+02 3.978000e+02
2.970000e+02 3.984000e+02
2.970000e+02 3.996000e+02
2.965000e+02 4.008000e+02
2.965000e+02 4.020000e+02
2.965000e+02 4.032000e+02
2.965000e+02 4.038000e+02
2.965000e+02 4.050000e+02
2.965000e+02 4.056000e+02
2.965000e+02 4.062000e+02
2.965000e+02 4.068000e+02
2.965000e+02 4.068000e+02
2.970000e+02 4.074000e+02
2.970000e+02 4.080000e+02
2.970000e+02 4.086000e+02
2.970000e+02 4.086000e+02
