2.495000e+02 1.560000e+02
2.495000e+02 1.560000e+02
2.495000e+02 1.560000e+02
2.495000e+02 1.560000e+02
2.495000e+02 1.560000e+02
2.497500e+02 1.560000e+02
2.500000e+02 1.560000e+02
2.502500e+02 1.560000e+02
2.505000e+02 1.560000e+02
2.510000e+02 1.557000e+02
2.515000e+02 1.554000e+02
2.527500e+02 1.551000e+02
2.540000e+02 1.548000e+02
2.560000e+02 1.542000e+02
2.580000e+02 1.536000e+02
2.607500e+02 1.527000e+02
2.635000e+02 1.518000e+02
2.667500e+02 1.509000e+02
2.700000e+02 1.500000e+02
2.740000e+02 1.488000e+02
2.780000e+02 1.476000e+02
2.845000e+02 1.458000e+02
2.910000e+02 1.440000e+02
2.985000e+02 1.425000e+02
3.060000e+02 1.410000e+02
3.107500e+02 1.404000e+02
3.155000e+02 1.398000e+02
3.230000e+02 1.386000e+02
3.305000e+02 1.374000e+02
3.360000e+02 1.368000e+02
3.415000e+02 1.362000e+02
3.437500e+02 1.359000e+02
3.460000e+02 1.356000e+02
3.535000e+02 1.347000e+02
3.610000e+02 1.338000e+02
3.652500e+02 1.332000e+02
3.695000e+02 1.326000e+02
3.732500e+02 1.320000e+02
3.770000e+02 1.314000e+02
3.802500e+02 1.308000e+02
3.835000e+02 1.302000e+02
3.862500e+02 1.296000e+02
3.890000e+02 1.290000e+02
3.912500e+02 1.287000e+02
3.935000e+02 1.284000e+02
3.947500e+02 1.281000e+02
3.960000e+02 1.278000e+02
3.970000e+02 1.275000e+02
3.980000e+02 1.272000e+02
3.985000e+02 1.272000e+02
3.990000e+02 1.272000e+02
3.995000e+02 1.269000e+02
4.000000e+02 1.266000e+02
4.002500e+02 1.266000e+02
4.005000e+02 1.266000e+02
4.007500e+02 1.266000e+02
4.010000e+02 1.266000e+02
4.012500e+02 1.266000e+02
4.015000e+02 1.266000e+02
4.015000e+02 1.266000e+02
4.015000e+02 1.266000e+02
4.015000e+02 1.266000e+02
4.015000e+02 1.266000e+02
4.017500e+02 1.266000e+02
4.020000e+02 1.266000e+02
4.020000e+02 1.266000e+02
4.020000e+02 1.266000e+02
4.020000e+02 1.266000e+02
4.020000e+02 1.266000e+02
4.020000e+02 1.266000e+02
4.020000e+02 1.266000e+02
4.020000e+02 1.266000e+02
4.020000e+02 1.266000e+02
4.020000e+02 1.269000e+02
4.020000e+02 1.272000e+02
4.017500e+02 1.272000e+02
4.015000e+02 1.272000e+02
4.015000e+02 1.275000e+02
4.015000e+02 1.278000e+02
4.015000e+02 1.281000e+02
4.015000e+02 1.284000e+02
4.015000e+02 1.287000e+02
4.015000e+02 1.290000e+02
4.015000e+02 1.296000e+02
4.015000e+02 1.302000e+02
4.012500e+02 1.311000e+02
4.010000e+02 1.320000e+02
4.007500e+02 1.341000e+02
4.005000e+02 1.362000e+02
4.000000e+02 1.404000e+02
3.995000e+02 1.446000e+02
3.987500e+02 1.491000e+02
3.980000e+02 1.536000e+02
3.972500e+02 1.572000e+02
3.965000e+02 1.608000e+02
3.957500e+02 1.641000e+02
3.950000e+02 1.674000e+02
3.937500e+02 1.722000e+02
3.925000e+02 1.770000e+02
3.912500e+02 1.818000e+02
3.900000e+02 1.866000e+02
3.890000e+02 1.911000e+02
3.880000e+02 1.956000e+02
3.855000e+02 2.058000e+02
3.825000e+02 2.160000e+02
3.785000e+02 2.304000e+02
3.760000e+02 2.400000e+02
3.740000e+02 2.496000e+02
3.720000e+02 2.574000e+02
3.700000e+02 2.670000e+02
3.685000e+02 2.754000e+02
3.670000e+02 2.838000e+02
3.660000e+02 2.928000e+02
3.655000e+02 3.006000e+02
3.655000e+02 3.090000e+02
3.650000e+02 3.168000e+02
3.650000e+02 3.240000e+02
3.645000e+02 3.336000e+02
3.640000e+02 3.396000e+02
3.635000e+02 3.444000e+02
3.635000e+02 3.486000e+02
3.630000e+02 3.522000e+02
3.625000e+02 3.552000e+02
3.620000e+02 3.582000e+02
3.620000e+02 3.600000e+02
3.615000e+02 3.618000e+02
3.615000e+02 3.630000e+02
3.615000e+02 3.642000e+02
3.610000e+02 3.648000e+02
3.610000e+02 3.654000e+02
3.610000e+02 3.654000e+02
3.605000e+02 3.654000e+02
3.600000e+02 3.660000e+02
3.600000e+02 3.660000e+02
3.595000e+02 3.654000e+02
3.590000e+02 3.654000e+02
3.580000e+02 3.648000e+02
3.570000e+02 3.642000e+02
3.545000e+02 3.630000e+02
3.490000e+02 3.618000e+02
3.430000e+02 3.612000e+02
3.355000e+02 3.606000e+02
3.280000e+02 3.600000e+02
3.205000e+02 3.600000e+02
3.115000e+02 3.600000e+02
3.025000e+02 3.606000e+02
2.930000e+02 3.612000e+02
2.840000e+02 3.612000e+02
2.760000e+02 3.618000e+02
2.680000e+02 3.618000e+02
2.605000e+02 3.624000e+02
2.545000e+02 3.624000e+02
2.490000e+02 3.624000e+02
2.440000e+02 3.618000e+02
2.395000e+02 3.612000e+02
2.340000e+02 3.600000e+02
2.315000e+02 3.594000e+02
2.295000e+02 3.582000e+02
2.280000e+02 3.570000e+02
2.265000e+02 3.558000e+02
2.250000e+02 3.540000e+02
2.235000e+02 3.528000e+02
2.225000e+02 3.504000e+02
2.215000e+02 3.480000e+02
2.210000e+02 3.456000e+02
2.205000e+02 3.438000e+02
2.205000e+02 3.420000e+02
2.205000e+02 3.402000e+02
2.205000e+02 3.378000e+02
2.215000e+02 3.336000e+02
2.215000e+02 3.312000e+02
2.225000e+02 3.282000e+02
2.230000e+02 3.258000e+02
2.240000e+02 3.204000e+02
2.245000e+02 3.138000e+02
2.255000e+02 3.054000e+02
2.260000e+02 2.976000e+02
2.275000e+02 2.874000e+02
2.290000e+02 2.748000e+02
2.315000e+02 2.574000e+02
2.335000e+02 2.448000e+02
2.340000e+02 2.388000e+02
2.360000e+02 2.268000e+02
2.370000e+02 2.154000e+02
2.390000e+02 1.998000e+02
2.405000e+02 1.872000e+02
2.415000e+02 1.764000e+02
2.420000e+02 1.710000e+02
2.425000e+02 1.662000e+02
2.425000e+02 1.638000e+02
2.425000e+02 1.620000e+02
2.425000e+02 1.608000e+02
2.425000e+02 1.596000e+02
2.425000e+02 1.590000e+02
2.425000e+02 1.590000e+02
2.425000e+02 1.584000e+02
2.425000e+02 1.584000e+02
2.425000e+02 1.584000e+02
2.425000e+02 1.584000e+02
2.425000e+02 1.584000e+02
