2.385000e+02 7.920000e+01
2.385000e+02 7.920000e+01
2.385000e+02 7.920000e+01
2.385000e+02 7.920000e+01
2.385000e+02 7.920000e+01
2.385000e+02 7.980000e+01
2.385000e+02 8.040000e+01
2.385000e+02 8.100000e+01
2.385000e+02 8.160000e+01
2.385000e+02 8.250000e+01
2.385000e+02 8.340000e+01
2.385000e+02 8.430000e+01
2.385000e+02 8.520000e+01
2.385000e+02 8.625000e+01
2.385000e+02 8.730000e+01
2.385000e+02 8.835000e+01
2.385000e+02 8.940000e+01
2.387500e+02 9.150000e+01
2.390000e+02 9.360000e+01
2.392500e+02 9.570000e+01
2.395000e+02 9.780000e+01
2.398750e+02 9.960000e+01
2.402500e+02 1.014000e+02
2.406250e+02 1.032000e+02
2.410000e+02 1.050000e+02
2.413750e+02 1.068000e+02
2.417500e+02 1.086000e+02
2.421250e+02 1.104000e+02
2.425000e+02 1.122000e+02
2.427500e+02 1.132500e+02
2.430000e+02 1.143000e+02
2.432500e+02 1.153500e+02
2.435000e+02 1.164000e+02
2.438750e+02 1.174500e+02
2.442500e+02 1.185000e+02
2.446250e+02 1.195500e+02
2.450000e+02 1.206000e+02
2.453750e+02 1.218000e+02
2.457500e+02 1.230000e+02
2.461250e+02 1.242000e+02
2.465000e+02 1.254000e+02
2.468750e+02 1.266000e+02
2.472500e+02 1.278000e+02
2.476250e+02 1.290000e+02
2.480000e+02 1.302000e+02
2.483750e+02 1.315500e+02
2.487500e+02 1.329000e+02
2.491250e+02 1.342500e+02
2.495000e+02 1.356000e+02
2.500000e+02 1.371000e+02
2.505000e+02 1.386000e+02
2.510000e+02 1.401000e+02
2.515000e+02 1.416000e+02
2.518750e+02 1.431000e+02
2.522500e+02 1.446000e+02
2.526250e+02 1.461000e+02
2.530000e+02 1.476000e+02
2.535000e+02 1.491000e+02
2.540000e+02 1.506000e+02
2.545000e+02 1.521000e+02
2.550000e+02 1.536000e+02
2.553750e+02 1.552500e+02
2.557500e+02 1.569000e+02
2.561250e+02 1.585500e+02
2.565000e+02 1.602000e+02
2.570000e+02 1.620000e+02
2.575000e+02 1.638000e+02
2.580000e+02 1.656000e+02
2.585000e+02 1.674000e+02
2.591250e+02 1.692000e+02
2.597500e+02 1.710000e+02
2.603750e+02 1.728000e+02
2.610000e+02 1.746000e+02
2.613750e+02 1.764000e+02
2.617500e+02 1.782000e+02
2.621250e+02 1.800000e+02
2.625000e+02 1.818000e+02
2.628750e+02 1.836000e+02
2.632500e+02 1.854000e+02
2.636250e+02 1.872000e+02
2.640000e+02 1.890000e+02
2.643750e+02 1.908000e+02
2.647500e+02 1.926000e+02
2.651250e+02 1.944000e+02
2.655000e+02 1.962000e+02
2.661250e+02 1.992000e+02
2.667500e+02 2.022000e+02
2.673750e+02 2.052000e+02
2.680000e+02 2.082000e+02
2.683750e+02 2.100000e+02
2.687500e+02 2.118000e+02
2.691250e+02 2.136000e+02
2.695000e+02 2.154000e+02
2.700000e+02 2.172000e+02
2.705000e+02 2.190000e+02
2.710000e+02 2.208000e+02
2.715000e+02 2.226000e+02
2.718750e+02 2.244000e+02
2.722500e+02 2.262000e+02
2.726250e+02 2.280000e+02
2.730000e+02 2.298000e+02
2.733750e+02 2.316000e+02
2.737500e+02 2.334000e+02
2.741250e+02 2.352000e+02
2.745000e+02 2.370000e+02
2.748750e+02 2.388000e+02
2.752500e+02 2.406000e+02
2.756250e+02 2.424000e+02
2.760000e+02 2.442000e+02
2.763750e+02 2.460000e+02
2.767500e+02 2.478000e+02
2.775000e+02 2.514000e+02
2.780000e+02 2.547000e+02
2.785000e+02 2.580000e+02
2.792500e+02 2.613000e+02
2.800000e+02 2.646000e+02
2.805000e+02 2.679000e+02
2.810000e+02 2.712000e+02
2.817500e+02 2.745000e+02
2.825000e+02 2.778000e+02
2.832500e+02 2.811000e+02
2.840000e+02 2.844000e+02
2.845000e+02 2.871000e+02
2.850000e+02 2.898000e+02
2.857500e+02 2.937000e+02
2.865000e+02 2.976000e+02
2.867500e+02 2.988000e+02
2.870000e+02 3.000000e+02
2.875000e+02 3.033000e+02
2.880000e+02 3.066000e+02
2.882500e+02 3.096000e+02
2.885000e+02 3.126000e+02
2.890000e+02 3.153000e+02
2.895000e+02 3.180000e+02
2.900000e+02 3.198000e+02
2.905000e+02 3.216000e+02
2.907500e+02 3.240000e+02
2.910000e+02 3.264000e+02
2.912500e+02 3.282000e+02
2.915000e+02 3.300000e+02
2.920000e+02 3.321000e+02
2.925000e+02 3.342000e+02
2.930000e+02 3.360000e+02
2.935000e+02 3.378000e+02
2.940000e+02 3.399000e+02
2.945000e+02 3.420000e+02
2.950000e+02 3.441000e+02
2.955000e+02 3.462000e+02
2.960000e+02 3.480000e+02
2.965000e+02 3.498000e+02
2.967500e+02 3.519000e+02
2.970000e+02 3.540000e+02
2.977500e+02 3.564000e+02
2.985000e+02 3.588000e+02
2.987500e+02 3.609000e+02
2.990000e+02 3.630000e+02
2.995000e+02 3.654000e+02
3.000000e+02 3.678000e+02
3.007500e+02 3.714000e+02
3.015000e+02 3.750000e+02
3.020000e+02 3.777000e+02
3.025000e+02 3.804000e+02
3.030000e+02 3.831000e+02
3.035000e+02 3.858000e+02
3.040000e+02 3.885000e+02
3.045000e+02 3.912000e+02
3.047500e+02 3.939000e+02
3.050000e+02 3.966000e+02
3.055000e+02 3.993000e+02
3.060000e+02 4.020000e+02
3.065000e+02 4.047000e+02
3.070000e+02 4.074000e+02
3.072500e+02 4.086000e+02
3.075000e+02 4.098000e+02
3.080000e+02 4.128000e+02
3.085000e+02 4.158000e+02
3.092500e+02 4.191000e+02
3.100000e+02 4.224000e+02
3.102500e+02 4.245000e+02
3.105000e+02 4.266000e+02
3.107500e+02 4.284000e+02
3.110000e+02 4.302000e+02
3.112500e+02 4.317000e+02
3.115000e+02 4.332000e+02
3.120000e+02 4.347000e+02
3.125000e+02 4.362000e+02
3.125000e+02 4.371000e+02
3.125000e+02 4.380000e+02
3.127500e+02 4.386000e+02
3.130000e+02 4.392000e+02
3.130000e+02 4.398000e+02
3.130000e+02 4.404000e+02
3.130000e+02 4.407000e+02
3.130000e+02 4.410000e+02
3.132500e+02 4.413000e+02
3.135000e+02 4.416000e+02
3.135000e+02 4.419000e+02
3.135000e+02 4.422000e+02
3.135000e+02 4.422000e+02
3.135000e+02 4.422000e+02
