2.430000e+02 6.060000e+01
2.430000e+02 6.060000e+01
2.430000e+02 6.060000e+01
2.430000e+02 6.060000e+01
2.430000e+02 6.060000e+01
2.428750e+02 6.075000e+01
2.427500e+02 6.090000e+01
2.426250e+02 6.105000e+01
2.425000e+02 6.120000e+01
2.423750e+02 6.120000e+01
2.422500e+02 6.120000e+01
2.421250e+02 6.120000e+01
2.420000e+02 6.120000e+01
2.420000e+02 6.120000e+01
2.420000e+02 6.120000e+01
2.420000e+02 6.120000e+01
2.420000e+02 6.120000e+01
2.420000e+02 6.150000e+01
2.420000e+02 6.180000e+01
2.420000e+02 6.210000e+01
2.420000e+02 6.240000e+01
2.418750e+02 6.390000e+01
2.417500e+02 6.540000e+01
2.416250e+02 6.690000e+01
2.415000e+02 6.840000e+01
2.415000e+02 6.990000e+01
2.415000e+02 7.140000e+01
2.415000e+02 7.290000e+01
2.415000e+02 7.440000e+01
2.416250e+02 7.605000e+01
2.417500e+02 7.770000e+01
2.418750e+02 7.935000e+01
2.420000e+02 8.100000e+01
2.420000e+02 8.175000e+01
2.420000e+02 8.250000e+01
2.420000e+02 8.325000e+01
2.420000e+02 8.400000e+01
2.422500e+02 8.685000e+01
2.425000e+02 8.970000e+01
2.427500e+02 9.255000e+01
2.430000e+02 9.540000e+01
2.432500e+02 9.705000e+01
2.435000e+02 9.870000e+01
2.437500e+02 1.003500e+02
2.440000e+02 1.020000e+02
2.441250e+02 1.039500e+02
2.442500e+02 1.059000e+02
2.443750e+02 1.078500e+02
2.445000e+02 1.098000e+02
2.447500e+02 1.114500e+02
2.450000e+02 1.131000e+02
2.452500e+02 1.147500e+02
2.455000e+02 1.164000e+02
2.456250e+02 1.182000e+02
2.457500e+02 1.200000e+02
2.458750e+02 1.218000e+02
2.460000e+02 1.236000e+02
2.462500e+02 1.255500e+02
2.465000e+02 1.275000e+02
2.467500e+02 1.294500e+02
2.470000e+02 1.314000e+02
2.472500e+02 1.333500e+02
2.475000e+02 1.353000e+02
2.477500e+02 1.372500e+02
2.480000e+02 1.392000e+02
2.481250e+02 1.411500e+02
2.482500e+02 1.431000e+02
2.483750e+02 1.450500e+02
2.485000e+02 1.470000e+02
2.486250e+02 1.489500e+02
2.487500e+02 1.509000e+02
2.488750e+02 1.528500e+02
2.490000e+02 1.548000e+02
2.492500e+02 1.569000e+02
2.495000e+02 1.590000e+02
2.497500e+02 1.611000e+02
2.500000e+02 1.632000e+02
2.501250e+02 1.657500e+02
2.502500e+02 1.683000e+02
2.503750e+02 1.708500e+02
2.505000e+02 1.734000e+02
2.506250e+02 1.753500e+02
2.507500e+02 1.773000e+02
2.508750e+02 1.792500e+02
2.510000e+02 1.812000e+02
2.511250e+02 1.843500e+02
2.512500e+02 1.875000e+02
2.513750e+02 1.906500e+02
2.515000e+02 1.938000e+02
2.516250e+02 1.959000e+02
2.517500e+02 1.980000e+02
2.518750e+02 2.001000e+02
2.520000e+02 2.022000e+02
2.521250e+02 2.043000e+02
2.522500e+02 2.064000e+02
2.523750e+02 2.085000e+02
2.525000e+02 2.106000e+02
2.526250e+02 2.127000e+02
2.527500e+02 2.148000e+02
2.528750e+02 2.169000e+02
2.530000e+02 2.190000e+02
2.531250e+02 2.208000e+02
2.532500e+02 2.226000e+02
2.533750e+02 2.244000e+02
2.535000e+02 2.262000e+02
2.535000e+02 2.281500e+02
2.535000e+02 2.301000e+02
2.535000e+02 2.320500e+02
2.535000e+02 2.340000e+02
2.535000e+02 2.356500e+02
2.535000e+02 2.373000e+02
2.535000e+02 2.389500e+02
2.535000e+02 2.406000e+02
2.536250e+02 2.424000e+02
2.537500e+02 2.442000e+02
2.538750e+02 2.460000e+02
2.540000e+02 2.478000e+02
2.540000e+02 2.493000e+02
2.540000e+02 2.508000e+02
2.540000e+02 2.523000e+02
2.540000e+02 2.538000e+02
2.540000e+02 2.554500e+02
2.540000e+02 2.571000e+02
2.540000e+02 2.587500e+02
2.540000e+02 2.604000e+02
2.541250e+02 2.620500e+02
2.542500e+02 2.637000e+02
2.543750e+02 2.653500e+02
2.545000e+02 2.670000e+02
2.545000e+02 2.683500e+02
2.545000e+02 2.697000e+02
2.545000e+02 2.710500e+02
2.545000e+02 2.724000e+02
2.546250e+02 2.740500e+02
2.547500e+02 2.757000e+02
2.550000e+02 2.790000e+02
2.550000e+02 2.817000e+02
2.550000e+02 2.844000e+02
2.550000e+02 2.871000e+02
2.550000e+02 2.898000e+02
2.552500e+02 2.925000e+02
2.555000e+02 2.952000e+02
2.555000e+02 2.988000e+02
2.555000e+02 3.024000e+02
2.555000e+02 3.045000e+02
2.555000e+02 3.066000e+02
2.555000e+02 3.090000e+02
2.555000e+02 3.114000e+02
2.555000e+02 3.135000e+02
2.555000e+02 3.156000e+02
2.557500e+02 3.177000e+02
2.560000e+02 3.198000e+02
2.560000e+02 3.219000e+02
2.560000e+02 3.240000e+02
2.560000e+02 3.264000e+02
2.560000e+02 3.288000e+02
2.560000e+02 3.306000e+02
2.560000e+02 3.324000e+02
2.562500e+02 3.345000e+02
2.565000e+02 3.366000e+02
2.565000e+02 3.390000e+02
2.565000e+02 3.414000e+02
2.567500e+02 3.435000e+02
2.570000e+02 3.456000e+02
2.572500e+02 3.477000e+02
2.575000e+02 3.498000e+02
2.577500e+02 3.522000e+02
2.580000e+02 3.546000e+02
2.585000e+02 3.579000e+02
2.590000e+02 3.612000e+02
2.592500e+02 3.642000e+02
2.595000e+02 3.672000e+02
2.600000e+02 3.702000e+02
2.605000e+02 3.732000e+02
2.607500e+02 3.750000e+02
2.610000e+02 3.768000e+02
2.610000e+02 3.795000e+02
2.610000e+02 3.822000e+02
2.610000e+02 3.840000e+02
2.610000e+02 3.858000e+02
2.612500e+02 3.885000e+02
2.615000e+02 3.912000e+02
2.615000e+02 3.924000e+02
2.615000e+02 3.936000e+02
2.615000e+02 3.945000e+02
2.615000e+02 3.954000e+02
2.615000e+02 3.963000e+02
2.615000e+02 3.972000e+02
2.617500e+02 3.978000e+02
2.620000e+02 3.984000e+02
2.620000e+02 3.987000e+02
2.620000e+02 3.990000e+02
2.620000e+02 3.996000e+02
2.620000e+02 4.002000e+02
2.620000e+02 4.008000e+02
2.620000e+02 4.014000e+02
2.620000e+02 4.017000e+02
2.620000e+02 4.020000e+02
2.620000e+02 4.020000e+02
2.620000e+02 4.020000e+02
