2.315000e+02 1.794000e+02
2.315000e+02 1.794000e+02
2.315000e+02 1.794000e+02
2.317500e+02 1.785000e+02
2.320000e+02 1.776000e+02
2.327500e+02 1.770000e+02
2.335000e+02 1.764000e+02
2.355000e+02 1.737000e+02
2.375000e+02 1.710000e+02
2.410000e+02 1.674000e+02
2.445000e+02 1.638000e+02
2.472500e+02 1.611000e+02
2.500000e+02 1.584000e+02
2.542500e+02 1.554000e+02
2.585000e+02 1.524000e+02
2.635000e+02 1.494000e+02
2.685000e+02 1.464000e+02
2.742500e+02 1.437000e+02
2.800000e+02 1.410000e+02
2.835000e+02 1.398000e+02
2.870000e+02 1.386000e+02
2.907500e+02 1.374000e+02
2.945000e+02 1.362000e+02
2.982500e+02 1.353000e+02
3.020000e+02 1.344000e+02
3.057500e+02 1.335000e+02
3.095000e+02 1.326000e+02
3.140000e+02 1.317000e+02
3.185000e+02 1.308000e+02
3.227500e+02 1.302000e+02
3.270000e+02 1.296000e+02
3.312500e+02 1.290000e+02
3.355000e+02 1.284000e+02
3.400000e+02 1.284000e+02
3.445000e+02 1.284000e+02
3.485000e+02 1.287000e+02
3.525000e+02 1.290000e+02
3.565000e+02 1.293000e+02
3.605000e+02 1.296000e+02
3.662500e+02 1.308000e+02
3.720000e+02 1.320000e+02
3.775000e+02 1.335000e+02
3.830000e+02 1.350000e+02
3.885000e+02 1.368000e+02
3.940000e+02 1.386000e+02
3.975000e+02 1.401000e+02
4.010000e+02 1.416000e+02
4.045000e+02 1.431000e+02
4.080000e+02 1.446000e+02
4.112500e+02 1.464000e+02
4.145000e+02 1.482000e+02
4.175000e+02 1.503000e+02
4.205000e+02 1.524000e+02
4.232500e+02 1.542000e+02
4.260000e+02 1.560000e+02
4.285000e+02 1.584000e+02
4.310000e+02 1.608000e+02
4.330000e+02 1.632000e+02
4.350000e+02 1.656000e+02
4.367500e+02 1.677000e+02
4.385000e+02 1.698000e+02
4.405000e+02 1.731000e+02
4.425000e+02 1.764000e+02
4.440000e+02 1.788000e+02
4.455000e+02 1.812000e+02
4.470000e+02 1.854000e+02
4.485000e+02 1.896000e+02
4.495000e+02 1.935000e+02
4.505000e+02 1.974000e+02
4.510000e+02 2.001000e+02
4.515000e+02 2.028000e+02
4.517500e+02 2.070000e+02
4.520000e+02 2.112000e+02
4.520000e+02 2.145000e+02
4.520000e+02 2.178000e+02
4.517500e+02 2.208000e+02
4.515000e+02 2.238000e+02
4.512500e+02 2.265000e+02
4.510000e+02 2.292000e+02
4.505000e+02 2.325000e+02
4.500000e+02 2.358000e+02
4.495000e+02 2.385000e+02
4.490000e+02 2.412000e+02
4.482500e+02 2.445000e+02
4.475000e+02 2.478000e+02
4.467500e+02 2.508000e+02
4.460000e+02 2.538000e+02
4.450000e+02 2.562000e+02
4.440000e+02 2.586000e+02
4.427500e+02 2.616000e+02
4.415000e+02 2.646000e+02
4.400000e+02 2.688000e+02
4.385000e+02 2.730000e+02
4.347500e+02 2.787000e+02
4.310000e+02 2.844000e+02
4.295000e+02 2.868000e+02
4.280000e+02 2.892000e+02
4.257500e+02 2.922000e+02
4.235000e+02 2.952000e+02
4.212500e+02 2.976000e+02
4.190000e+02 3.000000e+02
4.170000e+02 3.021000e+02
4.150000e+02 3.042000e+02
4.125000e+02 3.063000e+02
4.100000e+02 3.084000e+02
4.077500e+02 3.105000e+02
4.055000e+02 3.126000e+02
4.030000e+02 3.147000e+02
4.005000e+02 3.168000e+02
3.982500e+02 3.180000e+02
3.960000e+02 3.192000e+02
3.937500e+02 3.207000e+02
3.915000e+02 3.222000e+02
3.875000e+02 3.240000e+02
3.835000e+02 3.258000e+02
3.810000e+02 3.267000e+02
3.785000e+02 3.276000e+02
3.755000e+02 3.288000e+02
3.725000e+02 3.300000e+02
3.702500e+02 3.312000e+02
3.680000e+02 3.324000e+02
3.652500e+02 3.333000e+02
3.625000e+02 3.342000e+02
3.602500e+02 3.348000e+02
3.580000e+02 3.354000e+02
3.555000e+02 3.363000e+02
3.530000e+02 3.372000e+02
3.502500e+02 3.378000e+02
3.475000e+02 3.384000e+02
3.450000e+02 3.393000e+02
3.425000e+02 3.402000e+02
3.397500e+02 3.411000e+02
3.370000e+02 3.420000e+02
3.345000e+02 3.426000e+02
3.320000e+02 3.432000e+02
3.297500e+02 3.438000e+02
3.275000e+02 3.444000e+02
3.247500e+02 3.453000e+02
3.220000e+02 3.462000e+02
3.192500e+02 3.468000e+02
3.165000e+02 3.474000e+02
3.137500e+02 3.477000e+02
3.110000e+02 3.480000e+02
3.077500e+02 3.486000e+02
3.045000e+02 3.492000e+02
2.970000e+02 3.498000e+02
2.880000e+02 3.504000e+02
2.805000e+02 3.504000e+02
2.715000e+02 3.498000e+02
2.610000e+02 3.474000e+02
2.540000e+02 3.450000e+02
2.470000e+02 3.426000e+02
2.410000e+02 3.390000e+02
2.350000e+02 3.360000e+02
2.300000e+02 3.324000e+02
2.245000e+02 3.276000e+02
2.205000e+02 3.240000e+02
2.165000e+02 3.192000e+02
2.115000e+02 3.120000e+02
2.105000e+02 3.096000e+02
2.070000e+02 3.018000e+02
2.045000e+02 2.946000e+02
2.025000e+02 2.862000e+02
2.015000e+02 2.808000e+02
2.005000e+02 2.736000e+02
1.995000e+02 2.676000e+02
1.985000e+02 2.610000e+02
1.975000e+02 2.550000e+02
1.965000e+02 2.490000e+02
1.960000e+02 2.424000e+02
1.950000e+02 2.364000e+02
1.950000e+02 2.304000e+02
1.955000e+02 2.238000e+02
1.965000e+02 2.178000e+02
1.980000e+02 2.106000e+02
1.995000e+02 2.058000e+02
2.030000e+02 1.974000e+02
2.060000e+02 1.926000e+02
2.090000e+02 1.878000e+02
2.110000e+02 1.860000e+02
2.145000e+02 1.812000e+02
2.205000e+02 1.746000e+02
2.235000e+02 1.716000e+02
2.270000e+02 1.680000e+02
2.305000e+02 1.650000e+02
2.335000e+02 1.620000e+02
2.360000e+02 1.602000e+02
2.385000e+02 1.584000e+02
2.415000e+02 1.566000e+02
2.440000e+02 1.554000e+02
2.460000e+02 1.548000e+02
2.480000e+02 1.542000e+02
2.500000e+02 1.536000e+02
2.520000e+02 1.530000e+02
2.545000e+02 1.530000e+02
2.565000e+02 1.530000e+02
2.590000e+02 1.536000e+02
2.650000e+02 1.536000e+02
2.675000e+02 1.536000e+02
2.675000e+02 1.536000e+02
