3.615000e+02 6.840000e+01
3.615000e+02 6.840000e+01
3.615000e+02 6.840000e+01
3.615000e+02 6.840000e+01
3.615000e+02 6.840000e+01
3.613750e+02 6.855000e+01
3.612500e+02 6.870000e+01
3.611250e+02 6.885000e+01
3.610000e+02 6.900000e+01
3.610000e+02 6.915000e+01
3.610000e+02 6.930000e+01
3.610000e+02 6.945000e+01
3.610000e+02 6.960000e+01
3.606250e+02 7.080000e+01
3.602500e+02 7.200000e+01
3.598750e+02 7.320000e+01
3.595000e+02 7.440000e+01
3.591250e+02 7.605000e+01
3.587500e+02 7.770000e+01
3.583750e+02 7.935000e+01
3.580000e+02 8.100000e+01
3.577500e+02 8.265000e+01
3.575000e+02 8.430000e+01
3.572500e+02 8.595000e+01
3.570000e+02 8.760000e+01
3.567500e+02 8.940000e+01
3.565000e+02 9.120000e+01
3.562500e+02 9.300000e+01
3.560000e+02 9.480000e+01
3.557500e+02 9.630000e+01
3.555000e+02 9.780000e+01
3.552500e+02 9.930000e+01
3.550000e+02 1.008000e+02
3.548750e+02 1.021500e+02
3.547500e+02 1.035000e+02
3.546250e+02 1.048500e+02
3.545000e+02 1.062000e+02
3.542500e+02 1.072500e+02
3.540000e+02 1.083000e+02
3.537500e+02 1.093500e+02
3.535000e+02 1.104000e+02
3.533750e+02 1.113000e+02
3.532500e+02 1.122000e+02
3.531250e+02 1.131000e+02
3.530000e+02 1.140000e+02
3.528750e+02 1.150500e+02
3.527500e+02 1.161000e+02
3.526250e+02 1.171500e+02
3.525000e+02 1.182000e+02
3.522500e+02 1.192500e+02
3.520000e+02 1.203000e+02
3.517500e+02 1.213500e+02
3.515000e+02 1.224000e+02
3.513750e+02 1.231500e+02
3.512500e+02 1.239000e+02
3.511250e+02 1.246500e+02
3.510000e+02 1.254000e+02
3.507500e+02 1.266000e+02
3.505000e+02 1.278000e+02
3.502500e+02 1.290000e+02
3.500000e+02 1.302000e+02
3.498750e+02 1.311000e+02
3.497500e+02 1.320000e+02
3.496250e+02 1.329000e+02
3.495000e+02 1.338000e+02
3.493750e+02 1.348500e+02
3.492500e+02 1.359000e+02
3.491250e+02 1.369500e+02
3.490000e+02 1.380000e+02
3.488750e+02 1.393500e+02
3.487500e+02 1.407000e+02
3.486250e+02 1.420500e+02
3.485000e+02 1.434000e+02
3.482500e+02 1.446000e+02
3.480000e+02 1.458000e+02
3.477500e+02 1.470000e+02
3.475000e+02 1.482000e+02
3.473750e+02 1.494000e+02
3.472500e+02 1.506000e+02
3.471250e+02 1.518000e+02
3.470000e+02 1.530000e+02
3.468750e+02 1.545000e+02
3.467500e+02 1.560000e+02
3.466250e+02 1.575000e+02
3.465000e+02 1.590000e+02
3.463750e+02 1.603500e+02
3.462500e+02 1.617000e+02
3.461250e+02 1.630500e+02
3.460000e+02 1.644000e+02
3.457500e+02 1.666500e+02
3.455000e+02 1.689000e+02
3.452500e+02 1.711500e+02
3.450000e+02 1.734000e+02
3.448750e+02 1.741500e+02
3.447500e+02 1.749000e+02
3.446250e+02 1.756500e+02
3.445000e+02 1.764000e+02
3.443750e+02 1.785000e+02
3.442500e+02 1.806000e+02
3.441250e+02 1.827000e+02
3.440000e+02 1.848000e+02
3.438750e+02 1.863000e+02
3.437500e+02 1.878000e+02
3.436250e+02 1.893000e+02
3.435000e+02 1.908000e+02
3.433750e+02 1.923000e+02
3.432500e+02 1.938000e+02
3.431250e+02 1.953000e+02
3.430000e+02 1.968000e+02
3.428750e+02 1.983000e+02
3.427500e+02 1.998000e+02
3.426250e+02 2.013000e+02
3.425000e+02 2.028000e+02
3.423750e+02 2.043000e+02
3.422500e+02 2.058000e+02
3.421250e+02 2.073000e+02
3.420000e+02 2.088000e+02
3.418750e+02 2.101500e+02
3.417500e+02 2.115000e+02
3.416250e+02 2.128500e+02
3.415000e+02 2.142000e+02
3.413750e+02 2.157000e+02
3.412500e+02 2.172000e+02
3.411250e+02 2.187000e+02
3.410000e+02 2.202000e+02
3.408750e+02 2.215500e+02
3.407500e+02 2.229000e+02
3.406250e+02 2.242500e+02
3.405000e+02 2.256000e+02
3.403750e+02 2.269500e+02
3.402500e+02 2.283000e+02
3.401250e+02 2.296500e+02
3.400000e+02 2.310000e+02
3.398750e+02 2.322000e+02
3.397500e+02 2.334000e+02
3.396250e+02 2.346000e+02
3.395000e+02 2.358000e+02
3.393750e+02 2.370000e+02
3.392500e+02 2.382000e+02
3.391250e+02 2.394000e+02
3.390000e+02 2.406000e+02
3.388750e+02 2.416500e+02
3.387500e+02 2.427000e+02
3.385000e+02 2.448000e+02
3.380000e+02 2.475000e+02
3.375000e+02 2.502000e+02
3.372500e+02 2.523000e+02
3.370000e+02 2.544000e+02
3.367500e+02 2.568000e+02
3.365000e+02 2.592000e+02
3.360000e+02 2.616000e+02
3.355000e+02 2.640000e+02
3.352500e+02 2.661000e+02
3.350000e+02 2.682000e+02
3.347500e+02 2.703000e+02
3.345000e+02 2.724000e+02
3.340000e+02 2.748000e+02
3.335000e+02 2.772000e+02
3.332500e+02 2.793000e+02
3.330000e+02 2.814000e+02
3.325000e+02 2.832000e+02
3.320000e+02 2.850000e+02
3.317500e+02 2.868000e+02
3.315000e+02 2.886000e+02
3.312500e+02 2.904000e+02
3.310000e+02 2.922000e+02
3.305000e+02 2.952000e+02
3.300000e+02 2.982000e+02
3.295000e+02 3.000000e+02
3.290000e+02 3.018000e+02
3.290000e+02 3.027000e+02
3.290000e+02 3.036000e+02
3.287500e+02 3.057000e+02
3.285000e+02 3.078000e+02
3.282500e+02 3.108000e+02
3.280000e+02 3.138000e+02
3.277500e+02 3.156000e+02
3.275000e+02 3.174000e+02
3.272500e+02 3.195000e+02
3.270000e+02 3.216000e+02
3.267500e+02 3.237000e+02
3.265000e+02 3.258000e+02
3.262500e+02 3.276000e+02
3.260000e+02 3.294000e+02
3.260000e+02 3.309000e+02
3.260000e+02 3.324000e+02
3.257500e+02 3.339000e+02
3.255000e+02 3.354000e+02
3.252500e+02 3.366000e+02
3.250000e+02 3.378000e+02
3.250000e+02 3.390000e+02
3.250000e+02 3.402000e+02
3.250000e+02 3.417000e+02
3.250000e+02 3.432000e+02
3.245000e+02 3.459000e+02
3.240000e+02 3.486000e+02
3.237500e+02 3.498000e+02
3.235000e+02 3.510000e+02
3.235000e+02 3.510000e+02
3.235000e+02 3.510000e+02
