2.660000e+02 1.764000e+02
2.660000e+02 1.764000e+02
2.660000e+02 1.764000e+02
2.672500e+02 1.734000e+02
2.685000e+02 1.704000e+02
2.697500e+02 1.677000e+02
2.710000e+02 1.650000e+02
2.727500e+02 1.623000e+02
2.745000e+02 1.596000e+02
2.767500e+02 1.566000e+02
2.790000e+02 1.536000e+02
2.815000e+02 1.509000e+02
2.840000e+02 1.482000e+02
2.870000e+02 1.455000e+02
2.900000e+02 1.428000e+02
2.927500e+02 1.410000e+02
2.955000e+02 1.392000e+02
2.982500e+02 1.377000e+02
3.010000e+02 1.362000e+02
3.042500e+02 1.347000e+02
3.075000e+02 1.332000e+02
3.105000e+02 1.323000e+02
3.135000e+02 1.314000e+02
3.185000e+02 1.302000e+02
3.235000e+02 1.290000e+02
3.272500e+02 1.284000e+02
3.310000e+02 1.278000e+02
3.345000e+02 1.278000e+02
3.380000e+02 1.278000e+02
3.400000e+02 1.275000e+02
3.420000e+02 1.272000e+02
3.455000e+02 1.272000e+02
3.490000e+02 1.272000e+02
3.527500e+02 1.272000e+02
3.565000e+02 1.272000e+02
3.597500e+02 1.272000e+02
3.630000e+02 1.272000e+02
3.680000e+02 1.281000e+02
3.730000e+02 1.290000e+02
3.777500e+02 1.302000e+02
3.825000e+02 1.314000e+02
3.872500e+02 1.326000e+02
3.920000e+02 1.338000e+02
3.950000e+02 1.350000e+02
3.980000e+02 1.362000e+02
4.010000e+02 1.371000e+02
4.040000e+02 1.380000e+02
4.070000e+02 1.392000e+02
4.100000e+02 1.404000e+02
4.127500e+02 1.419000e+02
4.155000e+02 1.434000e+02
4.185000e+02 1.449000e+02
4.215000e+02 1.464000e+02
4.240000e+02 1.485000e+02
4.265000e+02 1.506000e+02
4.292500e+02 1.524000e+02
4.320000e+02 1.542000e+02
4.342500e+02 1.560000e+02
4.365000e+02 1.578000e+02
4.390000e+02 1.602000e+02
4.415000e+02 1.626000e+02
4.437500e+02 1.650000e+02
4.460000e+02 1.674000e+02
4.480000e+02 1.698000e+02
4.500000e+02 1.722000e+02
4.545000e+02 1.776000e+02
4.595000e+02 1.842000e+02
4.615000e+02 1.866000e+02
4.665000e+02 1.938000e+02
4.690000e+02 1.986000e+02
4.715000e+02 2.034000e+02
4.735000e+02 2.076000e+02
4.755000e+02 2.118000e+02
4.770000e+02 2.172000e+02
4.785000e+02 2.244000e+02
4.795000e+02 2.310000e+02
4.800000e+02 2.364000e+02
4.795000e+02 2.430000e+02
4.790000e+02 2.478000e+02
4.780000e+02 2.520000e+02
4.770000e+02 2.568000e+02
4.755000e+02 2.610000e+02
4.735000e+02 2.652000e+02
4.715000e+02 2.694000e+02
4.695000e+02 2.736000e+02
4.670000e+02 2.772000e+02
4.645000e+02 2.814000e+02
4.615000e+02 2.856000e+02
4.585000e+02 2.892000e+02
4.550000e+02 2.928000e+02
4.520000e+02 2.970000e+02
4.485000e+02 3.012000e+02
4.435000e+02 3.054000e+02
4.380000e+02 3.102000e+02
4.340000e+02 3.138000e+02
4.280000e+02 3.186000e+02
4.235000e+02 3.216000e+02
4.195000e+02 3.240000e+02
4.150000e+02 3.264000e+02
4.105000e+02 3.294000e+02
4.065000e+02 3.318000e+02
4.025000e+02 3.336000e+02
3.985000e+02 3.360000e+02
3.945000e+02 3.378000e+02
3.905000e+02 3.390000e+02
3.860000e+02 3.408000e+02
3.820000e+02 3.426000e+02
3.750000e+02 3.450000e+02
3.700000e+02 3.468000e+02
3.650000e+02 3.486000e+02
3.595000e+02 3.504000e+02
3.545000e+02 3.522000e+02
3.490000e+02 3.540000e+02
3.445000e+02 3.552000e+02
3.390000e+02 3.570000e+02
3.340000e+02 3.582000e+02
3.290000e+02 3.600000e+02
3.240000e+02 3.612000e+02
3.190000e+02 3.624000e+02
3.140000e+02 3.636000e+02
3.090000e+02 3.648000e+02
3.040000e+02 3.654000e+02
2.970000e+02 3.666000e+02
2.920000e+02 3.672000e+02
2.865000e+02 3.672000e+02
2.820000e+02 3.678000e+02
2.775000e+02 3.678000e+02
2.730000e+02 3.678000e+02
2.685000e+02 3.672000e+02
2.645000e+02 3.672000e+02
2.605000e+02 3.666000e+02
2.565000e+02 3.660000e+02
2.530000e+02 3.654000e+02
2.485000e+02 3.642000e+02
2.435000e+02 3.624000e+02
2.380000e+02 3.606000e+02
2.330000e+02 3.588000e+02
2.280000e+02 3.570000e+02
2.235000e+02 3.546000e+02
2.195000e+02 3.528000e+02
2.145000e+02 3.486000e+02
2.130000e+02 3.468000e+02
2.085000e+02 3.426000e+02
2.055000e+02 3.390000e+02
2.020000e+02 3.330000e+02
1.990000e+02 3.270000e+02
1.965000e+02 3.222000e+02
1.940000e+02 3.120000e+02
1.930000e+02 3.066000e+02
1.925000e+02 3.012000e+02
1.920000e+02 2.958000e+02
1.920000e+02 2.898000e+02
1.920000e+02 2.844000e+02
1.925000e+02 2.790000e+02
1.930000e+02 2.736000e+02
1.935000e+02 2.688000e+02
1.940000e+02 2.640000e+02
1.950000e+02 2.580000e+02
1.960000e+02 2.538000e+02
1.975000e+02 2.490000e+02
1.990000e+02 2.430000e+02
2.000000e+02 2.382000e+02
2.025000e+02 2.310000e+02
2.040000e+02 2.262000e+02
2.050000e+02 2.226000e+02
2.065000e+02 2.190000e+02
2.085000e+02 2.154000e+02
2.100000e+02 2.118000e+02
2.115000e+02 2.088000e+02
2.140000e+02 2.040000e+02
2.165000e+02 2.016000e+02
2.195000e+02 1.980000e+02
2.220000e+02 1.950000e+02
2.250000e+02 1.926000e+02
2.275000e+02 1.902000e+02
2.305000e+02 1.878000e+02
2.340000e+02 1.860000e+02
2.370000e+02 1.842000e+02
2.410000e+02 1.818000e+02
2.430000e+02 1.806000e+02
2.490000e+02 1.770000e+02
2.535000e+02 1.752000e+02
2.570000e+02 1.734000e+02
2.610000e+02 1.722000e+02
2.645000e+02 1.710000e+02
2.690000e+02 1.692000e+02
2.730000e+02 1.680000e+02
2.780000e+02 1.668000e+02
2.830000e+02 1.650000e+02
2.885000e+02 1.632000e+02
2.945000e+02 1.608000e+02
3.000000e+02 1.590000e+02
3.085000e+02 1.572000e+02
3.140000e+02 1.560000e+02
3.195000e+02 1.548000e+02
3.245000e+02 1.536000e+02
3.310000e+02 1.524000e+02
3.400000e+02 1.494000e+02
3.475000e+02 1.452000e+02
3.475000e+02 1.452000e+02
