3.095000e+02 1.602000e+02
3.095000e+02 1.602000e+02
3.095000e+02 1.602000e+02
3.115000e+02 1.593000e+02
3.135000e+02 1.584000e+02
3.147500e+02 1.578000e+02
3.160000e+02 1.572000e+02
3.187500e+02 1.560000e+02
3.215000e+02 1.548000e+02
3.247500e+02 1.536000e+02
3.280000e+02 1.524000e+02
3.327500e+02 1.512000e+02
3.375000e+02 1.500000e+02
3.410000e+02 1.491000e+02
3.445000e+02 1.482000e+02
3.500000e+02 1.479000e+02
3.555000e+02 1.476000e+02
3.600000e+02 1.479000e+02
3.645000e+02 1.482000e+02
3.675000e+02 1.485000e+02
3.705000e+02 1.488000e+02
3.732500e+02 1.494000e+02
3.760000e+02 1.500000e+02
3.790000e+02 1.512000e+02
3.820000e+02 1.524000e+02
3.865000e+02 1.539000e+02
3.910000e+02 1.554000e+02
3.937500e+02 1.566000e+02
3.965000e+02 1.578000e+02
3.995000e+02 1.596000e+02
4.025000e+02 1.614000e+02
4.050000e+02 1.632000e+02
4.075000e+02 1.650000e+02
4.100000e+02 1.668000e+02
4.125000e+02 1.686000e+02
4.150000e+02 1.701000e+02
4.175000e+02 1.716000e+02
4.195000e+02 1.734000e+02
4.215000e+02 1.752000e+02
4.235000e+02 1.770000e+02
4.255000e+02 1.788000e+02
4.272500e+02 1.806000e+02
4.290000e+02 1.824000e+02
4.305000e+02 1.842000e+02
4.320000e+02 1.860000e+02
4.337500e+02 1.884000e+02
4.355000e+02 1.908000e+02
4.362500e+02 1.923000e+02
4.370000e+02 1.938000e+02
4.377500e+02 1.950000e+02
4.385000e+02 1.962000e+02
4.392500e+02 1.977000e+02
4.400000e+02 1.992000e+02
4.412500e+02 2.025000e+02
4.425000e+02 2.058000e+02
4.430000e+02 2.073000e+02
4.435000e+02 2.088000e+02
4.440000e+02 2.106000e+02
4.445000e+02 2.124000e+02
4.450000e+02 2.139000e+02
4.455000e+02 2.154000e+02
4.460000e+02 2.175000e+02
4.465000e+02 2.196000e+02
4.467500e+02 2.214000e+02
4.470000e+02 2.232000e+02
4.475000e+02 2.250000e+02
4.480000e+02 2.268000e+02
4.480000e+02 2.289000e+02
4.480000e+02 2.310000e+02
4.482500e+02 2.346000e+02
4.485000e+02 2.382000e+02
4.482500e+02 2.415000e+02
4.480000e+02 2.448000e+02
4.477500e+02 2.487000e+02
4.475000e+02 2.526000e+02
4.470000e+02 2.547000e+02
4.465000e+02 2.568000e+02
4.457500e+02 2.589000e+02
4.450000e+02 2.610000e+02
4.442500e+02 2.637000e+02
4.435000e+02 2.664000e+02
4.427500e+02 2.685000e+02
4.420000e+02 2.706000e+02
4.410000e+02 2.724000e+02
4.400000e+02 2.742000e+02
4.390000e+02 2.766000e+02
4.380000e+02 2.790000e+02
4.362500e+02 2.814000e+02
4.345000e+02 2.838000e+02
4.330000e+02 2.859000e+02
4.315000e+02 2.880000e+02
4.300000e+02 2.901000e+02
4.285000e+02 2.922000e+02
4.262500e+02 2.946000e+02
4.240000e+02 2.970000e+02
4.217500e+02 2.994000e+02
4.195000e+02 3.018000e+02
4.172500e+02 3.039000e+02
4.150000e+02 3.060000e+02
4.125000e+02 3.084000e+02
4.100000e+02 3.108000e+02
4.077500e+02 3.129000e+02
4.055000e+02 3.150000e+02
4.030000e+02 3.171000e+02
4.005000e+02 3.192000e+02
3.977500e+02 3.210000e+02
3.950000e+02 3.228000e+02
3.920000e+02 3.249000e+02
3.890000e+02 3.270000e+02
3.862500e+02 3.291000e+02
3.835000e+02 3.312000e+02
3.807500e+02 3.330000e+02
3.780000e+02 3.348000e+02
3.750000e+02 3.363000e+02
3.720000e+02 3.378000e+02
3.690000e+02 3.393000e+02
3.660000e+02 3.408000e+02
3.555000e+02 3.468000e+02
3.485000e+02 3.498000e+02
3.425000e+02 3.528000e+02
3.355000e+02 3.546000e+02
3.290000e+02 3.564000e+02
3.230000e+02 3.582000e+02
3.175000e+02 3.594000e+02
3.105000e+02 3.612000e+02
3.050000e+02 3.618000e+02
2.975000e+02 3.612000e+02
2.875000e+02 3.606000e+02
2.815000e+02 3.594000e+02
2.755000e+02 3.588000e+02
2.665000e+02 3.564000e+02
2.610000e+02 3.546000e+02
2.530000e+02 3.522000e+02
2.460000e+02 3.492000e+02
2.395000e+02 3.450000e+02
2.355000e+02 3.420000e+02
2.325000e+02 3.402000e+02
2.300000e+02 3.378000e+02
2.275000e+02 3.342000e+02
2.250000e+02 3.312000e+02
2.230000e+02 3.282000e+02
2.210000e+02 3.252000e+02
2.195000e+02 3.210000e+02
2.180000e+02 3.168000e+02
2.165000e+02 3.126000e+02
2.165000e+02 3.108000e+02
2.150000e+02 3.030000e+02
2.145000e+02 2.982000e+02
2.145000e+02 2.934000e+02
2.145000e+02 2.850000e+02
2.150000e+02 2.760000e+02
2.160000e+02 2.700000e+02
2.170000e+02 2.634000e+02
2.185000e+02 2.568000e+02
2.195000e+02 2.520000e+02
2.205000e+02 2.478000e+02
2.215000e+02 2.424000e+02
2.230000e+02 2.382000e+02
2.240000e+02 2.340000e+02
2.265000e+02 2.262000e+02
2.290000e+02 2.220000e+02
2.315000e+02 2.172000e+02
2.350000e+02 2.118000e+02
2.375000e+02 2.070000e+02
2.405000e+02 2.034000e+02
2.440000e+02 1.992000e+02
2.465000e+02 1.950000e+02
2.495000e+02 1.914000e+02
2.520000e+02 1.884000e+02
2.575000e+02 1.842000e+02
2.610000e+02 1.800000e+02
2.650000e+02 1.764000e+02
2.690000e+02 1.734000e+02
2.725000e+02 1.716000e+02
2.765000e+02 1.686000e+02
2.810000e+02 1.662000e+02
2.855000e+02 1.626000e+02
2.880000e+02 1.608000e+02
2.955000e+02 1.572000e+02
2.990000e+02 1.554000e+02
3.035000e+02 1.536000e+02
3.080000e+02 1.518000e+02
3.125000e+02 1.500000e+02
3.170000e+02 1.482000e+02
3.215000e+02 1.464000e+02
3.265000e+02 1.452000e+02
3.310000e+02 1.440000e+02
3.390000e+02 1.422000e+02
3.440000e+02 1.416000e+02
3.495000e+02 1.404000e+02
3.545000e+02 1.398000e+02
3.595000e+02 1.392000e+02
3.715000e+02 1.374000e+02
3.780000e+02 1.368000e+02
3.835000e+02 1.362000e+02
3.890000e+02 1.356000e+02
3.950000e+02 1.350000e+02
4.025000e+02 1.338000e+02
4.080000e+02 1.332000e+02
4.080000e+02 1.332000e+02
