2.550000e+02 4.056000e+02
2.550000e+02 4.056000e+02
2.550000e+02 4.056000e+02
2.550000e+02 4.056000e+02
2.550000e+02 4.056000e+02
2.548750e+02 4.057500e+02
2.547500e+02 4.059000e+02
2.546250e+02 4.060500e+02
2.545000e+02 4.062000e+02
2.545000e+02 4.062000e+02
2.545000e+02 4.062000e+02
2.545000e+02 4.062000e+02
2.545000e+02 4.062000e+02
2.543750e+02 4.062000e+02
2.542500e+02 4.062000e+02
2.541250e+02 4.062000e+02
2.540000e+02 4.062000e+02
2.540000e+02 4.062000e+02
2.540000e+02 4.062000e+02
2.540000e+02 4.062000e+02
2.540000e+02 4.062000e+02
2.538750e+02 4.059000e+02
2.537500e+02 4.056000e+02
2.536250e+02 4.053000e+02
2.535000e+02 4.050000e+02
2.533750e+02 4.044000e+02
2.532500e+02 4.038000e+02
2.531250e+02 4.032000e+02
2.530000e+02 4.026000e+02
2.528750e+02 4.021500e+02
2.527500e+02 4.017000e+02
2.526250e+02 4.012500e+02
2.525000e+02 4.008000e+02
2.521250e+02 3.987000e+02
2.517500e+02 3.966000e+02
2.513750e+02 3.945000e+02
2.510000e+02 3.924000e+02
2.507500e+02 3.912000e+02
2.505000e+02 3.900000e+02
2.502500e+02 3.888000e+02
2.500000e+02 3.876000e+02
2.497500e+02 3.859500e+02
2.495000e+02 3.843000e+02
2.492500e+02 3.826500e+02
2.490000e+02 3.810000e+02
2.487500e+02 3.795000e+02
2.485000e+02 3.780000e+02
2.482500e+02 3.765000e+02
2.480000e+02 3.750000e+02
2.478750e+02 3.741000e+02
2.477500e+02 3.732000e+02
2.476250e+02 3.723000e+02
2.475000e+02 3.714000e+02
2.471250e+02 3.688500e+02
2.467500e+02 3.663000e+02
2.463750e+02 3.637500e+02
2.460000e+02 3.612000e+02
2.457500e+02 3.595500e+02
2.455000e+02 3.579000e+02
2.452500e+02 3.562500e+02
2.450000e+02 3.546000e+02
2.448750e+02 3.528000e+02
2.447500e+02 3.510000e+02
2.446250e+02 3.492000e+02
2.445000e+02 3.474000e+02
2.442500e+02 3.456000e+02
2.440000e+02 3.438000e+02
2.437500e+02 3.420000e+02
2.435000e+02 3.402000e+02
2.433750e+02 3.384000e+02
2.432500e+02 3.366000e+02
2.431250e+02 3.348000e+02
2.430000e+02 3.330000e+02
2.428750e+02 3.310500e+02
2.427500e+02 3.291000e+02
2.426250e+02 3.271500e+02
2.425000e+02 3.252000e+02
2.422500e+02 3.231000e+02
2.420000e+02 3.210000e+02
2.417500e+02 3.189000e+02
2.415000e+02 3.168000e+02
2.413750e+02 3.145500e+02
2.412500e+02 3.123000e+02
2.411250e+02 3.100500e+02
2.410000e+02 3.078000e+02
2.407500e+02 3.057000e+02
2.405000e+02 3.036000e+02
2.402500e+02 3.015000e+02
2.400000e+02 2.994000e+02
2.398750e+02 2.973000e+02
2.397500e+02 2.952000e+02
2.396250e+02 2.931000e+02
2.395000e+02 2.910000e+02
2.393750e+02 2.890500e+02
2.392500e+02 2.871000e+02
2.391250e+02 2.851500e+02
2.390000e+02 2.832000e+02
2.388750e+02 2.811000e+02
2.387500e+02 2.790000e+02
2.386250e+02 2.769000e+02
2.385000e+02 2.748000e+02
2.383750e+02 2.716500e+02
2.382500e+02 2.685000e+02
2.381250e+02 2.653500e+02
2.380000e+02 2.622000e+02
2.378750e+02 2.601000e+02
2.377500e+02 2.580000e+02
2.376250e+02 2.559000e+02
2.375000e+02 2.538000e+02
2.373750e+02 2.517000e+02
2.372500e+02 2.496000e+02
2.371250e+02 2.475000e+02
2.370000e+02 2.454000e+02
2.368750e+02 2.433000e+02
2.367500e+02 2.412000e+02
2.366250e+02 2.391000e+02
2.365000e+02 2.370000e+02
2.363750e+02 2.347500e+02
2.362500e+02 2.325000e+02
2.361250e+02 2.302500e+02
2.360000e+02 2.280000e+02
2.358750e+02 2.257500e+02
2.357500e+02 2.235000e+02
2.356250e+02 2.212500e+02
2.355000e+02 2.190000e+02
2.353750e+02 2.167500e+02
2.352500e+02 2.145000e+02
2.351250e+02 2.122500e+02
2.350000e+02 2.100000e+02
2.350000e+02 2.077500e+02
2.350000e+02 2.055000e+02
2.350000e+02 2.032500e+02
2.350000e+02 2.010000e+02
2.348750e+02 1.989000e+02
2.347500e+02 1.968000e+02
2.346250e+02 1.947000e+02
2.345000e+02 1.926000e+02
2.343750e+02 1.903500e+02
2.342500e+02 1.881000e+02
2.341250e+02 1.858500e+02
2.340000e+02 1.836000e+02
2.340000e+02 1.812000e+02
2.340000e+02 1.788000e+02
2.340000e+02 1.764000e+02
2.340000e+02 1.740000e+02
2.340000e+02 1.717500e+02
2.340000e+02 1.695000e+02
2.340000e+02 1.672500e+02
2.340000e+02 1.650000e+02
2.338750e+02 1.618500e+02
2.337500e+02 1.587000e+02
2.336250e+02 1.555500e+02
2.335000e+02 1.524000e+02
2.333750e+02 1.506000e+02
2.332500e+02 1.488000e+02
2.330000e+02 1.452000e+02
2.327500e+02 1.410000e+02
2.325000e+02 1.368000e+02
2.322500e+02 1.332000e+02
2.320000e+02 1.296000e+02
2.317500e+02 1.260000e+02
2.315000e+02 1.224000e+02
2.315000e+02 1.194000e+02
2.315000e+02 1.164000e+02
2.312500e+02 1.137000e+02
2.310000e+02 1.110000e+02
2.307500e+02 1.080000e+02
2.305000e+02 1.050000e+02
2.302500e+02 1.020000e+02
2.300000e+02 9.900000e+01
2.300000e+02 9.660000e+01
2.300000e+02 9.420000e+01
2.297500e+02 9.030000e+01
2.295000e+02 8.640000e+01
2.295000e+02 8.520000e+01
2.295000e+02 8.400000e+01
2.295000e+02 8.160000e+01
2.295000e+02 7.920000e+01
2.295000e+02 7.590000e+01
2.295000e+02 7.260000e+01
2.292500e+02 7.080000e+01
2.290000e+02 6.900000e+01
2.290000e+02 6.780000e+01
2.290000e+02 6.660000e+01
2.290000e+02 6.540000e+01
2.290000e+02 6.420000e+01
2.290000e+02 6.360000e+01
2.290000e+02 6.300000e+01
2.290000e+02 6.240000e+01
2.290000e+02 6.180000e+01
2.290000e+02 6.150000e+01
2.290000e+02 6.120000e+01
2.290000e+02 6.090000e+01
2.290000e+02 6.060000e+01
2.292500e+02 6.030000e+01
2.295000e+02 6.000000e+01
2.295000e+02 6.000000e+01
2.295000e+02 6.000000e+01
2.295000e+02 6.000000e+01
2.295000e+02 6.000000e+01
