3.105000e+02 5.460000e+01
3.105000e+02 5.460000e+01
3.105000e+02 5.460000e+01
3.105000e+02 5.460000e+01
3.105000e+02 5.460000e+01
3.105000e+02 5.535000e+01
3.105000e+02 5.610000e+01
3.105000e+02 5.685000e+01
3.105000e+02 5.760000e+01
3.103750e+02 5.895000e+01
3.102500e+02 6.030000e+01
3.101250e+02 6.165000e+01
3.100000e+02 6.300000e+01
3.098750e+02 6.465000e+01
3.097500e+02 6.630000e+01
3.096250e+02 6.795000e+01
3.095000e+02 6.960000e+01
3.092500e+02 7.200000e+01
3.090000e+02 7.440000e+01
3.087500e+02 7.680000e+01
3.085000e+02 7.920000e+01
3.082500e+02 8.055000e+01
3.080000e+02 8.190000e+01
3.077500e+02 8.325000e+01
3.075000e+02 8.460000e+01
3.073750e+02 8.595000e+01
3.072500e+02 8.730000e+01
3.071250e+02 8.865000e+01
3.070000e+02 9.000000e+01
3.068750e+02 9.150000e+01
3.067500e+02 9.300000e+01
3.066250e+02 9.450000e+01
3.065000e+02 9.600000e+01
3.061250e+02 9.900000e+01
3.057500e+02 1.020000e+02
3.053750e+02 1.050000e+02
3.050000e+02 1.080000e+02
3.050000e+02 1.096500e+02
3.050000e+02 1.113000e+02
3.050000e+02 1.129500e+02
3.050000e+02 1.146000e+02
3.048750e+02 1.162500e+02
3.047500e+02 1.179000e+02
3.046250e+02 1.195500e+02
3.045000e+02 1.212000e+02
3.045000e+02 1.228500e+02
3.045000e+02 1.245000e+02
3.045000e+02 1.261500e+02
3.045000e+02 1.278000e+02
3.045000e+02 1.294500e+02
3.045000e+02 1.311000e+02
3.045000e+02 1.327500e+02
3.045000e+02 1.344000e+02
3.045000e+02 1.362000e+02
3.045000e+02 1.380000e+02
3.045000e+02 1.398000e+02
3.045000e+02 1.416000e+02
3.043750e+02 1.432500e+02
3.042500e+02 1.449000e+02
3.041250e+02 1.465500e+02
3.040000e+02 1.482000e+02
3.040000e+02 1.498500e+02
3.040000e+02 1.515000e+02
3.040000e+02 1.531500e+02
3.040000e+02 1.548000e+02
3.040000e+02 1.567500e+02
3.040000e+02 1.587000e+02
3.040000e+02 1.606500e+02
3.040000e+02 1.626000e+02
3.040000e+02 1.647000e+02
3.040000e+02 1.668000e+02
3.040000e+02 1.689000e+02
3.040000e+02 1.710000e+02
3.040000e+02 1.728000e+02
3.040000e+02 1.746000e+02
3.040000e+02 1.764000e+02
3.040000e+02 1.782000e+02
3.040000e+02 1.803000e+02
3.040000e+02 1.824000e+02
3.040000e+02 1.845000e+02
3.040000e+02 1.866000e+02
3.038750e+02 1.885500e+02
3.037500e+02 1.905000e+02
3.036250e+02 1.924500e+02
3.035000e+02 1.944000e+02
3.035000e+02 1.965000e+02
3.035000e+02 1.986000e+02
3.035000e+02 2.007000e+02
3.035000e+02 2.028000e+02
3.035000e+02 2.046000e+02
3.035000e+02 2.064000e+02
3.035000e+02 2.082000e+02
3.035000e+02 2.100000e+02
3.035000e+02 2.119500e+02
3.035000e+02 2.139000e+02
3.035000e+02 2.158500e+02
3.035000e+02 2.178000e+02
3.035000e+02 2.194500e+02
3.035000e+02 2.211000e+02
3.035000e+02 2.227500e+02
3.035000e+02 2.244000e+02
3.035000e+02 2.260500e+02
3.035000e+02 2.277000e+02
3.035000e+02 2.293500e+02
3.035000e+02 2.310000e+02
3.035000e+02 2.326500e+02
3.035000e+02 2.343000e+02
3.035000e+02 2.359500e+02
3.035000e+02 2.376000e+02
3.036250e+02 2.391000e+02
3.037500e+02 2.406000e+02
3.038750e+02 2.421000e+02
3.040000e+02 2.436000e+02
3.040000e+02 2.452500e+02
3.040000e+02 2.469000e+02
3.040000e+02 2.485500e+02
3.040000e+02 2.502000e+02
3.040000e+02 2.515500e+02
3.040000e+02 2.529000e+02
3.040000e+02 2.542500e+02
3.040000e+02 2.556000e+02
3.041250e+02 2.571000e+02
3.042500e+02 2.586000e+02
3.043750e+02 2.601000e+02
3.045000e+02 2.616000e+02
3.046250e+02 2.631000e+02
3.047500e+02 2.646000e+02
3.048750e+02 2.661000e+02
3.050000e+02 2.676000e+02
3.050000e+02 2.691000e+02
3.050000e+02 2.706000e+02
3.050000e+02 2.721000e+02
3.050000e+02 2.736000e+02
3.051250e+02 2.754000e+02
3.052500e+02 2.772000e+02
3.053750e+02 2.790000e+02
3.055000e+02 2.808000e+02
3.057500e+02 2.833500e+02
3.060000e+02 2.859000e+02
3.062500e+02 2.884500e+02
3.065000e+02 2.910000e+02
3.065000e+02 2.919000e+02
3.065000e+02 2.928000e+02
3.065000e+02 2.937000e+02
3.065000e+02 2.946000e+02
3.067500e+02 2.973000e+02
3.070000e+02 3.000000e+02
3.075000e+02 3.054000e+02
3.080000e+02 3.090000e+02
3.085000e+02 3.126000e+02
3.087500e+02 3.156000e+02
3.090000e+02 3.186000e+02
3.092500e+02 3.216000e+02
3.095000e+02 3.246000e+02
3.097500e+02 3.273000e+02
3.100000e+02 3.300000e+02
3.102500e+02 3.324000e+02
3.105000e+02 3.348000e+02
3.107500e+02 3.372000e+02
3.110000e+02 3.396000e+02
3.112500e+02 3.420000e+02
3.115000e+02 3.444000e+02
3.120000e+02 3.465000e+02
3.125000e+02 3.486000e+02
3.127500e+02 3.510000e+02
3.130000e+02 3.534000e+02
3.132500e+02 3.561000e+02
3.135000e+02 3.588000e+02
3.140000e+02 3.618000e+02
3.145000e+02 3.648000e+02
3.152500e+02 3.693000e+02
3.160000e+02 3.738000e+02
3.162500e+02 3.759000e+02
3.165000e+02 3.780000e+02
3.165000e+02 3.804000e+02
3.165000e+02 3.828000e+02
3.167500e+02 3.852000e+02
3.170000e+02 3.876000e+02
3.172500e+02 3.894000e+02
3.175000e+02 3.912000e+02
3.175000e+02 3.933000e+02
3.175000e+02 3.954000e+02
3.175000e+02 3.975000e+02
3.175000e+02 3.996000e+02
3.177500e+02 4.017000e+02
3.180000e+02 4.038000e+02
3.182500e+02 4.065000e+02
3.185000e+02 4.092000e+02
3.185000e+02 4.101000e+02
3.185000e+02 4.110000e+02
3.185000e+02 4.131000e+02
3.185000e+02 4.152000e+02
3.187500e+02 4.170000e+02
3.190000e+02 4.188000e+02
3.195000e+02 4.218000e+02
3.200000e+02 4.248000e+02
3.212500e+02 4.302000e+02
3.225000e+02 4.356000e+02
3.225000e+02 4.356000e+02
3.225000e+02 4.356000e+02
