3.420000e+02 1.530000e+02
3.420000e+02 1.536000e+02
3.420000e+02 1.542000e+02
3.420000e+02 1.542000e+02
3.420000e+02 1.542000e+02
3.420000e+02 1.545000e+02
3.420000e+02 1.548000e+02
3.420000e+02 1.569000e+02
3.420000e+02 1.590000e+02
3.420000e+02 1.608000e+02
3.420000e+02 1.626000e+02
3.422500e+02 1.650000e+02
3.425000e+02 1.674000e+02
3.425000e+02 1.701000e+02
3.425000e+02 1.728000e+02
3.425000e+02 1.758000e+02
3.425000e+02 1.788000e+02
3.425000e+02 1.818000e+02
3.425000e+02 1.848000e+02
3.425000e+02 1.878000e+02
3.425000e+02 1.908000e+02
3.422500e+02 1.938000e+02
3.420000e+02 1.968000e+02
3.417500e+02 2.001000e+02
3.415000e+02 2.034000e+02
3.415000e+02 2.067000e+02
3.415000e+02 2.100000e+02
3.412500e+02 2.130000e+02
3.410000e+02 2.160000e+02
3.407500e+02 2.190000e+02
3.405000e+02 2.220000e+02
3.405000e+02 2.244000e+02
3.405000e+02 2.268000e+02
3.402500e+02 2.295000e+02
3.400000e+02 2.322000e+02
3.397500e+02 2.352000e+02
3.395000e+02 2.382000e+02
3.392500e+02 2.412000e+02
3.390000e+02 2.442000e+02
3.385000e+02 2.478000e+02
3.380000e+02 2.514000e+02
3.375000e+02 2.544000e+02
3.370000e+02 2.574000e+02
3.360000e+02 2.610000e+02
3.350000e+02 2.646000e+02
3.342500e+02 2.676000e+02
3.335000e+02 2.706000e+02
3.322500e+02 2.733000e+02
3.310000e+02 2.760000e+02
3.300000e+02 2.790000e+02
3.290000e+02 2.820000e+02
3.272500e+02 2.862000e+02
3.255000e+02 2.904000e+02
3.240000e+02 2.934000e+02
3.225000e+02 2.964000e+02
3.210000e+02 2.991000e+02
3.195000e+02 3.018000e+02
3.175000e+02 3.054000e+02
3.155000e+02 3.090000e+02
3.130000e+02 3.123000e+02
3.105000e+02 3.156000e+02
3.090000e+02 3.174000e+02
3.075000e+02 3.192000e+02
3.060000e+02 3.210000e+02
3.045000e+02 3.228000e+02
3.027500e+02 3.243000e+02
3.010000e+02 3.258000e+02
2.992500e+02 3.273000e+02
2.975000e+02 3.288000e+02
2.960000e+02 3.303000e+02
2.945000e+02 3.318000e+02
2.930000e+02 3.327000e+02
2.915000e+02 3.336000e+02
2.900000e+02 3.345000e+02
2.885000e+02 3.354000e+02
2.872500e+02 3.363000e+02
2.860000e+02 3.372000e+02
2.845000e+02 3.375000e+02
2.830000e+02 3.378000e+02
2.820000e+02 3.384000e+02
2.810000e+02 3.390000e+02
2.782500e+02 3.396000e+02
2.755000e+02 3.402000e+02
2.720000e+02 3.408000e+02
2.685000e+02 3.414000e+02
2.642500e+02 3.417000e+02
2.600000e+02 3.420000e+02
2.572500e+02 3.420000e+02
2.545000e+02 3.420000e+02
2.512500e+02 3.417000e+02
2.480000e+02 3.414000e+02
2.455000e+02 3.411000e+02
2.430000e+02 3.408000e+02
2.400000e+02 3.405000e+02
2.370000e+02 3.402000e+02
2.342500e+02 3.393000e+02
2.315000e+02 3.384000e+02
2.290000e+02 3.378000e+02
2.265000e+02 3.372000e+02
2.240000e+02 3.363000e+02
2.215000e+02 3.354000e+02
2.195000e+02 3.342000e+02
2.175000e+02 3.330000e+02
2.155000e+02 3.315000e+02
2.135000e+02 3.300000e+02
2.115000e+02 3.285000e+02
2.095000e+02 3.270000e+02
2.077500e+02 3.255000e+02
2.060000e+02 3.240000e+02
2.037500e+02 3.213000e+02
2.015000e+02 3.186000e+02
2.005000e+02 3.177000e+02
1.995000e+02 3.168000e+02
1.975000e+02 3.138000e+02
1.955000e+02 3.108000e+02
1.942500e+02 3.087000e+02
1.930000e+02 3.066000e+02
1.920000e+02 3.039000e+02
1.910000e+02 3.012000e+02
1.897500e+02 2.976000e+02
1.885000e+02 2.940000e+02
1.877500e+02 2.898000e+02
1.870000e+02 2.856000e+02
1.865000e+02 2.832000e+02
1.860000e+02 2.808000e+02
1.857500e+02 2.778000e+02
1.855000e+02 2.748000e+02
1.852500e+02 2.733000e+02
1.850000e+02 2.718000e+02
1.847500e+02 2.694000e+02
1.845000e+02 2.670000e+02
1.845000e+02 2.622000e+02
1.845000e+02 2.574000e+02
1.852500e+02 2.520000e+02
1.860000e+02 2.466000e+02
1.865000e+02 2.427000e+02
1.870000e+02 2.388000e+02
1.882500e+02 2.328000e+02
1.895000e+02 2.268000e+02
1.902500e+02 2.235000e+02
1.910000e+02 2.202000e+02
1.920000e+02 2.163000e+02
1.930000e+02 2.124000e+02
1.935000e+02 2.106000e+02
1.940000e+02 2.088000e+02
1.955000e+02 2.046000e+02
1.970000e+02 2.004000e+02
1.992500e+02 1.950000e+02
2.015000e+02 1.896000e+02
2.030000e+02 1.857000e+02
2.045000e+02 1.818000e+02
2.080000e+02 1.758000e+02
2.110000e+02 1.698000e+02
2.135000e+02 1.644000e+02
2.165000e+02 1.596000e+02
2.195000e+02 1.560000e+02
2.225000e+02 1.518000e+02
2.260000e+02 1.476000e+02
2.290000e+02 1.440000e+02
2.325000e+02 1.410000e+02
2.360000e+02 1.380000e+02
2.395000e+02 1.350000e+02
2.440000e+02 1.320000e+02
2.490000e+02 1.284000e+02
2.525000e+02 1.260000e+02
2.565000e+02 1.242000e+02
2.600000e+02 1.230000e+02
2.640000e+02 1.212000e+02
2.685000e+02 1.194000e+02
2.725000e+02 1.182000e+02
2.765000e+02 1.170000e+02
2.810000e+02 1.158000e+02
2.860000e+02 1.152000e+02
2.910000e+02 1.140000e+02
2.955000e+02 1.140000e+02
2.995000e+02 1.140000e+02
3.040000e+02 1.152000e+02
3.095000e+02 1.164000e+02
3.135000e+02 1.170000e+02
3.175000e+02 1.182000e+02
3.205000e+02 1.200000e+02
3.240000e+02 1.212000e+02
3.275000e+02 1.230000e+02
3.305000e+02 1.248000e+02
3.330000e+02 1.272000e+02
3.350000e+02 1.296000e+02
3.370000e+02 1.320000e+02
3.390000e+02 1.344000e+02
3.410000e+02 1.386000e+02
3.435000e+02 1.440000e+02
3.445000e+02 1.476000e+02
3.460000e+02 1.542000e+02
3.460000e+02 1.632000e+02
3.455000e+02 1.698000e+02
3.440000e+02 1.800000e+02
3.420000e+02 1.908000e+02
3.400000e+02 2.004000e+02
3.395000e+02 2.082000e+02
3.395000e+02 2.112000e+02
3.395000e+02 2.112000e+02
