2.725000e+02 1.830000e+02
2.725000e+02 1.830000e+02
2.725000e+02 1.818000e+02
2.720000e+02 1.776000e+02
2.720000e+02 1.764000e+02
2.720000e+02 1.746000e+02
2.725000e+02 1.728000e+02
2.730000e+02 1.692000e+02
2.735000e+02 1.668000e+02
2.740000e+02 1.638000e+02
2.740000e+02 1.626000e+02
2.745000e+02 1.584000e+02
2.750000e+02 1.542000e+02
2.755000e+02 1.494000e+02
2.760000e+02 1.476000e+02
2.765000e+02 1.422000e+02
2.770000e+02 1.386000e+02
2.780000e+02 1.350000e+02
2.785000e+02 1.314000e+02
2.795000e+02 1.284000e+02
2.805000e+02 1.248000e+02
2.815000e+02 1.212000e+02
2.830000e+02 1.170000e+02
2.840000e+02 1.140000e+02
2.855000e+02 1.110000e+02
2.870000e+02 1.068000e+02
2.885000e+02 1.038000e+02
2.900000e+02 1.008000e+02
2.915000e+02 9.780000e+01
2.950000e+02 9.300000e+01
2.980000e+02 8.760000e+01
3.010000e+02 8.340000e+01
3.035000e+02 8.100000e+01
3.065000e+02 7.800000e+01
3.090000e+02 7.500000e+01
3.120000e+02 7.260000e+01
3.145000e+02 7.080000e+01
3.170000e+02 6.900000e+01
3.200000e+02 6.720000e+01
3.225000e+02 6.600000e+01
3.260000e+02 6.480000e+01
3.295000e+02 6.360000e+01
3.330000e+02 6.240000e+01
3.365000e+02 6.180000e+01
3.405000e+02 6.120000e+01
3.445000e+02 6.060000e+01
3.500000e+02 6.060000e+01
3.540000e+02 6.060000e+01
3.615000e+02 6.120000e+01
3.660000e+02 6.180000e+01
3.700000e+02 6.240000e+01
3.740000e+02 6.360000e+01
3.785000e+02 6.480000e+01
3.825000e+02 6.660000e+01
3.860000e+02 6.840000e+01
3.920000e+02 7.140000e+01
3.940000e+02 7.200000e+01
3.970000e+02 7.440000e+01
4.005000e+02 7.680000e+01
4.045000e+02 7.980000e+01
4.095000e+02 8.400000e+01
4.145000e+02 8.940000e+01
4.195000e+02 9.480000e+01
4.225000e+02 9.840000e+01
4.245000e+02 1.020000e+02
4.270000e+02 1.062000e+02
4.295000e+02 1.104000e+02
4.320000e+02 1.146000e+02
4.340000e+02 1.188000e+02
4.365000e+02 1.236000e+02
4.385000e+02 1.284000e+02
4.405000e+02 1.332000e+02
4.425000e+02 1.380000e+02
4.445000e+02 1.428000e+02
4.465000e+02 1.476000e+02
4.480000e+02 1.524000e+02
4.495000e+02 1.572000e+02
4.505000e+02 1.620000e+02
4.525000e+02 1.692000e+02
4.530000e+02 1.722000e+02
4.545000e+02 1.788000e+02
4.555000e+02 1.836000e+02
4.565000e+02 1.884000e+02
4.575000e+02 1.932000e+02
4.585000e+02 1.980000e+02
4.590000e+02 2.034000e+02
4.595000e+02 2.082000e+02
4.600000e+02 2.130000e+02
4.605000e+02 2.184000e+02
4.605000e+02 2.238000e+02
4.605000e+02 2.286000e+02
4.600000e+02 2.346000e+02
4.595000e+02 2.394000e+02
4.590000e+02 2.442000e+02
4.585000e+02 2.490000e+02
4.575000e+02 2.544000e+02
4.565000e+02 2.592000e+02
4.555000e+02 2.646000e+02
4.535000e+02 2.718000e+02
4.530000e+02 2.736000e+02
4.510000e+02 2.808000e+02
4.495000e+02 2.850000e+02
4.480000e+02 2.892000e+02
4.460000e+02 2.928000e+02
4.435000e+02 2.976000e+02
4.415000e+02 3.018000e+02
4.390000e+02 3.060000e+02
4.365000e+02 3.096000e+02
4.340000e+02 3.138000e+02
4.310000e+02 3.174000e+02
4.285000e+02 3.204000e+02
4.265000e+02 3.234000e+02
4.235000e+02 3.258000e+02
4.210000e+02 3.282000e+02
4.185000e+02 3.306000e+02
4.160000e+02 3.324000e+02
4.135000e+02 3.342000e+02
4.085000e+02 3.372000e+02
4.060000e+02 3.384000e+02
4.030000e+02 3.396000e+02
3.995000e+02 3.408000e+02
3.960000e+02 3.426000e+02
3.925000e+02 3.438000e+02
3.885000e+02 3.450000e+02
3.835000e+02 3.468000e+02
3.790000e+02 3.480000e+02
3.735000e+02 3.492000e+02
3.690000e+02 3.504000e+02
3.645000e+02 3.516000e+02
3.600000e+02 3.522000e+02
3.560000e+02 3.522000e+02
3.520000e+02 3.528000e+02
3.480000e+02 3.522000e+02
3.450000e+02 3.522000e+02
3.420000e+02 3.516000e+02
3.390000e+02 3.504000e+02
3.355000e+02 3.498000e+02
3.315000e+02 3.486000e+02
3.290000e+02 3.474000e+02
3.265000e+02 3.462000e+02
3.240000e+02 3.444000e+02
3.215000e+02 3.432000e+02
3.195000e+02 3.420000e+02
3.175000e+02 3.402000e+02
3.155000e+02 3.390000e+02
3.135000e+02 3.372000e+02
3.120000e+02 3.354000e+02
3.100000e+02 3.336000e+02
3.085000e+02 3.312000e+02
3.065000e+02 3.294000e+02
3.050000e+02 3.276000e+02
3.025000e+02 3.240000e+02
3.010000e+02 3.222000e+02
2.990000e+02 3.192000e+02
2.970000e+02 3.168000e+02
2.955000e+02 3.144000e+02
2.940000e+02 3.126000e+02
2.925000e+02 3.102000e+02
2.910000e+02 3.078000e+02
2.895000e+02 3.060000e+02
2.880000e+02 3.030000e+02
2.865000e+02 3.000000e+02
2.850000e+02 2.976000e+02
2.835000e+02 2.952000e+02
2.820000e+02 2.928000e+02
2.810000e+02 2.904000e+02
2.795000e+02 2.874000e+02
2.785000e+02 2.850000e+02
2.770000e+02 2.826000e+02
2.760000e+02 2.808000e+02
2.740000e+02 2.766000e+02
2.720000e+02 2.730000e+02
2.705000e+02 2.700000e+02
2.690000e+02 2.676000e+02
2.680000e+02 2.646000e+02
2.665000e+02 2.616000e+02
2.650000e+02 2.580000e+02
2.635000e+02 2.550000e+02
2.625000e+02 2.520000e+02
2.610000e+02 2.490000e+02
2.590000e+02 2.448000e+02
2.570000e+02 2.400000e+02
2.555000e+02 2.370000e+02
2.540000e+02 2.328000e+02
2.530000e+02 2.292000e+02
2.520000e+02 2.262000e+02
2.515000e+02 2.226000e+02
2.505000e+02 2.202000e+02
2.500000e+02 2.172000e+02
2.490000e+02 2.142000e+02
2.485000e+02 2.106000e+02
2.480000e+02 2.076000e+02
2.475000e+02 2.040000e+02
2.475000e+02 2.016000e+02
2.470000e+02 1.998000e+02
2.465000e+02 1.980000e+02
2.465000e+02 1.968000e+02
2.465000e+02 1.962000e+02
2.465000e+02 1.956000e+02
2.465000e+02 1.956000e+02
