1.720000e+02 1.824000e+02
1.720000e+02 1.824000e+02
1.720000e+02 1.824000e+02
1.720000e+02 1.821000e+02
1.720000e+02 1.818000e+02
1.720000e+02 1.818000e+02
1.720000e+02 1.818000e+02
1.717500e+02 1.815000e+02
1.715000e+02 1.812000e+02
1.715000e+02 1.806000e+02
1.715000e+02 1.800000e+02
1.712500e+02 1.794000e+02
1.710000e+02 1.788000e+02
1.707500e+02 1.779000e+02
1.705000e+02 1.770000e+02
1.705000e+02 1.761000e+02
1.705000e+02 1.752000e+02
1.702500e+02 1.746000e+02
1.700000e+02 1.740000e+02
1.700000e+02 1.722000e+02
1.700000e+02 1.704000e+02
1.700000e+02 1.689000e+02
1.700000e+02 1.674000e+02
1.700000e+02 1.659000e+02
1.700000e+02 1.644000e+02
1.700000e+02 1.629000e+02
1.700000e+02 1.614000e+02
1.702500e+02 1.599000e+02
1.705000e+02 1.584000e+02
1.705000e+02 1.566000e+02
1.705000e+02 1.548000e+02
1.707500e+02 1.530000e+02
1.710000e+02 1.512000e+02
1.712500e+02 1.494000e+02
1.715000e+02 1.476000e+02
1.722500e+02 1.446000e+02
1.730000e+02 1.416000e+02
1.735000e+02 1.392000e+02
1.740000e+02 1.368000e+02
1.747500e+02 1.350000e+02
1.755000e+02 1.332000e+02
1.762500e+02 1.308000e+02
1.770000e+02 1.284000e+02
1.775000e+02 1.278000e+02
1.780000e+02 1.272000e+02
1.787500e+02 1.251000e+02
1.795000e+02 1.230000e+02
1.810000e+02 1.206000e+02
1.825000e+02 1.182000e+02
1.842500e+02 1.152000e+02
1.860000e+02 1.122000e+02
1.877500e+02 1.101000e+02
1.895000e+02 1.080000e+02
1.912500e+02 1.059000e+02
1.930000e+02 1.038000e+02
1.952500e+02 1.017000e+02
1.975000e+02 9.960000e+01
1.995000e+02 9.780000e+01
2.015000e+02 9.600000e+01
2.040000e+02 9.420000e+01
2.065000e+02 9.240000e+01
2.090000e+02 9.090000e+01
2.115000e+02 8.940000e+01
2.140000e+02 8.790000e+01
2.165000e+02 8.640000e+01
2.192500e+02 8.490000e+01
2.220000e+02 8.340000e+01
2.250000e+02 8.190000e+01
2.280000e+02 8.040000e+01
2.310000e+02 7.950000e+01
2.340000e+02 7.860000e+01
2.375000e+02 7.740000e+01
2.410000e+02 7.620000e+01
2.442500e+02 7.560000e+01
2.475000e+02 7.500000e+01
2.510000e+02 7.440000e+01
2.545000e+02 7.380000e+01
2.577500e+02 7.350000e+01
2.610000e+02 7.320000e+01
2.662500e+02 7.290000e+01
2.715000e+02 7.260000e+01
2.775000e+02 7.260000e+01
2.835000e+02 7.260000e+01
2.877500e+02 7.290000e+01
2.920000e+02 7.320000e+01
2.977500e+02 7.410000e+01
3.035000e+02 7.500000e+01
3.072500e+02 7.590000e+01
3.110000e+02 7.680000e+01
3.147500e+02 7.770000e+01
3.185000e+02 7.860000e+01
3.220000e+02 7.980000e+01
3.255000e+02 8.100000e+01
3.295000e+02 8.280000e+01
3.335000e+02 8.460000e+01
3.370000e+02 8.640000e+01
3.405000e+02 8.820000e+01
3.437500e+02 9.000000e+01
3.470000e+02 9.180000e+01
3.502500e+02 9.360000e+01
3.535000e+02 9.540000e+01
3.565000e+02 9.780000e+01
3.595000e+02 1.002000e+02
3.627500e+02 1.026000e+02
3.660000e+02 1.050000e+02
3.687500e+02 1.074000e+02
3.715000e+02 1.098000e+02
3.740000e+02 1.125000e+02
3.765000e+02 1.152000e+02
3.790000e+02 1.179000e+02
3.815000e+02 1.206000e+02
3.835000e+02 1.233000e+02
3.855000e+02 1.260000e+02
3.875000e+02 1.293000e+02
3.895000e+02 1.326000e+02
3.915000e+02 1.356000e+02
3.935000e+02 1.386000e+02
3.950000e+02 1.419000e+02
3.965000e+02 1.452000e+02
3.977500e+02 1.482000e+02
3.990000e+02 1.512000e+02
4.007500e+02 1.563000e+02
4.025000e+02 1.614000e+02
4.032500e+02 1.647000e+02
4.040000e+02 1.680000e+02
4.047500e+02 1.728000e+02
4.055000e+02 1.776000e+02
4.060000e+02 1.830000e+02
4.065000e+02 1.884000e+02
4.065000e+02 1.962000e+02
4.065000e+02 2.034000e+02
4.055000e+02 2.106000e+02
4.040000e+02 2.184000e+02
4.025000e+02 2.256000e+02
4.005000e+02 2.334000e+02
3.975000e+02 2.406000e+02
3.945000e+02 2.484000e+02
3.915000e+02 2.556000e+02
3.885000e+02 2.622000e+02
3.830000e+02 2.730000e+02
3.810000e+02 2.772000e+02
3.760000e+02 2.874000e+02
3.715000e+02 2.940000e+02
3.675000e+02 3.012000e+02
3.620000e+02 3.084000e+02
3.560000e+02 3.168000e+02
3.480000e+02 3.258000e+02
3.400000e+02 3.336000e+02
3.320000e+02 3.408000e+02
3.225000e+02 3.486000e+02
3.155000e+02 3.540000e+02
3.070000e+02 3.594000e+02
2.995000e+02 3.642000e+02
2.920000e+02 3.678000e+02
2.830000e+02 3.714000e+02
2.750000e+02 3.744000e+02
2.640000e+02 3.774000e+02
2.570000e+02 3.792000e+02
2.500000e+02 3.798000e+02
2.415000e+02 3.798000e+02
2.340000e+02 3.786000e+02
2.300000e+02 3.774000e+02
2.255000e+02 3.756000e+02
2.210000e+02 3.738000e+02
2.170000e+02 3.720000e+02
2.125000e+02 3.690000e+02
2.085000e+02 3.660000e+02
2.040000e+02 3.624000e+02
2.000000e+02 3.582000e+02
1.965000e+02 3.546000e+02
1.930000e+02 3.504000e+02
1.900000e+02 3.462000e+02
1.870000e+02 3.414000e+02
1.845000e+02 3.360000e+02
1.820000e+02 3.306000e+02
1.785000e+02 3.228000e+02
1.760000e+02 3.168000e+02
1.715000e+02 3.036000e+02
1.695000e+02 2.982000e+02
1.680000e+02 2.922000e+02
1.670000e+02 2.868000e+02
1.660000e+02 2.814000e+02
1.645000e+02 2.754000e+02
1.635000e+02 2.700000e+02
1.620000e+02 2.616000e+02
1.610000e+02 2.556000e+02
1.600000e+02 2.502000e+02
1.590000e+02 2.442000e+02
1.585000e+02 2.394000e+02
1.580000e+02 2.346000e+02
1.570000e+02 2.292000e+02
1.565000e+02 2.250000e+02
1.565000e+02 2.208000e+02
1.560000e+02 2.154000e+02
1.560000e+02 2.142000e+02
1.560000e+02 2.100000e+02
1.555000e+02 2.076000e+02
1.555000e+02 2.070000e+02
1.555000e+02 2.058000e+02
1.555000e+02 2.058000e+02
