2.805000e+02 1.434000e+02
2.805000e+02 1.434000e+02
2.810000e+02 1.428000e+02
2.820000e+02 1.416000e+02
2.845000e+02 1.392000e+02
2.890000e+02 1.362000e+02
2.990000e+02 1.308000e+02
3.085000e+02 1.278000e+02
3.155000e+02 1.266000e+02
3.260000e+02 1.248000e+02
3.340000e+02 1.242000e+02
3.415000e+02 1.230000e+02
3.485000e+02 1.230000e+02
3.525000e+02 1.230000e+02
3.565000e+02 1.230000e+02
3.605000e+02 1.230000e+02
3.655000e+02 1.242000e+02
3.700000e+02 1.254000e+02
3.755000e+02 1.266000e+02
3.805000e+02 1.284000e+02
3.850000e+02 1.302000e+02
3.895000e+02 1.326000e+02
3.935000e+02 1.350000e+02
3.990000e+02 1.386000e+02
4.035000e+02 1.416000e+02
4.075000e+02 1.452000e+02
4.110000e+02 1.482000e+02
4.140000e+02 1.512000e+02
4.175000e+02 1.548000e+02
4.205000e+02 1.578000e+02
4.230000e+02 1.614000e+02
4.250000e+02 1.644000e+02
4.285000e+02 1.698000e+02
4.310000e+02 1.734000e+02
4.330000e+02 1.770000e+02
4.345000e+02 1.806000e+02
4.360000e+02 1.842000e+02
4.370000e+02 1.878000e+02
4.385000e+02 1.920000e+02
4.390000e+02 1.956000e+02
4.400000e+02 2.004000e+02
4.410000e+02 2.052000e+02
4.415000e+02 2.100000e+02
4.415000e+02 2.148000e+02
4.415000e+02 2.208000e+02
4.415000e+02 2.256000e+02
4.410000e+02 2.334000e+02
4.405000e+02 2.382000e+02
4.400000e+02 2.418000e+02
4.395000e+02 2.448000e+02
4.390000e+02 2.472000e+02
4.385000e+02 2.496000e+02
4.385000e+02 2.508000e+02
4.380000e+02 2.526000e+02
4.375000e+02 2.532000e+02
4.370000e+02 2.544000e+02
4.370000e+02 2.556000e+02
4.365000e+02 2.562000e+02
4.355000e+02 2.574000e+02
4.355000e+02 2.580000e+02
4.340000e+02 2.598000e+02
4.335000e+02 2.604000e+02
4.320000e+02 2.634000e+02
4.305000e+02 2.658000e+02
4.290000e+02 2.688000e+02
4.280000e+02 2.712000e+02
4.265000e+02 2.736000e+02
4.250000e+02 2.760000e+02
4.230000e+02 2.784000e+02
4.210000e+02 2.814000e+02
4.190000e+02 2.838000e+02
4.165000e+02 2.868000e+02
4.145000e+02 2.898000e+02
4.115000e+02 2.922000e+02
4.085000e+02 2.958000e+02
4.055000e+02 2.988000e+02
4.020000e+02 3.024000e+02
3.985000e+02 3.060000e+02
3.950000e+02 3.096000e+02
3.915000e+02 3.138000e+02
3.880000e+02 3.174000e+02
3.840000e+02 3.210000e+02
3.805000e+02 3.240000e+02
3.750000e+02 3.288000e+02
3.710000e+02 3.318000e+02
3.680000e+02 3.336000e+02
3.645000e+02 3.360000e+02
3.605000e+02 3.378000e+02
3.570000e+02 3.396000e+02
3.540000e+02 3.414000e+02
3.500000e+02 3.426000e+02
3.465000e+02 3.438000e+02
3.435000e+02 3.450000e+02
3.410000e+02 3.462000e+02
3.380000e+02 3.468000e+02
3.340000e+02 3.474000e+02
3.315000e+02 3.474000e+02
3.295000e+02 3.480000e+02
3.280000e+02 3.480000e+02
3.255000e+02 3.480000e+02
3.235000e+02 3.486000e+02
3.210000e+02 3.486000e+02
3.190000e+02 3.492000e+02
3.165000e+02 3.492000e+02
3.140000e+02 3.498000e+02
3.110000e+02 3.498000e+02
3.085000e+02 3.498000e+02
3.060000e+02 3.498000e+02
3.015000e+02 3.504000e+02
2.985000e+02 3.504000e+02
2.955000e+02 3.504000e+02
2.945000e+02 3.510000e+02
2.905000e+02 3.510000e+02
2.875000e+02 3.516000e+02
2.845000e+02 3.516000e+02
2.820000e+02 3.516000e+02
2.790000e+02 3.522000e+02
2.765000e+02 3.522000e+02
2.730000e+02 3.516000e+02
2.700000e+02 3.516000e+02
2.670000e+02 3.516000e+02
2.635000e+02 3.510000e+02
2.600000e+02 3.504000e+02
2.565000e+02 3.498000e+02
2.530000e+02 3.492000e+02
2.490000e+02 3.480000e+02
2.460000e+02 3.468000e+02
2.430000e+02 3.456000e+02
2.400000e+02 3.444000e+02
2.365000e+02 3.432000e+02
2.340000e+02 3.420000e+02
2.315000e+02 3.402000e+02
2.275000e+02 3.384000e+02
2.255000e+02 3.366000e+02
2.225000e+02 3.342000e+02
2.200000e+02 3.318000e+02
2.180000e+02 3.294000e+02
2.160000e+02 3.270000e+02
2.135000e+02 3.246000e+02
2.105000e+02 3.210000e+02
2.075000e+02 3.174000e+02
2.035000e+02 3.120000e+02
2.015000e+02 3.078000e+02
1.990000e+02 3.030000e+02
1.965000e+02 2.988000e+02
1.950000e+02 2.946000e+02
1.935000e+02 2.904000e+02
1.925000e+02 2.862000e+02
1.915000e+02 2.814000e+02
1.910000e+02 2.772000e+02
1.900000e+02 2.724000e+02
1.900000e+02 2.682000e+02
1.895000e+02 2.652000e+02
1.895000e+02 2.604000e+02
1.900000e+02 2.538000e+02
1.900000e+02 2.502000e+02
1.905000e+02 2.454000e+02
1.915000e+02 2.400000e+02
1.920000e+02 2.352000e+02
1.935000e+02 2.292000e+02
1.945000e+02 2.238000e+02
1.960000e+02 2.184000e+02
1.970000e+02 2.124000e+02
1.990000e+02 2.076000e+02
2.000000e+02 2.028000e+02
2.025000e+02 1.968000e+02
2.045000e+02 1.920000e+02
2.075000e+02 1.872000e+02
2.110000e+02 1.812000e+02
2.135000e+02 1.770000e+02
2.165000e+02 1.728000e+02
2.215000e+02 1.668000e+02
2.265000e+02 1.608000e+02
2.315000e+02 1.566000e+02
2.345000e+02 1.542000e+02
2.370000e+02 1.524000e+02
2.395000e+02 1.506000e+02
2.430000e+02 1.488000e+02
2.455000e+02 1.470000e+02
2.485000e+02 1.458000e+02
2.525000e+02 1.440000e+02
2.570000e+02 1.428000e+02
2.610000e+02 1.416000e+02
2.640000e+02 1.410000e+02
2.670000e+02 1.404000e+02
2.700000e+02 1.398000e+02
2.725000e+02 1.392000e+02
2.755000e+02 1.392000e+02
2.790000e+02 1.386000e+02
2.825000e+02 1.380000e+02
2.860000e+02 1.380000e+02
2.895000e+02 1.380000e+02
2.930000e+02 1.380000e+02
2.970000e+02 1.380000e+02
3.000000e+02 1.380000e+02
3.060000e+02 1.386000e+02
3.175000e+02 1.392000e+02
3.270000e+02 1.386000e+02
3.310000e+02 1.386000e+02
3.310000e+02 1.386000e+02
