1.140000e+02 2.604000e+02
1.140000e+02 2.604000e+02
1.140000e+02 2.604000e+02
1.140000e+02 2.604000e+02
1.140000e+02 2.604000e+02
1.140000e+02 2.604000e+02
1.140000e+02 2.604000e+02
1.140000e+02 2.604000e+02
1.140000e+02 2.604000e+02
1.141250e+02 2.604000e+02
1.142500e+02 2.604000e+02
1.143750e+02 2.604000e+02
1.145000e+02 2.604000e+02
1.146250e+02 2.605500e+02
1.147500e+02 2.607000e+02
1.148750e+02 2.608500e+02
1.150000e+02 2.610000e+02
1.153750e+02 2.610000e+02
1.157500e+02 2.610000e+02
1.161250e+02 2.610000e+02
1.165000e+02 2.610000e+02
1.171250e+02 2.610000e+02
1.177500e+02 2.610000e+02
1.183750e+02 2.610000e+02
1.190000e+02 2.610000e+02
1.197500e+02 2.611500e+02
1.205000e+02 2.613000e+02
1.212500e+02 2.614500e+02
1.220000e+02 2.616000e+02
1.227500e+02 2.616000e+02
1.235000e+02 2.616000e+02
1.242500e+02 2.616000e+02
1.250000e+02 2.616000e+02
1.261250e+02 2.617500e+02
1.272500e+02 2.619000e+02
1.283750e+02 2.620500e+02
1.295000e+02 2.622000e+02
1.306250e+02 2.622000e+02
1.317500e+02 2.622000e+02
1.328750e+02 2.622000e+02
1.340000e+02 2.622000e+02
1.351250e+02 2.622000e+02
1.362500e+02 2.622000e+02
1.373750e+02 2.622000e+02
1.385000e+02 2.622000e+02
1.397500e+02 2.620500e+02
1.410000e+02 2.619000e+02
1.422500e+02 2.617500e+02
1.435000e+02 2.616000e+02
1.448750e+02 2.616000e+02
1.462500e+02 2.616000e+02
1.476250e+02 2.616000e+02
1.490000e+02 2.616000e+02
1.503750e+02 2.616000e+02
1.517500e+02 2.616000e+02
1.531250e+02 2.616000e+02
1.545000e+02 2.616000e+02
1.558750e+02 2.614500e+02
1.572500e+02 2.613000e+02
1.586250e+02 2.611500e+02
1.600000e+02 2.610000e+02
1.622500e+02 2.608500e+02
1.645000e+02 2.607000e+02
1.667500e+02 2.605500e+02
1.690000e+02 2.604000e+02
1.697500e+02 2.602500e+02
1.705000e+02 2.601000e+02
1.712500e+02 2.599500e+02
1.720000e+02 2.598000e+02
1.753750e+02 2.593500e+02
1.787500e+02 2.589000e+02
1.821250e+02 2.584500e+02
1.855000e+02 2.580000e+02
1.872500e+02 2.577000e+02
1.890000e+02 2.574000e+02
1.907500e+02 2.571000e+02
1.925000e+02 2.568000e+02
1.941250e+02 2.565000e+02
1.957500e+02 2.562000e+02
1.973750e+02 2.559000e+02
1.990000e+02 2.556000e+02
2.010000e+02 2.553000e+02
2.030000e+02 2.550000e+02
2.050000e+02 2.547000e+02
2.070000e+02 2.544000e+02
2.088750e+02 2.541000e+02
2.107500e+02 2.538000e+02
2.145000e+02 2.532000e+02
2.200000e+02 2.523000e+02
2.255000e+02 2.514000e+02
2.272500e+02 2.511000e+02
2.290000e+02 2.508000e+02
2.345000e+02 2.502000e+02
2.400000e+02 2.496000e+02
2.437500e+02 2.496000e+02
2.475000e+02 2.496000e+02
2.515000e+02 2.496000e+02
2.555000e+02 2.496000e+02
2.592500e+02 2.499000e+02
2.630000e+02 2.502000e+02
2.665000e+02 2.505000e+02
2.700000e+02 2.508000e+02
2.735000e+02 2.508000e+02
2.770000e+02 2.508000e+02
2.790000e+02 2.508000e+02
2.810000e+02 2.508000e+02
2.845000e+02 2.508000e+02
2.880000e+02 2.508000e+02
2.915000e+02 2.505000e+02
2.950000e+02 2.502000e+02
2.967500e+02 2.502000e+02
2.985000e+02 2.502000e+02
3.037500e+02 2.499000e+02
3.090000e+02 2.496000e+02
3.107500e+02 2.493000e+02
3.125000e+02 2.490000e+02
3.162500e+02 2.487000e+02
3.200000e+02 2.484000e+02
3.240000e+02 2.481000e+02
3.280000e+02 2.478000e+02
3.315000e+02 2.475000e+02
3.350000e+02 2.472000e+02
3.370000e+02 2.469000e+02
3.390000e+02 2.466000e+02
3.440000e+02 2.463000e+02
3.490000e+02 2.460000e+02
3.510000e+02 2.457000e+02
3.530000e+02 2.454000e+02
3.582500e+02 2.451000e+02
3.635000e+02 2.448000e+02
3.685000e+02 2.448000e+02
3.735000e+02 2.448000e+02
3.772500e+02 2.445000e+02
3.810000e+02 2.442000e+02
3.822500e+02 2.442000e+02
3.835000e+02 2.442000e+02
3.870000e+02 2.439000e+02
3.905000e+02 2.436000e+02
3.935000e+02 2.433000e+02
3.965000e+02 2.430000e+02
3.997500e+02 2.427000e+02
4.030000e+02 2.424000e+02
4.072500e+02 2.421000e+02
4.115000e+02 2.418000e+02
4.132500e+02 2.418000e+02
4.150000e+02 2.418000e+02
4.177500e+02 2.421000e+02
4.205000e+02 2.424000e+02
4.235000e+02 2.424000e+02
4.265000e+02 2.424000e+02
4.290000e+02 2.427000e+02
4.315000e+02 2.430000e+02
4.340000e+02 2.430000e+02
4.365000e+02 2.430000e+02
4.390000e+02 2.436000e+02
4.415000e+02 2.442000e+02
4.435000e+02 2.442000e+02
4.455000e+02 2.442000e+02
4.475000e+02 2.445000e+02
4.495000e+02 2.448000e+02
4.515000e+02 2.451000e+02
4.535000e+02 2.454000e+02
4.550000e+02 2.457000e+02
4.565000e+02 2.460000e+02
4.580000e+02 2.460000e+02
4.595000e+02 2.460000e+02
4.602500e+02 2.460000e+02
4.610000e+02 2.460000e+02
4.637500e+02 2.463000e+02
4.665000e+02 2.466000e+02
4.670000e+02 2.466000e+02
4.675000e+02 2.466000e+02
4.690000e+02 2.469000e+02
4.705000e+02 2.472000e+02
4.717500e+02 2.472000e+02
4.730000e+02 2.472000e+02
4.742500e+02 2.472000e+02
4.755000e+02 2.472000e+02
4.772500e+02 2.472000e+02
4.790000e+02 2.472000e+02
4.805000e+02 2.472000e+02
4.820000e+02 2.472000e+02
4.837500e+02 2.472000e+02
4.855000e+02 2.472000e+02
4.867500e+02 2.472000e+02
4.880000e+02 2.472000e+02
4.895000e+02 2.472000e+02
4.910000e+02 2.472000e+02
4.920000e+02 2.472000e+02
4.930000e+02 2.472000e+02
4.942500e+02 2.469000e+02
4.955000e+02 2.466000e+02
4.960000e+02 2.463000e+02
4.965000e+02 2.460000e+02
4.970000e+02 2.457000e+02
4.975000e+02 2.454000e+02
4.980000e+02 2.451000e+02
4.985000e+02 2.448000e+02
4.985000e+02 2.448000e+02
4.985000e+02 2.448000e+02
