2.640000e+02 1.476000e+02
2.640000e+02 1.476000e+02
2.640000e+02 1.476000e+02
2.642500e+02 1.473000e+02
2.645000e+02 1.470000e+02
2.655000e+02 1.461000e+02
2.665000e+02 1.452000e+02
2.685000e+02 1.440000e+02
2.705000e+02 1.428000e+02
2.725000e+02 1.413000e+02
2.745000e+02 1.398000e+02
2.770000e+02 1.386000e+02
2.795000e+02 1.374000e+02
2.817500e+02 1.362000e+02
2.840000e+02 1.350000e+02
2.867500e+02 1.338000e+02
2.895000e+02 1.326000e+02
2.920000e+02 1.317000e+02
2.945000e+02 1.308000e+02
2.972500e+02 1.299000e+02
3.000000e+02 1.290000e+02
3.045000e+02 1.278000e+02
3.090000e+02 1.266000e+02
3.122500e+02 1.260000e+02
3.155000e+02 1.254000e+02
3.185000e+02 1.248000e+02
3.215000e+02 1.242000e+02
3.245000e+02 1.236000e+02
3.275000e+02 1.230000e+02
3.302500e+02 1.227000e+02
3.330000e+02 1.224000e+02
3.360000e+02 1.221000e+02
3.390000e+02 1.218000e+02
3.417500e+02 1.218000e+02
3.445000e+02 1.218000e+02
3.475000e+02 1.218000e+02
3.505000e+02 1.218000e+02
3.532500e+02 1.221000e+02
3.560000e+02 1.224000e+02
3.587500e+02 1.224000e+02
3.615000e+02 1.224000e+02
3.642500e+02 1.230000e+02
3.670000e+02 1.236000e+02
3.707500e+02 1.242000e+02
3.745000e+02 1.248000e+02
3.760000e+02 1.251000e+02
3.775000e+02 1.254000e+02
3.800000e+02 1.260000e+02
3.825000e+02 1.266000e+02
3.847500e+02 1.275000e+02
3.870000e+02 1.284000e+02
3.892500e+02 1.293000e+02
3.915000e+02 1.302000e+02
3.932500e+02 1.314000e+02
3.950000e+02 1.326000e+02
3.957500e+02 1.332000e+02
3.965000e+02 1.338000e+02
3.990000e+02 1.353000e+02
4.015000e+02 1.368000e+02
4.032500e+02 1.383000e+02
4.050000e+02 1.398000e+02
4.065000e+02 1.413000e+02
4.080000e+02 1.428000e+02
4.097500e+02 1.443000e+02
4.115000e+02 1.458000e+02
4.130000e+02 1.476000e+02
4.145000e+02 1.494000e+02
4.160000e+02 1.509000e+02
4.175000e+02 1.524000e+02
4.187500e+02 1.539000e+02
4.200000e+02 1.554000e+02
4.215000e+02 1.572000e+02
4.230000e+02 1.590000e+02
4.240000e+02 1.608000e+02
4.250000e+02 1.626000e+02
4.260000e+02 1.641000e+02
4.270000e+02 1.656000e+02
4.285000e+02 1.683000e+02
4.300000e+02 1.710000e+02
4.310000e+02 1.725000e+02
4.320000e+02 1.740000e+02
4.325000e+02 1.752000e+02
4.330000e+02 1.764000e+02
4.335000e+02 1.779000e+02
4.340000e+02 1.794000e+02
4.350000e+02 1.818000e+02
4.360000e+02 1.842000e+02
4.365000e+02 1.857000e+02
4.370000e+02 1.872000e+02
4.375000e+02 1.890000e+02
4.380000e+02 1.908000e+02
4.382500e+02 1.923000e+02
4.385000e+02 1.938000e+02
4.387500e+02 1.956000e+02
4.390000e+02 1.974000e+02
4.395000e+02 1.989000e+02
4.400000e+02 2.004000e+02
4.400000e+02 2.022000e+02
4.400000e+02 2.040000e+02
4.402500e+02 2.067000e+02
4.405000e+02 2.094000e+02
4.407500e+02 2.112000e+02
4.410000e+02 2.130000e+02
4.410000e+02 2.172000e+02
4.415000e+02 2.214000e+02
4.415000e+02 2.256000e+02
4.415000e+02 2.292000e+02
4.415000e+02 2.334000e+02
4.410000e+02 2.376000e+02
4.410000e+02 2.418000e+02
4.405000e+02 2.478000e+02
4.395000e+02 2.526000e+02
4.390000e+02 2.550000e+02
4.380000e+02 2.598000e+02
4.360000e+02 2.676000e+02
4.340000e+02 2.718000e+02
4.325000e+02 2.760000e+02
4.305000e+02 2.814000e+02
4.285000e+02 2.856000e+02
4.265000e+02 2.898000e+02
4.235000e+02 2.952000e+02
4.210000e+02 3.000000e+02
4.180000e+02 3.042000e+02
4.155000e+02 3.084000e+02
4.115000e+02 3.132000e+02
4.080000e+02 3.180000e+02
4.050000e+02 3.216000e+02
4.015000e+02 3.252000e+02
3.955000e+02 3.306000e+02
3.940000e+02 3.318000e+02
3.880000e+02 3.360000e+02
3.860000e+02 3.378000e+02
3.815000e+02 3.402000e+02
3.745000e+02 3.450000e+02
3.705000e+02 3.474000e+02
3.670000e+02 3.492000e+02
3.625000e+02 3.516000e+02
3.585000e+02 3.534000e+02
3.545000e+02 3.552000e+02
3.495000e+02 3.570000e+02
3.450000e+02 3.588000e+02
3.400000e+02 3.606000e+02
3.350000e+02 3.624000e+02
3.305000e+02 3.642000e+02
3.235000e+02 3.654000e+02
3.160000e+02 3.666000e+02
3.085000e+02 3.672000e+02
3.035000e+02 3.678000e+02
2.985000e+02 3.678000e+02
2.925000e+02 3.672000e+02
2.860000e+02 3.666000e+02
2.805000e+02 3.654000e+02
2.750000e+02 3.642000e+02
2.700000e+02 3.630000e+02
2.645000e+02 3.606000e+02
2.585000e+02 3.582000e+02
2.535000e+02 3.558000e+02
2.485000e+02 3.534000e+02
2.425000e+02 3.498000e+02
2.365000e+02 3.450000e+02
2.340000e+02 3.420000e+02
2.305000e+02 3.378000e+02
2.280000e+02 3.342000e+02
2.260000e+02 3.300000e+02
2.240000e+02 3.264000e+02
2.220000e+02 3.228000e+02
2.205000e+02 3.186000e+02
2.190000e+02 3.144000e+02
2.180000e+02 3.102000e+02
2.170000e+02 3.048000e+02
2.165000e+02 2.994000e+02
2.160000e+02 2.910000e+02
2.160000e+02 2.718000e+02
2.160000e+02 2.658000e+02
2.165000e+02 2.586000e+02
2.170000e+02 2.526000e+02
2.185000e+02 2.454000e+02
2.195000e+02 2.394000e+02
2.215000e+02 2.334000e+02
2.235000e+02 2.262000e+02
2.255000e+02 2.202000e+02
2.275000e+02 2.130000e+02
2.300000e+02 2.076000e+02
2.340000e+02 1.986000e+02
2.375000e+02 1.914000e+02
2.415000e+02 1.842000e+02
2.440000e+02 1.788000e+02
2.465000e+02 1.752000e+02
2.485000e+02 1.722000e+02
2.515000e+02 1.680000e+02
2.540000e+02 1.644000e+02
2.570000e+02 1.608000e+02
2.595000e+02 1.578000e+02
2.625000e+02 1.554000e+02
2.660000e+02 1.524000e+02
2.705000e+02 1.494000e+02
2.795000e+02 1.440000e+02
2.900000e+02 1.398000e+02
2.955000e+02 1.380000e+02
2.955000e+02 1.380000e+02
