2.735000e+02 2.046000e+02
2.735000e+02 2.046000e+02
2.735000e+02 2.046000e+02
2.737500e+02 2.043000e+02
2.740000e+02 2.040000e+02
2.740000e+02 2.040000e+02
2.740000e+02 2.040000e+02
2.740000e+02 2.040000e+02
2.740000e+02 2.040000e+02
2.740000e+02 2.037000e+02
2.740000e+02 2.034000e+02
2.742500e+02 2.034000e+02
2.745000e+02 2.034000e+02
2.745000e+02 2.031000e+02
2.745000e+02 2.028000e+02
2.745000e+02 2.028000e+02
2.745000e+02 2.028000e+02
2.747500e+02 2.022000e+02
2.750000e+02 2.016000e+02
2.752500e+02 2.010000e+02
2.755000e+02 2.004000e+02
2.760000e+02 1.992000e+02
2.765000e+02 1.980000e+02
2.765000e+02 1.974000e+02
2.765000e+02 1.968000e+02
2.770000e+02 1.950000e+02
2.775000e+02 1.932000e+02
2.780000e+02 1.917000e+02
2.785000e+02 1.902000e+02
2.792500e+02 1.887000e+02
2.800000e+02 1.872000e+02
2.807500e+02 1.854000e+02
2.815000e+02 1.836000e+02
2.825000e+02 1.818000e+02
2.835000e+02 1.800000e+02
2.842500e+02 1.782000e+02
2.850000e+02 1.764000e+02
2.860000e+02 1.746000e+02
2.870000e+02 1.728000e+02
2.880000e+02 1.710000e+02
2.890000e+02 1.692000e+02
2.900000e+02 1.674000e+02
2.910000e+02 1.656000e+02
2.922500e+02 1.638000e+02
2.935000e+02 1.620000e+02
2.947500e+02 1.602000e+02
2.960000e+02 1.584000e+02
2.972500e+02 1.566000e+02
2.985000e+02 1.548000e+02
3.000000e+02 1.533000e+02
3.015000e+02 1.518000e+02
3.030000e+02 1.503000e+02
3.045000e+02 1.488000e+02
3.055000e+02 1.479000e+02
3.065000e+02 1.470000e+02
3.087500e+02 1.452000e+02
3.110000e+02 1.434000e+02
3.127500e+02 1.422000e+02
3.145000e+02 1.410000e+02
3.162500e+02 1.401000e+02
3.180000e+02 1.392000e+02
3.197500e+02 1.383000e+02
3.215000e+02 1.374000e+02
3.232500e+02 1.365000e+02
3.250000e+02 1.356000e+02
3.270000e+02 1.350000e+02
3.290000e+02 1.344000e+02
3.310000e+02 1.338000e+02
3.330000e+02 1.332000e+02
3.350000e+02 1.329000e+02
3.370000e+02 1.326000e+02
3.390000e+02 1.323000e+02
3.410000e+02 1.320000e+02
3.430000e+02 1.320000e+02
3.450000e+02 1.320000e+02
3.467500e+02 1.320000e+02
3.485000e+02 1.320000e+02
3.500000e+02 1.323000e+02
3.515000e+02 1.326000e+02
3.537500e+02 1.329000e+02
3.560000e+02 1.332000e+02
3.582500e+02 1.341000e+02
3.605000e+02 1.350000e+02
3.627500e+02 1.359000e+02
3.650000e+02 1.368000e+02
3.665000e+02 1.374000e+02
3.680000e+02 1.380000e+02
3.692500e+02 1.389000e+02
3.705000e+02 1.398000e+02
3.720000e+02 1.410000e+02
3.735000e+02 1.422000e+02
3.747500e+02 1.434000e+02
3.760000e+02 1.446000e+02
3.775000e+02 1.458000e+02
3.790000e+02 1.470000e+02
3.802500e+02 1.485000e+02
3.815000e+02 1.500000e+02
3.827500e+02 1.512000e+02
3.840000e+02 1.524000e+02
3.847500e+02 1.539000e+02
3.855000e+02 1.554000e+02
3.875000e+02 1.584000e+02
3.890000e+02 1.620000e+02
3.915000e+02 1.674000e+02
3.935000e+02 1.710000e+02
3.940000e+02 1.728000e+02
3.955000e+02 1.770000e+02
3.965000e+02 1.806000e+02
3.975000e+02 1.848000e+02
3.985000e+02 1.884000e+02
3.995000e+02 1.926000e+02
4.005000e+02 1.968000e+02
4.020000e+02 2.028000e+02
4.030000e+02 2.070000e+02
4.035000e+02 2.106000e+02
4.040000e+02 2.148000e+02
4.045000e+02 2.196000e+02
4.045000e+02 2.232000e+02
4.040000e+02 2.274000e+02
4.040000e+02 2.322000e+02
4.030000e+02 2.370000e+02
4.020000e+02 2.412000e+02
4.010000e+02 2.454000e+02
3.995000e+02 2.496000e+02
3.980000e+02 2.538000e+02
3.960000e+02 2.580000e+02
3.935000e+02 2.622000e+02
3.915000e+02 2.664000e+02
3.875000e+02 2.730000e+02
3.860000e+02 2.748000e+02
3.810000e+02 2.808000e+02
3.785000e+02 2.844000e+02
3.755000e+02 2.874000e+02
3.725000e+02 2.904000e+02
3.700000e+02 2.922000e+02
3.670000e+02 2.940000e+02
3.645000e+02 2.958000e+02
3.615000e+02 2.976000e+02
3.570000e+02 2.994000e+02
3.555000e+02 3.000000e+02
3.505000e+02 3.024000e+02
3.470000e+02 3.030000e+02
3.415000e+02 3.048000e+02
3.370000e+02 3.060000e+02
3.310000e+02 3.066000e+02
3.270000e+02 3.072000e+02
3.250000e+02 3.066000e+02
3.200000e+02 3.060000e+02
3.170000e+02 3.054000e+02
3.135000e+02 3.042000e+02
3.105000e+02 3.030000e+02
3.075000e+02 3.018000e+02
3.045000e+02 3.000000e+02
3.010000e+02 2.982000e+02
2.980000e+02 2.964000e+02
2.950000e+02 2.946000e+02
2.910000e+02 2.916000e+02
2.895000e+02 2.904000e+02
2.850000e+02 2.868000e+02
2.820000e+02 2.844000e+02
2.795000e+02 2.826000e+02
2.775000e+02 2.796000e+02
2.750000e+02 2.772000e+02
2.725000e+02 2.748000e+02
2.705000e+02 2.724000e+02
2.685000e+02 2.700000e+02
2.665000e+02 2.676000e+02
2.655000e+02 2.658000e+02
2.640000e+02 2.634000e+02
2.620000e+02 2.610000e+02
2.610000e+02 2.586000e+02
2.595000e+02 2.562000e+02
2.580000e+02 2.532000e+02
2.570000e+02 2.514000e+02
2.560000e+02 2.496000e+02
2.555000e+02 2.478000e+02
2.550000e+02 2.466000e+02
2.545000e+02 2.448000e+02
2.540000e+02 2.430000e+02
2.535000e+02 2.412000e+02
2.530000e+02 2.400000e+02
2.530000e+02 2.382000e+02
2.525000e+02 2.364000e+02
2.520000e+02 2.352000e+02
2.520000e+02 2.334000e+02
2.520000e+02 2.322000e+02
2.515000e+02 2.304000e+02
2.515000e+02 2.292000e+02
2.510000e+02 2.274000e+02
2.505000e+02 2.256000e+02
2.505000e+02 2.238000e+02
2.500000e+02 2.220000e+02
2.500000e+02 2.202000e+02
2.495000e+02 2.190000e+02
2.495000e+02 2.184000e+02
2.495000e+02 2.178000e+02
2.495000e+02 2.172000e+02
2.495000e+02 2.166000e+02
2.495000e+02 2.166000e+02
2.495000e+02 2.166000e+02
