1.160000e+02 2.808000e+02
1.160000e+02 2.808000e+02
1.160000e+02 2.808000e+02
1.160000e+02 2.808000e+02
1.160000e+02 2.808000e+02
1.158750e+02 2.809500e+02
1.157500e+02 2.811000e+02
1.156250e+02 2.812500e+02
1.155000e+02 2.814000e+02
1.153750e+02 2.815500e+02
1.152500e+02 2.817000e+02
1.151250e+02 2.818500e+02
1.150000e+02 2.820000e+02
1.150000e+02 2.820000e+02
1.150000e+02 2.820000e+02
1.150000e+02 2.820000e+02
1.150000e+02 2.820000e+02
1.148750e+02 2.821500e+02
1.147500e+02 2.823000e+02
1.146250e+02 2.824500e+02
1.145000e+02 2.826000e+02
1.145000e+02 2.827500e+02
1.145000e+02 2.829000e+02
1.145000e+02 2.830500e+02
1.145000e+02 2.832000e+02
1.146250e+02 2.835000e+02
1.147500e+02 2.838000e+02
1.148750e+02 2.841000e+02
1.150000e+02 2.844000e+02
1.153750e+02 2.847000e+02
1.157500e+02 2.850000e+02
1.161250e+02 2.853000e+02
1.165000e+02 2.856000e+02
1.176250e+02 2.863500e+02
1.187500e+02 2.871000e+02
1.198750e+02 2.878500e+02
1.210000e+02 2.886000e+02
1.218750e+02 2.889000e+02
1.227500e+02 2.892000e+02
1.236250e+02 2.895000e+02
1.245000e+02 2.898000e+02
1.256250e+02 2.902500e+02
1.267500e+02 2.907000e+02
1.278750e+02 2.911500e+02
1.290000e+02 2.916000e+02
1.302500e+02 2.917500e+02
1.315000e+02 2.919000e+02
1.327500e+02 2.920500e+02
1.340000e+02 2.922000e+02
1.353750e+02 2.923500e+02
1.367500e+02 2.925000e+02
1.381250e+02 2.926500e+02
1.395000e+02 2.928000e+02
1.410000e+02 2.929500e+02
1.425000e+02 2.931000e+02
1.440000e+02 2.932500e+02
1.455000e+02 2.934000e+02
1.468750e+02 2.935500e+02
1.482500e+02 2.937000e+02
1.496250e+02 2.938500e+02
1.510000e+02 2.940000e+02
1.518750e+02 2.940000e+02
1.527500e+02 2.940000e+02
1.536250e+02 2.940000e+02
1.545000e+02 2.940000e+02
1.561250e+02 2.940000e+02
1.577500e+02 2.940000e+02
1.593750e+02 2.940000e+02
1.610000e+02 2.940000e+02
1.628750e+02 2.940000e+02
1.647500e+02 2.940000e+02
1.666250e+02 2.940000e+02
1.685000e+02 2.940000e+02
1.703750e+02 2.938500e+02
1.722500e+02 2.937000e+02
1.741250e+02 2.935500e+02
1.760000e+02 2.934000e+02
1.777500e+02 2.932500e+02
1.795000e+02 2.931000e+02
1.812500e+02 2.929500e+02
1.830000e+02 2.928000e+02
1.847500e+02 2.926500e+02
1.865000e+02 2.925000e+02
1.882500e+02 2.923500e+02
1.900000e+02 2.922000e+02
1.926250e+02 2.920500e+02
1.952500e+02 2.919000e+02
1.978750e+02 2.917500e+02
2.005000e+02 2.916000e+02
2.015000e+02 2.916000e+02
2.025000e+02 2.916000e+02
2.035000e+02 2.916000e+02
2.045000e+02 2.916000e+02
2.062500e+02 2.917500e+02
2.080000e+02 2.919000e+02
2.097500e+02 2.920500e+02
2.115000e+02 2.922000e+02
2.133750e+02 2.922000e+02
2.152500e+02 2.922000e+02
2.171250e+02 2.922000e+02
2.190000e+02 2.922000e+02
2.206250e+02 2.923500e+02
2.222500e+02 2.925000e+02
2.255000e+02 2.928000e+02
2.287500e+02 2.928000e+02
2.320000e+02 2.928000e+02
2.350000e+02 2.931000e+02
2.380000e+02 2.934000e+02
2.412500e+02 2.937000e+02
2.445000e+02 2.940000e+02
2.475000e+02 2.943000e+02
2.505000e+02 2.946000e+02
2.537500e+02 2.952000e+02
2.570000e+02 2.958000e+02
2.600000e+02 2.961000e+02
2.630000e+02 2.964000e+02
2.660000e+02 2.970000e+02
2.690000e+02 2.976000e+02
2.717500e+02 2.979000e+02
2.745000e+02 2.982000e+02
2.775000e+02 2.988000e+02
2.805000e+02 2.994000e+02
2.845000e+02 2.997000e+02
2.885000e+02 3.000000e+02
2.912500e+02 3.003000e+02
2.940000e+02 3.006000e+02
2.977500e+02 3.012000e+02
3.015000e+02 3.018000e+02
3.042500e+02 3.021000e+02
3.070000e+02 3.024000e+02
3.092500e+02 3.024000e+02
3.115000e+02 3.024000e+02
3.142500e+02 3.027000e+02
3.170000e+02 3.030000e+02
3.192500e+02 3.033000e+02
3.215000e+02 3.036000e+02
3.242500e+02 3.036000e+02
3.270000e+02 3.036000e+02
3.295000e+02 3.039000e+02
3.320000e+02 3.042000e+02
3.342500e+02 3.042000e+02
3.365000e+02 3.042000e+02
3.402500e+02 3.045000e+02
3.440000e+02 3.048000e+02
3.450000e+02 3.048000e+02
3.460000e+02 3.048000e+02
3.497500e+02 3.051000e+02
3.535000e+02 3.054000e+02
3.572500e+02 3.054000e+02
3.610000e+02 3.054000e+02
3.635000e+02 3.057000e+02
3.660000e+02 3.060000e+02
3.685000e+02 3.060000e+02
3.710000e+02 3.060000e+02
3.735000e+02 3.060000e+02
3.760000e+02 3.060000e+02
3.785000e+02 3.060000e+02
3.810000e+02 3.060000e+02
3.832500e+02 3.060000e+02
3.855000e+02 3.060000e+02
3.877500e+02 3.057000e+02
3.900000e+02 3.054000e+02
3.925000e+02 3.054000e+02
3.950000e+02 3.054000e+02
3.972500e+02 3.054000e+02
3.995000e+02 3.054000e+02
4.022500e+02 3.054000e+02
4.050000e+02 3.054000e+02
4.072500e+02 3.051000e+02
4.095000e+02 3.048000e+02
4.132500e+02 3.048000e+02
4.170000e+02 3.048000e+02
4.205000e+02 3.048000e+02
4.240000e+02 3.048000e+02
4.275000e+02 3.048000e+02
4.310000e+02 3.048000e+02
4.330000e+02 3.051000e+02
4.350000e+02 3.054000e+02
4.370000e+02 3.054000e+02
4.390000e+02 3.054000e+02
4.412500e+02 3.054000e+02
4.435000e+02 3.054000e+02
4.452500e+02 3.054000e+02
4.470000e+02 3.054000e+02
4.490000e+02 3.054000e+02
4.510000e+02 3.054000e+02
4.530000e+02 3.054000e+02
4.550000e+02 3.054000e+02
4.567500e+02 3.054000e+02
4.585000e+02 3.054000e+02
4.600000e+02 3.057000e+02
4.615000e+02 3.060000e+02
4.632500e+02 3.060000e+02
4.650000e+02 3.060000e+02
4.665000e+02 3.060000e+02
4.680000e+02 3.060000e+02
4.697500e+02 3.060000e+02
4.715000e+02 3.060000e+02
4.715000e+02 3.060000e+02
4.715000e+02 3.060000e+02
