2.405000e+02 1.782000e+02
2.405000e+02 1.782000e+02
2.405000e+02 1.782000e+02
2.405000e+02 1.779000e+02
2.405000e+02 1.776000e+02
2.405000e+02 1.776000e+02
2.405000e+02 1.776000e+02
2.402500e+02 1.773000e+02
2.400000e+02 1.770000e+02
2.400000e+02 1.764000e+02
2.400000e+02 1.758000e+02
2.402500e+02 1.749000e+02
2.405000e+02 1.740000e+02
2.407500e+02 1.734000e+02
2.410000e+02 1.728000e+02
2.422500e+02 1.710000e+02
2.435000e+02 1.692000e+02
2.455000e+02 1.665000e+02
2.475000e+02 1.638000e+02
2.500000e+02 1.611000e+02
2.525000e+02 1.584000e+02
2.552500e+02 1.560000e+02
2.580000e+02 1.536000e+02
2.610000e+02 1.512000e+02
2.640000e+02 1.488000e+02
2.672500e+02 1.464000e+02
2.705000e+02 1.440000e+02
2.735000e+02 1.425000e+02
2.765000e+02 1.410000e+02
2.797500e+02 1.395000e+02
2.830000e+02 1.380000e+02
2.860000e+02 1.365000e+02
2.890000e+02 1.350000e+02
2.920000e+02 1.341000e+02
2.950000e+02 1.332000e+02
2.980000e+02 1.320000e+02
3.010000e+02 1.308000e+02
3.040000e+02 1.302000e+02
3.070000e+02 1.296000e+02
3.100000e+02 1.290000e+02
3.130000e+02 1.284000e+02
3.175000e+02 1.281000e+02
3.220000e+02 1.278000e+02
3.252500e+02 1.278000e+02
3.285000e+02 1.278000e+02
3.317500e+02 1.281000e+02
3.350000e+02 1.284000e+02
3.382500e+02 1.287000e+02
3.415000e+02 1.290000e+02
3.445000e+02 1.293000e+02
3.475000e+02 1.296000e+02
3.505000e+02 1.305000e+02
3.535000e+02 1.314000e+02
3.562500e+02 1.323000e+02
3.590000e+02 1.332000e+02
3.617500e+02 1.344000e+02
3.645000e+02 1.356000e+02
3.670000e+02 1.365000e+02
3.695000e+02 1.374000e+02
3.717500e+02 1.386000e+02
3.740000e+02 1.398000e+02
3.765000e+02 1.413000e+02
3.790000e+02 1.428000e+02
3.812500e+02 1.446000e+02
3.835000e+02 1.464000e+02
3.855000e+02 1.482000e+02
3.875000e+02 1.500000e+02
3.897500e+02 1.521000e+02
3.920000e+02 1.542000e+02
3.940000e+02 1.563000e+02
3.960000e+02 1.584000e+02
3.977500e+02 1.608000e+02
3.995000e+02 1.632000e+02
4.015000e+02 1.656000e+02
4.035000e+02 1.680000e+02
4.057500e+02 1.722000e+02
4.080000e+02 1.764000e+02
4.087500e+02 1.779000e+02
4.095000e+02 1.794000e+02
4.110000e+02 1.833000e+02
4.125000e+02 1.872000e+02
4.130000e+02 1.884000e+02
4.135000e+02 1.896000e+02
4.145000e+02 1.923000e+02
4.155000e+02 1.950000e+02
4.160000e+02 1.980000e+02
4.165000e+02 2.010000e+02
4.170000e+02 2.052000e+02
4.175000e+02 2.094000e+02
4.177500e+02 2.124000e+02
4.180000e+02 2.154000e+02
4.180000e+02 2.187000e+02
4.180000e+02 2.220000e+02
4.177500e+02 2.250000e+02
4.175000e+02 2.280000e+02
4.172500e+02 2.313000e+02
4.170000e+02 2.346000e+02
4.165000e+02 2.379000e+02
4.160000e+02 2.412000e+02
4.157500e+02 2.445000e+02
4.155000e+02 2.478000e+02
4.152500e+02 2.508000e+02
4.150000e+02 2.538000e+02
4.140000e+02 2.586000e+02
4.130000e+02 2.634000e+02
4.122500e+02 2.664000e+02
4.115000e+02 2.694000e+02
4.105000e+02 2.724000e+02
4.095000e+02 2.754000e+02
4.082500e+02 2.787000e+02
4.070000e+02 2.820000e+02
4.057500e+02 2.850000e+02
4.045000e+02 2.880000e+02
4.030000e+02 2.913000e+02
4.015000e+02 2.946000e+02
4.000000e+02 2.979000e+02
3.985000e+02 3.012000e+02
3.965000e+02 3.042000e+02
3.945000e+02 3.072000e+02
3.925000e+02 3.105000e+02
3.905000e+02 3.138000e+02
3.880000e+02 3.171000e+02
3.855000e+02 3.204000e+02
3.830000e+02 3.234000e+02
3.805000e+02 3.264000e+02
3.777500e+02 3.294000e+02
3.750000e+02 3.324000e+02
3.710000e+02 3.357000e+02
3.670000e+02 3.390000e+02
3.655000e+02 3.405000e+02
3.640000e+02 3.420000e+02
3.580000e+02 3.468000e+02
3.490000e+02 3.522000e+02
3.435000e+02 3.552000e+02
3.375000e+02 3.582000e+02
3.315000e+02 3.612000e+02
3.250000e+02 3.642000e+02
3.195000e+02 3.666000e+02
3.140000e+02 3.678000e+02
3.065000e+02 3.696000e+02
2.995000e+02 3.702000e+02
2.960000e+02 3.708000e+02
2.920000e+02 3.702000e+02
2.850000e+02 3.696000e+02
2.805000e+02 3.690000e+02
2.750000e+02 3.678000e+02
2.700000e+02 3.666000e+02
2.650000e+02 3.654000e+02
2.595000e+02 3.642000e+02
2.545000e+02 3.624000e+02
2.490000e+02 3.600000e+02
2.425000e+02 3.570000e+02
2.400000e+02 3.558000e+02
2.335000e+02 3.528000e+02
2.290000e+02 3.498000e+02
2.245000e+02 3.468000e+02
2.210000e+02 3.438000e+02
2.180000e+02 3.414000e+02
2.145000e+02 3.384000e+02
2.115000e+02 3.348000e+02
2.090000e+02 3.312000e+02
2.065000e+02 3.276000e+02
2.045000e+02 3.240000e+02
2.030000e+02 3.192000e+02
2.015000e+02 3.144000e+02
2.005000e+02 3.096000e+02
1.995000e+02 3.036000e+02
1.990000e+02 2.982000e+02
1.985000e+02 2.916000e+02
1.985000e+02 2.826000e+02
1.990000e+02 2.760000e+02
1.990000e+02 2.706000e+02
1.995000e+02 2.664000e+02
2.000000e+02 2.604000e+02
2.010000e+02 2.556000e+02
2.015000e+02 2.508000e+02
2.030000e+02 2.454000e+02
2.045000e+02 2.400000e+02
2.070000e+02 2.346000e+02
2.095000e+02 2.280000e+02
2.120000e+02 2.226000e+02
2.145000e+02 2.172000e+02
2.180000e+02 2.118000e+02
2.210000e+02 2.064000e+02
2.240000e+02 2.010000e+02
2.285000e+02 1.926000e+02
2.320000e+02 1.878000e+02
2.360000e+02 1.824000e+02
2.390000e+02 1.776000e+02
2.425000e+02 1.740000e+02
2.455000e+02 1.716000e+02
2.475000e+02 1.692000e+02
2.495000e+02 1.674000e+02
2.520000e+02 1.656000e+02
2.550000e+02 1.638000e+02
2.560000e+02 1.632000e+02
2.590000e+02 1.620000e+02
2.655000e+02 1.596000e+02
2.690000e+02 1.578000e+02
2.690000e+02 1.578000e+02
