1.02579100241
0.898318231878
1.27636124299
1.20857826158
1.00112435315
0.961047768113
1.05490360822
1.049807923
1.15692867269
1.21951536078
1.02189263042
1.00700109517
1.09588182618
1.08354926955
1.20593941088
1.0407194017
1.01374107007
1.23569022535
1.04411012517
1.32210644184
1.03059177533
1.23643518611
1.20883784585
1.30752748291
0.978109673584
1.18753964804
1.04898078616
1.00124723328
1.29481322989
1.20143815827
1.20032071713
1.05466706398
1.12875917185
0.919095725154
0.8787111718
1.0232420078
0.983288302887
0.565950531533
0.674074290252
1.30111928435
1.23358052719
1.41511440908
1.34657417889
1.26856065901
1.20680648377
1.14311925055
1.44340679005
1.23133258888
1.31616057975
1.44438215105
1.50755328773
1.41813495617
1.22019196948
0.931098041444
1.17448747468
1.07368813946
1.52373890431
1.09216700638
0.934721469155
1.40582467156
1.43210719448
1.23050775604
0.93166943403
0.772455958995
0.910092451935
1.14200104141
0.917085867096
1.34509040137
1.1071322697
1.33459259862
1.015628048
1.08644232852
1.1251910402
1.11487448563
1.07935368126
0.999467007454
1.44133779593
1.20344648033
1.44690810563
1.26166017194
1.29469802977
1.10471613923
1.3745094395
1.13546074671
1.2238238452
1.36846450531
1.29312823616
0.876417153451
0.969559520829
0.964312539456
1.28030031903
1.24105471084
1.15054428216
1.30246789373
1.45220039905
1.18858643311
1.19145722005
1.35070064712
1.3186558143
1.13817639749
