1.82562465344
1.65215477981
1.63492775417
2.43108191343
2.29387703693
2.46227887337
2.04099204198
2.36453771729
2.35702513359
2.32599790182
2.48360932722
2.15719286497
2.34352598377
2.0232443118
2.13501684226
1.94495123963
1.91892830098
2.07288865064
2.34362659187
2.02755663622
2.01420417455
2.23991346167
2.57510894091
2.41934225341
2.38870132603
2.62232409326
2.11524696601
2.00847796068
1.91489245685
1.83637282445
1.69074681932
1.86349246822
2.33132475528
1.81748768511
2.81700000461
2.02707663573
2.80945746888
2.5806592826
3.11844184928
3.81526739483
3.24615346806
2.10152816796
1.87651084955
2.46664572585
2.51819854664
2.28492445176
2.48977099753
2.90912169894
2.25951360974
2.63880846214
3.76632116871
3.02330882387
3.66937719744
1.92165623978
1.89728066282
2.10408023458
2.0197299402
1.59488956917
2.13109927025
1.52659817124
1.47259005193
2.06276716827
1.28485072369
1.17340075356
1.26803688247
2.69422355888
1.45789051688
1.44865914743
1.67349368166
2.05210347735
3.10721828579
1.7549770291
1.17742507768
1.57539694121
2.16009283594
4.10521226774
2.1155318943
2.07994888187
2.48807832379
2.19032365089
2.29851652968
2.34652349084
2.55288146215
2.05030865952
1.57323578699
1.73288855848
2.53240886519
2.19072915531
1.92159403171
1.34351523176
1.15749622528
1.42833554262
1.29058922556
1.20932936635
1.14906434464
1.92611678834
2.18367737209
2.54178461879
2.29641067152
1.88512474637
