0.504535812645
0.691518660115
0.692615365238
0.702769103636
0.70299796787
0.683542971948
0.735291632939
0.668288172327
0.936023230488
0.870227067113
0.831651923612
0.89976514536
0.76596712035
0.663137191052
1.00127564931
0.956121811069
0.701126349953
0.809641021072
0.779986206706
0.702074830925
0.665685417662
0.771674902195
0.730437099968
0.689379777925
0.717761246988
0.760717834975
0.880739461877
0.962406361504
0.850608487023
0.814479426027
0.940022210583
0.849158501538
0.797875249024
0.973277412636
0.98573208139
0.859340655965
0.797488176628
0.94275398938
0.973827301199
1.04937169856
0.811637823117
0.699451340238
0.903400093082
0.705801938741
0.627220098273
0.680330424658
0.733072110666
0.690484931057
0.848885093258
0.804753464068
0.960053207094
0.80677714614
0.68995117051
0.920469678561
0.78748035838
0.815163714728
0.769083667542
0.84056610874
0.736844530529
0.913438631361
0.847667044011
0.714977244137
0.857995886588
0.759603465834
0.903645085333
0.758412296614
0.693881030534
0.762532620833
0.69425735092
0.734204911826
0.841900126106
0.636244875515
0.597281891617
0.593001055233
0.762895117205
0.933438907841
1.02878927748
0.992145655957
0.924513202702
0.841447005642
0.909878947716
0.736931314618
0.777262875917
0.805923129265
0.974496997885
0.894011283468
0.799770674965
0.876769665812
0.903023772696
1.0715784413
0.911209893079
0.838110042225
0.797389872527
0.810002749443
0.889699727053
0.856581229139
0.873980286956
0.715504860677
0.779497758206
0.729397994904
