1.68409209251
1.51622171261
1.25360614769
1.21955529682
1.06091091037
1.11559487037
1.06746963709
1.07544839726
1.07151239323
1.1136748684
1.04830187346
0.980601836136
1.06599891558
0.985563889217
0.983258350857
0.897863575412
0.885592458847
0.945196231881
1.06283859235
0.887684492989
1.47701834447
1.34223190245
1.27569077831
1.32746631933
1.21437129152
1.18500831745
1.2650432154
1.23692209861
1.13795367726
1.31000198144
1.32967969759
1.20338504027
1.2053718583
1.17103070314
1.24984908785
1.43194514631
1.15046901808
1.24191563972
1.37165862058
1.17784671011
1.25261849868
1.31107948655
1.2257845512
1.18936902591
1.29917777836
1.29038647336
1.28907165601
1.24900659098
1.28859779952
1.04937630656
1.09291273514
1.15765059343
1.14742927097
1.06603961962
1.11588747867
1.08024840217
1.09122466941
1.08065697859
1.19614663285
1.13379802501
0.8931634106
0.935438013888
0.957567188549
1.10760535819
1.17232939247
1.12669171373
1.24496844285
1.26235214065
1.27562626624
1.52249704704
1.53590480477
1.43110418545
1.2882767752
1.23903870878
1.25942221765
1.27813916481
1.38821287753
1.41519658516
1.38127475843
1.22569239111
1.20608840303
1.13734465264
1.23930904505
1.15246582012
1.17875679105
1.1668957869
1.14290805034
1.18380255621
1.30807813947
1.16917521324
1.14621352572
1.67626155649
1.75792922412
1.90168591533
1.78823530315
1.71024175129
1.58500693505
1.59997066237
1.67088939099
1.60476989928
