1.97427274166
1.27334683991
1.34759024393
1.11556107833
1.08223598821
0.907171744944
0.846789219112
0.939935426494
1.91016157201
1.21761379084
1.17002999811
1.45714786012
1.44403731869
1.34650352282
1.25306086713
1.89359118704
1.42015019023
1.04444574151
1.63071373385
1.1873015678
0.996876540802
0.836371288444
0.982495726076
1.01595828834
1.1735366897
1.25179904184
1.38606861933
1.55923436466
1.12231564525
1.27488284148
1.42051422261
1.05858002799
1.22443517382
1.07709652695
1.06032799778
1.30340331869
1.31029228574
1.29729464043
1.09299107122
1.2188456641
1.21468463584
1.7495127035
1.58227362025
0.93191365828
1.00490752503
1.05376619906
1.31227295977
1.32774817561
1.26325070157
1.66321629513
1.98643864211
1.20046356527
1.22995633148
1.31363923317
1.3041045034
1.33611631218
1.27904002974
1.33589743196
1.35109847152
1.41754436357
1.15387817357
1.17527083548
0.975893991315
1.11326321998
0.954432977339
0.960452567503
0.920306862394
1.12000703489
1.17554193975
1.02710505176
1.05833042773
0.714541787691
0.737284594979
1.13907879842
1.11469246945
1.07505825286
1.35052323894
1.02032667681
1.11945561032
1.13228352746
1.18872467325
1.09528201757
1.06461881817
1.23427019189
1.1274397465
1.18774700825
1.09817430853
1.20796846896
1.05834578775
1.05340523869
1.27271016726
1.33411413413
1.39209742551
1.2643527827
1.32546721328
1.35863332724
1.15970576354
1.20391649681
1.3463898587
1.549803315
1.64137358477
1.22737431283
1.41115843703
1.64778255133
1.69064697922
1.72331926868
1.85886987148
1.572268106
1.80288107815
1.49035314212
1.55523768856
1.17066359876
1.54282449185
1.55216645342
1.27725442791
1.2131816583
1.32550791732
1.10721444579
1.46397922711
1.2340820317
1.20089134171
1.65323612491
1.68621100668
1.96924464051
1.57253690628
1.93528134173
1.70092820575
1.00297523505
1.6568342086
1.16719837921
1.16593732192
1.18463583707
1.45397832087
1.80196715721
1.33439829442
1.42175454388
1.6825230669
2.16526148123
1.48265547024
1.68958176213
1.16189840578
1.21299349811
1.71850083174
1.5249976576
1.77091688542
1.52539855401
1.60270244117
1.83660322468
1.64947061706
1.50958080981
1.55983417327
1.16068803654
1.56910778277
1.8248090366
1.19251629314
1.407226273
1.42541944363
1.40434396605
1.30460984792
1.31219923169
1.63123136638
1.5352527721
1.46040034345
1.55001144321
1.43292588332
1.03041206314
1.46675324596
1.3292941612
1.51276724507
1.37512768013
1.2151354523
1.07342241118
1.38364634485
1.38050598964
1.21272930583
1.55421855152
1.26902222748
1.60078627921
1.16500036096
1.39311579455
1.16984644592
1.33870677884
1.26253953284
1.46046101551
1.21446268361
1.19705210578
1.41905886112
1.50376013185
1.31363846517
1.20376520066
1.38697025226
1.31712672474
1.48224305382
1.48353713514
1.10870513531
1.2272429847
1.57189178562
1.14589019739
1.54289975593
1.30739385077
