1.37936781247
1.19693613766
1.31214086363
1.36284043555
1.56124959872
1.63125901441
1.45176571061
1.4187501248
1.54449412556
1.30855276396
1.6964860892
1.40899267481
1.6327174479
1.64733787887
1.70540718634
1.78786128677
1.86109400176
1.89206593748
2.04014263311
1.95737826036
2.10104586347
1.85510666763
1.82776583963
1.92322526538
1.84835978072
1.98637797005
1.96172514481
1.79323575627
1.42339115355
1.45440225731
1.21228540138
1.49449804237
1.3635746443
1.54660305572
1.39035943973
1.65319618887
1.76529204766
1.97241878776
1.65731036909
1.74018686995
2.16654250654
1.68068293702
2.12097625188
1.93735340785
1.94497504765
1.82999457791
1.7318371654
1.89874600832
1.71311100223
2.0235346161
1.82388897166
1.91472119267
2.03136131211
1.74663961256
1.68132652168
1.78220342498
1.54578974289
1.87999834112
1.88384218505
1.8653325981
1.69213843675
1.6086928473
1.71369698683
1.83116193911
1.73840894813
1.70186823871
1.65213865179
1.90397993368
1.77026485275
1.91555447353
2.15860982642
2.07195015368
2.06434387389
2.05561400895
2.1407253921
2.26832488276
1.99691186884
2.10774052633
2.01599668838
2.02259995914
2.37706765012
1.69668884141
2.01602587241
2.18429561272
2.01262593293
2.01811483455
1.93393426835
1.38686503615
1.49564313154
2.1014621199
2.04592491103
1.3899431833
1.18902265756
1.37914432424
1.69258925321
1.58835849048
1.59071548489
1.56527315484
1.36775333658
1.21688649409
