1.910000e+02 1.182000e+02
1.910000e+02 1.182000e+02
1.910000e+02 1.182000e+02
1.910000e+02 1.182000e+02
1.910000e+02 1.182000e+02
1.910000e+02 1.182000e+02
1.910000e+02 1.182000e+02
1.910000e+02 1.182000e+02
1.910000e+02 1.182000e+02
1.910000e+02 1.182000e+02
1.910000e+02 1.182000e+02
1.910000e+02 1.182000e+02
1.910000e+02 1.182000e+02
1.910000e+02 1.182000e+02
1.910000e+02 1.182000e+02
1.910000e+02 1.182000e+02
1.910000e+02 1.182000e+02
1.911250e+02 1.183500e+02
1.912500e+02 1.185000e+02
1.913750e+02 1.186500e+02
1.915000e+02 1.188000e+02
1.916250e+02 1.191000e+02
1.917500e+02 1.194000e+02
1.918750e+02 1.197000e+02
1.920000e+02 1.200000e+02
1.922500e+02 1.206000e+02
1.925000e+02 1.212000e+02
1.927500e+02 1.218000e+02
1.930000e+02 1.224000e+02
1.933750e+02 1.234500e+02
1.937500e+02 1.245000e+02
1.941250e+02 1.255500e+02
1.945000e+02 1.266000e+02
1.948750e+02 1.276500e+02
1.952500e+02 1.287000e+02
1.956250e+02 1.297500e+02
1.960000e+02 1.308000e+02
1.965000e+02 1.318500e+02
1.970000e+02 1.329000e+02
1.980000e+02 1.350000e+02
1.987500e+02 1.374000e+02
1.995000e+02 1.398000e+02
2.010000e+02 1.440000e+02
2.025000e+02 1.482000e+02
2.042500e+02 1.524000e+02
2.060000e+02 1.566000e+02
2.070000e+02 1.593000e+02
2.080000e+02 1.620000e+02
2.090000e+02 1.647000e+02
2.100000e+02 1.674000e+02
2.107500e+02 1.698000e+02
2.115000e+02 1.722000e+02
2.125000e+02 1.749000e+02
2.135000e+02 1.776000e+02
2.145000e+02 1.806000e+02
2.155000e+02 1.836000e+02
2.162500e+02 1.857000e+02
2.170000e+02 1.878000e+02
2.175000e+02 1.893000e+02
2.180000e+02 1.908000e+02
2.182500e+02 1.920000e+02
2.185000e+02 1.932000e+02
2.187500e+02 1.941000e+02
2.190000e+02 1.950000e+02
2.192500e+02 1.959000e+02
2.195000e+02 1.968000e+02
2.197500e+02 1.971000e+02
2.200000e+02 1.974000e+02
2.200000e+02 1.980000e+02
2.200000e+02 1.986000e+02
2.202500e+02 1.989000e+02
2.205000e+02 1.992000e+02
2.207500e+02 1.992000e+02
2.210000e+02 1.992000e+02
2.210000e+02 1.995000e+02
2.210000e+02 1.998000e+02
2.212500e+02 1.998000e+02
2.215000e+02 1.998000e+02
2.215000e+02 1.998000e+02
2.215000e+02 1.998000e+02
2.217500e+02 1.998000e+02
2.220000e+02 1.998000e+02
2.227500e+02 1.998000e+02
2.235000e+02 1.998000e+02
2.242500e+02 1.995000e+02
2.250000e+02 1.992000e+02
2.260000e+02 1.989000e+02
2.270000e+02 1.986000e+02
2.287500e+02 1.983000e+02
2.305000e+02 1.980000e+02
2.325000e+02 1.974000e+02
2.345000e+02 1.968000e+02
2.367500e+02 1.962000e+02
2.390000e+02 1.956000e+02
2.415000e+02 1.950000e+02
2.440000e+02 1.944000e+02
2.462500e+02 1.938000e+02
2.485000e+02 1.932000e+02
2.512500e+02 1.926000e+02
2.540000e+02 1.920000e+02
2.567500e+02 1.911000e+02
2.595000e+02 1.902000e+02
2.627500e+02 1.893000e+02
2.660000e+02 1.884000e+02
2.702500e+02 1.875000e+02
2.745000e+02 1.866000e+02
2.762500e+02 1.863000e+02
2.780000e+02 1.860000e+02
2.810000e+02 1.854000e+02
2.840000e+02 1.848000e+02
2.880000e+02 1.839000e+02
2.920000e+02 1.830000e+02
2.955000e+02 1.824000e+02
2.990000e+02 1.818000e+02
3.050000e+02 1.806000e+02
3.110000e+02 1.794000e+02
3.150000e+02 1.785000e+02
3.190000e+02 1.776000e+02
3.235000e+02 1.770000e+02
3.280000e+02 1.764000e+02
3.322500e+02 1.758000e+02
3.365000e+02 1.752000e+02
3.387500e+02 1.749000e+02
3.410000e+02 1.746000e+02
3.475000e+02 1.740000e+02
3.540000e+02 1.734000e+02
3.582500e+02 1.731000e+02
3.625000e+02 1.728000e+02
3.672500e+02 1.725000e+02
3.720000e+02 1.722000e+02
3.770000e+02 1.719000e+02
3.820000e+02 1.716000e+02
3.867500e+02 1.713000e+02
3.915000e+02 1.710000e+02
3.955000e+02 1.707000e+02
3.995000e+02 1.704000e+02
4.037500e+02 1.701000e+02
4.080000e+02 1.698000e+02
4.122500e+02 1.695000e+02
4.165000e+02 1.692000e+02
4.200000e+02 1.689000e+02
4.235000e+02 1.686000e+02
4.270000e+02 1.683000e+02
4.305000e+02 1.680000e+02
4.337500e+02 1.677000e+02
4.370000e+02 1.674000e+02
4.400000e+02 1.674000e+02
4.430000e+02 1.674000e+02
4.457500e+02 1.671000e+02
4.485000e+02 1.668000e+02
4.510000e+02 1.668000e+02
4.535000e+02 1.668000e+02
4.555000e+02 1.668000e+02
4.575000e+02 1.668000e+02
4.600000e+02 1.668000e+02
4.625000e+02 1.668000e+02
4.640000e+02 1.668000e+02
4.655000e+02 1.668000e+02
4.667500e+02 1.668000e+02
4.680000e+02 1.668000e+02
4.690000e+02 1.665000e+02
4.700000e+02 1.662000e+02
4.707500e+02 1.662000e+02
4.715000e+02 1.662000e+02
4.720000e+02 1.662000e+02
4.725000e+02 1.662000e+02
4.730000e+02 1.662000e+02
4.735000e+02 1.662000e+02
4.740000e+02 1.662000e+02
4.745000e+02 1.662000e+02
4.747500e+02 1.662000e+02
4.750000e+02 1.662000e+02
4.752500e+02 1.662000e+02
4.755000e+02 1.662000e+02
4.757500e+02 1.662000e+02
4.760000e+02 1.662000e+02
4.760000e+02 1.662000e+02
4.760000e+02 1.662000e+02
4.762500e+02 1.662000e+02
4.765000e+02 1.662000e+02
4.765000e+02 1.662000e+02
4.765000e+02 1.662000e+02
4.767500e+02 1.662000e+02
4.770000e+02 1.662000e+02
4.770000e+02 1.662000e+02
4.770000e+02 1.662000e+02
4.770000e+02 1.662000e+02
4.770000e+02 1.662000e+02
4.772500e+02 1.662000e+02
4.775000e+02 1.662000e+02
4.775000e+02 1.662000e+02
4.775000e+02 1.662000e+02
4.775000e+02 1.662000e+02
4.775000e+02 1.662000e+02
4.775000e+02 1.662000e+02
4.775000e+02 1.662000e+02
4.772500e+02 1.662000e+02
4.770000e+02 1.662000e+02
4.770000e+02 1.662000e+02
4.770000e+02 1.662000e+02
