2.170000e+02 1.614000e+02
2.170000e+02 1.614000e+02
2.170000e+02 1.614000e+02
2.170000e+02 1.614000e+02
2.170000e+02 1.614000e+02
2.170000e+02 1.614000e+02
2.170000e+02 1.614000e+02
2.170000e+02 1.614000e+02
2.170000e+02 1.614000e+02
2.170000e+02 1.614000e+02
2.170000e+02 1.614000e+02
2.167500e+02 1.611000e+02
2.165000e+02 1.608000e+02
2.165000e+02 1.608000e+02
2.165000e+02 1.608000e+02
2.165000e+02 1.605000e+02
2.165000e+02 1.602000e+02
2.165000e+02 1.596000e+02
2.165000e+02 1.590000e+02
2.165000e+02 1.587000e+02
2.165000e+02 1.584000e+02
2.165000e+02 1.578000e+02
2.165000e+02 1.572000e+02
2.165000e+02 1.563000e+02
2.165000e+02 1.554000e+02
2.167500e+02 1.545000e+02
2.170000e+02 1.536000e+02
2.172500e+02 1.521000e+02
2.175000e+02 1.506000e+02
2.180000e+02 1.491000e+02
2.185000e+02 1.476000e+02
2.190000e+02 1.461000e+02
2.195000e+02 1.446000e+02
2.205000e+02 1.428000e+02
2.215000e+02 1.410000e+02
2.227500e+02 1.377000e+02
2.240000e+02 1.344000e+02
2.245000e+02 1.335000e+02
2.250000e+02 1.326000e+02
2.262500e+02 1.308000e+02
2.275000e+02 1.290000e+02
2.287500e+02 1.269000e+02
2.300000e+02 1.248000e+02
2.317500e+02 1.224000e+02
2.335000e+02 1.200000e+02
2.347500e+02 1.182000e+02
2.360000e+02 1.164000e+02
2.375000e+02 1.146000e+02
2.390000e+02 1.128000e+02
2.440000e+02 1.074000e+02
2.495000e+02 1.026000e+02
2.555000e+02 9.840000e+01
2.590000e+02 9.660000e+01
2.625000e+02 9.480000e+01
2.670000e+02 9.300000e+01
2.710000e+02 9.180000e+01
2.750000e+02 9.120000e+01
2.795000e+02 9.000000e+01
2.815000e+02 9.000000e+01
2.855000e+02 8.940000e+01
2.900000e+02 8.940000e+01
2.935000e+02 8.940000e+01
2.970000e+02 8.940000e+01
2.995000e+02 9.000000e+01
3.030000e+02 9.060000e+01
3.060000e+02 9.180000e+01
3.085000e+02 9.240000e+01
3.105000e+02 9.360000e+01
3.140000e+02 9.540000e+01
3.165000e+02 9.780000e+01
3.185000e+02 9.960000e+01
3.215000e+02 1.026000e+02
3.235000e+02 1.050000e+02
3.250000e+02 1.074000e+02
3.270000e+02 1.098000e+02
3.290000e+02 1.134000e+02
3.310000e+02 1.164000e+02
3.325000e+02 1.188000e+02
3.340000e+02 1.218000e+02
3.355000e+02 1.242000e+02
3.365000e+02 1.278000e+02
3.375000e+02 1.308000e+02
3.390000e+02 1.350000e+02
3.390000e+02 1.362000e+02
3.395000e+02 1.398000e+02
3.400000e+02 1.428000e+02
3.405000e+02 1.464000e+02
3.410000e+02 1.494000e+02
3.410000e+02 1.524000e+02
3.410000e+02 1.572000e+02
3.410000e+02 1.608000e+02
3.405000e+02 1.650000e+02
3.400000e+02 1.674000e+02
3.395000e+02 1.704000e+02
3.395000e+02 1.728000e+02
3.385000e+02 1.770000e+02
3.380000e+02 1.788000e+02
3.375000e+02 1.812000e+02
3.375000e+02 1.818000e+02
3.370000e+02 1.836000e+02
3.365000e+02 1.854000e+02
3.355000e+02 1.872000e+02
3.345000e+02 1.884000e+02
3.335000e+02 1.908000e+02
3.325000e+02 1.926000e+02
3.320000e+02 1.938000e+02
3.315000e+02 1.950000e+02
3.305000e+02 1.962000e+02
3.300000e+02 1.974000e+02
3.290000e+02 1.980000e+02
3.285000e+02 1.992000e+02
3.280000e+02 2.004000e+02
3.270000e+02 2.016000e+02
3.260000e+02 2.028000e+02
3.245000e+02 2.046000e+02
3.230000e+02 2.070000e+02
3.220000e+02 2.082000e+02
3.210000e+02 2.094000e+02
3.200000e+02 2.106000e+02
3.190000e+02 2.118000e+02
3.175000e+02 2.136000e+02
3.165000e+02 2.148000e+02
3.155000e+02 2.160000e+02
3.140000e+02 2.178000e+02
3.125000e+02 2.190000e+02
3.110000e+02 2.214000e+02
3.090000e+02 2.232000e+02
3.075000e+02 2.250000e+02
3.060000e+02 2.262000e+02
3.045000e+02 2.280000e+02
3.030000e+02 2.298000e+02
3.015000e+02 2.316000e+02
3.000000e+02 2.334000e+02
2.970000e+02 2.370000e+02
2.950000e+02 2.400000e+02
2.935000e+02 2.424000e+02
2.925000e+02 2.436000e+02
2.915000e+02 2.454000e+02
2.910000e+02 2.472000e+02
2.900000e+02 2.490000e+02
2.895000e+02 2.508000e+02
2.885000e+02 2.532000e+02
2.880000e+02 2.550000e+02
2.875000e+02 2.568000e+02
2.865000e+02 2.598000e+02
2.865000e+02 2.622000e+02
2.855000e+02 2.664000e+02
2.850000e+02 2.688000e+02
2.850000e+02 2.700000e+02
2.845000e+02 2.730000e+02
2.840000e+02 2.754000e+02
2.840000e+02 2.790000e+02
2.835000e+02 2.820000e+02
2.835000e+02 2.850000e+02
2.830000e+02 2.892000e+02
2.830000e+02 2.946000e+02
2.830000e+02 3.000000e+02
2.830000e+02 3.030000e+02
2.830000e+02 3.060000e+02
2.830000e+02 3.102000e+02
2.835000e+02 3.138000e+02
2.835000e+02 3.174000e+02
2.835000e+02 3.204000e+02
2.840000e+02 3.246000e+02
2.840000e+02 3.288000e+02
2.840000e+02 3.324000e+02
2.845000e+02 3.366000e+02
2.845000e+02 3.414000e+02
2.845000e+02 3.456000e+02
2.845000e+02 3.492000e+02
2.850000e+02 3.558000e+02
2.850000e+02 3.576000e+02
2.850000e+02 3.648000e+02
2.845000e+02 3.678000e+02
2.845000e+02 3.720000e+02
2.845000e+02 3.750000e+02
2.840000e+02 3.774000e+02
2.840000e+02 3.798000e+02
2.835000e+02 3.828000e+02
2.835000e+02 3.852000e+02
2.830000e+02 3.888000e+02
2.825000e+02 3.924000e+02
2.825000e+02 3.936000e+02
2.825000e+02 3.954000e+02
2.825000e+02 3.960000e+02
2.820000e+02 3.972000e+02
2.820000e+02 3.978000e+02
2.820000e+02 3.984000e+02
2.820000e+02 3.990000e+02
2.820000e+02 3.990000e+02
2.820000e+02 3.996000e+02
2.820000e+02 3.996000e+02
2.820000e+02 3.996000e+02
2.820000e+02 3.996000e+02
2.820000e+02 4.002000e+02
2.820000e+02 4.002000e+02
2.815000e+02 3.996000e+02
2.815000e+02 3.996000e+02
2.815000e+02 3.990000e+02
2.815000e+02 3.990000e+02
