2.985000e+02 1.290000e+02
2.985000e+02 1.290000e+02
2.985000e+02 1.290000e+02
2.985000e+02 1.287000e+02
2.985000e+02 1.284000e+02
2.985000e+02 1.284000e+02
2.985000e+02 1.284000e+02
2.985000e+02 1.281000e+02
2.985000e+02 1.278000e+02
2.990000e+02 1.266000e+02
2.995000e+02 1.254000e+02
3.002500e+02 1.236000e+02
3.010000e+02 1.218000e+02
3.025000e+02 1.197000e+02
3.040000e+02 1.176000e+02
3.057500e+02 1.155000e+02
3.075000e+02 1.134000e+02
3.087500e+02 1.119000e+02
3.100000e+02 1.104000e+02
3.117500e+02 1.086000e+02
3.135000e+02 1.068000e+02
3.147500e+02 1.056000e+02
3.160000e+02 1.044000e+02
3.167500e+02 1.038000e+02
3.175000e+02 1.032000e+02
3.190000e+02 1.023000e+02
3.205000e+02 1.014000e+02
3.220000e+02 1.002000e+02
3.235000e+02 9.900000e+01
3.260000e+02 9.810000e+01
3.285000e+02 9.720000e+01
3.307500e+02 9.600000e+01
3.330000e+02 9.480000e+01
3.357500e+02 9.390000e+01
3.385000e+02 9.300000e+01
3.412500e+02 9.210000e+01
3.440000e+02 9.120000e+01
3.465000e+02 9.060000e+01
3.490000e+02 9.000000e+01
3.517500e+02 8.970000e+01
3.545000e+02 8.940000e+01
3.567500e+02 8.910000e+01
3.590000e+02 8.880000e+01
3.612500e+02 8.850000e+01
3.635000e+02 8.820000e+01
3.662500e+02 8.820000e+01
3.690000e+02 8.820000e+01
3.712500e+02 8.850000e+01
3.735000e+02 8.880000e+01
3.775000e+02 8.940000e+01
3.815000e+02 9.000000e+01
3.845000e+02 9.120000e+01
3.875000e+02 9.240000e+01
3.910000e+02 9.420000e+01
3.945000e+02 9.600000e+01
3.962500e+02 9.750000e+01
3.980000e+02 9.900000e+01
3.995000e+02 1.008000e+02
4.010000e+02 1.026000e+02
4.025000e+02 1.041000e+02
4.040000e+02 1.056000e+02
4.052500e+02 1.077000e+02
4.065000e+02 1.098000e+02
4.075000e+02 1.122000e+02
4.085000e+02 1.146000e+02
4.105000e+02 1.194000e+02
4.115000e+02 1.242000e+02
4.125000e+02 1.296000e+02
4.135000e+02 1.368000e+02
4.135000e+02 1.392000e+02
4.135000e+02 1.446000e+02
4.130000e+02 1.488000e+02
4.125000e+02 1.524000e+02
4.120000e+02 1.560000e+02
4.110000e+02 1.596000e+02
4.095000e+02 1.638000e+02
4.075000e+02 1.674000e+02
4.055000e+02 1.716000e+02
4.045000e+02 1.728000e+02
4.030000e+02 1.758000e+02
4.010000e+02 1.788000e+02
3.990000e+02 1.812000e+02
3.970000e+02 1.842000e+02
3.940000e+02 1.878000e+02
3.910000e+02 1.932000e+02
3.895000e+02 1.950000e+02
3.870000e+02 1.980000e+02
3.845000e+02 2.016000e+02
3.815000e+02 2.052000e+02
3.790000e+02 2.082000e+02
3.770000e+02 2.112000e+02
3.745000e+02 2.142000e+02
3.720000e+02 2.166000e+02
3.690000e+02 2.196000e+02
3.670000e+02 2.226000e+02
3.645000e+02 2.250000e+02
3.625000e+02 2.274000e+02
3.585000e+02 2.316000e+02
3.575000e+02 2.328000e+02
3.545000e+02 2.364000e+02
3.520000e+02 2.394000e+02
3.505000e+02 2.412000e+02
3.495000e+02 2.430000e+02
3.480000e+02 2.448000e+02
3.470000e+02 2.460000e+02
3.460000e+02 2.472000e+02
3.450000e+02 2.478000e+02
3.440000e+02 2.496000e+02
3.430000e+02 2.514000e+02
3.425000e+02 2.520000e+02
3.420000e+02 2.532000e+02
3.415000e+02 2.538000e+02
3.410000e+02 2.544000e+02
3.405000e+02 2.550000e+02
3.405000e+02 2.556000e+02
3.400000e+02 2.562000e+02
3.400000e+02 2.568000e+02
3.400000e+02 2.574000e+02
3.395000e+02 2.580000e+02
3.395000e+02 2.580000e+02
3.395000e+02 2.586000e+02
3.395000e+02 2.592000e+02
3.395000e+02 2.604000e+02
3.395000e+02 2.616000e+02
3.395000e+02 2.628000e+02
3.395000e+02 2.658000e+02
3.395000e+02 2.694000e+02
3.395000e+02 2.724000e+02
3.395000e+02 2.772000e+02
3.400000e+02 2.820000e+02
3.400000e+02 2.868000e+02
3.400000e+02 2.928000e+02
3.405000e+02 2.988000e+02
3.405000e+02 3.072000e+02
3.410000e+02 3.132000e+02
3.410000e+02 3.162000e+02
3.410000e+02 3.222000e+02
3.415000e+02 3.282000e+02
3.415000e+02 3.336000e+02
3.415000e+02 3.396000e+02
3.420000e+02 3.450000e+02
3.420000e+02 3.504000e+02
3.425000e+02 3.564000e+02
3.430000e+02 3.612000e+02
3.435000e+02 3.690000e+02
3.435000e+02 3.744000e+02
3.440000e+02 3.810000e+02
3.445000e+02 3.864000e+02
3.445000e+02 3.906000e+02
3.445000e+02 3.942000e+02
3.445000e+02 3.978000e+02
3.445000e+02 4.014000e+02
3.445000e+02 4.044000e+02
3.445000e+02 4.068000e+02
3.440000e+02 4.086000e+02
3.440000e+02 4.104000e+02
3.440000e+02 4.116000e+02
3.440000e+02 4.128000e+02
3.435000e+02 4.140000e+02
3.435000e+02 4.146000e+02
3.435000e+02 4.158000e+02
3.435000e+02 4.164000e+02
3.435000e+02 4.170000e+02
3.435000e+02 4.170000e+02
3.435000e+02 4.176000e+02
3.435000e+02 4.176000e+02
3.435000e+02 4.182000e+02
3.435000e+02 4.182000e+02
3.435000e+02 4.182000e+02
3.435000e+02 4.188000e+02
3.435000e+02 4.188000e+02
3.435000e+02 4.188000e+02
3.440000e+02 4.188000e+02
3.440000e+02 4.188000e+02
3.440000e+02 4.194000e+02
3.440000e+02 4.194000e+02
3.440000e+02 4.194000e+02
3.440000e+02 4.194000e+02
3.440000e+02 4.194000e+02
3.440000e+02 4.194000e+02
3.440000e+02 4.200000e+02
3.440000e+02 4.200000e+02
3.435000e+02 4.200000e+02
3.435000e+02 4.200000e+02
3.435000e+02 4.200000e+02
3.435000e+02 4.200000e+02
3.435000e+02 4.200000e+02
3.435000e+02 4.200000e+02
3.435000e+02 4.200000e+02
3.430000e+02 4.200000e+02
3.430000e+02 4.200000e+02
3.430000e+02 4.200000e+02
3.430000e+02 4.200000e+02
3.430000e+02 4.200000e+02
3.430000e+02 4.200000e+02
3.430000e+02 4.194000e+02
3.430000e+02 4.188000e+02
3.435000e+02 4.182000e+02
3.440000e+02 4.176000e+02
3.440000e+02 4.176000e+02
