2.530000e+02 1.338000e+02
2.530000e+02 1.338000e+02
2.530000e+02 1.338000e+02
2.530000e+02 1.335000e+02
2.530000e+02 1.332000e+02
2.527500e+02 1.329000e+02
2.525000e+02 1.326000e+02
2.522500e+02 1.320000e+02
2.520000e+02 1.314000e+02
2.517500e+02 1.302000e+02
2.515000e+02 1.290000e+02
2.515000e+02 1.269000e+02
2.515000e+02 1.248000e+02
2.515000e+02 1.221000e+02
2.515000e+02 1.194000e+02
2.517500e+02 1.167000e+02
2.520000e+02 1.140000e+02
2.525000e+02 1.098000e+02
2.530000e+02 1.056000e+02
2.535000e+02 1.032000e+02
2.540000e+02 1.008000e+02
2.555000e+02 9.660000e+01
2.570000e+02 9.240000e+01
2.585000e+02 9.000000e+01
2.600000e+02 8.760000e+01
2.612500e+02 8.520000e+01
2.625000e+02 8.280000e+01
2.645000e+02 8.040000e+01
2.665000e+02 7.800000e+01
2.687500e+02 7.530000e+01
2.710000e+02 7.260000e+01
2.732500e+02 7.050000e+01
2.755000e+02 6.840000e+01
2.782500e+02 6.660000e+01
2.810000e+02 6.480000e+01
2.837500e+02 6.330000e+01
2.865000e+02 6.180000e+01
2.895000e+02 6.030000e+01
2.925000e+02 5.880000e+01
2.952500e+02 5.790000e+01
2.980000e+02 5.700000e+01
3.012500e+02 5.580000e+01
3.045000e+02 5.460000e+01
3.075000e+02 5.400000e+01
3.105000e+02 5.340000e+01
3.140000e+02 5.310000e+01
3.175000e+02 5.280000e+01
3.220000e+02 5.250000e+01
3.265000e+02 5.220000e+01
3.295000e+02 5.220000e+01
3.325000e+02 5.220000e+01
3.377500e+02 5.250000e+01
3.430000e+02 5.280000e+01
3.460000e+02 5.370000e+01
3.490000e+02 5.460000e+01
3.525000e+02 5.550000e+01
3.560000e+02 5.640000e+01
3.590000e+02 5.760000e+01
3.620000e+02 5.880000e+01
3.652500e+02 6.000000e+01
3.685000e+02 6.120000e+01
3.710000e+02 6.240000e+01
3.735000e+02 6.360000e+01
3.777500e+02 6.600000e+01
3.820000e+02 6.840000e+01
3.842500e+02 7.050000e+01
3.865000e+02 7.260000e+01
3.887500e+02 7.440000e+01
3.910000e+02 7.620000e+01
3.927500e+02 7.800000e+01
3.945000e+02 7.980000e+01
3.962500e+02 8.190000e+01
3.980000e+02 8.400000e+01
3.990000e+02 8.580000e+01
4.000000e+02 8.760000e+01
4.010000e+02 8.940000e+01
4.020000e+02 9.120000e+01
4.027500e+02 9.330000e+01
4.035000e+02 9.540000e+01
4.040000e+02 9.750000e+01
4.045000e+02 9.960000e+01
4.047500e+02 1.014000e+02
4.050000e+02 1.032000e+02
4.052500e+02 1.053000e+02
4.055000e+02 1.074000e+02
4.052500e+02 1.098000e+02
4.050000e+02 1.122000e+02
4.047500e+02 1.146000e+02
4.045000e+02 1.170000e+02
4.042500e+02 1.194000e+02
4.040000e+02 1.218000e+02
4.032500e+02 1.245000e+02
4.025000e+02 1.272000e+02
4.017500e+02 1.293000e+02
4.010000e+02 1.314000e+02
4.002500e+02 1.335000e+02
3.995000e+02 1.356000e+02
3.977500e+02 1.389000e+02
3.960000e+02 1.422000e+02
3.947500e+02 1.443000e+02
3.935000e+02 1.464000e+02
3.930000e+02 1.473000e+02
3.925000e+02 1.482000e+02
3.915000e+02 1.497000e+02
3.905000e+02 1.512000e+02
3.882500e+02 1.539000e+02
3.860000e+02 1.566000e+02
3.845000e+02 1.584000e+02
3.830000e+02 1.602000e+02
3.817500e+02 1.617000e+02
3.805000e+02 1.632000e+02
3.797500e+02 1.638000e+02
3.790000e+02 1.644000e+02
3.775000e+02 1.659000e+02
3.760000e+02 1.674000e+02
3.742500e+02 1.689000e+02
3.725000e+02 1.704000e+02
3.710000e+02 1.719000e+02
3.695000e+02 1.734000e+02
3.682500e+02 1.746000e+02
3.670000e+02 1.758000e+02
3.657500e+02 1.773000e+02
3.645000e+02 1.788000e+02
3.630000e+02 1.800000e+02
3.615000e+02 1.812000e+02
3.602500e+02 1.821000e+02
3.590000e+02 1.830000e+02
3.577500e+02 1.839000e+02
3.565000e+02 1.848000e+02
3.552500e+02 1.857000e+02
3.540000e+02 1.866000e+02
3.527500e+02 1.872000e+02
3.515000e+02 1.878000e+02
3.502500e+02 1.887000e+02
3.490000e+02 1.896000e+02
3.477500e+02 1.905000e+02
3.465000e+02 1.914000e+02
3.455000e+02 1.923000e+02
3.445000e+02 1.932000e+02
3.437500e+02 1.938000e+02
3.430000e+02 1.944000e+02
3.422500e+02 1.950000e+02
3.415000e+02 1.956000e+02
3.407500e+02 1.962000e+02
3.400000e+02 1.968000e+02
3.395000e+02 1.974000e+02
3.390000e+02 1.980000e+02
3.385000e+02 1.986000e+02
3.380000e+02 1.992000e+02
3.372500e+02 1.998000e+02
3.365000e+02 2.004000e+02
3.360000e+02 2.010000e+02
3.355000e+02 2.016000e+02
3.350000e+02 2.022000e+02
3.345000e+02 2.028000e+02
3.337500e+02 2.049000e+02
3.330000e+02 2.070000e+02
3.327500e+02 2.076000e+02
3.325000e+02 2.082000e+02
3.315000e+02 2.106000e+02
3.305000e+02 2.136000e+02
3.300000e+02 2.178000e+02
3.290000e+02 2.220000e+02
3.285000e+02 2.262000e+02
3.280000e+02 2.310000e+02
3.275000e+02 2.358000e+02
3.270000e+02 2.400000e+02
3.265000e+02 2.442000e+02
3.260000e+02 2.496000e+02
3.260000e+02 2.544000e+02
3.255000e+02 2.598000e+02
3.255000e+02 2.652000e+02
3.250000e+02 2.706000e+02
3.250000e+02 2.766000e+02
3.250000e+02 2.826000e+02
3.250000e+02 2.922000e+02
3.250000e+02 2.976000e+02
3.255000e+02 3.036000e+02
3.255000e+02 3.096000e+02
3.260000e+02 3.156000e+02
3.260000e+02 3.222000e+02
3.265000e+02 3.282000e+02
3.265000e+02 3.342000e+02
3.270000e+02 3.402000e+02
3.275000e+02 3.462000e+02
3.275000e+02 3.516000e+02
3.280000e+02 3.576000e+02
3.285000e+02 3.624000e+02
3.285000e+02 3.666000e+02
3.290000e+02 3.732000e+02
3.290000e+02 3.750000e+02
3.290000e+02 3.786000e+02
3.295000e+02 3.804000e+02
3.295000e+02 3.816000e+02
3.295000e+02 3.822000e+02
3.295000e+02 3.828000e+02
3.295000e+02 3.828000e+02
3.295000e+02 3.822000e+02
3.305000e+02 3.804000e+02
3.305000e+02 3.804000e+02
