2.685000e+02 1.398000e+02
2.685000e+02 1.398000e+02
2.685000e+02 1.398000e+02
2.685000e+02 1.398000e+02
2.685000e+02 1.398000e+02
2.680000e+02 1.392000e+02
2.675000e+02 1.386000e+02
2.670000e+02 1.368000e+02
2.665000e+02 1.350000e+02
2.662500e+02 1.338000e+02
2.660000e+02 1.326000e+02
2.657500e+02 1.299000e+02
2.655000e+02 1.272000e+02
2.652500e+02 1.227000e+02
2.650000e+02 1.182000e+02
2.652500e+02 1.134000e+02
2.655000e+02 1.086000e+02
2.657500e+02 1.047000e+02
2.660000e+02 1.008000e+02
2.665000e+02 9.690000e+01
2.670000e+02 9.300000e+01
2.677500e+02 8.970000e+01
2.685000e+02 8.640000e+01
2.695000e+02 8.310000e+01
2.705000e+02 7.980000e+01
2.720000e+02 7.590000e+01
2.735000e+02 7.200000e+01
2.760000e+02 6.660000e+01
2.785000e+02 6.120000e+01
2.807500e+02 5.790000e+01
2.830000e+02 5.460000e+01
2.850000e+02 5.190000e+01
2.870000e+02 4.920000e+01
2.900000e+02 4.620000e+01
2.930000e+02 4.320000e+01
2.942500e+02 4.200000e+01
2.955000e+02 4.080000e+01
2.980000e+02 3.900000e+01
3.005000e+02 3.720000e+01
3.032500e+02 3.570000e+01
3.060000e+02 3.420000e+01
3.085000e+02 3.330000e+01
3.110000e+02 3.240000e+01
3.140000e+02 3.180000e+01
3.170000e+02 3.120000e+01
3.195000e+02 3.090000e+01
3.220000e+02 3.060000e+01
3.252500e+02 3.060000e+01
3.285000e+02 3.060000e+01
3.310000e+02 3.120000e+01
3.335000e+02 3.180000e+01
3.365000e+02 3.240000e+01
3.395000e+02 3.300000e+01
3.422500e+02 3.420000e+01
3.450000e+02 3.540000e+01
3.477500e+02 3.720000e+01
3.505000e+02 3.900000e+01
3.532500e+02 4.080000e+01
3.560000e+02 4.260000e+01
3.580000e+02 4.440000e+01
3.600000e+02 4.620000e+01
3.632500e+02 5.010000e+01
3.665000e+02 5.400000e+01
3.690000e+02 5.760000e+01
3.715000e+02 6.120000e+01
3.730000e+02 6.420000e+01
3.745000e+02 6.720000e+01
3.755000e+02 6.990000e+01
3.765000e+02 7.260000e+01
3.772500e+02 7.530000e+01
3.780000e+02 7.800000e+01
3.785000e+02 8.100000e+01
3.790000e+02 8.400000e+01
3.795000e+02 8.670000e+01
3.800000e+02 8.940000e+01
3.800000e+02 9.390000e+01
3.800000e+02 9.840000e+01
3.797500e+02 1.011000e+02
3.795000e+02 1.038000e+02
3.787500e+02 1.077000e+02
3.780000e+02 1.116000e+02
3.772500e+02 1.140000e+02
3.765000e+02 1.164000e+02
3.757500e+02 1.191000e+02
3.750000e+02 1.218000e+02
3.737500e+02 1.242000e+02
3.725000e+02 1.266000e+02
3.712500e+02 1.290000e+02
3.700000e+02 1.314000e+02
3.685000e+02 1.338000e+02
3.670000e+02 1.362000e+02
3.655000e+02 1.386000e+02
3.640000e+02 1.410000e+02
3.625000e+02 1.434000e+02
3.610000e+02 1.458000e+02
3.592500e+02 1.476000e+02
3.575000e+02 1.494000e+02
3.562500e+02 1.512000e+02
3.550000e+02 1.530000e+02
3.535000e+02 1.545000e+02
3.520000e+02 1.560000e+02
3.505000e+02 1.578000e+02
3.490000e+02 1.596000e+02
3.472500e+02 1.617000e+02
3.455000e+02 1.638000e+02
3.445000e+02 1.653000e+02
3.435000e+02 1.668000e+02
3.425000e+02 1.680000e+02
3.415000e+02 1.692000e+02
3.407500e+02 1.707000e+02
3.400000e+02 1.722000e+02
3.390000e+02 1.737000e+02
3.380000e+02 1.752000e+02
3.372500e+02 1.767000e+02
3.365000e+02 1.782000e+02
3.350000e+02 1.806000e+02
3.335000e+02 1.836000e+02
3.330000e+02 1.848000e+02
3.325000e+02 1.860000e+02
3.315000e+02 1.884000e+02
3.305000e+02 1.914000e+02
3.300000e+02 1.938000e+02
3.290000e+02 1.968000e+02
3.290000e+02 1.974000e+02
3.290000e+02 1.992000e+02
3.285000e+02 2.016000e+02
3.285000e+02 2.040000e+02
3.285000e+02 2.070000e+02
3.280000e+02 2.112000e+02
3.280000e+02 2.166000e+02
3.280000e+02 2.232000e+02
3.275000e+02 2.280000e+02
3.275000e+02 2.334000e+02
3.275000e+02 2.382000e+02
3.275000e+02 2.424000e+02
3.275000e+02 2.478000e+02
3.275000e+02 2.532000e+02
3.275000e+02 2.574000e+02
3.280000e+02 2.628000e+02
3.280000e+02 2.682000e+02
3.285000e+02 2.730000e+02
3.285000e+02 2.790000e+02
3.290000e+02 2.844000e+02
3.295000e+02 2.892000e+02
3.300000e+02 2.952000e+02
3.310000e+02 3.000000e+02
3.315000e+02 3.048000e+02
3.325000e+02 3.108000e+02
3.335000e+02 3.156000e+02
3.335000e+02 3.180000e+02
3.345000e+02 3.234000e+02
3.355000e+02 3.282000e+02
3.365000e+02 3.354000e+02
3.375000e+02 3.420000e+02
3.380000e+02 3.474000e+02
3.380000e+02 3.498000e+02
3.380000e+02 3.516000e+02
3.380000e+02 3.528000e+02
3.380000e+02 3.540000e+02
3.380000e+02 3.552000e+02
3.380000e+02 3.558000e+02
3.380000e+02 3.564000e+02
3.380000e+02 3.564000e+02
3.380000e+02 3.570000e+02
3.385000e+02 3.570000e+02
3.385000e+02 3.576000e+02
3.385000e+02 3.576000e+02
3.385000e+02 3.582000e+02
3.385000e+02 3.582000e+02
3.385000e+02 3.582000e+02
3.385000e+02 3.582000e+02
3.385000e+02 3.588000e+02
3.385000e+02 3.588000e+02
3.385000e+02 3.588000e+02
3.385000e+02 3.588000e+02
3.390000e+02 3.588000e+02
3.390000e+02 3.588000e+02
3.390000e+02 3.588000e+02
3.390000e+02 3.588000e+02
3.390000e+02 3.588000e+02
3.390000e+02 3.588000e+02
3.390000e+02 3.588000e+02
3.390000e+02 3.588000e+02
3.390000e+02 3.588000e+02
3.390000e+02 3.588000e+02
3.390000e+02 3.588000e+02
3.390000e+02 3.588000e+02
3.390000e+02 3.588000e+02
3.390000e+02 3.588000e+02
3.390000e+02 3.588000e+02
3.390000e+02 3.588000e+02
3.390000e+02 3.588000e+02
3.390000e+02 3.588000e+02
3.390000e+02 3.582000e+02
3.390000e+02 3.582000e+02
3.390000e+02 3.582000e+02
3.390000e+02 3.576000e+02
3.390000e+02 3.570000e+02
3.390000e+02 3.570000e+02
3.390000e+02 3.570000e+02
