2.275000e+02 1.932000e+02
2.275000e+02 1.932000e+02
2.275000e+02 1.932000e+02
2.275000e+02 1.929000e+02
2.275000e+02 1.926000e+02
2.277500e+02 1.923000e+02
2.280000e+02 1.920000e+02
2.280000e+02 1.914000e+02
2.280000e+02 1.908000e+02
2.282500e+02 1.899000e+02
2.285000e+02 1.890000e+02
2.292500e+02 1.881000e+02
2.300000e+02 1.872000e+02
2.312500e+02 1.854000e+02
2.325000e+02 1.836000e+02
2.340000e+02 1.818000e+02
2.355000e+02 1.800000e+02
2.380000e+02 1.782000e+02
2.405000e+02 1.764000e+02
2.430000e+02 1.746000e+02
2.455000e+02 1.728000e+02
2.480000e+02 1.713000e+02
2.505000e+02 1.698000e+02
2.537500e+02 1.683000e+02
2.570000e+02 1.668000e+02
2.602500e+02 1.650000e+02
2.635000e+02 1.632000e+02
2.670000e+02 1.614000e+02
2.705000e+02 1.596000e+02
2.742500e+02 1.581000e+02
2.780000e+02 1.566000e+02
2.817500e+02 1.554000e+02
2.855000e+02 1.542000e+02
2.912500e+02 1.527000e+02
2.970000e+02 1.512000e+02
2.990000e+02 1.506000e+02
3.010000e+02 1.500000e+02
3.067500e+02 1.485000e+02
3.125000e+02 1.470000e+02
3.162500e+02 1.461000e+02
3.200000e+02 1.452000e+02
3.237500e+02 1.446000e+02
3.275000e+02 1.440000e+02
3.310000e+02 1.437000e+02
3.345000e+02 1.434000e+02
3.365000e+02 1.434000e+02
3.385000e+02 1.434000e+02
3.442500e+02 1.431000e+02
3.500000e+02 1.428000e+02
3.535000e+02 1.428000e+02
3.570000e+02 1.428000e+02
3.605000e+02 1.431000e+02
3.640000e+02 1.434000e+02
3.670000e+02 1.434000e+02
3.700000e+02 1.434000e+02
3.735000e+02 1.437000e+02
3.770000e+02 1.440000e+02
3.797500e+02 1.446000e+02
3.825000e+02 1.452000e+02
3.852500e+02 1.455000e+02
3.880000e+02 1.458000e+02
3.907500e+02 1.464000e+02
3.935000e+02 1.470000e+02
3.955000e+02 1.476000e+02
3.975000e+02 1.482000e+02
4.000000e+02 1.488000e+02
4.025000e+02 1.494000e+02
4.045000e+02 1.500000e+02
4.065000e+02 1.506000e+02
4.082500e+02 1.512000e+02
4.100000e+02 1.518000e+02
4.117500e+02 1.524000e+02
4.135000e+02 1.530000e+02
4.150000e+02 1.536000e+02
4.165000e+02 1.542000e+02
4.177500e+02 1.548000e+02
4.190000e+02 1.554000e+02
4.202500e+02 1.560000e+02
4.215000e+02 1.566000e+02
4.230000e+02 1.575000e+02
4.245000e+02 1.584000e+02
4.255000e+02 1.593000e+02
4.265000e+02 1.602000e+02
4.275000e+02 1.611000e+02
4.285000e+02 1.620000e+02
4.297500e+02 1.629000e+02
4.310000e+02 1.638000e+02
4.330000e+02 1.656000e+02
4.345000e+02 1.674000e+02
4.375000e+02 1.710000e+02
4.390000e+02 1.734000e+02
4.410000e+02 1.764000e+02
4.430000e+02 1.788000e+02
4.445000e+02 1.812000e+02
4.460000e+02 1.836000e+02
4.470000e+02 1.860000e+02
4.485000e+02 1.884000e+02
4.495000e+02 1.914000e+02
4.505000e+02 1.938000e+02
4.515000e+02 1.956000e+02
4.525000e+02 1.980000e+02
4.530000e+02 1.998000e+02
4.540000e+02 2.028000e+02
4.555000e+02 2.064000e+02
4.560000e+02 2.094000e+02
4.570000e+02 2.118000e+02
4.575000e+02 2.148000e+02
4.580000e+02 2.184000e+02
4.585000e+02 2.220000e+02
4.585000e+02 2.256000e+02
4.585000e+02 2.292000e+02
4.585000e+02 2.340000e+02
4.570000e+02 2.400000e+02
4.560000e+02 2.442000e+02
4.545000e+02 2.490000e+02
4.530000e+02 2.532000e+02
4.510000e+02 2.574000e+02
4.490000e+02 2.616000e+02
4.465000e+02 2.664000e+02
4.435000e+02 2.706000e+02
4.405000e+02 2.748000e+02
4.370000e+02 2.790000e+02
4.330000e+02 2.838000e+02
4.290000e+02 2.874000e+02
4.235000e+02 2.916000e+02
4.170000e+02 2.964000e+02
4.105000e+02 3.012000e+02
4.010000e+02 3.060000e+02
3.945000e+02 3.090000e+02
3.865000e+02 3.126000e+02
3.805000e+02 3.156000e+02
3.735000e+02 3.180000e+02
3.670000e+02 3.198000e+02
3.630000e+02 3.210000e+02
3.520000e+02 3.228000e+02
3.455000e+02 3.234000e+02
3.380000e+02 3.246000e+02
3.315000e+02 3.258000e+02
3.250000e+02 3.264000e+02
3.180000e+02 3.270000e+02
3.110000e+02 3.276000e+02
3.050000e+02 3.276000e+02
2.985000e+02 3.270000e+02
2.925000e+02 3.258000e+02
2.860000e+02 3.252000e+02
2.800000e+02 3.234000e+02
2.710000e+02 3.204000e+02
2.655000e+02 3.174000e+02
2.600000e+02 3.144000e+02
2.555000e+02 3.114000e+02
2.515000e+02 3.090000e+02
2.480000e+02 3.060000e+02
2.445000e+02 3.024000e+02
2.420000e+02 2.988000e+02
2.395000e+02 2.952000e+02
2.370000e+02 2.910000e+02
2.350000e+02 2.862000e+02
2.330000e+02 2.808000e+02
2.315000e+02 2.748000e+02
2.305000e+02 2.688000e+02
2.295000e+02 2.634000e+02
2.290000e+02 2.580000e+02
2.285000e+02 2.532000e+02
2.285000e+02 2.484000e+02
2.285000e+02 2.430000e+02
2.285000e+02 2.388000e+02
2.285000e+02 2.340000e+02
2.290000e+02 2.280000e+02
2.300000e+02 2.226000e+02
2.315000e+02 2.154000e+02
2.340000e+02 2.082000e+02
2.375000e+02 1.956000e+02
2.400000e+02 1.890000e+02
2.435000e+02 1.788000e+02
2.470000e+02 1.710000e+02
2.510000e+02 1.620000e+02
2.560000e+02 1.536000e+02
2.610000e+02 1.458000e+02
2.665000e+02 1.392000e+02
2.720000e+02 1.326000e+02
2.765000e+02 1.272000e+02
2.815000e+02 1.224000e+02
2.860000e+02 1.182000e+02
2.900000e+02 1.140000e+02
2.935000e+02 1.116000e+02
2.970000e+02 1.092000e+02
3.000000e+02 1.068000e+02
3.025000e+02 1.050000e+02
3.055000e+02 1.026000e+02
3.085000e+02 1.008000e+02
3.105000e+02 9.900000e+01
3.125000e+02 9.780000e+01
3.145000e+02 9.720000e+01
3.160000e+02 9.660000e+01
3.170000e+02 9.600000e+01
3.180000e+02 9.600000e+01
3.185000e+02 9.600000e+01
3.190000e+02 9.600000e+01
3.195000e+02 9.600000e+01
3.195000e+02 9.600000e+01
