1.510000e+02 3.588000e+02
1.510000e+02 3.588000e+02
1.510000e+02 3.588000e+02
1.510000e+02 3.588000e+02
1.510000e+02 3.588000e+02
1.510000e+02 3.585000e+02
1.510000e+02 3.582000e+02
1.510000e+02 3.579000e+02
1.510000e+02 3.576000e+02
1.510000e+02 3.573000e+02
1.510000e+02 3.570000e+02
1.512500e+02 3.564000e+02
1.515000e+02 3.558000e+02
1.517500e+02 3.549000e+02
1.520000e+02 3.540000e+02
1.522500e+02 3.525000e+02
1.525000e+02 3.510000e+02
1.530000e+02 3.498000e+02
1.535000e+02 3.486000e+02
1.540000e+02 3.471000e+02
1.545000e+02 3.456000e+02
1.552500e+02 3.441000e+02
1.560000e+02 3.426000e+02
1.565000e+02 3.411000e+02
1.570000e+02 3.396000e+02
1.580000e+02 3.378000e+02
1.590000e+02 3.360000e+02
1.597500e+02 3.339000e+02
1.605000e+02 3.318000e+02
1.612500e+02 3.297000e+02
1.620000e+02 3.276000e+02
1.630000e+02 3.252000e+02
1.640000e+02 3.228000e+02
1.652500e+02 3.201000e+02
1.665000e+02 3.174000e+02
1.687500e+02 3.129000e+02
1.710000e+02 3.084000e+02
1.717500e+02 3.072000e+02
1.725000e+02 3.060000e+02
1.737500e+02 3.033000e+02
1.750000e+02 3.006000e+02
1.770000e+02 2.964000e+02
1.790000e+02 2.922000e+02
1.807500e+02 2.892000e+02
1.825000e+02 2.862000e+02
1.842500e+02 2.832000e+02
1.860000e+02 2.802000e+02
1.875000e+02 2.772000e+02
1.890000e+02 2.742000e+02
1.905000e+02 2.715000e+02
1.920000e+02 2.688000e+02
1.940000e+02 2.658000e+02
1.960000e+02 2.628000e+02
1.977500e+02 2.598000e+02
1.995000e+02 2.568000e+02
2.012500e+02 2.538000e+02
2.030000e+02 2.508000e+02
2.050000e+02 2.475000e+02
2.070000e+02 2.442000e+02
2.087500e+02 2.415000e+02
2.105000e+02 2.388000e+02
2.122500e+02 2.358000e+02
2.140000e+02 2.328000e+02
2.160000e+02 2.295000e+02
2.180000e+02 2.262000e+02
2.197500e+02 2.235000e+02
2.215000e+02 2.208000e+02
2.255000e+02 2.148000e+02
2.285000e+02 2.088000e+02
2.325000e+02 2.034000e+02
2.360000e+02 1.974000e+02
2.395000e+02 1.920000e+02
2.430000e+02 1.866000e+02
2.465000e+02 1.812000e+02
2.505000e+02 1.740000e+02
2.540000e+02 1.692000e+02
2.575000e+02 1.638000e+02
2.600000e+02 1.590000e+02
2.635000e+02 1.548000e+02
2.665000e+02 1.494000e+02
2.690000e+02 1.452000e+02
2.720000e+02 1.410000e+02
2.745000e+02 1.368000e+02
2.770000e+02 1.326000e+02
2.795000e+02 1.290000e+02
2.825000e+02 1.254000e+02
2.850000e+02 1.212000e+02
2.870000e+02 1.176000e+02
2.885000e+02 1.146000e+02
2.905000e+02 1.122000e+02
2.920000e+02 1.092000e+02
2.940000e+02 1.062000e+02
2.955000e+02 1.038000e+02
2.970000e+02 1.008000e+02
2.980000e+02 9.900000e+01
2.990000e+02 9.660000e+01
3.000000e+02 9.420000e+01
3.010000e+02 9.300000e+01
3.015000e+02 9.120000e+01
3.020000e+02 9.060000e+01
3.020000e+02 9.000000e+01
3.020000e+02 8.940000e+01
3.025000e+02 8.880000e+01
3.025000e+02 8.880000e+01
3.030000e+02 8.820000e+01
3.035000e+02 8.820000e+01
3.040000e+02 8.820000e+01
3.050000e+02 8.880000e+01
3.060000e+02 8.940000e+01
3.070000e+02 9.060000e+01
3.085000e+02 9.180000e+01
3.100000e+02 9.300000e+01
3.115000e+02 9.480000e+01
3.135000e+02 9.720000e+01
3.170000e+02 1.014000e+02
3.210000e+02 1.050000e+02
3.245000e+02 1.092000e+02
3.280000e+02 1.128000e+02
3.310000e+02 1.164000e+02
3.335000e+02 1.200000e+02
3.365000e+02 1.236000e+02
3.395000e+02 1.284000e+02
3.425000e+02 1.326000e+02
3.450000e+02 1.368000e+02
3.475000e+02 1.410000e+02
3.505000e+02 1.452000e+02
3.530000e+02 1.494000e+02
3.560000e+02 1.530000e+02
3.590000e+02 1.566000e+02
3.635000e+02 1.626000e+02
3.660000e+02 1.662000e+02
3.695000e+02 1.692000e+02
3.725000e+02 1.734000e+02
3.750000e+02 1.770000e+02
3.780000e+02 1.806000e+02
3.810000e+02 1.836000e+02
3.840000e+02 1.872000e+02
3.870000e+02 1.914000e+02
3.900000e+02 1.944000e+02
3.935000e+02 1.980000e+02
3.960000e+02 2.010000e+02
3.990000e+02 2.046000e+02
4.020000e+02 2.082000e+02
4.050000e+02 2.118000e+02
4.080000e+02 2.148000e+02
4.105000e+02 2.184000e+02
4.135000e+02 2.226000e+02
4.165000e+02 2.268000e+02
4.195000e+02 2.298000e+02
4.230000e+02 2.346000e+02
4.275000e+02 2.406000e+02
4.325000e+02 2.460000e+02
4.365000e+02 2.520000e+02
4.395000e+02 2.556000e+02
4.425000e+02 2.586000e+02
4.455000e+02 2.616000e+02
4.485000e+02 2.652000e+02
4.510000e+02 2.688000e+02
4.540000e+02 2.718000e+02
4.570000e+02 2.748000e+02
4.595000e+02 2.772000e+02
4.625000e+02 2.808000e+02
4.660000e+02 2.844000e+02
4.690000e+02 2.874000e+02
4.715000e+02 2.904000e+02
4.745000e+02 2.940000e+02
4.790000e+02 3.000000e+02
4.820000e+02 3.030000e+02
4.845000e+02 3.060000e+02
4.875000e+02 3.102000e+02
4.900000e+02 3.144000e+02
4.930000e+02 3.180000e+02
4.955000e+02 3.204000e+02
4.980000e+02 3.234000e+02
5.005000e+02 3.270000e+02
5.030000e+02 3.300000e+02
5.060000e+02 3.330000e+02
5.095000e+02 3.366000e+02
5.115000e+02 3.396000e+02
5.140000e+02 3.432000e+02
5.165000e+02 3.462000e+02
5.185000e+02 3.480000e+02
5.200000e+02 3.498000e+02
5.210000e+02 3.510000e+02
5.230000e+02 3.528000e+02
5.240000e+02 3.546000e+02
5.250000e+02 3.558000e+02
5.260000e+02 3.576000e+02
5.270000e+02 3.594000e+02
5.275000e+02 3.606000e+02
5.285000e+02 3.618000e+02
5.290000e+02 3.624000e+02
5.290000e+02 3.630000e+02
5.295000e+02 3.636000e+02
5.300000e+02 3.642000e+02
5.305000e+02 3.648000e+02
5.305000e+02 3.648000e+02
5.310000e+02 3.654000e+02
5.315000e+02 3.654000e+02
5.315000e+02 3.654000e+02
