1.400000e+02 1.602000e+02
1.400000e+02 1.602000e+02
1.400000e+02 1.602000e+02
1.400000e+02 1.605000e+02
1.400000e+02 1.608000e+02
1.400000e+02 1.611000e+02
1.400000e+02 1.614000e+02
1.405000e+02 1.626000e+02
1.410000e+02 1.638000e+02
1.415000e+02 1.656000e+02
1.420000e+02 1.674000e+02
1.427500e+02 1.701000e+02
1.435000e+02 1.728000e+02
1.445000e+02 1.758000e+02
1.455000e+02 1.788000e+02
1.467500e+02 1.821000e+02
1.480000e+02 1.854000e+02
1.490000e+02 1.890000e+02
1.500000e+02 1.926000e+02
1.512500e+02 1.962000e+02
1.525000e+02 1.998000e+02
1.537500e+02 2.034000e+02
1.550000e+02 2.070000e+02
1.565000e+02 2.109000e+02
1.580000e+02 2.148000e+02
1.592500e+02 2.187000e+02
1.605000e+02 2.226000e+02
1.622500e+02 2.277000e+02
1.640000e+02 2.328000e+02
1.652500e+02 2.358000e+02
1.665000e+02 2.388000e+02
1.672500e+02 2.412000e+02
1.680000e+02 2.436000e+02
1.690000e+02 2.460000e+02
1.700000e+02 2.484000e+02
1.705000e+02 2.502000e+02
1.710000e+02 2.520000e+02
1.715000e+02 2.535000e+02
1.720000e+02 2.550000e+02
1.725000e+02 2.559000e+02
1.730000e+02 2.568000e+02
1.732500e+02 2.574000e+02
1.735000e+02 2.580000e+02
1.737500e+02 2.586000e+02
1.740000e+02 2.592000e+02
1.742500e+02 2.598000e+02
1.745000e+02 2.604000e+02
1.747500e+02 2.607000e+02
1.750000e+02 2.610000e+02
1.750000e+02 2.613000e+02
1.750000e+02 2.616000e+02
1.752500e+02 2.619000e+02
1.755000e+02 2.622000e+02
1.755000e+02 2.622000e+02
1.755000e+02 2.622000e+02
1.757500e+02 2.622000e+02
1.760000e+02 2.622000e+02
1.760000e+02 2.622000e+02
1.760000e+02 2.622000e+02
1.762500e+02 2.625000e+02
1.765000e+02 2.628000e+02
1.770000e+02 2.625000e+02
1.775000e+02 2.622000e+02
1.782500e+02 2.619000e+02
1.790000e+02 2.616000e+02
1.805000e+02 2.610000e+02
1.820000e+02 2.604000e+02
1.842500e+02 2.589000e+02
1.865000e+02 2.574000e+02
1.890000e+02 2.559000e+02
1.915000e+02 2.544000e+02
1.952500e+02 2.520000e+02
1.990000e+02 2.496000e+02
2.022500e+02 2.481000e+02
2.055000e+02 2.466000e+02
2.085000e+02 2.451000e+02
2.115000e+02 2.436000e+02
2.147500e+02 2.418000e+02
2.180000e+02 2.400000e+02
2.207500e+02 2.388000e+02
2.235000e+02 2.376000e+02
2.262500e+02 2.361000e+02
2.290000e+02 2.346000e+02
2.320000e+02 2.334000e+02
2.350000e+02 2.322000e+02
2.380000e+02 2.307000e+02
2.410000e+02 2.292000e+02
2.435000e+02 2.280000e+02
2.460000e+02 2.268000e+02
2.490000e+02 2.256000e+02
2.520000e+02 2.244000e+02
2.547500e+02 2.232000e+02
2.575000e+02 2.220000e+02
2.605000e+02 2.208000e+02
2.635000e+02 2.196000e+02
2.662500e+02 2.187000e+02
2.690000e+02 2.178000e+02
2.715000e+02 2.169000e+02
2.740000e+02 2.160000e+02
2.770000e+02 2.154000e+02
2.800000e+02 2.148000e+02
2.825000e+02 2.139000e+02
2.850000e+02 2.130000e+02
2.880000e+02 2.121000e+02
2.910000e+02 2.112000e+02
2.947500e+02 2.103000e+02
2.985000e+02 2.094000e+02
3.012500e+02 2.085000e+02
3.040000e+02 2.076000e+02
3.067500e+02 2.067000e+02
3.095000e+02 2.058000e+02
3.107500e+02 2.055000e+02
3.120000e+02 2.052000e+02
3.150000e+02 2.046000e+02
3.180000e+02 2.040000e+02
3.207500e+02 2.034000e+02
3.235000e+02 2.028000e+02
3.280000e+02 2.022000e+02
3.325000e+02 2.016000e+02
3.357500e+02 2.007000e+02
3.390000e+02 1.998000e+02
3.422500e+02 1.992000e+02
3.455000e+02 1.986000e+02
3.487500e+02 1.977000e+02
3.520000e+02 1.968000e+02
3.550000e+02 1.959000e+02
3.580000e+02 1.950000e+02
3.607500e+02 1.944000e+02
3.635000e+02 1.938000e+02
3.660000e+02 1.929000e+02
3.685000e+02 1.920000e+02
3.710000e+02 1.914000e+02
3.735000e+02 1.908000e+02
3.762500e+02 1.902000e+02
3.790000e+02 1.896000e+02
3.812500e+02 1.890000e+02
3.835000e+02 1.884000e+02
3.860000e+02 1.881000e+02
3.885000e+02 1.878000e+02
3.907500e+02 1.875000e+02
3.930000e+02 1.872000e+02
3.950000e+02 1.869000e+02
3.970000e+02 1.866000e+02
3.997500e+02 1.863000e+02
4.025000e+02 1.860000e+02
4.045000e+02 1.857000e+02
4.065000e+02 1.854000e+02
4.087500e+02 1.851000e+02
4.110000e+02 1.848000e+02
4.140000e+02 1.845000e+02
4.170000e+02 1.842000e+02
4.180000e+02 1.842000e+02
4.190000e+02 1.842000e+02
4.207500e+02 1.842000e+02
4.225000e+02 1.842000e+02
4.242500e+02 1.839000e+02
4.260000e+02 1.836000e+02
4.277500e+02 1.836000e+02
4.295000e+02 1.836000e+02
4.310000e+02 1.836000e+02
4.325000e+02 1.836000e+02
4.337500e+02 1.836000e+02
4.350000e+02 1.836000e+02
4.365000e+02 1.836000e+02
4.380000e+02 1.836000e+02
4.392500e+02 1.836000e+02
4.405000e+02 1.836000e+02
4.417500e+02 1.836000e+02
4.430000e+02 1.836000e+02
4.440000e+02 1.836000e+02
4.450000e+02 1.836000e+02
4.460000e+02 1.836000e+02
4.470000e+02 1.836000e+02
4.477500e+02 1.836000e+02
4.485000e+02 1.836000e+02
4.492500e+02 1.839000e+02
4.500000e+02 1.842000e+02
4.510000e+02 1.842000e+02
4.520000e+02 1.842000e+02
4.527500e+02 1.842000e+02
4.535000e+02 1.842000e+02
4.537500e+02 1.842000e+02
4.540000e+02 1.842000e+02
4.547500e+02 1.842000e+02
4.555000e+02 1.842000e+02
4.557500e+02 1.842000e+02
4.560000e+02 1.842000e+02
4.562500e+02 1.842000e+02
4.565000e+02 1.842000e+02
4.567500e+02 1.842000e+02
4.570000e+02 1.842000e+02
4.570000e+02 1.845000e+02
4.570000e+02 1.848000e+02
4.572500e+02 1.848000e+02
4.575000e+02 1.848000e+02
4.575000e+02 1.848000e+02
4.580000e+02 1.848000e+02
4.580000e+02 1.848000e+02
4.580000e+02 1.848000e+02
4.580000e+02 1.848000e+02
