2.905000e+02 1.902000e+02
2.905000e+02 1.902000e+02
2.905000e+02 1.902000e+02
2.902500e+02 1.899000e+02
2.900000e+02 1.896000e+02
2.897500e+02 1.893000e+02
2.895000e+02 1.890000e+02
2.892500e+02 1.887000e+02
2.890000e+02 1.884000e+02
2.887500e+02 1.872000e+02
2.885000e+02 1.860000e+02
2.877500e+02 1.836000e+02
2.870000e+02 1.812000e+02
2.865000e+02 1.785000e+02
2.860000e+02 1.758000e+02
2.850000e+02 1.716000e+02
2.840000e+02 1.674000e+02
2.835000e+02 1.644000e+02
2.830000e+02 1.614000e+02
2.825000e+02 1.584000e+02
2.820000e+02 1.554000e+02
2.815000e+02 1.524000e+02
2.810000e+02 1.494000e+02
2.810000e+02 1.467000e+02
2.810000e+02 1.440000e+02
2.810000e+02 1.404000e+02
2.810000e+02 1.368000e+02
2.812500e+02 1.335000e+02
2.815000e+02 1.302000e+02
2.822500e+02 1.263000e+02
2.830000e+02 1.224000e+02
2.840000e+02 1.191000e+02
2.850000e+02 1.158000e+02
2.862500e+02 1.122000e+02
2.875000e+02 1.086000e+02
2.885000e+02 1.056000e+02
2.895000e+02 1.026000e+02
2.910000e+02 1.005000e+02
2.925000e+02 9.840000e+01
2.932500e+02 9.750000e+01
2.940000e+02 9.660000e+01
2.955000e+02 9.480000e+01
2.970000e+02 9.300000e+01
2.995000e+02 9.060000e+01
3.020000e+02 8.820000e+01
3.030000e+02 8.730000e+01
3.040000e+02 8.640000e+01
3.067500e+02 8.490000e+01
3.095000e+02 8.340000e+01
3.125000e+02 8.250000e+01
3.155000e+02 8.160000e+01
3.175000e+02 8.160000e+01
3.195000e+02 8.160000e+01
3.215000e+02 8.190000e+01
3.235000e+02 8.220000e+01
3.257500e+02 8.280000e+01
3.280000e+02 8.340000e+01
3.310000e+02 8.520000e+01
3.340000e+02 8.700000e+01
3.350000e+02 8.760000e+01
3.360000e+02 8.820000e+01
3.402500e+02 9.180000e+01
3.445000e+02 9.540000e+01
3.462500e+02 9.750000e+01
3.480000e+02 9.960000e+01
3.497500e+02 1.017000e+02
3.515000e+02 1.038000e+02
3.530000e+02 1.062000e+02
3.545000e+02 1.086000e+02
3.560000e+02 1.113000e+02
3.575000e+02 1.140000e+02
3.587500e+02 1.164000e+02
3.600000e+02 1.188000e+02
3.612500e+02 1.227000e+02
3.625000e+02 1.266000e+02
3.640000e+02 1.314000e+02
3.655000e+02 1.368000e+02
3.660000e+02 1.428000e+02
3.665000e+02 1.452000e+02
3.670000e+02 1.506000e+02
3.670000e+02 1.560000e+02
3.670000e+02 1.608000e+02
3.665000e+02 1.656000e+02
3.655000e+02 1.710000e+02
3.650000e+02 1.758000e+02
3.640000e+02 1.800000e+02
3.620000e+02 1.872000e+02
3.615000e+02 1.902000e+02
3.600000e+02 1.944000e+02
3.585000e+02 1.992000e+02
3.565000e+02 2.040000e+02
3.555000e+02 2.082000e+02
3.540000e+02 2.124000e+02
3.525000e+02 2.166000e+02
3.515000e+02 2.202000e+02
3.495000e+02 2.256000e+02
3.480000e+02 2.286000e+02
3.465000e+02 2.310000e+02
3.450000e+02 2.340000e+02
3.435000e+02 2.364000e+02
3.425000e+02 2.388000e+02
3.415000e+02 2.406000e+02
3.400000e+02 2.424000e+02
3.390000e+02 2.436000e+02
3.380000e+02 2.454000e+02
3.370000e+02 2.466000e+02
3.355000e+02 2.484000e+02
3.350000e+02 2.490000e+02
3.335000e+02 2.514000e+02
3.325000e+02 2.526000e+02
3.315000e+02 2.544000e+02
3.305000e+02 2.556000e+02
3.295000e+02 2.568000e+02
3.285000e+02 2.580000e+02
3.275000e+02 2.598000e+02
3.265000e+02 2.616000e+02
3.250000e+02 2.634000e+02
3.240000e+02 2.640000e+02
3.230000e+02 2.664000e+02
3.215000e+02 2.682000e+02
3.195000e+02 2.700000e+02
3.190000e+02 2.718000e+02
3.175000e+02 2.736000e+02
3.165000e+02 2.748000e+02
3.165000e+02 2.760000e+02
3.160000e+02 2.772000e+02
3.155000e+02 2.784000e+02
3.150000e+02 2.802000e+02
3.145000e+02 2.820000e+02
3.140000e+02 2.844000e+02
3.135000e+02 2.868000e+02
3.130000e+02 2.922000e+02
3.125000e+02 2.970000e+02
3.120000e+02 3.018000e+02
3.115000e+02 3.072000e+02
3.115000e+02 3.108000e+02
3.110000e+02 3.162000e+02
3.105000e+02 3.186000e+02
3.095000e+02 3.276000e+02
3.090000e+02 3.324000e+02
3.090000e+02 3.372000e+02
3.085000e+02 3.426000e+02
3.080000e+02 3.474000e+02
3.080000e+02 3.510000e+02
3.080000e+02 3.552000e+02
3.080000e+02 3.594000e+02
3.080000e+02 3.624000e+02
3.080000e+02 3.654000e+02
3.085000e+02 3.690000e+02
3.085000e+02 3.726000e+02
3.090000e+02 3.762000e+02
3.090000e+02 3.792000e+02
3.090000e+02 3.816000e+02
3.095000e+02 3.852000e+02
3.095000e+02 3.882000e+02
3.100000e+02 3.912000e+02
3.100000e+02 3.936000e+02
3.105000e+02 3.960000e+02
3.105000e+02 3.984000e+02
3.110000e+02 4.020000e+02
3.110000e+02 4.056000e+02
3.110000e+02 4.074000e+02
3.110000e+02 4.086000e+02
3.110000e+02 4.104000e+02
3.110000e+02 4.116000e+02
3.110000e+02 4.122000e+02
3.110000e+02 4.134000e+02
3.110000e+02 4.140000e+02
3.110000e+02 4.146000e+02
3.110000e+02 4.152000e+02
3.110000e+02 4.158000e+02
3.110000e+02 4.164000e+02
3.110000e+02 4.164000e+02
3.110000e+02 4.170000e+02
3.110000e+02 4.170000e+02
3.110000e+02 4.176000e+02
3.110000e+02 4.176000e+02
3.110000e+02 4.176000e+02
3.115000e+02 4.176000e+02
3.115000e+02 4.182000e+02
3.115000e+02 4.182000e+02
3.115000e+02 4.182000e+02
3.115000e+02 4.182000e+02
3.115000e+02 4.182000e+02
3.115000e+02 4.188000e+02
3.115000e+02 4.188000e+02
3.115000e+02 4.188000e+02
3.115000e+02 4.188000e+02
3.115000e+02 4.188000e+02
3.120000e+02 4.188000e+02
3.120000e+02 4.188000e+02
3.120000e+02 4.188000e+02
3.120000e+02 4.188000e+02
3.120000e+02 4.188000e+02
3.120000e+02 4.188000e+02
3.120000e+02 4.188000e+02
3.120000e+02 4.188000e+02
3.120000e+02 4.182000e+02
3.125000e+02 4.176000e+02
3.125000e+02 4.176000e+02
