2.500000e+02 1.974000e+02
2.500000e+02 1.974000e+02
2.500000e+02 1.974000e+02
2.497500e+02 1.974000e+02
2.495000e+02 1.974000e+02
2.495000e+02 1.974000e+02
2.495000e+02 1.974000e+02
2.492500e+02 1.971000e+02
2.490000e+02 1.968000e+02
2.490000e+02 1.965000e+02
2.490000e+02 1.962000e+02
2.487500e+02 1.956000e+02
2.485000e+02 1.950000e+02
2.477500e+02 1.935000e+02
2.470000e+02 1.920000e+02
2.467500e+02 1.914000e+02
2.465000e+02 1.908000e+02
2.455000e+02 1.887000e+02
2.445000e+02 1.866000e+02
2.440000e+02 1.845000e+02
2.435000e+02 1.824000e+02
2.432500e+02 1.815000e+02
2.430000e+02 1.806000e+02
2.425000e+02 1.788000e+02
2.420000e+02 1.770000e+02
2.415000e+02 1.749000e+02
2.410000e+02 1.728000e+02
2.407500e+02 1.704000e+02
2.405000e+02 1.680000e+02
2.402500e+02 1.659000e+02
2.400000e+02 1.638000e+02
2.397500e+02 1.614000e+02
2.395000e+02 1.590000e+02
2.395000e+02 1.560000e+02
2.395000e+02 1.530000e+02
2.397500e+02 1.503000e+02
2.400000e+02 1.476000e+02
2.405000e+02 1.449000e+02
2.410000e+02 1.422000e+02
2.417500e+02 1.389000e+02
2.425000e+02 1.356000e+02
2.435000e+02 1.323000e+02
2.445000e+02 1.290000e+02
2.452500e+02 1.275000e+02
2.460000e+02 1.260000e+02
2.480000e+02 1.218000e+02
2.500000e+02 1.176000e+02
2.515000e+02 1.152000e+02
2.530000e+02 1.128000e+02
2.545000e+02 1.110000e+02
2.560000e+02 1.092000e+02
2.577500e+02 1.074000e+02
2.595000e+02 1.056000e+02
2.612500e+02 1.041000e+02
2.630000e+02 1.026000e+02
2.652500e+02 1.011000e+02
2.675000e+02 9.960000e+01
2.695000e+02 9.870000e+01
2.715000e+02 9.780000e+01
2.750000e+02 9.630000e+01
2.785000e+02 9.480000e+01
2.810000e+02 9.450000e+01
2.835000e+02 9.420000e+01
2.877500e+02 9.360000e+01
2.920000e+02 9.300000e+01
2.932500e+02 9.300000e+01
2.945000e+02 9.300000e+01
2.967500e+02 9.330000e+01
2.990000e+02 9.360000e+01
3.015000e+02 9.390000e+01
3.040000e+02 9.420000e+01
3.062500e+02 9.480000e+01
3.085000e+02 9.540000e+01
3.105000e+02 9.630000e+01
3.125000e+02 9.720000e+01
3.147500e+02 9.780000e+01
3.170000e+02 9.840000e+01
3.187500e+02 9.960000e+01
3.205000e+02 1.008000e+02
3.215000e+02 1.014000e+02
3.225000e+02 1.020000e+02
3.250000e+02 1.038000e+02
3.275000e+02 1.056000e+02
3.292500e+02 1.071000e+02
3.310000e+02 1.086000e+02
3.327500e+02 1.101000e+02
3.345000e+02 1.116000e+02
3.350000e+02 1.125000e+02
3.355000e+02 1.134000e+02
3.370000e+02 1.149000e+02
3.385000e+02 1.164000e+02
3.397500e+02 1.182000e+02
3.410000e+02 1.200000e+02
3.427500e+02 1.224000e+02
3.445000e+02 1.248000e+02
3.460000e+02 1.278000e+02
3.475000e+02 1.308000e+02
3.482500e+02 1.329000e+02
3.490000e+02 1.350000e+02
3.495000e+02 1.368000e+02
3.500000e+02 1.386000e+02
3.507500e+02 1.413000e+02
3.515000e+02 1.440000e+02
3.520000e+02 1.464000e+02
3.525000e+02 1.488000e+02
3.530000e+02 1.512000e+02
3.535000e+02 1.536000e+02
3.537500e+02 1.563000e+02
3.540000e+02 1.590000e+02
3.542500e+02 1.623000e+02
3.545000e+02 1.656000e+02
3.547500e+02 1.695000e+02
3.550000e+02 1.734000e+02
3.550000e+02 1.755000e+02
3.550000e+02 1.776000e+02
3.547500e+02 1.797000e+02
3.545000e+02 1.818000e+02
3.545000e+02 1.830000e+02
3.545000e+02 1.842000e+02
3.540000e+02 1.872000e+02
3.535000e+02 1.902000e+02
3.532500e+02 1.923000e+02
3.530000e+02 1.944000e+02
3.520000e+02 1.980000e+02
3.510000e+02 2.016000e+02
3.500000e+02 2.052000e+02
3.485000e+02 2.082000e+02
3.470000e+02 2.118000e+02
3.455000e+02 2.148000e+02
3.430000e+02 2.190000e+02
3.415000e+02 2.220000e+02
3.395000e+02 2.250000e+02
3.390000e+02 2.262000e+02
3.360000e+02 2.298000e+02
3.345000e+02 2.316000e+02
3.325000e+02 2.334000e+02
3.310000e+02 2.352000e+02
3.290000e+02 2.370000e+02
3.275000e+02 2.388000e+02
3.255000e+02 2.400000e+02
3.230000e+02 2.418000e+02
3.210000e+02 2.430000e+02
3.190000e+02 2.442000e+02
3.185000e+02 2.448000e+02
3.165000e+02 2.454000e+02
3.150000e+02 2.460000e+02
3.135000e+02 2.466000e+02
3.120000e+02 2.472000e+02
3.110000e+02 2.478000e+02
3.095000e+02 2.478000e+02
3.080000e+02 2.484000e+02
3.070000e+02 2.484000e+02
3.060000e+02 2.490000e+02
3.045000e+02 2.490000e+02
3.040000e+02 2.490000e+02
3.025000e+02 2.496000e+02
3.020000e+02 2.496000e+02
3.015000e+02 2.502000e+02
3.010000e+02 2.502000e+02
3.005000e+02 2.508000e+02
3.005000e+02 2.508000e+02
3.000000e+02 2.514000e+02
2.995000e+02 2.520000e+02
2.995000e+02 2.526000e+02
2.990000e+02 2.532000e+02
2.990000e+02 2.544000e+02
2.985000e+02 2.562000e+02
2.985000e+02 2.574000e+02
2.980000e+02 2.616000e+02
2.975000e+02 2.682000e+02
2.975000e+02 2.742000e+02
2.975000e+02 2.796000e+02
2.975000e+02 2.844000e+02
2.980000e+02 2.904000e+02
2.980000e+02 2.970000e+02
2.980000e+02 3.024000e+02
2.980000e+02 3.102000e+02
2.985000e+02 3.186000e+02
2.985000e+02 3.222000e+02
2.980000e+02 3.306000e+02
2.980000e+02 3.330000e+02
2.980000e+02 3.414000e+02
2.975000e+02 3.486000e+02
2.975000e+02 3.510000e+02
2.975000e+02 3.564000e+02
2.980000e+02 3.612000e+02
2.980000e+02 3.648000e+02
2.980000e+02 3.690000e+02
2.985000e+02 3.732000e+02
2.985000e+02 3.774000e+02
2.985000e+02 3.780000e+02
2.985000e+02 3.798000e+02
2.985000e+02 3.810000e+02
2.985000e+02 3.822000e+02
2.985000e+02 3.828000e+02
2.985000e+02 3.834000e+02
2.985000e+02 3.834000e+02
2.985000e+02 3.834000e+02
2.985000e+02 3.834000e+02
2.985000e+02 3.834000e+02
