4.130000e+02 1.392000e+02
4.130000e+02 1.392000e+02
4.130000e+02 1.392000e+02
4.130000e+02 1.386000e+02
4.130000e+02 1.380000e+02
4.130000e+02 1.380000e+02
4.130000e+02 1.380000e+02
4.130000e+02 1.377000e+02
4.130000e+02 1.374000e+02
4.135000e+02 1.365000e+02
4.140000e+02 1.356000e+02
4.147500e+02 1.344000e+02
4.155000e+02 1.332000e+02
4.180000e+02 1.305000e+02
4.205000e+02 1.278000e+02
4.227500e+02 1.260000e+02
4.250000e+02 1.242000e+02
4.262500e+02 1.236000e+02
4.275000e+02 1.230000e+02
4.297500e+02 1.212000e+02
4.320000e+02 1.194000e+02
4.345000e+02 1.182000e+02
4.370000e+02 1.170000e+02
4.397500e+02 1.155000e+02
4.425000e+02 1.140000e+02
4.460000e+02 1.128000e+02
4.495000e+02 1.116000e+02
4.535000e+02 1.107000e+02
4.575000e+02 1.098000e+02
4.620000e+02 1.089000e+02
4.665000e+02 1.080000e+02
4.702500e+02 1.077000e+02
4.740000e+02 1.074000e+02
4.777500e+02 1.071000e+02
4.815000e+02 1.068000e+02
4.852500e+02 1.068000e+02
4.890000e+02 1.068000e+02
4.920000e+02 1.068000e+02
4.950000e+02 1.068000e+02
4.980000e+02 1.071000e+02
5.010000e+02 1.074000e+02
5.050000e+02 1.080000e+02
5.090000e+02 1.086000e+02
5.102500e+02 1.089000e+02
5.115000e+02 1.092000e+02
5.155000e+02 1.104000e+02
5.195000e+02 1.116000e+02
5.207500e+02 1.122000e+02
5.220000e+02 1.128000e+02
5.267500e+02 1.152000e+02
5.315000e+02 1.176000e+02
5.332500e+02 1.194000e+02
5.350000e+02 1.212000e+02
5.375000e+02 1.230000e+02
5.400000e+02 1.248000e+02
5.422500e+02 1.272000e+02
5.445000e+02 1.296000e+02
5.470000e+02 1.329000e+02
5.495000e+02 1.362000e+02
5.505000e+02 1.374000e+02
5.515000e+02 1.386000e+02
5.530000e+02 1.413000e+02
5.545000e+02 1.440000e+02
5.560000e+02 1.464000e+02
5.575000e+02 1.488000e+02
5.585000e+02 1.509000e+02
5.595000e+02 1.530000e+02
5.602500e+02 1.554000e+02
5.610000e+02 1.578000e+02
5.612500e+02 1.599000e+02
5.615000e+02 1.620000e+02
5.617500e+02 1.641000e+02
5.620000e+02 1.662000e+02
5.617500e+02 1.692000e+02
5.615000e+02 1.722000e+02
5.605000e+02 1.755000e+02
5.595000e+02 1.788000e+02
5.582500e+02 1.809000e+02
5.570000e+02 1.830000e+02
5.562500e+02 1.842000e+02
5.555000e+02 1.854000e+02
5.540000e+02 1.875000e+02
5.525000e+02 1.896000e+02
5.492500e+02 1.932000e+02
5.460000e+02 1.968000e+02
5.437500e+02 1.989000e+02
5.415000e+02 2.010000e+02
5.372500e+02 2.040000e+02
5.330000e+02 2.070000e+02
5.317500e+02 2.079000e+02
5.305000e+02 2.088000e+02
5.272500e+02 2.109000e+02
5.240000e+02 2.130000e+02
5.212500e+02 2.145000e+02
5.185000e+02 2.160000e+02
5.155000e+02 2.175000e+02
5.125000e+02 2.190000e+02
5.097500e+02 2.205000e+02
5.070000e+02 2.220000e+02
5.045000e+02 2.235000e+02
5.020000e+02 2.250000e+02
4.992500e+02 2.265000e+02
4.965000e+02 2.280000e+02
4.930000e+02 2.298000e+02
4.895000e+02 2.316000e+02
4.872500e+02 2.325000e+02
4.850000e+02 2.334000e+02
4.822500e+02 2.352000e+02
4.795000e+02 2.370000e+02
4.777500e+02 2.379000e+02
4.760000e+02 2.388000e+02
4.742500e+02 2.400000e+02
4.725000e+02 2.412000e+02
4.710000e+02 2.421000e+02
4.695000e+02 2.430000e+02
4.680000e+02 2.442000e+02
4.665000e+02 2.454000e+02
4.655000e+02 2.463000e+02
4.645000e+02 2.472000e+02
4.637500e+02 2.481000e+02
4.630000e+02 2.490000e+02
4.622500e+02 2.496000e+02
4.615000e+02 2.502000e+02
4.610000e+02 2.508000e+02
4.605000e+02 2.514000e+02
4.600000e+02 2.520000e+02
4.595000e+02 2.526000e+02
4.590000e+02 2.535000e+02
4.585000e+02 2.544000e+02
4.582500e+02 2.550000e+02
4.580000e+02 2.556000e+02
4.577500e+02 2.562000e+02
4.575000e+02 2.568000e+02
4.570000e+02 2.580000e+02
4.565000e+02 2.592000e+02
4.565000e+02 2.601000e+02
4.565000e+02 2.610000e+02
4.562500e+02 2.616000e+02
4.560000e+02 2.622000e+02
4.560000e+02 2.637000e+02
4.560000e+02 2.652000e+02
4.557500e+02 2.670000e+02
4.555000e+02 2.688000e+02
4.552500e+02 2.709000e+02
4.550000e+02 2.730000e+02
4.550000e+02 2.754000e+02
4.550000e+02 2.778000e+02
4.545000e+02 2.808000e+02
4.540000e+02 2.838000e+02
4.537500e+02 2.868000e+02
4.535000e+02 2.898000e+02
4.532500e+02 2.934000e+02
4.530000e+02 2.970000e+02
4.525000e+02 3.000000e+02
4.520000e+02 3.030000e+02
4.515000e+02 3.066000e+02
4.510000e+02 3.102000e+02
4.507500e+02 3.138000e+02
4.505000e+02 3.174000e+02
4.497500e+02 3.216000e+02
4.490000e+02 3.258000e+02
4.485000e+02 3.300000e+02
4.480000e+02 3.342000e+02
4.470000e+02 3.390000e+02
4.460000e+02 3.438000e+02
4.447500e+02 3.501000e+02
4.435000e+02 3.564000e+02
4.427500e+02 3.603000e+02
4.420000e+02 3.642000e+02
4.415000e+02 3.669000e+02
4.410000e+02 3.696000e+02
4.405000e+02 3.735000e+02
4.400000e+02 3.774000e+02
4.392500e+02 3.807000e+02
4.385000e+02 3.840000e+02
4.380000e+02 3.873000e+02
4.375000e+02 3.906000e+02
4.370000e+02 3.933000e+02
4.365000e+02 3.960000e+02
4.360000e+02 3.984000e+02
4.355000e+02 4.008000e+02
4.350000e+02 4.029000e+02
4.345000e+02 4.050000e+02
4.342500e+02 4.065000e+02
4.340000e+02 4.080000e+02
4.340000e+02 4.086000e+02
4.340000e+02 4.092000e+02
4.335000e+02 4.107000e+02
4.330000e+02 4.122000e+02
4.330000e+02 4.131000e+02
4.330000e+02 4.140000e+02
4.327500e+02 4.143000e+02
4.325000e+02 4.146000e+02
4.325000e+02 4.152000e+02
4.325000e+02 4.158000e+02
4.325000e+02 4.170000e+02
4.320000e+02 4.176000e+02
4.320000e+02 4.176000e+02
4.320000e+02 4.182000e+02
4.320000e+02 4.182000e+02
