2.800000e+02 1.980000e+02
2.800000e+02 1.980000e+02
2.800000e+02 1.980000e+02
2.797500e+02 1.980000e+02
2.795000e+02 1.980000e+02
2.795000e+02 1.977000e+02
2.795000e+02 1.974000e+02
2.792500e+02 1.971000e+02
2.790000e+02 1.968000e+02
2.787500e+02 1.959000e+02
2.785000e+02 1.950000e+02
2.782500e+02 1.935000e+02
2.780000e+02 1.920000e+02
2.775000e+02 1.896000e+02
2.770000e+02 1.872000e+02
2.767500e+02 1.842000e+02
2.765000e+02 1.812000e+02
2.765000e+02 1.779000e+02
2.765000e+02 1.746000e+02
2.767500e+02 1.713000e+02
2.770000e+02 1.680000e+02
2.772500e+02 1.653000e+02
2.775000e+02 1.626000e+02
2.780000e+02 1.599000e+02
2.785000e+02 1.572000e+02
2.787500e+02 1.542000e+02
2.790000e+02 1.512000e+02
2.795000e+02 1.497000e+02
2.800000e+02 1.482000e+02
2.817500e+02 1.431000e+02
2.835000e+02 1.380000e+02
2.842500e+02 1.365000e+02
2.850000e+02 1.350000e+02
2.862500e+02 1.317000e+02
2.875000e+02 1.284000e+02
2.892500e+02 1.254000e+02
2.910000e+02 1.224000e+02
2.925000e+02 1.197000e+02
2.940000e+02 1.170000e+02
2.957500e+02 1.149000e+02
2.975000e+02 1.128000e+02
2.990000e+02 1.110000e+02
3.005000e+02 1.092000e+02
3.025000e+02 1.074000e+02
3.045000e+02 1.056000e+02
3.065000e+02 1.044000e+02
3.085000e+02 1.032000e+02
3.102500e+02 1.020000e+02
3.120000e+02 1.008000e+02
3.145000e+02 1.002000e+02
3.170000e+02 9.960000e+01
3.190000e+02 9.960000e+01
3.210000e+02 9.960000e+01
3.235000e+02 9.990000e+01
3.260000e+02 1.002000e+02
3.285000e+02 1.008000e+02
3.310000e+02 1.014000e+02
3.332500e+02 1.026000e+02
3.355000e+02 1.038000e+02
3.380000e+02 1.053000e+02
3.405000e+02 1.068000e+02
3.427500e+02 1.086000e+02
3.450000e+02 1.104000e+02
3.470000e+02 1.125000e+02
3.490000e+02 1.146000e+02
3.507500e+02 1.167000e+02
3.525000e+02 1.188000e+02
3.545000e+02 1.215000e+02
3.565000e+02 1.242000e+02
3.582500e+02 1.272000e+02
3.600000e+02 1.302000e+02
3.612500e+02 1.329000e+02
3.625000e+02 1.356000e+02
3.637500e+02 1.389000e+02
3.650000e+02 1.422000e+02
3.667500e+02 1.470000e+02
3.685000e+02 1.518000e+02
3.695000e+02 1.554000e+02
3.705000e+02 1.590000e+02
3.720000e+02 1.656000e+02
3.730000e+02 1.728000e+02
3.735000e+02 1.794000e+02
3.735000e+02 1.872000e+02
3.730000e+02 1.938000e+02
3.730000e+02 1.968000e+02
3.720000e+02 2.046000e+02
3.710000e+02 2.106000e+02
3.695000e+02 2.166000e+02
3.690000e+02 2.190000e+02
3.670000e+02 2.262000e+02
3.655000e+02 2.298000e+02
3.635000e+02 2.340000e+02
3.630000e+02 2.358000e+02
3.595000e+02 2.412000e+02
3.565000e+02 2.442000e+02
3.540000e+02 2.472000e+02
3.515000e+02 2.496000e+02
3.490000e+02 2.520000e+02
3.465000e+02 2.544000e+02
3.445000e+02 2.562000e+02
3.420000e+02 2.586000e+02
3.405000e+02 2.598000e+02
3.395000e+02 2.604000e+02
3.380000e+02 2.616000e+02
3.370000e+02 2.622000e+02
3.350000e+02 2.634000e+02
3.335000e+02 2.646000e+02
3.315000e+02 2.658000e+02
3.300000e+02 2.670000e+02
3.285000e+02 2.682000e+02
3.270000e+02 2.694000e+02
3.255000e+02 2.706000e+02
3.240000e+02 2.718000e+02
3.230000e+02 2.724000e+02
3.220000e+02 2.730000e+02
3.210000e+02 2.742000e+02
3.205000e+02 2.748000e+02
3.200000e+02 2.754000e+02
3.195000e+02 2.760000e+02
3.190000e+02 2.772000e+02
3.185000e+02 2.790000e+02
3.180000e+02 2.808000e+02
3.175000e+02 2.850000e+02
3.170000e+02 2.868000e+02
3.165000e+02 2.922000e+02
3.165000e+02 2.988000e+02
3.165000e+02 3.030000e+02
3.165000e+02 3.084000e+02
3.165000e+02 3.138000e+02
3.165000e+02 3.180000e+02
3.165000e+02 3.234000e+02
3.165000e+02 3.288000e+02
3.165000e+02 3.354000e+02
3.165000e+02 3.432000e+02
3.165000e+02 3.474000e+02
3.165000e+02 3.534000e+02
3.165000e+02 3.594000e+02
3.165000e+02 3.648000e+02
3.160000e+02 3.720000e+02
3.160000e+02 3.750000e+02
3.160000e+02 3.804000e+02
3.160000e+02 3.864000e+02
3.160000e+02 3.912000e+02
3.155000e+02 3.960000e+02
3.155000e+02 4.014000e+02
3.155000e+02 4.080000e+02
3.150000e+02 4.098000e+02
3.150000e+02 4.134000e+02
3.150000e+02 4.176000e+02
3.150000e+02 4.212000e+02
3.150000e+02 4.236000e+02
3.150000e+02 4.260000e+02
3.150000e+02 4.278000e+02
3.150000e+02 4.290000e+02
3.150000e+02 4.302000e+02
3.150000e+02 4.308000e+02
3.145000e+02 4.314000e+02
3.145000e+02 4.320000e+02
3.145000e+02 4.320000e+02
3.145000e+02 4.326000e+02
3.145000e+02 4.326000e+02
3.145000e+02 4.326000e+02
3.145000e+02 4.326000e+02
3.145000e+02 4.332000e+02
3.145000e+02 4.332000e+02
3.145000e+02 4.332000e+02
3.145000e+02 4.332000e+02
3.145000e+02 4.332000e+02
3.150000e+02 4.332000e+02
3.150000e+02 4.332000e+02
3.150000e+02 4.332000e+02
3.150000e+02 4.332000e+02
3.150000e+02 4.332000e+02
3.150000e+02 4.332000e+02
3.150000e+02 4.332000e+02
3.150000e+02 4.332000e+02
3.155000e+02 4.332000e+02
3.155000e+02 4.332000e+02
3.155000e+02 4.338000e+02
3.155000e+02 4.338000e+02
3.155000e+02 4.338000e+02
3.155000e+02 4.338000e+02
3.155000e+02 4.338000e+02
3.155000e+02 4.344000e+02
3.160000e+02 4.344000e+02
3.160000e+02 4.344000e+02
3.160000e+02 4.344000e+02
3.160000e+02 4.350000e+02
3.160000e+02 4.350000e+02
3.165000e+02 4.350000e+02
3.165000e+02 4.350000e+02
3.165000e+02 4.350000e+02
3.165000e+02 4.350000e+02
3.165000e+02 4.350000e+02
3.165000e+02 4.350000e+02
3.165000e+02 4.344000e+02
3.170000e+02 4.344000e+02
3.175000e+02 4.338000e+02
3.175000e+02 4.332000e+02
3.175000e+02 4.332000e+02
