2.895000e+02 1.422000e+02
2.895000e+02 1.422000e+02
2.895000e+02 1.422000e+02
2.895000e+02 1.419000e+02
2.895000e+02 1.416000e+02
2.897500e+02 1.413000e+02
2.900000e+02 1.410000e+02
2.905000e+02 1.404000e+02
2.910000e+02 1.398000e+02
2.917500e+02 1.389000e+02
2.925000e+02 1.380000e+02
2.940000e+02 1.368000e+02
2.955000e+02 1.356000e+02
2.972500e+02 1.341000e+02
2.990000e+02 1.326000e+02
3.012500e+02 1.314000e+02
3.035000e+02 1.302000e+02
3.055000e+02 1.293000e+02
3.075000e+02 1.284000e+02
3.097500e+02 1.278000e+02
3.120000e+02 1.272000e+02
3.147500e+02 1.263000e+02
3.175000e+02 1.254000e+02
3.200000e+02 1.251000e+02
3.225000e+02 1.248000e+02
3.257500e+02 1.242000e+02
3.290000e+02 1.236000e+02
3.315000e+02 1.233000e+02
3.340000e+02 1.230000e+02
3.370000e+02 1.227000e+02
3.400000e+02 1.224000e+02
3.427500e+02 1.224000e+02
3.455000e+02 1.224000e+02
3.540000e+02 1.224000e+02
3.590000e+02 1.224000e+02
3.645000e+02 1.230000e+02
3.695000e+02 1.230000e+02
3.745000e+02 1.242000e+02
3.795000e+02 1.248000e+02
3.840000e+02 1.254000e+02
3.885000e+02 1.266000e+02
3.945000e+02 1.284000e+02
3.980000e+02 1.302000e+02
4.015000e+02 1.320000e+02
4.050000e+02 1.344000e+02
4.080000e+02 1.368000e+02
4.110000e+02 1.392000e+02
4.140000e+02 1.422000e+02
4.175000e+02 1.458000e+02
4.205000e+02 1.488000e+02
4.230000e+02 1.518000e+02
4.255000e+02 1.548000e+02
4.280000e+02 1.584000e+02
4.305000e+02 1.620000e+02
4.325000e+02 1.656000e+02
4.340000e+02 1.686000e+02
4.355000e+02 1.728000e+02
4.370000e+02 1.770000e+02
4.380000e+02 1.836000e+02
4.385000e+02 1.866000e+02
4.390000e+02 1.914000e+02
4.395000e+02 1.962000e+02
4.395000e+02 2.016000e+02
4.395000e+02 2.070000e+02
4.390000e+02 2.124000e+02
4.385000e+02 2.208000e+02
4.385000e+02 2.262000e+02
4.380000e+02 2.316000e+02
4.375000e+02 2.376000e+02
4.370000e+02 2.424000e+02
4.360000e+02 2.484000e+02
4.350000e+02 2.538000e+02
4.340000e+02 2.586000e+02
4.325000e+02 2.646000e+02
4.310000e+02 2.700000e+02
4.290000e+02 2.754000e+02
4.275000e+02 2.808000e+02
4.255000e+02 2.856000e+02
4.235000e+02 2.904000e+02
4.195000e+02 2.982000e+02
4.170000e+02 3.024000e+02
4.130000e+02 3.090000e+02
4.095000e+02 3.138000e+02
4.045000e+02 3.192000e+02
4.005000e+02 3.228000e+02
3.955000e+02 3.270000e+02
3.910000e+02 3.312000e+02
3.850000e+02 3.348000e+02
3.800000e+02 3.378000e+02
3.745000e+02 3.408000e+02
3.695000e+02 3.432000e+02
3.635000e+02 3.462000e+02
3.580000e+02 3.486000e+02
3.525000e+02 3.504000e+02
3.440000e+02 3.534000e+02
3.355000e+02 3.558000e+02
3.275000e+02 3.582000e+02
3.225000e+02 3.600000e+02
3.180000e+02 3.612000e+02
3.135000e+02 3.624000e+02
3.090000e+02 3.636000e+02
3.045000e+02 3.642000e+02
3.005000e+02 3.648000e+02
2.965000e+02 3.654000e+02
2.925000e+02 3.654000e+02
2.880000e+02 3.654000e+02
2.840000e+02 3.660000e+02
2.800000e+02 3.660000e+02
2.760000e+02 3.660000e+02
2.720000e+02 3.654000e+02
2.680000e+02 3.654000e+02
2.615000e+02 3.654000e+02
2.555000e+02 3.648000e+02
2.510000e+02 3.642000e+02
2.440000e+02 3.630000e+02
2.395000e+02 3.624000e+02
2.350000e+02 3.612000e+02
2.295000e+02 3.594000e+02
2.235000e+02 3.576000e+02
2.180000e+02 3.558000e+02
2.120000e+02 3.534000e+02
2.065000e+02 3.510000e+02
2.015000e+02 3.474000e+02
1.970000e+02 3.444000e+02
1.930000e+02 3.414000e+02
1.895000e+02 3.378000e+02
1.860000e+02 3.348000e+02
1.830000e+02 3.312000e+02
1.790000e+02 3.252000e+02
1.765000e+02 3.198000e+02
1.745000e+02 3.150000e+02
1.730000e+02 3.102000e+02
1.720000e+02 3.042000e+02
1.710000e+02 2.988000e+02
1.710000e+02 2.940000e+02
1.710000e+02 2.874000e+02
1.710000e+02 2.826000e+02
1.720000e+02 2.772000e+02
1.730000e+02 2.718000e+02
1.740000e+02 2.670000e+02
1.750000e+02 2.628000e+02
1.765000e+02 2.574000e+02
1.780000e+02 2.514000e+02
1.785000e+02 2.496000e+02
1.795000e+02 2.460000e+02
1.810000e+02 2.424000e+02
1.820000e+02 2.388000e+02
1.830000e+02 2.376000e+02
1.845000e+02 2.340000e+02
1.865000e+02 2.286000e+02
1.880000e+02 2.250000e+02
1.890000e+02 2.226000e+02
1.900000e+02 2.202000e+02
1.915000e+02 2.178000e+02
1.925000e+02 2.160000e+02
1.940000e+02 2.130000e+02
1.945000e+02 2.112000e+02
1.975000e+02 2.064000e+02
1.990000e+02 2.040000e+02
2.010000e+02 2.010000e+02
2.025000e+02 1.980000e+02
2.050000e+02 1.944000e+02
2.070000e+02 1.908000e+02
2.090000e+02 1.878000e+02
2.115000e+02 1.848000e+02
2.145000e+02 1.812000e+02
2.180000e+02 1.770000e+02
2.210000e+02 1.740000e+02
2.240000e+02 1.710000e+02
2.270000e+02 1.686000e+02
2.300000e+02 1.650000e+02
2.335000e+02 1.626000e+02
2.380000e+02 1.590000e+02
2.405000e+02 1.566000e+02
2.435000e+02 1.554000e+02
2.460000e+02 1.536000e+02
2.490000e+02 1.524000e+02
2.520000e+02 1.506000e+02
2.550000e+02 1.488000e+02
2.585000e+02 1.476000e+02
2.615000e+02 1.464000e+02
2.650000e+02 1.446000e+02
2.700000e+02 1.428000e+02
2.730000e+02 1.416000e+02
2.760000e+02 1.410000e+02
2.795000e+02 1.398000e+02
2.830000e+02 1.392000e+02
2.860000e+02 1.380000e+02
2.890000e+02 1.374000e+02
2.920000e+02 1.374000e+02
2.950000e+02 1.368000e+02
2.975000e+02 1.362000e+02
3.010000e+02 1.362000e+02
3.050000e+02 1.356000e+02
3.085000e+02 1.356000e+02
3.135000e+02 1.350000e+02
3.235000e+02 1.338000e+02
3.310000e+02 1.320000e+02
3.330000e+02 1.320000e+02
3.330000e+02 1.320000e+02
