2.305000e+02 1.998000e+02
2.305000e+02 1.998000e+02
2.305000e+02 1.998000e+02
2.310000e+02 1.986000e+02
2.315000e+02 1.974000e+02
2.322500e+02 1.956000e+02
2.330000e+02 1.938000e+02
2.335000e+02 1.923000e+02
2.340000e+02 1.908000e+02
2.347500e+02 1.890000e+02
2.355000e+02 1.872000e+02
2.360000e+02 1.854000e+02
2.365000e+02 1.836000e+02
2.370000e+02 1.815000e+02
2.375000e+02 1.794000e+02
2.380000e+02 1.776000e+02
2.385000e+02 1.758000e+02
2.392500e+02 1.737000e+02
2.400000e+02 1.716000e+02
2.407500e+02 1.692000e+02
2.415000e+02 1.668000e+02
2.427500e+02 1.635000e+02
2.440000e+02 1.602000e+02
2.450000e+02 1.575000e+02
2.460000e+02 1.548000e+02
2.467500e+02 1.530000e+02
2.475000e+02 1.512000e+02
2.485000e+02 1.494000e+02
2.495000e+02 1.476000e+02
2.502500e+02 1.458000e+02
2.510000e+02 1.440000e+02
2.525000e+02 1.416000e+02
2.540000e+02 1.392000e+02
2.550000e+02 1.371000e+02
2.560000e+02 1.350000e+02
2.567500e+02 1.341000e+02
2.575000e+02 1.332000e+02
2.585000e+02 1.317000e+02
2.595000e+02 1.302000e+02
2.607500e+02 1.287000e+02
2.620000e+02 1.272000e+02
2.640000e+02 1.245000e+02
2.660000e+02 1.218000e+02
2.675000e+02 1.203000e+02
2.690000e+02 1.188000e+02
2.705000e+02 1.173000e+02
2.720000e+02 1.158000e+02
2.737500e+02 1.143000e+02
2.755000e+02 1.128000e+02
2.775000e+02 1.116000e+02
2.795000e+02 1.104000e+02
2.815000e+02 1.092000e+02
2.835000e+02 1.080000e+02
2.855000e+02 1.068000e+02
2.875000e+02 1.056000e+02
2.897500e+02 1.047000e+02
2.920000e+02 1.038000e+02
2.945000e+02 1.029000e+02
2.970000e+02 1.020000e+02
2.995000e+02 1.011000e+02
3.020000e+02 1.002000e+02
3.047500e+02 9.960000e+01
3.075000e+02 9.900000e+01
3.115000e+02 9.810000e+01
3.155000e+02 9.720000e+01
3.185000e+02 9.720000e+01
3.215000e+02 9.720000e+01
3.245000e+02 9.720000e+01
3.275000e+02 9.720000e+01
3.302500e+02 9.720000e+01
3.330000e+02 9.720000e+01
3.360000e+02 9.750000e+01
3.390000e+02 9.780000e+01
3.417500e+02 9.810000e+01
3.445000e+02 9.840000e+01
3.480000e+02 9.900000e+01
3.515000e+02 9.960000e+01
3.560000e+02 1.011000e+02
3.605000e+02 1.026000e+02
3.650000e+02 1.041000e+02
3.695000e+02 1.056000e+02
3.722500e+02 1.068000e+02
3.750000e+02 1.080000e+02
3.777500e+02 1.095000e+02
3.805000e+02 1.110000e+02
3.830000e+02 1.131000e+02
3.855000e+02 1.152000e+02
3.890000e+02 1.182000e+02
3.925000e+02 1.212000e+02
3.947500e+02 1.233000e+02
3.970000e+02 1.254000e+02
3.990000e+02 1.278000e+02
4.010000e+02 1.302000e+02
4.032500e+02 1.329000e+02
4.055000e+02 1.356000e+02
4.075000e+02 1.383000e+02
4.095000e+02 1.410000e+02
4.112500e+02 1.437000e+02
4.130000e+02 1.464000e+02
4.147500e+02 1.494000e+02
4.165000e+02 1.524000e+02
4.180000e+02 1.554000e+02
4.195000e+02 1.584000e+02
4.210000e+02 1.620000e+02
4.225000e+02 1.656000e+02
4.237500e+02 1.692000e+02
4.250000e+02 1.728000e+02
4.262500e+02 1.764000e+02
4.275000e+02 1.800000e+02
4.285000e+02 1.839000e+02
4.295000e+02 1.878000e+02
4.312500e+02 1.938000e+02
4.330000e+02 1.998000e+02
4.337500e+02 2.037000e+02
4.345000e+02 2.076000e+02
4.355000e+02 2.115000e+02
4.365000e+02 2.154000e+02
4.370000e+02 2.196000e+02
4.375000e+02 2.238000e+02
4.380000e+02 2.277000e+02
4.385000e+02 2.316000e+02
4.387500e+02 2.355000e+02
4.390000e+02 2.394000e+02
4.392500e+02 2.436000e+02
4.395000e+02 2.478000e+02
4.390000e+02 2.553000e+02
4.385000e+02 2.628000e+02
4.380000e+02 2.664000e+02
4.375000e+02 2.700000e+02
4.365000e+02 2.745000e+02
4.355000e+02 2.790000e+02
4.342500e+02 2.832000e+02
4.330000e+02 2.874000e+02
4.317500e+02 2.913000e+02
4.305000e+02 2.952000e+02
4.282500e+02 3.009000e+02
4.260000e+02 3.066000e+02
4.235000e+02 3.111000e+02
4.210000e+02 3.156000e+02
4.185000e+02 3.195000e+02
4.160000e+02 3.234000e+02
4.135000e+02 3.273000e+02
4.110000e+02 3.312000e+02
4.082500e+02 3.345000e+02
4.055000e+02 3.378000e+02
4.025000e+02 3.411000e+02
3.995000e+02 3.444000e+02
3.965000e+02 3.471000e+02
3.935000e+02 3.498000e+02
3.900000e+02 3.528000e+02
3.865000e+02 3.558000e+02
3.835000e+02 3.579000e+02
3.805000e+02 3.600000e+02
3.740000e+02 3.642000e+02
3.680000e+02 3.678000e+02
3.615000e+02 3.696000e+02
3.555000e+02 3.720000e+02
3.495000e+02 3.738000e+02
3.410000e+02 3.750000e+02
3.355000e+02 3.750000e+02
3.295000e+02 3.750000e+02
3.235000e+02 3.750000e+02
3.185000e+02 3.744000e+02
3.125000e+02 3.738000e+02
3.070000e+02 3.732000e+02
3.010000e+02 3.720000e+02
2.955000e+02 3.708000e+02
2.900000e+02 3.684000e+02
2.845000e+02 3.666000e+02
2.800000e+02 3.636000e+02
2.750000e+02 3.600000e+02
2.705000e+02 3.570000e+02
2.665000e+02 3.534000e+02
2.620000e+02 3.492000e+02
2.585000e+02 3.450000e+02
2.545000e+02 3.408000e+02
2.505000e+02 3.360000e+02
2.450000e+02 3.288000e+02
2.415000e+02 3.234000e+02
2.380000e+02 3.174000e+02
2.345000e+02 3.120000e+02
2.315000e+02 3.054000e+02
2.285000e+02 2.994000e+02
2.260000e+02 2.940000e+02
2.240000e+02 2.874000e+02
2.215000e+02 2.820000e+02
2.195000e+02 2.754000e+02
2.175000e+02 2.700000e+02
2.160000e+02 2.622000e+02
2.155000e+02 2.598000e+02
2.140000e+02 2.526000e+02
2.135000e+02 2.484000e+02
2.130000e+02 2.430000e+02
2.125000e+02 2.394000e+02
2.120000e+02 2.358000e+02
2.120000e+02 2.334000e+02
2.120000e+02 2.316000e+02
2.120000e+02 2.298000e+02
2.120000e+02 2.298000e+02
2.120000e+02 2.298000e+02
