1.895000e+02 1.692000e+02
1.895000e+02 1.692000e+02
1.895000e+02 1.692000e+02
1.892500e+02 1.689000e+02
1.890000e+02 1.686000e+02
1.890000e+02 1.686000e+02
1.890000e+02 1.686000e+02
1.890000e+02 1.683000e+02
1.890000e+02 1.680000e+02
1.890000e+02 1.680000e+02
1.890000e+02 1.680000e+02
1.890000e+02 1.677000e+02
1.890000e+02 1.674000e+02
1.890000e+02 1.674000e+02
1.890000e+02 1.674000e+02
1.895000e+02 1.671000e+02
1.900000e+02 1.668000e+02
1.925000e+02 1.662000e+02
1.950000e+02 1.656000e+02
1.982500e+02 1.650000e+02
2.015000e+02 1.644000e+02
2.055000e+02 1.635000e+02
2.095000e+02 1.626000e+02
2.147500e+02 1.617000e+02
2.200000e+02 1.608000e+02
2.257500e+02 1.602000e+02
2.315000e+02 1.596000e+02
2.380000e+02 1.587000e+02
2.445000e+02 1.578000e+02
2.505000e+02 1.575000e+02
2.565000e+02 1.572000e+02
2.632500e+02 1.566000e+02
2.700000e+02 1.560000e+02
2.770000e+02 1.554000e+02
2.840000e+02 1.548000e+02
2.915000e+02 1.542000e+02
2.990000e+02 1.536000e+02
3.072500e+02 1.533000e+02
3.155000e+02 1.530000e+02
3.230000e+02 1.524000e+02
3.305000e+02 1.518000e+02
3.377500e+02 1.515000e+02
3.450000e+02 1.512000e+02
3.520000e+02 1.506000e+02
3.590000e+02 1.500000e+02
3.660000e+02 1.494000e+02
3.730000e+02 1.488000e+02
3.797500e+02 1.482000e+02
3.865000e+02 1.476000e+02
3.917500e+02 1.470000e+02
3.970000e+02 1.464000e+02
4.020000e+02 1.461000e+02
4.070000e+02 1.458000e+02
4.112500e+02 1.452000e+02
4.155000e+02 1.446000e+02
4.190000e+02 1.446000e+02
4.225000e+02 1.446000e+02
4.260000e+02 1.443000e+02
4.295000e+02 1.440000e+02
4.330000e+02 1.440000e+02
4.365000e+02 1.440000e+02
4.390000e+02 1.440000e+02
4.415000e+02 1.440000e+02
4.430000e+02 1.440000e+02
4.445000e+02 1.440000e+02
4.452500e+02 1.440000e+02
4.460000e+02 1.440000e+02
4.462500e+02 1.440000e+02
4.465000e+02 1.440000e+02
4.470000e+02 1.440000e+02
4.475000e+02 1.440000e+02
4.477500e+02 1.443000e+02
4.480000e+02 1.446000e+02
4.480000e+02 1.446000e+02
4.480000e+02 1.446000e+02
4.480000e+02 1.446000e+02
4.480000e+02 1.446000e+02
4.480000e+02 1.446000e+02
4.480000e+02 1.446000e+02
4.480000e+02 1.446000e+02
4.480000e+02 1.446000e+02
4.480000e+02 1.449000e+02
4.480000e+02 1.452000e+02
4.480000e+02 1.452000e+02
4.480000e+02 1.452000e+02
4.477500e+02 1.455000e+02
4.475000e+02 1.458000e+02
4.472500e+02 1.467000e+02
4.470000e+02 1.476000e+02
4.467500e+02 1.488000e+02
4.465000e+02 1.500000e+02
4.457500e+02 1.518000e+02
4.450000e+02 1.536000e+02
4.440000e+02 1.569000e+02
4.430000e+02 1.602000e+02
4.422500e+02 1.635000e+02
4.415000e+02 1.668000e+02
4.407500e+02 1.713000e+02
4.400000e+02 1.758000e+02
4.395000e+02 1.803000e+02
4.390000e+02 1.848000e+02
4.385000e+02 1.902000e+02
4.380000e+02 1.956000e+02
4.375000e+02 2.010000e+02
4.370000e+02 2.064000e+02
4.367500e+02 2.124000e+02
4.365000e+02 2.184000e+02
4.360000e+02 2.238000e+02
4.355000e+02 2.292000e+02
4.350000e+02 2.352000e+02
4.345000e+02 2.412000e+02
4.337500e+02 2.508000e+02
4.330000e+02 2.604000e+02
4.327500e+02 2.634000e+02
4.325000e+02 2.664000e+02
4.312500e+02 2.748000e+02
4.300000e+02 2.832000e+02
4.292500e+02 2.883000e+02
4.285000e+02 2.934000e+02
4.280000e+02 2.982000e+02
4.275000e+02 3.030000e+02
4.270000e+02 3.072000e+02
4.265000e+02 3.114000e+02
4.255000e+02 3.180000e+02
4.245000e+02 3.240000e+02
4.240000e+02 3.294000e+02
4.240000e+02 3.330000e+02
4.235000e+02 3.360000e+02
4.235000e+02 3.378000e+02
4.235000e+02 3.390000e+02
4.230000e+02 3.402000e+02
4.230000e+02 3.414000e+02
4.230000e+02 3.414000e+02
4.230000e+02 3.414000e+02
4.230000e+02 3.414000e+02
4.230000e+02 3.414000e+02
4.225000e+02 3.408000e+02
4.220000e+02 3.402000e+02
4.210000e+02 3.390000e+02
4.190000e+02 3.378000e+02
4.165000e+02 3.366000e+02
4.135000e+02 3.348000e+02
4.075000e+02 3.324000e+02
3.990000e+02 3.288000e+02
3.860000e+02 3.258000e+02
3.710000e+02 3.228000e+02
3.605000e+02 3.216000e+02
3.445000e+02 3.198000e+02
3.325000e+02 3.186000e+02
3.135000e+02 3.180000e+02
2.940000e+02 3.180000e+02
2.810000e+02 3.186000e+02
2.680000e+02 3.198000e+02
2.555000e+02 3.204000e+02
2.430000e+02 3.216000e+02
2.325000e+02 3.228000e+02
2.225000e+02 3.234000e+02
2.140000e+02 3.240000e+02
2.070000e+02 3.252000e+02
2.005000e+02 3.258000e+02
1.955000e+02 3.264000e+02
1.905000e+02 3.264000e+02
1.875000e+02 3.270000e+02
1.855000e+02 3.264000e+02
1.850000e+02 3.264000e+02
1.845000e+02 3.264000e+02
1.840000e+02 3.258000e+02
1.835000e+02 3.258000e+02
1.835000e+02 3.252000e+02
1.835000e+02 3.252000e+02
1.835000e+02 3.246000e+02
1.835000e+02 3.234000e+02
1.835000e+02 3.216000e+02
1.835000e+02 3.198000e+02
1.835000e+02 3.144000e+02
1.835000e+02 3.090000e+02
1.830000e+02 3.018000e+02
1.830000e+02 2.934000e+02
1.830000e+02 2.844000e+02
1.830000e+02 2.742000e+02
1.825000e+02 2.646000e+02
1.825000e+02 2.538000e+02
1.825000e+02 2.424000e+02
1.825000e+02 2.322000e+02
1.825000e+02 2.226000e+02
1.825000e+02 2.130000e+02
1.820000e+02 2.064000e+02
1.820000e+02 1.986000e+02
1.830000e+02 1.914000e+02
1.835000e+02 1.884000e+02
1.840000e+02 1.854000e+02
1.845000e+02 1.824000e+02
1.850000e+02 1.806000e+02
1.850000e+02 1.788000e+02
1.855000e+02 1.776000e+02
1.855000e+02 1.770000e+02
1.860000e+02 1.764000e+02
1.860000e+02 1.758000e+02
1.860000e+02 1.758000e+02
1.860000e+02 1.758000e+02
