5.645000e+02 2.094000e+02
5.645000e+02 2.094000e+02
5.645000e+02 2.094000e+02
5.645000e+02 2.094000e+02
5.645000e+02 2.094000e+02
5.643750e+02 2.092500e+02
5.642500e+02 2.091000e+02
5.641250e+02 2.089500e+02
5.640000e+02 2.088000e+02
5.637500e+02 2.088000e+02
5.635000e+02 2.088000e+02
5.632500e+02 2.088000e+02
5.630000e+02 2.088000e+02
5.623750e+02 2.086500e+02
5.617500e+02 2.085000e+02
5.611250e+02 2.083500e+02
5.605000e+02 2.082000e+02
5.595000e+02 2.080500e+02
5.585000e+02 2.079000e+02
5.575000e+02 2.077500e+02
5.565000e+02 2.076000e+02
5.548750e+02 2.074500e+02
5.532500e+02 2.073000e+02
5.516250e+02 2.071500e+02
5.500000e+02 2.070000e+02
5.487500e+02 2.071500e+02
5.475000e+02 2.073000e+02
5.462500e+02 2.074500e+02
5.450000e+02 2.076000e+02
5.436250e+02 2.074500e+02
5.422500e+02 2.073000e+02
5.408750e+02 2.071500e+02
5.395000e+02 2.070000e+02
5.387500e+02 2.070000e+02
5.380000e+02 2.070000e+02
5.372500e+02 2.070000e+02
5.365000e+02 2.070000e+02
5.341250e+02 2.071500e+02
5.317500e+02 2.073000e+02
5.293750e+02 2.074500e+02
5.270000e+02 2.076000e+02
5.253750e+02 2.074500e+02
5.237500e+02 2.073000e+02
5.221250e+02 2.071500e+02
5.205000e+02 2.070000e+02
5.187500e+02 2.070000e+02
5.170000e+02 2.070000e+02
5.152500e+02 2.070000e+02
5.135000e+02 2.070000e+02
5.117500e+02 2.070000e+02
5.100000e+02 2.070000e+02
5.065000e+02 2.070000e+02
5.025000e+02 2.067000e+02
4.985000e+02 2.064000e+02
4.947500e+02 2.064000e+02
4.910000e+02 2.064000e+02
4.850000e+02 2.061000e+02
4.790000e+02 2.058000e+02
4.750000e+02 2.058000e+02
4.710000e+02 2.058000e+02
4.667500e+02 2.055000e+02
4.625000e+02 2.052000e+02
4.585000e+02 2.055000e+02
4.545000e+02 2.058000e+02
4.505000e+02 2.058000e+02
4.465000e+02 2.058000e+02
4.425000e+02 2.061000e+02
4.385000e+02 2.064000e+02
4.347500e+02 2.064000e+02
4.310000e+02 2.064000e+02
4.272500e+02 2.067000e+02
4.235000e+02 2.070000e+02
4.197500e+02 2.070000e+02
4.160000e+02 2.070000e+02
4.125000e+02 2.073000e+02
4.090000e+02 2.076000e+02
4.045000e+02 2.073000e+02
4.000000e+02 2.070000e+02
3.970000e+02 2.073000e+02
3.940000e+02 2.076000e+02
3.925000e+02 2.076000e+02
3.910000e+02 2.076000e+02
3.877500e+02 2.076000e+02
3.845000e+02 2.076000e+02
3.797500e+02 2.073000e+02
3.750000e+02 2.070000e+02
3.722500e+02 2.073000e+02
3.695000e+02 2.076000e+02
3.662500e+02 2.079000e+02
3.630000e+02 2.082000e+02
3.600000e+02 2.082000e+02
3.570000e+02 2.082000e+02
3.542500e+02 2.085000e+02
3.515000e+02 2.088000e+02
3.487500e+02 2.091000e+02
3.460000e+02 2.094000e+02
3.435000e+02 2.097000e+02
3.410000e+02 2.100000e+02
3.382500e+02 2.103000e+02
3.355000e+02 2.106000e+02
3.317500e+02 2.112000e+02
3.280000e+02 2.118000e+02
3.240000e+02 2.124000e+02
3.200000e+02 2.130000e+02
3.160000e+02 2.136000e+02
3.120000e+02 2.142000e+02
3.095000e+02 2.145000e+02
3.070000e+02 2.148000e+02
3.045000e+02 2.151000e+02
3.020000e+02 2.154000e+02
2.995000e+02 2.160000e+02
2.970000e+02 2.166000e+02
2.950000e+02 2.169000e+02
2.930000e+02 2.172000e+02
2.892500e+02 2.175000e+02
2.855000e+02 2.178000e+02
2.830000e+02 2.181000e+02
2.805000e+02 2.184000e+02
2.780000e+02 2.190000e+02
2.755000e+02 2.196000e+02
2.720000e+02 2.202000e+02
2.685000e+02 2.208000e+02
2.645000e+02 2.211000e+02
2.605000e+02 2.214000e+02
2.577500e+02 2.217000e+02
2.550000e+02 2.220000e+02
2.510000e+02 2.223000e+02
2.470000e+02 2.226000e+02
2.432500e+02 2.232000e+02
2.395000e+02 2.238000e+02
2.370000e+02 2.238000e+02
2.345000e+02 2.238000e+02
2.322500e+02 2.238000e+02
2.300000e+02 2.238000e+02
2.287500e+02 2.241000e+02
2.275000e+02 2.244000e+02
2.237500e+02 2.244000e+02
2.200000e+02 2.244000e+02
2.175000e+02 2.244000e+02
2.150000e+02 2.244000e+02
2.122500e+02 2.244000e+02
2.095000e+02 2.244000e+02
2.065000e+02 2.244000e+02
2.035000e+02 2.244000e+02
2.005000e+02 2.247000e+02
1.975000e+02 2.250000e+02
1.947500e+02 2.250000e+02
1.920000e+02 2.250000e+02
1.887500e+02 2.253000e+02
1.855000e+02 2.256000e+02
1.827500e+02 2.259000e+02
1.800000e+02 2.262000e+02
1.767500e+02 2.265000e+02
1.735000e+02 2.268000e+02
1.705000e+02 2.268000e+02
1.675000e+02 2.268000e+02
1.642500e+02 2.271000e+02
1.610000e+02 2.274000e+02
1.585000e+02 2.277000e+02
1.560000e+02 2.280000e+02
1.527500e+02 2.286000e+02
1.495000e+02 2.292000e+02
1.465000e+02 2.295000e+02
1.435000e+02 2.298000e+02
1.402500e+02 2.298000e+02
1.370000e+02 2.298000e+02
1.330000e+02 2.301000e+02
1.290000e+02 2.304000e+02
1.262500e+02 2.307000e+02
1.235000e+02 2.310000e+02
1.212500e+02 2.310000e+02
1.190000e+02 2.310000e+02
1.165000e+02 2.313000e+02
1.140000e+02 2.316000e+02
1.120000e+02 2.316000e+02
1.100000e+02 2.316000e+02
1.082500e+02 2.319000e+02
1.065000e+02 2.322000e+02
1.050000e+02 2.322000e+02
1.035000e+02 2.322000e+02
1.020000e+02 2.322000e+02
1.005000e+02 2.322000e+02
9.925000e+01 2.322000e+02
9.800000e+01 2.322000e+02
9.700000e+01 2.325000e+02
9.600000e+01 2.328000e+02
9.500000e+01 2.328000e+02
9.400000e+01 2.328000e+02
9.325000e+01 2.328000e+02
9.250000e+01 2.328000e+02
9.175000e+01 2.328000e+02
9.100000e+01 2.328000e+02
9.050000e+01 2.331000e+02
9.000000e+01 2.334000e+02
9.000000e+01 2.334000e+02
9.000000e+01 2.334000e+02
8.975000e+01 2.334000e+02
8.950000e+01 2.334000e+02
8.950000e+01 2.334000e+02
8.950000e+01 2.334000e+02
