2.275000e+02 2.946000e+02
2.275000e+02 2.946000e+02
2.275000e+02 2.946000e+02
2.275000e+02 2.943000e+02
2.275000e+02 2.940000e+02
2.277500e+02 2.937000e+02
2.280000e+02 2.934000e+02
2.280000e+02 2.928000e+02
2.280000e+02 2.922000e+02
2.282500e+02 2.910000e+02
2.285000e+02 2.898000e+02
2.290000e+02 2.886000e+02
2.295000e+02 2.874000e+02
2.300000e+02 2.859000e+02
2.305000e+02 2.844000e+02
2.312500e+02 2.826000e+02
2.320000e+02 2.808000e+02
2.330000e+02 2.787000e+02
2.340000e+02 2.766000e+02
2.350000e+02 2.745000e+02
2.360000e+02 2.724000e+02
2.367500e+02 2.703000e+02
2.375000e+02 2.682000e+02
2.387500e+02 2.655000e+02
2.400000e+02 2.628000e+02
2.410000e+02 2.601000e+02
2.420000e+02 2.574000e+02
2.437500e+02 2.529000e+02
2.455000e+02 2.484000e+02
2.465000e+02 2.451000e+02
2.475000e+02 2.418000e+02
2.485000e+02 2.385000e+02
2.495000e+02 2.352000e+02
2.507500e+02 2.319000e+02
2.520000e+02 2.286000e+02
2.532500e+02 2.250000e+02
2.545000e+02 2.214000e+02
2.560000e+02 2.172000e+02
2.575000e+02 2.130000e+02
2.587500e+02 2.091000e+02
2.600000e+02 2.052000e+02
2.612500e+02 2.013000e+02
2.625000e+02 1.974000e+02
2.637500e+02 1.935000e+02
2.650000e+02 1.896000e+02
2.662500e+02 1.854000e+02
2.675000e+02 1.812000e+02
2.697500e+02 1.743000e+02
2.720000e+02 1.674000e+02
2.727500e+02 1.653000e+02
2.735000e+02 1.632000e+02
2.752500e+02 1.566000e+02
2.770000e+02 1.500000e+02
2.782500e+02 1.458000e+02
2.795000e+02 1.416000e+02
2.812500e+02 1.368000e+02
2.830000e+02 1.320000e+02
2.842500e+02 1.278000e+02
2.855000e+02 1.236000e+02
2.867500e+02 1.197000e+02
2.880000e+02 1.158000e+02
2.897500e+02 1.101000e+02
2.915000e+02 1.044000e+02
2.925000e+02 1.011000e+02
2.935000e+02 9.780000e+01
2.945000e+02 9.420000e+01
2.955000e+02 9.060000e+01
2.965000e+02 8.760000e+01
2.975000e+02 8.460000e+01
2.980000e+02 8.220000e+01
2.985000e+02 7.980000e+01
2.992500e+02 7.710000e+01
3.000000e+02 7.440000e+01
3.005000e+02 7.230000e+01
3.010000e+02 7.020000e+01
3.015000e+02 6.840000e+01
3.020000e+02 6.660000e+01
3.025000e+02 6.480000e+01
3.030000e+02 6.300000e+01
3.032500e+02 6.150000e+01
3.035000e+02 6.000000e+01
3.040000e+02 5.880000e+01
3.045000e+02 5.760000e+01
3.047500e+02 5.640000e+01
3.050000e+02 5.520000e+01
3.055000e+02 5.430000e+01
3.060000e+02 5.340000e+01
3.062500e+02 5.280000e+01
3.065000e+02 5.220000e+01
3.067500e+02 5.130000e+01
3.070000e+02 5.040000e+01
3.072500e+02 5.010000e+01
3.075000e+02 4.980000e+01
3.077500e+02 4.950000e+01
3.080000e+02 4.920000e+01
3.082500e+02 4.860000e+01
3.085000e+02 4.800000e+01
3.087500e+02 4.800000e+01
3.090000e+02 4.800000e+01
3.092500e+02 4.770000e+01
3.095000e+02 4.740000e+01
3.102500e+02 4.740000e+01
3.110000e+02 4.740000e+01
3.115000e+02 4.770000e+01
3.120000e+02 4.800000e+01
3.132500e+02 4.830000e+01
3.145000e+02 4.860000e+01
3.157500e+02 4.950000e+01
3.170000e+02 5.040000e+01
3.180000e+02 5.100000e+01
3.190000e+02 5.160000e+01
3.202500e+02 5.250000e+01
3.215000e+02 5.340000e+01
3.225000e+02 5.460000e+01
3.235000e+02 5.580000e+01
3.250000e+02 5.670000e+01
3.265000e+02 5.760000e+01
3.277500e+02 5.910000e+01
3.290000e+02 6.060000e+01
3.302500e+02 6.180000e+01
3.315000e+02 6.300000e+01
3.330000e+02 6.480000e+01
3.345000e+02 6.660000e+01
3.357500e+02 6.840000e+01
3.370000e+02 7.020000e+01
3.382500e+02 7.200000e+01
3.395000e+02 7.380000e+01
3.410000e+02 7.530000e+01
3.425000e+02 7.680000e+01
3.437500e+02 7.890000e+01
3.450000e+02 8.100000e+01
3.462500e+02 8.310000e+01
3.475000e+02 8.520000e+01
3.487500e+02 8.730000e+01
3.500000e+02 8.940000e+01
3.515000e+02 9.150000e+01
3.530000e+02 9.360000e+01
3.550000e+02 9.720000e+01
3.570000e+02 1.008000e+02
3.582500e+02 1.029000e+02
3.595000e+02 1.050000e+02
3.600000e+02 1.062000e+02
3.605000e+02 1.074000e+02
3.622500e+02 1.113000e+02
3.640000e+02 1.152000e+02
3.652500e+02 1.179000e+02
3.665000e+02 1.206000e+02
3.677500e+02 1.233000e+02
3.690000e+02 1.260000e+02
3.702500e+02 1.290000e+02
3.715000e+02 1.320000e+02
3.727500e+02 1.344000e+02
3.740000e+02 1.368000e+02
3.750000e+02 1.401000e+02
3.760000e+02 1.434000e+02
3.772500e+02 1.464000e+02
3.785000e+02 1.494000e+02
3.795000e+02 1.521000e+02
3.805000e+02 1.548000e+02
3.817500e+02 1.578000e+02
3.830000e+02 1.608000e+02
3.842500e+02 1.638000e+02
3.855000e+02 1.668000e+02
3.865000e+02 1.701000e+02
3.875000e+02 1.734000e+02
3.895000e+02 1.794000e+02
3.920000e+02 1.860000e+02
3.945000e+02 1.920000e+02
3.970000e+02 1.986000e+02
4.000000e+02 2.052000e+02
4.020000e+02 2.112000e+02
4.045000e+02 2.172000e+02
4.070000e+02 2.232000e+02
4.095000e+02 2.286000e+02
4.120000e+02 2.346000e+02
4.140000e+02 2.400000e+02
4.160000e+02 2.454000e+02
4.185000e+02 2.502000e+02
4.200000e+02 2.544000e+02
4.230000e+02 2.616000e+02
4.245000e+02 2.658000e+02
4.255000e+02 2.694000e+02
4.270000e+02 2.730000e+02
4.280000e+02 2.766000e+02
4.290000e+02 2.808000e+02
4.305000e+02 2.838000e+02
4.310000e+02 2.868000e+02
4.320000e+02 2.892000e+02
4.330000e+02 2.916000e+02
4.335000e+02 2.940000e+02
4.345000e+02 2.970000e+02
4.355000e+02 2.994000e+02
4.360000e+02 3.018000e+02
4.370000e+02 3.048000e+02
4.375000e+02 3.060000e+02
4.380000e+02 3.078000e+02
4.385000e+02 3.090000e+02
4.385000e+02 3.102000e+02
4.390000e+02 3.108000e+02
4.390000e+02 3.108000e+02
