3.100000e+02 1.404000e+02
3.100000e+02 1.404000e+02
3.105000e+02 1.398000e+02
3.150000e+02 1.398000e+02
3.215000e+02 1.404000e+02
3.295000e+02 1.416000e+02
3.365000e+02 1.428000e+02
3.440000e+02 1.440000e+02
3.505000e+02 1.464000e+02
3.570000e+02 1.482000e+02
3.635000e+02 1.518000e+02
3.690000e+02 1.542000e+02
3.740000e+02 1.572000e+02
3.790000e+02 1.608000e+02
3.815000e+02 1.638000e+02
3.845000e+02 1.668000e+02
3.865000e+02 1.698000e+02
3.890000e+02 1.740000e+02
3.925000e+02 1.800000e+02
3.955000e+02 1.854000e+02
3.985000e+02 1.920000e+02
4.010000e+02 1.986000e+02
4.035000e+02 2.052000e+02
4.050000e+02 2.112000e+02
4.065000e+02 2.166000e+02
4.080000e+02 2.220000e+02
4.095000e+02 2.274000e+02
4.105000e+02 2.334000e+02
4.105000e+02 2.382000e+02
4.105000e+02 2.436000e+02
4.095000e+02 2.496000e+02
4.075000e+02 2.568000e+02
4.040000e+02 2.652000e+02
4.010000e+02 2.730000e+02
3.970000e+02 2.802000e+02
3.930000e+02 2.868000e+02
3.890000e+02 2.928000e+02
3.850000e+02 3.000000e+02
3.800000e+02 3.072000e+02
3.745000e+02 3.150000e+02
3.685000e+02 3.222000e+02
3.620000e+02 3.294000e+02
3.550000e+02 3.354000e+02
3.460000e+02 3.408000e+02
3.375000e+02 3.456000e+02
3.250000e+02 3.504000e+02
3.130000e+02 3.534000e+02
3.030000e+02 3.558000e+02
2.935000e+02 3.576000e+02
2.855000e+02 3.594000e+02
2.785000e+02 3.606000e+02
2.710000e+02 3.624000e+02
2.670000e+02 3.630000e+02
2.605000e+02 3.642000e+02
2.565000e+02 3.648000e+02
2.525000e+02 3.654000e+02
2.490000e+02 3.660000e+02
2.460000e+02 3.660000e+02
2.430000e+02 3.654000e+02
2.415000e+02 3.654000e+02
2.390000e+02 3.648000e+02
2.375000e+02 3.642000e+02
2.360000e+02 3.636000e+02
2.350000e+02 3.630000e+02
2.345000e+02 3.630000e+02
2.335000e+02 3.624000e+02
2.330000e+02 3.624000e+02
2.320000e+02 3.618000e+02
2.310000e+02 3.618000e+02
2.305000e+02 3.612000e+02
2.295000e+02 3.612000e+02
2.290000e+02 3.606000e+02
2.285000e+02 3.606000e+02
2.275000e+02 3.600000e+02
2.270000e+02 3.594000e+02
2.260000e+02 3.594000e+02
2.255000e+02 3.588000e+02
2.250000e+02 3.582000e+02
2.240000e+02 3.576000e+02
2.235000e+02 3.576000e+02
2.225000e+02 3.570000e+02
2.215000e+02 3.564000e+02
2.210000e+02 3.558000e+02
2.200000e+02 3.552000e+02
2.195000e+02 3.546000e+02
2.185000e+02 3.540000e+02
2.180000e+02 3.528000e+02
2.165000e+02 3.516000e+02
2.155000e+02 3.504000e+02
2.145000e+02 3.492000e+02
2.135000e+02 3.474000e+02
2.120000e+02 3.462000e+02
2.110000e+02 3.444000e+02
2.095000e+02 3.432000e+02
2.085000e+02 3.414000e+02
2.075000e+02 3.402000e+02
2.060000e+02 3.384000e+02
2.045000e+02 3.360000e+02
2.030000e+02 3.330000e+02
2.010000e+02 3.300000e+02
1.990000e+02 3.270000e+02
1.965000e+02 3.240000e+02
1.935000e+02 3.192000e+02
1.905000e+02 3.144000e+02
1.885000e+02 3.108000e+02
1.850000e+02 3.048000e+02
1.830000e+02 3.012000e+02
1.815000e+02 2.982000e+02
1.800000e+02 2.952000e+02
1.785000e+02 2.922000e+02
1.770000e+02 2.892000e+02
1.755000e+02 2.838000e+02
1.735000e+02 2.790000e+02
1.730000e+02 2.754000e+02
1.720000e+02 2.724000e+02
1.710000e+02 2.694000e+02
1.710000e+02 2.670000e+02
1.705000e+02 2.646000e+02
1.700000e+02 2.616000e+02
1.695000e+02 2.574000e+02
1.695000e+02 2.544000e+02
1.695000e+02 2.502000e+02
1.695000e+02 2.478000e+02
1.695000e+02 2.442000e+02
1.700000e+02 2.406000e+02
1.700000e+02 2.376000e+02
1.705000e+02 2.340000e+02
1.710000e+02 2.292000e+02
1.715000e+02 2.250000e+02
1.725000e+02 2.208000e+02
1.730000e+02 2.166000e+02
1.735000e+02 2.118000e+02
1.745000e+02 2.082000e+02
1.750000e+02 2.052000e+02
1.760000e+02 2.022000e+02
1.765000e+02 1.986000e+02
1.775000e+02 1.950000e+02
1.780000e+02 1.926000e+02
1.795000e+02 1.890000e+02
1.800000e+02 1.878000e+02
1.820000e+02 1.848000e+02
1.835000e+02 1.824000e+02
1.855000e+02 1.800000e+02
1.875000e+02 1.764000e+02
1.905000e+02 1.734000e+02
1.925000e+02 1.716000e+02
1.935000e+02 1.704000e+02
1.960000e+02 1.680000e+02
1.985000e+02 1.656000e+02
2.025000e+02 1.620000e+02
2.050000e+02 1.596000e+02
2.080000e+02 1.572000e+02
2.110000e+02 1.548000e+02
2.145000e+02 1.524000e+02
2.185000e+02 1.494000e+02
2.220000e+02 1.470000e+02
2.255000e+02 1.446000e+02
2.295000e+02 1.422000e+02
2.330000e+02 1.404000e+02
2.360000e+02 1.386000e+02
2.395000e+02 1.368000e+02
2.435000e+02 1.350000e+02
2.485000e+02 1.326000e+02
2.520000e+02 1.314000e+02
2.555000e+02 1.302000e+02
2.585000e+02 1.290000e+02
2.615000e+02 1.278000e+02
2.645000e+02 1.272000e+02
2.675000e+02 1.266000e+02
2.705000e+02 1.254000e+02
2.735000e+02 1.254000e+02
2.765000e+02 1.248000e+02
2.810000e+02 1.242000e+02
2.840000e+02 1.242000e+02
2.865000e+02 1.242000e+02
2.900000e+02 1.236000e+02
2.930000e+02 1.242000e+02
2.960000e+02 1.242000e+02
2.985000e+02 1.248000e+02
3.010000e+02 1.248000e+02
3.025000e+02 1.254000e+02
3.065000e+02 1.266000e+02
3.090000e+02 1.272000e+02
3.105000e+02 1.278000e+02
3.115000e+02 1.290000e+02
3.130000e+02 1.302000e+02
3.150000e+02 1.320000e+02
3.170000e+02 1.338000e+02
3.190000e+02 1.356000e+02
3.210000e+02 1.380000e+02
3.230000e+02 1.398000e+02
3.255000e+02 1.428000e+02
3.290000e+02 1.470000e+02
3.315000e+02 1.500000e+02
3.335000e+02 1.524000e+02
3.360000e+02 1.548000e+02
3.385000e+02 1.584000e+02
3.420000e+02 1.626000e+02
3.440000e+02 1.644000e+02
3.440000e+02 1.644000e+02
