2.485000e+02 1.206000e+02
2.485000e+02 1.206000e+02
2.485000e+02 1.206000e+02
2.485000e+02 1.203000e+02
2.485000e+02 1.200000e+02
2.485000e+02 1.191000e+02
2.485000e+02 1.182000e+02
2.485000e+02 1.173000e+02
2.485000e+02 1.164000e+02
2.487500e+02 1.152000e+02
2.490000e+02 1.140000e+02
2.502500e+02 1.116000e+02
2.515000e+02 1.092000e+02
2.537500e+02 1.068000e+02
2.560000e+02 1.044000e+02
2.587500e+02 1.017000e+02
2.615000e+02 9.900000e+01
2.650000e+02 9.660000e+01
2.685000e+02 9.420000e+01
2.717500e+02 9.240000e+01
2.750000e+02 9.060000e+01
2.785000e+02 8.910000e+01
2.820000e+02 8.760000e+01
2.852500e+02 8.640000e+01
2.885000e+02 8.520000e+01
2.920000e+02 8.430000e+01
2.955000e+02 8.340000e+01
3.002500e+02 8.250000e+01
3.050000e+02 8.160000e+01
3.080000e+02 8.130000e+01
3.110000e+02 8.100000e+01
3.142500e+02 8.100000e+01
3.175000e+02 8.100000e+01
3.205000e+02 8.070000e+01
3.235000e+02 8.040000e+01
3.270000e+02 8.070000e+01
3.305000e+02 8.100000e+01
3.335000e+02 8.100000e+01
3.365000e+02 8.100000e+01
3.397500e+02 8.130000e+01
3.430000e+02 8.160000e+01
3.472500e+02 8.250000e+01
3.515000e+02 8.340000e+01
3.530000e+02 8.370000e+01
3.545000e+02 8.400000e+01
3.570000e+02 8.490000e+01
3.595000e+02 8.580000e+01
3.622500e+02 8.670000e+01
3.650000e+02 8.760000e+01
3.672500e+02 8.880000e+01
3.695000e+02 9.000000e+01
3.715000e+02 9.120000e+01
3.735000e+02 9.240000e+01
3.760000e+02 9.390000e+01
3.785000e+02 9.540000e+01
3.807500e+02 9.690000e+01
3.830000e+02 9.840000e+01
3.847500e+02 1.002000e+02
3.865000e+02 1.020000e+02
3.885000e+02 1.038000e+02
3.905000e+02 1.056000e+02
3.925000e+02 1.077000e+02
3.945000e+02 1.098000e+02
3.962500e+02 1.119000e+02
3.980000e+02 1.140000e+02
3.995000e+02 1.161000e+02
4.010000e+02 1.182000e+02
4.025000e+02 1.203000e+02
4.040000e+02 1.224000e+02
4.055000e+02 1.245000e+02
4.070000e+02 1.266000e+02
4.082500e+02 1.287000e+02
4.095000e+02 1.308000e+02
4.107500e+02 1.332000e+02
4.120000e+02 1.356000e+02
4.135000e+02 1.392000e+02
4.150000e+02 1.428000e+02
4.155000e+02 1.440000e+02
4.160000e+02 1.452000e+02
4.175000e+02 1.485000e+02
4.190000e+02 1.518000e+02
4.195000e+02 1.530000e+02
4.200000e+02 1.542000e+02
4.210000e+02 1.569000e+02
4.220000e+02 1.596000e+02
4.230000e+02 1.632000e+02
4.240000e+02 1.668000e+02
4.245000e+02 1.689000e+02
4.250000e+02 1.710000e+02
4.257500e+02 1.734000e+02
4.265000e+02 1.758000e+02
4.270000e+02 1.806000e+02
4.280000e+02 1.854000e+02
4.285000e+02 1.902000e+02
4.295000e+02 1.980000e+02
4.295000e+02 2.034000e+02
4.300000e+02 2.094000e+02
4.290000e+02 2.214000e+02
4.285000e+02 2.274000e+02
4.275000e+02 2.340000e+02
4.265000e+02 2.406000e+02
4.250000e+02 2.472000e+02
4.235000e+02 2.532000e+02
4.210000e+02 2.628000e+02
4.185000e+02 2.688000e+02
4.165000e+02 2.748000e+02
4.155000e+02 2.778000e+02
4.125000e+02 2.856000e+02
4.100000e+02 2.910000e+02
4.075000e+02 2.958000e+02
4.045000e+02 3.012000e+02
4.020000e+02 3.060000e+02
3.985000e+02 3.108000e+02
3.950000e+02 3.156000e+02
3.915000e+02 3.198000e+02
3.875000e+02 3.240000e+02
3.835000e+02 3.282000e+02
3.780000e+02 3.336000e+02
3.735000e+02 3.366000e+02
3.690000e+02 3.402000e+02
3.650000e+02 3.432000e+02
3.600000e+02 3.462000e+02
3.555000e+02 3.486000e+02
3.505000e+02 3.516000e+02
3.455000e+02 3.534000e+02
3.410000e+02 3.558000e+02
3.365000e+02 3.570000e+02
3.325000e+02 3.582000e+02
3.265000e+02 3.600000e+02
3.210000e+02 3.612000e+02
3.175000e+02 3.618000e+02
3.120000e+02 3.624000e+02
3.085000e+02 3.624000e+02
3.050000e+02 3.624000e+02
3.015000e+02 3.624000e+02
2.985000e+02 3.624000e+02
2.955000e+02 3.624000e+02
2.925000e+02 3.624000e+02
2.895000e+02 3.624000e+02
2.865000e+02 3.618000e+02
2.835000e+02 3.612000e+02
2.800000e+02 3.606000e+02
2.760000e+02 3.600000e+02
2.715000e+02 3.588000e+02
2.675000e+02 3.582000e+02
2.625000e+02 3.570000e+02
2.560000e+02 3.552000e+02
2.515000e+02 3.540000e+02
2.455000e+02 3.528000e+02
2.400000e+02 3.504000e+02
2.360000e+02 3.486000e+02
2.320000e+02 3.468000e+02
2.285000e+02 3.444000e+02
2.250000e+02 3.420000e+02
2.215000e+02 3.396000e+02
2.190000e+02 3.372000e+02
2.140000e+02 3.312000e+02
2.095000e+02 3.258000e+02
2.055000e+02 3.198000e+02
2.035000e+02 3.156000e+02
2.010000e+02 3.108000e+02
1.985000e+02 3.060000e+02
1.960000e+02 3.006000e+02
1.945000e+02 2.958000e+02
1.925000e+02 2.898000e+02
1.910000e+02 2.844000e+02
1.895000e+02 2.778000e+02
1.880000e+02 2.688000e+02
1.870000e+02 2.616000e+02
1.865000e+02 2.580000e+02
1.860000e+02 2.514000e+02
1.855000e+02 2.400000e+02
1.855000e+02 2.334000e+02
1.855000e+02 2.262000e+02
1.860000e+02 2.202000e+02
1.870000e+02 2.130000e+02
1.875000e+02 2.070000e+02
1.890000e+02 1.998000e+02
1.905000e+02 1.932000e+02
1.925000e+02 1.866000e+02
1.955000e+02 1.800000e+02
1.980000e+02 1.746000e+02
2.020000e+02 1.662000e+02
2.055000e+02 1.608000e+02
2.085000e+02 1.566000e+02
2.115000e+02 1.524000e+02
2.145000e+02 1.482000e+02
2.175000e+02 1.446000e+02
2.210000e+02 1.410000e+02
2.240000e+02 1.374000e+02
2.275000e+02 1.344000e+02
2.305000e+02 1.320000e+02
2.335000e+02 1.296000e+02
2.365000e+02 1.272000e+02
2.390000e+02 1.260000e+02
2.420000e+02 1.248000e+02
2.450000e+02 1.236000e+02
2.520000e+02 1.212000e+02
2.560000e+02 1.194000e+02
2.560000e+02 1.194000e+02
