1.640000e+02 1.518000e+02
1.640000e+02 1.518000e+02
1.640000e+02 1.518000e+02
1.640000e+02 1.518000e+02
1.640000e+02 1.518000e+02
1.640000e+02 1.518000e+02
1.640000e+02 1.518000e+02
1.640000e+02 1.518000e+02
1.640000e+02 1.518000e+02
1.640000e+02 1.518000e+02
1.640000e+02 1.518000e+02
1.642500e+02 1.518000e+02
1.645000e+02 1.518000e+02
1.645000e+02 1.521000e+02
1.645000e+02 1.524000e+02
1.652500e+02 1.539000e+02
1.660000e+02 1.554000e+02
1.667500e+02 1.572000e+02
1.675000e+02 1.590000e+02
1.682500e+02 1.611000e+02
1.690000e+02 1.632000e+02
1.695000e+02 1.641000e+02
1.700000e+02 1.650000e+02
1.717500e+02 1.686000e+02
1.735000e+02 1.722000e+02
1.745000e+02 1.746000e+02
1.755000e+02 1.770000e+02
1.767500e+02 1.797000e+02
1.780000e+02 1.824000e+02
1.795000e+02 1.851000e+02
1.810000e+02 1.878000e+02
1.825000e+02 1.905000e+02
1.840000e+02 1.932000e+02
1.852500e+02 1.959000e+02
1.865000e+02 1.986000e+02
1.880000e+02 2.016000e+02
1.895000e+02 2.046000e+02
1.910000e+02 2.073000e+02
1.925000e+02 2.100000e+02
1.940000e+02 2.127000e+02
1.955000e+02 2.154000e+02
1.970000e+02 2.184000e+02
1.985000e+02 2.214000e+02
1.997500e+02 2.241000e+02
2.010000e+02 2.268000e+02
2.022500e+02 2.295000e+02
2.035000e+02 2.322000e+02
2.047500e+02 2.349000e+02
2.060000e+02 2.376000e+02
2.072500e+02 2.400000e+02
2.085000e+02 2.424000e+02
2.095000e+02 2.448000e+02
2.105000e+02 2.472000e+02
2.115000e+02 2.493000e+02
2.125000e+02 2.514000e+02
2.130000e+02 2.532000e+02
2.135000e+02 2.550000e+02
2.142500e+02 2.565000e+02
2.150000e+02 2.580000e+02
2.155000e+02 2.592000e+02
2.160000e+02 2.604000e+02
2.165000e+02 2.616000e+02
2.170000e+02 2.628000e+02
2.172500e+02 2.637000e+02
2.175000e+02 2.646000e+02
2.180000e+02 2.655000e+02
2.185000e+02 2.664000e+02
2.185000e+02 2.670000e+02
2.185000e+02 2.676000e+02
2.187500e+02 2.679000e+02
2.190000e+02 2.682000e+02
2.190000e+02 2.685000e+02
2.190000e+02 2.688000e+02
2.190000e+02 2.688000e+02
2.190000e+02 2.688000e+02
2.190000e+02 2.688000e+02
2.190000e+02 2.688000e+02
2.190000e+02 2.691000e+02
2.190000e+02 2.694000e+02
2.192500e+02 2.694000e+02
2.195000e+02 2.694000e+02
2.195000e+02 2.694000e+02
2.195000e+02 2.694000e+02
2.195000e+02 2.694000e+02
2.195000e+02 2.694000e+02
2.195000e+02 2.694000e+02
2.195000e+02 2.694000e+02
2.195000e+02 2.694000e+02
2.195000e+02 2.694000e+02
2.197500e+02 2.694000e+02
2.200000e+02 2.694000e+02
2.200000e+02 2.694000e+02
2.200000e+02 2.694000e+02
2.200000e+02 2.691000e+02
2.200000e+02 2.688000e+02
2.200000e+02 2.688000e+02
2.200000e+02 2.688000e+02
2.202500e+02 2.688000e+02
2.205000e+02 2.688000e+02
2.205000e+02 2.688000e+02
2.205000e+02 2.688000e+02
2.207500e+02 2.685000e+02
2.210000e+02 2.682000e+02
2.212500e+02 2.682000e+02
2.215000e+02 2.682000e+02
2.220000e+02 2.679000e+02
2.225000e+02 2.676000e+02
2.232500e+02 2.676000e+02
2.240000e+02 2.676000e+02
2.250000e+02 2.673000e+02
2.260000e+02 2.670000e+02
2.280000e+02 2.667000e+02
2.300000e+02 2.664000e+02
2.320000e+02 2.658000e+02
2.340000e+02 2.652000e+02
2.385000e+02 2.646000e+02
2.430000e+02 2.640000e+02
2.460000e+02 2.634000e+02
2.490000e+02 2.628000e+02
2.510000e+02 2.625000e+02
2.530000e+02 2.622000e+02
2.590000e+02 2.613000e+02
2.650000e+02 2.604000e+02
2.687500e+02 2.598000e+02
2.725000e+02 2.592000e+02
2.770000e+02 2.583000e+02
2.815000e+02 2.574000e+02
2.862500e+02 2.565000e+02
2.910000e+02 2.556000e+02
2.955000e+02 2.550000e+02
3.000000e+02 2.544000e+02
3.052500e+02 2.535000e+02
3.105000e+02 2.526000e+02
3.152500e+02 2.520000e+02
3.200000e+02 2.514000e+02
3.252500e+02 2.511000e+02
3.305000e+02 2.508000e+02
3.355000e+02 2.502000e+02
3.405000e+02 2.496000e+02
3.452500e+02 2.490000e+02
3.500000e+02 2.484000e+02
3.552500e+02 2.484000e+02
3.605000e+02 2.484000e+02
3.650000e+02 2.481000e+02
3.695000e+02 2.478000e+02
3.760000e+02 2.475000e+02
3.825000e+02 2.472000e+02
3.870000e+02 2.469000e+02
3.915000e+02 2.466000e+02
3.957500e+02 2.463000e+02
4.000000e+02 2.460000e+02
4.037500e+02 2.457000e+02
4.075000e+02 2.454000e+02
4.110000e+02 2.454000e+02
4.145000e+02 2.454000e+02
4.175000e+02 2.451000e+02
4.205000e+02 2.448000e+02
4.230000e+02 2.445000e+02
4.255000e+02 2.442000e+02
4.280000e+02 2.442000e+02
4.305000e+02 2.442000e+02
4.322500e+02 2.439000e+02
4.340000e+02 2.436000e+02
4.357500e+02 2.433000e+02
4.375000e+02 2.430000e+02
4.387500e+02 2.430000e+02
4.400000e+02 2.430000e+02
4.412500e+02 2.427000e+02
4.425000e+02 2.424000e+02
4.432500e+02 2.424000e+02
4.440000e+02 2.424000e+02
4.452500e+02 2.424000e+02
4.465000e+02 2.424000e+02
4.467500e+02 2.424000e+02
4.470000e+02 2.424000e+02
4.475000e+02 2.421000e+02
4.480000e+02 2.418000e+02
4.482500e+02 2.418000e+02
4.485000e+02 2.418000e+02
4.485000e+02 2.418000e+02
4.485000e+02 2.418000e+02
4.487500e+02 2.418000e+02
4.490000e+02 2.418000e+02
4.490000e+02 2.418000e+02
4.490000e+02 2.418000e+02
4.492500e+02 2.418000e+02
4.495000e+02 2.418000e+02
4.495000e+02 2.418000e+02
4.495000e+02 2.418000e+02
4.495000e+02 2.418000e+02
4.495000e+02 2.418000e+02
4.495000e+02 2.418000e+02
4.495000e+02 2.418000e+02
4.497500e+02 2.418000e+02
4.500000e+02 2.418000e+02
4.500000e+02 2.418000e+02
4.500000e+02 2.418000e+02
4.500000e+02 2.418000e+02
4.500000e+02 2.418000e+02
4.500000e+02 2.418000e+02
