2.560000e+02 1.614000e+02
2.560000e+02 1.614000e+02
2.560000e+02 1.614000e+02
2.557500e+02 1.611000e+02
2.555000e+02 1.608000e+02
2.555000e+02 1.608000e+02
2.555000e+02 1.608000e+02
2.550000e+02 1.599000e+02
2.545000e+02 1.590000e+02
2.540000e+02 1.569000e+02
2.535000e+02 1.548000e+02
2.530000e+02 1.512000e+02
2.525000e+02 1.476000e+02
2.522500e+02 1.455000e+02
2.520000e+02 1.434000e+02
2.522500e+02 1.359000e+02
2.525000e+02 1.284000e+02
2.530000e+02 1.239000e+02
2.535000e+02 1.194000e+02
2.540000e+02 1.158000e+02
2.545000e+02 1.122000e+02
2.560000e+02 1.077000e+02
2.575000e+02 1.032000e+02
2.587500e+02 9.990000e+01
2.600000e+02 9.660000e+01
2.620000e+02 9.210000e+01
2.640000e+02 8.760000e+01
2.662500e+02 8.370000e+01
2.685000e+02 7.980000e+01
2.712500e+02 7.590000e+01
2.740000e+02 7.200000e+01
2.770000e+02 6.840000e+01
2.800000e+02 6.480000e+01
2.832500e+02 6.150000e+01
2.865000e+02 5.820000e+01
2.897500e+02 5.550000e+01
2.930000e+02 5.280000e+01
2.957500e+02 5.100000e+01
2.985000e+02 4.920000e+01
3.030000e+02 4.740000e+01
3.075000e+02 4.560000e+01
3.087500e+02 4.530000e+01
3.100000e+02 4.500000e+01
3.132500e+02 4.440000e+01
3.165000e+02 4.380000e+01
3.197500e+02 4.410000e+01
3.230000e+02 4.440000e+01
3.262500e+02 4.470000e+01
3.295000e+02 4.500000e+01
3.322500e+02 4.620000e+01
3.350000e+02 4.740000e+01
3.382500e+02 4.890000e+01
3.415000e+02 5.040000e+01
3.442500e+02 5.250000e+01
3.470000e+02 5.460000e+01
3.497500e+02 5.730000e+01
3.525000e+02 6.000000e+01
3.552500e+02 6.330000e+01
3.580000e+02 6.660000e+01
3.612500e+02 7.200000e+01
3.645000e+02 7.740000e+01
3.657500e+02 7.980000e+01
3.670000e+02 8.220000e+01
3.687500e+02 8.640000e+01
3.705000e+02 9.060000e+01
3.722500e+02 9.570000e+01
3.740000e+02 1.008000e+02
3.750000e+02 1.053000e+02
3.760000e+02 1.098000e+02
3.772500e+02 1.164000e+02
3.785000e+02 1.230000e+02
3.787500e+02 1.254000e+02
3.790000e+02 1.278000e+02
3.792500e+02 1.317000e+02
3.795000e+02 1.356000e+02
3.795000e+02 1.404000e+02
3.795000e+02 1.452000e+02
3.792500e+02 1.491000e+02
3.790000e+02 1.530000e+02
3.785000e+02 1.566000e+02
3.780000e+02 1.602000e+02
3.775000e+02 1.638000e+02
3.770000e+02 1.674000e+02
3.762500e+02 1.707000e+02
3.755000e+02 1.740000e+02
3.745000e+02 1.776000e+02
3.735000e+02 1.812000e+02
3.717500e+02 1.848000e+02
3.700000e+02 1.884000e+02
3.687500e+02 1.914000e+02
3.675000e+02 1.944000e+02
3.660000e+02 1.971000e+02
3.645000e+02 1.998000e+02
3.625000e+02 2.028000e+02
3.605000e+02 2.058000e+02
3.587500e+02 2.085000e+02
3.570000e+02 2.112000e+02
3.552500e+02 2.133000e+02
3.535000e+02 2.154000e+02
3.517500e+02 2.175000e+02
3.500000e+02 2.196000e+02
3.482500e+02 2.214000e+02
3.465000e+02 2.232000e+02
3.450000e+02 2.250000e+02
3.435000e+02 2.268000e+02
3.420000e+02 2.280000e+02
3.405000e+02 2.292000e+02
3.397500e+02 2.301000e+02
3.390000e+02 2.310000e+02
3.352500e+02 2.340000e+02
3.315000e+02 2.370000e+02
3.302500e+02 2.385000e+02
3.290000e+02 2.400000e+02
3.275000e+02 2.412000e+02
3.260000e+02 2.424000e+02
3.242500e+02 2.436000e+02
3.225000e+02 2.448000e+02
3.195000e+02 2.472000e+02
3.170000e+02 2.490000e+02
3.155000e+02 2.502000e+02
3.150000e+02 2.508000e+02
3.135000e+02 2.514000e+02
3.120000e+02 2.526000e+02
3.110000e+02 2.538000e+02
3.105000e+02 2.544000e+02
3.095000e+02 2.550000e+02
3.090000e+02 2.556000e+02
3.085000e+02 2.562000e+02
3.075000e+02 2.568000e+02
3.070000e+02 2.568000e+02
3.065000e+02 2.568000e+02
3.065000e+02 2.574000e+02
3.060000e+02 2.574000e+02
3.060000e+02 2.580000e+02
3.055000e+02 2.580000e+02
3.055000e+02 2.586000e+02
3.055000e+02 2.586000e+02
3.050000e+02 2.598000e+02
3.050000e+02 2.604000e+02
3.045000e+02 2.628000e+02
3.040000e+02 2.670000e+02
3.035000e+02 2.718000e+02
3.035000e+02 2.754000e+02
3.035000e+02 2.820000e+02
3.035000e+02 2.886000e+02
3.035000e+02 2.910000e+02
3.035000e+02 2.970000e+02
3.035000e+02 3.018000e+02
3.035000e+02 3.072000e+02
3.040000e+02 3.156000e+02
3.040000e+02 3.204000e+02
3.040000e+02 3.264000e+02
3.040000e+02 3.318000e+02
3.040000e+02 3.372000e+02
3.040000e+02 3.432000e+02
3.040000e+02 3.480000e+02
3.040000e+02 3.540000e+02
3.040000e+02 3.606000e+02
3.040000e+02 3.660000e+02
3.035000e+02 3.720000e+02
3.035000e+02 3.774000e+02
3.035000e+02 3.828000e+02
3.035000e+02 3.888000e+02
3.030000e+02 3.948000e+02
3.025000e+02 3.990000e+02
3.025000e+02 4.014000e+02
3.025000e+02 4.050000e+02
3.020000e+02 4.080000e+02
3.020000e+02 4.110000e+02
3.020000e+02 4.134000e+02
3.015000e+02 4.158000e+02
3.015000e+02 4.176000e+02
3.015000e+02 4.200000e+02
3.010000e+02 4.218000e+02
3.010000e+02 4.242000e+02
3.010000e+02 4.254000e+02
3.010000e+02 4.272000e+02
3.005000e+02 4.284000e+02
3.005000e+02 4.290000e+02
3.005000e+02 4.296000e+02
3.005000e+02 4.308000e+02
3.005000e+02 4.314000e+02
3.005000e+02 4.320000e+02
3.000000e+02 4.326000e+02
3.000000e+02 4.326000e+02
3.000000e+02 4.332000e+02
3.000000e+02 4.332000e+02
3.000000e+02 4.338000e+02
3.000000e+02 4.338000e+02
3.000000e+02 4.338000e+02
3.000000e+02 4.338000e+02
3.000000e+02 4.338000e+02
3.000000e+02 4.338000e+02
3.000000e+02 4.338000e+02
3.000000e+02 4.338000e+02
3.000000e+02 4.332000e+02
3.000000e+02 4.332000e+02
3.000000e+02 4.326000e+02
3.000000e+02 4.314000e+02
3.000000e+02 4.314000e+02
