3.265000e+02 7.320000e+01
3.265000e+02 7.320000e+01
3.265000e+02 7.320000e+01
3.265000e+02 7.320000e+01
3.265000e+02 7.320000e+01
3.265000e+02 7.320000e+01
3.265000e+02 7.320000e+01
3.265000e+02 7.320000e+01
3.265000e+02 7.320000e+01
3.265000e+02 7.320000e+01
3.265000e+02 7.320000e+01
3.265000e+02 7.320000e+01
3.265000e+02 7.320000e+01
3.263750e+02 7.335000e+01
3.262500e+02 7.350000e+01
3.261250e+02 7.365000e+01
3.260000e+02 7.380000e+01
3.260000e+02 7.395000e+01
3.260000e+02 7.410000e+01
3.260000e+02 7.425000e+01
3.260000e+02 7.440000e+01
3.257500e+02 7.515000e+01
3.255000e+02 7.590000e+01
3.252500e+02 7.665000e+01
3.250000e+02 7.740000e+01
3.246250e+02 7.905000e+01
3.242500e+02 8.070000e+01
3.238750e+02 8.235000e+01
3.235000e+02 8.400000e+01
3.231250e+02 8.595000e+01
3.227500e+02 8.790000e+01
3.223750e+02 8.985000e+01
3.220000e+02 9.180000e+01
3.216250e+02 9.390000e+01
3.212500e+02 9.600000e+01
3.208750e+02 9.810000e+01
3.205000e+02 1.002000e+02
3.203750e+02 1.015500e+02
3.202500e+02 1.029000e+02
3.201250e+02 1.042500e+02
3.200000e+02 1.056000e+02
3.196250e+02 1.078500e+02
3.192500e+02 1.101000e+02
3.188750e+02 1.123500e+02
3.185000e+02 1.146000e+02
3.183750e+02 1.162500e+02
3.182500e+02 1.179000e+02
3.181250e+02 1.195500e+02
3.180000e+02 1.212000e+02
3.177500e+02 1.230000e+02
3.175000e+02 1.248000e+02
3.172500e+02 1.266000e+02
3.170000e+02 1.284000e+02
3.168750e+02 1.300500e+02
3.167500e+02 1.317000e+02
3.166250e+02 1.333500e+02
3.165000e+02 1.350000e+02
3.161250e+02 1.380000e+02
3.157500e+02 1.410000e+02
3.153750e+02 1.440000e+02
3.150000e+02 1.470000e+02
3.147500e+02 1.480500e+02
3.145000e+02 1.491000e+02
3.142500e+02 1.501500e+02
3.140000e+02 1.512000e+02
3.137500e+02 1.536000e+02
3.135000e+02 1.560000e+02
3.132500e+02 1.584000e+02
3.130000e+02 1.608000e+02
3.127500e+02 1.630500e+02
3.125000e+02 1.653000e+02
3.122500e+02 1.675500e+02
3.120000e+02 1.698000e+02
3.117500e+02 1.720500e+02
3.115000e+02 1.743000e+02
3.112500e+02 1.765500e+02
3.110000e+02 1.788000e+02
3.105000e+02 1.813500e+02
3.100000e+02 1.839000e+02
3.095000e+02 1.864500e+02
3.090000e+02 1.890000e+02
3.087500e+02 1.911000e+02
3.085000e+02 1.932000e+02
3.082500e+02 1.953000e+02
3.080000e+02 1.974000e+02
3.076250e+02 2.001000e+02
3.072500e+02 2.028000e+02
3.068750e+02 2.055000e+02
3.065000e+02 2.082000e+02
3.060000e+02 2.115000e+02
3.055000e+02 2.148000e+02
3.050000e+02 2.181000e+02
3.045000e+02 2.214000e+02
3.042500e+02 2.233500e+02
3.040000e+02 2.253000e+02
3.037500e+02 2.272500e+02
3.035000e+02 2.292000e+02
3.031250e+02 2.313000e+02
3.027500e+02 2.334000e+02
3.023750e+02 2.355000e+02
3.020000e+02 2.376000e+02
3.017500e+02 2.397000e+02
3.015000e+02 2.418000e+02
3.012500e+02 2.439000e+02
3.010000e+02 2.460000e+02
3.005000e+02 2.488500e+02
3.000000e+02 2.517000e+02
2.995000e+02 2.545500e+02
2.990000e+02 2.574000e+02
2.985000e+02 2.601000e+02
2.980000e+02 2.628000e+02
2.975000e+02 2.655000e+02
2.970000e+02 2.682000e+02
2.967500e+02 2.698500e+02
2.965000e+02 2.715000e+02
2.962500e+02 2.731500e+02
2.960000e+02 2.748000e+02
2.956250e+02 2.764500e+02
2.952500e+02 2.781000e+02
2.948750e+02 2.797500e+02
2.945000e+02 2.814000e+02
2.942500e+02 2.829000e+02
2.940000e+02 2.844000e+02
2.935000e+02 2.874000e+02
2.927500e+02 2.901000e+02
2.920000e+02 2.928000e+02
2.915000e+02 2.952000e+02
2.910000e+02 2.976000e+02
2.905000e+02 3.000000e+02
2.900000e+02 3.024000e+02
2.895000e+02 3.048000e+02
2.890000e+02 3.072000e+02
2.885000e+02 3.096000e+02
2.880000e+02 3.120000e+02
2.875000e+02 3.144000e+02
2.870000e+02 3.168000e+02
2.865000e+02 3.192000e+02
2.860000e+02 3.216000e+02
2.857500e+02 3.240000e+02
2.855000e+02 3.264000e+02
2.850000e+02 3.291000e+02
2.845000e+02 3.318000e+02
2.842500e+02 3.342000e+02
2.840000e+02 3.366000e+02
2.837500e+02 3.393000e+02
2.835000e+02 3.420000e+02
2.830000e+02 3.447000e+02
2.825000e+02 3.474000e+02
2.822500e+02 3.498000e+02
2.820000e+02 3.522000e+02
2.817500e+02 3.552000e+02
2.815000e+02 3.582000e+02
2.812500e+02 3.606000e+02
2.810000e+02 3.630000e+02
2.805000e+02 3.657000e+02
2.800000e+02 3.684000e+02
2.797500e+02 3.723000e+02
2.795000e+02 3.762000e+02
2.790000e+02 3.798000e+02
2.785000e+02 3.834000e+02
2.782500e+02 3.870000e+02
2.780000e+02 3.906000e+02
2.777500e+02 3.924000e+02
2.775000e+02 3.942000e+02
2.772500e+02 3.963000e+02
2.770000e+02 3.984000e+02
2.767500e+02 4.002000e+02
2.765000e+02 4.020000e+02
2.762500e+02 4.038000e+02
2.760000e+02 4.056000e+02
2.757500e+02 4.071000e+02
2.755000e+02 4.086000e+02
2.752500e+02 4.092000e+02
2.750000e+02 4.098000e+02
2.747500e+02 4.119000e+02
2.745000e+02 4.140000e+02
2.745000e+02 4.146000e+02
2.745000e+02 4.152000e+02
2.742500e+02 4.167000e+02
2.740000e+02 4.182000e+02
2.737500e+02 4.197000e+02
2.735000e+02 4.212000e+02
2.732500e+02 4.218000e+02
2.730000e+02 4.224000e+02
2.730000e+02 4.227000e+02
2.730000e+02 4.230000e+02
2.730000e+02 4.233000e+02
2.730000e+02 4.236000e+02
2.727500e+02 4.239000e+02
2.725000e+02 4.242000e+02
2.725000e+02 4.242000e+02
2.725000e+02 4.242000e+02
2.725000e+02 4.245000e+02
2.725000e+02 4.248000e+02
2.725000e+02 4.248000e+02
2.725000e+02 4.248000e+02
2.722500e+02 4.248000e+02
2.720000e+02 4.248000e+02
2.720000e+02 4.248000e+02
2.720000e+02 4.248000e+02
