1.550000e+02 3.576000e+02
1.550000e+02 3.576000e+02
1.550000e+02 3.576000e+02
1.555000e+02 3.570000e+02
1.560000e+02 3.564000e+02
1.567500e+02 3.552000e+02
1.575000e+02 3.540000e+02
1.590000e+02 3.516000e+02
1.605000e+02 3.492000e+02
1.622500e+02 3.465000e+02
1.640000e+02 3.438000e+02
1.657500e+02 3.411000e+02
1.675000e+02 3.384000e+02
1.707500e+02 3.336000e+02
1.740000e+02 3.288000e+02
1.762500e+02 3.252000e+02
1.785000e+02 3.216000e+02
1.807500e+02 3.180000e+02
1.830000e+02 3.144000e+02
1.857500e+02 3.102000e+02
1.885000e+02 3.060000e+02
1.907500e+02 3.021000e+02
1.930000e+02 2.982000e+02
1.957500e+02 2.940000e+02
1.985000e+02 2.898000e+02
2.010000e+02 2.856000e+02
2.035000e+02 2.814000e+02
2.062500e+02 2.766000e+02
2.090000e+02 2.718000e+02
2.117500e+02 2.673000e+02
2.145000e+02 2.628000e+02
2.175000e+02 2.577000e+02
2.205000e+02 2.526000e+02
2.232500e+02 2.481000e+02
2.260000e+02 2.436000e+02
2.287500e+02 2.391000e+02
2.315000e+02 2.346000e+02
2.342500e+02 2.295000e+02
2.370000e+02 2.244000e+02
2.405000e+02 2.187000e+02
2.440000e+02 2.130000e+02
2.480000e+02 2.058000e+02
2.520000e+02 1.986000e+02
2.550000e+02 1.938000e+02
2.580000e+02 1.890000e+02
2.637500e+02 1.794000e+02
2.695000e+02 1.698000e+02
2.720000e+02 1.653000e+02
2.745000e+02 1.608000e+02
2.775000e+02 1.560000e+02
2.805000e+02 1.512000e+02
2.842500e+02 1.449000e+02
2.880000e+02 1.386000e+02
2.892500e+02 1.365000e+02
2.905000e+02 1.344000e+02
2.942500e+02 1.287000e+02
2.980000e+02 1.230000e+02
3.002500e+02 1.194000e+02
3.025000e+02 1.158000e+02
3.047500e+02 1.125000e+02
3.070000e+02 1.092000e+02
3.090000e+02 1.059000e+02
3.110000e+02 1.026000e+02
3.125000e+02 1.002000e+02
3.140000e+02 9.780000e+01
3.162500e+02 9.450000e+01
3.185000e+02 9.120000e+01
3.200000e+02 8.880000e+01
3.215000e+02 8.640000e+01
3.227500e+02 8.430000e+01
3.240000e+02 8.220000e+01
3.252500e+02 8.040000e+01
3.265000e+02 7.860000e+01
3.277500e+02 7.650000e+01
3.290000e+02 7.440000e+01
3.300000e+02 7.290000e+01
3.310000e+02 7.140000e+01
3.320000e+02 7.020000e+01
3.330000e+02 6.900000e+01
3.340000e+02 6.780000e+01
3.350000e+02 6.660000e+01
3.355000e+02 6.570000e+01
3.360000e+02 6.480000e+01
3.362500e+02 6.480000e+01
3.365000e+02 6.480000e+01
3.367500e+02 6.420000e+01
3.370000e+02 6.360000e+01
3.372500e+02 6.330000e+01
3.375000e+02 6.300000e+01
3.377500e+02 6.270000e+01
3.380000e+02 6.240000e+01
3.380000e+02 6.240000e+01
3.380000e+02 6.240000e+01
3.385000e+02 6.240000e+01
3.390000e+02 6.240000e+01
3.390000e+02 6.240000e+01
3.390000e+02 6.240000e+01
3.390000e+02 6.240000e+01
3.390000e+02 6.240000e+01
3.392500e+02 6.240000e+01
3.395000e+02 6.240000e+01
3.397500e+02 6.270000e+01
3.400000e+02 6.300000e+01
3.402500e+02 6.360000e+01
3.405000e+02 6.420000e+01
3.410000e+02 6.480000e+01
3.415000e+02 6.540000e+01
3.417500e+02 6.630000e+01
3.420000e+02 6.720000e+01
3.425000e+02 6.840000e+01
3.430000e+02 6.960000e+01
3.437500e+02 7.080000e+01
3.445000e+02 7.200000e+01
3.450000e+02 7.320000e+01
3.455000e+02 7.440000e+01
3.462500e+02 7.590000e+01
3.470000e+02 7.740000e+01
3.477500e+02 7.950000e+01
3.485000e+02 8.160000e+01
3.497500e+02 8.430000e+01
3.510000e+02 8.700000e+01
3.527500e+02 9.090000e+01
3.545000e+02 9.480000e+01
3.557500e+02 9.690000e+01
3.570000e+02 9.900000e+01
3.582500e+02 1.014000e+02
3.595000e+02 1.038000e+02
3.605000e+02 1.062000e+02
3.615000e+02 1.086000e+02
3.630000e+02 1.113000e+02
3.645000e+02 1.140000e+02
3.660000e+02 1.167000e+02
3.675000e+02 1.194000e+02
3.690000e+02 1.224000e+02
3.705000e+02 1.254000e+02
3.730000e+02 1.299000e+02
3.755000e+02 1.344000e+02
3.775000e+02 1.377000e+02
3.795000e+02 1.410000e+02
3.805000e+02 1.425000e+02
3.815000e+02 1.440000e+02
3.845000e+02 1.488000e+02
3.875000e+02 1.536000e+02
3.897500e+02 1.572000e+02
3.920000e+02 1.608000e+02
3.942500e+02 1.641000e+02
3.965000e+02 1.674000e+02
3.985000e+02 1.707000e+02
4.005000e+02 1.740000e+02
4.030000e+02 1.776000e+02
4.055000e+02 1.812000e+02
4.077500e+02 1.845000e+02
4.100000e+02 1.878000e+02
4.125000e+02 1.914000e+02
4.150000e+02 1.950000e+02
4.177500e+02 1.986000e+02
4.205000e+02 2.022000e+02
4.230000e+02 2.058000e+02
4.255000e+02 2.094000e+02
4.282500e+02 2.133000e+02
4.310000e+02 2.172000e+02
4.335000e+02 2.208000e+02
4.360000e+02 2.244000e+02
4.387500e+02 2.280000e+02
4.415000e+02 2.316000e+02
4.440000e+02 2.352000e+02
4.465000e+02 2.388000e+02
4.490000e+02 2.424000e+02
4.515000e+02 2.460000e+02
4.545000e+02 2.499000e+02
4.575000e+02 2.538000e+02
4.600000e+02 2.571000e+02
4.625000e+02 2.604000e+02
4.665000e+02 2.655000e+02
4.705000e+02 2.706000e+02
4.742500e+02 2.754000e+02
4.780000e+02 2.802000e+02
4.805000e+02 2.832000e+02
4.830000e+02 2.862000e+02
4.865000e+02 2.904000e+02
4.900000e+02 2.946000e+02
4.922500e+02 2.976000e+02
4.945000e+02 3.006000e+02
4.962500e+02 3.027000e+02
4.980000e+02 3.048000e+02
5.015000e+02 3.090000e+02
5.055000e+02 3.138000e+02
5.080000e+02 3.174000e+02
5.105000e+02 3.198000e+02
5.125000e+02 3.228000e+02
5.145000e+02 3.258000e+02
5.170000e+02 3.294000e+02
5.190000e+02 3.318000e+02
5.205000e+02 3.342000e+02
5.220000e+02 3.360000e+02
5.240000e+02 3.384000e+02
5.260000e+02 3.414000e+02
5.290000e+02 3.462000e+02
5.325000e+02 3.516000e+02
5.325000e+02 3.516000e+02
