1.755000e+02 2.154000e+02
1.755000e+02 2.154000e+02
1.755000e+02 2.154000e+02
1.755000e+02 2.154000e+02
1.755000e+02 2.154000e+02
1.755000e+02 2.157000e+02
1.755000e+02 2.160000e+02
1.755000e+02 2.163000e+02
1.755000e+02 2.166000e+02
1.755000e+02 2.170500e+02
1.755000e+02 2.175000e+02
1.755000e+02 2.179500e+02
1.755000e+02 2.184000e+02
1.756250e+02 2.191500e+02
1.757500e+02 2.199000e+02
1.758750e+02 2.206500e+02
1.760000e+02 2.214000e+02
1.761250e+02 2.221500e+02
1.762500e+02 2.229000e+02
1.763750e+02 2.236500e+02
1.765000e+02 2.244000e+02
1.767500e+02 2.256000e+02
1.770000e+02 2.268000e+02
1.772500e+02 2.280000e+02
1.775000e+02 2.292000e+02
1.778750e+02 2.302500e+02
1.782500e+02 2.313000e+02
1.786250e+02 2.323500e+02
1.790000e+02 2.334000e+02
1.792500e+02 2.347500e+02
1.795000e+02 2.361000e+02
1.797500e+02 2.374500e+02
1.800000e+02 2.388000e+02
1.803750e+02 2.400000e+02
1.807500e+02 2.412000e+02
1.811250e+02 2.424000e+02
1.815000e+02 2.436000e+02
1.820000e+02 2.454000e+02
1.825000e+02 2.472000e+02
1.830000e+02 2.490000e+02
1.835000e+02 2.508000e+02
1.838750e+02 2.520000e+02
1.842500e+02 2.532000e+02
1.846250e+02 2.544000e+02
1.850000e+02 2.556000e+02
1.853750e+02 2.568000e+02
1.857500e+02 2.580000e+02
1.861250e+02 2.592000e+02
1.865000e+02 2.604000e+02
1.866250e+02 2.611500e+02
1.867500e+02 2.619000e+02
1.868750e+02 2.626500e+02
1.870000e+02 2.634000e+02
1.873750e+02 2.646000e+02
1.877500e+02 2.658000e+02
1.881250e+02 2.670000e+02
1.885000e+02 2.682000e+02
1.890000e+02 2.697000e+02
1.895000e+02 2.712000e+02
1.900000e+02 2.727000e+02
1.905000e+02 2.742000e+02
1.907500e+02 2.751000e+02
1.910000e+02 2.760000e+02
1.912500e+02 2.769000e+02
1.915000e+02 2.778000e+02
1.917500e+02 2.787000e+02
1.920000e+02 2.796000e+02
1.922500e+02 2.805000e+02
1.925000e+02 2.814000e+02
1.927500e+02 2.821500e+02
1.930000e+02 2.829000e+02
1.932500e+02 2.836500e+02
1.935000e+02 2.844000e+02
1.937500e+02 2.850000e+02
1.940000e+02 2.856000e+02
1.942500e+02 2.862000e+02
1.945000e+02 2.868000e+02
1.947500e+02 2.874000e+02
1.950000e+02 2.880000e+02
1.952500e+02 2.886000e+02
1.955000e+02 2.892000e+02
1.956250e+02 2.895000e+02
1.957500e+02 2.898000e+02
1.958750e+02 2.901000e+02
1.960000e+02 2.904000e+02
1.962500e+02 2.908500e+02
1.965000e+02 2.913000e+02
1.967500e+02 2.917500e+02
1.970000e+02 2.922000e+02
1.971250e+02 2.923500e+02
1.972500e+02 2.925000e+02
1.973750e+02 2.926500e+02
1.975000e+02 2.928000e+02
1.976250e+02 2.929500e+02
1.977500e+02 2.931000e+02
1.978750e+02 2.932500e+02
1.980000e+02 2.934000e+02
1.981250e+02 2.934000e+02
1.982500e+02 2.934000e+02
1.983750e+02 2.934000e+02
1.985000e+02 2.934000e+02
1.987500e+02 2.935500e+02
1.990000e+02 2.937000e+02
1.992500e+02 2.938500e+02
1.995000e+02 2.940000e+02
1.997500e+02 2.938500e+02
2.000000e+02 2.937000e+02
2.002500e+02 2.935500e+02
2.005000e+02 2.934000e+02
2.010000e+02 2.932500e+02
2.015000e+02 2.931000e+02
2.025000e+02 2.928000e+02
2.035000e+02 2.925000e+02
2.045000e+02 2.922000e+02
2.062500e+02 2.913000e+02
2.080000e+02 2.904000e+02
2.097500e+02 2.892000e+02
2.115000e+02 2.880000e+02
2.137500e+02 2.868000e+02
2.160000e+02 2.856000e+02
2.185000e+02 2.844000e+02
2.210000e+02 2.832000e+02
2.240000e+02 2.817000e+02
2.270000e+02 2.802000e+02
2.315000e+02 2.778000e+02
2.360000e+02 2.754000e+02
2.397500e+02 2.739000e+02
2.435000e+02 2.724000e+02
2.492500e+02 2.697000e+02
2.550000e+02 2.670000e+02
2.617500e+02 2.646000e+02
2.685000e+02 2.622000e+02
2.735000e+02 2.604000e+02
2.785000e+02 2.586000e+02
2.865000e+02 2.559000e+02
2.945000e+02 2.532000e+02
3.037500e+02 2.505000e+02
3.130000e+02 2.478000e+02
3.185000e+02 2.460000e+02
3.240000e+02 2.442000e+02
3.302500e+02 2.424000e+02
3.365000e+02 2.406000e+02
3.427500e+02 2.388000e+02
3.490000e+02 2.370000e+02
3.552500e+02 2.352000e+02
3.615000e+02 2.334000e+02
3.682500e+02 2.319000e+02
3.750000e+02 2.304000e+02
3.810000e+02 2.289000e+02
3.870000e+02 2.274000e+02
3.957500e+02 2.250000e+02
4.045000e+02 2.226000e+02
4.100000e+02 2.214000e+02
4.155000e+02 2.202000e+02
4.210000e+02 2.190000e+02
4.265000e+02 2.178000e+02
4.310000e+02 2.166000e+02
4.355000e+02 2.154000e+02
4.400000e+02 2.142000e+02
4.445000e+02 2.130000e+02
4.485000e+02 2.121000e+02
4.525000e+02 2.112000e+02
4.557500e+02 2.106000e+02
4.590000e+02 2.100000e+02
4.627500e+02 2.091000e+02
4.665000e+02 2.082000e+02
4.692500e+02 2.076000e+02
4.720000e+02 2.070000e+02
4.747500e+02 2.064000e+02
4.775000e+02 2.058000e+02
4.800000e+02 2.055000e+02
4.825000e+02 2.052000e+02
4.842500e+02 2.049000e+02
4.860000e+02 2.046000e+02
4.877500e+02 2.043000e+02
4.895000e+02 2.040000e+02
4.907500e+02 2.040000e+02
4.920000e+02 2.040000e+02
4.932500e+02 2.037000e+02
4.945000e+02 2.034000e+02
4.952500e+02 2.037000e+02
4.960000e+02 2.040000e+02
4.962500e+02 2.040000e+02
4.965000e+02 2.040000e+02
4.970000e+02 2.040000e+02
4.975000e+02 2.040000e+02
4.977500e+02 2.040000e+02
4.980000e+02 2.040000e+02
4.980000e+02 2.040000e+02
4.980000e+02 2.040000e+02
4.982500e+02 2.040000e+02
4.985000e+02 2.040000e+02
4.987500e+02 2.040000e+02
4.990000e+02 2.040000e+02
4.990000e+02 2.040000e+02
4.990000e+02 2.040000e+02
4.990000e+02 2.040000e+02
4.990000e+02 2.040000e+02
4.990000e+02 2.040000e+02
4.990000e+02 2.040000e+02
