2.185000e+02 3.648000e+02
2.185000e+02 3.648000e+02
2.185000e+02 3.648000e+02
2.197500e+02 3.624000e+02
2.210000e+02 3.600000e+02
2.220000e+02 3.582000e+02
2.230000e+02 3.564000e+02
2.260000e+02 3.513000e+02
2.290000e+02 3.462000e+02
2.330000e+02 3.408000e+02
2.405000e+02 3.288000e+02
2.475000e+02 3.156000e+02
2.510000e+02 3.096000e+02
2.565000e+02 2.970000e+02
2.610000e+02 2.844000e+02
2.655000e+02 2.706000e+02
2.695000e+02 2.556000e+02
2.715000e+02 2.472000e+02
2.760000e+02 2.310000e+02
2.805000e+02 2.136000e+02
2.855000e+02 1.968000e+02
2.875000e+02 1.890000e+02
2.925000e+02 1.734000e+02
2.975000e+02 1.584000e+02
3.005000e+02 1.512000e+02
3.060000e+02 1.374000e+02
3.110000e+02 1.254000e+02
3.160000e+02 1.140000e+02
3.205000e+02 1.044000e+02
3.250000e+02 9.600000e+01
3.290000e+02 8.940000e+01
3.310000e+02 8.640000e+01
3.330000e+02 8.340000e+01
3.365000e+02 7.860000e+01
3.390000e+02 7.560000e+01
3.415000e+02 7.320000e+01
3.435000e+02 7.260000e+01
3.445000e+02 7.260000e+01
3.470000e+02 7.380000e+01
3.490000e+02 7.560000e+01
3.510000e+02 7.920000e+01
3.515000e+02 8.160000e+01
3.525000e+02 8.400000e+01
3.545000e+02 8.880000e+01
3.565000e+02 9.600000e+01
3.605000e+02 1.074000e+02
3.625000e+02 1.116000e+02
3.660000e+02 1.218000e+02
3.705000e+02 1.326000e+02
3.730000e+02 1.380000e+02
3.780000e+02 1.506000e+02
3.835000e+02 1.638000e+02
3.890000e+02 1.776000e+02
3.920000e+02 1.842000e+02
3.985000e+02 1.980000e+02
4.050000e+02 2.124000e+02
4.080000e+02 2.184000e+02
4.140000e+02 2.310000e+02
4.205000e+02 2.436000e+02
4.265000e+02 2.556000e+02
4.360000e+02 2.724000e+02
4.420000e+02 2.826000e+02
4.450000e+02 2.874000e+02
4.505000e+02 2.964000e+02
4.530000e+02 3.012000e+02
4.555000e+02 3.060000e+02
4.600000e+02 3.132000e+02
4.620000e+02 3.162000e+02
4.660000e+02 3.228000e+02
4.690000e+02 3.282000e+02
4.700000e+02 3.306000e+02
4.720000e+02 3.342000e+02
4.740000e+02 3.360000e+02
4.745000e+02 3.372000e+02
4.750000e+02 3.378000e+02
4.755000e+02 3.384000e+02
4.750000e+02 3.384000e+02
4.740000e+02 3.384000e+02
4.720000e+02 3.372000e+02
4.705000e+02 3.360000e+02
4.660000e+02 3.336000e+02
4.600000e+02 3.306000e+02
4.565000e+02 3.294000e+02
4.520000e+02 3.276000e+02
4.415000e+02 3.246000e+02
4.360000e+02 3.228000e+02
4.230000e+02 3.186000e+02
4.085000e+02 3.150000e+02
4.005000e+02 3.132000e+02
3.825000e+02 3.102000e+02
3.645000e+02 3.072000e+02
3.550000e+02 3.060000e+02
3.350000e+02 3.036000e+02
3.150000e+02 3.012000e+02
3.050000e+02 3.000000e+02
2.840000e+02 2.976000e+02
2.640000e+02 2.964000e+02
2.540000e+02 2.958000e+02
2.445000e+02 2.952000e+02
2.255000e+02 2.946000e+02
2.160000e+02 2.940000e+02
1.975000e+02 2.940000e+02
1.805000e+02 2.940000e+02
1.725000e+02 2.934000e+02
1.575000e+02 2.928000e+02
1.440000e+02 2.928000e+02
1.385000e+02 2.922000e+02
1.270000e+02 2.922000e+02
1.180000e+02 2.910000e+02
1.145000e+02 2.904000e+02
1.110000e+02 2.904000e+02
1.055000e+02 2.886000e+02
1.015000e+02 2.874000e+02
9.900000e+01 2.862000e+02
9.850000e+01 2.850000e+02
9.800000e+01 2.832000e+02
9.950000e+01 2.808000e+02
1.030000e+02 2.784000e+02
1.055000e+02 2.766000e+02
1.085000e+02 2.742000e+02
1.160000e+02 2.694000e+02
1.260000e+02 2.646000e+02
1.320000e+02 2.616000e+02
1.460000e+02 2.556000e+02
1.610000e+02 2.502000e+02
1.690000e+02 2.466000e+02
1.875000e+02 2.394000e+02
2.070000e+02 2.328000e+02
2.175000e+02 2.286000e+02
2.380000e+02 2.214000e+02
2.590000e+02 2.142000e+02
2.695000e+02 2.112000e+02
2.915000e+02 2.046000e+02
3.135000e+02 1.980000e+02
3.340000e+02 1.926000e+02
3.440000e+02 1.896000e+02
3.640000e+02 1.842000e+02
3.830000e+02 1.782000e+02
4.010000e+02 1.740000e+02
4.170000e+02 1.704000e+02
4.245000e+02 1.686000e+02
4.320000e+02 1.668000e+02
4.450000e+02 1.638000e+02
4.580000e+02 1.608000e+02
4.640000e+02 1.602000e+02
4.745000e+02 1.584000e+02
4.830000e+02 1.572000e+02
4.865000e+02 1.566000e+02
4.925000e+02 1.560000e+02
4.970000e+02 1.560000e+02
4.990000e+02 1.560000e+02
5.015000e+02 1.554000e+02
5.035000e+02 1.554000e+02
5.040000e+02 1.554000e+02
5.050000e+02 1.554000e+02
5.050000e+02 1.554000e+02
5.050000e+02 1.554000e+02
5.045000e+02 1.560000e+02
5.030000e+02 1.566000e+02
5.015000e+02 1.572000e+02
4.985000e+02 1.590000e+02
4.950000e+02 1.620000e+02
4.925000e+02 1.638000e+02
4.875000e+02 1.674000e+02
4.810000e+02 1.710000e+02
4.780000e+02 1.734000e+02
4.700000e+02 1.788000e+02
4.605000e+02 1.854000e+02
4.545000e+02 1.896000e+02
4.425000e+02 1.974000e+02
4.285000e+02 2.064000e+02
4.120000e+02 2.178000e+02
4.035000e+02 2.232000e+02
3.845000e+02 2.358000e+02
3.665000e+02 2.484000e+02
3.575000e+02 2.538000e+02
3.400000e+02 2.664000e+02
3.225000e+02 2.784000e+02
3.140000e+02 2.844000e+02
2.965000e+02 2.976000e+02
2.805000e+02 3.096000e+02
2.735000e+02 3.150000e+02
2.610000e+02 3.246000e+02
2.460000e+02 3.366000e+02
2.415000e+02 3.402000e+02
2.345000e+02 3.462000e+02
2.285000e+02 3.516000e+02
2.235000e+02 3.564000e+02
2.195000e+02 3.600000e+02
2.170000e+02 3.630000e+02
2.160000e+02 3.642000e+02
2.135000e+02 3.660000e+02
2.135000e+02 3.666000e+02
2.130000e+02 3.672000e+02
2.125000e+02 3.672000e+02
2.125000e+02 3.672000e+02
2.120000e+02 3.672000e+02
2.120000e+02 3.672000e+02
2.125000e+02 3.654000e+02
2.125000e+02 3.654000e+02
