2.640000e+02 1.224000e+02
2.640000e+02 1.224000e+02
2.640000e+02 1.224000e+02
2.640000e+02 1.221000e+02
2.640000e+02 1.218000e+02
2.640000e+02 1.209000e+02
2.640000e+02 1.200000e+02
2.640000e+02 1.191000e+02
2.640000e+02 1.182000e+02
2.640000e+02 1.176000e+02
2.640000e+02 1.170000e+02
2.645000e+02 1.161000e+02
2.650000e+02 1.152000e+02
2.655000e+02 1.140000e+02
2.660000e+02 1.128000e+02
2.677500e+02 1.113000e+02
2.695000e+02 1.098000e+02
2.735000e+02 1.074000e+02
2.775000e+02 1.050000e+02
2.805000e+02 1.038000e+02
2.835000e+02 1.026000e+02
2.867500e+02 1.014000e+02
2.900000e+02 1.002000e+02
2.932500e+02 9.930000e+01
2.965000e+02 9.840000e+01
2.997500e+02 9.810000e+01
3.030000e+02 9.780000e+01
3.060000e+02 9.750000e+01
3.090000e+02 9.720000e+01
3.122500e+02 9.720000e+01
3.155000e+02 9.720000e+01
3.180000e+02 9.690000e+01
3.205000e+02 9.660000e+01
3.232500e+02 9.690000e+01
3.260000e+02 9.720000e+01
3.285000e+02 9.750000e+01
3.310000e+02 9.780000e+01
3.355000e+02 9.900000e+01
3.405000e+02 1.008000e+02
3.450000e+02 1.026000e+02
3.500000e+02 1.044000e+02
3.555000e+02 1.068000e+02
3.625000e+02 1.104000e+02
3.670000e+02 1.134000e+02
3.715000e+02 1.170000e+02
3.800000e+02 1.242000e+02
3.840000e+02 1.278000e+02
3.870000e+02 1.314000e+02
3.905000e+02 1.344000e+02
3.940000e+02 1.380000e+02
3.965000e+02 1.422000e+02
3.990000e+02 1.458000e+02
4.025000e+02 1.506000e+02
4.050000e+02 1.536000e+02
4.070000e+02 1.578000e+02
4.090000e+02 1.614000e+02
4.105000e+02 1.650000e+02
4.120000e+02 1.680000e+02
4.130000e+02 1.722000e+02
4.140000e+02 1.764000e+02
4.150000e+02 1.800000e+02
4.160000e+02 1.842000e+02
4.170000e+02 1.914000e+02
4.175000e+02 1.956000e+02
4.180000e+02 1.998000e+02
4.185000e+02 2.052000e+02
4.185000e+02 2.100000e+02
4.185000e+02 2.142000e+02
4.180000e+02 2.202000e+02
4.175000e+02 2.250000e+02
4.170000e+02 2.298000e+02
4.165000e+02 2.352000e+02
4.155000e+02 2.400000e+02
4.145000e+02 2.454000e+02
4.140000e+02 2.508000e+02
4.125000e+02 2.580000e+02
4.115000e+02 2.604000e+02
4.105000e+02 2.658000e+02
4.095000e+02 2.712000e+02
4.085000e+02 2.760000e+02
4.065000e+02 2.826000e+02
4.055000e+02 2.874000e+02
4.040000e+02 2.928000e+02
4.020000e+02 2.988000e+02
4.005000e+02 3.030000e+02
3.985000e+02 3.084000e+02
3.965000e+02 3.138000e+02
3.940000e+02 3.180000e+02
3.915000e+02 3.234000e+02
3.885000e+02 3.288000e+02
3.850000e+02 3.330000e+02
3.820000e+02 3.366000e+02
3.790000e+02 3.396000e+02
3.750000e+02 3.438000e+02
3.715000e+02 3.474000e+02
3.685000e+02 3.498000e+02
3.655000e+02 3.522000e+02
3.625000e+02 3.546000e+02
3.590000e+02 3.570000e+02
3.560000e+02 3.588000e+02
3.535000e+02 3.600000e+02
3.510000e+02 3.618000e+02
3.485000e+02 3.624000e+02
3.460000e+02 3.636000e+02
3.440000e+02 3.642000e+02
3.420000e+02 3.648000e+02
3.390000e+02 3.654000e+02
3.370000e+02 3.660000e+02
3.345000e+02 3.666000e+02
3.320000e+02 3.666000e+02
3.300000e+02 3.672000e+02
3.275000e+02 3.678000e+02
3.250000e+02 3.678000e+02
3.220000e+02 3.678000e+02
3.195000e+02 3.678000e+02
3.170000e+02 3.684000e+02
3.135000e+02 3.684000e+02
3.100000e+02 3.684000e+02
3.055000e+02 3.684000e+02
2.995000e+02 3.690000e+02
2.895000e+02 3.690000e+02
2.865000e+02 3.696000e+02
2.795000e+02 3.696000e+02
2.720000e+02 3.696000e+02
2.660000e+02 3.690000e+02
2.565000e+02 3.690000e+02
2.505000e+02 3.684000e+02
2.445000e+02 3.672000e+02
2.385000e+02 3.660000e+02
2.335000e+02 3.648000e+02
2.285000e+02 3.630000e+02
2.230000e+02 3.606000e+02
2.185000e+02 3.582000e+02
2.140000e+02 3.558000e+02
2.100000e+02 3.534000e+02
2.065000e+02 3.510000e+02
2.030000e+02 3.480000e+02
1.995000e+02 3.450000e+02
1.960000e+02 3.420000e+02
1.915000e+02 3.378000e+02
1.890000e+02 3.336000e+02
1.855000e+02 3.300000e+02
1.830000e+02 3.270000e+02
1.805000e+02 3.240000e+02
1.785000e+02 3.204000e+02
1.760000e+02 3.168000e+02
1.735000e+02 3.126000e+02
1.715000e+02 3.090000e+02
1.695000e+02 3.054000e+02
1.680000e+02 3.006000e+02
1.665000e+02 2.970000e+02
1.650000e+02 2.928000e+02
1.635000e+02 2.874000e+02
1.625000e+02 2.832000e+02
1.615000e+02 2.784000e+02
1.605000e+02 2.724000e+02
1.600000e+02 2.670000e+02
1.600000e+02 2.574000e+02
1.605000e+02 2.508000e+02
1.610000e+02 2.436000e+02
1.620000e+02 2.376000e+02
1.630000e+02 2.304000e+02
1.645000e+02 2.244000e+02
1.660000e+02 2.178000e+02
1.685000e+02 2.112000e+02
1.710000e+02 2.052000e+02
1.745000e+02 1.980000e+02
1.780000e+02 1.926000e+02
1.820000e+02 1.872000e+02
1.855000e+02 1.812000e+02
1.895000e+02 1.764000e+02
1.935000e+02 1.716000e+02
1.980000e+02 1.668000e+02
2.045000e+02 1.596000e+02
2.090000e+02 1.560000e+02
2.150000e+02 1.512000e+02
2.205000e+02 1.464000e+02
2.255000e+02 1.428000e+02
2.310000e+02 1.398000e+02
2.360000e+02 1.368000e+02
2.415000e+02 1.332000e+02
2.465000e+02 1.308000e+02
2.510000e+02 1.290000e+02
2.555000e+02 1.272000e+02
2.590000e+02 1.260000e+02
2.635000e+02 1.248000e+02
2.680000e+02 1.242000e+02
2.735000e+02 1.230000e+02
2.790000e+02 1.224000e+02
2.840000e+02 1.218000e+02
2.870000e+02 1.212000e+02
2.905000e+02 1.212000e+02
2.930000e+02 1.206000e+02
2.955000e+02 1.206000e+02
2.975000e+02 1.200000e+02
2.990000e+02 1.200000e+02
3.005000e+02 1.206000e+02
3.030000e+02 1.212000e+02
3.065000e+02 1.212000e+02
3.065000e+02 1.212000e+02
