8.000000e+01 2.080000e+02
8.037500e+01 2.093125e+02
8.075000e+01 2.106250e+02
8.112500e+01 2.119375e+02
8.150000e+01 2.132500e+02
8.187500e+01 2.145625e+02
8.225000e+01 2.158750e+02
8.262500e+01 2.171875e+02
8.300000e+01 2.185000e+02
8.337500e+01 2.198125e+02
8.375000e+01 2.211250e+02
8.412500e+01 2.224375e+02
8.450000e+01 2.237500e+02
8.487500e+01 2.250625e+02
8.525000e+01 2.263750e+02
8.562500e+01 2.276875e+02
8.600000e+01 2.290000e+02
8.637500e+01 2.303125e+02
8.675000e+01 2.316250e+02
8.712500e+01 2.329375e+02
8.750000e+01 2.342500e+02
8.787500e+01 2.355625e+02
8.825000e+01 2.368750e+02
8.862500e+01 2.381875e+02
8.900000e+01 2.395000e+02
8.937500e+01 2.408125e+02
8.975000e+01 2.421250e+02
9.012500e+01 2.434375e+02
9.050000e+01 2.447500e+02
9.087500e+01 2.460625e+02
9.125000e+01 2.473750e+02
9.162500e+01 2.486875e+02
9.200000e+01 2.500000e+02
9.237500e+01 2.513125e+02
9.275000e+01 2.526250e+02
9.312500e+01 2.539375e+02
9.350000e+01 2.552500e+02
9.387500e+01 2.565625e+02
9.425000e+01 2.578750e+02
9.462500e+01 2.591875e+02
9.500000e+01 2.605000e+02
9.537500e+01 2.618125e+02
9.575000e+01 2.631250e+02
9.612500e+01 2.644375e+02
9.650000e+01 2.657500e+02
9.687500e+01 2.670625e+02
9.725000e+01 2.683750e+02
9.762500e+01 2.696875e+02
9.800000e+01 2.710000e+02
9.837500e+01 2.723125e+02
9.875000e+01 2.736250e+02
9.912500e+01 2.749375e+02
9.950000e+01 2.762500e+02
9.987500e+01 2.775625e+02
1.002500e+02 2.788750e+02
1.006250e+02 2.801875e+02
1.010000e+02 2.815000e+02
1.013750e+02 2.828125e+02
1.017500e+02 2.841250e+02
1.021250e+02 2.854375e+02
1.025000e+02 2.867500e+02
1.028750e+02 2.880625e+02
1.032500e+02 2.893750e+02
1.036250e+02 2.906875e+02
1.040000e+02 2.920000e+02
1.043750e+02 2.933125e+02
1.047500e+02 2.946250e+02
1.051250e+02 2.959375e+02
1.055000e+02 2.972500e+02
1.058750e+02 2.985625e+02
1.062500e+02 2.998750e+02
1.066250e+02 3.011875e+02
1.070000e+02 3.025000e+02
1.073750e+02 3.038125e+02
1.077500e+02 3.051250e+02
1.081250e+02 3.064375e+02
1.085000e+02 3.077500e+02
1.088750e+02 3.090625e+02
1.092500e+02 3.103750e+02
1.096250e+02 3.116875e+02
1.100000e+02 3.130000e+02
1.103750e+02 3.143125e+02
1.107500e+02 3.156250e+02
1.111250e+02 3.169375e+02
1.115000e+02 3.182500e+02
1.118750e+02 3.195625e+02
1.122500e+02 3.208750e+02
1.126250e+02 3.221875e+02
1.130000e+02 3.235000e+02
1.133750e+02 3.248125e+02
1.137500e+02 3.261250e+02
1.141250e+02 3.274375e+02
1.145000e+02 3.287500e+02
1.148750e+02 3.300625e+02
1.152500e+02 3.313750e+02
1.156250e+02 3.326875e+02
1.160000e+02 3.340000e+02
1.163750e+02 3.353125e+02
1.167500e+02 3.366250e+02
1.171250e+02 3.379375e+02
1.175000e+02 3.392500e+02
1.178750e+02 3.405625e+02
1.182500e+02 3.418750e+02
1.186250e+02 3.431875e+02
1.190000e+02 3.445000e+02
1.193750e+02 3.458125e+02
1.197500e+02 3.471250e+02
1.201250e+02 3.484375e+02
1.205000e+02 3.497500e+02
1.208750e+02 3.510625e+02
1.212500e+02 3.523750e+02
1.216250e+02 3.536875e+02
1.220000e+02 3.550000e+02
1.223750e+02 3.563125e+02
1.227500e+02 3.576250e+02
1.231250e+02 3.589375e+02
1.235000e+02 3.602500e+02
1.238750e+02 3.615625e+02
1.242500e+02 3.628750e+02
1.246250e+02 3.641875e+02
1.250000e+02 3.655000e+02
1.253750e+02 3.668125e+02
1.257500e+02 3.681250e+02
1.261250e+02 3.694375e+02
1.265000e+02 3.707500e+02
1.268750e+02 3.720625e+02
1.272500e+02 3.733750e+02
1.276250e+02 3.746875e+02
1.280000e+02 3.760000e+02
1.303750e+02 3.748125e+02
1.327500e+02 3.736250e+02
1.351250e+02 3.724375e+02
1.375000e+02 3.712500e+02
1.398750e+02 3.700625e+02
1.422500e+02 3.688750e+02
1.446250e+02 3.676875e+02
1.470000e+02 3.665000e+02
1.493750e+02 3.653125e+02
1.517500e+02 3.641250e+02
1.541250e+02 3.629375e+02
1.565000e+02 3.617500e+02
1.588750e+02 3.605625e+02
1.612500e+02 3.593750e+02
1.660000e+02 3.570000e+02
1.707500e+02 3.546250e+02
1.755000e+02 3.522500e+02
1.802500e+02 3.498750e+02
1.850000e+02 3.475000e+02
1.897500e+02 3.451250e+02
1.945000e+02 3.427500e+02
1.992500e+02 3.403750e+02
2.040000e+02 3.380000e+02
2.087500e+02 3.356250e+02
2.135000e+02 3.332500e+02
2.182500e+02 3.308750e+02
2.230000e+02 3.285000e+02
2.277500e+02 3.261250e+02
2.325000e+02 3.237500e+02
2.372500e+02 3.213750e+02
2.420000e+02 3.190000e+02
2.467500e+02 3.166250e+02
2.515000e+02 3.142500e+02
2.562500e+02 3.118750e+02
2.610000e+02 3.095000e+02
2.657500e+02 3.071250e+02
2.705000e+02 3.047500e+02
2.752500e+02 3.023750e+02
2.800000e+02 3.000000e+02
2.847500e+02 2.976250e+02
2.895000e+02 2.952500e+02
2.942500e+02 2.928750e+02
2.990000e+02 2.905000e+02
3.037500e+02 2.881250e+02
3.085000e+02 2.857500e+02
3.132500e+02 2.833750e+02
3.180000e+02 2.810000e+02
3.227500e+02 2.786250e+02
3.275000e+02 2.762500e+02
3.322500e+02 2.738750e+02
3.370000e+02 2.715000e+02
3.417500e+02 2.691250e+02
3.465000e+02 2.667500e+02
3.512500e+02 2.643750e+02
3.560000e+02 2.620000e+02
3.607500e+02 2.596250e+02
3.655000e+02 2.572500e+02
3.702500e+02 2.548750e+02
3.750000e+02 2.525000e+02
3.797500e+02 2.501250e+02
3.845000e+02 2.477500e+02
3.892500e+02 2.453750e+02
3.940000e+02 2.430000e+02
3.987500e+02 2.406250e+02
4.035000e+02 2.382500e+02
4.082500e+02 2.358750e+02
4.130000e+02 2.335000e+02
4.177500e+02 2.311250e+02
4.225000e+02 2.287500e+02
4.272500e+02 2.263750e+02
4.320000e+02 2.240000e+02
