9.600000e+01 1.360000e+02
9.850000e+01 1.383750e+02
1.010000e+02 1.407500e+02
1.035000e+02 1.431250e+02
1.060000e+02 1.455000e+02
1.085000e+02 1.478750e+02
1.110000e+02 1.502500e+02
1.135000e+02 1.526250e+02
1.160000e+02 1.550000e+02
1.185000e+02 1.573750e+02
1.210000e+02 1.597500e+02
1.235000e+02 1.621250e+02
1.260000e+02 1.645000e+02
1.285000e+02 1.668750e+02
1.310000e+02 1.692500e+02
1.360000e+02 1.740000e+02
1.410000e+02 1.787500e+02
1.460000e+02 1.835000e+02
1.510000e+02 1.882500e+02
1.560000e+02 1.930000e+02
1.610000e+02 1.977500e+02
1.660000e+02 2.025000e+02
1.710000e+02 2.072500e+02
1.760000e+02 2.120000e+02
1.810000e+02 2.167500e+02
1.860000e+02 2.215000e+02
1.910000e+02 2.262500e+02
1.960000e+02 2.310000e+02
2.010000e+02 2.357500e+02
2.060000e+02 2.405000e+02
2.110000e+02 2.452500e+02
2.160000e+02 2.500000e+02
2.210000e+02 2.547500e+02
2.260000e+02 2.595000e+02
2.310000e+02 2.642500e+02
2.360000e+02 2.690000e+02
2.410000e+02 2.737500e+02
2.460000e+02 2.785000e+02
2.510000e+02 2.832500e+02
2.560000e+02 2.880000e+02
2.610000e+02 2.927500e+02
2.660000e+02 2.975000e+02
2.710000e+02 3.022500e+02
2.760000e+02 3.070000e+02
2.810000e+02 3.117500e+02
2.860000e+02 3.165000e+02
2.910000e+02 3.212500e+02
2.960000e+02 3.260000e+02
3.010000e+02 3.307500e+02
3.060000e+02 3.355000e+02
3.110000e+02 3.402500e+02
3.160000e+02 3.450000e+02
3.210000e+02 3.497500e+02
3.260000e+02 3.545000e+02
3.310000e+02 3.592500e+02
3.360000e+02 3.640000e+02
3.410000e+02 3.687500e+02
3.460000e+02 3.735000e+02
3.510000e+02 3.782500e+02
3.560000e+02 3.830000e+02
3.610000e+02 3.877500e+02
3.660000e+02 3.925000e+02
3.710000e+02 3.972500e+02
3.760000e+02 4.020000e+02
3.810000e+02 4.067500e+02
3.860000e+02 4.115000e+02
3.910000e+02 4.162500e+02
3.960000e+02 4.210000e+02
4.010000e+02 4.257500e+02
4.060000e+02 4.305000e+02
4.110000e+02 4.352500e+02
4.160000e+02 4.400000e+02
4.110000e+02 4.400000e+02
4.060000e+02 4.400000e+02
4.010000e+02 4.400000e+02
3.960000e+02 4.400000e+02
3.910000e+02 4.400000e+02
3.860000e+02 4.400000e+02
3.810000e+02 4.400000e+02
3.760000e+02 4.400000e+02
3.710000e+02 4.400000e+02
3.660000e+02 4.400000e+02
3.610000e+02 4.400000e+02
3.560000e+02 4.400000e+02
3.510000e+02 4.400000e+02
3.460000e+02 4.400000e+02
3.410000e+02 4.400000e+02
3.360000e+02 4.400000e+02
3.310000e+02 4.400000e+02
3.260000e+02 4.400000e+02
3.210000e+02 4.400000e+02
3.160000e+02 4.400000e+02
3.110000e+02 4.400000e+02
3.060000e+02 4.400000e+02
3.010000e+02 4.400000e+02
2.960000e+02 4.400000e+02
2.910000e+02 4.400000e+02
2.860000e+02 4.400000e+02
2.810000e+02 4.400000e+02
2.760000e+02 4.400000e+02
2.710000e+02 4.400000e+02
2.660000e+02 4.400000e+02
2.610000e+02 4.400000e+02
2.560000e+02 4.400000e+02
2.510000e+02 4.400000e+02
2.460000e+02 4.400000e+02
2.410000e+02 4.400000e+02
2.360000e+02 4.400000e+02
2.310000e+02 4.400000e+02
2.260000e+02 4.400000e+02
2.210000e+02 4.400000e+02
2.160000e+02 4.400000e+02
2.110000e+02 4.400000e+02
2.060000e+02 4.400000e+02
2.010000e+02 4.400000e+02
1.960000e+02 4.400000e+02
1.910000e+02 4.400000e+02
1.860000e+02 4.400000e+02
1.810000e+02 4.400000e+02
1.760000e+02 4.400000e+02
1.710000e+02 4.400000e+02
1.660000e+02 4.400000e+02
1.610000e+02 4.400000e+02
1.560000e+02 4.400000e+02
1.510000e+02 4.400000e+02
1.460000e+02 4.400000e+02
1.410000e+02 4.400000e+02
1.360000e+02 4.400000e+02
1.310000e+02 4.400000e+02
1.260000e+02 4.400000e+02
1.210000e+02 4.400000e+02
1.160000e+02 4.400000e+02
1.110000e+02 4.400000e+02
1.060000e+02 4.400000e+02
1.010000e+02 4.400000e+02
9.600000e+01 4.400000e+02
1.010000e+02 4.352500e+02
1.060000e+02 4.305000e+02
1.110000e+02 4.257500e+02
1.160000e+02 4.210000e+02
1.210000e+02 4.162500e+02
1.260000e+02 4.115000e+02
1.310000e+02 4.067500e+02
1.360000e+02 4.020000e+02
1.410000e+02 3.972500e+02
1.460000e+02 3.925000e+02
1.510000e+02 3.877500e+02
1.560000e+02 3.830000e+02
1.610000e+02 3.782500e+02
1.660000e+02 3.735000e+02
1.710000e+02 3.687500e+02
1.760000e+02 3.640000e+02
1.810000e+02 3.592500e+02
1.860000e+02 3.545000e+02
1.910000e+02 3.497500e+02
1.960000e+02 3.450000e+02
2.010000e+02 3.402500e+02
2.060000e+02 3.355000e+02
2.110000e+02 3.307500e+02
2.160000e+02 3.260000e+02
2.210000e+02 3.212500e+02
2.260000e+02 3.165000e+02
2.310000e+02 3.117500e+02
2.360000e+02 3.070000e+02
2.410000e+02 3.022500e+02
2.460000e+02 2.975000e+02
2.510000e+02 2.927500e+02
2.560000e+02 2.880000e+02
2.610000e+02 2.832500e+02
2.660000e+02 2.785000e+02
2.710000e+02 2.737500e+02
2.760000e+02 2.690000e+02
2.810000e+02 2.642500e+02
2.860000e+02 2.595000e+02
2.910000e+02 2.547500e+02
2.960000e+02 2.500000e+02
3.010000e+02 2.452500e+02
3.060000e+02 2.405000e+02
3.110000e+02 2.357500e+02
3.160000e+02 2.310000e+02
3.210000e+02 2.262500e+02
3.260000e+02 2.215000e+02
3.310000e+02 2.167500e+02
3.360000e+02 2.120000e+02
3.410000e+02 2.072500e+02
3.460000e+02 2.025000e+02
3.510000e+02 1.977500e+02
3.560000e+02 1.930000e+02
3.610000e+02 1.882500e+02
3.660000e+02 1.835000e+02
3.710000e+02 1.787500e+02
3.760000e+02 1.740000e+02
3.810000e+02 1.692500e+02
3.860000e+02 1.645000e+02
3.910000e+02 1.597500e+02
3.960000e+02 1.550000e+02
4.010000e+02 1.502500e+02
4.060000e+02 1.455000e+02
4.110000e+02 1.407500e+02
4.160000e+02 1.360000e+02
