4.480000e+02 2.880000e+02
4.465000e+02 2.880000e+02
4.450000e+02 2.880000e+02
4.435000e+02 2.880000e+02
4.420000e+02 2.880000e+02
4.405000e+02 2.880000e+02
4.390000e+02 2.880000e+02
4.375000e+02 2.880000e+02
4.360000e+02 2.880000e+02
4.345000e+02 2.880000e+02
4.330000e+02 2.880000e+02
4.315000e+02 2.880000e+02
4.300000e+02 2.880000e+02
4.285000e+02 2.880000e+02
4.270000e+02 2.880000e+02
4.255000e+02 2.880000e+02
4.240000e+02 2.880000e+02
4.225000e+02 2.880000e+02
4.210000e+02 2.880000e+02
4.195000e+02 2.880000e+02
4.180000e+02 2.880000e+02
4.165000e+02 2.880000e+02
4.150000e+02 2.880000e+02
4.135000e+02 2.880000e+02
4.120000e+02 2.880000e+02
4.105000e+02 2.880000e+02
4.090000e+02 2.880000e+02
4.075000e+02 2.880000e+02
4.060000e+02 2.880000e+02
4.045000e+02 2.880000e+02
4.030000e+02 2.880000e+02
4.015000e+02 2.880000e+02
4.000000e+02 2.880000e+02
3.985000e+02 2.880000e+02
3.970000e+02 2.880000e+02
3.955000e+02 2.880000e+02
3.940000e+02 2.880000e+02
3.925000e+02 2.880000e+02
3.910000e+02 2.880000e+02
3.895000e+02 2.880000e+02
3.880000e+02 2.880000e+02
3.865000e+02 2.880000e+02
3.850000e+02 2.880000e+02
3.835000e+02 2.880000e+02
3.820000e+02 2.880000e+02
3.805000e+02 2.880000e+02
3.790000e+02 2.880000e+02
3.775000e+02 2.880000e+02
3.760000e+02 2.880000e+02
3.745000e+02 2.880000e+02
3.730000e+02 2.880000e+02
3.715000e+02 2.880000e+02
3.700000e+02 2.880000e+02
3.685000e+02 2.880000e+02
3.670000e+02 2.880000e+02
3.655000e+02 2.880000e+02
3.640000e+02 2.880000e+02
3.625000e+02 2.880000e+02
3.610000e+02 2.880000e+02
3.595000e+02 2.880000e+02
3.580000e+02 2.880000e+02
3.565000e+02 2.880000e+02
3.550000e+02 2.880000e+02
3.535000e+02 2.880000e+02
3.520000e+02 2.880000e+02
3.505000e+02 2.880000e+02
3.490000e+02 2.880000e+02
3.475000e+02 2.880000e+02
3.460000e+02 2.880000e+02
3.445000e+02 2.880000e+02
3.430000e+02 2.880000e+02
3.415000e+02 2.880000e+02
3.400000e+02 2.880000e+02
3.385000e+02 2.880000e+02
3.370000e+02 2.880000e+02
3.355000e+02 2.880000e+02
3.340000e+02 2.880000e+02
3.325000e+02 2.880000e+02
3.310000e+02 2.880000e+02
3.295000e+02 2.880000e+02
3.280000e+02 2.880000e+02
3.265000e+02 2.880000e+02
3.250000e+02 2.880000e+02
3.235000e+02 2.880000e+02
3.220000e+02 2.880000e+02
3.205000e+02 2.880000e+02
3.190000e+02 2.880000e+02
3.175000e+02 2.880000e+02
3.160000e+02 2.880000e+02
3.145000e+02 2.880000e+02
3.130000e+02 2.880000e+02
3.115000e+02 2.880000e+02
3.100000e+02 2.880000e+02
3.085000e+02 2.880000e+02
3.070000e+02 2.880000e+02
3.055000e+02 2.880000e+02
3.040000e+02 2.880000e+02
3.025000e+02 2.880000e+02
3.010000e+02 2.880000e+02
2.995000e+02 2.880000e+02
2.980000e+02 2.880000e+02
2.965000e+02 2.880000e+02
2.950000e+02 2.880000e+02
2.935000e+02 2.880000e+02
2.920000e+02 2.880000e+02
2.905000e+02 2.880000e+02
2.890000e+02 2.880000e+02
2.875000e+02 2.880000e+02
2.860000e+02 2.880000e+02
2.845000e+02 2.880000e+02
2.830000e+02 2.880000e+02
2.815000e+02 2.880000e+02
2.800000e+02 2.880000e+02
2.785000e+02 2.880000e+02
2.770000e+02 2.880000e+02
2.755000e+02 2.880000e+02
2.740000e+02 2.880000e+02
2.725000e+02 2.880000e+02
2.710000e+02 2.880000e+02
2.695000e+02 2.880000e+02
2.680000e+02 2.880000e+02
2.665000e+02 2.880000e+02
2.650000e+02 2.880000e+02
2.635000e+02 2.880000e+02
2.620000e+02 2.880000e+02
2.605000e+02 2.880000e+02
2.590000e+02 2.880000e+02
2.575000e+02 2.880000e+02
2.560000e+02 2.880000e+02
2.545000e+02 2.880000e+02
2.530000e+02 2.880000e+02
2.515000e+02 2.880000e+02
2.500000e+02 2.880000e+02
2.485000e+02 2.880000e+02
2.470000e+02 2.880000e+02
2.455000e+02 2.880000e+02
2.440000e+02 2.880000e+02
2.425000e+02 2.880000e+02
2.410000e+02 2.880000e+02
2.395000e+02 2.880000e+02
2.380000e+02 2.880000e+02
2.365000e+02 2.880000e+02
2.350000e+02 2.880000e+02
2.320000e+02 2.880000e+02
2.290000e+02 2.880000e+02
2.260000e+02 2.880000e+02
2.230000e+02 2.880000e+02
2.200000e+02 2.880000e+02
2.170000e+02 2.880000e+02
2.140000e+02 2.880000e+02
2.110000e+02 2.880000e+02
2.080000e+02 2.880000e+02
2.050000e+02 2.880000e+02
2.020000e+02 2.880000e+02
1.990000e+02 2.880000e+02
1.960000e+02 2.880000e+02
1.930000e+02 2.880000e+02
1.900000e+02 2.880000e+02
1.870000e+02 2.880000e+02
1.840000e+02 2.880000e+02
1.810000e+02 2.880000e+02
1.780000e+02 2.880000e+02
1.750000e+02 2.880000e+02
1.720000e+02 2.880000e+02
1.690000e+02 2.880000e+02
1.660000e+02 2.880000e+02
1.630000e+02 2.880000e+02
1.600000e+02 2.880000e+02
1.570000e+02 2.880000e+02
1.540000e+02 2.880000e+02
1.510000e+02 2.880000e+02
1.480000e+02 2.880000e+02
1.450000e+02 2.880000e+02
1.420000e+02 2.880000e+02
1.390000e+02 2.880000e+02
1.360000e+02 2.880000e+02
1.330000e+02 2.880000e+02
1.300000e+02 2.880000e+02
1.270000e+02 2.880000e+02
1.240000e+02 2.880000e+02
1.210000e+02 2.880000e+02
1.180000e+02 2.880000e+02
1.150000e+02 2.880000e+02
1.120000e+02 2.880000e+02
1.090000e+02 2.880000e+02
1.060000e+02 2.880000e+02
1.030000e+02 2.880000e+02
1.000000e+02 2.880000e+02
9.700000e+01 2.880000e+02
9.400000e+01 2.880000e+02
9.100000e+01 2.880000e+02
8.800000e+01 2.880000e+02
8.500000e+01 2.880000e+02
8.200000e+01 2.880000e+02
7.900000e+01 2.880000e+02
7.600000e+01 2.880000e+02
7.300000e+01 2.880000e+02
7.000000e+01 2.880000e+02
6.700000e+01 2.880000e+02
6.400000e+01 2.880000e+02
