5.825000e+02 1.056000e+02
5.825000e+02 1.056000e+02
5.825000e+02 1.056000e+02
5.822500e+02 1.056000e+02
5.820000e+02 1.056000e+02
5.817500e+02 1.053000e+02
5.815000e+02 1.050000e+02
5.812500e+02 1.050000e+02
5.810000e+02 1.050000e+02
5.802500e+02 1.044000e+02
5.795000e+02 1.038000e+02
5.787500e+02 1.035000e+02
5.780000e+02 1.032000e+02
5.775000e+02 1.032000e+02
5.770000e+02 1.032000e+02
5.755000e+02 1.029000e+02
5.740000e+02 1.026000e+02
5.710000e+02 1.023000e+02
5.680000e+02 1.020000e+02
5.655000e+02 1.020000e+02
5.630000e+02 1.020000e+02
5.602500e+02 1.020000e+02
5.575000e+02 1.020000e+02
5.547500e+02 1.023000e+02
5.520000e+02 1.026000e+02
5.490000e+02 1.026000e+02
5.460000e+02 1.026000e+02
5.412500e+02 1.026000e+02
5.365000e+02 1.026000e+02
5.337500e+02 1.026000e+02
5.310000e+02 1.026000e+02
5.275000e+02 1.026000e+02
5.240000e+02 1.026000e+02
5.212500e+02 1.026000e+02
5.185000e+02 1.026000e+02
5.150000e+02 1.026000e+02
5.115000e+02 1.026000e+02
5.082500e+02 1.029000e+02
5.050000e+02 1.032000e+02
5.012500e+02 1.032000e+02
4.975000e+02 1.032000e+02
4.940000e+02 1.032000e+02
4.905000e+02 1.032000e+02
4.865000e+02 1.032000e+02
4.825000e+02 1.032000e+02
4.785000e+02 1.032000e+02
4.745000e+02 1.032000e+02
4.712500e+02 1.032000e+02
4.680000e+02 1.032000e+02
4.625000e+02 1.032000e+02
4.570000e+02 1.032000e+02
4.535000e+02 1.032000e+02
4.500000e+02 1.032000e+02
4.467500e+02 1.029000e+02
4.435000e+02 1.026000e+02
4.400000e+02 1.026000e+02
4.365000e+02 1.026000e+02
4.332500e+02 1.026000e+02
4.300000e+02 1.026000e+02
4.260000e+02 1.023000e+02
4.220000e+02 1.020000e+02
4.185000e+02 1.017000e+02
4.150000e+02 1.014000e+02
4.112500e+02 1.014000e+02
4.075000e+02 1.014000e+02
4.037500e+02 1.014000e+02
4.000000e+02 1.014000e+02
3.967500e+02 1.011000e+02
3.935000e+02 1.008000e+02
3.897500e+02 1.008000e+02
3.860000e+02 1.008000e+02
3.827500e+02 1.008000e+02
3.795000e+02 1.008000e+02
3.757500e+02 1.005000e+02
3.720000e+02 1.002000e+02
3.670000e+02 1.002000e+02
3.620000e+02 1.002000e+02
3.590000e+02 9.990000e+01
3.560000e+02 9.960000e+01
3.525000e+02 9.930000e+01
3.490000e+02 9.900000e+01
3.460000e+02 9.870000e+01
3.430000e+02 9.840000e+01
3.395000e+02 9.810000e+01
3.360000e+02 9.780000e+01
3.330000e+02 9.780000e+01
3.300000e+02 9.780000e+01
3.267500e+02 9.780000e+01
3.235000e+02 9.780000e+01
3.205000e+02 9.750000e+01
3.175000e+02 9.720000e+01
3.157500e+02 9.720000e+01
3.140000e+02 9.720000e+01
3.092500e+02 9.690000e+01
3.045000e+02 9.660000e+01
3.010000e+02 9.630000e+01
2.975000e+02 9.600000e+01
2.940000e+02 9.600000e+01
2.905000e+02 9.600000e+01
2.870000e+02 9.600000e+01
2.835000e+02 9.600000e+01
2.800000e+02 9.600000e+01
2.765000e+02 9.600000e+01
2.737500e+02 9.600000e+01
2.710000e+02 9.600000e+01
2.682500e+02 9.570000e+01
2.655000e+02 9.540000e+01
2.627500e+02 9.510000e+01
2.600000e+02 9.480000e+01
2.575000e+02 9.450000e+01
2.550000e+02 9.420000e+01
2.517500e+02 9.420000e+01
2.485000e+02 9.420000e+01
2.437500e+02 9.450000e+01
2.390000e+02 9.480000e+01
2.372500e+02 9.480000e+01
2.355000e+02 9.480000e+01
2.300000e+02 9.540000e+01
2.245000e+02 9.600000e+01
2.230000e+02 9.600000e+01
2.215000e+02 9.600000e+01
2.157500e+02 9.690000e+01
2.100000e+02 9.780000e+01
2.067500e+02 9.840000e+01
2.035000e+02 9.900000e+01
2.002500e+02 9.960000e+01
1.970000e+02 1.002000e+02
1.952500e+02 1.005000e+02
1.935000e+02 1.008000e+02
1.885000e+02 1.014000e+02
1.835000e+02 1.020000e+02
1.800000e+02 1.026000e+02
1.765000e+02 1.032000e+02
1.735000e+02 1.038000e+02
1.705000e+02 1.044000e+02
1.670000e+02 1.047000e+02
1.635000e+02 1.050000e+02
1.602500e+02 1.059000e+02
1.570000e+02 1.068000e+02
1.535000e+02 1.074000e+02
1.500000e+02 1.080000e+02
1.467500e+02 1.086000e+02
1.435000e+02 1.092000e+02
1.400000e+02 1.098000e+02
1.365000e+02 1.104000e+02
1.320000e+02 1.113000e+02
1.275000e+02 1.122000e+02
1.260000e+02 1.125000e+02
1.245000e+02 1.128000e+02
1.205000e+02 1.134000e+02
1.165000e+02 1.140000e+02
1.125000e+02 1.149000e+02
1.085000e+02 1.158000e+02
1.060000e+02 1.161000e+02
1.035000e+02 1.164000e+02
1.010000e+02 1.170000e+02
9.850000e+01 1.176000e+02
9.650000e+01 1.179000e+02
9.450000e+01 1.182000e+02
9.250000e+01 1.185000e+02
9.050000e+01 1.188000e+02
8.825000e+01 1.191000e+02
8.600000e+01 1.194000e+02
8.400000e+01 1.197000e+02
8.200000e+01 1.200000e+02
7.900000e+01 1.206000e+02
7.600000e+01 1.212000e+02
7.500000e+01 1.212000e+02
7.400000e+01 1.212000e+02
7.150000e+01 1.218000e+02
6.900000e+01 1.224000e+02
6.775000e+01 1.224000e+02
6.650000e+01 1.224000e+02
6.550000e+01 1.224000e+02
6.450000e+01 1.224000e+02
6.350000e+01 1.224000e+02
6.250000e+01 1.224000e+02
6.175000e+01 1.224000e+02
6.100000e+01 1.224000e+02
6.025000e+01 1.224000e+02
5.950000e+01 1.224000e+02
5.925000e+01 1.224000e+02
5.900000e+01 1.224000e+02
5.850000e+01 1.224000e+02
5.800000e+01 1.224000e+02
5.750000e+01 1.221000e+02
5.700000e+01 1.218000e+02
5.650000e+01 1.218000e+02
5.600000e+01 1.218000e+02
5.575000e+01 1.218000e+02
5.550000e+01 1.218000e+02
5.525000e+01 1.218000e+02
5.500000e+01 1.218000e+02
5.500000e+01 1.218000e+02
5.500000e+01 1.218000e+02
5.500000e+01 1.218000e+02
5.500000e+01 1.218000e+02
5.500000e+01 1.221000e+02
5.500000e+01 1.224000e+02
5.500000e+01 1.224000e+02
