1.650000e+02 7.320000e+01
1.650000e+02 7.320000e+01
1.650000e+02 7.320000e+01
1.650000e+02 7.320000e+01
1.650000e+02 7.320000e+01
1.650000e+02 7.350000e+01
1.650000e+02 7.380000e+01
1.652500e+02 7.380000e+01
1.655000e+02 7.380000e+01
1.655000e+02 7.380000e+01
1.655000e+02 7.380000e+01
1.665000e+02 7.410000e+01
1.675000e+02 7.440000e+01
1.690000e+02 7.470000e+01
1.705000e+02 7.500000e+01
1.727500e+02 7.500000e+01
1.750000e+02 7.500000e+01
1.780000e+02 7.530000e+01
1.810000e+02 7.560000e+01
1.842500e+02 7.560000e+01
1.875000e+02 7.560000e+01
1.917500e+02 7.560000e+01
1.960000e+02 7.560000e+01
2.002500e+02 7.560000e+01
2.045000e+02 7.560000e+01
2.092500e+02 7.560000e+01
2.140000e+02 7.560000e+01
2.192500e+02 7.560000e+01
2.245000e+02 7.560000e+01
2.312500e+02 7.590000e+01
2.380000e+02 7.620000e+01
2.437500e+02 7.620000e+01
2.495000e+02 7.620000e+01
2.557500e+02 7.620000e+01
2.620000e+02 7.620000e+01
2.685000e+02 7.620000e+01
2.750000e+02 7.620000e+01
2.817500e+02 7.620000e+01
2.885000e+02 7.620000e+01
2.960000e+02 7.620000e+01
3.035000e+02 7.620000e+01
3.110000e+02 7.650000e+01
3.185000e+02 7.680000e+01
3.260000e+02 7.680000e+01
3.335000e+02 7.680000e+01
3.410000e+02 7.680000e+01
3.485000e+02 7.680000e+01
3.557500e+02 7.710000e+01
3.630000e+02 7.740000e+01
3.702500e+02 7.740000e+01
3.775000e+02 7.740000e+01
3.915000e+02 7.800000e+01
4.040000e+02 7.860000e+01
4.155000e+02 7.980000e+01
4.265000e+02 8.040000e+01
4.375000e+02 8.100000e+01
4.470000e+02 8.160000e+01
4.565000e+02 8.280000e+01
4.655000e+02 8.280000e+01
4.780000e+02 8.340000e+01
4.885000e+02 8.400000e+01
4.975000e+02 8.460000e+01
5.030000e+02 8.460000e+01
5.065000e+02 8.460000e+01
5.090000e+02 8.520000e+01
5.105000e+02 8.520000e+01
5.115000e+02 8.580000e+01
5.120000e+02 8.580000e+01
5.125000e+02 8.640000e+01
5.130000e+02 8.700000e+01
5.130000e+02 8.820000e+01
5.135000e+02 8.940000e+01
5.130000e+02 9.240000e+01
5.125000e+02 9.600000e+01
5.115000e+02 9.960000e+01
5.110000e+02 1.044000e+02
5.095000e+02 1.098000e+02
5.085000e+02 1.158000e+02
5.065000e+02 1.236000e+02
5.055000e+02 1.314000e+02
5.035000e+02 1.452000e+02
5.025000e+02 1.500000e+02
5.005000e+02 1.662000e+02
4.995000e+02 1.722000e+02
4.975000e+02 1.818000e+02
4.950000e+02 1.926000e+02
4.930000e+02 2.034000e+02
4.910000e+02 2.148000e+02
4.890000e+02 2.244000e+02
4.875000e+02 2.340000e+02
4.845000e+02 2.478000e+02
4.835000e+02 2.520000e+02
4.795000e+02 2.694000e+02
4.785000e+02 2.778000e+02
4.770000e+02 2.856000e+02
4.765000e+02 2.934000e+02
4.755000e+02 3.012000e+02
4.750000e+02 3.078000e+02
4.745000e+02 3.132000e+02
4.735000e+02 3.192000e+02
4.735000e+02 3.222000e+02
4.735000e+02 3.240000e+02
4.730000e+02 3.270000e+02
4.730000e+02 3.288000e+02
4.725000e+02 3.294000e+02
4.725000e+02 3.306000e+02
4.720000e+02 3.312000e+02
4.715000e+02 3.318000e+02
4.710000e+02 3.318000e+02
4.695000e+02 3.324000e+02
4.680000e+02 3.324000e+02
4.640000e+02 3.324000e+02
4.565000e+02 3.312000e+02
4.535000e+02 3.312000e+02
4.470000e+02 3.300000e+02
4.390000e+02 3.294000e+02
4.285000e+02 3.282000e+02
4.175000e+02 3.276000e+02
4.055000e+02 3.276000e+02
3.915000e+02 3.276000e+02
3.690000e+02 3.282000e+02
3.540000e+02 3.294000e+02
3.395000e+02 3.300000e+02
3.255000e+02 3.312000e+02
3.110000e+02 3.318000e+02
2.955000e+02 3.324000e+02
2.800000e+02 3.336000e+02
2.725000e+02 3.336000e+02
2.570000e+02 3.348000e+02
2.330000e+02 3.372000e+02
2.165000e+02 3.390000e+02
2.005000e+02 3.408000e+02
1.785000e+02 3.438000e+02
1.645000e+02 3.456000e+02
1.525000e+02 3.474000e+02
1.400000e+02 3.486000e+02
1.305000e+02 3.492000e+02
1.215000e+02 3.498000e+02
1.140000e+02 3.498000e+02
1.070000e+02 3.498000e+02
1.000000e+02 3.492000e+02
9.550000e+01 3.486000e+02
9.000000e+01 3.474000e+02
8.850000e+01 3.468000e+02
8.550000e+01 3.462000e+02
8.350000e+01 3.450000e+02
8.200000e+01 3.438000e+02
8.100000e+01 3.432000e+02
8.000000e+01 3.426000e+02
7.950000e+01 3.420000e+02
7.900000e+01 3.414000e+02
7.850000e+01 3.408000e+02
7.800000e+01 3.390000e+02
7.800000e+01 3.378000e+02
7.800000e+01 3.354000e+02
7.850000e+01 3.318000e+02
7.900000e+01 3.270000e+02
8.000000e+01 3.216000e+02
8.150000e+01 3.156000e+02
8.350000e+01 3.084000e+02
8.600000e+01 3.000000e+02
8.800000e+01 2.916000e+02
9.000000e+01 2.832000e+02
9.400000e+01 2.676000e+02
9.700000e+01 2.550000e+02
9.850000e+01 2.496000e+02
1.010000e+02 2.388000e+02
1.050000e+02 2.214000e+02
1.085000e+02 2.094000e+02
1.130000e+02 1.956000e+02
1.170000e+02 1.830000e+02
1.220000e+02 1.704000e+02
1.265000e+02 1.590000e+02
1.310000e+02 1.464000e+02
1.385000e+02 1.290000e+02
1.440000e+02 1.140000e+02
1.480000e+02 1.050000e+02
1.510000e+02 9.720000e+01
1.540000e+02 8.820000e+01
1.570000e+02 8.160000e+01
1.595000e+02 7.500000e+01
1.620000e+02 6.960000e+01
1.640000e+02 6.480000e+01
1.655000e+02 5.940000e+01
1.670000e+02 5.640000e+01
1.680000e+02 5.340000e+01
1.690000e+02 5.040000e+01
1.695000e+02 4.980000e+01
1.695000e+02 4.860000e+01
1.700000e+02 4.800000e+01
1.700000e+02 4.740000e+01
1.700000e+02 4.740000e+01
1.705000e+02 4.740000e+01
1.705000e+02 4.680000e+01
1.705000e+02 4.680000e+01
1.705000e+02 4.680000e+01
1.705000e+02 4.680000e+01
1.710000e+02 4.680000e+01
1.715000e+02 4.800000e+01
1.715000e+02 4.800000e+01
