1.840000e+02 4.236000e+02
1.840000e+02 4.236000e+02
1.840000e+02 4.236000e+02
1.840000e+02 4.236000e+02
1.840000e+02 4.236000e+02
1.840000e+02 4.236000e+02
1.840000e+02 4.236000e+02
1.840000e+02 4.236000e+02
1.840000e+02 4.236000e+02
1.838750e+02 4.236000e+02
1.837500e+02 4.236000e+02
1.836250e+02 4.236000e+02
1.835000e+02 4.236000e+02
1.835000e+02 4.236000e+02
1.835000e+02 4.236000e+02
1.835000e+02 4.236000e+02
1.835000e+02 4.236000e+02
1.833750e+02 4.234500e+02
1.832500e+02 4.233000e+02
1.831250e+02 4.231500e+02
1.830000e+02 4.230000e+02
1.828750e+02 4.230000e+02
1.827500e+02 4.230000e+02
1.826250e+02 4.230000e+02
1.825000e+02 4.230000e+02
1.825000e+02 4.227000e+02
1.825000e+02 4.224000e+02
1.825000e+02 4.221000e+02
1.825000e+02 4.218000e+02
1.823750e+02 4.210500e+02
1.822500e+02 4.203000e+02
1.821250e+02 4.195500e+02
1.820000e+02 4.188000e+02
1.818750e+02 4.174500e+02
1.817500e+02 4.161000e+02
1.816250e+02 4.147500e+02
1.815000e+02 4.134000e+02
1.815000e+02 4.120500e+02
1.815000e+02 4.107000e+02
1.815000e+02 4.093500e+02
1.815000e+02 4.080000e+02
1.815000e+02 4.063500e+02
1.815000e+02 4.047000e+02
1.815000e+02 4.030500e+02
1.815000e+02 4.014000e+02
1.815000e+02 3.996000e+02
1.815000e+02 3.978000e+02
1.815000e+02 3.960000e+02
1.815000e+02 3.942000e+02
1.815000e+02 3.916500e+02
1.815000e+02 3.891000e+02
1.815000e+02 3.865500e+02
1.815000e+02 3.840000e+02
1.815000e+02 3.811500e+02
1.815000e+02 3.783000e+02
1.815000e+02 3.754500e+02
1.815000e+02 3.726000e+02
1.813750e+02 3.697500e+02
1.812500e+02 3.669000e+02
1.811250e+02 3.640500e+02
1.810000e+02 3.612000e+02
1.811250e+02 3.571500e+02
1.812500e+02 3.531000e+02
1.813750e+02 3.490500e+02
1.815000e+02 3.450000e+02
1.816250e+02 3.438000e+02
1.817500e+02 3.426000e+02
1.818750e+02 3.414000e+02
1.820000e+02 3.402000e+02
1.821250e+02 3.375000e+02
1.822500e+02 3.348000e+02
1.823750e+02 3.321000e+02
1.825000e+02 3.294000e+02
1.827500e+02 3.267000e+02
1.830000e+02 3.240000e+02
1.832500e+02 3.213000e+02
1.835000e+02 3.186000e+02
1.837500e+02 3.159000e+02
1.840000e+02 3.132000e+02
1.842500e+02 3.105000e+02
1.845000e+02 3.078000e+02
1.847500e+02 3.049500e+02
1.850000e+02 3.021000e+02
1.852500e+02 2.992500e+02
1.855000e+02 2.964000e+02
1.857500e+02 2.934000e+02
1.860000e+02 2.904000e+02
1.862500e+02 2.874000e+02
1.865000e+02 2.844000e+02
1.867500e+02 2.812500e+02
1.870000e+02 2.781000e+02
1.872500e+02 2.749500e+02
1.875000e+02 2.718000e+02
1.877500e+02 2.674500e+02
1.880000e+02 2.631000e+02
1.882500e+02 2.587500e+02
1.885000e+02 2.544000e+02
1.886250e+02 2.514000e+02
1.887500e+02 2.484000e+02
1.888750e+02 2.454000e+02
1.890000e+02 2.424000e+02
1.891250e+02 2.398500e+02
1.892500e+02 2.373000e+02
1.893750e+02 2.347500e+02
1.895000e+02 2.322000e+02
1.897500e+02 2.295000e+02
1.900000e+02 2.268000e+02
1.902500e+02 2.241000e+02
1.905000e+02 2.214000e+02
1.906250e+02 2.182500e+02
1.907500e+02 2.151000e+02
1.908750e+02 2.119500e+02
1.910000e+02 2.088000e+02
1.911250e+02 2.059500e+02
1.912500e+02 2.031000e+02
1.913750e+02 2.002500e+02
1.915000e+02 1.974000e+02
1.916250e+02 1.948500e+02
1.917500e+02 1.923000e+02
1.918750e+02 1.897500e+02
1.920000e+02 1.872000e+02
1.921250e+02 1.848000e+02
1.922500e+02 1.824000e+02
1.923750e+02 1.800000e+02
1.925000e+02 1.776000e+02
1.926250e+02 1.752000e+02
1.927500e+02 1.728000e+02
1.928750e+02 1.704000e+02
1.930000e+02 1.680000e+02
1.932500e+02 1.654500e+02
1.935000e+02 1.629000e+02
1.937500e+02 1.603500e+02
1.940000e+02 1.578000e+02
1.942500e+02 1.540500e+02
1.945000e+02 1.503000e+02
1.947500e+02 1.465500e+02
1.950000e+02 1.428000e+02
1.951250e+02 1.404000e+02
1.952500e+02 1.380000e+02
1.953750e+02 1.356000e+02
1.955000e+02 1.332000e+02
1.956250e+02 1.312500e+02
1.957500e+02 1.293000e+02
1.958750e+02 1.273500e+02
1.960000e+02 1.254000e+02
1.962500e+02 1.233000e+02
1.965000e+02 1.212000e+02
1.967500e+02 1.191000e+02
1.970000e+02 1.170000e+02
1.971250e+02 1.150500e+02
1.972500e+02 1.131000e+02
1.973750e+02 1.111500e+02
1.975000e+02 1.092000e+02
1.976250e+02 1.074000e+02
1.977500e+02 1.056000e+02
1.978750e+02 1.038000e+02
1.980000e+02 1.020000e+02
1.981250e+02 1.003500e+02
1.982500e+02 9.870000e+01
1.983750e+02 9.705000e+01
1.985000e+02 9.540000e+01
1.986250e+02 9.375000e+01
1.987500e+02 9.210000e+01
1.988750e+02 9.045000e+01
1.990000e+02 8.880000e+01
1.991250e+02 8.730000e+01
1.992500e+02 8.580000e+01
1.993750e+02 8.430000e+01
1.995000e+02 8.280000e+01
1.995000e+02 8.160000e+01
1.995000e+02 8.040000e+01
1.995000e+02 7.920000e+01
1.995000e+02 7.800000e+01
1.996250e+02 7.680000e+01
1.997500e+02 7.560000e+01
1.998750e+02 7.440000e+01
2.000000e+02 7.320000e+01
2.001250e+02 7.245000e+01
2.002500e+02 7.170000e+01
2.003750e+02 7.095000e+01
2.005000e+02 7.020000e+01
2.006250e+02 6.945000e+01
2.007500e+02 6.870000e+01
2.008750e+02 6.795000e+01
2.010000e+02 6.720000e+01
2.011250e+02 6.675000e+01
2.012500e+02 6.630000e+01
2.013750e+02 6.585000e+01
2.015000e+02 6.540000e+01
2.015000e+02 6.480000e+01
2.015000e+02 6.420000e+01
2.015000e+02 6.300000e+01
2.017500e+02 6.210000e+01
2.020000e+02 6.120000e+01
2.022500e+02 5.970000e+01
2.025000e+02 5.820000e+01
2.027500e+02 5.670000e+01
2.030000e+02 5.520000e+01
2.030000e+02 5.520000e+01
2.030000e+02 5.520000e+01
