2.790000e+02 1.356000e+02
2.790000e+02 1.356000e+02
2.790000e+02 1.356000e+02
2.790000e+02 1.356000e+02
2.790000e+02 1.356000e+02
2.790000e+02 1.356000e+02
2.790000e+02 1.356000e+02
2.790000e+02 1.356000e+02
2.790000e+02 1.356000e+02
2.790000e+02 1.356000e+02
2.790000e+02 1.356000e+02
2.792500e+02 1.359000e+02
2.795000e+02 1.362000e+02
2.800000e+02 1.368000e+02
2.805000e+02 1.374000e+02
2.817500e+02 1.389000e+02
2.830000e+02 1.404000e+02
2.842500e+02 1.422000e+02
2.855000e+02 1.440000e+02
2.877500e+02 1.479000e+02
2.900000e+02 1.518000e+02
2.922500e+02 1.548000e+02
2.945000e+02 1.578000e+02
2.975000e+02 1.626000e+02
3.005000e+02 1.674000e+02
3.030000e+02 1.710000e+02
3.055000e+02 1.746000e+02
3.095000e+02 1.809000e+02
3.135000e+02 1.872000e+02
3.162500e+02 1.911000e+02
3.190000e+02 1.950000e+02
3.217500e+02 1.986000e+02
3.245000e+02 2.022000e+02
3.275000e+02 2.061000e+02
3.305000e+02 2.100000e+02
3.332500e+02 2.139000e+02
3.360000e+02 2.178000e+02
3.387500e+02 2.220000e+02
3.415000e+02 2.262000e+02
3.440000e+02 2.298000e+02
3.465000e+02 2.334000e+02
3.500000e+02 2.385000e+02
3.535000e+02 2.436000e+02
3.557500e+02 2.466000e+02
3.580000e+02 2.496000e+02
3.600000e+02 2.526000e+02
3.620000e+02 2.556000e+02
3.637500e+02 2.583000e+02
3.655000e+02 2.610000e+02
3.672500e+02 2.634000e+02
3.690000e+02 2.658000e+02
3.702500e+02 2.679000e+02
3.715000e+02 2.700000e+02
3.727500e+02 2.718000e+02
3.740000e+02 2.736000e+02
3.750000e+02 2.754000e+02
3.760000e+02 2.772000e+02
3.770000e+02 2.784000e+02
3.780000e+02 2.796000e+02
3.790000e+02 2.808000e+02
3.800000e+02 2.820000e+02
3.805000e+02 2.826000e+02
3.810000e+02 2.832000e+02
3.817500e+02 2.841000e+02
3.825000e+02 2.850000e+02
3.827500e+02 2.850000e+02
3.830000e+02 2.850000e+02
3.832500e+02 2.853000e+02
3.835000e+02 2.856000e+02
3.837500e+02 2.859000e+02
3.840000e+02 2.862000e+02
3.842500e+02 2.865000e+02
3.845000e+02 2.868000e+02
3.845000e+02 2.868000e+02
3.845000e+02 2.868000e+02
3.847500e+02 2.868000e+02
3.850000e+02 2.868000e+02
3.852500e+02 2.868000e+02
3.855000e+02 2.868000e+02
3.855000e+02 2.868000e+02
3.855000e+02 2.868000e+02
3.855000e+02 2.865000e+02
3.855000e+02 2.862000e+02
3.857500e+02 2.859000e+02
3.860000e+02 2.856000e+02
3.862500e+02 2.850000e+02
3.865000e+02 2.844000e+02
3.875000e+02 2.832000e+02
3.885000e+02 2.820000e+02
3.892500e+02 2.805000e+02
3.900000e+02 2.790000e+02
3.922500e+02 2.754000e+02
3.945000e+02 2.718000e+02
3.960000e+02 2.694000e+02
3.975000e+02 2.670000e+02
4.002500e+02 2.622000e+02
4.030000e+02 2.574000e+02
4.060000e+02 2.523000e+02
4.090000e+02 2.472000e+02
4.110000e+02 2.433000e+02
4.130000e+02 2.394000e+02
4.155000e+02 2.358000e+02
4.180000e+02 2.322000e+02
4.205000e+02 2.274000e+02
4.230000e+02 2.226000e+02
4.257500e+02 2.184000e+02
4.285000e+02 2.142000e+02
4.312500e+02 2.100000e+02
4.340000e+02 2.058000e+02
4.367500e+02 2.013000e+02
4.395000e+02 1.968000e+02
4.422500e+02 1.923000e+02
4.450000e+02 1.878000e+02
4.480000e+02 1.827000e+02
4.510000e+02 1.776000e+02
4.555000e+02 1.707000e+02
4.600000e+02 1.638000e+02
4.632500e+02 1.593000e+02
4.665000e+02 1.548000e+02
4.695000e+02 1.500000e+02
4.725000e+02 1.452000e+02
4.757500e+02 1.401000e+02
4.790000e+02 1.350000e+02
4.820000e+02 1.305000e+02
4.850000e+02 1.260000e+02
4.882500e+02 1.215000e+02
4.915000e+02 1.170000e+02
4.945000e+02 1.125000e+02
4.975000e+02 1.080000e+02
5.005000e+02 1.041000e+02
5.035000e+02 1.002000e+02
5.062500e+02 9.630000e+01
5.090000e+02 9.240000e+01
5.130000e+02 8.700000e+01
5.170000e+02 8.160000e+01
5.195000e+02 7.830000e+01
5.220000e+02 7.500000e+01
5.247500e+02 7.140000e+01
5.275000e+02 6.780000e+01
5.300000e+02 6.480000e+01
5.325000e+02 6.180000e+01
5.345000e+02 5.880000e+01
5.365000e+02 5.580000e+01
5.387500e+02 5.310000e+01
5.410000e+02 5.040000e+01
5.430000e+02 4.800000e+01
5.450000e+02 4.560000e+01
5.467500e+02 4.350000e+01
5.485000e+02 4.140000e+01
5.500000e+02 3.930000e+01
5.515000e+02 3.720000e+01
5.530000e+02 3.510000e+01
5.545000e+02 3.300000e+01
5.560000e+02 3.120000e+01
5.575000e+02 2.940000e+01
5.587500e+02 2.790000e+01
5.600000e+02 2.640000e+01
5.607500e+02 2.520000e+01
5.615000e+02 2.400000e+01
5.622500e+02 2.310000e+01
5.630000e+02 2.220000e+01
5.637500e+02 2.130000e+01
5.645000e+02 2.040000e+01
5.650000e+02 1.980000e+01
5.655000e+02 1.920000e+01
5.657500e+02 1.860000e+01
5.660000e+02 1.800000e+01
5.665000e+02 1.770000e+01
5.670000e+02 1.740000e+01
5.672500e+02 1.710000e+01
5.675000e+02 1.680000e+01
5.677500e+02 1.650000e+01
5.680000e+02 1.620000e+01
5.680000e+02 1.620000e+01
5.680000e+02 1.620000e+01
5.682500e+02 1.620000e+01
5.685000e+02 1.620000e+01
5.685000e+02 1.620000e+01
5.685000e+02 1.620000e+01
5.685000e+02 1.590000e+01
5.685000e+02 1.560000e+01
5.687500e+02 1.560000e+01
5.690000e+02 1.560000e+01
5.690000e+02 1.560000e+01
5.690000e+02 1.560000e+01
5.690000e+02 1.560000e+01
5.690000e+02 1.560000e+01
5.690000e+02 1.560000e+01
5.690000e+02 1.560000e+01
5.690000e+02 1.560000e+01
5.690000e+02 1.560000e+01
5.695000e+02 1.560000e+01
5.695000e+02 1.560000e+01
5.695000e+02 1.560000e+01
5.695000e+02 1.620000e+01
5.695000e+02 1.620000e+01
5.690000e+02 1.680000e+01
5.690000e+02 1.680000e+01
5.690000e+02 1.740000e+01
5.690000e+02 1.740000e+01
