2.770000e+02 1.626000e+02
2.770000e+02 1.626000e+02
2.770000e+02 1.626000e+02
2.765000e+02 1.632000e+02
2.760000e+02 1.638000e+02
2.750000e+02 1.647000e+02
2.740000e+02 1.656000e+02
2.732500e+02 1.662000e+02
2.725000e+02 1.668000e+02
2.712500e+02 1.680000e+02
2.700000e+02 1.692000e+02
2.692500e+02 1.698000e+02
2.685000e+02 1.704000e+02
2.670000e+02 1.719000e+02
2.655000e+02 1.734000e+02
2.637500e+02 1.752000e+02
2.620000e+02 1.770000e+02
2.612500e+02 1.779000e+02
2.605000e+02 1.788000e+02
2.587500e+02 1.806000e+02
2.570000e+02 1.824000e+02
2.552500e+02 1.842000e+02
2.535000e+02 1.860000e+02
2.527500e+02 1.869000e+02
2.520000e+02 1.878000e+02
2.505000e+02 1.902000e+02
2.490000e+02 1.926000e+02
2.482500e+02 1.935000e+02
2.475000e+02 1.944000e+02
2.462500e+02 1.965000e+02
2.450000e+02 1.986000e+02
2.437500e+02 2.010000e+02
2.425000e+02 2.034000e+02
2.420000e+02 2.046000e+02
2.415000e+02 2.058000e+02
2.407500e+02 2.082000e+02
2.400000e+02 2.106000e+02
2.392500e+02 2.130000e+02
2.385000e+02 2.154000e+02
2.382500e+02 2.166000e+02
2.380000e+02 2.178000e+02
2.377500e+02 2.205000e+02
2.375000e+02 2.232000e+02
2.375000e+02 2.259000e+02
2.375000e+02 2.286000e+02
2.375000e+02 2.301000e+02
2.375000e+02 2.316000e+02
2.377500e+02 2.343000e+02
2.380000e+02 2.370000e+02
2.385000e+02 2.397000e+02
2.390000e+02 2.424000e+02
2.397500e+02 2.457000e+02
2.405000e+02 2.490000e+02
2.410000e+02 2.517000e+02
2.415000e+02 2.544000e+02
2.425000e+02 2.577000e+02
2.435000e+02 2.610000e+02
2.445000e+02 2.637000e+02
2.455000e+02 2.664000e+02
2.467500e+02 2.691000e+02
2.480000e+02 2.718000e+02
2.487500e+02 2.733000e+02
2.495000e+02 2.748000e+02
2.507500e+02 2.778000e+02
2.520000e+02 2.808000e+02
2.535000e+02 2.835000e+02
2.550000e+02 2.862000e+02
2.557500e+02 2.877000e+02
2.565000e+02 2.892000e+02
2.582500e+02 2.916000e+02
2.600000e+02 2.940000e+02
2.617500e+02 2.967000e+02
2.635000e+02 2.994000e+02
2.645000e+02 3.003000e+02
2.655000e+02 3.012000e+02
2.677500e+02 3.033000e+02
2.700000e+02 3.054000e+02
2.722500e+02 3.075000e+02
2.745000e+02 3.096000e+02
2.770000e+02 3.117000e+02
2.795000e+02 3.138000e+02
2.875000e+02 3.186000e+02
2.905000e+02 3.198000e+02
2.965000e+02 3.222000e+02
3.025000e+02 3.240000e+02
3.090000e+02 3.252000e+02
3.125000e+02 3.258000e+02
3.190000e+02 3.264000e+02
3.225000e+02 3.270000e+02
3.325000e+02 3.270000e+02
3.385000e+02 3.264000e+02
3.445000e+02 3.264000e+02
3.505000e+02 3.258000e+02
3.530000e+02 3.252000e+02
3.585000e+02 3.240000e+02
3.610000e+02 3.234000e+02
3.660000e+02 3.216000e+02
3.715000e+02 3.192000e+02
3.760000e+02 3.162000e+02
3.785000e+02 3.150000e+02
3.830000e+02 3.126000e+02
3.855000e+02 3.114000e+02
3.895000e+02 3.090000e+02
3.935000e+02 3.060000e+02
3.975000e+02 3.024000e+02
3.990000e+02 3.006000e+02
4.020000e+02 2.976000e+02
4.045000e+02 2.946000e+02
4.060000e+02 2.928000e+02
4.075000e+02 2.892000e+02
4.085000e+02 2.856000e+02
4.090000e+02 2.838000e+02
4.100000e+02 2.802000e+02
4.105000e+02 2.772000e+02
4.115000e+02 2.724000e+02
4.115000e+02 2.676000e+02
4.120000e+02 2.652000e+02
4.120000e+02 2.598000e+02
4.120000e+02 2.544000e+02
4.115000e+02 2.520000e+02
4.110000e+02 2.460000e+02
4.105000e+02 2.406000e+02
4.100000e+02 2.376000e+02
4.090000e+02 2.316000e+02
4.085000e+02 2.292000e+02
4.070000e+02 2.238000e+02
4.055000e+02 2.184000e+02
4.050000e+02 2.154000e+02
4.030000e+02 2.106000e+02
4.010000e+02 2.064000e+02
4.000000e+02 2.040000e+02
3.975000e+02 1.998000e+02
3.950000e+02 1.956000e+02
3.925000e+02 1.920000e+02
3.910000e+02 1.902000e+02
3.880000e+02 1.872000e+02
3.860000e+02 1.854000e+02
3.830000e+02 1.824000e+02
3.790000e+02 1.794000e+02
3.775000e+02 1.782000e+02
3.740000e+02 1.758000e+02
3.700000e+02 1.740000e+02
3.660000e+02 1.722000e+02
3.640000e+02 1.716000e+02
3.605000e+02 1.698000e+02
3.565000e+02 1.680000e+02
3.530000e+02 1.668000e+02
3.490000e+02 1.650000e+02
3.460000e+02 1.632000e+02
3.425000e+02 1.620000e+02
3.410000e+02 1.614000e+02
3.375000e+02 1.602000e+02
3.345000e+02 1.590000e+02
3.330000e+02 1.590000e+02
3.295000e+02 1.578000e+02
3.260000e+02 1.572000e+02
3.225000e+02 1.566000e+02
3.210000e+02 1.566000e+02
3.170000e+02 1.560000e+02
3.130000e+02 1.560000e+02
3.065000e+02 1.560000e+02
3.025000e+02 1.560000e+02
3.005000e+02 1.566000e+02
2.970000e+02 1.572000e+02
2.930000e+02 1.578000e+02
2.910000e+02 1.584000e+02
2.880000e+02 1.590000e+02
2.850000e+02 1.602000e+02
2.840000e+02 1.608000e+02
2.820000e+02 1.614000e+02
2.815000e+02 1.620000e+02
2.805000e+02 1.626000e+02
2.795000e+02 1.632000e+02
2.790000e+02 1.632000e+02
2.785000e+02 1.644000e+02
2.785000e+02 1.644000e+02
2.775000e+02 1.650000e+02
2.770000e+02 1.662000e+02
2.765000e+02 1.668000e+02
2.760000e+02 1.668000e+02
2.750000e+02 1.674000e+02
2.745000e+02 1.680000e+02
2.730000e+02 1.680000e+02
2.715000e+02 1.692000e+02
2.705000e+02 1.698000e+02
2.700000e+02 1.698000e+02
2.685000e+02 1.704000e+02
2.680000e+02 1.710000e+02
2.675000e+02 1.710000e+02
2.665000e+02 1.710000e+02
2.660000e+02 1.716000e+02
2.660000e+02 1.716000e+02
2.655000e+02 1.722000e+02
2.655000e+02 1.722000e+02
2.650000e+02 1.728000e+02
2.645000e+02 1.734000e+02
2.645000e+02 1.740000e+02
2.640000e+02 1.758000e+02
2.630000e+02 1.782000e+02
2.630000e+02 1.782000e+02
