2.190000e+02 1.254000e+02
2.190000e+02 1.254000e+02
2.190000e+02 1.254000e+02
2.190000e+02 1.254000e+02
2.190000e+02 1.254000e+02
2.192500e+02 1.257000e+02
2.195000e+02 1.260000e+02
2.197500e+02 1.263000e+02
2.200000e+02 1.266000e+02
2.212500e+02 1.281000e+02
2.225000e+02 1.296000e+02
2.242500e+02 1.317000e+02
2.260000e+02 1.338000e+02
2.272500e+02 1.350000e+02
2.285000e+02 1.362000e+02
2.310000e+02 1.398000e+02
2.335000e+02 1.434000e+02
2.365000e+02 1.479000e+02
2.395000e+02 1.524000e+02
2.412500e+02 1.551000e+02
2.430000e+02 1.578000e+02
2.467500e+02 1.638000e+02
2.505000e+02 1.698000e+02
2.545000e+02 1.770000e+02
2.585000e+02 1.842000e+02
2.607500e+02 1.884000e+02
2.630000e+02 1.926000e+02
2.677500e+02 2.019000e+02
2.725000e+02 2.112000e+02
2.770000e+02 2.208000e+02
2.815000e+02 2.304000e+02
2.857500e+02 2.391000e+02
2.900000e+02 2.478000e+02
2.940000e+02 2.565000e+02
2.980000e+02 2.652000e+02
3.015000e+02 2.736000e+02
3.050000e+02 2.820000e+02
3.082500e+02 2.901000e+02
3.115000e+02 2.982000e+02
3.135000e+02 3.030000e+02
3.155000e+02 3.078000e+02
3.192500e+02 3.162000e+02
3.230000e+02 3.246000e+02
3.265000e+02 3.327000e+02
3.300000e+02 3.408000e+02
3.337500e+02 3.489000e+02
3.375000e+02 3.570000e+02
3.395000e+02 3.609000e+02
3.415000e+02 3.648000e+02
3.452500e+02 3.729000e+02
3.490000e+02 3.810000e+02
3.512500e+02 3.852000e+02
3.535000e+02 3.894000e+02
3.570000e+02 3.969000e+02
3.605000e+02 4.044000e+02
3.620000e+02 4.077000e+02
3.635000e+02 4.110000e+02
3.665000e+02 4.167000e+02
3.695000e+02 4.224000e+02
3.717500e+02 4.269000e+02
3.740000e+02 4.314000e+02
3.750000e+02 4.332000e+02
3.760000e+02 4.350000e+02
3.767500e+02 4.368000e+02
3.775000e+02 4.386000e+02
3.787500e+02 4.419000e+02
3.800000e+02 4.452000e+02
3.802500e+02 4.464000e+02
3.805000e+02 4.476000e+02
3.812500e+02 4.494000e+02
3.820000e+02 4.512000e+02
3.822500e+02 4.521000e+02
3.825000e+02 4.530000e+02
3.825000e+02 4.533000e+02
3.825000e+02 4.536000e+02
3.827500e+02 4.539000e+02
3.830000e+02 4.542000e+02
3.830000e+02 4.548000e+02
3.830000e+02 4.554000e+02
3.830000e+02 4.557000e+02
3.830000e+02 4.560000e+02
3.827500e+02 4.560000e+02
3.825000e+02 4.560000e+02
3.822500e+02 4.560000e+02
3.820000e+02 4.560000e+02
3.815000e+02 4.557000e+02
3.810000e+02 4.554000e+02
3.805000e+02 4.551000e+02
3.800000e+02 4.548000e+02
3.790000e+02 4.545000e+02
3.780000e+02 4.542000e+02
3.770000e+02 4.533000e+02
3.760000e+02 4.524000e+02
3.745000e+02 4.518000e+02
3.730000e+02 4.512000e+02
3.720000e+02 4.509000e+02
3.710000e+02 4.506000e+02
3.690000e+02 4.500000e+02
3.670000e+02 4.494000e+02
3.650000e+02 4.488000e+02
3.630000e+02 4.482000e+02
3.615000e+02 4.482000e+02
3.600000e+02 4.482000e+02
3.570000e+02 4.482000e+02
3.540000e+02 4.482000e+02
3.505000e+02 4.482000e+02
3.470000e+02 4.482000e+02
3.425000e+02 4.482000e+02
3.385000e+02 4.482000e+02
3.290000e+02 4.488000e+02
3.235000e+02 4.494000e+02
3.065000e+02 4.512000e+02
2.940000e+02 4.530000e+02
2.810000e+02 4.548000e+02
2.745000e+02 4.560000e+02
2.610000e+02 4.566000e+02
2.465000e+02 4.578000e+02
2.335000e+02 4.584000e+02
2.220000e+02 4.584000e+02
2.120000e+02 4.590000e+02
2.035000e+02 4.596000e+02
2.000000e+02 4.602000e+02
1.935000e+02 4.608000e+02
1.885000e+02 4.620000e+02
1.860000e+02 4.620000e+02
1.825000e+02 4.626000e+02
1.800000e+02 4.626000e+02
1.790000e+02 4.626000e+02
1.780000e+02 4.620000e+02
1.775000e+02 4.608000e+02
1.775000e+02 4.602000e+02
1.785000e+02 4.566000e+02
1.790000e+02 4.548000e+02
1.805000e+02 4.500000e+02
1.830000e+02 4.434000e+02
1.860000e+02 4.368000e+02
1.880000e+02 4.326000e+02
1.915000e+02 4.242000e+02
1.955000e+02 4.146000e+02
1.980000e+02 4.086000e+02
2.030000e+02 3.978000e+02
2.085000e+02 3.858000e+02
2.115000e+02 3.792000e+02
2.175000e+02 3.672000e+02
2.205000e+02 3.612000e+02
2.275000e+02 3.498000e+02
2.315000e+02 3.438000e+02
2.395000e+02 3.324000e+02
2.480000e+02 3.204000e+02
2.570000e+02 3.084000e+02
2.615000e+02 3.018000e+02
2.665000e+02 2.958000e+02
2.770000e+02 2.832000e+02
2.825000e+02 2.772000e+02
2.880000e+02 2.706000e+02
2.990000e+02 2.580000e+02
3.105000e+02 2.454000e+02
3.160000e+02 2.382000e+02
3.280000e+02 2.238000e+02
3.400000e+02 2.106000e+02
3.455000e+02 2.046000e+02
3.565000e+02 1.920000e+02
3.675000e+02 1.794000e+02
3.730000e+02 1.734000e+02
3.840000e+02 1.626000e+02
3.940000e+02 1.524000e+02
3.985000e+02 1.476000e+02
4.085000e+02 1.380000e+02
4.180000e+02 1.284000e+02
4.220000e+02 1.242000e+02
4.305000e+02 1.170000e+02
4.375000e+02 1.098000e+02
4.440000e+02 1.038000e+02
4.475000e+02 1.008000e+02
4.530000e+02 9.540000e+01
4.585000e+02 9.000000e+01
4.615000e+02 8.760000e+01
4.670000e+02 8.340000e+01
4.720000e+02 8.040000e+01
4.740000e+02 7.860000e+01
4.775000e+02 7.620000e+01
4.800000e+02 7.440000e+01
4.810000e+02 7.320000e+01
4.820000e+02 7.260000e+01
4.830000e+02 7.200000e+01
4.835000e+02 7.140000e+01
4.840000e+02 7.080000e+01
4.845000e+02 7.080000e+01
4.845000e+02 7.020000e+01
4.850000e+02 7.020000e+01
4.850000e+02 7.020000e+01
4.850000e+02 7.020000e+01
4.850000e+02 6.960000e+01
4.850000e+02 6.960000e+01
4.850000e+02 6.960000e+01
4.840000e+02 6.960000e+01
4.825000e+02 6.900000e+01
4.815000e+02 6.900000e+01
4.805000e+02 6.900000e+01
4.805000e+02 6.900000e+01
