4.130000e+02 2.484000e+02
4.130000e+02 2.484000e+02
4.130000e+02 2.484000e+02
4.130000e+02 2.484000e+02
4.130000e+02 2.484000e+02
4.128750e+02 2.482500e+02
4.127500e+02 2.481000e+02
4.126250e+02 2.479500e+02
4.125000e+02 2.478000e+02
4.121250e+02 2.478000e+02
4.117500e+02 2.478000e+02
4.113750e+02 2.478000e+02
4.110000e+02 2.478000e+02
4.105000e+02 2.476500e+02
4.100000e+02 2.475000e+02
4.095000e+02 2.473500e+02
4.090000e+02 2.472000e+02
4.086250e+02 2.472000e+02
4.082500e+02 2.472000e+02
4.078750e+02 2.472000e+02
4.075000e+02 2.472000e+02
4.070000e+02 2.472000e+02
4.065000e+02 2.472000e+02
4.060000e+02 2.472000e+02
4.055000e+02 2.472000e+02
4.048750e+02 2.472000e+02
4.042500e+02 2.472000e+02
4.036250e+02 2.472000e+02
4.030000e+02 2.472000e+02
4.022500e+02 2.470500e+02
4.015000e+02 2.469000e+02
4.007500e+02 2.467500e+02
4.000000e+02 2.466000e+02
3.991250e+02 2.466000e+02
3.982500e+02 2.466000e+02
3.973750e+02 2.466000e+02
3.965000e+02 2.466000e+02
3.956250e+02 2.466000e+02
3.947500e+02 2.466000e+02
3.938750e+02 2.466000e+02
3.930000e+02 2.466000e+02
3.913750e+02 2.466000e+02
3.897500e+02 2.466000e+02
3.881250e+02 2.466000e+02
3.865000e+02 2.466000e+02
3.847500e+02 2.466000e+02
3.830000e+02 2.466000e+02
3.812500e+02 2.466000e+02
3.795000e+02 2.466000e+02
3.781250e+02 2.466000e+02
3.767500e+02 2.466000e+02
3.753750e+02 2.466000e+02
3.740000e+02 2.466000e+02
3.726250e+02 2.467500e+02
3.712500e+02 2.469000e+02
3.698750e+02 2.470500e+02
3.685000e+02 2.472000e+02
3.670000e+02 2.472000e+02
3.655000e+02 2.472000e+02
3.640000e+02 2.472000e+02
3.625000e+02 2.472000e+02
3.610000e+02 2.473500e+02
3.595000e+02 2.475000e+02
3.580000e+02 2.476500e+02
3.565000e+02 2.478000e+02
3.547500e+02 2.478000e+02
3.530000e+02 2.478000e+02
3.512500e+02 2.478000e+02
3.495000e+02 2.478000e+02
3.478750e+02 2.479500e+02
3.462500e+02 2.481000e+02
3.446250e+02 2.482500e+02
3.430000e+02 2.484000e+02
3.410000e+02 2.485500e+02
3.390000e+02 2.487000e+02
3.370000e+02 2.488500e+02
3.350000e+02 2.490000e+02
3.322500e+02 2.491500e+02
3.295000e+02 2.493000e+02
3.267500e+02 2.494500e+02
3.240000e+02 2.496000e+02
3.231250e+02 2.497500e+02
3.222500e+02 2.499000e+02
3.213750e+02 2.500500e+02
3.205000e+02 2.502000e+02
3.166250e+02 2.503500e+02
3.127500e+02 2.505000e+02
3.088750e+02 2.506500e+02
3.050000e+02 2.508000e+02
3.027500e+02 2.509500e+02
3.005000e+02 2.511000e+02
2.982500e+02 2.512500e+02
2.960000e+02 2.514000e+02
2.941250e+02 2.517000e+02
2.922500e+02 2.520000e+02
2.903750e+02 2.523000e+02
2.885000e+02 2.526000e+02
2.866250e+02 2.526000e+02
2.847500e+02 2.526000e+02
2.828750e+02 2.526000e+02
2.810000e+02 2.526000e+02
2.781250e+02 2.529000e+02
2.752500e+02 2.532000e+02
2.723750e+02 2.535000e+02
2.695000e+02 2.538000e+02
2.666250e+02 2.539500e+02
2.637500e+02 2.541000e+02
2.608750e+02 2.542500e+02
2.580000e+02 2.544000e+02
2.562500e+02 2.544000e+02
2.545000e+02 2.544000e+02
2.527500e+02 2.544000e+02
2.510000e+02 2.544000e+02
2.492500e+02 2.545500e+02
2.475000e+02 2.547000e+02
2.457500e+02 2.548500e+02
2.440000e+02 2.550000e+02
2.423750e+02 2.551500e+02
2.407500e+02 2.553000e+02
2.391250e+02 2.554500e+02
2.375000e+02 2.556000e+02
2.360000e+02 2.557500e+02
2.345000e+02 2.559000e+02
2.330000e+02 2.560500e+02
2.315000e+02 2.562000e+02
2.296250e+02 2.563500e+02
2.277500e+02 2.565000e+02
2.258750e+02 2.566500e+02
2.240000e+02 2.568000e+02
2.226250e+02 2.569500e+02
2.212500e+02 2.571000e+02
2.198750e+02 2.572500e+02
2.185000e+02 2.574000e+02
2.168750e+02 2.575500e+02
2.152500e+02 2.577000e+02
2.136250e+02 2.578500e+02
2.120000e+02 2.580000e+02
2.107500e+02 2.580000e+02
2.095000e+02 2.580000e+02
2.082500e+02 2.580000e+02
2.070000e+02 2.580000e+02
2.056250e+02 2.581500e+02
2.042500e+02 2.583000e+02
2.028750e+02 2.584500e+02
2.015000e+02 2.586000e+02
1.997500e+02 2.589000e+02
1.980000e+02 2.592000e+02
1.962500e+02 2.595000e+02
1.945000e+02 2.598000e+02
1.930000e+02 2.599500e+02
1.915000e+02 2.601000e+02
1.900000e+02 2.602500e+02
1.885000e+02 2.604000e+02
1.876250e+02 2.604000e+02
1.867500e+02 2.604000e+02
1.858750e+02 2.604000e+02
1.850000e+02 2.604000e+02
1.842500e+02 2.605500e+02
1.835000e+02 2.607000e+02
1.820000e+02 2.610000e+02
1.807500e+02 2.610000e+02
1.795000e+02 2.610000e+02
1.782500e+02 2.613000e+02
1.770000e+02 2.616000e+02
1.760000e+02 2.616000e+02
1.750000e+02 2.616000e+02
1.742500e+02 2.619000e+02
1.735000e+02 2.622000e+02
1.725000e+02 2.622000e+02
1.715000e+02 2.622000e+02
1.710000e+02 2.622000e+02
1.705000e+02 2.622000e+02
1.697500e+02 2.622000e+02
1.690000e+02 2.622000e+02
1.685000e+02 2.622000e+02
1.680000e+02 2.622000e+02
1.672500e+02 2.622000e+02
1.665000e+02 2.622000e+02
1.660000e+02 2.622000e+02
1.655000e+02 2.622000e+02
1.650000e+02 2.622000e+02
1.645000e+02 2.622000e+02
1.642500e+02 2.622000e+02
1.640000e+02 2.622000e+02
1.637500e+02 2.625000e+02
1.635000e+02 2.628000e+02
1.632500e+02 2.628000e+02
1.630000e+02 2.628000e+02
1.627500e+02 2.628000e+02
1.625000e+02 2.628000e+02
1.625000e+02 2.628000e+02
1.625000e+02 2.628000e+02
1.625000e+02 2.628000e+02
1.625000e+02 2.628000e+02
1.625000e+02 2.628000e+02
1.625000e+02 2.628000e+02
1.625000e+02 2.628000e+02
1.625000e+02 2.628000e+02
1.625000e+02 2.628000e+02
1.625000e+02 2.628000e+02
