3.945000e+02 3.570000e+02
3.945000e+02 3.570000e+02
3.945000e+02 3.570000e+02
3.945000e+02 3.570000e+02
3.945000e+02 3.570000e+02
3.945000e+02 3.568500e+02
3.945000e+02 3.567000e+02
3.945000e+02 3.565500e+02
3.945000e+02 3.564000e+02
3.943750e+02 3.562500e+02
3.942500e+02 3.561000e+02
3.941250e+02 3.559500e+02
3.940000e+02 3.558000e+02
3.940000e+02 3.555000e+02
3.940000e+02 3.552000e+02
3.940000e+02 3.549000e+02
3.940000e+02 3.546000e+02
3.940000e+02 3.543000e+02
3.940000e+02 3.540000e+02
3.940000e+02 3.537000e+02
3.940000e+02 3.534000e+02
3.940000e+02 3.531000e+02
3.940000e+02 3.528000e+02
3.940000e+02 3.525000e+02
3.940000e+02 3.522000e+02
3.940000e+02 3.516000e+02
3.940000e+02 3.510000e+02
3.940000e+02 3.504000e+02
3.940000e+02 3.498000e+02
3.940000e+02 3.492000e+02
3.940000e+02 3.486000e+02
3.940000e+02 3.480000e+02
3.940000e+02 3.474000e+02
3.940000e+02 3.466500e+02
3.940000e+02 3.459000e+02
3.940000e+02 3.451500e+02
3.940000e+02 3.444000e+02
3.941250e+02 3.436500e+02
3.942500e+02 3.429000e+02
3.943750e+02 3.421500e+02
3.945000e+02 3.414000e+02
3.945000e+02 3.405000e+02
3.945000e+02 3.396000e+02
3.945000e+02 3.387000e+02
3.945000e+02 3.378000e+02
3.945000e+02 3.369000e+02
3.945000e+02 3.360000e+02
3.945000e+02 3.351000e+02
3.945000e+02 3.342000e+02
3.946250e+02 3.331500e+02
3.947500e+02 3.321000e+02
3.948750e+02 3.310500e+02
3.950000e+02 3.300000e+02
3.950000e+02 3.289500e+02
3.950000e+02 3.279000e+02
3.950000e+02 3.268500e+02
3.950000e+02 3.258000e+02
3.950000e+02 3.240000e+02
3.950000e+02 3.222000e+02
3.950000e+02 3.204000e+02
3.950000e+02 3.186000e+02
3.950000e+02 3.181500e+02
3.950000e+02 3.177000e+02
3.950000e+02 3.172500e+02
3.950000e+02 3.168000e+02
3.951250e+02 3.156000e+02
3.952500e+02 3.144000e+02
3.953750e+02 3.132000e+02
3.955000e+02 3.120000e+02
3.955000e+02 3.108000e+02
3.955000e+02 3.096000e+02
3.955000e+02 3.084000e+02
3.955000e+02 3.072000e+02
3.955000e+02 3.060000e+02
3.955000e+02 3.048000e+02
3.955000e+02 3.036000e+02
3.955000e+02 3.024000e+02
3.955000e+02 3.012000e+02
3.955000e+02 3.000000e+02
3.955000e+02 2.988000e+02
3.955000e+02 2.976000e+02
3.955000e+02 2.962500e+02
3.955000e+02 2.949000e+02
3.955000e+02 2.935500e+02
3.955000e+02 2.922000e+02
3.956250e+02 2.908500e+02
3.957500e+02 2.895000e+02
3.958750e+02 2.881500e+02
3.960000e+02 2.868000e+02
3.960000e+02 2.853000e+02
3.960000e+02 2.838000e+02
3.960000e+02 2.823000e+02
3.960000e+02 2.808000e+02
3.960000e+02 2.793000e+02
3.960000e+02 2.778000e+02
3.960000e+02 2.763000e+02
3.960000e+02 2.748000e+02
3.961250e+02 2.728500e+02
3.962500e+02 2.709000e+02
3.963750e+02 2.689500e+02
3.965000e+02 2.670000e+02
3.965000e+02 2.664000e+02
3.965000e+02 2.658000e+02
3.965000e+02 2.652000e+02
3.965000e+02 2.646000e+02
3.965000e+02 2.634000e+02
3.965000e+02 2.622000e+02
3.965000e+02 2.610000e+02
3.965000e+02 2.598000e+02
3.965000e+02 2.584500e+02
3.965000e+02 2.571000e+02
3.965000e+02 2.557500e+02
3.965000e+02 2.544000e+02
3.963750e+02 2.530500e+02
3.962500e+02 2.517000e+02
3.961250e+02 2.503500e+02
3.960000e+02 2.490000e+02
3.958750e+02 2.478000e+02
3.957500e+02 2.466000e+02
3.956250e+02 2.454000e+02
3.955000e+02 2.442000e+02
3.953750e+02 2.428500e+02
3.952500e+02 2.415000e+02
3.951250e+02 2.401500e+02
3.950000e+02 2.388000e+02
3.948750e+02 2.376000e+02
3.947500e+02 2.364000e+02
3.946250e+02 2.352000e+02
3.945000e+02 2.340000e+02
3.943750e+02 2.326500e+02
3.942500e+02 2.313000e+02
3.940000e+02 2.286000e+02
3.937500e+02 2.250000e+02
3.935000e+02 2.214000e+02
3.930000e+02 2.178000e+02
3.925000e+02 2.142000e+02
3.925000e+02 2.118000e+02
3.925000e+02 2.094000e+02
3.922500e+02 2.073000e+02
3.920000e+02 2.052000e+02
3.917500e+02 2.025000e+02
3.915000e+02 1.998000e+02
3.915000e+02 1.974000e+02
3.915000e+02 1.950000e+02
3.912500e+02 1.929000e+02
3.910000e+02 1.908000e+02
3.910000e+02 1.887000e+02
3.910000e+02 1.866000e+02
3.907500e+02 1.842000e+02
3.905000e+02 1.818000e+02
3.905000e+02 1.797000e+02
3.905000e+02 1.776000e+02
3.905000e+02 1.755000e+02
3.905000e+02 1.734000e+02
3.905000e+02 1.713000e+02
3.905000e+02 1.692000e+02
3.905000e+02 1.674000e+02
3.905000e+02 1.656000e+02
3.905000e+02 1.629000e+02
3.905000e+02 1.602000e+02
3.905000e+02 1.590000e+02
3.905000e+02 1.578000e+02
3.905000e+02 1.563000e+02
3.905000e+02 1.548000e+02
3.907500e+02 1.530000e+02
3.910000e+02 1.512000e+02
3.910000e+02 1.497000e+02
3.910000e+02 1.482000e+02
3.910000e+02 1.467000e+02
3.910000e+02 1.452000e+02
3.910000e+02 1.440000e+02
3.910000e+02 1.428000e+02
3.910000e+02 1.416000e+02
3.910000e+02 1.404000e+02
3.912500e+02 1.392000e+02
3.915000e+02 1.380000e+02
3.915000e+02 1.371000e+02
3.915000e+02 1.362000e+02
3.915000e+02 1.347000e+02
3.915000e+02 1.332000e+02
3.915000e+02 1.323000e+02
3.915000e+02 1.314000e+02
3.915000e+02 1.308000e+02
3.915000e+02 1.302000e+02
3.915000e+02 1.296000e+02
3.915000e+02 1.290000e+02
3.915000e+02 1.284000e+02
3.915000e+02 1.278000e+02
3.915000e+02 1.275000e+02
3.915000e+02 1.272000e+02
3.915000e+02 1.269000e+02
3.915000e+02 1.266000e+02
3.915000e+02 1.263000e+02
3.915000e+02 1.260000e+02
3.917500e+02 1.257000e+02
3.920000e+02 1.254000e+02
3.920000e+02 1.254000e+02
3.920000e+02 1.254000e+02
3.920000e+02 1.254000e+02
3.920000e+02 1.254000e+02
