4.770000e+02 2.430000e+02
4.770000e+02 2.430000e+02
4.770000e+02 2.430000e+02
4.770000e+02 2.430000e+02
4.770000e+02 2.430000e+02
4.771250e+02 2.430000e+02
4.772500e+02 2.430000e+02
4.773750e+02 2.430000e+02
4.775000e+02 2.430000e+02
4.775000e+02 2.430000e+02
4.775000e+02 2.430000e+02
4.775000e+02 2.430000e+02
4.775000e+02 2.430000e+02
4.773750e+02 2.430000e+02
4.772500e+02 2.430000e+02
4.771250e+02 2.430000e+02
4.770000e+02 2.430000e+02
4.768750e+02 2.431500e+02
4.767500e+02 2.433000e+02
4.766250e+02 2.434500e+02
4.765000e+02 2.436000e+02
4.762500e+02 2.437500e+02
4.760000e+02 2.439000e+02
4.757500e+02 2.440500e+02
4.755000e+02 2.442000e+02
4.748750e+02 2.443500e+02
4.742500e+02 2.445000e+02
4.736250e+02 2.446500e+02
4.730000e+02 2.448000e+02
4.715000e+02 2.451000e+02
4.700000e+02 2.454000e+02
4.685000e+02 2.457000e+02
4.670000e+02 2.460000e+02
4.657500e+02 2.461500e+02
4.645000e+02 2.463000e+02
4.632500e+02 2.464500e+02
4.620000e+02 2.466000e+02
4.606250e+02 2.467500e+02
4.592500e+02 2.469000e+02
4.578750e+02 2.470500e+02
4.565000e+02 2.472000e+02
4.550000e+02 2.472000e+02
4.535000e+02 2.472000e+02
4.520000e+02 2.472000e+02
4.505000e+02 2.472000e+02
4.490000e+02 2.472000e+02
4.475000e+02 2.472000e+02
4.460000e+02 2.472000e+02
4.445000e+02 2.472000e+02
4.428750e+02 2.473500e+02
4.412500e+02 2.475000e+02
4.396250e+02 2.476500e+02
4.380000e+02 2.478000e+02
4.363750e+02 2.478000e+02
4.347500e+02 2.478000e+02
4.331250e+02 2.478000e+02
4.315000e+02 2.478000e+02
4.296250e+02 2.479500e+02
4.277500e+02 2.481000e+02
4.258750e+02 2.482500e+02
4.240000e+02 2.484000e+02
4.218750e+02 2.484000e+02
4.197500e+02 2.484000e+02
4.176250e+02 2.484000e+02
4.155000e+02 2.484000e+02
4.136250e+02 2.482500e+02
4.117500e+02 2.481000e+02
4.098750e+02 2.479500e+02
4.080000e+02 2.478000e+02
4.050000e+02 2.478000e+02
4.020000e+02 2.478000e+02
3.990000e+02 2.478000e+02
3.960000e+02 2.478000e+02
3.930000e+02 2.476500e+02
3.900000e+02 2.475000e+02
3.870000e+02 2.473500e+02
3.840000e+02 2.472000e+02
3.828750e+02 2.470500e+02
3.817500e+02 2.469000e+02
3.806250e+02 2.467500e+02
3.795000e+02 2.466000e+02
3.772500e+02 2.464500e+02
3.750000e+02 2.463000e+02
3.727500e+02 2.461500e+02
3.705000e+02 2.460000e+02
3.683750e+02 2.458500e+02
3.662500e+02 2.457000e+02
3.641250e+02 2.455500e+02
3.620000e+02 2.454000e+02
3.598750e+02 2.454000e+02
3.577500e+02 2.454000e+02
3.556250e+02 2.454000e+02
3.535000e+02 2.454000e+02
3.513750e+02 2.452500e+02
3.492500e+02 2.451000e+02
3.471250e+02 2.449500e+02
3.450000e+02 2.448000e+02
3.428750e+02 2.448000e+02
3.407500e+02 2.448000e+02
3.386250e+02 2.448000e+02
3.365000e+02 2.448000e+02
3.341250e+02 2.446500e+02
3.317500e+02 2.445000e+02
3.270000e+02 2.442000e+02
3.230000e+02 2.442000e+02
3.190000e+02 2.442000e+02
3.127500e+02 2.442000e+02
3.065000e+02 2.442000e+02
3.027500e+02 2.442000e+02
2.990000e+02 2.442000e+02
2.950000e+02 2.439000e+02
2.910000e+02 2.436000e+02
2.872500e+02 2.436000e+02
2.835000e+02 2.436000e+02
2.800000e+02 2.433000e+02
2.765000e+02 2.430000e+02
2.732500e+02 2.430000e+02
2.700000e+02 2.430000e+02
2.667500e+02 2.427000e+02
2.635000e+02 2.424000e+02
2.602500e+02 2.424000e+02
2.570000e+02 2.424000e+02
2.537500e+02 2.421000e+02
2.505000e+02 2.418000e+02
2.477500e+02 2.415000e+02
2.450000e+02 2.412000e+02
2.422500e+02 2.412000e+02
2.395000e+02 2.412000e+02
2.367500e+02 2.409000e+02
2.340000e+02 2.406000e+02
2.315000e+02 2.403000e+02
2.290000e+02 2.400000e+02
2.265000e+02 2.400000e+02
2.240000e+02 2.400000e+02
2.217500e+02 2.400000e+02
2.195000e+02 2.400000e+02
2.172500e+02 2.397000e+02
2.150000e+02 2.394000e+02
2.130000e+02 2.394000e+02
2.110000e+02 2.394000e+02
2.085000e+02 2.394000e+02
2.060000e+02 2.394000e+02
2.050000e+02 2.394000e+02
2.040000e+02 2.394000e+02
2.010000e+02 2.391000e+02
1.980000e+02 2.388000e+02
1.970000e+02 2.388000e+02
1.960000e+02 2.388000e+02
1.932500e+02 2.388000e+02
1.905000e+02 2.388000e+02
1.877500e+02 2.391000e+02
1.850000e+02 2.394000e+02
1.835000e+02 2.394000e+02
1.820000e+02 2.394000e+02
1.805000e+02 2.394000e+02
1.790000e+02 2.394000e+02
1.777500e+02 2.397000e+02
1.765000e+02 2.400000e+02
1.750000e+02 2.400000e+02
1.735000e+02 2.400000e+02
1.722500e+02 2.400000e+02
1.710000e+02 2.400000e+02
1.700000e+02 2.400000e+02
1.690000e+02 2.400000e+02
1.677500e+02 2.400000e+02
1.665000e+02 2.400000e+02
1.655000e+02 2.400000e+02
1.645000e+02 2.400000e+02
1.635000e+02 2.403000e+02
1.625000e+02 2.406000e+02
1.615000e+02 2.406000e+02
1.605000e+02 2.406000e+02
1.597500e+02 2.406000e+02
1.590000e+02 2.406000e+02
1.582500e+02 2.406000e+02
1.575000e+02 2.406000e+02
1.570000e+02 2.409000e+02
1.565000e+02 2.412000e+02
1.557500e+02 2.412000e+02
1.550000e+02 2.412000e+02
1.540000e+02 2.412000e+02
1.530000e+02 2.412000e+02
1.525000e+02 2.415000e+02
1.520000e+02 2.418000e+02
1.515000e+02 2.418000e+02
1.510000e+02 2.418000e+02
1.505000e+02 2.418000e+02
1.500000e+02 2.418000e+02
1.497500e+02 2.421000e+02
1.495000e+02 2.424000e+02
1.492500e+02 2.424000e+02
1.490000e+02 2.424000e+02
1.487500e+02 2.424000e+02
1.485000e+02 2.424000e+02
1.485000e+02 2.424000e+02
1.485000e+02 2.424000e+02
1.485000e+02 2.424000e+02
1.485000e+02 2.424000e+02
1.485000e+02 2.424000e+02
1.485000e+02 2.424000e+02
