2.285000e+02 1.602000e+02
2.285000e+02 1.602000e+02
2.285000e+02 1.602000e+02
2.285000e+02 1.599000e+02
2.285000e+02 1.596000e+02
2.285000e+02 1.596000e+02
2.285000e+02 1.596000e+02
2.285000e+02 1.593000e+02
2.285000e+02 1.590000e+02
2.285000e+02 1.593000e+02
2.285000e+02 1.596000e+02
2.287500e+02 1.602000e+02
2.290000e+02 1.608000e+02
2.297500e+02 1.623000e+02
2.305000e+02 1.638000e+02
2.315000e+02 1.659000e+02
2.325000e+02 1.680000e+02
2.340000e+02 1.710000e+02
2.355000e+02 1.740000e+02
2.367500e+02 1.770000e+02
2.380000e+02 1.800000e+02
2.402500e+02 1.851000e+02
2.425000e+02 1.902000e+02
2.442500e+02 1.932000e+02
2.460000e+02 1.962000e+02
2.470000e+02 1.980000e+02
2.480000e+02 1.998000e+02
2.512500e+02 2.058000e+02
2.545000e+02 2.118000e+02
2.580000e+02 2.175000e+02
2.615000e+02 2.232000e+02
2.655000e+02 2.295000e+02
2.695000e+02 2.358000e+02
2.722500e+02 2.400000e+02
2.750000e+02 2.442000e+02
2.780000e+02 2.490000e+02
2.810000e+02 2.538000e+02
2.837500e+02 2.583000e+02
2.865000e+02 2.628000e+02
2.892500e+02 2.670000e+02
2.920000e+02 2.712000e+02
2.947500e+02 2.751000e+02
2.975000e+02 2.790000e+02
3.000000e+02 2.832000e+02
3.025000e+02 2.874000e+02
3.050000e+02 2.907000e+02
3.075000e+02 2.940000e+02
3.097500e+02 2.973000e+02
3.120000e+02 3.006000e+02
3.150000e+02 3.048000e+02
3.180000e+02 3.090000e+02
3.197500e+02 3.117000e+02
3.215000e+02 3.144000e+02
3.230000e+02 3.168000e+02
3.245000e+02 3.192000e+02
3.260000e+02 3.210000e+02
3.275000e+02 3.228000e+02
3.287500e+02 3.249000e+02
3.300000e+02 3.270000e+02
3.310000e+02 3.285000e+02
3.320000e+02 3.300000e+02
3.330000e+02 3.312000e+02
3.340000e+02 3.324000e+02
3.347500e+02 3.336000e+02
3.355000e+02 3.348000e+02
3.360000e+02 3.357000e+02
3.365000e+02 3.366000e+02
3.367500e+02 3.372000e+02
3.370000e+02 3.378000e+02
3.375000e+02 3.381000e+02
3.380000e+02 3.384000e+02
3.382500e+02 3.387000e+02
3.385000e+02 3.390000e+02
3.387500e+02 3.393000e+02
3.390000e+02 3.396000e+02
3.390000e+02 3.396000e+02
3.390000e+02 3.396000e+02
3.390000e+02 3.399000e+02
3.390000e+02 3.402000e+02
3.392500e+02 3.402000e+02
3.395000e+02 3.402000e+02
3.395000e+02 3.402000e+02
3.395000e+02 3.402000e+02
3.395000e+02 3.402000e+02
3.395000e+02 3.402000e+02
3.397500e+02 3.396000e+02
3.400000e+02 3.390000e+02
3.405000e+02 3.384000e+02
3.410000e+02 3.378000e+02
3.417500e+02 3.354000e+02
3.425000e+02 3.330000e+02
3.437500e+02 3.300000e+02
3.450000e+02 3.270000e+02
3.462500e+02 3.234000e+02
3.475000e+02 3.198000e+02
3.490000e+02 3.159000e+02
3.505000e+02 3.120000e+02
3.517500e+02 3.078000e+02
3.530000e+02 3.036000e+02
3.547500e+02 2.991000e+02
3.565000e+02 2.946000e+02
3.585000e+02 2.889000e+02
3.605000e+02 2.832000e+02
3.620000e+02 2.781000e+02
3.635000e+02 2.730000e+02
3.655000e+02 2.670000e+02
3.675000e+02 2.610000e+02
3.695000e+02 2.550000e+02
3.715000e+02 2.490000e+02
3.735000e+02 2.433000e+02
3.755000e+02 2.376000e+02
3.780000e+02 2.310000e+02
3.805000e+02 2.244000e+02
3.832500e+02 2.163000e+02
3.860000e+02 2.082000e+02
3.897500e+02 1.983000e+02
3.935000e+02 1.884000e+02
3.952500e+02 1.830000e+02
3.970000e+02 1.776000e+02
3.987500e+02 1.725000e+02
4.005000e+02 1.674000e+02
4.020000e+02 1.626000e+02
4.035000e+02 1.578000e+02
4.052500e+02 1.527000e+02
4.070000e+02 1.476000e+02
4.085000e+02 1.428000e+02
4.100000e+02 1.380000e+02
4.115000e+02 1.332000e+02
4.130000e+02 1.284000e+02
4.145000e+02 1.236000e+02
4.160000e+02 1.188000e+02
4.185000e+02 1.122000e+02
4.210000e+02 1.056000e+02
4.232500e+02 9.990000e+01
4.255000e+02 9.420000e+01
4.277500e+02 8.850000e+01
4.300000e+02 8.280000e+01
4.312500e+02 7.950000e+01
4.325000e+02 7.620000e+01
4.337500e+02 7.320000e+01
4.350000e+02 7.020000e+01
4.360000e+02 6.750000e+01
4.370000e+02 6.480000e+01
4.380000e+02 6.240000e+01
4.390000e+02 6.000000e+01
4.400000e+02 5.730000e+01
4.410000e+02 5.460000e+01
4.417500e+02 5.250000e+01
4.425000e+02 5.040000e+01
4.432500e+02 4.860000e+01
4.440000e+02 4.680000e+01
4.447500e+02 4.500000e+01
4.455000e+02 4.320000e+01
4.460000e+02 4.200000e+01
4.465000e+02 4.080000e+01
4.467500e+02 3.960000e+01
4.470000e+02 3.840000e+01
4.475000e+02 3.780000e+01
4.480000e+02 3.720000e+01
4.482500e+02 3.660000e+01
4.485000e+02 3.600000e+01
4.485000e+02 3.540000e+01
4.485000e+02 3.480000e+01
4.485000e+02 3.480000e+01
4.485000e+02 3.480000e+01
4.487500e+02 3.450000e+01
4.490000e+02 3.420000e+01
4.490000e+02 3.390000e+01
4.490000e+02 3.360000e+01
4.490000e+02 3.360000e+01
4.490000e+02 3.360000e+01
4.490000e+02 3.300000e+01
4.490000e+02 3.300000e+01
4.495000e+02 3.300000e+01
4.495000e+02 3.300000e+01
4.495000e+02 3.300000e+01
4.495000e+02 3.300000e+01
4.495000e+02 3.300000e+01
4.495000e+02 3.300000e+01
4.495000e+02 3.300000e+01
4.495000e+02 3.300000e+01
4.495000e+02 3.300000e+01
4.495000e+02 3.300000e+01
4.495000e+02 3.300000e+01
4.495000e+02 3.300000e+01
4.495000e+02 3.300000e+01
4.495000e+02 3.360000e+01
4.495000e+02 3.360000e+01
4.495000e+02 3.360000e+01
4.495000e+02 3.360000e+01
4.495000e+02 3.360000e+01
4.495000e+02 3.360000e+01
4.495000e+02 3.360000e+01
4.490000e+02 3.360000e+01
4.490000e+02 3.360000e+01
4.490000e+02 3.360000e+01
4.490000e+02 3.420000e+01
4.490000e+02 3.420000e+01
4.490000e+02 3.480000e+01
4.490000e+02 3.480000e+01
