2.055000e+02 4.008000e+02
2.055000e+02 4.008000e+02
2.055000e+02 4.008000e+02
2.055000e+02 4.008000e+02
2.055000e+02 4.008000e+02
2.055000e+02 4.008000e+02
2.055000e+02 4.008000e+02
2.055000e+02 4.008000e+02
2.055000e+02 4.008000e+02
2.054375e+02 4.008000e+02
2.053750e+02 4.008000e+02
2.053125e+02 4.008000e+02
2.052500e+02 4.008000e+02
2.051875e+02 4.008000e+02
2.051250e+02 4.008000e+02
2.050625e+02 4.008000e+02
2.050000e+02 4.008000e+02
2.050000e+02 4.008000e+02
2.050000e+02 4.008000e+02
2.050000e+02 4.008000e+02
2.050000e+02 4.008000e+02
2.050000e+02 4.008000e+02
2.050000e+02 4.008000e+02
2.050000e+02 4.008000e+02
2.050000e+02 4.008000e+02
2.050000e+02 4.007250e+02
2.050000e+02 4.006500e+02
2.050000e+02 4.005750e+02
2.050000e+02 4.005000e+02
2.050000e+02 4.004250e+02
2.050000e+02 4.003500e+02
2.050000e+02 4.002750e+02
2.050000e+02 4.002000e+02
2.049375e+02 3.999000e+02
2.048750e+02 3.996000e+02
2.048125e+02 3.993000e+02
2.047500e+02 3.990000e+02
2.046875e+02 3.987000e+02
2.046250e+02 3.984000e+02
2.045625e+02 3.981000e+02
2.045000e+02 3.978000e+02
2.043750e+02 3.972000e+02
2.042500e+02 3.966000e+02
2.041250e+02 3.960000e+02
2.040000e+02 3.954000e+02
2.038750e+02 3.948000e+02
2.037500e+02 3.942000e+02
2.036250e+02 3.936000e+02
2.035000e+02 3.930000e+02
2.033750e+02 3.921750e+02
2.032500e+02 3.913500e+02
2.031250e+02 3.905250e+02
2.030000e+02 3.897000e+02
2.028750e+02 3.888750e+02
2.027500e+02 3.880500e+02
2.026250e+02 3.872250e+02
2.025000e+02 3.864000e+02
2.024375e+02 3.854250e+02
2.023750e+02 3.844500e+02
2.023125e+02 3.834750e+02
2.022500e+02 3.825000e+02
2.021875e+02 3.815250e+02
2.021250e+02 3.805500e+02
2.020625e+02 3.795750e+02
2.020000e+02 3.786000e+02
2.018750e+02 3.773250e+02
2.017500e+02 3.760500e+02
2.016250e+02 3.747750e+02
2.015000e+02 3.735000e+02
2.013750e+02 3.722250e+02
2.012500e+02 3.709500e+02
2.010000e+02 3.684000e+02
2.007500e+02 3.648000e+02
2.005000e+02 3.612000e+02
2.002500e+02 3.576000e+02
2.000000e+02 3.540000e+02
1.998750e+02 3.528000e+02
1.997500e+02 3.516000e+02
1.996250e+02 3.504000e+02
1.995000e+02 3.492000e+02
1.993750e+02 3.469500e+02
1.992500e+02 3.447000e+02
1.991250e+02 3.424500e+02
1.990000e+02 3.402000e+02
1.988750e+02 3.376500e+02
1.987500e+02 3.351000e+02
1.986250e+02 3.325500e+02
1.985000e+02 3.300000e+02
1.982500e+02 3.273000e+02
1.980000e+02 3.246000e+02
1.977500e+02 3.219000e+02
1.975000e+02 3.192000e+02
1.973750e+02 3.169500e+02
1.972500e+02 3.147000e+02
1.971250e+02 3.124500e+02
1.970000e+02 3.102000e+02
1.968750e+02 3.067500e+02
1.967500e+02 3.033000e+02
1.966250e+02 2.998500e+02
1.965000e+02 2.964000e+02
1.963750e+02 2.922000e+02
1.962500e+02 2.880000e+02
1.961250e+02 2.838000e+02
1.960000e+02 2.796000e+02
1.958750e+02 2.754000e+02
1.957500e+02 2.712000e+02
1.956250e+02 2.670000e+02
1.955000e+02 2.628000e+02
1.956250e+02 2.602500e+02
1.957500e+02 2.577000e+02
1.958750e+02 2.551500e+02
1.960000e+02 2.526000e+02
1.960000e+02 2.499000e+02
1.960000e+02 2.472000e+02
1.960000e+02 2.445000e+02
1.960000e+02 2.418000e+02
1.962500e+02 2.394000e+02
1.965000e+02 2.370000e+02
1.967500e+02 2.346000e+02
1.970000e+02 2.322000e+02
1.971250e+02 2.295000e+02
1.972500e+02 2.268000e+02
1.973750e+02 2.241000e+02
1.975000e+02 2.214000e+02
1.977500e+02 2.187000e+02
1.980000e+02 2.160000e+02
1.982500e+02 2.133000e+02
1.985000e+02 2.106000e+02
1.986250e+02 2.077500e+02
1.987500e+02 2.049000e+02
1.988750e+02 2.020500e+02
1.990000e+02 1.992000e+02
1.990000e+02 1.954500e+02
1.990000e+02 1.917000e+02
1.990000e+02 1.879500e+02
1.990000e+02 1.842000e+02
1.992500e+02 1.803000e+02
1.995000e+02 1.764000e+02
1.997500e+02 1.725000e+02
2.000000e+02 1.686000e+02
2.001250e+02 1.648500e+02
2.002500e+02 1.611000e+02
2.003750e+02 1.573500e+02
2.005000e+02 1.536000e+02
2.006250e+02 1.513500e+02
2.007500e+02 1.491000e+02
2.008750e+02 1.468500e+02
2.010000e+02 1.446000e+02
2.011250e+02 1.420500e+02
2.012500e+02 1.395000e+02
2.013750e+02 1.369500e+02
2.015000e+02 1.344000e+02
2.016250e+02 1.321500e+02
2.017500e+02 1.299000e+02
2.018750e+02 1.276500e+02
2.020000e+02 1.254000e+02
2.021250e+02 1.228500e+02
2.022500e+02 1.203000e+02
2.023750e+02 1.177500e+02
2.025000e+02 1.152000e+02
2.026250e+02 1.129500e+02
2.027500e+02 1.107000e+02
2.028750e+02 1.084500e+02
2.030000e+02 1.062000e+02
2.030000e+02 1.041000e+02
2.030000e+02 1.020000e+02
2.030000e+02 9.990000e+01
2.030000e+02 9.780000e+01
2.032500e+02 9.480000e+01
2.035000e+02 9.180000e+01
2.037500e+02 8.880000e+01
2.040000e+02 8.580000e+01
2.041250e+02 8.325000e+01
2.042500e+02 8.070000e+01
2.043750e+02 7.815000e+01
2.045000e+02 7.560000e+01
2.047500e+02 7.365000e+01
2.050000e+02 7.170000e+01
2.052500e+02 6.975000e+01
2.055000e+02 6.780000e+01
2.056250e+02 6.660000e+01
2.057500e+02 6.540000e+01
2.058750e+02 6.420000e+01
2.060000e+02 6.300000e+01
2.062500e+02 6.195000e+01
2.065000e+02 6.090000e+01
2.067500e+02 5.985000e+01
2.070000e+02 5.880000e+01
2.072500e+02 5.835000e+01
2.075000e+02 5.790000e+01
2.077500e+02 5.745000e+01
2.080000e+02 5.700000e+01
2.081250e+02 5.685000e+01
2.082500e+02 5.670000e+01
2.083750e+02 5.655000e+01
2.085000e+02 5.640000e+01
2.085000e+02 5.640000e+01
2.085000e+02 5.640000e+01
2.085000e+02 5.640000e+01
2.085000e+02 5.640000e+01
