1.905000e+02 1.086000e+02
1.905000e+02 1.086000e+02
1.905000e+02 1.086000e+02
1.912500e+02 1.092000e+02
1.920000e+02 1.098000e+02
1.922500e+02 1.101000e+02
1.925000e+02 1.104000e+02
1.932500e+02 1.116000e+02
1.940000e+02 1.128000e+02
1.945000e+02 1.137000e+02
1.950000e+02 1.146000e+02
1.965000e+02 1.164000e+02
1.980000e+02 1.182000e+02
1.995000e+02 1.203000e+02
2.010000e+02 1.224000e+02
2.020000e+02 1.239000e+02
2.030000e+02 1.254000e+02
2.050000e+02 1.287000e+02
2.070000e+02 1.320000e+02
2.092500e+02 1.356000e+02
2.115000e+02 1.392000e+02
2.127500e+02 1.410000e+02
2.140000e+02 1.428000e+02
2.167500e+02 1.473000e+02
2.195000e+02 1.518000e+02
2.225000e+02 1.572000e+02
2.255000e+02 1.626000e+02
2.272500e+02 1.653000e+02
2.290000e+02 1.680000e+02
2.322500e+02 1.737000e+02
2.355000e+02 1.794000e+02
2.390000e+02 1.851000e+02
2.425000e+02 1.908000e+02
2.457500e+02 1.968000e+02
2.490000e+02 2.028000e+02
2.525000e+02 2.085000e+02
2.560000e+02 2.142000e+02
2.575000e+02 2.169000e+02
2.590000e+02 2.196000e+02
2.625000e+02 2.253000e+02
2.660000e+02 2.310000e+02
2.692500e+02 2.370000e+02
2.725000e+02 2.430000e+02
2.755000e+02 2.481000e+02
2.785000e+02 2.532000e+02
2.800000e+02 2.559000e+02
2.815000e+02 2.586000e+02
2.842500e+02 2.634000e+02
2.870000e+02 2.682000e+02
2.900000e+02 2.733000e+02
2.930000e+02 2.784000e+02
2.960000e+02 2.832000e+02
2.990000e+02 2.880000e+02
3.002500e+02 2.904000e+02
3.015000e+02 2.928000e+02
3.042500e+02 2.970000e+02
3.070000e+02 3.012000e+02
3.085000e+02 3.033000e+02
3.100000e+02 3.054000e+02
3.122500e+02 3.090000e+02
3.145000e+02 3.126000e+02
3.167500e+02 3.162000e+02
3.190000e+02 3.198000e+02
3.212500e+02 3.231000e+02
3.235000e+02 3.264000e+02
3.255000e+02 3.291000e+02
3.275000e+02 3.318000e+02
3.295000e+02 3.348000e+02
3.315000e+02 3.378000e+02
3.325000e+02 3.393000e+02
3.335000e+02 3.408000e+02
3.355000e+02 3.435000e+02
3.375000e+02 3.462000e+02
3.385000e+02 3.477000e+02
3.395000e+02 3.492000e+02
3.410000e+02 3.519000e+02
3.425000e+02 3.546000e+02
3.437500e+02 3.570000e+02
3.450000e+02 3.594000e+02
3.457500e+02 3.603000e+02
3.465000e+02 3.612000e+02
3.475000e+02 3.633000e+02
3.485000e+02 3.654000e+02
3.495000e+02 3.672000e+02
3.505000e+02 3.690000e+02
3.507500e+02 3.699000e+02
3.510000e+02 3.708000e+02
3.515000e+02 3.723000e+02
3.520000e+02 3.738000e+02
3.520000e+02 3.747000e+02
3.520000e+02 3.756000e+02
3.522500e+02 3.759000e+02
3.525000e+02 3.762000e+02
3.525000e+02 3.768000e+02
3.525000e+02 3.774000e+02
3.520000e+02 3.780000e+02
3.515000e+02 3.786000e+02
3.515000e+02 3.789000e+02
3.515000e+02 3.792000e+02
3.507500e+02 3.795000e+02
3.500000e+02 3.798000e+02
3.492500e+02 3.801000e+02
3.485000e+02 3.804000e+02
3.480000e+02 3.804000e+02
3.475000e+02 3.804000e+02
3.460000e+02 3.807000e+02
3.445000e+02 3.810000e+02
3.430000e+02 3.816000e+02
3.415000e+02 3.822000e+02
3.395000e+02 3.822000e+02
3.375000e+02 3.822000e+02
3.355000e+02 3.825000e+02
3.335000e+02 3.828000e+02
3.310000e+02 3.831000e+02
3.285000e+02 3.834000e+02
3.235000e+02 3.846000e+02
3.175000e+02 3.864000e+02
3.145000e+02 3.876000e+02
3.115000e+02 3.888000e+02
3.050000e+02 3.906000e+02
2.975000e+02 3.924000e+02
2.940000e+02 3.936000e+02
2.855000e+02 3.954000e+02
2.765000e+02 3.966000e+02
2.715000e+02 3.972000e+02
2.615000e+02 3.984000e+02
2.520000e+02 3.990000e+02
2.475000e+02 3.996000e+02
2.385000e+02 4.008000e+02
2.300000e+02 4.014000e+02
2.220000e+02 4.020000e+02
2.185000e+02 4.026000e+02
2.145000e+02 4.026000e+02
2.080000e+02 4.032000e+02
2.045000e+02 4.038000e+02
1.985000e+02 4.038000e+02
1.930000e+02 4.044000e+02
1.880000e+02 4.038000e+02
1.835000e+02 4.026000e+02
1.795000e+02 4.026000e+02
1.765000e+02 4.020000e+02
1.750000e+02 4.014000e+02
1.730000e+02 4.014000e+02
1.725000e+02 4.008000e+02
1.715000e+02 4.002000e+02
1.710000e+02 3.990000e+02
1.710000e+02 3.978000e+02
1.710000e+02 3.948000e+02
1.720000e+02 3.906000e+02
1.730000e+02 3.888000e+02
1.745000e+02 3.864000e+02
1.755000e+02 3.834000e+02
1.780000e+02 3.780000e+02
1.795000e+02 3.744000e+02
1.835000e+02 3.672000e+02
1.855000e+02 3.636000e+02
1.895000e+02 3.552000e+02
1.920000e+02 3.510000e+02
1.970000e+02 3.414000e+02
1.995000e+02 3.366000e+02
2.025000e+02 3.312000e+02
2.085000e+02 3.198000e+02
2.150000e+02 3.084000e+02
2.185000e+02 3.030000e+02
2.255000e+02 2.910000e+02
2.330000e+02 2.796000e+02
2.370000e+02 2.730000e+02
2.450000e+02 2.616000e+02
2.525000e+02 2.502000e+02
2.565000e+02 2.448000e+02
2.640000e+02 2.340000e+02
2.715000e+02 2.226000e+02
2.800000e+02 2.118000e+02
2.840000e+02 2.064000e+02
2.880000e+02 2.010000e+02
2.955000e+02 1.914000e+02
3.025000e+02 1.824000e+02
3.065000e+02 1.776000e+02
3.130000e+02 1.686000e+02
3.165000e+02 1.632000e+02
3.240000e+02 1.536000e+02
3.310000e+02 1.434000e+02
3.345000e+02 1.392000e+02
3.410000e+02 1.302000e+02
3.465000e+02 1.224000e+02
3.490000e+02 1.188000e+02
3.540000e+02 1.128000e+02
3.585000e+02 1.080000e+02
3.600000e+02 1.056000e+02
3.635000e+02 1.020000e+02
3.655000e+02 9.960000e+01
3.660000e+02 9.900000e+01
3.675000e+02 9.780000e+01
3.680000e+02 9.720000e+01
3.685000e+02 9.660000e+01
3.685000e+02 9.600000e+01
3.685000e+02 9.540000e+01
3.675000e+02 9.420000e+01
3.665000e+02 9.360000e+01
3.665000e+02 9.360000e+01
