2.025000e+02 1.284000e+02
2.025000e+02 1.284000e+02
2.025000e+02 1.284000e+02
2.020000e+02 1.278000e+02
2.020000e+02 1.278000e+02
2.020000e+02 1.272000e+02
2.020000e+02 1.272000e+02
2.020000e+02 1.272000e+02
2.025000e+02 1.272000e+02
2.030000e+02 1.272000e+02
2.045000e+02 1.272000e+02
2.075000e+02 1.272000e+02
2.115000e+02 1.272000e+02
2.175000e+02 1.266000e+02
2.230000e+02 1.266000e+02
2.300000e+02 1.260000e+02
2.365000e+02 1.254000e+02
2.475000e+02 1.254000e+02
2.510000e+02 1.248000e+02
2.585000e+02 1.242000e+02
2.660000e+02 1.236000e+02
2.735000e+02 1.230000e+02
2.810000e+02 1.224000e+02
2.875000e+02 1.218000e+02
2.965000e+02 1.212000e+02
2.995000e+02 1.212000e+02
3.100000e+02 1.206000e+02
3.155000e+02 1.200000e+02
3.200000e+02 1.200000e+02
3.245000e+02 1.200000e+02
3.285000e+02 1.200000e+02
3.315000e+02 1.200000e+02
3.335000e+02 1.200000e+02
3.360000e+02 1.200000e+02
3.370000e+02 1.200000e+02
3.385000e+02 1.206000e+02
3.390000e+02 1.206000e+02
3.390000e+02 1.212000e+02
3.395000e+02 1.212000e+02
3.400000e+02 1.212000e+02
3.400000e+02 1.218000e+02
3.405000e+02 1.218000e+02
3.405000e+02 1.224000e+02
3.405000e+02 1.224000e+02
3.405000e+02 1.230000e+02
3.405000e+02 1.242000e+02
3.405000e+02 1.254000e+02
3.410000e+02 1.272000e+02
3.415000e+02 1.302000e+02
3.415000e+02 1.344000e+02
3.425000e+02 1.398000e+02
3.430000e+02 1.458000e+02
3.435000e+02 1.524000e+02
3.445000e+02 1.596000e+02
3.455000e+02 1.722000e+02
3.460000e+02 1.806000e+02
3.465000e+02 1.902000e+02
3.470000e+02 1.998000e+02
3.470000e+02 2.100000e+02
3.470000e+02 2.208000e+02
3.475000e+02 2.310000e+02
3.475000e+02 2.406000e+02
3.475000e+02 2.514000e+02
3.475000e+02 2.616000e+02
3.470000e+02 2.706000e+02
3.470000e+02 2.796000e+02
3.465000e+02 2.922000e+02
3.465000e+02 2.964000e+02
3.465000e+02 3.072000e+02
3.465000e+02 3.168000e+02
3.465000e+02 3.228000e+02
3.470000e+02 3.282000e+02
3.470000e+02 3.330000e+02
3.475000e+02 3.372000e+02
3.475000e+02 3.420000e+02
3.480000e+02 3.456000e+02
3.480000e+02 3.486000e+02
3.480000e+02 3.522000e+02
3.485000e+02 3.552000e+02
3.485000e+02 3.600000e+02
3.485000e+02 3.624000e+02
3.485000e+02 3.654000e+02
3.485000e+02 3.678000e+02
3.485000e+02 3.708000e+02
3.485000e+02 3.732000e+02
3.485000e+02 3.750000e+02
3.485000e+02 3.768000e+02
3.485000e+02 3.780000e+02
3.480000e+02 3.792000e+02
3.480000e+02 3.804000e+02
3.480000e+02 3.816000e+02
3.475000e+02 3.822000e+02
3.475000e+02 3.828000e+02
3.475000e+02 3.834000e+02
3.475000e+02 3.840000e+02
3.470000e+02 3.846000e+02
3.470000e+02 3.846000e+02
3.470000e+02 3.852000e+02
3.470000e+02 3.852000e+02
3.465000e+02 3.858000e+02
3.465000e+02 3.858000e+02
3.465000e+02 3.858000e+02
3.460000e+02 3.858000e+02
3.460000e+02 3.864000e+02
3.460000e+02 3.864000e+02
3.455000e+02 3.864000e+02
3.450000e+02 3.864000e+02
3.435000e+02 3.864000e+02
3.425000e+02 3.864000e+02
3.410000e+02 3.864000e+02
3.385000e+02 3.864000e+02
3.350000e+02 3.864000e+02
3.310000e+02 3.870000e+02
3.260000e+02 3.876000e+02
3.200000e+02 3.882000e+02
3.135000e+02 3.894000e+02
3.080000e+02 3.906000e+02
3.015000e+02 3.924000e+02
2.955000e+02 3.936000e+02
2.850000e+02 3.954000e+02
2.755000e+02 3.972000e+02
2.700000e+02 3.984000e+02
2.640000e+02 3.990000e+02
2.590000e+02 3.996000e+02
2.540000e+02 4.002000e+02
2.485000e+02 4.008000e+02
2.440000e+02 4.014000e+02
2.385000e+02 4.020000e+02
2.340000e+02 4.020000e+02
2.260000e+02 4.026000e+02
2.220000e+02 4.026000e+02
2.180000e+02 4.026000e+02
2.145000e+02 4.032000e+02
2.115000e+02 4.032000e+02
2.085000e+02 4.032000e+02
2.065000e+02 4.026000e+02
2.045000e+02 4.026000e+02
2.030000e+02 4.026000e+02
2.015000e+02 4.026000e+02
1.990000e+02 4.020000e+02
1.980000e+02 4.014000e+02
1.965000e+02 4.014000e+02
1.960000e+02 4.008000e+02
1.950000e+02 4.008000e+02
1.940000e+02 3.996000e+02
1.930000e+02 3.990000e+02
1.920000e+02 3.984000e+02
1.915000e+02 3.978000e+02
1.905000e+02 3.966000e+02
1.895000e+02 3.954000e+02
1.885000e+02 3.936000e+02
1.875000e+02 3.906000e+02
1.875000e+02 3.894000e+02
1.865000e+02 3.834000e+02
1.865000e+02 3.774000e+02
1.870000e+02 3.672000e+02
1.870000e+02 3.594000e+02
1.875000e+02 3.492000e+02
1.880000e+02 3.396000e+02
1.890000e+02 3.294000e+02
1.895000e+02 3.180000e+02
1.900000e+02 3.072000e+02
1.905000e+02 2.958000e+02
1.910000e+02 2.850000e+02
1.915000e+02 2.736000e+02
1.925000e+02 2.628000e+02
1.930000e+02 2.520000e+02
1.940000e+02 2.394000e+02
1.950000e+02 2.232000e+02
1.955000e+02 2.130000e+02
1.960000e+02 2.046000e+02
1.960000e+02 1.944000e+02
1.960000e+02 1.860000e+02
1.965000e+02 1.782000e+02
1.965000e+02 1.710000e+02
1.970000e+02 1.638000e+02
1.970000e+02 1.578000e+02
1.975000e+02 1.506000e+02
1.980000e+02 1.446000e+02
1.985000e+02 1.362000e+02
1.985000e+02 1.314000e+02
1.985000e+02 1.290000e+02
1.985000e+02 1.254000e+02
1.985000e+02 1.224000e+02
1.985000e+02 1.194000e+02
1.985000e+02 1.182000e+02
1.980000e+02 1.182000e+02
1.980000e+02 1.176000e+02
1.980000e+02 1.170000e+02
1.980000e+02 1.170000e+02
1.980000e+02 1.170000e+02
1.980000e+02 1.170000e+02
1.980000e+02 1.170000e+02
1.980000e+02 1.176000e+02
1.980000e+02 1.176000e+02
1.985000e+02 1.176000e+02
1.990000e+02 1.188000e+02
1.990000e+02 1.194000e+02
1.995000e+02 1.200000e+02
1.995000e+02 1.200000e+02
