9.350000e+01 1.968000e+02
9.350000e+01 1.968000e+02
9.350000e+01 1.968000e+02
9.350000e+01 1.968000e+02
9.350000e+01 1.968000e+02
9.462500e+01 1.968000e+02
9.575000e+01 1.968000e+02
9.687500e+01 1.968000e+02
9.800000e+01 1.968000e+02
9.850000e+01 1.969500e+02
9.900000e+01 1.971000e+02
9.950000e+01 1.972500e+02
1.000000e+02 1.974000e+02
1.020000e+02 1.974000e+02
1.040000e+02 1.974000e+02
1.060000e+02 1.974000e+02
1.080000e+02 1.974000e+02
1.095000e+02 1.974000e+02
1.110000e+02 1.974000e+02
1.125000e+02 1.974000e+02
1.140000e+02 1.974000e+02
1.148750e+02 1.974000e+02
1.157500e+02 1.974000e+02
1.166250e+02 1.974000e+02
1.175000e+02 1.974000e+02
1.190000e+02 1.974000e+02
1.205000e+02 1.974000e+02
1.220000e+02 1.974000e+02
1.235000e+02 1.974000e+02
1.255000e+02 1.974000e+02
1.275000e+02 1.974000e+02
1.295000e+02 1.974000e+02
1.315000e+02 1.974000e+02
1.333750e+02 1.974000e+02
1.352500e+02 1.974000e+02
1.371250e+02 1.974000e+02
1.390000e+02 1.974000e+02
1.408750e+02 1.974000e+02
1.427500e+02 1.974000e+02
1.446250e+02 1.974000e+02
1.465000e+02 1.974000e+02
1.486250e+02 1.972500e+02
1.507500e+02 1.971000e+02
1.528750e+02 1.969500e+02
1.550000e+02 1.968000e+02
1.567500e+02 1.968000e+02
1.585000e+02 1.968000e+02
1.602500e+02 1.968000e+02
1.620000e+02 1.968000e+02
1.640000e+02 1.968000e+02
1.660000e+02 1.968000e+02
1.680000e+02 1.968000e+02
1.700000e+02 1.968000e+02
1.718750e+02 1.968000e+02
1.737500e+02 1.968000e+02
1.756250e+02 1.968000e+02
1.775000e+02 1.968000e+02
1.792500e+02 1.966500e+02
1.810000e+02 1.965000e+02
1.827500e+02 1.963500e+02
1.845000e+02 1.962000e+02
1.867500e+02 1.962000e+02
1.890000e+02 1.962000e+02
1.912500e+02 1.962000e+02
1.935000e+02 1.962000e+02
1.953750e+02 1.960500e+02
1.972500e+02 1.959000e+02
1.991250e+02 1.957500e+02
2.010000e+02 1.956000e+02
2.028750e+02 1.956000e+02
2.047500e+02 1.956000e+02
2.066250e+02 1.956000e+02
2.085000e+02 1.956000e+02
2.115000e+02 1.954500e+02
2.145000e+02 1.953000e+02
2.175000e+02 1.951500e+02
2.205000e+02 1.950000e+02
2.226250e+02 1.948500e+02
2.247500e+02 1.947000e+02
2.268750e+02 1.945500e+02
2.290000e+02 1.944000e+02
2.308750e+02 1.942500e+02
2.327500e+02 1.941000e+02
2.346250e+02 1.939500e+02
2.365000e+02 1.938000e+02
2.385000e+02 1.936500e+02
2.405000e+02 1.935000e+02
2.425000e+02 1.933500e+02
2.445000e+02 1.932000e+02
2.465000e+02 1.930500e+02
2.485000e+02 1.929000e+02
2.505000e+02 1.927500e+02
2.525000e+02 1.926000e+02
2.542500e+02 1.926000e+02
2.560000e+02 1.926000e+02
2.577500e+02 1.926000e+02
2.595000e+02 1.926000e+02
2.616250e+02 1.924500e+02
2.637500e+02 1.923000e+02
2.658750e+02 1.921500e+02
2.680000e+02 1.920000e+02
2.697500e+02 1.918500e+02
2.715000e+02 1.917000e+02
2.732500e+02 1.915500e+02
2.750000e+02 1.914000e+02
2.778750e+02 1.912500e+02
2.807500e+02 1.911000e+02
2.836250e+02 1.909500e+02
2.865000e+02 1.908000e+02
2.885000e+02 1.908000e+02
2.905000e+02 1.908000e+02
2.925000e+02 1.908000e+02
2.945000e+02 1.908000e+02
2.963750e+02 1.906500e+02
2.982500e+02 1.905000e+02
3.001250e+02 1.903500e+02
3.020000e+02 1.902000e+02
3.040000e+02 1.902000e+02
3.060000e+02 1.902000e+02
3.080000e+02 1.902000e+02
3.100000e+02 1.902000e+02
3.118750e+02 1.900500e+02
3.137500e+02 1.899000e+02
3.156250e+02 1.897500e+02
3.175000e+02 1.896000e+02
3.191250e+02 1.896000e+02
3.207500e+02 1.896000e+02
3.223750e+02 1.896000e+02
3.240000e+02 1.896000e+02
3.257500e+02 1.896000e+02
3.275000e+02 1.896000e+02
3.292500e+02 1.896000e+02
3.310000e+02 1.896000e+02
3.325000e+02 1.894500e+02
3.340000e+02 1.893000e+02
3.355000e+02 1.891500e+02
3.370000e+02 1.890000e+02
3.388750e+02 1.890000e+02
3.407500e+02 1.890000e+02
3.426250e+02 1.890000e+02
3.445000e+02 1.890000e+02
3.452500e+02 1.888500e+02
3.460000e+02 1.887000e+02
3.467500e+02 1.885500e+02
3.475000e+02 1.884000e+02
3.493750e+02 1.884000e+02
3.512500e+02 1.884000e+02
3.531250e+02 1.884000e+02
3.550000e+02 1.884000e+02
3.565000e+02 1.882500e+02
3.580000e+02 1.881000e+02
3.595000e+02 1.879500e+02
3.610000e+02 1.878000e+02
3.627500e+02 1.878000e+02
3.645000e+02 1.878000e+02
3.662500e+02 1.878000e+02
3.680000e+02 1.878000e+02
3.705000e+02 1.876500e+02
3.730000e+02 1.875000e+02
3.755000e+02 1.873500e+02
3.780000e+02 1.872000e+02
3.795000e+02 1.872000e+02
3.810000e+02 1.872000e+02
3.825000e+02 1.872000e+02
3.840000e+02 1.872000e+02
3.862500e+02 1.872000e+02
3.885000e+02 1.872000e+02
3.907500e+02 1.872000e+02
3.930000e+02 1.872000e+02
3.936250e+02 1.870500e+02
3.942500e+02 1.869000e+02
3.948750e+02 1.867500e+02
3.955000e+02 1.866000e+02
3.976250e+02 1.866000e+02
3.997500e+02 1.866000e+02
4.018750e+02 1.866000e+02
4.040000e+02 1.866000e+02
4.051250e+02 1.866000e+02
4.062500e+02 1.866000e+02
4.073750e+02 1.866000e+02
4.085000e+02 1.866000e+02
4.096250e+02 1.866000e+02
4.107500e+02 1.866000e+02
4.118750e+02 1.866000e+02
4.130000e+02 1.866000e+02
4.140000e+02 1.864500e+02
4.150000e+02 1.863000e+02
4.170000e+02 1.860000e+02
4.185000e+02 1.860000e+02
4.200000e+02 1.860000e+02
4.210000e+02 1.860000e+02
4.220000e+02 1.860000e+02
4.232500e+02 1.860000e+02
4.245000e+02 1.860000e+02
4.247500e+02 1.863000e+02
4.250000e+02 1.866000e+02
4.260000e+02 1.869000e+02
4.270000e+02 1.872000e+02
4.270000e+02 1.872000e+02
4.270000e+02 1.872000e+02
