1.805000e+02 2.352000e+02
1.805000e+02 2.352000e+02
1.805000e+02 2.352000e+02
1.805000e+02 2.352000e+02
1.805000e+02 2.352000e+02
1.805000e+02 2.352000e+02
1.805000e+02 2.352000e+02
1.807500e+02 2.355000e+02
1.810000e+02 2.358000e+02
1.810000e+02 2.361000e+02
1.810000e+02 2.364000e+02
1.812500e+02 2.370000e+02
1.815000e+02 2.376000e+02
1.820000e+02 2.385000e+02
1.825000e+02 2.394000e+02
1.830000e+02 2.409000e+02
1.835000e+02 2.424000e+02
1.847500e+02 2.454000e+02
1.860000e+02 2.484000e+02
1.865000e+02 2.493000e+02
1.870000e+02 2.502000e+02
1.877500e+02 2.523000e+02
1.885000e+02 2.544000e+02
1.892500e+02 2.568000e+02
1.900000e+02 2.592000e+02
1.910000e+02 2.616000e+02
1.920000e+02 2.640000e+02
1.937500e+02 2.676000e+02
1.955000e+02 2.712000e+02
1.965000e+02 2.736000e+02
1.975000e+02 2.760000e+02
1.985000e+02 2.784000e+02
1.995000e+02 2.808000e+02
2.005000e+02 2.832000e+02
2.015000e+02 2.856000e+02
2.027500e+02 2.880000e+02
2.040000e+02 2.904000e+02
2.052500e+02 2.928000e+02
2.065000e+02 2.952000e+02
2.077500e+02 2.976000e+02
2.090000e+02 3.000000e+02
2.097500e+02 3.018000e+02
2.105000e+02 3.036000e+02
2.115000e+02 3.060000e+02
2.125000e+02 3.084000e+02
2.135000e+02 3.105000e+02
2.145000e+02 3.126000e+02
2.162500e+02 3.159000e+02
2.180000e+02 3.192000e+02
2.192500e+02 3.213000e+02
2.205000e+02 3.234000e+02
2.217500e+02 3.258000e+02
2.230000e+02 3.282000e+02
2.242500e+02 3.303000e+02
2.255000e+02 3.324000e+02
2.265000e+02 3.339000e+02
2.275000e+02 3.354000e+02
2.282500e+02 3.372000e+02
2.290000e+02 3.390000e+02
2.300000e+02 3.405000e+02
2.310000e+02 3.420000e+02
2.317500e+02 3.432000e+02
2.325000e+02 3.444000e+02
2.330000e+02 3.453000e+02
2.335000e+02 3.462000e+02
2.342500e+02 3.474000e+02
2.350000e+02 3.486000e+02
2.355000e+02 3.492000e+02
2.360000e+02 3.498000e+02
2.362500e+02 3.501000e+02
2.365000e+02 3.504000e+02
2.365000e+02 3.507000e+02
2.365000e+02 3.510000e+02
2.367500e+02 3.513000e+02
2.370000e+02 3.516000e+02
2.370000e+02 3.519000e+02
2.370000e+02 3.522000e+02
2.372500e+02 3.525000e+02
2.375000e+02 3.528000e+02
2.375000e+02 3.528000e+02
2.375000e+02 3.528000e+02
2.375000e+02 3.528000e+02
2.375000e+02 3.528000e+02
2.377500e+02 3.528000e+02
2.380000e+02 3.528000e+02
2.380000e+02 3.528000e+02
2.380000e+02 3.528000e+02
2.380000e+02 3.528000e+02
2.380000e+02 3.528000e+02
2.380000e+02 3.528000e+02
2.380000e+02 3.528000e+02
2.380000e+02 3.528000e+02
2.380000e+02 3.528000e+02
2.380000e+02 3.528000e+02
2.380000e+02 3.528000e+02
2.380000e+02 3.528000e+02
2.380000e+02 3.528000e+02
2.380000e+02 3.528000e+02
2.380000e+02 3.528000e+02
2.382500e+02 3.528000e+02
2.385000e+02 3.528000e+02
2.385000e+02 3.528000e+02
2.385000e+02 3.528000e+02
2.385000e+02 3.528000e+02
2.385000e+02 3.528000e+02
2.385000e+02 3.528000e+02
2.385000e+02 3.528000e+02
2.385000e+02 3.525000e+02
2.385000e+02 3.522000e+02
2.387500e+02 3.522000e+02
2.390000e+02 3.522000e+02
2.392500e+02 3.519000e+02
2.395000e+02 3.516000e+02
2.397500e+02 3.513000e+02
2.400000e+02 3.510000e+02
2.405000e+02 3.504000e+02
2.410000e+02 3.498000e+02
2.417500e+02 3.489000e+02
2.425000e+02 3.480000e+02
2.430000e+02 3.474000e+02
2.435000e+02 3.468000e+02
2.452500e+02 3.444000e+02
2.470000e+02 3.420000e+02
2.487500e+02 3.399000e+02
2.505000e+02 3.378000e+02
2.522500e+02 3.351000e+02
2.540000e+02 3.324000e+02
2.562500e+02 3.297000e+02
2.585000e+02 3.270000e+02
2.607500e+02 3.243000e+02
2.630000e+02 3.216000e+02
2.657500e+02 3.180000e+02
2.685000e+02 3.144000e+02
2.715000e+02 3.111000e+02
2.745000e+02 3.078000e+02
2.780000e+02 3.042000e+02
2.815000e+02 3.006000e+02
2.847500e+02 2.970000e+02
2.880000e+02 2.934000e+02
2.917500e+02 2.898000e+02
2.955000e+02 2.862000e+02
3.012500e+02 2.805000e+02
3.070000e+02 2.748000e+02
3.107500e+02 2.712000e+02
3.145000e+02 2.676000e+02
3.185000e+02 2.634000e+02
3.225000e+02 2.592000e+02
3.267500e+02 2.556000e+02
3.310000e+02 2.520000e+02
3.350000e+02 2.478000e+02
3.390000e+02 2.436000e+02
3.432500e+02 2.400000e+02
3.475000e+02 2.364000e+02
3.517500e+02 2.325000e+02
3.560000e+02 2.286000e+02
3.605000e+02 2.247000e+02
3.650000e+02 2.208000e+02
3.692500e+02 2.175000e+02
3.735000e+02 2.142000e+02
3.780000e+02 2.103000e+02
3.825000e+02 2.064000e+02
3.867500e+02 2.034000e+02
3.910000e+02 2.004000e+02
3.950000e+02 1.971000e+02
3.990000e+02 1.938000e+02
4.027500e+02 1.911000e+02
4.065000e+02 1.884000e+02
4.102500e+02 1.857000e+02
4.140000e+02 1.830000e+02
4.177500e+02 1.803000e+02
4.215000e+02 1.776000e+02
4.255000e+02 1.752000e+02
4.295000e+02 1.728000e+02
4.330000e+02 1.704000e+02
4.365000e+02 1.680000e+02
4.400000e+02 1.659000e+02
4.435000e+02 1.638000e+02
4.465000e+02 1.617000e+02
4.495000e+02 1.596000e+02
4.525000e+02 1.575000e+02
4.555000e+02 1.554000e+02
4.582500e+02 1.539000e+02
4.610000e+02 1.524000e+02
4.637500e+02 1.506000e+02
4.665000e+02 1.488000e+02
4.687500e+02 1.473000e+02
4.710000e+02 1.458000e+02
4.775000e+02 1.416000e+02
4.810000e+02 1.398000e+02
4.830000e+02 1.386000e+02
4.845000e+02 1.374000e+02
4.855000e+02 1.368000e+02
4.860000e+02 1.362000e+02
4.865000e+02 1.362000e+02
4.870000e+02 1.362000e+02
4.870000e+02 1.362000e+02
4.875000e+02 1.362000e+02
4.875000e+02 1.362000e+02
4.880000e+02 1.368000e+02
4.880000e+02 1.368000e+02
