3.860000e+02 9.660000e+01
3.860000e+02 9.660000e+01
3.860000e+02 9.660000e+01
3.860000e+02 9.660000e+01
3.860000e+02 9.660000e+01
3.860000e+02 9.660000e+01
3.860000e+02 9.660000e+01
3.860000e+02 9.660000e+01
3.860000e+02 9.660000e+01
3.860000e+02 9.630000e+01
3.860000e+02 9.600000e+01
3.860000e+02 9.600000e+01
3.860000e+02 9.600000e+01
3.860000e+02 9.600000e+01
3.860000e+02 9.600000e+01
3.860000e+02 9.600000e+01
3.860000e+02 9.600000e+01
3.862500e+02 9.600000e+01
3.865000e+02 9.600000e+01
3.867500e+02 9.600000e+01
3.870000e+02 9.600000e+01
3.872500e+02 9.600000e+01
3.875000e+02 9.600000e+01
3.885000e+02 9.630000e+01
3.895000e+02 9.660000e+01
3.912500e+02 9.690000e+01
3.930000e+02 9.720000e+01
3.950000e+02 9.750000e+01
3.970000e+02 9.780000e+01
4.000000e+02 9.780000e+01
4.030000e+02 9.780000e+01
4.060000e+02 9.780000e+01
4.090000e+02 9.780000e+01
4.125000e+02 9.780000e+01
4.160000e+02 9.780000e+01
4.190000e+02 9.780000e+01
4.220000e+02 9.780000e+01
4.272500e+02 9.750000e+01
4.325000e+02 9.720000e+01
4.382500e+02 9.660000e+01
4.440000e+02 9.600000e+01
4.495000e+02 9.570000e+01
4.550000e+02 9.540000e+01
4.565000e+02 9.540000e+01
4.580000e+02 9.540000e+01
4.617500e+02 9.480000e+01
4.655000e+02 9.420000e+01
4.685000e+02 9.420000e+01
4.715000e+02 9.420000e+01
4.752500e+02 9.390000e+01
4.790000e+02 9.360000e+01
4.820000e+02 9.360000e+01
4.850000e+02 9.360000e+01
4.885000e+02 9.330000e+01
4.920000e+02 9.300000e+01
4.945000e+02 9.300000e+01
4.970000e+02 9.300000e+01
4.997500e+02 9.300000e+01
5.025000e+02 9.300000e+01
5.045000e+02 9.300000e+01
5.065000e+02 9.300000e+01
5.080000e+02 9.300000e+01
5.095000e+02 9.300000e+01
5.105000e+02 9.300000e+01
5.115000e+02 9.300000e+01
5.125000e+02 9.300000e+01
5.135000e+02 9.300000e+01
5.137500e+02 9.330000e+01
5.140000e+02 9.360000e+01
5.142500e+02 9.360000e+01
5.145000e+02 9.360000e+01
5.145000e+02 9.360000e+01
5.145000e+02 9.360000e+01
5.147500e+02 9.360000e+01
5.150000e+02 9.360000e+01
5.150000e+02 9.390000e+01
5.150000e+02 9.420000e+01
5.150000e+02 9.420000e+01
5.150000e+02 9.420000e+01
5.150000e+02 9.450000e+01
5.150000e+02 9.480000e+01
5.150000e+02 9.510000e+01
5.150000e+02 9.540000e+01
5.150000e+02 9.570000e+01
5.150000e+02 9.600000e+01
5.150000e+02 9.690000e+01
5.150000e+02 9.780000e+01
5.147500e+02 9.900000e+01
5.145000e+02 1.002000e+02
5.145000e+02 1.026000e+02
5.145000e+02 1.050000e+02
5.145000e+02 1.071000e+02
5.145000e+02 1.092000e+02
5.145000e+02 1.119000e+02
5.145000e+02 1.146000e+02
5.145000e+02 1.173000e+02
5.145000e+02 1.200000e+02
5.145000e+02 1.233000e+02
5.145000e+02 1.266000e+02
5.145000e+02 1.293000e+02
5.145000e+02 1.320000e+02
5.145000e+02 1.365000e+02
5.145000e+02 1.410000e+02
5.145000e+02 1.449000e+02
5.145000e+02 1.488000e+02
5.145000e+02 1.548000e+02
5.140000e+02 1.602000e+02
5.140000e+02 1.650000e+02
5.140000e+02 1.698000e+02
5.140000e+02 1.752000e+02
5.135000e+02 1.794000e+02
5.135000e+02 1.836000e+02
5.135000e+02 1.878000e+02
5.135000e+02 1.908000e+02
5.130000e+02 1.938000e+02
5.130000e+02 1.968000e+02
5.125000e+02 1.998000e+02
5.120000e+02 2.010000e+02
5.120000e+02 2.022000e+02
5.115000e+02 2.028000e+02
5.115000e+02 2.040000e+02
5.110000e+02 2.046000e+02
5.105000e+02 2.052000e+02
5.100000e+02 2.052000e+02
5.090000e+02 2.058000e+02
5.070000e+02 2.064000e+02
4.990000e+02 2.070000e+02
4.910000e+02 2.070000e+02
4.810000e+02 2.064000e+02
4.700000e+02 2.064000e+02
4.580000e+02 2.064000e+02
4.475000e+02 2.070000e+02
4.380000e+02 2.076000e+02
4.265000e+02 2.082000e+02
4.170000e+02 2.088000e+02
4.110000e+02 2.088000e+02
4.065000e+02 2.088000e+02
4.020000e+02 2.088000e+02
3.975000e+02 2.088000e+02
3.925000e+02 2.094000e+02
3.875000e+02 2.094000e+02
3.830000e+02 2.100000e+02
3.790000e+02 2.100000e+02
3.745000e+02 2.106000e+02
3.710000e+02 2.112000e+02
3.685000e+02 2.112000e+02
3.660000e+02 2.112000e+02
3.640000e+02 2.118000e+02
3.615000e+02 2.118000e+02
3.595000e+02 2.118000e+02
3.575000e+02 2.118000e+02
3.550000e+02 2.118000e+02
3.535000e+02 2.118000e+02
3.525000e+02 2.118000e+02
3.520000e+02 2.124000e+02
3.510000e+02 2.124000e+02
3.500000e+02 2.124000e+02
3.490000e+02 2.118000e+02
3.480000e+02 2.118000e+02
3.475000e+02 2.118000e+02
3.465000e+02 2.112000e+02
3.460000e+02 2.106000e+02
3.460000e+02 2.100000e+02
3.450000e+02 2.088000e+02
3.445000e+02 2.070000e+02
3.440000e+02 2.046000e+02
3.435000e+02 2.022000e+02
3.425000e+02 1.980000e+02
3.420000e+02 1.938000e+02
3.415000e+02 1.902000e+02
3.405000e+02 1.854000e+02
3.400000e+02 1.806000e+02
3.395000e+02 1.752000e+02
3.395000e+02 1.680000e+02
3.395000e+02 1.614000e+02
3.395000e+02 1.542000e+02
3.400000e+02 1.476000e+02
3.400000e+02 1.410000e+02
3.400000e+02 1.344000e+02
3.400000e+02 1.284000e+02
3.400000e+02 1.224000e+02
3.405000e+02 1.170000e+02
3.405000e+02 1.110000e+02
3.410000e+02 1.044000e+02
3.415000e+02 9.780000e+01
3.425000e+02 9.120000e+01
3.435000e+02 8.520000e+01
3.445000e+02 7.920000e+01
3.450000e+02 7.380000e+01
3.455000e+02 6.960000e+01
3.460000e+02 6.540000e+01
3.460000e+02 6.420000e+01
3.460000e+02 6.240000e+01
3.460000e+02 6.180000e+01
3.460000e+02 6.120000e+01
3.460000e+02 6.120000e+01
3.460000e+02 6.120000e+01
3.465000e+02 6.180000e+01
3.465000e+02 6.240000e+01
3.465000e+02 6.240000e+01
