2.270000e+02 1.236000e+02
2.270000e+02 1.236000e+02
2.270000e+02 1.236000e+02
2.270000e+02 1.236000e+02
2.270000e+02 1.236000e+02
2.270000e+02 1.236000e+02
2.270000e+02 1.236000e+02
2.270000e+02 1.236000e+02
2.270000e+02 1.236000e+02
2.272500e+02 1.239000e+02
2.275000e+02 1.242000e+02
2.277500e+02 1.248000e+02
2.280000e+02 1.254000e+02
2.285000e+02 1.263000e+02
2.290000e+02 1.272000e+02
2.295000e+02 1.290000e+02
2.300000e+02 1.308000e+02
2.310000e+02 1.350000e+02
2.325000e+02 1.410000e+02
2.340000e+02 1.440000e+02
2.365000e+02 1.500000e+02
2.380000e+02 1.530000e+02
2.410000e+02 1.590000e+02
2.430000e+02 1.626000e+02
2.470000e+02 1.692000e+02
2.510000e+02 1.758000e+02
2.550000e+02 1.836000e+02
2.600000e+02 1.914000e+02
2.645000e+02 2.010000e+02
2.670000e+02 2.058000e+02
2.695000e+02 2.106000e+02
2.745000e+02 2.196000e+02
2.770000e+02 2.244000e+02
2.820000e+02 2.334000e+02
2.875000e+02 2.424000e+02
2.900000e+02 2.466000e+02
2.945000e+02 2.550000e+02
2.990000e+02 2.634000e+02
3.035000e+02 2.730000e+02
3.055000e+02 2.778000e+02
3.100000e+02 2.880000e+02
3.115000e+02 2.922000e+02
3.155000e+02 3.018000e+02
3.185000e+02 3.102000e+02
3.200000e+02 3.144000e+02
3.235000e+02 3.222000e+02
3.270000e+02 3.294000e+02
3.285000e+02 3.330000e+02
3.315000e+02 3.396000e+02
3.345000e+02 3.462000e+02
3.360000e+02 3.492000e+02
3.390000e+02 3.558000e+02
3.400000e+02 3.588000e+02
3.425000e+02 3.636000e+02
3.445000e+02 3.678000e+02
3.460000e+02 3.726000e+02
3.475000e+02 3.762000e+02
3.485000e+02 3.780000e+02
3.490000e+02 3.810000e+02
3.500000e+02 3.840000e+02
3.505000e+02 3.852000e+02
3.510000e+02 3.876000e+02
3.515000e+02 3.894000e+02
3.515000e+02 3.912000e+02
3.515000e+02 3.918000e+02
3.515000e+02 3.936000e+02
3.515000e+02 3.948000e+02
3.515000e+02 3.954000e+02
3.510000e+02 3.960000e+02
3.505000e+02 3.972000e+02
3.500000e+02 3.978000e+02
3.490000e+02 3.978000e+02
3.475000e+02 3.984000e+02
3.465000e+02 3.984000e+02
3.445000e+02 3.990000e+02
3.420000e+02 3.990000e+02
3.405000e+02 3.996000e+02
3.370000e+02 4.002000e+02
3.335000e+02 4.008000e+02
3.315000e+02 4.014000e+02
3.275000e+02 4.026000e+02
3.230000e+02 4.038000e+02
3.205000e+02 4.044000e+02
3.160000e+02 4.056000e+02
3.110000e+02 4.068000e+02
3.080000e+02 4.074000e+02
3.030000e+02 4.074000e+02
3.000000e+02 4.080000e+02
2.940000e+02 4.086000e+02
2.875000e+02 4.098000e+02
2.845000e+02 4.098000e+02
2.785000e+02 4.110000e+02
2.720000e+02 4.116000e+02
2.685000e+02 4.122000e+02
2.625000e+02 4.128000e+02
2.560000e+02 4.128000e+02
2.530000e+02 4.134000e+02
2.470000e+02 4.134000e+02
2.415000e+02 4.134000e+02
2.385000e+02 4.134000e+02
2.330000e+02 4.134000e+02
2.275000e+02 4.134000e+02
2.250000e+02 4.134000e+02
2.200000e+02 4.134000e+02
2.155000e+02 4.134000e+02
2.135000e+02 4.140000e+02
2.095000e+02 4.140000e+02
2.060000e+02 4.146000e+02
2.045000e+02 4.146000e+02
2.020000e+02 4.146000e+02
2.000000e+02 4.146000e+02
1.995000e+02 4.146000e+02
1.990000e+02 4.146000e+02
1.985000e+02 4.140000e+02
1.990000e+02 4.128000e+02
1.990000e+02 4.122000e+02
2.000000e+02 4.104000e+02
2.005000e+02 4.092000e+02
2.020000e+02 4.074000e+02
2.030000e+02 4.050000e+02
2.045000e+02 4.026000e+02
2.050000e+02 4.020000e+02
2.065000e+02 4.002000e+02
2.075000e+02 3.990000e+02
2.090000e+02 3.972000e+02
2.100000e+02 3.960000e+02
2.115000e+02 3.942000e+02
2.140000e+02 3.918000e+02
2.160000e+02 3.888000e+02
2.170000e+02 3.876000e+02
2.200000e+02 3.852000e+02
2.230000e+02 3.810000e+02
2.245000e+02 3.792000e+02
2.280000e+02 3.756000e+02
2.315000e+02 3.720000e+02
2.350000e+02 3.678000e+02
2.385000e+02 3.630000e+02
2.410000e+02 3.606000e+02
2.430000e+02 3.582000e+02
2.470000e+02 3.534000e+02
2.490000e+02 3.510000e+02
2.535000e+02 3.462000e+02
2.585000e+02 3.408000e+02
2.630000e+02 3.354000e+02
2.655000e+02 3.330000e+02
2.710000e+02 3.276000e+02
2.760000e+02 3.216000e+02
2.785000e+02 3.186000e+02
2.840000e+02 3.132000e+02
2.890000e+02 3.072000e+02
2.920000e+02 3.042000e+02
2.975000e+02 2.988000e+02
3.030000e+02 2.928000e+02
3.060000e+02 2.892000e+02
3.115000e+02 2.832000e+02
3.180000e+02 2.766000e+02
3.205000e+02 2.730000e+02
3.265000e+02 2.670000e+02
3.330000e+02 2.598000e+02
3.360000e+02 2.568000e+02
3.425000e+02 2.496000e+02
3.490000e+02 2.424000e+02
3.520000e+02 2.394000e+02
3.580000e+02 2.328000e+02
3.640000e+02 2.262000e+02
3.675000e+02 2.226000e+02
3.740000e+02 2.154000e+02
3.805000e+02 2.082000e+02
3.870000e+02 2.016000e+02
3.930000e+02 1.950000e+02
3.990000e+02 1.878000e+02
4.025000e+02 1.842000e+02
4.085000e+02 1.782000e+02
4.150000e+02 1.710000e+02
4.180000e+02 1.680000e+02
4.235000e+02 1.620000e+02
4.265000e+02 1.590000e+02
4.315000e+02 1.542000e+02
4.360000e+02 1.494000e+02
4.380000e+02 1.476000e+02
4.420000e+02 1.440000e+02
4.460000e+02 1.410000e+02
4.475000e+02 1.398000e+02
4.510000e+02 1.368000e+02
4.535000e+02 1.338000e+02
4.555000e+02 1.320000e+02
4.570000e+02 1.302000e+02
4.585000e+02 1.290000e+02
4.585000e+02 1.284000e+02
4.590000e+02 1.284000e+02
4.595000e+02 1.278000e+02
4.595000e+02 1.278000e+02
4.600000e+02 1.272000e+02
4.600000e+02 1.272000e+02
4.605000e+02 1.272000e+02
4.605000e+02 1.272000e+02
4.605000e+02 1.272000e+02
4.600000e+02 1.266000e+02
4.595000e+02 1.260000e+02
4.595000e+02 1.260000e+02
