2.680000e+02 1.110000e+02
2.680000e+02 1.110000e+02
2.680000e+02 1.110000e+02
2.685000e+02 1.116000e+02
2.690000e+02 1.122000e+02
2.700000e+02 1.137000e+02
2.710000e+02 1.152000e+02
2.717500e+02 1.164000e+02
2.725000e+02 1.176000e+02
2.737500e+02 1.194000e+02
2.750000e+02 1.212000e+02
2.762500e+02 1.239000e+02
2.775000e+02 1.266000e+02
2.782500e+02 1.281000e+02
2.790000e+02 1.296000e+02
2.812500e+02 1.329000e+02
2.835000e+02 1.362000e+02
2.855000e+02 1.398000e+02
2.875000e+02 1.434000e+02
2.885000e+02 1.455000e+02
2.895000e+02 1.476000e+02
2.922500e+02 1.518000e+02
2.950000e+02 1.560000e+02
2.975000e+02 1.605000e+02
3.000000e+02 1.650000e+02
3.015000e+02 1.674000e+02
3.030000e+02 1.698000e+02
3.057500e+02 1.743000e+02
3.085000e+02 1.788000e+02
3.110000e+02 1.833000e+02
3.135000e+02 1.878000e+02
3.165000e+02 1.926000e+02
3.195000e+02 1.974000e+02
3.210000e+02 1.998000e+02
3.225000e+02 2.022000e+02
3.267500e+02 2.097000e+02
3.310000e+02 2.172000e+02
3.337500e+02 2.223000e+02
3.365000e+02 2.274000e+02
3.392500e+02 2.322000e+02
3.420000e+02 2.370000e+02
3.435000e+02 2.394000e+02
3.450000e+02 2.418000e+02
3.475000e+02 2.463000e+02
3.500000e+02 2.508000e+02
3.515000e+02 2.535000e+02
3.530000e+02 2.562000e+02
3.560000e+02 2.607000e+02
3.590000e+02 2.652000e+02
3.620000e+02 2.700000e+02
3.650000e+02 2.748000e+02
3.680000e+02 2.793000e+02
3.710000e+02 2.838000e+02
3.737500e+02 2.883000e+02
3.765000e+02 2.928000e+02
3.792500e+02 2.973000e+02
3.820000e+02 3.018000e+02
3.847500e+02 3.060000e+02
3.875000e+02 3.102000e+02
3.897500e+02 3.141000e+02
3.920000e+02 3.180000e+02
3.932500e+02 3.201000e+02
3.945000e+02 3.222000e+02
3.965000e+02 3.255000e+02
3.985000e+02 3.288000e+02
4.000000e+02 3.321000e+02
4.015000e+02 3.354000e+02
4.027500e+02 3.387000e+02
4.040000e+02 3.420000e+02
4.050000e+02 3.441000e+02
4.060000e+02 3.462000e+02
4.065000e+02 3.483000e+02
4.070000e+02 3.504000e+02
4.072500e+02 3.516000e+02
4.075000e+02 3.528000e+02
4.075000e+02 3.537000e+02
4.075000e+02 3.546000e+02
4.075000e+02 3.552000e+02
4.075000e+02 3.558000e+02
4.070000e+02 3.564000e+02
4.065000e+02 3.570000e+02
4.060000e+02 3.576000e+02
4.055000e+02 3.582000e+02
4.050000e+02 3.585000e+02
4.045000e+02 3.588000e+02
4.030000e+02 3.594000e+02
4.015000e+02 3.600000e+02
3.997500e+02 3.603000e+02
3.980000e+02 3.606000e+02
3.970000e+02 3.609000e+02
3.960000e+02 3.612000e+02
3.935000e+02 3.618000e+02
3.910000e+02 3.624000e+02
3.897500e+02 3.627000e+02
3.885000e+02 3.630000e+02
3.852500e+02 3.639000e+02
3.820000e+02 3.648000e+02
3.785000e+02 3.660000e+02
3.750000e+02 3.672000e+02
3.732500e+02 3.675000e+02
3.715000e+02 3.678000e+02
3.670000e+02 3.687000e+02
3.625000e+02 3.696000e+02
3.577500e+02 3.711000e+02
3.530000e+02 3.726000e+02
3.505000e+02 3.735000e+02
3.480000e+02 3.744000e+02
3.430000e+02 3.759000e+02
3.380000e+02 3.774000e+02
3.327500e+02 3.789000e+02
3.275000e+02 3.804000e+02
3.250000e+02 3.810000e+02
3.225000e+02 3.816000e+02
3.125000e+02 3.840000e+02
3.030000e+02 3.864000e+02
2.980000e+02 3.870000e+02
2.890000e+02 3.882000e+02
2.800000e+02 3.894000e+02
2.760000e+02 3.900000e+02
2.680000e+02 3.912000e+02
2.640000e+02 3.918000e+02
2.560000e+02 3.930000e+02
2.485000e+02 3.936000e+02
2.415000e+02 3.954000e+02
2.350000e+02 3.960000e+02
2.290000e+02 3.972000e+02
2.235000e+02 3.984000e+02
2.180000e+02 3.996000e+02
2.160000e+02 4.002000e+02
2.125000e+02 4.008000e+02
2.100000e+02 4.008000e+02
2.095000e+02 4.014000e+02
2.085000e+02 4.014000e+02
2.080000e+02 4.014000e+02
2.085000e+02 4.002000e+02
2.090000e+02 3.996000e+02
2.120000e+02 3.984000e+02
2.150000e+02 3.948000e+02
2.195000e+02 3.912000e+02
2.240000e+02 3.864000e+02
2.270000e+02 3.834000e+02
2.335000e+02 3.774000e+02
2.370000e+02 3.738000e+02
2.450000e+02 3.666000e+02
2.490000e+02 3.624000e+02
2.575000e+02 3.546000e+02
2.660000e+02 3.474000e+02
2.705000e+02 3.432000e+02
2.800000e+02 3.354000e+02
2.900000e+02 3.264000e+02
3.000000e+02 3.174000e+02
3.110000e+02 3.078000e+02
3.160000e+02 3.036000e+02
3.270000e+02 2.940000e+02
3.325000e+02 2.898000e+02
3.435000e+02 2.808000e+02
3.550000e+02 2.718000e+02
3.670000e+02 2.616000e+02
3.785000e+02 2.526000e+02
3.900000e+02 2.436000e+02
3.955000e+02 2.394000e+02
4.065000e+02 2.298000e+02
4.165000e+02 2.220000e+02
4.270000e+02 2.136000e+02
4.365000e+02 2.064000e+02
4.450000e+02 1.986000e+02
4.495000e+02 1.950000e+02
4.540000e+02 1.914000e+02
4.615000e+02 1.848000e+02
4.690000e+02 1.782000e+02
4.760000e+02 1.716000e+02
4.790000e+02 1.686000e+02
4.850000e+02 1.632000e+02
4.905000e+02 1.584000e+02
4.930000e+02 1.560000e+02
4.980000e+02 1.512000e+02
5.000000e+02 1.494000e+02
5.045000e+02 1.458000e+02
5.085000e+02 1.428000e+02
5.100000e+02 1.410000e+02
5.125000e+02 1.386000e+02
5.145000e+02 1.374000e+02
5.155000e+02 1.362000e+02
5.165000e+02 1.350000e+02
5.175000e+02 1.344000e+02
5.175000e+02 1.338000e+02
5.180000e+02 1.332000e+02
5.185000e+02 1.326000e+02
5.185000e+02 1.326000e+02
5.185000e+02 1.320000e+02
5.190000e+02 1.320000e+02
5.190000e+02 1.320000e+02
5.190000e+02 1.314000e+02
5.190000e+02 1.314000e+02
5.190000e+02 1.314000e+02
5.190000e+02 1.314000e+02
5.190000e+02 1.314000e+02
5.190000e+02 1.314000e+02
5.190000e+02 1.308000e+02
5.190000e+02 1.308000e+02
