1.765000e+02 1.908000e+02
1.765000e+02 1.908000e+02
1.765000e+02 1.908000e+02
1.765000e+02 1.908000e+02
1.765000e+02 1.908000e+02
1.765000e+02 1.908000e+02
1.765000e+02 1.908000e+02
1.765000e+02 1.908000e+02
1.765000e+02 1.908000e+02
1.765000e+02 1.908000e+02
1.765000e+02 1.908000e+02
1.765000e+02 1.908000e+02
1.765000e+02 1.908000e+02
1.765000e+02 1.908000e+02
1.765000e+02 1.908000e+02
1.765000e+02 1.908000e+02
1.765000e+02 1.908000e+02
1.767500e+02 1.911000e+02
1.770000e+02 1.914000e+02
1.770000e+02 1.917000e+02
1.770000e+02 1.920000e+02
1.775000e+02 1.926000e+02
1.780000e+02 1.932000e+02
1.782500e+02 1.938000e+02
1.785000e+02 1.944000e+02
1.792500e+02 1.953000e+02
1.800000e+02 1.962000e+02
1.807500e+02 1.974000e+02
1.815000e+02 1.986000e+02
1.822500e+02 1.998000e+02
1.830000e+02 2.010000e+02
1.840000e+02 2.022000e+02
1.850000e+02 2.034000e+02
1.860000e+02 2.052000e+02
1.870000e+02 2.070000e+02
1.880000e+02 2.085000e+02
1.890000e+02 2.100000e+02
1.905000e+02 2.118000e+02
1.920000e+02 2.136000e+02
1.932500e+02 2.154000e+02
1.945000e+02 2.172000e+02
1.960000e+02 2.190000e+02
1.975000e+02 2.208000e+02
1.987500e+02 2.226000e+02
2.000000e+02 2.244000e+02
2.015000e+02 2.265000e+02
2.030000e+02 2.286000e+02
2.047500e+02 2.307000e+02
2.065000e+02 2.328000e+02
2.080000e+02 2.349000e+02
2.095000e+02 2.370000e+02
2.110000e+02 2.391000e+02
2.125000e+02 2.412000e+02
2.142500e+02 2.433000e+02
2.160000e+02 2.454000e+02
2.175000e+02 2.478000e+02
2.190000e+02 2.502000e+02
2.212500e+02 2.532000e+02
2.235000e+02 2.562000e+02
2.247500e+02 2.583000e+02
2.260000e+02 2.604000e+02
2.272500e+02 2.622000e+02
2.285000e+02 2.640000e+02
2.300000e+02 2.661000e+02
2.315000e+02 2.682000e+02
2.327500e+02 2.703000e+02
2.340000e+02 2.724000e+02
2.350000e+02 2.739000e+02
2.360000e+02 2.754000e+02
2.370000e+02 2.769000e+02
2.380000e+02 2.784000e+02
2.392500e+02 2.802000e+02
2.405000e+02 2.820000e+02
2.415000e+02 2.838000e+02
2.425000e+02 2.856000e+02
2.435000e+02 2.868000e+02
2.445000e+02 2.880000e+02
2.455000e+02 2.892000e+02
2.465000e+02 2.904000e+02
2.475000e+02 2.919000e+02
2.485000e+02 2.934000e+02
2.495000e+02 2.949000e+02
2.505000e+02 2.964000e+02
2.512500e+02 2.976000e+02
2.520000e+02 2.988000e+02
2.525000e+02 2.994000e+02
2.530000e+02 3.000000e+02
2.532500e+02 3.003000e+02
2.535000e+02 3.006000e+02
2.537500e+02 3.012000e+02
2.540000e+02 3.018000e+02
2.542500e+02 3.021000e+02
2.545000e+02 3.024000e+02
2.547500e+02 3.024000e+02
2.550000e+02 3.024000e+02
2.552500e+02 3.027000e+02
2.555000e+02 3.030000e+02
2.555000e+02 3.033000e+02
2.555000e+02 3.036000e+02
2.557500e+02 3.036000e+02
2.560000e+02 3.036000e+02
2.560000e+02 3.039000e+02
2.560000e+02 3.042000e+02
2.560000e+02 3.042000e+02
2.560000e+02 3.042000e+02
2.560000e+02 3.042000e+02
2.560000e+02 3.042000e+02
2.560000e+02 3.042000e+02
2.560000e+02 3.042000e+02
2.560000e+02 3.042000e+02
2.560000e+02 3.042000e+02
2.562500e+02 3.045000e+02
2.565000e+02 3.048000e+02
2.565000e+02 3.048000e+02
2.565000e+02 3.048000e+02
2.565000e+02 3.048000e+02
2.565000e+02 3.048000e+02
2.565000e+02 3.045000e+02
2.565000e+02 3.042000e+02
2.567500e+02 3.042000e+02
2.570000e+02 3.042000e+02
2.570000e+02 3.042000e+02
2.570000e+02 3.042000e+02
2.572500e+02 3.039000e+02
2.575000e+02 3.036000e+02
2.580000e+02 3.030000e+02
2.585000e+02 3.024000e+02
2.595000e+02 3.015000e+02
2.605000e+02 3.006000e+02
2.617500e+02 2.991000e+02
2.630000e+02 2.976000e+02
2.650000e+02 2.955000e+02
2.670000e+02 2.934000e+02
2.690000e+02 2.913000e+02
2.710000e+02 2.892000e+02
2.730000e+02 2.868000e+02
2.750000e+02 2.844000e+02
2.777500e+02 2.817000e+02
2.805000e+02 2.790000e+02
2.827500e+02 2.766000e+02
2.850000e+02 2.742000e+02
2.887500e+02 2.706000e+02
2.925000e+02 2.670000e+02
2.947500e+02 2.646000e+02
2.970000e+02 2.622000e+02
2.997500e+02 2.595000e+02
3.025000e+02 2.568000e+02
3.052500e+02 2.541000e+02
3.080000e+02 2.514000e+02
3.107500e+02 2.487000e+02
3.135000e+02 2.460000e+02
3.162500e+02 2.433000e+02
3.190000e+02 2.406000e+02
3.215000e+02 2.382000e+02
3.240000e+02 2.358000e+02
3.267500e+02 2.328000e+02
3.295000e+02 2.298000e+02
3.322500e+02 2.271000e+02
3.350000e+02 2.244000e+02
3.380000e+02 2.220000e+02
3.410000e+02 2.196000e+02
3.435000e+02 2.175000e+02
3.460000e+02 2.154000e+02
3.490000e+02 2.124000e+02
3.520000e+02 2.094000e+02
3.550000e+02 2.070000e+02
3.580000e+02 2.046000e+02
3.612500e+02 2.022000e+02
3.645000e+02 1.998000e+02
3.677500e+02 1.971000e+02
3.710000e+02 1.944000e+02
3.765000e+02 1.896000e+02
3.855000e+02 1.830000e+02
3.920000e+02 1.776000e+02
3.970000e+02 1.734000e+02
4.025000e+02 1.692000e+02
4.080000e+02 1.650000e+02
4.130000e+02 1.614000e+02
4.185000e+02 1.572000e+02
4.235000e+02 1.536000e+02
4.280000e+02 1.500000e+02
4.325000e+02 1.470000e+02
4.360000e+02 1.440000e+02
4.405000e+02 1.416000e+02
4.440000e+02 1.392000e+02
4.470000e+02 1.374000e+02
4.490000e+02 1.356000e+02
4.510000e+02 1.338000e+02
4.525000e+02 1.332000e+02
4.535000e+02 1.320000e+02
4.545000e+02 1.314000e+02
4.555000e+02 1.308000e+02
4.560000e+02 1.308000e+02
4.565000e+02 1.302000e+02
4.565000e+02 1.302000e+02
4.565000e+02 1.302000e+02
4.570000e+02 1.302000e+02
4.570000e+02 1.308000e+02
4.575000e+02 1.314000e+02
4.575000e+02 1.314000e+02
