2.485000e+02 3.282000e+02
2.485000e+02 3.282000e+02
2.485000e+02 3.282000e+02
2.485000e+02 3.282000e+02
2.485000e+02 3.282000e+02
2.486250e+02 3.274500e+02
2.487500e+02 3.267000e+02
2.488750e+02 3.259500e+02
2.490000e+02 3.252000e+02
2.490000e+02 3.246000e+02
2.490000e+02 3.240000e+02
2.490000e+02 3.234000e+02
2.490000e+02 3.228000e+02
2.493750e+02 3.216000e+02
2.497500e+02 3.204000e+02
2.501250e+02 3.192000e+02
2.505000e+02 3.180000e+02
2.507500e+02 3.165000e+02
2.510000e+02 3.150000e+02
2.512500e+02 3.135000e+02
2.515000e+02 3.120000e+02
2.516250e+02 3.111000e+02
2.517500e+02 3.102000e+02
2.518750e+02 3.093000e+02
2.520000e+02 3.084000e+02
2.522500e+02 3.066000e+02
2.525000e+02 3.048000e+02
2.527500e+02 3.030000e+02
2.530000e+02 3.012000e+02
2.532500e+02 2.991000e+02
2.535000e+02 2.970000e+02
2.537500e+02 2.949000e+02
2.540000e+02 2.928000e+02
2.542500e+02 2.905500e+02
2.545000e+02 2.883000e+02
2.547500e+02 2.860500e+02
2.550000e+02 2.838000e+02
2.551250e+02 2.824500e+02
2.552500e+02 2.811000e+02
2.553750e+02 2.797500e+02
2.555000e+02 2.784000e+02
2.556250e+02 2.755500e+02
2.557500e+02 2.727000e+02
2.558750e+02 2.698500e+02
2.560000e+02 2.670000e+02
2.561250e+02 2.655000e+02
2.562500e+02 2.640000e+02
2.563750e+02 2.625000e+02
2.565000e+02 2.610000e+02
2.568750e+02 2.580000e+02
2.572500e+02 2.550000e+02
2.576250e+02 2.520000e+02
2.580000e+02 2.490000e+02
2.583750e+02 2.460000e+02
2.587500e+02 2.430000e+02
2.591250e+02 2.400000e+02
2.595000e+02 2.370000e+02
2.601250e+02 2.338500e+02
2.607500e+02 2.307000e+02
2.613750e+02 2.275500e+02
2.620000e+02 2.244000e+02
2.626250e+02 2.214000e+02
2.632500e+02 2.184000e+02
2.638750e+02 2.154000e+02
2.645000e+02 2.124000e+02
2.652500e+02 2.095500e+02
2.660000e+02 2.067000e+02
2.675000e+02 2.010000e+02
2.680000e+02 1.980000e+02
2.685000e+02 1.950000e+02
2.697500e+02 1.899000e+02
2.710000e+02 1.848000e+02
2.722500e+02 1.797000e+02
2.735000e+02 1.746000e+02
2.747500e+02 1.701000e+02
2.760000e+02 1.656000e+02
2.762500e+02 1.632000e+02
2.765000e+02 1.608000e+02
2.775000e+02 1.569000e+02
2.785000e+02 1.530000e+02
2.790000e+02 1.494000e+02
2.795000e+02 1.458000e+02
2.800000e+02 1.440000e+02
2.805000e+02 1.422000e+02
2.810000e+02 1.392000e+02
2.815000e+02 1.362000e+02
2.820000e+02 1.335000e+02
2.825000e+02 1.308000e+02
2.830000e+02 1.287000e+02
2.835000e+02 1.266000e+02
2.840000e+02 1.245000e+02
2.845000e+02 1.224000e+02
2.850000e+02 1.215000e+02
2.855000e+02 1.206000e+02
2.860000e+02 1.191000e+02
2.865000e+02 1.176000e+02
2.870000e+02 1.170000e+02
2.875000e+02 1.164000e+02
2.880000e+02 1.155000e+02
2.885000e+02 1.146000e+02
2.892500e+02 1.143000e+02
2.900000e+02 1.140000e+02
2.905000e+02 1.140000e+02
2.910000e+02 1.140000e+02
2.917500e+02 1.140000e+02
2.925000e+02 1.140000e+02
2.932500e+02 1.152000e+02
2.940000e+02 1.164000e+02
2.952500e+02 1.179000e+02
2.965000e+02 1.194000e+02
2.970000e+02 1.200000e+02
2.975000e+02 1.206000e+02
2.990000e+02 1.227000e+02
3.005000e+02 1.248000e+02
3.020000e+02 1.275000e+02
3.035000e+02 1.302000e+02
3.052500e+02 1.329000e+02
3.070000e+02 1.356000e+02
3.090000e+02 1.389000e+02
3.110000e+02 1.422000e+02
3.127500e+02 1.449000e+02
3.145000e+02 1.476000e+02
3.170000e+02 1.515000e+02
3.195000e+02 1.554000e+02
3.217500e+02 1.590000e+02
3.240000e+02 1.626000e+02
3.252500e+02 1.647000e+02
3.265000e+02 1.668000e+02
3.292500e+02 1.710000e+02
3.320000e+02 1.752000e+02
3.347500e+02 1.797000e+02
3.375000e+02 1.842000e+02
3.392500e+02 1.863000e+02
3.410000e+02 1.884000e+02
3.437500e+02 1.929000e+02
3.465000e+02 1.974000e+02
3.497500e+02 2.019000e+02
3.530000e+02 2.064000e+02
3.545000e+02 2.088000e+02
3.560000e+02 2.112000e+02
3.590000e+02 2.157000e+02
3.620000e+02 2.202000e+02
3.647500e+02 2.247000e+02
3.675000e+02 2.292000e+02
3.690000e+02 2.313000e+02
3.705000e+02 2.334000e+02
3.732500e+02 2.382000e+02
3.760000e+02 2.430000e+02
3.787500e+02 2.475000e+02
3.815000e+02 2.520000e+02
3.827500e+02 2.544000e+02
3.840000e+02 2.568000e+02
3.865000e+02 2.610000e+02
3.890000e+02 2.652000e+02
3.912500e+02 2.697000e+02
3.935000e+02 2.742000e+02
3.947500e+02 2.760000e+02
3.960000e+02 2.778000e+02
3.977500e+02 2.820000e+02
3.995000e+02 2.862000e+02
4.012500e+02 2.901000e+02
4.030000e+02 2.940000e+02
4.045000e+02 2.973000e+02
4.060000e+02 3.006000e+02
4.070000e+02 3.024000e+02
4.080000e+02 3.042000e+02
4.095000e+02 3.075000e+02
4.110000e+02 3.108000e+02
4.122500e+02 3.135000e+02
4.135000e+02 3.162000e+02
4.140000e+02 3.171000e+02
4.145000e+02 3.180000e+02
4.155000e+02 3.204000e+02
4.165000e+02 3.228000e+02
4.175000e+02 3.246000e+02
4.185000e+02 3.264000e+02
4.195000e+02 3.279000e+02
4.205000e+02 3.294000e+02
4.215000e+02 3.306000e+02
4.225000e+02 3.318000e+02
4.230000e+02 3.321000e+02
4.235000e+02 3.324000e+02
4.242500e+02 3.330000e+02
4.250000e+02 3.336000e+02
4.257500e+02 3.339000e+02
4.265000e+02 3.342000e+02
4.267500e+02 3.345000e+02
4.270000e+02 3.348000e+02
4.272500e+02 3.348000e+02
4.275000e+02 3.348000e+02
4.277500e+02 3.345000e+02
4.280000e+02 3.342000e+02
4.277500e+02 3.339000e+02
4.275000e+02 3.336000e+02
4.267500e+02 3.327000e+02
4.260000e+02 3.318000e+02
4.255000e+02 3.315000e+02
4.250000e+02 3.312000e+02
4.250000e+02 3.312000e+02
4.250000e+02 3.312000e+02
