1.285000e+02 9.840000e+01
1.285000e+02 9.840000e+01
1.285000e+02 9.840000e+01
1.282500e+02 9.810000e+01
1.280000e+02 9.780000e+01
1.280000e+02 9.750000e+01
1.280000e+02 9.720000e+01
1.280000e+02 9.690000e+01
1.280000e+02 9.660000e+01
1.277500e+02 9.630000e+01
1.275000e+02 9.600000e+01
1.275000e+02 9.600000e+01
1.275000e+02 9.600000e+01
1.275000e+02 9.600000e+01
1.275000e+02 9.600000e+01
1.275000e+02 9.600000e+01
1.275000e+02 9.600000e+01
1.277500e+02 9.660000e+01
1.280000e+02 9.720000e+01
1.285000e+02 9.840000e+01
1.290000e+02 9.960000e+01
1.297500e+02 1.017000e+02
1.305000e+02 1.038000e+02
1.322500e+02 1.077000e+02
1.340000e+02 1.116000e+02
1.350000e+02 1.146000e+02
1.360000e+02 1.176000e+02
1.375000e+02 1.212000e+02
1.390000e+02 1.248000e+02
1.402500e+02 1.284000e+02
1.415000e+02 1.320000e+02
1.432500e+02 1.359000e+02
1.450000e+02 1.398000e+02
1.467500e+02 1.440000e+02
1.485000e+02 1.482000e+02
1.497500e+02 1.527000e+02
1.510000e+02 1.572000e+02
1.527500e+02 1.623000e+02
1.545000e+02 1.674000e+02
1.560000e+02 1.719000e+02
1.575000e+02 1.764000e+02
1.592500e+02 1.806000e+02
1.610000e+02 1.848000e+02
1.622500e+02 1.893000e+02
1.635000e+02 1.938000e+02
1.650000e+02 1.983000e+02
1.665000e+02 2.028000e+02
1.680000e+02 2.073000e+02
1.695000e+02 2.118000e+02
1.710000e+02 2.160000e+02
1.725000e+02 2.202000e+02
1.742500e+02 2.256000e+02
1.760000e+02 2.310000e+02
1.770000e+02 2.346000e+02
1.780000e+02 2.382000e+02
1.785000e+02 2.400000e+02
1.790000e+02 2.418000e+02
1.807500e+02 2.463000e+02
1.825000e+02 2.508000e+02
1.832500e+02 2.532000e+02
1.840000e+02 2.556000e+02
1.847500e+02 2.577000e+02
1.855000e+02 2.598000e+02
1.862500e+02 2.619000e+02
1.870000e+02 2.640000e+02
1.880000e+02 2.664000e+02
1.890000e+02 2.688000e+02
1.890000e+02 2.694000e+02
1.890000e+02 2.700000e+02
1.895000e+02 2.709000e+02
1.900000e+02 2.718000e+02
1.902500e+02 2.724000e+02
1.905000e+02 2.730000e+02
1.907500e+02 2.736000e+02
1.910000e+02 2.742000e+02
1.912500e+02 2.748000e+02
1.915000e+02 2.754000e+02
1.915000e+02 2.757000e+02
1.915000e+02 2.760000e+02
1.915000e+02 2.760000e+02
1.915000e+02 2.760000e+02
1.917500e+02 2.763000e+02
1.920000e+02 2.766000e+02
1.920000e+02 2.769000e+02
1.920000e+02 2.772000e+02
1.922500e+02 2.772000e+02
1.925000e+02 2.772000e+02
1.925000e+02 2.772000e+02
1.925000e+02 2.772000e+02
1.925000e+02 2.772000e+02
1.925000e+02 2.772000e+02
1.927500e+02 2.772000e+02
1.930000e+02 2.772000e+02
1.932500e+02 2.772000e+02
1.935000e+02 2.772000e+02
1.937500e+02 2.772000e+02
1.940000e+02 2.772000e+02
1.950000e+02 2.763000e+02
1.960000e+02 2.754000e+02
1.967500e+02 2.748000e+02
1.975000e+02 2.742000e+02
2.005000e+02 2.718000e+02
2.035000e+02 2.694000e+02
2.057500e+02 2.673000e+02
2.080000e+02 2.652000e+02
2.110000e+02 2.628000e+02
2.140000e+02 2.604000e+02
2.172500e+02 2.577000e+02
2.205000e+02 2.550000e+02
2.237500e+02 2.520000e+02
2.270000e+02 2.490000e+02
2.307500e+02 2.460000e+02
2.345000e+02 2.430000e+02
2.387500e+02 2.397000e+02
2.430000e+02 2.364000e+02
2.495000e+02 2.313000e+02
2.560000e+02 2.262000e+02
2.625000e+02 2.208000e+02
2.690000e+02 2.154000e+02
2.760000e+02 2.100000e+02
2.830000e+02 2.046000e+02
2.880000e+02 2.007000e+02
2.930000e+02 1.968000e+02
2.977500e+02 1.929000e+02
3.025000e+02 1.890000e+02
3.072500e+02 1.857000e+02
3.120000e+02 1.824000e+02
3.170000e+02 1.785000e+02
3.220000e+02 1.746000e+02
3.270000e+02 1.710000e+02
3.320000e+02 1.674000e+02
3.377500e+02 1.632000e+02
3.435000e+02 1.590000e+02
3.482500e+02 1.554000e+02
3.530000e+02 1.518000e+02
3.577500e+02 1.482000e+02
3.625000e+02 1.446000e+02
3.700000e+02 1.392000e+02
3.775000e+02 1.338000e+02
3.822500e+02 1.305000e+02
3.870000e+02 1.272000e+02
3.925000e+02 1.233000e+02
3.980000e+02 1.194000e+02
4.027500e+02 1.164000e+02
4.075000e+02 1.134000e+02
4.127500e+02 1.101000e+02
4.180000e+02 1.068000e+02
4.230000e+02 1.038000e+02
4.280000e+02 1.008000e+02
4.327500e+02 9.780000e+01
4.375000e+02 9.480000e+01
4.432500e+02 9.180000e+01
4.490000e+02 8.880000e+01
4.537500e+02 8.610000e+01
4.585000e+02 8.340000e+01
4.632500e+02 8.100000e+01
4.680000e+02 7.860000e+01
4.747500e+02 7.530000e+01
4.815000e+02 7.200000e+01
4.835000e+02 7.110000e+01
4.855000e+02 7.020000e+01
4.917500e+02 6.720000e+01
4.980000e+02 6.420000e+01
5.017500e+02 6.270000e+01
5.055000e+02 6.120000e+01
5.087500e+02 6.000000e+01
5.120000e+02 5.880000e+01
5.155000e+02 5.730000e+01
5.190000e+02 5.580000e+01
5.217500e+02 5.460000e+01
5.245000e+02 5.340000e+01
5.272500e+02 5.250000e+01
5.300000e+02 5.160000e+01
5.317500e+02 5.100000e+01
5.335000e+02 5.040000e+01
5.350000e+02 4.980000e+01
5.365000e+02 4.920000e+01
5.377500e+02 4.890000e+01
5.390000e+02 4.860000e+01
5.400000e+02 4.830000e+01
5.410000e+02 4.800000e+01
5.415000e+02 4.770000e+01
5.420000e+02 4.740000e+01
5.425000e+02 4.740000e+01
5.430000e+02 4.740000e+01
5.432500e+02 4.740000e+01
5.435000e+02 4.740000e+01
5.437500e+02 4.710000e+01
5.440000e+02 4.680000e+01
5.445000e+02 4.680000e+01
5.445000e+02 4.680000e+01
5.450000e+02 4.680000e+01
5.450000e+02 4.680000e+01
5.450000e+02 4.740000e+01
5.450000e+02 4.740000e+01
5.450000e+02 4.740000e+01
5.450000e+02 4.740000e+01
5.450000e+02 4.800000e+01
5.450000e+02 4.920000e+01
5.450000e+02 4.920000e+01
