4.920000e+02 1.404000e+02
4.920000e+02 1.404000e+02
4.920000e+02 1.404000e+02
4.920000e+02 1.404000e+02
4.920000e+02 1.404000e+02
4.918750e+02 1.395000e+02
4.917500e+02 1.386000e+02
4.916250e+02 1.377000e+02
4.915000e+02 1.368000e+02
4.913750e+02 1.359000e+02
4.912500e+02 1.350000e+02
4.911250e+02 1.341000e+02
4.910000e+02 1.332000e+02
4.908750e+02 1.326000e+02
4.907500e+02 1.320000e+02
4.906250e+02 1.314000e+02
4.905000e+02 1.308000e+02
4.903750e+02 1.302000e+02
4.902500e+02 1.296000e+02
4.901250e+02 1.290000e+02
4.900000e+02 1.284000e+02
4.898750e+02 1.281000e+02
4.897500e+02 1.278000e+02
4.896250e+02 1.275000e+02
4.895000e+02 1.272000e+02
4.893750e+02 1.269000e+02
4.892500e+02 1.266000e+02
4.891250e+02 1.263000e+02
4.890000e+02 1.260000e+02
4.890000e+02 1.258500e+02
4.890000e+02 1.257000e+02
4.890000e+02 1.255500e+02
4.890000e+02 1.254000e+02
4.890000e+02 1.252500e+02
4.890000e+02 1.251000e+02
4.890000e+02 1.249500e+02
4.890000e+02 1.248000e+02
4.888750e+02 1.246500e+02
4.887500e+02 1.245000e+02
4.886250e+02 1.243500e+02
4.885000e+02 1.242000e+02
4.885000e+02 1.242000e+02
4.885000e+02 1.242000e+02
4.885000e+02 1.242000e+02
4.885000e+02 1.242000e+02
4.883750e+02 1.243500e+02
4.882500e+02 1.245000e+02
4.881250e+02 1.246500e+02
4.880000e+02 1.248000e+02
4.880000e+02 1.254000e+02
4.880000e+02 1.260000e+02
4.880000e+02 1.266000e+02
4.880000e+02 1.272000e+02
4.878750e+02 1.281000e+02
4.877500e+02 1.290000e+02
4.876250e+02 1.299000e+02
4.875000e+02 1.308000e+02
4.873750e+02 1.326000e+02
4.872500e+02 1.344000e+02
4.871250e+02 1.362000e+02
4.870000e+02 1.380000e+02
4.870000e+02 1.395000e+02
4.870000e+02 1.410000e+02
4.870000e+02 1.425000e+02
4.870000e+02 1.440000e+02
4.870000e+02 1.447500e+02
4.870000e+02 1.455000e+02
4.870000e+02 1.462500e+02
4.870000e+02 1.470000e+02
4.870000e+02 1.485000e+02
4.870000e+02 1.500000e+02
4.870000e+02 1.515000e+02
4.870000e+02 1.530000e+02
4.870000e+02 1.548000e+02
4.870000e+02 1.566000e+02
4.870000e+02 1.584000e+02
4.870000e+02 1.602000e+02
4.871250e+02 1.624500e+02
4.872500e+02 1.647000e+02
4.873750e+02 1.669500e+02
4.875000e+02 1.692000e+02
4.875000e+02 1.699500e+02
4.875000e+02 1.707000e+02
4.875000e+02 1.714500e+02
4.875000e+02 1.722000e+02
4.875000e+02 1.737000e+02
4.875000e+02 1.752000e+02
4.875000e+02 1.767000e+02
4.875000e+02 1.782000e+02
4.875000e+02 1.803000e+02
4.875000e+02 1.824000e+02
4.875000e+02 1.845000e+02
4.875000e+02 1.866000e+02
4.875000e+02 1.881000e+02
4.875000e+02 1.896000e+02
4.875000e+02 1.911000e+02
4.875000e+02 1.926000e+02
4.875000e+02 1.939500e+02
4.875000e+02 1.953000e+02
4.875000e+02 1.966500e+02
4.875000e+02 1.980000e+02
4.876250e+02 1.993500e+02
4.877500e+02 2.007000e+02
4.878750e+02 2.020500e+02
4.880000e+02 2.034000e+02
4.880000e+02 2.047500e+02
4.880000e+02 2.061000e+02
4.880000e+02 2.074500e+02
4.880000e+02 2.088000e+02
4.880000e+02 2.101500e+02
4.880000e+02 2.115000e+02
4.880000e+02 2.128500e+02
4.880000e+02 2.142000e+02
4.880000e+02 2.155500e+02
4.880000e+02 2.169000e+02
4.880000e+02 2.182500e+02
4.880000e+02 2.196000e+02
4.881250e+02 2.208000e+02
4.882500e+02 2.220000e+02
4.883750e+02 2.232000e+02
4.885000e+02 2.244000e+02
4.885000e+02 2.257500e+02
4.885000e+02 2.271000e+02
4.885000e+02 2.284500e+02
4.885000e+02 2.298000e+02
4.886250e+02 2.311500e+02
4.887500e+02 2.325000e+02
4.890000e+02 2.352000e+02
4.890000e+02 2.376000e+02
4.890000e+02 2.400000e+02
4.892500e+02 2.427000e+02
4.895000e+02 2.454000e+02
4.895000e+02 2.490000e+02
4.895000e+02 2.526000e+02
4.897500e+02 2.550000e+02
4.900000e+02 2.574000e+02
4.900000e+02 2.598000e+02
4.900000e+02 2.622000e+02
4.902500e+02 2.649000e+02
4.905000e+02 2.676000e+02
4.907500e+02 2.700000e+02
4.910000e+02 2.724000e+02
4.910000e+02 2.745000e+02
4.910000e+02 2.766000e+02
4.912500e+02 2.790000e+02
4.915000e+02 2.814000e+02
4.915000e+02 2.835000e+02
4.915000e+02 2.856000e+02
4.917500e+02 2.874000e+02
4.920000e+02 2.892000e+02
4.920000e+02 2.916000e+02
4.920000e+02 2.940000e+02
4.920000e+02 2.955000e+02
4.920000e+02 2.970000e+02
4.920000e+02 2.985000e+02
4.920000e+02 3.000000e+02
4.920000e+02 3.015000e+02
4.920000e+02 3.030000e+02
4.920000e+02 3.042000e+02
4.920000e+02 3.054000e+02
4.922500e+02 3.066000e+02
4.925000e+02 3.078000e+02
4.925000e+02 3.090000e+02
4.925000e+02 3.102000e+02
4.925000e+02 3.111000e+02
4.925000e+02 3.120000e+02
4.927500e+02 3.129000e+02
4.930000e+02 3.138000e+02
4.930000e+02 3.147000e+02
4.930000e+02 3.156000e+02
4.930000e+02 3.165000e+02
4.930000e+02 3.174000e+02
4.932500e+02 3.180000e+02
4.935000e+02 3.186000e+02
4.935000e+02 3.192000e+02
4.935000e+02 3.198000e+02
4.935000e+02 3.201000e+02
4.935000e+02 3.204000e+02
4.935000e+02 3.207000e+02
4.935000e+02 3.210000e+02
4.935000e+02 3.213000e+02
4.935000e+02 3.216000e+02
4.935000e+02 3.216000e+02
4.935000e+02 3.216000e+02
4.935000e+02 3.219000e+02
4.935000e+02 3.222000e+02
4.935000e+02 3.222000e+02
4.935000e+02 3.222000e+02
4.935000e+02 3.222000e+02
4.935000e+02 3.222000e+02
4.935000e+02 3.222000e+02
4.935000e+02 3.222000e+02
4.935000e+02 3.222000e+02
4.935000e+02 3.222000e+02
4.932500e+02 3.222000e+02
4.930000e+02 3.222000e+02
4.927500e+02 3.225000e+02
4.925000e+02 3.228000e+02
4.925000e+02 3.228000e+02
4.925000e+02 3.228000e+02
