4.500000e+02 2.226000e+02
4.500000e+02 2.226000e+02
4.500000e+02 2.226000e+02
4.500000e+02 2.226000e+02
4.500000e+02 2.226000e+02
4.498750e+02 2.224500e+02
4.497500e+02 2.223000e+02
4.496250e+02 2.221500e+02
4.495000e+02 2.220000e+02
4.492500e+02 2.217000e+02
4.490000e+02 2.214000e+02
4.487500e+02 2.211000e+02
4.485000e+02 2.208000e+02
4.481250e+02 2.205000e+02
4.477500e+02 2.202000e+02
4.473750e+02 2.199000e+02
4.470000e+02 2.196000e+02
4.466250e+02 2.193000e+02
4.462500e+02 2.190000e+02
4.458750e+02 2.187000e+02
4.455000e+02 2.184000e+02
4.450000e+02 2.181000e+02
4.445000e+02 2.178000e+02
4.440000e+02 2.175000e+02
4.435000e+02 2.172000e+02
4.428750e+02 2.169000e+02
4.422500e+02 2.166000e+02
4.416250e+02 2.163000e+02
4.410000e+02 2.160000e+02
4.400000e+02 2.158500e+02
4.390000e+02 2.157000e+02
4.380000e+02 2.155500e+02
4.370000e+02 2.154000e+02
4.357500e+02 2.152500e+02
4.345000e+02 2.151000e+02
4.332500e+02 2.149500e+02
4.320000e+02 2.148000e+02
4.305000e+02 2.146500e+02
4.290000e+02 2.145000e+02
4.275000e+02 2.143500e+02
4.260000e+02 2.142000e+02
4.243750e+02 2.140500e+02
4.227500e+02 2.139000e+02
4.211250e+02 2.137500e+02
4.195000e+02 2.136000e+02
4.168750e+02 2.136000e+02
4.142500e+02 2.136000e+02
4.116250e+02 2.136000e+02
4.090000e+02 2.136000e+02
4.070000e+02 2.134500e+02
4.050000e+02 2.133000e+02
4.030000e+02 2.131500e+02
4.010000e+02 2.130000e+02
3.980000e+02 2.131500e+02
3.950000e+02 2.133000e+02
3.920000e+02 2.134500e+02
3.890000e+02 2.136000e+02
3.870000e+02 2.137500e+02
3.850000e+02 2.139000e+02
3.830000e+02 2.140500e+02
3.810000e+02 2.142000e+02
3.788750e+02 2.143500e+02
3.767500e+02 2.145000e+02
3.746250e+02 2.146500e+02
3.725000e+02 2.148000e+02
3.703750e+02 2.149500e+02
3.682500e+02 2.151000e+02
3.661250e+02 2.152500e+02
3.640000e+02 2.154000e+02
3.617500e+02 2.157000e+02
3.595000e+02 2.160000e+02
3.572500e+02 2.163000e+02
3.550000e+02 2.166000e+02
3.538750e+02 2.167500e+02
3.527500e+02 2.169000e+02
3.516250e+02 2.170500e+02
3.505000e+02 2.172000e+02
3.486250e+02 2.173500e+02
3.467500e+02 2.175000e+02
3.448750e+02 2.176500e+02
3.430000e+02 2.178000e+02
3.410000e+02 2.179500e+02
3.390000e+02 2.181000e+02
3.370000e+02 2.182500e+02
3.350000e+02 2.184000e+02
3.332500e+02 2.185500e+02
3.315000e+02 2.187000e+02
3.297500e+02 2.188500e+02
3.280000e+02 2.190000e+02
3.262500e+02 2.191500e+02
3.245000e+02 2.193000e+02
3.227500e+02 2.194500e+02
3.210000e+02 2.196000e+02
3.186250e+02 2.197500e+02
3.162500e+02 2.199000e+02
3.138750e+02 2.200500e+02
3.115000e+02 2.202000e+02
3.108750e+02 2.202000e+02
3.102500e+02 2.202000e+02
3.096250e+02 2.202000e+02
3.090000e+02 2.202000e+02
3.066250e+02 2.202000e+02
3.042500e+02 2.202000e+02
3.018750e+02 2.202000e+02
2.995000e+02 2.202000e+02
2.985000e+02 2.202000e+02
2.975000e+02 2.202000e+02
2.965000e+02 2.202000e+02
2.955000e+02 2.202000e+02
2.945000e+02 2.202000e+02
2.935000e+02 2.202000e+02
2.925000e+02 2.202000e+02
2.915000e+02 2.202000e+02
2.906250e+02 2.202000e+02
2.897500e+02 2.202000e+02
2.888750e+02 2.202000e+02
2.880000e+02 2.202000e+02
2.872500e+02 2.202000e+02
2.865000e+02 2.202000e+02
2.857500e+02 2.202000e+02
2.850000e+02 2.202000e+02
2.842500e+02 2.200500e+02
2.835000e+02 2.199000e+02
2.827500e+02 2.197500e+02
2.820000e+02 2.196000e+02
2.813750e+02 2.196000e+02
2.807500e+02 2.196000e+02
2.801250e+02 2.196000e+02
2.795000e+02 2.196000e+02
2.787500e+02 2.196000e+02
2.780000e+02 2.196000e+02
2.772500e+02 2.196000e+02
2.765000e+02 2.196000e+02
2.753750e+02 2.194500e+02
2.742500e+02 2.193000e+02
2.731250e+02 2.191500e+02
2.720000e+02 2.190000e+02
2.710000e+02 2.190000e+02
2.700000e+02 2.190000e+02
2.690000e+02 2.190000e+02
2.680000e+02 2.190000e+02
2.672500e+02 2.190000e+02
2.665000e+02 2.190000e+02
2.657500e+02 2.190000e+02
2.650000e+02 2.190000e+02
2.641250e+02 2.191500e+02
2.632500e+02 2.193000e+02
2.623750e+02 2.194500e+02
2.615000e+02 2.196000e+02
2.607500e+02 2.196000e+02
2.600000e+02 2.196000e+02
2.592500e+02 2.196000e+02
2.585000e+02 2.196000e+02
2.577500e+02 2.197500e+02
2.570000e+02 2.199000e+02
2.562500e+02 2.200500e+02
2.555000e+02 2.202000e+02
2.545000e+02 2.203500e+02
2.535000e+02 2.205000e+02
2.525000e+02 2.206500e+02
2.515000e+02 2.208000e+02
2.505000e+02 2.209500e+02
2.495000e+02 2.211000e+02
2.485000e+02 2.212500e+02
2.475000e+02 2.214000e+02
2.466250e+02 2.214000e+02
2.457500e+02 2.214000e+02
2.448750e+02 2.214000e+02
2.440000e+02 2.214000e+02
2.428750e+02 2.215500e+02
2.417500e+02 2.217000e+02
2.395000e+02 2.220000e+02
2.375000e+02 2.226000e+02
2.355000e+02 2.232000e+02
2.335000e+02 2.235000e+02
2.315000e+02 2.238000e+02
2.305000e+02 2.238000e+02
2.295000e+02 2.238000e+02
2.262500e+02 2.244000e+02
2.230000e+02 2.250000e+02
2.212500e+02 2.256000e+02
2.195000e+02 2.262000e+02
2.180000e+02 2.262000e+02
2.165000e+02 2.262000e+02
2.152500e+02 2.265000e+02
2.140000e+02 2.268000e+02
2.130000e+02 2.271000e+02
2.120000e+02 2.274000e+02
2.112500e+02 2.274000e+02
2.105000e+02 2.274000e+02
2.097500e+02 2.274000e+02
2.090000e+02 2.274000e+02
2.085000e+02 2.277000e+02
2.080000e+02 2.280000e+02
2.077500e+02 2.280000e+02
2.075000e+02 2.280000e+02
2.075000e+02 2.283000e+02
2.075000e+02 2.286000e+02
2.075000e+02 2.286000e+02
2.075000e+02 2.286000e+02
