5.065000e+02 3.390000e+02
5.065000e+02 3.390000e+02
5.065000e+02 3.390000e+02
5.065000e+02 3.390000e+02
5.065000e+02 3.390000e+02
5.065000e+02 3.390000e+02
5.065000e+02 3.390000e+02
5.065000e+02 3.390000e+02
5.065000e+02 3.390000e+02
5.065625e+02 3.388500e+02
5.066250e+02 3.387000e+02
5.066875e+02 3.385500e+02
5.067500e+02 3.384000e+02
5.068125e+02 3.382500e+02
5.068750e+02 3.381000e+02
5.069375e+02 3.379500e+02
5.070000e+02 3.378000e+02
5.070625e+02 3.375000e+02
5.071250e+02 3.372000e+02
5.071875e+02 3.369000e+02
5.072500e+02 3.366000e+02
5.073125e+02 3.363000e+02
5.073750e+02 3.360000e+02
5.074375e+02 3.357000e+02
5.075000e+02 3.354000e+02
5.075000e+02 3.350250e+02
5.075000e+02 3.346500e+02
5.075000e+02 3.342750e+02
5.075000e+02 3.339000e+02
5.075000e+02 3.335250e+02
5.075000e+02 3.331500e+02
5.075000e+02 3.327750e+02
5.075000e+02 3.324000e+02
5.075625e+02 3.320250e+02
5.076250e+02 3.316500e+02
5.076875e+02 3.312750e+02
5.077500e+02 3.309000e+02
5.078125e+02 3.305250e+02
5.078750e+02 3.301500e+02
5.079375e+02 3.297750e+02
5.080000e+02 3.294000e+02
5.080625e+02 3.290250e+02
5.081250e+02 3.286500e+02
5.081875e+02 3.282750e+02
5.082500e+02 3.279000e+02
5.083125e+02 3.275250e+02
5.083750e+02 3.271500e+02
5.084375e+02 3.267750e+02
5.085000e+02 3.264000e+02
5.085625e+02 3.258750e+02
5.086250e+02 3.253500e+02
5.086875e+02 3.248250e+02
5.087500e+02 3.243000e+02
5.088125e+02 3.237750e+02
5.088750e+02 3.232500e+02
5.089375e+02 3.227250e+02
5.090000e+02 3.222000e+02
5.090000e+02 3.212250e+02
5.090000e+02 3.202500e+02
5.090000e+02 3.192750e+02
5.090000e+02 3.183000e+02
5.090000e+02 3.173250e+02
5.090000e+02 3.163500e+02
5.090000e+02 3.144000e+02
5.088750e+02 3.127500e+02
5.087500e+02 3.111000e+02
5.086250e+02 3.094500e+02
5.085000e+02 3.078000e+02
5.083750e+02 3.060000e+02
5.082500e+02 3.042000e+02
5.081250e+02 3.024000e+02
5.080000e+02 3.006000e+02
5.078750e+02 2.986500e+02
5.077500e+02 2.967000e+02
5.076250e+02 2.947500e+02
5.075000e+02 2.928000e+02
5.073750e+02 2.905500e+02
5.072500e+02 2.883000e+02
5.071250e+02 2.860500e+02
5.070000e+02 2.838000e+02
5.070000e+02 2.812500e+02
5.070000e+02 2.787000e+02
5.070000e+02 2.761500e+02
5.070000e+02 2.736000e+02
5.070000e+02 2.710500e+02
5.070000e+02 2.685000e+02
5.070000e+02 2.659500e+02
5.070000e+02 2.634000e+02
5.071250e+02 2.610000e+02
5.072500e+02 2.586000e+02
5.073750e+02 2.562000e+02
5.075000e+02 2.538000e+02
5.076250e+02 2.500500e+02
5.077500e+02 2.463000e+02
5.078750e+02 2.425500e+02
5.080000e+02 2.388000e+02
5.081250e+02 2.374500e+02
5.082500e+02 2.361000e+02
5.083750e+02 2.347500e+02
5.085000e+02 2.334000e+02
5.086250e+02 2.296500e+02
5.087500e+02 2.259000e+02
5.088750e+02 2.221500e+02
5.090000e+02 2.184000e+02
5.091250e+02 2.148000e+02
5.092500e+02 2.112000e+02
5.093750e+02 2.076000e+02
5.095000e+02 2.040000e+02
5.096250e+02 2.017500e+02
5.097500e+02 1.995000e+02
5.098750e+02 1.972500e+02
5.100000e+02 1.950000e+02
5.101250e+02 1.927500e+02
5.102500e+02 1.905000e+02
5.103750e+02 1.882500e+02
5.105000e+02 1.860000e+02
5.105000e+02 1.836000e+02
5.105000e+02 1.812000e+02
5.105000e+02 1.788000e+02
5.105000e+02 1.764000e+02
5.106250e+02 1.743000e+02
5.107500e+02 1.722000e+02
5.108750e+02 1.701000e+02
5.110000e+02 1.680000e+02
5.111250e+02 1.660500e+02
5.112500e+02 1.641000e+02
5.113750e+02 1.621500e+02
5.115000e+02 1.602000e+02
5.115000e+02 1.573500e+02
5.115000e+02 1.545000e+02
5.115000e+02 1.516500e+02
5.115000e+02 1.488000e+02
5.115000e+02 1.480500e+02
5.115000e+02 1.473000e+02
5.115000e+02 1.465500e+02
5.115000e+02 1.458000e+02
5.115000e+02 1.429500e+02
5.115000e+02 1.401000e+02
5.115000e+02 1.372500e+02
5.115000e+02 1.344000e+02
5.115000e+02 1.329000e+02
5.115000e+02 1.314000e+02
5.115000e+02 1.299000e+02
5.115000e+02 1.284000e+02
5.113750e+02 1.269000e+02
5.112500e+02 1.254000e+02
5.111250e+02 1.239000e+02
5.110000e+02 1.224000e+02
5.110000e+02 1.212000e+02
5.110000e+02 1.200000e+02
5.110000e+02 1.188000e+02
5.110000e+02 1.176000e+02
5.110000e+02 1.167000e+02
5.110000e+02 1.158000e+02
5.110000e+02 1.149000e+02
5.110000e+02 1.140000e+02
5.110000e+02 1.132500e+02
5.110000e+02 1.125000e+02
5.110000e+02 1.117500e+02
5.110000e+02 1.110000e+02
5.108750e+02 1.102500e+02
5.107500e+02 1.095000e+02
5.106250e+02 1.087500e+02
5.105000e+02 1.080000e+02
5.105000e+02 1.072500e+02
5.105000e+02 1.065000e+02
5.105000e+02 1.057500e+02
5.105000e+02 1.050000e+02
5.105000e+02 1.048500e+02
5.105000e+02 1.047000e+02
5.105000e+02 1.045500e+02
5.105000e+02 1.044000e+02
5.105000e+02 1.041000e+02
5.105000e+02 1.038000e+02
5.105000e+02 1.035000e+02
5.105000e+02 1.032000e+02
5.105000e+02 1.030500e+02
5.105000e+02 1.029000e+02
5.105000e+02 1.027500e+02
5.105000e+02 1.026000e+02
5.105000e+02 1.023000e+02
5.105000e+02 1.020000e+02
5.105000e+02 1.017000e+02
5.105000e+02 1.014000e+02
5.105000e+02 1.012500e+02
5.105000e+02 1.011000e+02
5.105000e+02 1.009500e+02
5.105000e+02 1.008000e+02
5.105000e+02 1.008000e+02
5.105000e+02 1.008000e+02
5.105000e+02 1.008000e+02
5.105000e+02 1.008000e+02
5.105000e+02 1.006500e+02
5.105000e+02 1.005000e+02
5.105000e+02 1.003500e+02
5.105000e+02 1.002000e+02
5.105000e+02 1.002000e+02
5.105000e+02 1.002000e+02
5.105000e+02 1.002000e+02
5.105000e+02 1.002000e+02
