1.350000e+02 1.698000e+02
1.350000e+02 1.698000e+02
1.350000e+02 1.698000e+02
1.350000e+02 1.698000e+02
1.350000e+02 1.698000e+02
1.350000e+02 1.698000e+02
1.350000e+02 1.698000e+02
1.350000e+02 1.698000e+02
1.350000e+02 1.698000e+02
1.350000e+02 1.698000e+02
1.350000e+02 1.698000e+02
1.350000e+02 1.698000e+02
1.350000e+02 1.698000e+02
1.348750e+02 1.698000e+02
1.347500e+02 1.698000e+02
1.346250e+02 1.698000e+02
1.345000e+02 1.698000e+02
1.345000e+02 1.699500e+02
1.345000e+02 1.701000e+02
1.345000e+02 1.702500e+02
1.345000e+02 1.704000e+02
1.345000e+02 1.708500e+02
1.345000e+02 1.713000e+02
1.345000e+02 1.717500e+02
1.345000e+02 1.722000e+02
1.345000e+02 1.729500e+02
1.345000e+02 1.737000e+02
1.345000e+02 1.744500e+02
1.345000e+02 1.752000e+02
1.345000e+02 1.764000e+02
1.345000e+02 1.776000e+02
1.345000e+02 1.788000e+02
1.345000e+02 1.800000e+02
1.345000e+02 1.803000e+02
1.345000e+02 1.806000e+02
1.345000e+02 1.809000e+02
1.345000e+02 1.812000e+02
1.345000e+02 1.819500e+02
1.345000e+02 1.827000e+02
1.345000e+02 1.834500e+02
1.345000e+02 1.842000e+02
1.346250e+02 1.851000e+02
1.347500e+02 1.860000e+02
1.348750e+02 1.869000e+02
1.350000e+02 1.878000e+02
1.350000e+02 1.887000e+02
1.350000e+02 1.896000e+02
1.350000e+02 1.905000e+02
1.350000e+02 1.914000e+02
1.351250e+02 1.923000e+02
1.352500e+02 1.932000e+02
1.353750e+02 1.941000e+02
1.355000e+02 1.950000e+02
1.355000e+02 1.959000e+02
1.355000e+02 1.968000e+02
1.355000e+02 1.977000e+02
1.355000e+02 1.986000e+02
1.356250e+02 1.996500e+02
1.357500e+02 2.007000e+02
1.358750e+02 2.017500e+02
1.360000e+02 2.028000e+02
1.361250e+02 2.038500e+02
1.362500e+02 2.049000e+02
1.363750e+02 2.059500e+02
1.365000e+02 2.070000e+02
1.365000e+02 2.080500e+02
1.365000e+02 2.091000e+02
1.365000e+02 2.101500e+02
1.365000e+02 2.112000e+02
1.366250e+02 2.124000e+02
1.367500e+02 2.136000e+02
1.368750e+02 2.148000e+02
1.370000e+02 2.160000e+02
1.371250e+02 2.172000e+02
1.372500e+02 2.184000e+02
1.373750e+02 2.196000e+02
1.375000e+02 2.208000e+02
1.376250e+02 2.223000e+02
1.377500e+02 2.238000e+02
1.378750e+02 2.253000e+02
1.380000e+02 2.268000e+02
1.380000e+02 2.278500e+02
1.380000e+02 2.289000e+02
1.380000e+02 2.299500e+02
1.380000e+02 2.310000e+02
1.380000e+02 2.323500e+02
1.380000e+02 2.337000e+02
1.380000e+02 2.350500e+02
1.380000e+02 2.364000e+02
1.381250e+02 2.377500e+02
1.382500e+02 2.391000e+02
1.383750e+02 2.404500e+02
1.385000e+02 2.418000e+02
1.385000e+02 2.431500e+02
1.385000e+02 2.445000e+02
1.385000e+02 2.458500e+02
1.385000e+02 2.472000e+02
1.385000e+02 2.485500e+02
1.385000e+02 2.499000e+02
1.385000e+02 2.512500e+02
1.385000e+02 2.526000e+02
1.386250e+02 2.536500e+02
1.387500e+02 2.547000e+02
1.388750e+02 2.557500e+02
1.390000e+02 2.568000e+02
1.390000e+02 2.581500e+02
1.390000e+02 2.595000e+02
1.390000e+02 2.608500e+02
1.390000e+02 2.622000e+02
1.391250e+02 2.635500e+02
1.392500e+02 2.649000e+02
1.393750e+02 2.662500e+02
1.395000e+02 2.676000e+02
1.396250e+02 2.688000e+02
1.397500e+02 2.700000e+02
1.398750e+02 2.712000e+02
1.400000e+02 2.724000e+02
1.401250e+02 2.736000e+02
1.402500e+02 2.748000e+02
1.403750e+02 2.760000e+02
1.405000e+02 2.772000e+02
1.406250e+02 2.788500e+02
1.407500e+02 2.805000e+02
1.408750e+02 2.821500e+02
1.410000e+02 2.838000e+02
1.410000e+02 2.842500e+02
1.410000e+02 2.847000e+02
1.410000e+02 2.851500e+02
1.410000e+02 2.856000e+02
1.411250e+02 2.872500e+02
1.412500e+02 2.889000e+02
1.413750e+02 2.905500e+02
1.415000e+02 2.922000e+02
1.416250e+02 2.937000e+02
1.417500e+02 2.952000e+02
1.420000e+02 2.982000e+02
1.422500e+02 3.006000e+02
1.425000e+02 3.030000e+02
1.427500e+02 3.060000e+02
1.430000e+02 3.090000e+02
1.430000e+02 3.120000e+02
1.430000e+02 3.150000e+02
1.432500e+02 3.177000e+02
1.435000e+02 3.204000e+02
1.435000e+02 3.231000e+02
1.435000e+02 3.258000e+02
1.437500e+02 3.282000e+02
1.440000e+02 3.306000e+02
1.440000e+02 3.324000e+02
1.440000e+02 3.342000e+02
1.440000e+02 3.363000e+02
1.440000e+02 3.384000e+02
1.442500e+02 3.408000e+02
1.445000e+02 3.432000e+02
1.445000e+02 3.453000e+02
1.445000e+02 3.474000e+02
1.447500e+02 3.492000e+02
1.450000e+02 3.510000e+02
1.450000e+02 3.534000e+02
1.450000e+02 3.558000e+02
1.452500e+02 3.576000e+02
1.455000e+02 3.594000e+02
1.455000e+02 3.612000e+02
1.455000e+02 3.630000e+02
1.457500e+02 3.645000e+02
1.460000e+02 3.660000e+02
1.460000e+02 3.672000e+02
1.460000e+02 3.684000e+02
1.460000e+02 3.696000e+02
1.460000e+02 3.708000e+02
1.462500e+02 3.723000e+02
1.465000e+02 3.738000e+02
1.465000e+02 3.744000e+02
1.465000e+02 3.750000e+02
1.465000e+02 3.756000e+02
1.465000e+02 3.762000e+02
1.465000e+02 3.768000e+02
1.465000e+02 3.774000e+02
1.465000e+02 3.777000e+02
1.465000e+02 3.780000e+02
1.465000e+02 3.783000e+02
1.465000e+02 3.786000e+02
1.465000e+02 3.786000e+02
1.465000e+02 3.786000e+02
1.465000e+02 3.789000e+02
1.465000e+02 3.792000e+02
1.465000e+02 3.792000e+02
1.465000e+02 3.792000e+02
1.465000e+02 3.795000e+02
1.465000e+02 3.798000e+02
1.465000e+02 3.798000e+02
1.465000e+02 3.798000e+02
1.465000e+02 3.798000e+02
1.465000e+02 3.798000e+02
1.467500e+02 3.792000e+02
1.470000e+02 3.786000e+02
1.470000e+02 3.771000e+02
1.470000e+02 3.756000e+02
1.470000e+02 3.756000e+02
1.470000e+02 3.756000e+02
