3.750000e+02 3.606000e+02
3.750000e+02 3.606000e+02
3.750000e+02 3.606000e+02
3.750000e+02 3.606000e+02
3.750000e+02 3.606000e+02
3.750000e+02 3.604500e+02
3.750000e+02 3.603000e+02
3.750000e+02 3.600000e+02
3.752500e+02 3.591000e+02
3.755000e+02 3.582000e+02
3.757500e+02 3.576000e+02
3.760000e+02 3.570000e+02
3.765000e+02 3.555000e+02
3.770000e+02 3.540000e+02
3.777500e+02 3.516000e+02
3.785000e+02 3.492000e+02
3.787500e+02 3.483000e+02
3.790000e+02 3.474000e+02
3.795000e+02 3.444000e+02
3.800000e+02 3.414000e+02
3.807500e+02 3.381000e+02
3.815000e+02 3.348000e+02
3.815000e+02 3.333000e+02
3.815000e+02 3.318000e+02
3.820000e+02 3.279000e+02
3.825000e+02 3.240000e+02
3.830000e+02 3.201000e+02
3.835000e+02 3.162000e+02
3.840000e+02 3.114000e+02
3.845000e+02 3.066000e+02
3.852500e+02 3.015000e+02
3.860000e+02 2.964000e+02
3.870000e+02 2.907000e+02
3.880000e+02 2.850000e+02
3.885000e+02 2.823000e+02
3.890000e+02 2.796000e+02
3.900000e+02 2.736000e+02
3.910000e+02 2.676000e+02
3.917500e+02 2.619000e+02
3.925000e+02 2.562000e+02
3.935000e+02 2.502000e+02
3.945000e+02 2.442000e+02
3.950000e+02 2.412000e+02
3.955000e+02 2.382000e+02
3.967500e+02 2.319000e+02
3.980000e+02 2.256000e+02
3.992500e+02 2.196000e+02
4.005000e+02 2.136000e+02
4.010000e+02 2.106000e+02
4.015000e+02 2.076000e+02
4.020000e+02 2.049000e+02
4.025000e+02 2.022000e+02
4.035000e+02 1.962000e+02
4.045000e+02 1.902000e+02
4.052500e+02 1.872000e+02
4.060000e+02 1.842000e+02
4.072500e+02 1.788000e+02
4.085000e+02 1.734000e+02
4.097500e+02 1.680000e+02
4.110000e+02 1.626000e+02
4.125000e+02 1.578000e+02
4.140000e+02 1.530000e+02
4.147500e+02 1.506000e+02
4.155000e+02 1.482000e+02
4.167500e+02 1.440000e+02
4.180000e+02 1.398000e+02
4.192500e+02 1.356000e+02
4.205000e+02 1.314000e+02
4.217500e+02 1.278000e+02
4.230000e+02 1.242000e+02
4.240000e+02 1.212000e+02
4.250000e+02 1.182000e+02
4.257500e+02 1.155000e+02
4.265000e+02 1.128000e+02
4.275000e+02 1.098000e+02
4.285000e+02 1.068000e+02
4.292500e+02 1.047000e+02
4.300000e+02 1.026000e+02
4.307500e+02 1.008000e+02
4.315000e+02 9.900000e+01
4.317500e+02 9.810000e+01
4.320000e+02 9.720000e+01
4.330000e+02 9.570000e+01
4.340000e+02 9.420000e+01
4.342500e+02 9.360000e+01
4.345000e+02 9.300000e+01
4.357500e+02 9.210000e+01
4.370000e+02 9.120000e+01
4.380000e+02 9.030000e+01
4.390000e+02 8.940000e+01
4.395000e+02 8.910000e+01
4.400000e+02 8.880000e+01
4.410000e+02 8.850000e+01
4.420000e+02 8.820000e+01
4.432500e+02 8.850000e+01
4.445000e+02 8.880000e+01
4.457500e+02 8.940000e+01
4.470000e+02 9.000000e+01
4.485000e+02 9.060000e+01
4.500000e+02 9.120000e+01
4.515000e+02 9.210000e+01
4.530000e+02 9.300000e+01
4.537500e+02 9.360000e+01
4.545000e+02 9.420000e+01
4.552500e+02 9.510000e+01
4.560000e+02 9.600000e+01
4.577500e+02 9.780000e+01
4.595000e+02 9.960000e+01
4.610000e+02 1.014000e+02
4.625000e+02 1.032000e+02
4.642500e+02 1.053000e+02
4.660000e+02 1.074000e+02
4.677500e+02 1.101000e+02
4.695000e+02 1.128000e+02
4.710000e+02 1.155000e+02
4.725000e+02 1.182000e+02
4.735000e+02 1.194000e+02
4.745000e+02 1.206000e+02
4.760000e+02 1.239000e+02
4.775000e+02 1.272000e+02
4.782500e+02 1.284000e+02
4.790000e+02 1.296000e+02
4.805000e+02 1.329000e+02
4.820000e+02 1.362000e+02
4.837500e+02 1.398000e+02
4.855000e+02 1.434000e+02
4.870000e+02 1.470000e+02
4.885000e+02 1.506000e+02
4.890000e+02 1.527000e+02
4.895000e+02 1.548000e+02
4.910000e+02 1.587000e+02
4.925000e+02 1.626000e+02
4.937500e+02 1.668000e+02
4.950000e+02 1.710000e+02
4.962500e+02 1.755000e+02
4.975000e+02 1.800000e+02
4.990000e+02 1.848000e+02
5.005000e+02 1.896000e+02
5.010000e+02 1.920000e+02
5.015000e+02 1.944000e+02
5.027500e+02 1.992000e+02
5.040000e+02 2.040000e+02
5.055000e+02 2.091000e+02
5.070000e+02 2.142000e+02
5.087500e+02 2.190000e+02
5.105000e+02 2.238000e+02
5.112500e+02 2.265000e+02
5.120000e+02 2.292000e+02
5.137500e+02 2.343000e+02
5.155000e+02 2.394000e+02
5.172500e+02 2.445000e+02
5.190000e+02 2.496000e+02
5.197500e+02 2.523000e+02
5.205000e+02 2.550000e+02
5.212500e+02 2.577000e+02
5.220000e+02 2.604000e+02
5.237500e+02 2.652000e+02
5.255000e+02 2.700000e+02
5.262500e+02 2.727000e+02
5.270000e+02 2.754000e+02
5.287500e+02 2.799000e+02
5.305000e+02 2.844000e+02
5.315000e+02 2.871000e+02
5.325000e+02 2.898000e+02
5.342500e+02 2.943000e+02
5.360000e+02 2.988000e+02
5.377500e+02 3.033000e+02
5.395000e+02 3.078000e+02
5.410000e+02 3.126000e+02
5.425000e+02 3.174000e+02
5.432500e+02 3.195000e+02
5.440000e+02 3.216000e+02
5.455000e+02 3.258000e+02
5.470000e+02 3.300000e+02
5.485000e+02 3.342000e+02
5.500000e+02 3.384000e+02
5.507500e+02 3.402000e+02
5.515000e+02 3.420000e+02
5.525000e+02 3.456000e+02
5.535000e+02 3.492000e+02
5.542500e+02 3.510000e+02
5.550000e+02 3.528000e+02
5.560000e+02 3.558000e+02
5.570000e+02 3.588000e+02
5.582500e+02 3.615000e+02
5.595000e+02 3.642000e+02
5.605000e+02 3.663000e+02
5.615000e+02 3.684000e+02
5.620000e+02 3.693000e+02
5.625000e+02 3.702000e+02
5.632500e+02 3.720000e+02
5.640000e+02 3.738000e+02
5.640000e+02 3.747000e+02
5.640000e+02 3.756000e+02
5.640000e+02 3.768000e+02
5.640000e+02 3.780000e+02
5.630000e+02 3.783000e+02
5.620000e+02 3.786000e+02
5.620000e+02 3.786000e+02
5.620000e+02 3.786000e+02
