2.855000e+02 1.662000e+02
2.855000e+02 1.662000e+02
2.855000e+02 1.662000e+02
2.855000e+02 1.662000e+02
2.855000e+02 1.662000e+02
2.855000e+02 1.660500e+02
2.855000e+02 1.659000e+02
2.855000e+02 1.657500e+02
2.855000e+02 1.656000e+02
2.853750e+02 1.654500e+02
2.852500e+02 1.653000e+02
2.851250e+02 1.651500e+02
2.850000e+02 1.650000e+02
2.848750e+02 1.648500e+02
2.847500e+02 1.647000e+02
2.846250e+02 1.645500e+02
2.845000e+02 1.644000e+02
2.845000e+02 1.642500e+02
2.845000e+02 1.641000e+02
2.845000e+02 1.639500e+02
2.845000e+02 1.638000e+02
2.845000e+02 1.638000e+02
2.845000e+02 1.638000e+02
2.845000e+02 1.638000e+02
2.845000e+02 1.638000e+02
2.843750e+02 1.639500e+02
2.842500e+02 1.641000e+02
2.841250e+02 1.642500e+02
2.840000e+02 1.644000e+02
2.840000e+02 1.645500e+02
2.840000e+02 1.647000e+02
2.840000e+02 1.648500e+02
2.840000e+02 1.650000e+02
2.840000e+02 1.654500e+02
2.840000e+02 1.659000e+02
2.840000e+02 1.663500e+02
2.840000e+02 1.668000e+02
2.838750e+02 1.680000e+02
2.837500e+02 1.692000e+02
2.836250e+02 1.704000e+02
2.835000e+02 1.716000e+02
2.835000e+02 1.725000e+02
2.835000e+02 1.734000e+02
2.835000e+02 1.743000e+02
2.835000e+02 1.752000e+02
2.835000e+02 1.764000e+02
2.835000e+02 1.776000e+02
2.835000e+02 1.788000e+02
2.835000e+02 1.800000e+02
2.836250e+02 1.813500e+02
2.837500e+02 1.827000e+02
2.838750e+02 1.840500e+02
2.840000e+02 1.854000e+02
2.841250e+02 1.870500e+02
2.842500e+02 1.887000e+02
2.843750e+02 1.903500e+02
2.845000e+02 1.920000e+02
2.847500e+02 1.945500e+02
2.850000e+02 1.971000e+02
2.852500e+02 1.996500e+02
2.855000e+02 2.022000e+02
2.856250e+02 2.031000e+02
2.857500e+02 2.040000e+02
2.858750e+02 2.049000e+02
2.860000e+02 2.058000e+02
2.862500e+02 2.086500e+02
2.865000e+02 2.115000e+02
2.867500e+02 2.143500e+02
2.870000e+02 2.172000e+02
2.871250e+02 2.181000e+02
2.872500e+02 2.190000e+02
2.873750e+02 2.199000e+02
2.875000e+02 2.208000e+02
2.877500e+02 2.227500e+02
2.880000e+02 2.247000e+02
2.882500e+02 2.266500e+02
2.885000e+02 2.286000e+02
2.888750e+02 2.314500e+02
2.892500e+02 2.343000e+02
2.896250e+02 2.371500e+02
2.900000e+02 2.400000e+02
2.902500e+02 2.421000e+02
2.905000e+02 2.442000e+02
2.907500e+02 2.463000e+02
2.910000e+02 2.484000e+02
2.912500e+02 2.502000e+02
2.915000e+02 2.520000e+02
2.917500e+02 2.538000e+02
2.920000e+02 2.556000e+02
2.921250e+02 2.566500e+02
2.922500e+02 2.577000e+02
2.923750e+02 2.587500e+02
2.925000e+02 2.598000e+02
2.928750e+02 2.619000e+02
2.932500e+02 2.640000e+02
2.936250e+02 2.661000e+02
2.940000e+02 2.682000e+02
2.942500e+02 2.701500e+02
2.945000e+02 2.721000e+02
2.947500e+02 2.740500e+02
2.950000e+02 2.760000e+02
2.953750e+02 2.787000e+02
2.957500e+02 2.814000e+02
2.961250e+02 2.841000e+02
2.965000e+02 2.868000e+02
2.966250e+02 2.886000e+02
2.967500e+02 2.904000e+02
2.968750e+02 2.922000e+02
2.970000e+02 2.940000e+02
2.971250e+02 2.961000e+02
2.972500e+02 2.982000e+02
2.973750e+02 3.003000e+02
2.975000e+02 3.024000e+02
2.976250e+02 3.045000e+02
2.977500e+02 3.066000e+02
2.978750e+02 3.087000e+02
2.980000e+02 3.108000e+02
2.981250e+02 3.126000e+02
2.982500e+02 3.144000e+02
2.983750e+02 3.162000e+02
2.985000e+02 3.180000e+02
2.986250e+02 3.199500e+02
2.987500e+02 3.219000e+02
2.988750e+02 3.238500e+02
2.990000e+02 3.258000e+02
2.991250e+02 3.276000e+02
2.992500e+02 3.294000e+02
2.993750e+02 3.312000e+02
2.995000e+02 3.330000e+02
2.996250e+02 3.349500e+02
2.997500e+02 3.369000e+02
3.000000e+02 3.408000e+02
3.000000e+02 3.441000e+02
3.000000e+02 3.474000e+02
3.002500e+02 3.510000e+02
3.005000e+02 3.546000e+02
3.007500e+02 3.579000e+02
3.010000e+02 3.612000e+02
3.012500e+02 3.645000e+02
3.015000e+02 3.678000e+02
3.020000e+02 3.726000e+02
3.025000e+02 3.774000e+02
3.030000e+02 3.804000e+02
3.035000e+02 3.834000e+02
3.037500e+02 3.861000e+02
3.040000e+02 3.888000e+02
3.042500e+02 3.915000e+02
3.045000e+02 3.942000e+02
3.050000e+02 3.966000e+02
3.055000e+02 3.990000e+02
3.057500e+02 4.014000e+02
3.060000e+02 4.038000e+02
3.062500e+02 4.059000e+02
3.065000e+02 4.080000e+02
3.067500e+02 4.098000e+02
3.070000e+02 4.116000e+02
3.072500e+02 4.140000e+02
3.075000e+02 4.164000e+02
3.077500e+02 4.170000e+02
3.080000e+02 4.176000e+02
3.080000e+02 4.191000e+02
3.080000e+02 4.206000e+02
3.082500e+02 4.215000e+02
3.085000e+02 4.224000e+02
3.085000e+02 4.236000e+02
3.085000e+02 4.248000e+02
3.085000e+02 4.254000e+02
3.085000e+02 4.260000e+02
3.087500e+02 4.266000e+02
3.090000e+02 4.272000e+02
3.090000e+02 4.278000e+02
3.090000e+02 4.284000e+02
3.090000e+02 4.290000e+02
3.090000e+02 4.296000e+02
3.090000e+02 4.299000e+02
3.090000e+02 4.302000e+02
3.090000e+02 4.305000e+02
3.090000e+02 4.308000e+02
3.090000e+02 4.314000e+02
3.090000e+02 4.320000e+02
3.090000e+02 4.320000e+02
3.090000e+02 4.320000e+02
3.090000e+02 4.323000e+02
3.090000e+02 4.326000e+02
3.087500e+02 4.329000e+02
3.085000e+02 4.332000e+02
3.085000e+02 4.332000e+02
3.085000e+02 4.332000e+02
3.085000e+02 4.332000e+02
3.085000e+02 4.332000e+02
3.082500e+02 4.332000e+02
3.080000e+02 4.332000e+02
3.080000e+02 4.332000e+02
3.080000e+02 4.332000e+02
3.067500e+02 4.320000e+02
3.055000e+02 4.308000e+02
3.047500e+02 4.296000e+02
3.040000e+02 4.284000e+02
3.040000e+02 4.284000e+02
3.040000e+02 4.284000e+02
