2.295000e+02 3.702000e+02
2.295000e+02 3.702000e+02
2.295000e+02 3.702000e+02
2.297500e+02 3.690000e+02
2.300000e+02 3.678000e+02
2.300000e+02 3.669000e+02
2.300000e+02 3.660000e+02
2.305000e+02 3.639000e+02
2.310000e+02 3.618000e+02
2.312500e+02 3.591000e+02
2.315000e+02 3.564000e+02
2.317500e+02 3.531000e+02
2.320000e+02 3.498000e+02
2.320000e+02 3.480000e+02
2.320000e+02 3.462000e+02
2.322500e+02 3.423000e+02
2.325000e+02 3.384000e+02
2.325000e+02 3.360000e+02
2.325000e+02 3.336000e+02
2.330000e+02 3.288000e+02
2.335000e+02 3.240000e+02
2.337500e+02 3.186000e+02
2.340000e+02 3.132000e+02
2.345000e+02 3.072000e+02
2.350000e+02 3.012000e+02
2.352500e+02 2.982000e+02
2.355000e+02 2.952000e+02
2.362500e+02 2.889000e+02
2.370000e+02 2.826000e+02
2.380000e+02 2.760000e+02
2.390000e+02 2.694000e+02
2.400000e+02 2.625000e+02
2.410000e+02 2.556000e+02
2.415000e+02 2.526000e+02
2.420000e+02 2.496000e+02
2.425000e+02 2.463000e+02
2.430000e+02 2.430000e+02
2.440000e+02 2.364000e+02
2.450000e+02 2.298000e+02
2.455000e+02 2.265000e+02
2.460000e+02 2.232000e+02
2.470000e+02 2.169000e+02
2.480000e+02 2.106000e+02
2.492500e+02 2.046000e+02
2.505000e+02 1.986000e+02
2.510000e+02 1.956000e+02
2.515000e+02 1.926000e+02
2.525000e+02 1.869000e+02
2.535000e+02 1.812000e+02
2.542500e+02 1.755000e+02
2.550000e+02 1.698000e+02
2.560000e+02 1.641000e+02
2.570000e+02 1.584000e+02
2.580000e+02 1.533000e+02
2.590000e+02 1.482000e+02
2.600000e+02 1.437000e+02
2.610000e+02 1.392000e+02
2.620000e+02 1.353000e+02
2.630000e+02 1.314000e+02
2.640000e+02 1.272000e+02
2.650000e+02 1.230000e+02
2.657500e+02 1.194000e+02
2.665000e+02 1.158000e+02
2.672500e+02 1.125000e+02
2.680000e+02 1.092000e+02
2.687500e+02 1.062000e+02
2.695000e+02 1.032000e+02
2.700000e+02 1.005000e+02
2.705000e+02 9.780000e+01
2.707500e+02 9.540000e+01
2.710000e+02 9.300000e+01
2.715000e+02 9.060000e+01
2.720000e+02 8.820000e+01
2.720000e+02 8.760000e+01
2.720000e+02 8.700000e+01
2.725000e+02 8.550000e+01
2.730000e+02 8.400000e+01
2.735000e+02 8.280000e+01
2.740000e+02 8.160000e+01
2.742500e+02 8.100000e+01
2.745000e+02 8.040000e+01
2.752500e+02 7.950000e+01
2.760000e+02 7.860000e+01
2.765000e+02 7.800000e+01
2.770000e+02 7.740000e+01
2.775000e+02 7.710000e+01
2.780000e+02 7.680000e+01
2.785000e+02 7.680000e+01
2.790000e+02 7.680000e+01
2.800000e+02 7.680000e+01
2.810000e+02 7.680000e+01
2.815000e+02 7.710000e+01
2.820000e+02 7.740000e+01
2.830000e+02 7.770000e+01
2.840000e+02 7.800000e+01
2.852500e+02 7.860000e+01
2.865000e+02 7.920000e+01
2.872500e+02 7.980000e+01
2.880000e+02 8.040000e+01
2.892500e+02 8.190000e+01
2.905000e+02 8.340000e+01
2.920000e+02 8.550000e+01
2.935000e+02 8.760000e+01
2.942500e+02 8.850000e+01
2.950000e+02 8.940000e+01
2.967500e+02 9.180000e+01
2.985000e+02 9.420000e+01
2.995000e+02 9.570000e+01
3.005000e+02 9.720000e+01
3.022500e+02 9.990000e+01
3.040000e+02 1.026000e+02
3.050000e+02 1.041000e+02
3.060000e+02 1.056000e+02
3.080000e+02 1.089000e+02
3.100000e+02 1.122000e+02
3.120000e+02 1.158000e+02
3.140000e+02 1.194000e+02
3.160000e+02 1.233000e+02
3.180000e+02 1.272000e+02
3.192500e+02 1.290000e+02
3.205000e+02 1.308000e+02
3.225000e+02 1.353000e+02
3.245000e+02 1.398000e+02
3.267500e+02 1.440000e+02
3.290000e+02 1.482000e+02
3.302500e+02 1.503000e+02
3.315000e+02 1.524000e+02
3.325000e+02 1.548000e+02
3.335000e+02 1.572000e+02
3.362500e+02 1.620000e+02
3.390000e+02 1.668000e+02
3.417500e+02 1.719000e+02
3.445000e+02 1.770000e+02
3.457500e+02 1.797000e+02
3.470000e+02 1.824000e+02
3.495000e+02 1.875000e+02
3.520000e+02 1.926000e+02
3.545000e+02 1.977000e+02
3.570000e+02 2.028000e+02
3.582500e+02 2.052000e+02
3.595000e+02 2.076000e+02
3.620000e+02 2.124000e+02
3.645000e+02 2.172000e+02
3.672500e+02 2.226000e+02
3.700000e+02 2.280000e+02
3.712500e+02 2.307000e+02
3.725000e+02 2.334000e+02
3.752500e+02 2.385000e+02
3.780000e+02 2.436000e+02
3.807500e+02 2.487000e+02
3.835000e+02 2.538000e+02
3.847500e+02 2.565000e+02
3.860000e+02 2.592000e+02
3.872500e+02 2.613000e+02
3.885000e+02 2.634000e+02
3.910000e+02 2.685000e+02
3.935000e+02 2.736000e+02
3.960000e+02 2.781000e+02
3.985000e+02 2.826000e+02
3.995000e+02 2.847000e+02
4.005000e+02 2.868000e+02
4.027500e+02 2.910000e+02
4.050000e+02 2.952000e+02
4.072500e+02 2.988000e+02
4.095000e+02 3.024000e+02
4.105000e+02 3.045000e+02
4.115000e+02 3.066000e+02
4.132500e+02 3.099000e+02
4.150000e+02 3.132000e+02
4.170000e+02 3.165000e+02
4.190000e+02 3.198000e+02
4.205000e+02 3.231000e+02
4.220000e+02 3.264000e+02
4.235000e+02 3.288000e+02
4.250000e+02 3.312000e+02
4.262500e+02 3.333000e+02
4.275000e+02 3.354000e+02
4.280000e+02 3.363000e+02
4.285000e+02 3.372000e+02
4.292500e+02 3.387000e+02
4.300000e+02 3.402000e+02
4.305000e+02 3.414000e+02
4.310000e+02 3.426000e+02
4.315000e+02 3.435000e+02
4.320000e+02 3.444000e+02
4.325000e+02 3.453000e+02
4.330000e+02 3.462000e+02
4.335000e+02 3.468000e+02
4.340000e+02 3.474000e+02
4.342500e+02 3.480000e+02
4.345000e+02 3.486000e+02
4.347500e+02 3.489000e+02
4.350000e+02 3.492000e+02
4.352500e+02 3.495000e+02
4.355000e+02 3.498000e+02
4.365000e+02 3.504000e+02
4.365000e+02 3.504000e+02
4.365000e+02 3.504000e+02
4.365000e+02 3.498000e+02
4.365000e+02 3.498000e+02
