3.970000e+02 2.214000e+02
3.970000e+02 2.214000e+02
3.970000e+02 2.214000e+02
3.970000e+02 2.214000e+02
3.970000e+02 2.214000e+02
3.968750e+02 2.214000e+02
3.967500e+02 2.214000e+02
3.966250e+02 2.214000e+02
3.965000e+02 2.214000e+02
3.962500e+02 2.214000e+02
3.960000e+02 2.214000e+02
3.957500e+02 2.214000e+02
3.955000e+02 2.214000e+02
3.951250e+02 2.214000e+02
3.947500e+02 2.214000e+02
3.943750e+02 2.214000e+02
3.940000e+02 2.214000e+02
3.936250e+02 2.214000e+02
3.932500e+02 2.214000e+02
3.928750e+02 2.214000e+02
3.925000e+02 2.214000e+02
3.917500e+02 2.214000e+02
3.910000e+02 2.214000e+02
3.902500e+02 2.214000e+02
3.895000e+02 2.214000e+02
3.891250e+02 2.214000e+02
3.887500e+02 2.214000e+02
3.883750e+02 2.214000e+02
3.880000e+02 2.214000e+02
3.876250e+02 2.214000e+02
3.872500e+02 2.214000e+02
3.868750e+02 2.214000e+02
3.865000e+02 2.214000e+02
3.857500e+02 2.214000e+02
3.850000e+02 2.214000e+02
3.842500e+02 2.214000e+02
3.835000e+02 2.214000e+02
3.827500e+02 2.214000e+02
3.820000e+02 2.214000e+02
3.812500e+02 2.214000e+02
3.805000e+02 2.214000e+02
3.795000e+02 2.214000e+02
3.785000e+02 2.214000e+02
3.775000e+02 2.214000e+02
3.765000e+02 2.214000e+02
3.755000e+02 2.214000e+02
3.745000e+02 2.214000e+02
3.735000e+02 2.214000e+02
3.725000e+02 2.214000e+02
3.716250e+02 2.215500e+02
3.707500e+02 2.217000e+02
3.698750e+02 2.218500e+02
3.690000e+02 2.220000e+02
3.681250e+02 2.220000e+02
3.672500e+02 2.220000e+02
3.663750e+02 2.220000e+02
3.655000e+02 2.220000e+02
3.645000e+02 2.220000e+02
3.635000e+02 2.220000e+02
3.625000e+02 2.220000e+02
3.615000e+02 2.220000e+02
3.605000e+02 2.221500e+02
3.595000e+02 2.223000e+02
3.585000e+02 2.224500e+02
3.575000e+02 2.226000e+02
3.565000e+02 2.227500e+02
3.555000e+02 2.229000e+02
3.545000e+02 2.230500e+02
3.535000e+02 2.232000e+02
3.525000e+02 2.233500e+02
3.515000e+02 2.235000e+02
3.505000e+02 2.236500e+02
3.495000e+02 2.238000e+02
3.486250e+02 2.238000e+02
3.477500e+02 2.238000e+02
3.468750e+02 2.238000e+02
3.460000e+02 2.238000e+02
3.452500e+02 2.239500e+02
3.445000e+02 2.241000e+02
3.437500e+02 2.242500e+02
3.430000e+02 2.244000e+02
3.423750e+02 2.245500e+02
3.417500e+02 2.247000e+02
3.411250e+02 2.248500e+02
3.405000e+02 2.250000e+02
3.398750e+02 2.250000e+02
3.392500e+02 2.250000e+02
3.386250e+02 2.250000e+02
3.380000e+02 2.250000e+02
3.375000e+02 2.250000e+02
3.370000e+02 2.250000e+02
3.365000e+02 2.250000e+02
3.360000e+02 2.250000e+02
3.353750e+02 2.250000e+02
3.347500e+02 2.250000e+02
3.341250e+02 2.250000e+02
3.335000e+02 2.250000e+02
3.335000e+02 2.250000e+02
3.335000e+02 2.250000e+02
3.335000e+02 2.250000e+02
3.335000e+02 2.250000e+02
3.331250e+02 2.248500e+02
3.327500e+02 2.247000e+02
3.323750e+02 2.245500e+02
3.320000e+02 2.244000e+02
3.318750e+02 2.244000e+02
3.317500e+02 2.244000e+02
3.316250e+02 2.244000e+02
3.315000e+02 2.244000e+02
3.312500e+02 2.244000e+02
3.310000e+02 2.244000e+02
3.307500e+02 2.244000e+02
3.305000e+02 2.244000e+02
3.303750e+02 2.244000e+02
3.302500e+02 2.244000e+02
3.301250e+02 2.244000e+02
3.300000e+02 2.244000e+02
3.297500e+02 2.244000e+02
3.295000e+02 2.244000e+02
3.292500e+02 2.244000e+02
3.290000e+02 2.244000e+02
3.287500e+02 2.244000e+02
3.285000e+02 2.244000e+02
3.282500e+02 2.244000e+02
3.280000e+02 2.244000e+02
3.277500e+02 2.244000e+02
3.275000e+02 2.244000e+02
3.272500e+02 2.244000e+02
3.270000e+02 2.244000e+02
3.267500e+02 2.244000e+02
3.265000e+02 2.244000e+02
3.262500e+02 2.244000e+02
3.260000e+02 2.244000e+02
3.257500e+02 2.245500e+02
3.255000e+02 2.247000e+02
3.252500e+02 2.248500e+02
3.250000e+02 2.250000e+02
3.243750e+02 2.250000e+02
3.237500e+02 2.250000e+02
3.231250e+02 2.250000e+02
3.225000e+02 2.250000e+02
3.221250e+02 2.250000e+02
3.217500e+02 2.250000e+02
3.213750e+02 2.250000e+02
3.210000e+02 2.250000e+02
3.205000e+02 2.250000e+02
3.200000e+02 2.250000e+02
3.195000e+02 2.250000e+02
3.190000e+02 2.250000e+02
3.187500e+02 2.251500e+02
3.185000e+02 2.253000e+02
3.182500e+02 2.254500e+02
3.180000e+02 2.256000e+02
3.176250e+02 2.256000e+02
3.172500e+02 2.256000e+02
3.168750e+02 2.256000e+02
3.165000e+02 2.256000e+02
3.162500e+02 2.256000e+02
3.160000e+02 2.256000e+02
3.157500e+02 2.256000e+02
3.155000e+02 2.256000e+02
3.153750e+02 2.256000e+02
3.152500e+02 2.256000e+02
3.151250e+02 2.256000e+02
3.150000e+02 2.256000e+02
3.147500e+02 2.256000e+02
3.145000e+02 2.256000e+02
3.142500e+02 2.256000e+02
3.140000e+02 2.256000e+02
3.138750e+02 2.256000e+02
3.137500e+02 2.256000e+02
3.136250e+02 2.256000e+02
3.135000e+02 2.256000e+02
3.133750e+02 2.256000e+02
3.132500e+02 2.256000e+02
3.131250e+02 2.256000e+02
3.130000e+02 2.256000e+02
3.128750e+02 2.256000e+02
3.127500e+02 2.256000e+02
3.126250e+02 2.256000e+02
3.125000e+02 2.256000e+02
3.125000e+02 2.256000e+02
3.125000e+02 2.256000e+02
3.125000e+02 2.256000e+02
3.125000e+02 2.256000e+02
3.125000e+02 2.256000e+02
3.125000e+02 2.256000e+02
3.125000e+02 2.256000e+02
3.122500e+02 2.256000e+02
3.120000e+02 2.256000e+02
3.120000e+02 2.256000e+02
3.120000e+02 2.256000e+02
3.120000e+02 2.256000e+02
3.120000e+02 2.256000e+02
3.117500e+02 2.259000e+02
3.115000e+02 2.262000e+02
3.115000e+02 2.262000e+02
3.115000e+02 2.262000e+02
3.115000e+02 2.262000e+02
3.115000e+02 2.262000e+02
