2.525000e+02 3.708000e+02
2.525000e+02 3.708000e+02
2.525000e+02 3.708000e+02
2.527500e+02 3.699000e+02
2.530000e+02 3.690000e+02
2.530000e+02 3.684000e+02
2.530000e+02 3.678000e+02
2.532500e+02 3.666000e+02
2.535000e+02 3.654000e+02
2.535000e+02 3.639000e+02
2.535000e+02 3.624000e+02
2.537500e+02 3.612000e+02
2.540000e+02 3.600000e+02
2.542500e+02 3.585000e+02
2.545000e+02 3.570000e+02
2.547500e+02 3.552000e+02
2.550000e+02 3.534000e+02
2.560000e+02 3.504000e+02
2.570000e+02 3.474000e+02
2.580000e+02 3.444000e+02
2.590000e+02 3.414000e+02
2.597500e+02 3.390000e+02
2.605000e+02 3.366000e+02
2.615000e+02 3.333000e+02
2.625000e+02 3.300000e+02
2.632500e+02 3.276000e+02
2.640000e+02 3.252000e+02
2.650000e+02 3.225000e+02
2.660000e+02 3.198000e+02
2.670000e+02 3.171000e+02
2.680000e+02 3.144000e+02
2.690000e+02 3.114000e+02
2.700000e+02 3.084000e+02
2.712500e+02 3.054000e+02
2.725000e+02 3.024000e+02
2.737500e+02 2.997000e+02
2.750000e+02 2.970000e+02
2.760000e+02 2.940000e+02
2.770000e+02 2.910000e+02
2.782500e+02 2.877000e+02
2.795000e+02 2.844000e+02
2.807500e+02 2.811000e+02
2.820000e+02 2.778000e+02
2.835000e+02 2.745000e+02
2.850000e+02 2.712000e+02
2.862500e+02 2.676000e+02
2.875000e+02 2.640000e+02
2.887500e+02 2.607000e+02
2.900000e+02 2.574000e+02
2.915000e+02 2.538000e+02
2.930000e+02 2.502000e+02
2.952500e+02 2.448000e+02
2.975000e+02 2.394000e+02
2.987500e+02 2.364000e+02
3.000000e+02 2.334000e+02
3.005000e+02 2.313000e+02
3.010000e+02 2.292000e+02
3.025000e+02 2.262000e+02
3.040000e+02 2.232000e+02
3.055000e+02 2.196000e+02
3.070000e+02 2.160000e+02
3.090000e+02 2.115000e+02
3.110000e+02 2.070000e+02
3.127500e+02 2.025000e+02
3.145000e+02 1.980000e+02
3.165000e+02 1.935000e+02
3.185000e+02 1.890000e+02
3.197500e+02 1.863000e+02
3.210000e+02 1.836000e+02
3.222500e+02 1.809000e+02
3.235000e+02 1.782000e+02
3.247500e+02 1.755000e+02
3.260000e+02 1.728000e+02
3.272500e+02 1.698000e+02
3.285000e+02 1.668000e+02
3.300000e+02 1.638000e+02
3.315000e+02 1.608000e+02
3.332500e+02 1.578000e+02
3.350000e+02 1.548000e+02
3.362500e+02 1.518000e+02
3.375000e+02 1.488000e+02
3.390000e+02 1.461000e+02
3.405000e+02 1.434000e+02
3.420000e+02 1.404000e+02
3.435000e+02 1.374000e+02
3.447500e+02 1.347000e+02
3.460000e+02 1.320000e+02
3.475000e+02 1.293000e+02
3.490000e+02 1.266000e+02
3.502500e+02 1.245000e+02
3.515000e+02 1.224000e+02
3.525000e+02 1.203000e+02
3.535000e+02 1.182000e+02
3.545000e+02 1.164000e+02
3.555000e+02 1.146000e+02
3.585000e+02 1.098000e+02
3.595000e+02 1.074000e+02
3.605000e+02 1.062000e+02
3.620000e+02 1.026000e+02
3.630000e+02 1.008000e+02
3.640000e+02 9.900000e+01
3.645000e+02 9.780000e+01
3.655000e+02 9.720000e+01
3.660000e+02 9.660000e+01
3.665000e+02 9.600000e+01
3.670000e+02 9.540000e+01
3.675000e+02 9.480000e+01
3.680000e+02 9.480000e+01
3.690000e+02 9.480000e+01
3.690000e+02 9.480000e+01
3.700000e+02 9.480000e+01
3.710000e+02 9.540000e+01
3.715000e+02 9.600000e+01
3.730000e+02 9.660000e+01
3.740000e+02 9.780000e+01
3.760000e+02 1.002000e+02
3.780000e+02 1.032000e+02
3.795000e+02 1.050000e+02
3.810000e+02 1.068000e+02
3.825000e+02 1.092000e+02
3.840000e+02 1.110000e+02
3.855000e+02 1.134000e+02
3.865000e+02 1.158000e+02
3.880000e+02 1.182000e+02
3.890000e+02 1.212000e+02
3.905000e+02 1.236000e+02
3.920000e+02 1.266000e+02
3.935000e+02 1.290000e+02
3.950000e+02 1.320000e+02
3.965000e+02 1.356000e+02
3.985000e+02 1.398000e+02
4.000000e+02 1.434000e+02
4.015000e+02 1.464000e+02
4.020000e+02 1.482000e+02
4.045000e+02 1.536000e+02
4.060000e+02 1.572000e+02
4.080000e+02 1.608000e+02
4.100000e+02 1.644000e+02
4.120000e+02 1.680000e+02
4.140000e+02 1.716000e+02
4.165000e+02 1.758000e+02
4.190000e+02 1.794000e+02
4.210000e+02 1.830000e+02
4.240000e+02 1.872000e+02
4.260000e+02 1.914000e+02
4.300000e+02 1.974000e+02
4.315000e+02 1.992000e+02
4.340000e+02 2.034000e+02
4.380000e+02 2.094000e+02
4.405000e+02 2.136000e+02
4.435000e+02 2.178000e+02
4.460000e+02 2.220000e+02
4.485000e+02 2.262000e+02
4.510000e+02 2.304000e+02
4.535000e+02 2.346000e+02
4.570000e+02 2.406000e+02
4.605000e+02 2.466000e+02
4.625000e+02 2.508000e+02
4.655000e+02 2.568000e+02
4.680000e+02 2.610000e+02
4.700000e+02 2.652000e+02
4.725000e+02 2.688000e+02
4.740000e+02 2.730000e+02
4.760000e+02 2.766000e+02
4.780000e+02 2.808000e+02
4.795000e+02 2.844000e+02
4.810000e+02 2.880000e+02
4.830000e+02 2.922000e+02
4.850000e+02 2.976000e+02
4.860000e+02 2.994000e+02
4.870000e+02 3.030000e+02
4.890000e+02 3.084000e+02
4.905000e+02 3.126000e+02
4.915000e+02 3.162000e+02
4.930000e+02 3.198000e+02
4.940000e+02 3.234000e+02
4.955000e+02 3.270000e+02
4.965000e+02 3.306000e+02
4.970000e+02 3.336000e+02
4.980000e+02 3.360000e+02
4.985000e+02 3.384000e+02
4.990000e+02 3.408000e+02
4.995000e+02 3.432000e+02
5.000000e+02 3.450000e+02
5.005000e+02 3.468000e+02
5.010000e+02 3.486000e+02
5.015000e+02 3.498000e+02
5.020000e+02 3.516000e+02
5.020000e+02 3.528000e+02
5.025000e+02 3.552000e+02
5.030000e+02 3.570000e+02
5.030000e+02 3.582000e+02
5.030000e+02 3.594000e+02
5.035000e+02 3.606000e+02
5.035000e+02 3.618000e+02
5.035000e+02 3.630000e+02
5.035000e+02 3.636000e+02
5.035000e+02 3.654000e+02
5.035000e+02 3.660000e+02
5.035000e+02 3.660000e+02
