6.200000e+01 2.580000e+02
6.200000e+01 2.580000e+02
6.200000e+01 2.580000e+02
6.175000e+01 2.580000e+02
6.150000e+01 2.580000e+02
6.150000e+01 2.580000e+02
6.150000e+01 2.580000e+02
6.150000e+01 2.580000e+02
6.150000e+01 2.580000e+02
6.150000e+01 2.580000e+02
6.150000e+01 2.580000e+02
6.150000e+01 2.580000e+02
6.150000e+01 2.580000e+02
6.150000e+01 2.580000e+02
6.150000e+01 2.580000e+02
6.150000e+01 2.580000e+02
6.150000e+01 2.580000e+02
6.150000e+01 2.583000e+02
6.150000e+01 2.586000e+02
6.175000e+01 2.589000e+02
6.200000e+01 2.592000e+02
6.225000e+01 2.598000e+02
6.250000e+01 2.604000e+02
6.350000e+01 2.622000e+02
6.450000e+01 2.640000e+02
6.525000e+01 2.655000e+02
6.600000e+01 2.670000e+02
6.700000e+01 2.688000e+02
6.800000e+01 2.706000e+02
6.900000e+01 2.724000e+02
7.000000e+01 2.742000e+02
7.125000e+01 2.763000e+02
7.250000e+01 2.784000e+02
7.375000e+01 2.805000e+02
7.500000e+01 2.826000e+02
7.625000e+01 2.847000e+02
7.750000e+01 2.868000e+02
7.900000e+01 2.889000e+02
8.050000e+01 2.910000e+02
8.200000e+01 2.934000e+02
8.350000e+01 2.958000e+02
8.475000e+01 2.979000e+02
8.600000e+01 3.000000e+02
8.725000e+01 3.021000e+02
8.850000e+01 3.042000e+02
9.100000e+01 3.078000e+02
9.350000e+01 3.114000e+02
9.475000e+01 3.135000e+02
9.600000e+01 3.156000e+02
9.725000e+01 3.177000e+02
9.850000e+01 3.198000e+02
9.975000e+01 3.222000e+02
1.010000e+02 3.246000e+02
1.022500e+02 3.264000e+02
1.035000e+02 3.282000e+02
1.065000e+02 3.324000e+02
1.085000e+02 3.360000e+02
1.110000e+02 3.396000e+02
1.130000e+02 3.432000e+02
1.150000e+02 3.462000e+02
1.180000e+02 3.504000e+02
1.195000e+02 3.528000e+02
1.210000e+02 3.546000e+02
1.220000e+02 3.564000e+02
1.230000e+02 3.582000e+02
1.240000e+02 3.594000e+02
1.245000e+02 3.606000e+02
1.250000e+02 3.618000e+02
1.255000e+02 3.624000e+02
1.260000e+02 3.630000e+02
1.265000e+02 3.636000e+02
1.265000e+02 3.636000e+02
1.265000e+02 3.642000e+02
1.265000e+02 3.642000e+02
1.270000e+02 3.648000e+02
1.270000e+02 3.648000e+02
1.270000e+02 3.648000e+02
1.270000e+02 3.648000e+02
1.270000e+02 3.654000e+02
1.270000e+02 3.654000e+02
1.270000e+02 3.654000e+02
1.270000e+02 3.654000e+02
1.270000e+02 3.654000e+02
1.275000e+02 3.654000e+02
1.275000e+02 3.654000e+02
1.275000e+02 3.654000e+02
1.275000e+02 3.654000e+02
1.275000e+02 3.654000e+02
1.275000e+02 3.654000e+02
1.275000e+02 3.654000e+02
1.275000e+02 3.648000e+02
1.275000e+02 3.648000e+02
1.275000e+02 3.648000e+02
1.280000e+02 3.648000e+02
1.280000e+02 3.648000e+02
1.280000e+02 3.642000e+02
1.280000e+02 3.642000e+02
1.285000e+02 3.636000e+02
1.285000e+02 3.636000e+02
1.285000e+02 3.630000e+02
1.290000e+02 3.630000e+02
1.290000e+02 3.624000e+02
1.295000e+02 3.618000e+02
1.300000e+02 3.612000e+02
1.305000e+02 3.600000e+02
1.315000e+02 3.588000e+02
1.325000e+02 3.576000e+02
1.335000e+02 3.564000e+02
1.350000e+02 3.546000e+02
1.365000e+02 3.528000e+02
1.380000e+02 3.510000e+02
1.400000e+02 3.486000e+02
1.420000e+02 3.462000e+02
1.440000e+02 3.432000e+02
1.465000e+02 3.408000e+02
1.490000e+02 3.378000e+02
1.515000e+02 3.348000e+02
1.545000e+02 3.318000e+02
1.590000e+02 3.270000e+02
1.625000e+02 3.234000e+02
1.660000e+02 3.192000e+02
1.700000e+02 3.156000e+02
1.740000e+02 3.114000e+02
1.780000e+02 3.072000e+02
1.830000e+02 3.024000e+02
1.875000e+02 2.976000e+02
1.925000e+02 2.934000e+02
1.975000e+02 2.886000e+02
2.025000e+02 2.832000e+02
2.080000e+02 2.790000e+02
2.140000e+02 2.730000e+02
2.200000e+02 2.676000e+02
2.295000e+02 2.592000e+02
2.355000e+02 2.538000e+02
2.385000e+02 2.508000e+02
2.450000e+02 2.454000e+02
2.540000e+02 2.376000e+02
2.600000e+02 2.328000e+02
2.660000e+02 2.274000e+02
2.715000e+02 2.226000e+02
2.775000e+02 2.184000e+02
2.825000e+02 2.142000e+02
2.880000e+02 2.100000e+02
2.935000e+02 2.064000e+02
2.985000e+02 2.028000e+02
3.040000e+02 1.992000e+02
3.090000e+02 1.956000e+02
3.140000e+02 1.926000e+02
3.190000e+02 1.896000e+02
3.240000e+02 1.866000e+02
3.290000e+02 1.836000e+02
3.335000e+02 1.806000e+02
3.405000e+02 1.764000e+02
3.480000e+02 1.722000e+02
3.515000e+02 1.704000e+02
3.550000e+02 1.686000e+02
3.575000e+02 1.674000e+02
3.595000e+02 1.662000e+02
3.615000e+02 1.650000e+02
3.635000e+02 1.638000e+02
3.645000e+02 1.632000e+02
3.660000e+02 1.626000e+02
3.670000e+02 1.620000e+02
3.675000e+02 1.620000e+02
3.680000e+02 1.614000e+02
3.690000e+02 1.608000e+02
3.690000e+02 1.608000e+02
3.695000e+02 1.608000e+02
3.695000e+02 1.608000e+02
3.695000e+02 1.608000e+02
3.700000e+02 1.608000e+02
3.700000e+02 1.602000e+02
3.700000e+02 1.602000e+02
3.700000e+02 1.602000e+02
3.700000e+02 1.602000e+02
3.705000e+02 1.602000e+02
3.705000e+02 1.602000e+02
3.705000e+02 1.602000e+02
3.705000e+02 1.602000e+02
3.705000e+02 1.602000e+02
3.705000e+02 1.602000e+02
3.705000e+02 1.602000e+02
3.705000e+02 1.602000e+02
3.705000e+02 1.602000e+02
3.705000e+02 1.602000e+02
3.705000e+02 1.608000e+02
3.705000e+02 1.608000e+02
3.705000e+02 1.608000e+02
3.705000e+02 1.608000e+02
3.705000e+02 1.608000e+02
3.705000e+02 1.608000e+02
3.705000e+02 1.608000e+02
3.700000e+02 1.608000e+02
3.700000e+02 1.608000e+02
3.700000e+02 1.608000e+02
3.700000e+02 1.608000e+02
3.700000e+02 1.608000e+02
3.700000e+02 1.608000e+02
3.695000e+02 1.614000e+02
3.695000e+02 1.614000e+02
