1.385000e+02 2.478000e+02
1.385000e+02 2.478000e+02
1.385000e+02 2.478000e+02
1.385000e+02 2.478000e+02
1.385000e+02 2.478000e+02
1.387500e+02 2.479500e+02
1.390000e+02 2.481000e+02
1.392500e+02 2.482500e+02
1.395000e+02 2.484000e+02
1.398750e+02 2.487000e+02
1.402500e+02 2.490000e+02
1.406250e+02 2.493000e+02
1.410000e+02 2.496000e+02
1.418750e+02 2.500500e+02
1.427500e+02 2.505000e+02
1.436250e+02 2.509500e+02
1.445000e+02 2.514000e+02
1.450000e+02 2.515500e+02
1.455000e+02 2.517000e+02
1.460000e+02 2.518500e+02
1.465000e+02 2.520000e+02
1.481250e+02 2.524500e+02
1.497500e+02 2.529000e+02
1.513750e+02 2.533500e+02
1.530000e+02 2.538000e+02
1.542500e+02 2.541000e+02
1.555000e+02 2.544000e+02
1.567500e+02 2.547000e+02
1.580000e+02 2.550000e+02
1.592500e+02 2.551500e+02
1.605000e+02 2.553000e+02
1.617500e+02 2.554500e+02
1.630000e+02 2.556000e+02
1.645000e+02 2.556000e+02
1.660000e+02 2.556000e+02
1.675000e+02 2.556000e+02
1.690000e+02 2.556000e+02
1.696250e+02 2.556000e+02
1.702500e+02 2.556000e+02
1.708750e+02 2.556000e+02
1.715000e+02 2.556000e+02
1.737500e+02 2.554500e+02
1.760000e+02 2.553000e+02
1.782500e+02 2.551500e+02
1.805000e+02 2.550000e+02
1.818750e+02 2.547000e+02
1.832500e+02 2.544000e+02
1.846250e+02 2.541000e+02
1.860000e+02 2.538000e+02
1.877500e+02 2.536500e+02
1.895000e+02 2.535000e+02
1.912500e+02 2.533500e+02
1.930000e+02 2.532000e+02
1.945000e+02 2.530500e+02
1.960000e+02 2.529000e+02
1.975000e+02 2.527500e+02
1.990000e+02 2.526000e+02
2.007500e+02 2.524500e+02
2.025000e+02 2.523000e+02
2.042500e+02 2.521500e+02
2.060000e+02 2.520000e+02
2.076250e+02 2.518500e+02
2.092500e+02 2.517000e+02
2.108750e+02 2.515500e+02
2.125000e+02 2.514000e+02
2.142500e+02 2.512500e+02
2.160000e+02 2.511000e+02
2.177500e+02 2.509500e+02
2.195000e+02 2.508000e+02
2.222500e+02 2.505000e+02
2.250000e+02 2.502000e+02
2.277500e+02 2.499000e+02
2.305000e+02 2.496000e+02
2.320000e+02 2.496000e+02
2.335000e+02 2.496000e+02
2.350000e+02 2.496000e+02
2.365000e+02 2.496000e+02
2.390000e+02 2.493000e+02
2.415000e+02 2.490000e+02
2.440000e+02 2.487000e+02
2.465000e+02 2.484000e+02
2.483750e+02 2.482500e+02
2.502500e+02 2.481000e+02
2.521250e+02 2.479500e+02
2.540000e+02 2.478000e+02
2.555000e+02 2.478000e+02
2.570000e+02 2.478000e+02
2.585000e+02 2.478000e+02
2.600000e+02 2.478000e+02
2.617500e+02 2.478000e+02
2.635000e+02 2.478000e+02
2.652500e+02 2.478000e+02
2.670000e+02 2.478000e+02
2.682500e+02 2.476500e+02
2.695000e+02 2.475000e+02
2.707500e+02 2.473500e+02
2.720000e+02 2.472000e+02
2.736250e+02 2.472000e+02
2.752500e+02 2.472000e+02
2.768750e+02 2.472000e+02
2.785000e+02 2.472000e+02
2.798750e+02 2.472000e+02
2.812500e+02 2.472000e+02
2.840000e+02 2.472000e+02
2.875000e+02 2.469000e+02
2.910000e+02 2.466000e+02
2.937500e+02 2.466000e+02
2.965000e+02 2.466000e+02
2.995000e+02 2.469000e+02
3.025000e+02 2.472000e+02
3.070000e+02 2.475000e+02
3.115000e+02 2.478000e+02
3.147500e+02 2.478000e+02
3.180000e+02 2.478000e+02
3.210000e+02 2.481000e+02
3.240000e+02 2.484000e+02
3.272500e+02 2.487000e+02
3.305000e+02 2.490000e+02
3.335000e+02 2.493000e+02
3.365000e+02 2.496000e+02
3.412500e+02 2.502000e+02
3.460000e+02 2.508000e+02
3.495000e+02 2.517000e+02
3.530000e+02 2.526000e+02
3.572500e+02 2.535000e+02
3.615000e+02 2.544000e+02
3.645000e+02 2.553000e+02
3.675000e+02 2.562000e+02
3.700000e+02 2.568000e+02
3.725000e+02 2.574000e+02
3.752500e+02 2.580000e+02
3.780000e+02 2.586000e+02
3.805000e+02 2.589000e+02
3.830000e+02 2.592000e+02
3.855000e+02 2.595000e+02
3.880000e+02 2.598000e+02
3.905000e+02 2.598000e+02
3.930000e+02 2.598000e+02
3.967500e+02 2.604000e+02
4.005000e+02 2.610000e+02
4.020000e+02 2.610000e+02
4.035000e+02 2.610000e+02
4.060000e+02 2.613000e+02
4.085000e+02 2.616000e+02
4.125000e+02 2.616000e+02
4.165000e+02 2.616000e+02
4.175000e+02 2.616000e+02
4.185000e+02 2.616000e+02
4.210000e+02 2.613000e+02
4.235000e+02 2.610000e+02
4.262500e+02 2.607000e+02
4.290000e+02 2.604000e+02
4.317500e+02 2.604000e+02
4.345000e+02 2.604000e+02
4.372500e+02 2.601000e+02
4.400000e+02 2.598000e+02
4.425000e+02 2.592000e+02
4.450000e+02 2.586000e+02
4.475000e+02 2.583000e+02
4.500000e+02 2.580000e+02
4.525000e+02 2.577000e+02
4.550000e+02 2.574000e+02
4.570000e+02 2.568000e+02
4.590000e+02 2.562000e+02
4.612500e+02 2.553000e+02
4.635000e+02 2.544000e+02
4.660000e+02 2.538000e+02
4.685000e+02 2.532000e+02
4.702500e+02 2.526000e+02
4.720000e+02 2.520000e+02
4.740000e+02 2.514000e+02
4.760000e+02 2.508000e+02
4.792500e+02 2.499000e+02
4.825000e+02 2.490000e+02
4.855000e+02 2.481000e+02
4.885000e+02 2.472000e+02
4.915000e+02 2.463000e+02
4.945000e+02 2.454000e+02
4.962500e+02 2.448000e+02
4.980000e+02 2.442000e+02
4.990000e+02 2.439000e+02
5.000000e+02 2.436000e+02
5.022500e+02 2.430000e+02
5.045000e+02 2.424000e+02
5.062500e+02 2.421000e+02
5.080000e+02 2.418000e+02
5.095000e+02 2.412000e+02
5.110000e+02 2.406000e+02
5.122500e+02 2.400000e+02
5.135000e+02 2.394000e+02
5.150000e+02 2.391000e+02
5.165000e+02 2.388000e+02
5.175000e+02 2.382000e+02
5.185000e+02 2.376000e+02
5.195000e+02 2.373000e+02
5.205000e+02 2.370000e+02
5.205000e+02 2.370000e+02
5.205000e+02 2.370000e+02
5.205000e+02 2.370000e+02
5.205000e+02 2.370000e+02
