2.140000e+02 1.932000e+02
2.140000e+02 1.932000e+02
2.140000e+02 1.932000e+02
2.140000e+02 1.932000e+02
2.140000e+02 1.932000e+02
2.140000e+02 1.932000e+02
2.140000e+02 1.932000e+02
2.140000e+02 1.932000e+02
2.140000e+02 1.932000e+02
2.142500e+02 1.935000e+02
2.145000e+02 1.938000e+02
2.147500e+02 1.941000e+02
2.150000e+02 1.944000e+02
2.152500e+02 1.950000e+02
2.155000e+02 1.956000e+02
2.162500e+02 1.965000e+02
2.170000e+02 1.974000e+02
2.180000e+02 1.986000e+02
2.190000e+02 1.998000e+02
2.200000e+02 2.013000e+02
2.210000e+02 2.028000e+02
2.220000e+02 2.046000e+02
2.230000e+02 2.064000e+02
2.242500e+02 2.082000e+02
2.255000e+02 2.100000e+02
2.267500e+02 2.121000e+02
2.280000e+02 2.142000e+02
2.305000e+02 2.181000e+02
2.330000e+02 2.220000e+02
2.345000e+02 2.244000e+02
2.360000e+02 2.268000e+02
2.377500e+02 2.298000e+02
2.395000e+02 2.328000e+02
2.412500e+02 2.355000e+02
2.430000e+02 2.382000e+02
2.447500e+02 2.409000e+02
2.465000e+02 2.436000e+02
2.480000e+02 2.463000e+02
2.495000e+02 2.490000e+02
2.510000e+02 2.514000e+02
2.525000e+02 2.538000e+02
2.540000e+02 2.562000e+02
2.555000e+02 2.586000e+02
2.577500e+02 2.622000e+02
2.600000e+02 2.658000e+02
2.612500e+02 2.676000e+02
2.625000e+02 2.694000e+02
2.640000e+02 2.712000e+02
2.655000e+02 2.730000e+02
2.667500e+02 2.748000e+02
2.680000e+02 2.766000e+02
2.695000e+02 2.787000e+02
2.710000e+02 2.808000e+02
2.722500e+02 2.826000e+02
2.735000e+02 2.844000e+02
2.747500e+02 2.862000e+02
2.760000e+02 2.880000e+02
2.770000e+02 2.895000e+02
2.780000e+02 2.910000e+02
2.792500e+02 2.925000e+02
2.805000e+02 2.940000e+02
2.815000e+02 2.958000e+02
2.825000e+02 2.976000e+02
2.835000e+02 2.988000e+02
2.845000e+02 3.000000e+02
2.855000e+02 3.018000e+02
2.865000e+02 3.036000e+02
2.872500e+02 3.048000e+02
2.880000e+02 3.060000e+02
2.885000e+02 3.069000e+02
2.890000e+02 3.078000e+02
2.895000e+02 3.084000e+02
2.900000e+02 3.090000e+02
2.905000e+02 3.096000e+02
2.910000e+02 3.102000e+02
2.912500e+02 3.108000e+02
2.915000e+02 3.114000e+02
2.917500e+02 3.117000e+02
2.920000e+02 3.120000e+02
2.922500e+02 3.123000e+02
2.925000e+02 3.126000e+02
2.927500e+02 3.129000e+02
2.930000e+02 3.132000e+02
2.930000e+02 3.135000e+02
2.930000e+02 3.138000e+02
2.932500e+02 3.138000e+02
2.935000e+02 3.138000e+02
2.935000e+02 3.141000e+02
2.935000e+02 3.144000e+02
2.937500e+02 3.144000e+02
2.940000e+02 3.144000e+02
2.940000e+02 3.144000e+02
2.940000e+02 3.144000e+02
2.940000e+02 3.144000e+02
2.940000e+02 3.144000e+02
2.940000e+02 3.144000e+02
2.940000e+02 3.144000e+02
2.940000e+02 3.144000e+02
2.940000e+02 3.144000e+02
2.942500e+02 3.144000e+02
2.945000e+02 3.144000e+02
2.945000e+02 3.144000e+02
2.945000e+02 3.144000e+02
2.945000e+02 3.144000e+02
2.945000e+02 3.144000e+02
2.945000e+02 3.144000e+02
2.945000e+02 3.144000e+02
2.947500e+02 3.141000e+02
2.950000e+02 3.138000e+02
2.950000e+02 3.138000e+02
2.950000e+02 3.138000e+02
2.952500e+02 3.138000e+02
2.955000e+02 3.138000e+02
2.955000e+02 3.138000e+02
2.955000e+02 3.138000e+02
2.957500e+02 3.138000e+02
2.960000e+02 3.138000e+02
2.960000e+02 3.135000e+02
2.960000e+02 3.132000e+02
2.960000e+02 3.132000e+02
2.960000e+02 3.132000e+02
2.962500e+02 3.129000e+02
2.965000e+02 3.126000e+02
2.965000e+02 3.126000e+02
2.965000e+02 3.126000e+02
2.967500e+02 3.126000e+02
2.970000e+02 3.126000e+02
2.970000e+02 3.123000e+02
2.970000e+02 3.120000e+02
2.972500e+02 3.117000e+02
2.975000e+02 3.114000e+02
2.977500e+02 3.111000e+02
2.980000e+02 3.108000e+02
2.982500e+02 3.105000e+02
2.985000e+02 3.102000e+02
2.987500e+02 3.096000e+02
2.990000e+02 3.090000e+02
3.000000e+02 3.072000e+02
3.015000e+02 3.048000e+02
3.030000e+02 3.012000e+02
3.050000e+02 2.976000e+02
3.070000e+02 2.946000e+02
3.090000e+02 2.904000e+02
3.110000e+02 2.862000e+02
3.130000e+02 2.814000e+02
3.165000e+02 2.730000e+02
3.180000e+02 2.700000e+02
3.225000e+02 2.616000e+02
3.255000e+02 2.550000e+02
3.290000e+02 2.490000e+02
3.330000e+02 2.424000e+02
3.365000e+02 2.370000e+02
3.400000e+02 2.310000e+02
3.445000e+02 2.250000e+02
3.485000e+02 2.190000e+02
3.520000e+02 2.142000e+02
3.560000e+02 2.088000e+02
3.600000e+02 2.040000e+02
3.635000e+02 1.992000e+02
3.695000e+02 1.914000e+02
3.735000e+02 1.872000e+02
3.800000e+02 1.794000e+02
3.865000e+02 1.722000e+02
3.915000e+02 1.674000e+02
3.960000e+02 1.626000e+02
4.000000e+02 1.578000e+02
4.045000e+02 1.536000e+02
4.090000e+02 1.488000e+02
4.135000e+02 1.452000e+02
4.180000e+02 1.410000e+02
4.220000e+02 1.374000e+02
4.265000e+02 1.332000e+02
4.310000e+02 1.284000e+02
4.395000e+02 1.224000e+02
4.425000e+02 1.200000e+02
4.510000e+02 1.140000e+02
4.540000e+02 1.128000e+02
4.610000e+02 1.074000e+02
4.660000e+02 1.044000e+02
4.700000e+02 1.014000e+02
4.735000e+02 9.960000e+01
4.765000e+02 9.720000e+01
4.790000e+02 9.600000e+01
4.810000e+02 9.480000e+01
4.825000e+02 9.420000e+01
4.835000e+02 9.360000e+01
4.840000e+02 9.300000e+01
4.845000e+02 9.300000e+01
4.850000e+02 9.240000e+01
4.855000e+02 9.240000e+01
4.855000e+02 9.240000e+01
4.860000e+02 9.240000e+01
4.860000e+02 9.240000e+01
4.860000e+02 9.240000e+01
4.860000e+02 9.240000e+01
4.860000e+02 9.240000e+01
4.860000e+02 9.240000e+01
4.860000e+02 9.300000e+01
4.865000e+02 9.300000e+01
4.865000e+02 9.300000e+01
