2.650000e+02 2.904000e+02
2.650000e+02 2.904000e+02
2.650000e+02 2.904000e+02
2.650000e+02 2.904000e+02
2.650000e+02 2.904000e+02
2.651250e+02 2.904000e+02
2.652500e+02 2.904000e+02
2.653750e+02 2.904000e+02
2.655000e+02 2.904000e+02
2.657500e+02 2.902500e+02
2.660000e+02 2.901000e+02
2.662500e+02 2.899500e+02
2.665000e+02 2.898000e+02
2.670000e+02 2.896500e+02
2.675000e+02 2.895000e+02
2.680000e+02 2.893500e+02
2.685000e+02 2.892000e+02
2.692500e+02 2.889000e+02
2.700000e+02 2.886000e+02
2.707500e+02 2.883000e+02
2.715000e+02 2.880000e+02
2.725000e+02 2.878500e+02
2.735000e+02 2.877000e+02
2.745000e+02 2.875500e+02
2.755000e+02 2.874000e+02
2.768750e+02 2.871000e+02
2.782500e+02 2.868000e+02
2.796250e+02 2.865000e+02
2.810000e+02 2.862000e+02
2.822500e+02 2.860500e+02
2.835000e+02 2.859000e+02
2.847500e+02 2.857500e+02
2.860000e+02 2.856000e+02
2.873750e+02 2.853000e+02
2.887500e+02 2.850000e+02
2.901250e+02 2.847000e+02
2.915000e+02 2.844000e+02
2.928750e+02 2.842500e+02
2.942500e+02 2.841000e+02
2.956250e+02 2.839500e+02
2.970000e+02 2.838000e+02
2.985000e+02 2.836500e+02
3.000000e+02 2.835000e+02
3.015000e+02 2.833500e+02
3.030000e+02 2.832000e+02
3.045000e+02 2.830500e+02
3.060000e+02 2.829000e+02
3.075000e+02 2.827500e+02
3.090000e+02 2.826000e+02
3.112500e+02 2.824500e+02
3.135000e+02 2.823000e+02
3.157500e+02 2.821500e+02
3.180000e+02 2.820000e+02
3.186250e+02 2.820000e+02
3.192500e+02 2.820000e+02
3.198750e+02 2.820000e+02
3.205000e+02 2.820000e+02
3.227500e+02 2.818500e+02
3.250000e+02 2.817000e+02
3.272500e+02 2.815500e+02
3.295000e+02 2.814000e+02
3.317500e+02 2.812500e+02
3.340000e+02 2.811000e+02
3.362500e+02 2.809500e+02
3.385000e+02 2.808000e+02
3.400000e+02 2.808000e+02
3.415000e+02 2.808000e+02
3.430000e+02 2.808000e+02
3.445000e+02 2.808000e+02
3.462500e+02 2.808000e+02
3.480000e+02 2.808000e+02
3.497500e+02 2.808000e+02
3.515000e+02 2.808000e+02
3.530000e+02 2.806500e+02
3.545000e+02 2.805000e+02
3.560000e+02 2.803500e+02
3.575000e+02 2.802000e+02
3.590000e+02 2.802000e+02
3.605000e+02 2.802000e+02
3.620000e+02 2.802000e+02
3.635000e+02 2.802000e+02
3.652500e+02 2.800500e+02
3.670000e+02 2.799000e+02
3.687500e+02 2.797500e+02
3.705000e+02 2.796000e+02
3.721250e+02 2.794500e+02
3.737500e+02 2.793000e+02
3.753750e+02 2.791500e+02
3.770000e+02 2.790000e+02
3.785000e+02 2.790000e+02
3.800000e+02 2.790000e+02
3.815000e+02 2.790000e+02
3.830000e+02 2.790000e+02
3.846250e+02 2.788500e+02
3.862500e+02 2.787000e+02
3.878750e+02 2.785500e+02
3.895000e+02 2.784000e+02
3.910000e+02 2.784000e+02
3.925000e+02 2.784000e+02
3.940000e+02 2.784000e+02
3.955000e+02 2.784000e+02
3.973750e+02 2.782500e+02
3.992500e+02 2.781000e+02
4.011250e+02 2.779500e+02
4.030000e+02 2.778000e+02
4.043750e+02 2.778000e+02
4.057500e+02 2.778000e+02
4.085000e+02 2.778000e+02
4.120000e+02 2.778000e+02
4.155000e+02 2.778000e+02
4.182500e+02 2.775000e+02
4.210000e+02 2.772000e+02
4.260000e+02 2.772000e+02
4.310000e+02 2.772000e+02
4.340000e+02 2.772000e+02
4.370000e+02 2.772000e+02
4.415000e+02 2.775000e+02
4.460000e+02 2.778000e+02
4.492500e+02 2.778000e+02
4.525000e+02 2.778000e+02
4.555000e+02 2.778000e+02
4.585000e+02 2.778000e+02
4.620000e+02 2.781000e+02
4.655000e+02 2.784000e+02
4.685000e+02 2.784000e+02
4.715000e+02 2.784000e+02
4.765000e+02 2.787000e+02
4.815000e+02 2.790000e+02
4.850000e+02 2.793000e+02
4.885000e+02 2.796000e+02
4.917500e+02 2.799000e+02
4.950000e+02 2.802000e+02
4.967500e+02 2.802000e+02
4.985000e+02 2.802000e+02
5.020000e+02 2.805000e+02
5.055000e+02 2.808000e+02
5.085000e+02 2.811000e+02
5.115000e+02 2.814000e+02
5.160000e+02 2.820000e+02
5.205000e+02 2.826000e+02
5.220000e+02 2.826000e+02
5.235000e+02 2.826000e+02
5.267500e+02 2.829000e+02
5.300000e+02 2.832000e+02
5.327500e+02 2.835000e+02
5.355000e+02 2.838000e+02
5.385000e+02 2.844000e+02
5.415000e+02 2.850000e+02
5.442500e+02 2.853000e+02
5.470000e+02 2.856000e+02
5.500000e+02 2.859000e+02
5.530000e+02 2.862000e+02
5.557500e+02 2.865000e+02
5.585000e+02 2.868000e+02
5.615000e+02 2.868000e+02
5.645000e+02 2.868000e+02
5.680000e+02 2.871000e+02
5.715000e+02 2.874000e+02
5.742500e+02 2.877000e+02
5.770000e+02 2.880000e+02
5.782500e+02 2.880000e+02
5.795000e+02 2.880000e+02
5.830000e+02 2.883000e+02
5.865000e+02 2.886000e+02
5.875000e+02 2.889000e+02
5.885000e+02 2.892000e+02
5.907500e+02 2.895000e+02
5.930000e+02 2.898000e+02
5.947500e+02 2.901000e+02
5.965000e+02 2.904000e+02
5.982500e+02 2.904000e+02
6.000000e+02 2.904000e+02
6.020000e+02 2.907000e+02
6.040000e+02 2.910000e+02
6.055000e+02 2.910000e+02
6.070000e+02 2.910000e+02
6.082500e+02 2.913000e+02
6.095000e+02 2.916000e+02
6.105000e+02 2.916000e+02
6.115000e+02 2.916000e+02
6.125000e+02 2.919000e+02
6.135000e+02 2.922000e+02
6.145000e+02 2.922000e+02
6.155000e+02 2.922000e+02
6.167500e+02 2.925000e+02
6.180000e+02 2.928000e+02
6.187500e+02 2.928000e+02
6.195000e+02 2.928000e+02
6.200000e+02 2.928000e+02
6.205000e+02 2.928000e+02
6.210000e+02 2.931000e+02
6.215000e+02 2.934000e+02
6.217500e+02 2.934000e+02
6.220000e+02 2.934000e+02
6.222500e+02 2.934000e+02
6.225000e+02 2.934000e+02
6.227500e+02 2.934000e+02
6.230000e+02 2.934000e+02
6.230000e+02 2.934000e+02
6.230000e+02 2.934000e+02
