9.500000e+01 2.352000e+02
9.500000e+01 2.352000e+02
9.500000e+01 2.352000e+02
9.500000e+01 2.352000e+02
9.500000e+01 2.352000e+02
9.500000e+01 2.352000e+02
9.500000e+01 2.352000e+02
9.475000e+01 2.352000e+02
9.450000e+01 2.352000e+02
9.450000e+01 2.349000e+02
9.450000e+01 2.346000e+02
9.450000e+01 2.346000e+02
9.450000e+01 2.346000e+02
9.450000e+01 2.346000e+02
9.450000e+01 2.346000e+02
9.450000e+01 2.346000e+02
9.450000e+01 2.346000e+02
9.450000e+01 2.346000e+02
9.450000e+01 2.346000e+02
9.450000e+01 2.349000e+02
9.450000e+01 2.352000e+02
9.475000e+01 2.358000e+02
9.500000e+01 2.364000e+02
9.550000e+01 2.376000e+02
9.600000e+01 2.388000e+02
9.650000e+01 2.400000e+02
9.700000e+01 2.412000e+02
9.775000e+01 2.427000e+02
9.850000e+01 2.442000e+02
9.900000e+01 2.460000e+02
9.950000e+01 2.478000e+02
1.002500e+02 2.499000e+02
1.010000e+02 2.520000e+02
1.015000e+02 2.541000e+02
1.020000e+02 2.562000e+02
1.027500e+02 2.583000e+02
1.035000e+02 2.604000e+02
1.042500e+02 2.628000e+02
1.050000e+02 2.652000e+02
1.060000e+02 2.676000e+02
1.070000e+02 2.700000e+02
1.085000e+02 2.739000e+02
1.100000e+02 2.778000e+02
1.107500e+02 2.802000e+02
1.115000e+02 2.826000e+02
1.125000e+02 2.850000e+02
1.135000e+02 2.874000e+02
1.145000e+02 2.901000e+02
1.155000e+02 2.928000e+02
1.162500e+02 2.952000e+02
1.170000e+02 2.976000e+02
1.180000e+02 3.003000e+02
1.190000e+02 3.030000e+02
1.200000e+02 3.057000e+02
1.210000e+02 3.084000e+02
1.217500e+02 3.111000e+02
1.225000e+02 3.138000e+02
1.235000e+02 3.168000e+02
1.245000e+02 3.198000e+02
1.252500e+02 3.228000e+02
1.260000e+02 3.258000e+02
1.267500e+02 3.285000e+02
1.275000e+02 3.312000e+02
1.287500e+02 3.351000e+02
1.300000e+02 3.390000e+02
1.307500e+02 3.420000e+02
1.315000e+02 3.450000e+02
1.325000e+02 3.474000e+02
1.335000e+02 3.498000e+02
1.342500e+02 3.522000e+02
1.350000e+02 3.546000e+02
1.357500e+02 3.567000e+02
1.365000e+02 3.588000e+02
1.370000e+02 3.609000e+02
1.375000e+02 3.630000e+02
1.380000e+02 3.651000e+02
1.385000e+02 3.672000e+02
1.392500e+02 3.690000e+02
1.400000e+02 3.708000e+02
1.407500e+02 3.735000e+02
1.415000e+02 3.762000e+02
1.425000e+02 3.783000e+02
1.435000e+02 3.804000e+02
1.442500e+02 3.822000e+02
1.450000e+02 3.840000e+02
1.455000e+02 3.852000e+02
1.460000e+02 3.864000e+02
1.462500e+02 3.876000e+02
1.465000e+02 3.888000e+02
1.470000e+02 3.897000e+02
1.475000e+02 3.906000e+02
1.477500e+02 3.912000e+02
1.480000e+02 3.918000e+02
1.482500e+02 3.924000e+02
1.485000e+02 3.930000e+02
1.487500e+02 3.936000e+02
1.490000e+02 3.942000e+02
1.490000e+02 3.945000e+02
1.490000e+02 3.948000e+02
1.492500e+02 3.951000e+02
1.495000e+02 3.954000e+02
1.495000e+02 3.954000e+02
1.495000e+02 3.954000e+02
1.497500e+02 3.957000e+02
1.500000e+02 3.960000e+02
1.500000e+02 3.960000e+02
1.500000e+02 3.960000e+02
1.500000e+02 3.963000e+02
1.500000e+02 3.966000e+02
1.502500e+02 3.966000e+02
1.505000e+02 3.966000e+02
1.505000e+02 3.963000e+02
1.505000e+02 3.960000e+02
1.507500e+02 3.960000e+02
1.510000e+02 3.960000e+02
1.512500e+02 3.957000e+02
1.515000e+02 3.954000e+02
1.520000e+02 3.945000e+02
1.525000e+02 3.936000e+02
1.537500e+02 3.918000e+02
1.550000e+02 3.900000e+02
1.567500e+02 3.879000e+02
1.585000e+02 3.858000e+02
1.602500e+02 3.831000e+02
1.620000e+02 3.804000e+02
1.647500e+02 3.759000e+02
1.675000e+02 3.714000e+02
1.695000e+02 3.681000e+02
1.715000e+02 3.648000e+02
1.735000e+02 3.618000e+02
1.755000e+02 3.588000e+02
1.777500e+02 3.549000e+02
1.800000e+02 3.510000e+02
1.822500e+02 3.474000e+02
1.845000e+02 3.438000e+02
1.867500e+02 3.402000e+02
1.890000e+02 3.366000e+02
1.912500e+02 3.327000e+02
1.935000e+02 3.288000e+02
1.957500e+02 3.252000e+02
1.980000e+02 3.216000e+02
2.007500e+02 3.171000e+02
2.035000e+02 3.126000e+02
2.062500e+02 3.087000e+02
2.090000e+02 3.048000e+02
2.115000e+02 3.009000e+02
2.140000e+02 2.970000e+02
2.170000e+02 2.928000e+02
2.200000e+02 2.886000e+02
2.230000e+02 2.847000e+02
2.260000e+02 2.808000e+02
2.295000e+02 2.760000e+02
2.330000e+02 2.712000e+02
2.377500e+02 2.649000e+02
2.425000e+02 2.586000e+02
2.455000e+02 2.544000e+02
2.485000e+02 2.502000e+02
2.520000e+02 2.457000e+02
2.555000e+02 2.412000e+02
2.592500e+02 2.367000e+02
2.630000e+02 2.322000e+02
2.667500e+02 2.277000e+02
2.705000e+02 2.232000e+02
2.740000e+02 2.190000e+02
2.775000e+02 2.148000e+02
2.812500e+02 2.109000e+02
2.850000e+02 2.070000e+02
2.925000e+02 1.986000e+02
2.995000e+02 1.914000e+02
3.065000e+02 1.842000e+02
3.130000e+02 1.770000e+02
3.205000e+02 1.704000e+02
3.305000e+02 1.596000e+02
3.375000e+02 1.524000e+02
3.440000e+02 1.458000e+02
3.500000e+02 1.398000e+02
3.560000e+02 1.338000e+02
3.610000e+02 1.284000e+02
3.670000e+02 1.224000e+02
3.720000e+02 1.170000e+02
3.770000e+02 1.122000e+02
3.820000e+02 1.074000e+02
3.860000e+02 1.032000e+02
3.905000e+02 9.900000e+01
3.955000e+02 9.480000e+01
3.980000e+02 9.240000e+01
3.990000e+02 9.120000e+01
4.010000e+02 8.940000e+01
4.035000e+02 8.700000e+01
4.045000e+02 8.640000e+01
4.055000e+02 8.520000e+01
4.060000e+02 8.460000e+01
4.065000e+02 8.400000e+01
4.070000e+02 8.340000e+01
4.070000e+02 8.340000e+01
4.070000e+02 8.340000e+01
4.070000e+02 8.400000e+01
4.075000e+02 8.520000e+01
4.070000e+02 8.580000e+01
4.070000e+02 8.580000e+01
