3.300000e+02 6.180000e+01
3.300000e+02 6.180000e+01
3.300000e+02 6.180000e+01
3.300000e+02 6.180000e+01
3.300000e+02 6.180000e+01
3.298750e+02 6.195000e+01
3.297500e+02 6.210000e+01
3.296250e+02 6.225000e+01
3.295000e+02 6.240000e+01
3.293750e+02 6.270000e+01
3.292500e+02 6.300000e+01
3.291250e+02 6.330000e+01
3.290000e+02 6.360000e+01
3.287500e+02 6.435000e+01
3.285000e+02 6.510000e+01
3.282500e+02 6.585000e+01
3.280000e+02 6.660000e+01
3.276250e+02 6.810000e+01
3.272500e+02 6.960000e+01
3.268750e+02 7.110000e+01
3.265000e+02 7.260000e+01
3.262500e+02 7.365000e+01
3.260000e+02 7.470000e+01
3.257500e+02 7.575000e+01
3.255000e+02 7.680000e+01
3.251250e+02 7.800000e+01
3.247500e+02 7.920000e+01
3.243750e+02 8.040000e+01
3.240000e+02 8.160000e+01
3.237500e+02 8.280000e+01
3.235000e+02 8.400000e+01
3.232500e+02 8.520000e+01
3.230000e+02 8.640000e+01
3.227500e+02 8.775000e+01
3.225000e+02 8.910000e+01
3.222500e+02 9.045000e+01
3.220000e+02 9.180000e+01
3.216250e+02 9.315000e+01
3.212500e+02 9.450000e+01
3.208750e+02 9.585000e+01
3.205000e+02 9.720000e+01
3.201250e+02 9.870000e+01
3.197500e+02 1.002000e+02
3.193750e+02 1.017000e+02
3.190000e+02 1.032000e+02
3.186250e+02 1.050000e+02
3.182500e+02 1.068000e+02
3.178750e+02 1.086000e+02
3.175000e+02 1.104000e+02
3.172500e+02 1.119000e+02
3.170000e+02 1.134000e+02
3.167500e+02 1.149000e+02
3.165000e+02 1.164000e+02
3.161250e+02 1.182000e+02
3.157500e+02 1.200000e+02
3.153750e+02 1.218000e+02
3.150000e+02 1.236000e+02
3.145000e+02 1.263000e+02
3.140000e+02 1.290000e+02
3.135000e+02 1.317000e+02
3.130000e+02 1.344000e+02
3.128750e+02 1.353000e+02
3.127500e+02 1.362000e+02
3.126250e+02 1.371000e+02
3.125000e+02 1.380000e+02
3.120000e+02 1.410000e+02
3.115000e+02 1.440000e+02
3.110000e+02 1.470000e+02
3.105000e+02 1.500000e+02
3.102500e+02 1.512000e+02
3.100000e+02 1.524000e+02
3.097500e+02 1.536000e+02
3.095000e+02 1.548000e+02
3.092500e+02 1.567500e+02
3.090000e+02 1.587000e+02
3.087500e+02 1.606500e+02
3.085000e+02 1.626000e+02
3.081250e+02 1.648500e+02
3.077500e+02 1.671000e+02
3.073750e+02 1.693500e+02
3.070000e+02 1.716000e+02
3.066250e+02 1.738500e+02
3.062500e+02 1.761000e+02
3.058750e+02 1.783500e+02
3.055000e+02 1.806000e+02
3.051250e+02 1.830000e+02
3.047500e+02 1.854000e+02
3.043750e+02 1.878000e+02
3.040000e+02 1.902000e+02
3.036250e+02 1.924500e+02
3.032500e+02 1.947000e+02
3.028750e+02 1.969500e+02
3.025000e+02 1.992000e+02
3.021250e+02 2.014500e+02
3.017500e+02 2.037000e+02
3.010000e+02 2.082000e+02
3.002500e+02 2.127000e+02
2.995000e+02 2.172000e+02
2.990000e+02 2.211000e+02
2.985000e+02 2.250000e+02
2.975000e+02 2.295000e+02
2.965000e+02 2.340000e+02
2.960000e+02 2.382000e+02
2.955000e+02 2.424000e+02
2.945000e+02 2.484000e+02
2.935000e+02 2.544000e+02
2.927500e+02 2.583000e+02
2.920000e+02 2.622000e+02
2.917500e+02 2.640000e+02
2.915000e+02 2.658000e+02
2.905000e+02 2.712000e+02
2.895000e+02 2.766000e+02
2.887500e+02 2.817000e+02
2.880000e+02 2.868000e+02
2.870000e+02 2.916000e+02
2.860000e+02 2.964000e+02
2.857500e+02 2.979000e+02
2.855000e+02 2.994000e+02
2.850000e+02 3.021000e+02
2.845000e+02 3.048000e+02
2.837500e+02 3.087000e+02
2.830000e+02 3.126000e+02
2.825000e+02 3.150000e+02
2.820000e+02 3.174000e+02
2.817500e+02 3.201000e+02
2.815000e+02 3.228000e+02
2.812500e+02 3.252000e+02
2.810000e+02 3.276000e+02
2.807500e+02 3.297000e+02
2.805000e+02 3.318000e+02
2.802500e+02 3.339000e+02
2.800000e+02 3.360000e+02
2.797500e+02 3.378000e+02
2.795000e+02 3.396000e+02
2.795000e+02 3.417000e+02
2.795000e+02 3.438000e+02
2.792500e+02 3.465000e+02
2.790000e+02 3.492000e+02
2.787500e+02 3.534000e+02
2.785000e+02 3.576000e+02
2.785000e+02 3.594000e+02
2.785000e+02 3.612000e+02
2.785000e+02 3.630000e+02
2.785000e+02 3.648000e+02
2.785000e+02 3.666000e+02
2.785000e+02 3.684000e+02
2.782500e+02 3.705000e+02
2.780000e+02 3.726000e+02
2.780000e+02 3.741000e+02
2.780000e+02 3.756000e+02
2.777500e+02 3.768000e+02
2.775000e+02 3.780000e+02
2.775000e+02 3.795000e+02
2.775000e+02 3.810000e+02
2.772500e+02 3.825000e+02
2.770000e+02 3.840000e+02
2.770000e+02 3.843000e+02
2.770000e+02 3.846000e+02
2.767500e+02 3.861000e+02
2.765000e+02 3.876000e+02
2.765000e+02 3.879000e+02
2.765000e+02 3.882000e+02
2.762500e+02 3.897000e+02
2.760000e+02 3.912000e+02
2.760000e+02 3.918000e+02
2.760000e+02 3.924000e+02
2.760000e+02 3.933000e+02
2.760000e+02 3.942000e+02
2.760000e+02 3.951000e+02
2.760000e+02 3.960000e+02
2.760000e+02 3.966000e+02
2.760000e+02 3.972000e+02
2.760000e+02 3.981000e+02
2.760000e+02 3.990000e+02
2.757500e+02 3.999000e+02
2.755000e+02 4.008000e+02
2.755000e+02 4.014000e+02
2.755000e+02 4.020000e+02
2.755000e+02 4.026000e+02
2.755000e+02 4.032000e+02
2.752500e+02 4.038000e+02
2.750000e+02 4.044000e+02
2.750000e+02 4.050000e+02
2.750000e+02 4.056000e+02
2.747500e+02 4.062000e+02
2.745000e+02 4.068000e+02
2.745000e+02 4.068000e+02
2.745000e+02 4.068000e+02
2.745000e+02 4.071000e+02
2.745000e+02 4.074000e+02
2.745000e+02 4.074000e+02
2.745000e+02 4.074000e+02
2.742500e+02 4.071000e+02
2.740000e+02 4.068000e+02
2.740000e+02 4.068000e+02
2.740000e+02 4.068000e+02
2.740000e+02 4.065000e+02
2.740000e+02 4.062000e+02
2.740000e+02 4.062000e+02
2.740000e+02 4.062000e+02
