4.600000e+02 3.504000e+02
4.600000e+02 3.504000e+02
4.600000e+02 3.504000e+02
4.600000e+02 3.504000e+02
4.600000e+02 3.504000e+02
4.600000e+02 3.504000e+02
4.600000e+02 3.504000e+02
4.600000e+02 3.504000e+02
4.600000e+02 3.504000e+02
4.600000e+02 3.500250e+02
4.600000e+02 3.496500e+02
4.600000e+02 3.492750e+02
4.600000e+02 3.489000e+02
4.600000e+02 3.485250e+02
4.600000e+02 3.481500e+02
4.600000e+02 3.477750e+02
4.600000e+02 3.474000e+02
4.600625e+02 3.472500e+02
4.601250e+02 3.471000e+02
4.601875e+02 3.469500e+02
4.602500e+02 3.468000e+02
4.603125e+02 3.466500e+02
4.603750e+02 3.465000e+02
4.604375e+02 3.463500e+02
4.605000e+02 3.462000e+02
4.605000e+02 3.457500e+02
4.605000e+02 3.453000e+02
4.605000e+02 3.448500e+02
4.605000e+02 3.444000e+02
4.605000e+02 3.439500e+02
4.605000e+02 3.435000e+02
4.605000e+02 3.430500e+02
4.605000e+02 3.426000e+02
4.605625e+02 3.420000e+02
4.606250e+02 3.414000e+02
4.606875e+02 3.408000e+02
4.607500e+02 3.402000e+02
4.608125e+02 3.396000e+02
4.608750e+02 3.390000e+02
4.609375e+02 3.384000e+02
4.610000e+02 3.378000e+02
4.611250e+02 3.369000e+02
4.612500e+02 3.360000e+02
4.613750e+02 3.351000e+02
4.615000e+02 3.342000e+02
4.616250e+02 3.333000e+02
4.617500e+02 3.324000e+02
4.618750e+02 3.315000e+02
4.620000e+02 3.306000e+02
4.621250e+02 3.296250e+02
4.622500e+02 3.286500e+02
4.623750e+02 3.276750e+02
4.625000e+02 3.267000e+02
4.626250e+02 3.257250e+02
4.627500e+02 3.247500e+02
4.628750e+02 3.237750e+02
4.630000e+02 3.228000e+02
4.630625e+02 3.219000e+02
4.631250e+02 3.210000e+02
4.631875e+02 3.201000e+02
4.632500e+02 3.192000e+02
4.633125e+02 3.183000e+02
4.633750e+02 3.174000e+02
4.634375e+02 3.165000e+02
4.635000e+02 3.156000e+02
4.635625e+02 3.147000e+02
4.636250e+02 3.138000e+02
4.636875e+02 3.129000e+02
4.637500e+02 3.120000e+02
4.638125e+02 3.111000e+02
4.638750e+02 3.102000e+02
4.639375e+02 3.093000e+02
4.640000e+02 3.084000e+02
4.640000e+02 3.073500e+02
4.640000e+02 3.063000e+02
4.640000e+02 3.052500e+02
4.640000e+02 3.042000e+02
4.640000e+02 3.031500e+02
4.640000e+02 3.021000e+02
4.640000e+02 3.000000e+02
4.640000e+02 2.965500e+02
4.640000e+02 2.931000e+02
4.640000e+02 2.896500e+02
4.640000e+02 2.862000e+02
4.640000e+02 2.836500e+02
4.640000e+02 2.811000e+02
4.640000e+02 2.785500e+02
4.640000e+02 2.760000e+02
4.640000e+02 2.734500e+02
4.640000e+02 2.709000e+02
4.640000e+02 2.683500e+02
4.640000e+02 2.658000e+02
4.640000e+02 2.634000e+02
4.640000e+02 2.610000e+02
4.640000e+02 2.586000e+02
4.640000e+02 2.562000e+02
4.640000e+02 2.539500e+02
4.640000e+02 2.517000e+02
4.640000e+02 2.494500e+02
4.640000e+02 2.472000e+02
4.638750e+02 2.449500e+02
4.637500e+02 2.427000e+02
4.636250e+02 2.404500e+02
4.635000e+02 2.382000e+02
4.635000e+02 2.359500e+02
4.635000e+02 2.337000e+02
4.635000e+02 2.314500e+02
4.635000e+02 2.292000e+02
4.635000e+02 2.266500e+02
4.635000e+02 2.241000e+02
4.635000e+02 2.215500e+02
4.635000e+02 2.190000e+02
4.635000e+02 2.167500e+02
4.635000e+02 2.145000e+02
4.635000e+02 2.122500e+02
4.635000e+02 2.100000e+02
4.635000e+02 2.076000e+02
4.635000e+02 2.052000e+02
4.635000e+02 2.028000e+02
4.635000e+02 2.004000e+02
4.636250e+02 1.984500e+02
4.637500e+02 1.965000e+02
4.638750e+02 1.945500e+02
4.640000e+02 1.926000e+02
4.641250e+02 1.905000e+02
4.642500e+02 1.884000e+02
4.643750e+02 1.863000e+02
4.645000e+02 1.842000e+02
4.647500e+02 1.822500e+02
4.650000e+02 1.803000e+02
4.652500e+02 1.783500e+02
4.655000e+02 1.764000e+02
4.657500e+02 1.747500e+02
4.660000e+02 1.731000e+02
4.662500e+02 1.714500e+02
4.665000e+02 1.698000e+02
4.666250e+02 1.675500e+02
4.667500e+02 1.653000e+02
4.668750e+02 1.630500e+02
4.670000e+02 1.608000e+02
4.671250e+02 1.600500e+02
4.672500e+02 1.593000e+02
4.673750e+02 1.585500e+02
4.675000e+02 1.578000e+02
4.676250e+02 1.566000e+02
4.677500e+02 1.554000e+02
4.678750e+02 1.542000e+02
4.680000e+02 1.530000e+02
4.681250e+02 1.518000e+02
4.682500e+02 1.506000e+02
4.683750e+02 1.494000e+02
4.685000e+02 1.482000e+02
4.686250e+02 1.471500e+02
4.687500e+02 1.461000e+02
4.688750e+02 1.450500e+02
4.690000e+02 1.440000e+02
4.691250e+02 1.431000e+02
4.692500e+02 1.422000e+02
4.693750e+02 1.413000e+02
4.695000e+02 1.404000e+02
4.695000e+02 1.399500e+02
4.695000e+02 1.395000e+02
4.695000e+02 1.390500e+02
4.695000e+02 1.386000e+02
4.696250e+02 1.378500e+02
4.697500e+02 1.371000e+02
4.698750e+02 1.363500e+02
4.700000e+02 1.356000e+02
4.700000e+02 1.350000e+02
4.700000e+02 1.344000e+02
4.700000e+02 1.338000e+02
4.700000e+02 1.332000e+02
4.701250e+02 1.327500e+02
4.702500e+02 1.323000e+02
4.703750e+02 1.318500e+02
4.705000e+02 1.314000e+02
4.705000e+02 1.311000e+02
4.705000e+02 1.308000e+02
4.705000e+02 1.305000e+02
4.705000e+02 1.302000e+02
4.706250e+02 1.300500e+02
4.707500e+02 1.299000e+02
4.708750e+02 1.297500e+02
4.710000e+02 1.296000e+02
4.710000e+02 1.294500e+02
4.710000e+02 1.293000e+02
4.710000e+02 1.291500e+02
4.710000e+02 1.290000e+02
4.710000e+02 1.288500e+02
4.710000e+02 1.287000e+02
4.710000e+02 1.285500e+02
4.710000e+02 1.284000e+02
4.711250e+02 1.284000e+02
4.712500e+02 1.284000e+02
4.713750e+02 1.284000e+02
4.715000e+02 1.284000e+02
4.715000e+02 1.284000e+02
4.715000e+02 1.284000e+02
4.715000e+02 1.284000e+02
4.715000e+02 1.284000e+02
