5.700000e+01 2.622000e+02
5.700000e+01 2.622000e+02
5.700000e+01 2.622000e+02
5.700000e+01 2.622000e+02
5.700000e+01 2.622000e+02
5.712500e+01 2.623500e+02
5.725000e+01 2.625000e+02
5.737500e+01 2.626500e+02
5.750000e+01 2.628000e+02
5.750000e+01 2.628000e+02
5.750000e+01 2.628000e+02
5.750000e+01 2.628000e+02
5.750000e+01 2.628000e+02
5.762500e+01 2.628000e+02
5.775000e+01 2.628000e+02
5.800000e+01 2.628000e+02
5.825000e+01 2.628000e+02
5.850000e+01 2.628000e+02
5.850000e+01 2.628000e+02
5.850000e+01 2.628000e+02
5.875000e+01 2.628000e+02
5.900000e+01 2.628000e+02
5.925000e+01 2.628000e+02
5.950000e+01 2.628000e+02
5.975000e+01 2.628000e+02
6.000000e+01 2.628000e+02
6.025000e+01 2.628000e+02
6.050000e+01 2.628000e+02
6.125000e+01 2.628000e+02
6.200000e+01 2.628000e+02
6.275000e+01 2.628000e+02
6.350000e+01 2.628000e+02
6.450000e+01 2.628000e+02
6.550000e+01 2.628000e+02
6.650000e+01 2.631000e+02
6.750000e+01 2.634000e+02
6.875000e+01 2.634000e+02
7.000000e+01 2.634000e+02
7.125000e+01 2.637000e+02
7.250000e+01 2.640000e+02
7.500000e+01 2.640000e+02
7.750000e+01 2.640000e+02
7.850000e+01 2.640000e+02
7.950000e+01 2.640000e+02
8.225000e+01 2.640000e+02
8.500000e+01 2.640000e+02
8.850000e+01 2.640000e+02
9.200000e+01 2.640000e+02
9.425000e+01 2.637000e+02
9.650000e+01 2.634000e+02
9.925000e+01 2.631000e+02
1.020000e+02 2.628000e+02
1.047500e+02 2.628000e+02
1.075000e+02 2.628000e+02
1.102500e+02 2.625000e+02
1.130000e+02 2.622000e+02
1.160000e+02 2.616000e+02
1.190000e+02 2.610000e+02
1.220000e+02 2.607000e+02
1.250000e+02 2.604000e+02
1.282500e+02 2.601000e+02
1.315000e+02 2.598000e+02
1.347500e+02 2.595000e+02
1.380000e+02 2.592000e+02
1.425000e+02 2.583000e+02
1.470000e+02 2.574000e+02
1.487500e+02 2.574000e+02
1.505000e+02 2.574000e+02
1.540000e+02 2.571000e+02
1.575000e+02 2.568000e+02
1.610000e+02 2.562000e+02
1.645000e+02 2.556000e+02
1.677500e+02 2.550000e+02
1.710000e+02 2.544000e+02
1.747500e+02 2.541000e+02
1.785000e+02 2.538000e+02
1.837500e+02 2.532000e+02
1.890000e+02 2.526000e+02
1.927500e+02 2.523000e+02
1.965000e+02 2.520000e+02
2.002500e+02 2.514000e+02
2.040000e+02 2.508000e+02
2.072500e+02 2.505000e+02
2.105000e+02 2.502000e+02
2.142500e+02 2.499000e+02
2.180000e+02 2.496000e+02
2.210000e+02 2.493000e+02
2.240000e+02 2.490000e+02
2.277500e+02 2.487000e+02
2.315000e+02 2.484000e+02
2.347500e+02 2.484000e+02
2.380000e+02 2.484000e+02
2.412500e+02 2.481000e+02
2.445000e+02 2.478000e+02
2.500000e+02 2.472000e+02
2.555000e+02 2.466000e+02
2.587500e+02 2.463000e+02
2.620000e+02 2.460000e+02
2.655000e+02 2.457000e+02
2.690000e+02 2.454000e+02
2.722500e+02 2.451000e+02
2.755000e+02 2.448000e+02
2.785000e+02 2.448000e+02
2.815000e+02 2.448000e+02
2.847500e+02 2.445000e+02
2.880000e+02 2.442000e+02
2.910000e+02 2.442000e+02
2.940000e+02 2.442000e+02
2.987500e+02 2.442000e+02
3.035000e+02 2.442000e+02
3.062500e+02 2.439000e+02
3.090000e+02 2.436000e+02
3.117500e+02 2.436000e+02
3.145000e+02 2.436000e+02
3.187500e+02 2.433000e+02
3.230000e+02 2.430000e+02
3.245000e+02 2.430000e+02
3.260000e+02 2.430000e+02
3.287500e+02 2.430000e+02
3.315000e+02 2.430000e+02
3.355000e+02 2.427000e+02
3.395000e+02 2.424000e+02
3.420000e+02 2.424000e+02
3.445000e+02 2.424000e+02
3.467500e+02 2.424000e+02
3.490000e+02 2.424000e+02
3.527500e+02 2.424000e+02
3.565000e+02 2.424000e+02
3.575000e+02 2.424000e+02
3.585000e+02 2.424000e+02
3.620000e+02 2.424000e+02
3.655000e+02 2.424000e+02
3.692500e+02 2.424000e+02
3.730000e+02 2.424000e+02
3.757500e+02 2.424000e+02
3.785000e+02 2.424000e+02
3.807500e+02 2.421000e+02
3.830000e+02 2.418000e+02
3.857500e+02 2.418000e+02
3.885000e+02 2.418000e+02
3.910000e+02 2.418000e+02
3.935000e+02 2.418000e+02
3.960000e+02 2.418000e+02
3.985000e+02 2.418000e+02
4.025000e+02 2.415000e+02
4.065000e+02 2.412000e+02
4.077500e+02 2.412000e+02
4.090000e+02 2.412000e+02
4.117500e+02 2.412000e+02
4.145000e+02 2.412000e+02
4.170000e+02 2.412000e+02
4.195000e+02 2.412000e+02
4.222500e+02 2.412000e+02
4.250000e+02 2.412000e+02
4.275000e+02 2.409000e+02
4.300000e+02 2.406000e+02
4.320000e+02 2.406000e+02
4.340000e+02 2.406000e+02
4.365000e+02 2.406000e+02
4.390000e+02 2.406000e+02
4.415000e+02 2.406000e+02
4.440000e+02 2.406000e+02
4.462500e+02 2.406000e+02
4.485000e+02 2.406000e+02
4.520000e+02 2.403000e+02
4.555000e+02 2.400000e+02
4.577500e+02 2.400000e+02
4.600000e+02 2.400000e+02
4.615000e+02 2.400000e+02
4.630000e+02 2.400000e+02
4.647500e+02 2.400000e+02
4.665000e+02 2.400000e+02
4.675000e+02 2.400000e+02
4.685000e+02 2.400000e+02
4.692500e+02 2.400000e+02
4.700000e+02 2.400000e+02
4.705000e+02 2.400000e+02
4.710000e+02 2.400000e+02
4.712500e+02 2.400000e+02
4.715000e+02 2.400000e+02
4.720000e+02 2.400000e+02
4.725000e+02 2.400000e+02
4.727500e+02 2.400000e+02
4.730000e+02 2.400000e+02
4.732500e+02 2.400000e+02
4.735000e+02 2.400000e+02
4.737500e+02 2.400000e+02
4.740000e+02 2.400000e+02
4.740000e+02 2.400000e+02
4.740000e+02 2.400000e+02
4.742500e+02 2.400000e+02
4.745000e+02 2.400000e+02
4.745000e+02 2.400000e+02
4.745000e+02 2.400000e+02
4.745000e+02 2.400000e+02
4.745000e+02 2.400000e+02
4.747500e+02 2.400000e+02
4.750000e+02 2.400000e+02
4.750000e+02 2.400000e+02
4.750000e+02 2.400000e+02
