2.460000e+02 1.404000e+02
2.460000e+02 1.404000e+02
2.460000e+02 1.404000e+02
2.462500e+02 1.407000e+02
2.465000e+02 1.410000e+02
2.470000e+02 1.416000e+02
2.475000e+02 1.422000e+02
2.487500e+02 1.437000e+02
2.500000e+02 1.452000e+02
2.512500e+02 1.470000e+02
2.525000e+02 1.488000e+02
2.532500e+02 1.500000e+02
2.540000e+02 1.512000e+02
2.557500e+02 1.542000e+02
2.575000e+02 1.572000e+02
2.595000e+02 1.608000e+02
2.615000e+02 1.644000e+02
2.640000e+02 1.689000e+02
2.665000e+02 1.734000e+02
2.690000e+02 1.788000e+02
2.715000e+02 1.842000e+02
2.742500e+02 1.902000e+02
2.770000e+02 1.962000e+02
2.797500e+02 2.022000e+02
2.825000e+02 2.082000e+02
2.850000e+02 2.142000e+02
2.875000e+02 2.202000e+02
2.900000e+02 2.262000e+02
2.925000e+02 2.322000e+02
2.952500e+02 2.388000e+02
2.980000e+02 2.454000e+02
2.992500e+02 2.490000e+02
3.005000e+02 2.526000e+02
3.035000e+02 2.598000e+02
3.065000e+02 2.670000e+02
3.100000e+02 2.751000e+02
3.135000e+02 2.832000e+02
3.150000e+02 2.871000e+02
3.165000e+02 2.910000e+02
3.197500e+02 2.988000e+02
3.230000e+02 3.066000e+02
3.262500e+02 3.138000e+02
3.295000e+02 3.210000e+02
3.310000e+02 3.243000e+02
3.325000e+02 3.276000e+02
3.355000e+02 3.342000e+02
3.385000e+02 3.408000e+02
3.415000e+02 3.471000e+02
3.445000e+02 3.534000e+02
3.460000e+02 3.564000e+02
3.475000e+02 3.594000e+02
3.500000e+02 3.645000e+02
3.525000e+02 3.696000e+02
3.545000e+02 3.741000e+02
3.565000e+02 3.786000e+02
3.585000e+02 3.822000e+02
3.605000e+02 3.858000e+02
3.612500e+02 3.873000e+02
3.620000e+02 3.888000e+02
3.632500e+02 3.912000e+02
3.645000e+02 3.936000e+02
3.652500e+02 3.951000e+02
3.660000e+02 3.966000e+02
3.662500e+02 3.972000e+02
3.665000e+02 3.978000e+02
3.667500e+02 3.984000e+02
3.670000e+02 3.990000e+02
3.672500e+02 3.999000e+02
3.675000e+02 4.008000e+02
3.675000e+02 4.011000e+02
3.675000e+02 4.014000e+02
3.677500e+02 4.020000e+02
3.680000e+02 4.026000e+02
3.680000e+02 4.032000e+02
3.680000e+02 4.038000e+02
3.677500e+02 4.041000e+02
3.675000e+02 4.044000e+02
3.675000e+02 4.047000e+02
3.675000e+02 4.050000e+02
3.670000e+02 4.053000e+02
3.665000e+02 4.056000e+02
3.662500e+02 4.059000e+02
3.660000e+02 4.062000e+02
3.655000e+02 4.062000e+02
3.650000e+02 4.062000e+02
3.642500e+02 4.065000e+02
3.635000e+02 4.068000e+02
3.625000e+02 4.071000e+02
3.615000e+02 4.074000e+02
3.605000e+02 4.080000e+02
3.595000e+02 4.086000e+02
3.580000e+02 4.089000e+02
3.565000e+02 4.092000e+02
3.557500e+02 4.092000e+02
3.550000e+02 4.092000e+02
3.532500e+02 4.092000e+02
3.515000e+02 4.092000e+02
3.492500e+02 4.095000e+02
3.470000e+02 4.098000e+02
3.445000e+02 4.098000e+02
3.390000e+02 4.104000e+02
3.330000e+02 4.110000e+02
3.300000e+02 4.116000e+02
3.235000e+02 4.122000e+02
3.165000e+02 4.128000e+02
3.130000e+02 4.128000e+02
3.055000e+02 4.134000e+02
2.975000e+02 4.140000e+02
2.940000e+02 4.146000e+02
2.855000e+02 4.152000e+02
2.770000e+02 4.176000e+02
2.730000e+02 4.188000e+02
2.690000e+02 4.200000e+02
2.610000e+02 4.230000e+02
2.540000e+02 4.254000e+02
2.505000e+02 4.266000e+02
2.440000e+02 4.284000e+02
2.385000e+02 4.308000e+02
2.360000e+02 4.320000e+02
2.315000e+02 4.332000e+02
2.280000e+02 4.344000e+02
2.265000e+02 4.350000e+02
2.245000e+02 4.350000e+02
2.230000e+02 4.344000e+02
2.225000e+02 4.332000e+02
2.220000e+02 4.320000e+02
2.225000e+02 4.302000e+02
2.225000e+02 4.290000e+02
2.240000e+02 4.248000e+02
2.260000e+02 4.206000e+02
2.285000e+02 4.158000e+02
2.310000e+02 4.098000e+02
2.340000e+02 4.044000e+02
2.375000e+02 3.978000e+02
2.410000e+02 3.924000e+02
2.425000e+02 3.888000e+02
2.465000e+02 3.822000e+02
2.505000e+02 3.756000e+02
2.525000e+02 3.714000e+02
2.570000e+02 3.642000e+02
2.615000e+02 3.564000e+02
2.640000e+02 3.522000e+02
2.685000e+02 3.444000e+02
2.740000e+02 3.360000e+02
2.765000e+02 3.318000e+02
2.820000e+02 3.222000e+02
2.875000e+02 3.120000e+02
2.905000e+02 3.072000e+02
2.965000e+02 2.970000e+02
3.025000e+02 2.868000e+02
3.060000e+02 2.814000e+02
3.125000e+02 2.706000e+02
3.190000e+02 2.598000e+02
3.225000e+02 2.544000e+02
3.300000e+02 2.442000e+02
3.370000e+02 2.340000e+02
3.405000e+02 2.292000e+02
3.480000e+02 2.190000e+02
3.560000e+02 2.082000e+02
3.595000e+02 2.028000e+02
3.680000e+02 1.920000e+02
3.765000e+02 1.806000e+02
3.845000e+02 1.692000e+02
3.920000e+02 1.584000e+02
3.990000e+02 1.494000e+02
4.050000e+02 1.404000e+02
4.110000e+02 1.326000e+02
4.165000e+02 1.242000e+02
4.220000e+02 1.164000e+02
4.250000e+02 1.122000e+02
4.305000e+02 1.056000e+02
4.350000e+02 9.900000e+01
4.370000e+02 9.600000e+01
4.405000e+02 9.120000e+01
4.430000e+02 8.760000e+01
4.440000e+02 8.580000e+01
4.460000e+02 8.340000e+01
4.475000e+02 8.160000e+01
4.480000e+02 8.100000e+01
4.490000e+02 7.980000e+01
4.495000e+02 7.980000e+01
4.505000e+02 7.920000e+01
4.510000e+02 7.860000e+01
4.510000e+02 7.800000e+01
4.510000e+02 7.800000e+01
4.510000e+02 7.800000e+01
4.515000e+02 7.800000e+01
4.515000e+02 7.800000e+01
4.515000e+02 7.740000e+01
4.520000e+02 7.740000e+01
4.525000e+02 7.740000e+01
4.525000e+02 7.740000e+01
4.525000e+02 7.740000e+01
4.525000e+02 7.740000e+01
4.525000e+02 7.680000e+01
4.525000e+02 7.680000e+01
4.520000e+02 7.620000e+01
4.515000e+02 7.620000e+01
4.510000e+02 7.560000e+01
4.510000e+02 7.560000e+01
