2.240000e+02 1.428000e+02
2.240000e+02 1.428000e+02
2.240000e+02 1.428000e+02
2.250000e+02 1.428000e+02
2.275000e+02 1.428000e+02
2.375000e+02 1.428000e+02
2.520000e+02 1.416000e+02
2.685000e+02 1.398000e+02
2.885000e+02 1.386000e+02
3.095000e+02 1.368000e+02
3.325000e+02 1.356000e+02
3.600000e+02 1.350000e+02
3.780000e+02 1.350000e+02
4.020000e+02 1.356000e+02
4.275000e+02 1.368000e+02
4.510000e+02 1.374000e+02
4.625000e+02 1.380000e+02
4.665000e+02 1.380000e+02
4.710000e+02 1.386000e+02
4.735000e+02 1.392000e+02
4.740000e+02 1.398000e+02
4.740000e+02 1.410000e+02
4.740000e+02 1.428000e+02
4.735000e+02 1.464000e+02
4.725000e+02 1.524000e+02
4.720000e+02 1.632000e+02
4.715000e+02 1.740000e+02
4.720000e+02 1.854000e+02
4.725000e+02 1.968000e+02
4.730000e+02 2.088000e+02
4.735000e+02 2.214000e+02
4.740000e+02 2.328000e+02
4.750000e+02 2.496000e+02
4.750000e+02 2.634000e+02
4.750000e+02 2.766000e+02
4.755000e+02 2.886000e+02
4.755000e+02 3.018000e+02
4.750000e+02 3.168000e+02
4.745000e+02 3.288000e+02
4.740000e+02 3.396000e+02
4.740000e+02 3.492000e+02
4.735000e+02 3.606000e+02
4.735000e+02 3.678000e+02
4.735000e+02 3.768000e+02
4.730000e+02 3.822000e+02
4.730000e+02 3.870000e+02
4.725000e+02 3.924000e+02
4.720000e+02 3.948000e+02
4.715000e+02 3.966000e+02
4.710000e+02 3.972000e+02
4.705000e+02 3.978000e+02
4.685000e+02 3.978000e+02
4.665000e+02 3.972000e+02
4.605000e+02 3.960000e+02
4.450000e+02 3.948000e+02
4.275000e+02 3.942000e+02
4.160000e+02 3.936000e+02
3.955000e+02 3.936000e+02
3.740000e+02 3.942000e+02
3.565000e+02 3.942000e+02
3.390000e+02 3.942000e+02
3.185000e+02 3.942000e+02
3.065000e+02 3.948000e+02
2.930000e+02 3.942000e+02
2.805000e+02 3.942000e+02
2.675000e+02 3.948000e+02
2.505000e+02 3.954000e+02
2.440000e+02 3.954000e+02
2.350000e+02 3.966000e+02
2.280000e+02 3.972000e+02
2.220000e+02 3.978000e+02
2.190000e+02 3.978000e+02
2.165000e+02 3.978000e+02
2.145000e+02 3.978000e+02
2.135000e+02 3.978000e+02
2.125000e+02 3.978000e+02
2.120000e+02 3.978000e+02
2.120000e+02 3.978000e+02
2.115000e+02 3.984000e+02
2.115000e+02 3.984000e+02
2.110000e+02 3.984000e+02
2.110000e+02 3.984000e+02
2.110000e+02 3.984000e+02
2.105000e+02 3.984000e+02
2.105000e+02 3.984000e+02
2.105000e+02 3.984000e+02
2.105000e+02 3.984000e+02
2.100000e+02 3.984000e+02
2.100000e+02 3.990000e+02
2.100000e+02 3.990000e+02
2.100000e+02 3.990000e+02
2.100000e+02 3.990000e+02
2.100000e+02 3.990000e+02
2.100000e+02 3.990000e+02
2.100000e+02 3.990000e+02
2.100000e+02 3.990000e+02
2.100000e+02 3.990000e+02
2.100000e+02 3.990000e+02
2.100000e+02 3.990000e+02
2.100000e+02 3.990000e+02
2.100000e+02 3.990000e+02
2.100000e+02 3.990000e+02
2.100000e+02 3.990000e+02
2.100000e+02 3.990000e+02
2.100000e+02 3.990000e+02
2.100000e+02 3.990000e+02
2.100000e+02 3.990000e+02
2.100000e+02 3.990000e+02
2.100000e+02 3.990000e+02
2.100000e+02 3.990000e+02
2.100000e+02 3.990000e+02
2.100000e+02 3.990000e+02
2.100000e+02 3.990000e+02
2.100000e+02 3.990000e+02
2.100000e+02 3.990000e+02
2.100000e+02 3.990000e+02
2.100000e+02 3.990000e+02
2.100000e+02 3.990000e+02
2.100000e+02 3.990000e+02
2.100000e+02 3.990000e+02
2.100000e+02 3.990000e+02
2.100000e+02 3.990000e+02
2.100000e+02 3.990000e+02
2.100000e+02 3.990000e+02
2.100000e+02 3.990000e+02
2.100000e+02 3.990000e+02
2.100000e+02 3.990000e+02
2.105000e+02 3.990000e+02
2.105000e+02 3.984000e+02
2.105000e+02 3.984000e+02
2.105000e+02 3.984000e+02
2.110000e+02 3.978000e+02
2.110000e+02 3.978000e+02
2.110000e+02 3.972000e+02
2.115000e+02 3.966000e+02
2.115000e+02 3.966000e+02
2.115000e+02 3.960000e+02
2.120000e+02 3.948000e+02
2.120000e+02 3.942000e+02
2.125000e+02 3.936000e+02
2.125000e+02 3.924000e+02
2.130000e+02 3.912000e+02
2.130000e+02 3.900000e+02
2.135000e+02 3.882000e+02
2.135000e+02 3.870000e+02
2.135000e+02 3.846000e+02
2.135000e+02 3.834000e+02
2.140000e+02 3.780000e+02
2.140000e+02 3.750000e+02
2.140000e+02 3.726000e+02
2.145000e+02 3.684000e+02
2.145000e+02 3.636000e+02
2.150000e+02 3.594000e+02
2.155000e+02 3.546000e+02
2.155000e+02 3.468000e+02
2.160000e+02 3.414000e+02
2.165000e+02 3.324000e+02
2.170000e+02 3.270000e+02
2.175000e+02 3.204000e+02
2.180000e+02 3.150000e+02
2.180000e+02 3.084000e+02
2.185000e+02 3.018000e+02
2.190000e+02 2.964000e+02
2.195000e+02 2.886000e+02
2.200000e+02 2.826000e+02
2.205000e+02 2.748000e+02
2.210000e+02 2.676000e+02
2.210000e+02 2.598000e+02
2.215000e+02 2.490000e+02
2.215000e+02 2.412000e+02
2.220000e+02 2.340000e+02
2.220000e+02 2.268000e+02
2.220000e+02 2.172000e+02
2.220000e+02 2.112000e+02
2.220000e+02 2.052000e+02
2.225000e+02 1.986000e+02
2.225000e+02 1.932000e+02
2.225000e+02 1.884000e+02
2.225000e+02 1.830000e+02
2.225000e+02 1.782000e+02
2.225000e+02 1.752000e+02
2.230000e+02 1.692000e+02
2.230000e+02 1.674000e+02
2.230000e+02 1.638000e+02
2.230000e+02 1.614000e+02
2.230000e+02 1.590000e+02
2.230000e+02 1.560000e+02
2.230000e+02 1.536000e+02
2.230000e+02 1.524000e+02
2.225000e+02 1.512000e+02
2.225000e+02 1.500000e+02
2.225000e+02 1.494000e+02
2.225000e+02 1.494000e+02
2.225000e+02 1.488000e+02
2.225000e+02 1.488000e+02
2.225000e+02 1.488000e+02
2.225000e+02 1.488000e+02
2.225000e+02 1.494000e+02
2.225000e+02 1.500000e+02
2.225000e+02 1.500000e+02
