2.515000e+02 1.578000e+02
2.515000e+02 1.578000e+02
2.515000e+02 1.578000e+02
2.515000e+02 1.578000e+02
2.515000e+02 1.578000e+02
2.515000e+02 1.578000e+02
2.515000e+02 1.578000e+02
2.520000e+02 1.581000e+02
2.525000e+02 1.584000e+02
2.527500e+02 1.584000e+02
2.530000e+02 1.584000e+02
2.535000e+02 1.590000e+02
2.540000e+02 1.596000e+02
2.550000e+02 1.602000e+02
2.560000e+02 1.608000e+02
2.567500e+02 1.611000e+02
2.575000e+02 1.614000e+02
2.590000e+02 1.623000e+02
2.605000e+02 1.632000e+02
2.620000e+02 1.647000e+02
2.635000e+02 1.662000e+02
2.645000e+02 1.668000e+02
2.655000e+02 1.674000e+02
2.675000e+02 1.686000e+02
2.695000e+02 1.698000e+02
2.717500e+02 1.722000e+02
2.740000e+02 1.746000e+02
2.767500e+02 1.776000e+02
2.795000e+02 1.806000e+02
2.825000e+02 1.839000e+02
2.855000e+02 1.872000e+02
2.887500e+02 1.911000e+02
2.920000e+02 1.950000e+02
2.937500e+02 1.974000e+02
2.955000e+02 1.998000e+02
2.990000e+02 2.043000e+02
3.025000e+02 2.088000e+02
3.045000e+02 2.118000e+02
3.065000e+02 2.148000e+02
3.102500e+02 2.202000e+02
3.140000e+02 2.256000e+02
3.180000e+02 2.307000e+02
3.220000e+02 2.358000e+02
3.240000e+02 2.385000e+02
3.260000e+02 2.412000e+02
3.300000e+02 2.466000e+02
3.340000e+02 2.520000e+02
3.360000e+02 2.547000e+02
3.380000e+02 2.574000e+02
3.422500e+02 2.631000e+02
3.465000e+02 2.688000e+02
3.507500e+02 2.739000e+02
3.550000e+02 2.790000e+02
3.590000e+02 2.844000e+02
3.630000e+02 2.898000e+02
3.647500e+02 2.919000e+02
3.665000e+02 2.940000e+02
3.700000e+02 2.979000e+02
3.735000e+02 3.018000e+02
3.755000e+02 3.039000e+02
3.775000e+02 3.060000e+02
3.807500e+02 3.093000e+02
3.840000e+02 3.126000e+02
3.872500e+02 3.162000e+02
3.905000e+02 3.198000e+02
3.932500e+02 3.228000e+02
3.960000e+02 3.258000e+02
3.975000e+02 3.273000e+02
3.990000e+02 3.288000e+02
4.015000e+02 3.315000e+02
4.040000e+02 3.342000e+02
4.052500e+02 3.357000e+02
4.065000e+02 3.372000e+02
4.077500e+02 3.384000e+02
4.090000e+02 3.396000e+02
4.110000e+02 3.423000e+02
4.130000e+02 3.450000e+02
4.147500e+02 3.474000e+02
4.165000e+02 3.498000e+02
4.180000e+02 3.525000e+02
4.195000e+02 3.552000e+02
4.207500e+02 3.573000e+02
4.220000e+02 3.594000e+02
4.227500e+02 3.612000e+02
4.235000e+02 3.630000e+02
4.237500e+02 3.642000e+02
4.240000e+02 3.654000e+02
4.240000e+02 3.666000e+02
4.240000e+02 3.678000e+02
4.237500e+02 3.684000e+02
4.235000e+02 3.690000e+02
4.230000e+02 3.705000e+02
4.225000e+02 3.720000e+02
4.215000e+02 3.732000e+02
4.205000e+02 3.744000e+02
4.187500e+02 3.759000e+02
4.170000e+02 3.774000e+02
4.145000e+02 3.786000e+02
4.120000e+02 3.798000e+02
4.090000e+02 3.810000e+02
4.060000e+02 3.822000e+02
4.037500e+02 3.828000e+02
4.015000e+02 3.834000e+02
3.967500e+02 3.852000e+02
3.920000e+02 3.870000e+02
3.860000e+02 3.891000e+02
3.800000e+02 3.912000e+02
3.767500e+02 3.921000e+02
3.735000e+02 3.930000e+02
3.640000e+02 3.954000e+02
3.545000e+02 3.978000e+02
3.480000e+02 3.999000e+02
3.415000e+02 4.020000e+02
3.385000e+02 4.029000e+02
3.355000e+02 4.038000e+02
3.292500e+02 4.059000e+02
3.230000e+02 4.080000e+02
3.197500e+02 4.086000e+02
3.165000e+02 4.092000e+02
3.102500e+02 4.107000e+02
3.040000e+02 4.122000e+02
2.982500e+02 4.134000e+02
2.925000e+02 4.146000e+02
2.897500e+02 4.152000e+02
2.870000e+02 4.158000e+02
2.820000e+02 4.173000e+02
2.770000e+02 4.188000e+02
2.725000e+02 4.203000e+02
2.680000e+02 4.218000e+02
2.657500e+02 4.224000e+02
2.635000e+02 4.230000e+02
2.592500e+02 4.245000e+02
2.550000e+02 4.260000e+02
2.512500e+02 4.272000e+02
2.475000e+02 4.284000e+02
2.457500e+02 4.287000e+02
2.440000e+02 4.290000e+02
2.410000e+02 4.299000e+02
2.380000e+02 4.308000e+02
2.352500e+02 4.314000e+02
2.325000e+02 4.320000e+02
2.315000e+02 4.323000e+02
2.305000e+02 4.326000e+02
2.287500e+02 4.326000e+02
2.270000e+02 4.326000e+02
2.257500e+02 4.323000e+02
2.245000e+02 4.320000e+02
2.240000e+02 4.317000e+02
2.235000e+02 4.314000e+02
2.230000e+02 4.302000e+02
2.225000e+02 4.290000e+02
2.225000e+02 4.272000e+02
2.235000e+02 4.224000e+02
2.255000e+02 4.164000e+02
2.270000e+02 4.128000e+02
2.305000e+02 4.050000e+02
2.355000e+02 3.954000e+02
2.385000e+02 3.894000e+02
2.450000e+02 3.774000e+02
2.525000e+02 3.642000e+02
2.605000e+02 3.510000e+02
2.685000e+02 3.384000e+02
2.775000e+02 3.246000e+02
2.820000e+02 3.180000e+02
2.915000e+02 3.030000e+02
3.005000e+02 2.898000e+02
3.055000e+02 2.832000e+02
3.145000e+02 2.700000e+02
3.190000e+02 2.640000e+02
3.280000e+02 2.520000e+02
3.370000e+02 2.406000e+02
3.415000e+02 2.346000e+02
3.505000e+02 2.232000e+02
3.590000e+02 2.124000e+02
3.630000e+02 2.070000e+02
3.715000e+02 1.962000e+02
3.810000e+02 1.848000e+02
3.855000e+02 1.788000e+02
3.905000e+02 1.734000e+02
3.995000e+02 1.626000e+02
4.085000e+02 1.524000e+02
4.135000e+02 1.476000e+02
4.215000e+02 1.386000e+02
4.290000e+02 1.308000e+02
4.330000e+02 1.272000e+02
4.395000e+02 1.200000e+02
4.460000e+02 1.146000e+02
4.485000e+02 1.116000e+02
4.540000e+02 1.068000e+02
4.585000e+02 1.020000e+02
4.630000e+02 9.900000e+01
4.665000e+02 9.600000e+01
4.695000e+02 9.420000e+01
4.715000e+02 9.240000e+01
4.725000e+02 9.180000e+01
4.740000e+02 9.060000e+01
4.745000e+02 9.000000e+01
4.745000e+02 8.940000e+01
4.735000e+02 8.940000e+01
4.735000e+02 8.940000e+01
