3.580000e+02 3.420000e+02
3.580000e+02 3.421500e+02
3.580000e+02 3.423000e+02
3.580000e+02 3.424500e+02
3.580000e+02 3.426000e+02
3.578750e+02 3.426000e+02
3.577500e+02 3.426000e+02
3.576250e+02 3.426000e+02
3.575000e+02 3.426000e+02
3.575000e+02 3.426000e+02
3.575000e+02 3.426000e+02
3.575000e+02 3.426000e+02
3.575000e+02 3.426000e+02
3.573750e+02 3.424500e+02
3.572500e+02 3.423000e+02
3.571250e+02 3.421500e+02
3.570000e+02 3.420000e+02
3.568750e+02 3.415500e+02
3.567500e+02 3.411000e+02
3.566250e+02 3.406500e+02
3.565000e+02 3.402000e+02
3.563750e+02 3.396000e+02
3.562500e+02 3.390000e+02
3.561250e+02 3.384000e+02
3.560000e+02 3.378000e+02
3.560000e+02 3.367500e+02
3.560000e+02 3.357000e+02
3.560000e+02 3.346500e+02
3.560000e+02 3.336000e+02
3.560000e+02 3.324000e+02
3.560000e+02 3.312000e+02
3.560000e+02 3.300000e+02
3.560000e+02 3.288000e+02
3.560000e+02 3.273000e+02
3.560000e+02 3.258000e+02
3.560000e+02 3.243000e+02
3.560000e+02 3.228000e+02
3.561250e+02 3.214500e+02
3.562500e+02 3.201000e+02
3.563750e+02 3.187500e+02
3.565000e+02 3.174000e+02
3.566250e+02 3.157500e+02
3.567500e+02 3.141000e+02
3.568750e+02 3.124500e+02
3.570000e+02 3.108000e+02
3.571250e+02 3.091500e+02
3.572500e+02 3.075000e+02
3.573750e+02 3.058500e+02
3.575000e+02 3.042000e+02
3.576250e+02 3.024000e+02
3.577500e+02 3.006000e+02
3.578750e+02 2.988000e+02
3.580000e+02 2.970000e+02
3.581250e+02 2.949000e+02
3.582500e+02 2.928000e+02
3.583750e+02 2.907000e+02
3.585000e+02 2.886000e+02
3.586250e+02 2.863500e+02
3.587500e+02 2.841000e+02
3.588750e+02 2.818500e+02
3.590000e+02 2.796000e+02
3.591250e+02 2.772000e+02
3.592500e+02 2.748000e+02
3.593750e+02 2.724000e+02
3.595000e+02 2.700000e+02
3.596250e+02 2.676000e+02
3.597500e+02 2.652000e+02
3.598750e+02 2.628000e+02
3.600000e+02 2.604000e+02
3.602500e+02 2.581500e+02
3.605000e+02 2.559000e+02
3.607500e+02 2.536500e+02
3.610000e+02 2.514000e+02
3.611250e+02 2.479500e+02
3.612500e+02 2.445000e+02
3.613750e+02 2.410500e+02
3.615000e+02 2.376000e+02
3.615000e+02 2.353500e+02
3.615000e+02 2.331000e+02
3.615000e+02 2.308500e+02
3.615000e+02 2.286000e+02
3.616250e+02 2.268000e+02
3.617500e+02 2.250000e+02
3.618750e+02 2.232000e+02
3.620000e+02 2.214000e+02
3.620000e+02 2.191500e+02
3.620000e+02 2.169000e+02
3.620000e+02 2.146500e+02
3.620000e+02 2.124000e+02
3.620000e+02 2.106000e+02
3.620000e+02 2.088000e+02
3.620000e+02 2.070000e+02
3.620000e+02 2.052000e+02
3.620000e+02 2.028000e+02
3.620000e+02 2.004000e+02
3.620000e+02 1.980000e+02
3.620000e+02 1.956000e+02
3.618750e+02 1.936500e+02
3.617500e+02 1.917000e+02
3.616250e+02 1.897500e+02
3.615000e+02 1.878000e+02
3.615000e+02 1.855500e+02
3.615000e+02 1.833000e+02
3.615000e+02 1.810500e+02
3.615000e+02 1.788000e+02
3.615000e+02 1.765500e+02
3.615000e+02 1.743000e+02
3.615000e+02 1.720500e+02
3.615000e+02 1.698000e+02
3.615000e+02 1.687500e+02
3.615000e+02 1.677000e+02
3.615000e+02 1.666500e+02
3.615000e+02 1.656000e+02
3.616250e+02 1.636500e+02
3.617500e+02 1.617000e+02
3.618750e+02 1.597500e+02
3.620000e+02 1.578000e+02
3.621250e+02 1.558500e+02
3.622500e+02 1.539000e+02
3.623750e+02 1.519500e+02
3.625000e+02 1.500000e+02
3.625000e+02 1.482000e+02
3.625000e+02 1.464000e+02
3.625000e+02 1.446000e+02
3.625000e+02 1.428000e+02
3.627500e+02 1.404000e+02
3.630000e+02 1.380000e+02
3.632500e+02 1.356000e+02
3.635000e+02 1.332000e+02
3.635000e+02 1.324500e+02
3.635000e+02 1.317000e+02
3.635000e+02 1.309500e+02
3.635000e+02 1.302000e+02
3.637500e+02 1.287000e+02
3.640000e+02 1.272000e+02
3.642500e+02 1.257000e+02
3.645000e+02 1.242000e+02
3.646250e+02 1.230000e+02
3.647500e+02 1.218000e+02
3.648750e+02 1.206000e+02
3.650000e+02 1.194000e+02
3.650000e+02 1.182000e+02
3.650000e+02 1.170000e+02
3.650000e+02 1.158000e+02
3.650000e+02 1.146000e+02
3.651250e+02 1.135500e+02
3.652500e+02 1.125000e+02
3.653750e+02 1.114500e+02
3.655000e+02 1.104000e+02
3.656250e+02 1.093500e+02
3.657500e+02 1.083000e+02
3.658750e+02 1.072500e+02
3.660000e+02 1.062000e+02
3.660000e+02 1.053000e+02
3.660000e+02 1.044000e+02
3.660000e+02 1.035000e+02
3.660000e+02 1.026000e+02
3.660000e+02 1.018500e+02
3.660000e+02 1.011000e+02
3.660000e+02 1.003500e+02
3.660000e+02 9.960000e+01
3.660000e+02 9.900000e+01
3.660000e+02 9.840000e+01
3.660000e+02 9.780000e+01
3.660000e+02 9.720000e+01
3.661250e+02 9.645000e+01
3.662500e+02 9.570000e+01
3.663750e+02 9.495000e+01
3.665000e+02 9.420000e+01
3.665000e+02 9.405000e+01
3.665000e+02 9.390000e+01
3.665000e+02 9.375000e+01
3.665000e+02 9.360000e+01
3.665000e+02 9.315000e+01
3.665000e+02 9.270000e+01
3.665000e+02 9.225000e+01
3.665000e+02 9.180000e+01
3.666250e+02 9.165000e+01
3.667500e+02 9.150000e+01
3.668750e+02 9.135000e+01
3.670000e+02 9.120000e+01
3.670000e+02 9.120000e+01
3.670000e+02 9.120000e+01
3.670000e+02 9.120000e+01
3.670000e+02 9.120000e+01
3.670000e+02 9.105000e+01
3.670000e+02 9.090000e+01
3.670000e+02 9.075000e+01
3.670000e+02 9.060000e+01
3.670000e+02 9.075000e+01
3.670000e+02 9.090000e+01
3.670000e+02 9.105000e+01
3.670000e+02 9.120000e+01
3.670000e+02 9.120000e+01
3.670000e+02 9.120000e+01
3.670000e+02 9.120000e+01
3.670000e+02 9.150000e+01
3.670000e+02 9.180000e+01
3.670000e+02 9.180000e+01
3.670000e+02 9.180000e+01
