3.065000e+02 7.020000e+01
3.065000e+02 7.020000e+01
3.065000e+02 7.020000e+01
3.065000e+02 7.020000e+01
3.065000e+02 7.020000e+01
3.065000e+02 7.020000e+01
3.065000e+02 7.020000e+01
3.065000e+02 7.020000e+01
3.065000e+02 7.020000e+01
3.065000e+02 7.020000e+01
3.065000e+02 7.020000e+01
3.065000e+02 7.020000e+01
3.065000e+02 7.020000e+01
3.065000e+02 7.005000e+01
3.065000e+02 6.990000e+01
3.065000e+02 6.975000e+01
3.065000e+02 6.960000e+01
3.065000e+02 6.960000e+01
3.065000e+02 6.960000e+01
3.065000e+02 6.960000e+01
3.065000e+02 6.960000e+01
3.065000e+02 6.975000e+01
3.065000e+02 6.990000e+01
3.065000e+02 7.005000e+01
3.065000e+02 7.020000e+01
3.065000e+02 7.035000e+01
3.065000e+02 7.050000e+01
3.065000e+02 7.065000e+01
3.065000e+02 7.080000e+01
3.065000e+02 7.110000e+01
3.065000e+02 7.140000e+01
3.065000e+02 7.170000e+01
3.065000e+02 7.200000e+01
3.066250e+02 7.290000e+01
3.067500e+02 7.380000e+01
3.068750e+02 7.470000e+01
3.070000e+02 7.560000e+01
3.071250e+02 7.665000e+01
3.072500e+02 7.770000e+01
3.073750e+02 7.875000e+01
3.075000e+02 7.980000e+01
3.076250e+02 8.115000e+01
3.077500e+02 8.250000e+01
3.078750e+02 8.385000e+01
3.080000e+02 8.520000e+01
3.081250e+02 8.745000e+01
3.082500e+02 8.970000e+01
3.083750e+02 9.195000e+01
3.085000e+02 9.420000e+01
3.085000e+02 9.585000e+01
3.085000e+02 9.750000e+01
3.085000e+02 9.915000e+01
3.085000e+02 1.008000e+02
3.086250e+02 1.024500e+02
3.087500e+02 1.041000e+02
3.088750e+02 1.057500e+02
3.090000e+02 1.074000e+02
3.090000e+02 1.083000e+02
3.090000e+02 1.092000e+02
3.090000e+02 1.101000e+02
3.090000e+02 1.110000e+02
3.091250e+02 1.138500e+02
3.092500e+02 1.167000e+02
3.093750e+02 1.195500e+02
3.095000e+02 1.224000e+02
3.096250e+02 1.240500e+02
3.097500e+02 1.257000e+02
3.098750e+02 1.273500e+02
3.100000e+02 1.290000e+02
3.101250e+02 1.308000e+02
3.102500e+02 1.326000e+02
3.103750e+02 1.344000e+02
3.105000e+02 1.362000e+02
3.105000e+02 1.381500e+02
3.105000e+02 1.401000e+02
3.105000e+02 1.420500e+02
3.105000e+02 1.440000e+02
3.106250e+02 1.458000e+02
3.107500e+02 1.476000e+02
3.108750e+02 1.494000e+02
3.110000e+02 1.512000e+02
3.111250e+02 1.533000e+02
3.112500e+02 1.554000e+02
3.113750e+02 1.575000e+02
3.115000e+02 1.596000e+02
3.116250e+02 1.615500e+02
3.117500e+02 1.635000e+02
3.118750e+02 1.654500e+02
3.120000e+02 1.674000e+02
3.121250e+02 1.695000e+02
3.122500e+02 1.716000e+02
3.123750e+02 1.737000e+02
3.125000e+02 1.758000e+02
3.127500e+02 1.788000e+02
3.130000e+02 1.818000e+02
3.132500e+02 1.848000e+02
3.135000e+02 1.878000e+02
3.136250e+02 1.899000e+02
3.137500e+02 1.920000e+02
3.138750e+02 1.941000e+02
3.140000e+02 1.962000e+02
3.141250e+02 1.983000e+02
3.142500e+02 2.004000e+02
3.143750e+02 2.025000e+02
3.145000e+02 2.046000e+02
3.146250e+02 2.064000e+02
3.147500e+02 2.082000e+02
3.148750e+02 2.100000e+02
3.150000e+02 2.118000e+02
3.150000e+02 2.136000e+02
3.150000e+02 2.154000e+02
3.150000e+02 2.172000e+02
3.150000e+02 2.190000e+02
3.151250e+02 2.208000e+02
3.152500e+02 2.226000e+02
3.153750e+02 2.244000e+02
3.155000e+02 2.262000e+02
3.156250e+02 2.278500e+02
3.157500e+02 2.295000e+02
3.158750e+02 2.311500e+02
3.160000e+02 2.328000e+02
3.161250e+02 2.343000e+02
3.162500e+02 2.358000e+02
3.163750e+02 2.373000e+02
3.165000e+02 2.388000e+02
3.165000e+02 2.401500e+02
3.165000e+02 2.415000e+02
3.165000e+02 2.428500e+02
3.165000e+02 2.442000e+02
3.166250e+02 2.457000e+02
3.167500e+02 2.472000e+02
3.168750e+02 2.487000e+02
3.170000e+02 2.502000e+02
3.170000e+02 2.514000e+02
3.170000e+02 2.526000e+02
3.170000e+02 2.538000e+02
3.170000e+02 2.550000e+02
3.171250e+02 2.562000e+02
3.172500e+02 2.574000e+02
3.173750e+02 2.586000e+02
3.175000e+02 2.598000e+02
3.176250e+02 2.610000e+02
3.177500e+02 2.622000e+02
3.178750e+02 2.634000e+02
3.180000e+02 2.646000e+02
3.180000e+02 2.658000e+02
3.180000e+02 2.670000e+02
3.180000e+02 2.682000e+02
3.180000e+02 2.694000e+02
3.181250e+02 2.709000e+02
3.182500e+02 2.724000e+02
3.183750e+02 2.739000e+02
3.185000e+02 2.754000e+02
3.186250e+02 2.761500e+02
3.187500e+02 2.769000e+02
3.190000e+02 2.784000e+02
3.190000e+02 2.802000e+02
3.190000e+02 2.820000e+02
3.190000e+02 2.832000e+02
3.190000e+02 2.844000e+02
3.190000e+02 2.853000e+02
3.190000e+02 2.862000e+02
3.190000e+02 2.871000e+02
3.190000e+02 2.880000e+02
3.190000e+02 2.886000e+02
3.190000e+02 2.892000e+02
3.190000e+02 2.898000e+02
3.190000e+02 2.904000e+02
3.190000e+02 2.907000e+02
3.190000e+02 2.910000e+02
3.190000e+02 2.916000e+02
3.190000e+02 2.922000e+02
3.190000e+02 2.922000e+02
3.190000e+02 2.922000e+02
3.190000e+02 2.925000e+02
3.190000e+02 2.928000e+02
3.190000e+02 2.928000e+02
3.190000e+02 2.928000e+02
3.190000e+02 2.931000e+02
3.190000e+02 2.934000e+02
3.190000e+02 2.937000e+02
3.190000e+02 2.940000e+02
3.190000e+02 2.940000e+02
3.190000e+02 2.940000e+02
3.190000e+02 2.940000e+02
3.190000e+02 2.940000e+02
3.190000e+02 2.943000e+02
3.190000e+02 2.946000e+02
3.190000e+02 2.946000e+02
3.190000e+02 2.946000e+02
3.190000e+02 2.946000e+02
3.190000e+02 2.946000e+02
3.192500e+02 2.946000e+02
3.195000e+02 2.946000e+02
3.195000e+02 2.946000e+02
3.195000e+02 2.946000e+02
3.195000e+02 2.946000e+02
3.195000e+02 2.946000e+02
3.195000e+02 2.946000e+02
3.195000e+02 2.946000e+02
