3.180000e+02 1.428000e+02
3.180000e+02 1.428000e+02
3.180000e+02 1.428000e+02
3.177500e+02 1.431000e+02
3.175000e+02 1.434000e+02
3.172500e+02 1.437000e+02
3.170000e+02 1.440000e+02
3.167500e+02 1.446000e+02
3.165000e+02 1.452000e+02
3.162500e+02 1.455000e+02
3.160000e+02 1.458000e+02
3.155000e+02 1.464000e+02
3.150000e+02 1.470000e+02
3.142500e+02 1.476000e+02
3.135000e+02 1.482000e+02
3.132500e+02 1.485000e+02
3.130000e+02 1.488000e+02
3.125000e+02 1.494000e+02
3.120000e+02 1.500000e+02
3.115000e+02 1.503000e+02
3.110000e+02 1.506000e+02
3.107500e+02 1.509000e+02
3.105000e+02 1.512000e+02
3.100000e+02 1.512000e+02
3.095000e+02 1.512000e+02
3.090000e+02 1.515000e+02
3.085000e+02 1.518000e+02
3.082500e+02 1.518000e+02
3.080000e+02 1.518000e+02
3.075000e+02 1.518000e+02
3.070000e+02 1.518000e+02
3.062500e+02 1.518000e+02
3.055000e+02 1.518000e+02
3.050000e+02 1.521000e+02
3.045000e+02 1.524000e+02
3.032500e+02 1.527000e+02
3.020000e+02 1.530000e+02
3.007500e+02 1.533000e+02
2.995000e+02 1.536000e+02
2.987500e+02 1.536000e+02
2.980000e+02 1.536000e+02
2.962500e+02 1.542000e+02
2.945000e+02 1.548000e+02
2.925000e+02 1.554000e+02
2.905000e+02 1.560000e+02
2.895000e+02 1.563000e+02
2.885000e+02 1.566000e+02
2.862500e+02 1.578000e+02
2.840000e+02 1.590000e+02
2.815000e+02 1.608000e+02
2.790000e+02 1.626000e+02
2.752500e+02 1.650000e+02
2.715000e+02 1.674000e+02
2.702500e+02 1.680000e+02
2.690000e+02 1.686000e+02
2.667500e+02 1.707000e+02
2.645000e+02 1.728000e+02
2.635000e+02 1.740000e+02
2.625000e+02 1.752000e+02
2.605000e+02 1.770000e+02
2.585000e+02 1.788000e+02
2.565000e+02 1.809000e+02
2.545000e+02 1.830000e+02
2.530000e+02 1.851000e+02
2.515000e+02 1.872000e+02
2.507500e+02 1.884000e+02
2.500000e+02 1.896000e+02
2.487500e+02 1.917000e+02
2.475000e+02 1.938000e+02
2.470000e+02 1.950000e+02
2.465000e+02 1.962000e+02
2.455000e+02 1.983000e+02
2.445000e+02 2.004000e+02
2.437500e+02 2.028000e+02
2.430000e+02 2.052000e+02
2.427500e+02 2.064000e+02
2.425000e+02 2.076000e+02
2.417500e+02 2.100000e+02
2.410000e+02 2.124000e+02
2.405000e+02 2.145000e+02
2.400000e+02 2.166000e+02
2.397500e+02 2.193000e+02
2.395000e+02 2.220000e+02
2.395000e+02 2.232000e+02
2.395000e+02 2.244000e+02
2.392500e+02 2.268000e+02
2.390000e+02 2.292000e+02
2.390000e+02 2.304000e+02
2.390000e+02 2.316000e+02
2.390000e+02 2.343000e+02
2.390000e+02 2.370000e+02
2.390000e+02 2.424000e+02
2.395000e+02 2.448000e+02
2.400000e+02 2.508000e+02
2.405000e+02 2.562000e+02
2.410000e+02 2.616000e+02
2.415000e+02 2.646000e+02
2.425000e+02 2.700000e+02
2.430000e+02 2.724000e+02
2.440000e+02 2.778000e+02
2.450000e+02 2.832000e+02
2.460000e+02 2.880000e+02
2.465000e+02 2.910000e+02
2.485000e+02 2.964000e+02
2.505000e+02 3.018000e+02
2.515000e+02 3.036000e+02
2.535000e+02 3.084000e+02
2.555000e+02 3.132000e+02
2.565000e+02 3.150000e+02
2.595000e+02 3.192000e+02
2.610000e+02 3.210000e+02
2.640000e+02 3.246000e+02
2.670000e+02 3.288000e+02
2.685000e+02 3.306000e+02
2.725000e+02 3.336000e+02
2.765000e+02 3.366000e+02
2.780000e+02 3.378000e+02
2.830000e+02 3.408000e+02
2.855000e+02 3.426000e+02
2.900000e+02 3.456000e+02
2.950000e+02 3.486000e+02
3.000000e+02 3.510000e+02
3.050000e+02 3.528000e+02
3.105000e+02 3.546000e+02
3.160000e+02 3.564000e+02
3.215000e+02 3.576000e+02
3.245000e+02 3.588000e+02
3.305000e+02 3.600000e+02
3.335000e+02 3.606000e+02
3.395000e+02 3.618000e+02
3.460000e+02 3.624000e+02
3.515000e+02 3.624000e+02
3.550000e+02 3.624000e+02
3.610000e+02 3.618000e+02
3.645000e+02 3.612000e+02
3.710000e+02 3.594000e+02
3.775000e+02 3.576000e+02
3.810000e+02 3.570000e+02
3.870000e+02 3.552000e+02
3.925000e+02 3.534000e+02
3.955000e+02 3.522000e+02
4.000000e+02 3.492000e+02
4.050000e+02 3.456000e+02
4.075000e+02 3.444000e+02
4.120000e+02 3.414000e+02
4.160000e+02 3.378000e+02
4.185000e+02 3.354000e+02
4.220000e+02 3.312000e+02
4.255000e+02 3.276000e+02
4.300000e+02 3.198000e+02
4.315000e+02 3.174000e+02
4.345000e+02 3.114000e+02
4.375000e+02 3.054000e+02
4.385000e+02 3.024000e+02
4.405000e+02 2.958000e+02
4.415000e+02 2.928000e+02
4.430000e+02 2.862000e+02
4.440000e+02 2.784000e+02
4.440000e+02 2.754000e+02
4.445000e+02 2.682000e+02
4.445000e+02 2.610000e+02
4.440000e+02 2.574000e+02
4.435000e+02 2.502000e+02
4.420000e+02 2.436000e+02
4.400000e+02 2.370000e+02
4.385000e+02 2.334000e+02
4.365000e+02 2.268000e+02
4.335000e+02 2.202000e+02
4.320000e+02 2.166000e+02
4.285000e+02 2.100000e+02
4.265000e+02 2.070000e+02
4.225000e+02 2.004000e+02
4.180000e+02 1.950000e+02
4.155000e+02 1.920000e+02
4.105000e+02 1.860000e+02
4.050000e+02 1.806000e+02
4.020000e+02 1.782000e+02
3.960000e+02 1.734000e+02
3.900000e+02 1.680000e+02
3.870000e+02 1.662000e+02
3.810000e+02 1.614000e+02
3.780000e+02 1.596000e+02
3.720000e+02 1.560000e+02
3.660000e+02 1.524000e+02
3.635000e+02 1.500000e+02
3.570000e+02 1.470000e+02
3.510000e+02 1.440000e+02
3.480000e+02 1.428000e+02
3.415000e+02 1.410000e+02
3.350000e+02 1.392000e+02
3.315000e+02 1.386000e+02
3.245000e+02 1.380000e+02
3.170000e+02 1.380000e+02
3.130000e+02 1.380000e+02
3.045000e+02 1.392000e+02
2.955000e+02 1.410000e+02
2.905000e+02 1.422000e+02
2.810000e+02 1.458000e+02
2.715000e+02 1.488000e+02
2.715000e+02 1.488000e+02
