4.385000e+02 2.142000e+02
4.385000e+02 2.142000e+02
4.385000e+02 2.142000e+02
4.385000e+02 2.142000e+02
4.385000e+02 2.142000e+02
4.383750e+02 2.142000e+02
4.382500e+02 2.142000e+02
4.381250e+02 2.142000e+02
4.380000e+02 2.142000e+02
4.378750e+02 2.142000e+02
4.377500e+02 2.142000e+02
4.376250e+02 2.142000e+02
4.375000e+02 2.142000e+02
4.371250e+02 2.142000e+02
4.367500e+02 2.142000e+02
4.363750e+02 2.142000e+02
4.360000e+02 2.142000e+02
4.355000e+02 2.140500e+02
4.350000e+02 2.139000e+02
4.345000e+02 2.137500e+02
4.340000e+02 2.136000e+02
4.330000e+02 2.136000e+02
4.320000e+02 2.136000e+02
4.310000e+02 2.136000e+02
4.300000e+02 2.136000e+02
4.295000e+02 2.136000e+02
4.290000e+02 2.136000e+02
4.285000e+02 2.136000e+02
4.280000e+02 2.136000e+02
4.270000e+02 2.136000e+02
4.260000e+02 2.136000e+02
4.250000e+02 2.136000e+02
4.240000e+02 2.136000e+02
4.230000e+02 2.136000e+02
4.220000e+02 2.136000e+02
4.210000e+02 2.136000e+02
4.200000e+02 2.136000e+02
4.187500e+02 2.136000e+02
4.175000e+02 2.136000e+02
4.162500e+02 2.136000e+02
4.150000e+02 2.136000e+02
4.137500e+02 2.136000e+02
4.125000e+02 2.136000e+02
4.112500e+02 2.136000e+02
4.100000e+02 2.136000e+02
4.087500e+02 2.136000e+02
4.075000e+02 2.136000e+02
4.062500e+02 2.136000e+02
4.050000e+02 2.136000e+02
4.035000e+02 2.136000e+02
4.020000e+02 2.136000e+02
4.005000e+02 2.136000e+02
3.990000e+02 2.136000e+02
3.977500e+02 2.136000e+02
3.965000e+02 2.136000e+02
3.952500e+02 2.136000e+02
3.940000e+02 2.136000e+02
3.925000e+02 2.136000e+02
3.910000e+02 2.136000e+02
3.895000e+02 2.136000e+02
3.880000e+02 2.136000e+02
3.865000e+02 2.136000e+02
3.850000e+02 2.136000e+02
3.835000e+02 2.136000e+02
3.820000e+02 2.136000e+02
3.812500e+02 2.136000e+02
3.805000e+02 2.136000e+02
3.797500e+02 2.136000e+02
3.790000e+02 2.136000e+02
3.767500e+02 2.137500e+02
3.745000e+02 2.139000e+02
3.722500e+02 2.140500e+02
3.700000e+02 2.142000e+02
3.676250e+02 2.142000e+02
3.652500e+02 2.142000e+02
3.628750e+02 2.142000e+02
3.605000e+02 2.142000e+02
3.588750e+02 2.142000e+02
3.572500e+02 2.142000e+02
3.556250e+02 2.142000e+02
3.540000e+02 2.142000e+02
3.513750e+02 2.145000e+02
3.487500e+02 2.148000e+02
3.461250e+02 2.151000e+02
3.435000e+02 2.154000e+02
3.418750e+02 2.154000e+02
3.402500e+02 2.154000e+02
3.386250e+02 2.154000e+02
3.370000e+02 2.154000e+02
3.362500e+02 2.155500e+02
3.355000e+02 2.157000e+02
3.347500e+02 2.158500e+02
3.340000e+02 2.160000e+02
3.323750e+02 2.160000e+02
3.307500e+02 2.160000e+02
3.291250e+02 2.160000e+02
3.275000e+02 2.160000e+02
3.260000e+02 2.161500e+02
3.245000e+02 2.163000e+02
3.230000e+02 2.164500e+02
3.215000e+02 2.166000e+02
3.200000e+02 2.166000e+02
3.185000e+02 2.166000e+02
3.170000e+02 2.166000e+02
3.155000e+02 2.166000e+02
3.140000e+02 2.167500e+02
3.125000e+02 2.169000e+02
3.110000e+02 2.170500e+02
3.095000e+02 2.172000e+02
3.081250e+02 2.172000e+02
3.067500e+02 2.172000e+02
3.053750e+02 2.172000e+02
3.040000e+02 2.172000e+02
3.026250e+02 2.172000e+02
3.012500e+02 2.172000e+02
2.998750e+02 2.172000e+02
2.985000e+02 2.172000e+02
2.972500e+02 2.172000e+02
2.960000e+02 2.172000e+02
2.947500e+02 2.172000e+02
2.935000e+02 2.172000e+02
2.920000e+02 2.172000e+02
2.905000e+02 2.172000e+02
2.875000e+02 2.172000e+02
2.850000e+02 2.172000e+02
2.825000e+02 2.172000e+02
2.800000e+02 2.172000e+02
2.775000e+02 2.172000e+02
2.750000e+02 2.172000e+02
2.725000e+02 2.172000e+02
2.702500e+02 2.172000e+02
2.680000e+02 2.172000e+02
2.640000e+02 2.175000e+02
2.600000e+02 2.178000e+02
2.577500e+02 2.178000e+02
2.555000e+02 2.178000e+02
2.532500e+02 2.178000e+02
2.510000e+02 2.178000e+02
2.487500e+02 2.181000e+02
2.465000e+02 2.184000e+02
2.445000e+02 2.184000e+02
2.425000e+02 2.184000e+02
2.405000e+02 2.187000e+02
2.385000e+02 2.190000e+02
2.367500e+02 2.190000e+02
2.350000e+02 2.190000e+02
2.332500e+02 2.193000e+02
2.315000e+02 2.196000e+02
2.297500e+02 2.196000e+02
2.280000e+02 2.196000e+02
2.255000e+02 2.196000e+02
2.230000e+02 2.196000e+02
2.222500e+02 2.196000e+02
2.215000e+02 2.196000e+02
2.207500e+02 2.196000e+02
2.200000e+02 2.196000e+02
2.195000e+02 2.196000e+02
2.190000e+02 2.196000e+02
2.185000e+02 2.196000e+02
2.180000e+02 2.196000e+02
2.175000e+02 2.193000e+02
2.170000e+02 2.190000e+02
2.165000e+02 2.190000e+02
2.160000e+02 2.190000e+02
2.157500e+02 2.190000e+02
2.155000e+02 2.190000e+02
2.152500e+02 2.187000e+02
2.150000e+02 2.184000e+02
2.147500e+02 2.184000e+02
2.145000e+02 2.184000e+02
2.142500e+02 2.184000e+02
2.140000e+02 2.184000e+02
2.137500e+02 2.184000e+02
2.135000e+02 2.184000e+02
2.132500e+02 2.184000e+02
2.130000e+02 2.184000e+02
2.130000e+02 2.184000e+02
2.130000e+02 2.184000e+02
2.127500e+02 2.181000e+02
2.125000e+02 2.178000e+02
2.122500e+02 2.178000e+02
2.120000e+02 2.178000e+02
2.117500e+02 2.178000e+02
2.115000e+02 2.178000e+02
2.115000e+02 2.178000e+02
2.115000e+02 2.178000e+02
2.112500e+02 2.178000e+02
2.110000e+02 2.178000e+02
2.107500e+02 2.178000e+02
2.105000e+02 2.178000e+02
2.105000e+02 2.178000e+02
2.105000e+02 2.178000e+02
2.102500e+02 2.178000e+02
2.100000e+02 2.178000e+02
2.100000e+02 2.181000e+02
2.100000e+02 2.184000e+02
2.100000e+02 2.184000e+02
2.100000e+02 2.184000e+02
2.100000e+02 2.184000e+02
2.100000e+02 2.184000e+02
