2.055000e+02 6.660000e+01
2.055000e+02 6.660000e+01
2.055000e+02 6.660000e+01
2.055000e+02 6.720000e+01
2.055000e+02 6.720000e+01
2.055000e+02 6.720000e+01
2.060000e+02 6.720000e+01
2.075000e+02 6.720000e+01
2.125000e+02 6.780000e+01
2.215000e+02 6.840000e+01
2.350000e+02 6.960000e+01
2.565000e+02 7.020000e+01
2.805000e+02 7.140000e+01
3.010000e+02 7.200000e+01
3.215000e+02 7.260000e+01
3.425000e+02 7.320000e+01
3.680000e+02 7.380000e+01
3.735000e+02 7.380000e+01
3.940000e+02 7.380000e+01
4.040000e+02 7.380000e+01
4.125000e+02 7.440000e+01
4.215000e+02 7.440000e+01
4.310000e+02 7.380000e+01
4.395000e+02 7.380000e+01
4.470000e+02 7.380000e+01
4.545000e+02 7.320000e+01
4.605000e+02 7.320000e+01
4.665000e+02 7.260000e+01
4.710000e+02 7.260000e+01
4.750000e+02 7.200000e+01
4.785000e+02 7.140000e+01
4.810000e+02 7.140000e+01
4.825000e+02 7.140000e+01
4.840000e+02 7.080000e+01
4.845000e+02 7.080000e+01
4.855000e+02 7.080000e+01
4.860000e+02 7.080000e+01
4.860000e+02 7.080000e+01
4.865000e+02 7.140000e+01
4.865000e+02 7.140000e+01
4.865000e+02 7.140000e+01
4.870000e+02 7.140000e+01
4.870000e+02 7.140000e+01
4.870000e+02 7.200000e+01
4.870000e+02 7.200000e+01
4.870000e+02 7.200000e+01
4.870000e+02 7.260000e+01
4.870000e+02 7.260000e+01
4.870000e+02 7.380000e+01
4.870000e+02 7.560000e+01
4.870000e+02 7.680000e+01
4.870000e+02 8.220000e+01
4.870000e+02 8.700000e+01
4.865000e+02 9.240000e+01
4.860000e+02 9.960000e+01
4.850000e+02 1.074000e+02
4.840000e+02 1.164000e+02
4.830000e+02 1.254000e+02
4.820000e+02 1.344000e+02
4.810000e+02 1.446000e+02
4.800000e+02 1.548000e+02
4.790000e+02 1.668000e+02
4.770000e+02 1.836000e+02
4.755000e+02 1.956000e+02
4.730000e+02 2.124000e+02
4.700000e+02 2.304000e+02
4.680000e+02 2.418000e+02
4.660000e+02 2.526000e+02
4.645000e+02 2.628000e+02
4.630000e+02 2.730000e+02
4.620000e+02 2.826000e+02
4.610000e+02 2.868000e+02
4.600000e+02 2.946000e+02
4.590000e+02 3.018000e+02
4.580000e+02 3.084000e+02
4.570000e+02 3.144000e+02
4.560000e+02 3.198000e+02
4.545000e+02 3.270000e+02
4.540000e+02 3.300000e+02
4.530000e+02 3.348000e+02
4.530000e+02 3.366000e+02
4.525000e+02 3.384000e+02
4.520000e+02 3.396000e+02
4.520000e+02 3.408000e+02
4.520000e+02 3.408000e+02
4.515000e+02 3.420000e+02
4.515000e+02 3.420000e+02
4.515000e+02 3.426000e+02
4.515000e+02 3.426000e+02
4.515000e+02 3.432000e+02
4.510000e+02 3.432000e+02
4.510000e+02 3.432000e+02
4.510000e+02 3.432000e+02
4.510000e+02 3.432000e+02
4.505000e+02 3.438000e+02
4.500000e+02 3.438000e+02
4.495000e+02 3.438000e+02
4.495000e+02 3.438000e+02
4.490000e+02 3.432000e+02
4.475000e+02 3.432000e+02
4.460000e+02 3.426000e+02
4.445000e+02 3.426000e+02
4.405000e+02 3.420000e+02
4.350000e+02 3.408000e+02
4.280000e+02 3.396000e+02
4.205000e+02 3.384000e+02
4.120000e+02 3.378000e+02
3.985000e+02 3.366000e+02
3.940000e+02 3.366000e+02
3.835000e+02 3.366000e+02
3.730000e+02 3.366000e+02
3.625000e+02 3.366000e+02
3.520000e+02 3.366000e+02
3.415000e+02 3.372000e+02
3.295000e+02 3.372000e+02
3.180000e+02 3.378000e+02
3.065000e+02 3.378000e+02
2.950000e+02 3.384000e+02
2.835000e+02 3.390000e+02
2.710000e+02 3.390000e+02
2.600000e+02 3.396000e+02
2.490000e+02 3.402000e+02
2.380000e+02 3.408000e+02
2.280000e+02 3.414000e+02
2.170000e+02 3.414000e+02
2.030000e+02 3.420000e+02
1.945000e+02 3.426000e+02
1.825000e+02 3.426000e+02
1.750000e+02 3.426000e+02
1.685000e+02 3.432000e+02
1.625000e+02 3.432000e+02
1.575000e+02 3.432000e+02
1.530000e+02 3.438000e+02
1.485000e+02 3.438000e+02
1.455000e+02 3.432000e+02
1.430000e+02 3.432000e+02
1.400000e+02 3.426000e+02
1.380000e+02 3.426000e+02
1.375000e+02 3.426000e+02
1.360000e+02 3.420000e+02
1.345000e+02 3.420000e+02
1.340000e+02 3.420000e+02
1.335000e+02 3.420000e+02
1.325000e+02 3.414000e+02
1.320000e+02 3.414000e+02
1.315000e+02 3.414000e+02
1.310000e+02 3.408000e+02
1.305000e+02 3.402000e+02
1.305000e+02 3.396000e+02
1.300000e+02 3.390000e+02
1.300000e+02 3.372000e+02
1.300000e+02 3.348000e+02
1.310000e+02 3.318000e+02
1.320000e+02 3.276000e+02
1.340000e+02 3.222000e+02
1.360000e+02 3.156000e+02
1.380000e+02 3.084000e+02
1.395000e+02 3.012000e+02
1.420000e+02 2.928000e+02
1.440000e+02 2.838000e+02
1.460000e+02 2.736000e+02
1.480000e+02 2.640000e+02
1.500000e+02 2.538000e+02
1.525000e+02 2.418000e+02
1.545000e+02 2.316000e+02
1.580000e+02 2.160000e+02
1.590000e+02 2.106000e+02
1.610000e+02 2.004000e+02
1.625000e+02 1.944000e+02
1.645000e+02 1.836000e+02
1.685000e+02 1.680000e+02
1.695000e+02 1.632000e+02
1.725000e+02 1.530000e+02
1.750000e+02 1.428000e+02
1.775000e+02 1.332000e+02
1.800000e+02 1.248000e+02
1.835000e+02 1.128000e+02
1.850000e+02 1.080000e+02
1.870000e+02 1.008000e+02
1.890000e+02 9.420000e+01
1.905000e+02 8.760000e+01
1.925000e+02 8.040000e+01
1.935000e+02 7.800000e+01
1.945000e+02 7.440000e+01
1.950000e+02 7.140000e+01
1.955000e+02 6.900000e+01
1.960000e+02 6.780000e+01
1.960000e+02 6.720000e+01
1.960000e+02 6.600000e+01
1.960000e+02 6.540000e+01
1.965000e+02 6.480000e+01
1.965000e+02 6.480000e+01
1.965000e+02 6.480000e+01
1.965000e+02 6.480000e+01
1.965000e+02 6.480000e+01
1.965000e+02 6.480000e+01
1.965000e+02 6.540000e+01
1.960000e+02 6.780000e+01
1.955000e+02 6.960000e+01
1.955000e+02 6.960000e+01
