2.240000e+02 1.674000e+02
2.240000e+02 1.674000e+02
2.240000e+02 1.674000e+02
2.240000e+02 1.674000e+02
2.240000e+02 1.674000e+02
2.240000e+02 1.674000e+02
2.240000e+02 1.674000e+02
2.242500e+02 1.674000e+02
2.245000e+02 1.674000e+02
2.250000e+02 1.671000e+02
2.255000e+02 1.668000e+02
2.270000e+02 1.665000e+02
2.285000e+02 1.662000e+02
2.300000e+02 1.662000e+02
2.315000e+02 1.662000e+02
2.335000e+02 1.659000e+02
2.355000e+02 1.656000e+02
2.382500e+02 1.656000e+02
2.410000e+02 1.656000e+02
2.435000e+02 1.656000e+02
2.460000e+02 1.656000e+02
2.490000e+02 1.653000e+02
2.520000e+02 1.650000e+02
2.552500e+02 1.650000e+02
2.585000e+02 1.650000e+02
2.622500e+02 1.647000e+02
2.660000e+02 1.644000e+02
2.697500e+02 1.638000e+02
2.735000e+02 1.632000e+02
2.775000e+02 1.629000e+02
2.815000e+02 1.626000e+02
2.855000e+02 1.620000e+02
2.895000e+02 1.614000e+02
2.932500e+02 1.608000e+02
2.970000e+02 1.602000e+02
3.012500e+02 1.596000e+02
3.055000e+02 1.590000e+02
3.097500e+02 1.584000e+02
3.140000e+02 1.578000e+02
3.200000e+02 1.572000e+02
3.260000e+02 1.566000e+02
3.300000e+02 1.563000e+02
3.340000e+02 1.560000e+02
3.385000e+02 1.557000e+02
3.430000e+02 1.554000e+02
3.472500e+02 1.551000e+02
3.515000e+02 1.548000e+02
3.550000e+02 1.545000e+02
3.585000e+02 1.542000e+02
3.620000e+02 1.542000e+02
3.655000e+02 1.542000e+02
3.685000e+02 1.539000e+02
3.715000e+02 1.536000e+02
3.745000e+02 1.536000e+02
3.775000e+02 1.536000e+02
3.797500e+02 1.536000e+02
3.820000e+02 1.536000e+02
3.840000e+02 1.533000e+02
3.860000e+02 1.530000e+02
3.880000e+02 1.530000e+02
3.900000e+02 1.530000e+02
3.915000e+02 1.530000e+02
3.930000e+02 1.530000e+02
3.942500e+02 1.530000e+02
3.955000e+02 1.530000e+02
3.962500e+02 1.530000e+02
3.970000e+02 1.530000e+02
3.977500e+02 1.530000e+02
3.985000e+02 1.530000e+02
3.995000e+02 1.530000e+02
4.005000e+02 1.530000e+02
4.007500e+02 1.530000e+02
4.010000e+02 1.530000e+02
4.012500e+02 1.530000e+02
4.015000e+02 1.530000e+02
4.017500e+02 1.530000e+02
4.020000e+02 1.530000e+02
4.020000e+02 1.530000e+02
4.020000e+02 1.530000e+02
4.022500e+02 1.530000e+02
4.025000e+02 1.530000e+02
4.025000e+02 1.533000e+02
4.025000e+02 1.536000e+02
4.025000e+02 1.536000e+02
4.025000e+02 1.536000e+02
4.025000e+02 1.536000e+02
4.025000e+02 1.536000e+02
4.027500e+02 1.536000e+02
4.030000e+02 1.536000e+02
4.030000e+02 1.536000e+02
4.030000e+02 1.536000e+02
4.030000e+02 1.536000e+02
4.030000e+02 1.542000e+02
4.030000e+02 1.542000e+02
4.025000e+02 1.548000e+02
4.025000e+02 1.566000e+02
4.020000e+02 1.602000e+02
4.005000e+02 1.704000e+02
3.990000e+02 1.788000e+02
3.970000e+02 1.890000e+02
3.950000e+02 1.992000e+02
3.925000e+02 2.100000e+02
3.905000e+02 2.202000e+02
3.885000e+02 2.304000e+02
3.875000e+02 2.358000e+02
3.855000e+02 2.448000e+02
3.835000e+02 2.550000e+02
3.815000e+02 2.670000e+02
3.800000e+02 2.772000e+02
3.790000e+02 2.862000e+02
3.780000e+02 3.006000e+02
3.780000e+02 3.042000e+02
3.775000e+02 3.162000e+02
3.775000e+02 3.186000e+02
3.775000e+02 3.246000e+02
3.780000e+02 3.294000e+02
3.780000e+02 3.324000e+02
3.785000e+02 3.348000e+02
3.785000e+02 3.366000e+02
3.790000e+02 3.384000e+02
3.790000e+02 3.396000e+02
3.790000e+02 3.402000e+02
3.790000e+02 3.408000e+02
3.790000e+02 3.414000e+02
3.790000e+02 3.414000e+02
3.790000e+02 3.420000e+02
3.790000e+02 3.420000e+02
3.790000e+02 3.420000e+02
3.790000e+02 3.420000e+02
3.785000e+02 3.414000e+02
3.780000e+02 3.414000e+02
3.780000e+02 3.414000e+02
3.770000e+02 3.414000e+02
3.745000e+02 3.414000e+02
3.715000e+02 3.414000e+02
3.660000e+02 3.414000e+02
3.545000e+02 3.414000e+02
3.415000e+02 3.420000e+02
3.320000e+02 3.426000e+02
3.220000e+02 3.432000e+02
3.105000e+02 3.438000e+02
2.995000e+02 3.456000e+02
2.875000e+02 3.480000e+02
2.750000e+02 3.498000e+02
2.635000e+02 3.522000e+02
2.510000e+02 3.546000e+02
2.415000e+02 3.576000e+02
2.330000e+02 3.600000e+02
2.220000e+02 3.636000e+02
2.195000e+02 3.642000e+02
2.120000e+02 3.660000e+02
2.085000e+02 3.666000e+02
2.060000e+02 3.672000e+02
2.045000e+02 3.672000e+02
2.035000e+02 3.678000e+02
2.025000e+02 3.678000e+02
2.020000e+02 3.678000e+02
2.015000e+02 3.678000e+02
2.015000e+02 3.678000e+02
2.010000e+02 3.672000e+02
2.010000e+02 3.672000e+02
2.010000e+02 3.672000e+02
2.010000e+02 3.666000e+02
2.015000e+02 3.666000e+02
2.015000e+02 3.666000e+02
2.015000e+02 3.660000e+02
2.015000e+02 3.660000e+02
2.020000e+02 3.654000e+02
2.020000e+02 3.654000e+02
2.020000e+02 3.642000e+02
2.020000e+02 3.630000e+02
2.025000e+02 3.606000e+02
2.025000e+02 3.570000e+02
2.025000e+02 3.516000e+02
2.025000e+02 3.456000e+02
2.025000e+02 3.378000e+02
2.025000e+02 3.306000e+02
2.035000e+02 3.156000e+02
2.050000e+02 2.982000e+02
2.070000e+02 2.820000e+02
2.085000e+02 2.694000e+02
2.095000e+02 2.574000e+02
2.100000e+02 2.460000e+02
2.110000e+02 2.364000e+02
2.110000e+02 2.262000e+02
2.115000e+02 2.178000e+02
2.115000e+02 2.094000e+02
2.120000e+02 2.028000e+02
2.120000e+02 1.962000e+02
2.125000e+02 1.920000e+02
2.125000e+02 1.896000e+02
2.125000e+02 1.872000e+02
2.125000e+02 1.854000e+02
2.125000e+02 1.842000e+02
2.125000e+02 1.836000e+02
2.125000e+02 1.830000e+02
2.125000e+02 1.824000e+02
2.125000e+02 1.824000e+02
2.125000e+02 1.824000e+02
2.125000e+02 1.824000e+02
