7.150000e+01 1.974000e+02
7.150000e+01 1.974000e+02
7.150000e+01 1.974000e+02
7.150000e+01 1.974000e+02
7.150000e+01 1.974000e+02
7.175000e+01 1.974000e+02
7.200000e+01 1.974000e+02
7.225000e+01 1.977000e+02
7.250000e+01 1.980000e+02
7.250000e+01 1.980000e+02
7.250000e+01 1.980000e+02
7.275000e+01 1.980000e+02
7.300000e+01 1.980000e+02
7.325000e+01 1.980000e+02
7.350000e+01 1.980000e+02
7.375000e+01 1.983000e+02
7.400000e+01 1.986000e+02
7.450000e+01 1.986000e+02
7.500000e+01 1.986000e+02
7.575000e+01 1.983000e+02
7.650000e+01 1.980000e+02
7.775000e+01 1.980000e+02
7.900000e+01 1.980000e+02
8.050000e+01 1.977000e+02
8.200000e+01 1.974000e+02
8.350000e+01 1.971000e+02
8.500000e+01 1.968000e+02
8.675000e+01 1.965000e+02
8.850000e+01 1.962000e+02
9.050000e+01 1.956000e+02
9.250000e+01 1.950000e+02
9.550000e+01 1.944000e+02
9.850000e+01 1.938000e+02
1.002500e+02 1.935000e+02
1.020000e+02 1.932000e+02
1.030000e+02 1.929000e+02
1.040000e+02 1.926000e+02
1.060000e+02 1.923000e+02
1.080000e+02 1.920000e+02
1.100000e+02 1.917000e+02
1.120000e+02 1.914000e+02
1.142500e+02 1.911000e+02
1.165000e+02 1.908000e+02
1.187500e+02 1.905000e+02
1.210000e+02 1.902000e+02
1.235000e+02 1.899000e+02
1.260000e+02 1.896000e+02
1.287500e+02 1.893000e+02
1.315000e+02 1.890000e+02
1.340000e+02 1.887000e+02
1.365000e+02 1.884000e+02
1.395000e+02 1.881000e+02
1.425000e+02 1.878000e+02
1.450000e+02 1.878000e+02
1.475000e+02 1.878000e+02
1.502500e+02 1.875000e+02
1.530000e+02 1.872000e+02
1.555000e+02 1.869000e+02
1.580000e+02 1.866000e+02
1.605000e+02 1.863000e+02
1.630000e+02 1.860000e+02
1.655000e+02 1.860000e+02
1.680000e+02 1.860000e+02
1.707500e+02 1.857000e+02
1.735000e+02 1.854000e+02
1.777500e+02 1.854000e+02
1.820000e+02 1.854000e+02
1.847500e+02 1.851000e+02
1.875000e+02 1.848000e+02
1.890000e+02 1.845000e+02
1.905000e+02 1.842000e+02
1.945000e+02 1.842000e+02
1.985000e+02 1.842000e+02
2.012500e+02 1.836000e+02
2.040000e+02 1.830000e+02
2.065000e+02 1.830000e+02
2.090000e+02 1.830000e+02
2.117500e+02 1.827000e+02
2.145000e+02 1.824000e+02
2.170000e+02 1.824000e+02
2.195000e+02 1.824000e+02
2.220000e+02 1.821000e+02
2.245000e+02 1.818000e+02
2.275000e+02 1.818000e+02
2.305000e+02 1.818000e+02
2.330000e+02 1.815000e+02
2.355000e+02 1.812000e+02
2.385000e+02 1.809000e+02
2.415000e+02 1.806000e+02
2.457500e+02 1.803000e+02
2.500000e+02 1.800000e+02
2.515000e+02 1.800000e+02
2.530000e+02 1.800000e+02
2.560000e+02 1.797000e+02
2.590000e+02 1.794000e+02
2.635000e+02 1.791000e+02
2.680000e+02 1.788000e+02
2.695000e+02 1.785000e+02
2.710000e+02 1.782000e+02
2.737500e+02 1.779000e+02
2.765000e+02 1.776000e+02
2.795000e+02 1.776000e+02
2.825000e+02 1.776000e+02
2.860000e+02 1.773000e+02
2.895000e+02 1.770000e+02
2.927500e+02 1.767000e+02
2.960000e+02 1.764000e+02
2.997500e+02 1.761000e+02
3.035000e+02 1.758000e+02
3.067500e+02 1.755000e+02
3.100000e+02 1.752000e+02
3.140000e+02 1.746000e+02
3.180000e+02 1.740000e+02
3.217500e+02 1.737000e+02
3.255000e+02 1.734000e+02
3.307500e+02 1.731000e+02
3.360000e+02 1.728000e+02
3.397500e+02 1.725000e+02
3.435000e+02 1.722000e+02
3.470000e+02 1.719000e+02
3.505000e+02 1.716000e+02
3.540000e+02 1.713000e+02
3.575000e+02 1.710000e+02
3.630000e+02 1.704000e+02
3.685000e+02 1.698000e+02
3.720000e+02 1.695000e+02
3.755000e+02 1.692000e+02
3.807500e+02 1.686000e+02
3.860000e+02 1.680000e+02
3.877500e+02 1.677000e+02
3.895000e+02 1.674000e+02
3.945000e+02 1.671000e+02
3.995000e+02 1.668000e+02
4.012500e+02 1.668000e+02
4.030000e+02 1.668000e+02
4.077500e+02 1.662000e+02
4.125000e+02 1.656000e+02
4.142500e+02 1.656000e+02
4.160000e+02 1.656000e+02
4.190000e+02 1.656000e+02
4.220000e+02 1.656000e+02
4.252500e+02 1.653000e+02
4.285000e+02 1.650000e+02
4.312500e+02 1.647000e+02
4.340000e+02 1.644000e+02
4.372500e+02 1.644000e+02
4.405000e+02 1.644000e+02
4.447500e+02 1.641000e+02
4.490000e+02 1.638000e+02
4.507500e+02 1.638000e+02
4.525000e+02 1.638000e+02
4.580000e+02 1.635000e+02
4.635000e+02 1.632000e+02
4.662500e+02 1.632000e+02
4.690000e+02 1.632000e+02
4.712500e+02 1.632000e+02
4.735000e+02 1.632000e+02
4.760000e+02 1.632000e+02
4.785000e+02 1.632000e+02
4.810000e+02 1.632000e+02
4.835000e+02 1.632000e+02
4.872500e+02 1.629000e+02
4.910000e+02 1.626000e+02
4.930000e+02 1.626000e+02
4.950000e+02 1.626000e+02
4.972500e+02 1.626000e+02
4.995000e+02 1.626000e+02
5.015000e+02 1.626000e+02
5.035000e+02 1.626000e+02
5.055000e+02 1.629000e+02
5.075000e+02 1.632000e+02
5.092500e+02 1.632000e+02
5.110000e+02 1.632000e+02
5.145000e+02 1.632000e+02
5.180000e+02 1.632000e+02
5.215000e+02 1.632000e+02
5.255000e+02 1.626000e+02
5.290000e+02 1.626000e+02
5.335000e+02 1.626000e+02
5.345000e+02 1.626000e+02
5.375000e+02 1.626000e+02
5.400000e+02 1.620000e+02
5.415000e+02 1.620000e+02
5.425000e+02 1.620000e+02
5.435000e+02 1.620000e+02
5.445000e+02 1.620000e+02
5.455000e+02 1.620000e+02
5.460000e+02 1.620000e+02
5.465000e+02 1.620000e+02
5.475000e+02 1.620000e+02
5.475000e+02 1.626000e+02
5.480000e+02 1.626000e+02
5.485000e+02 1.626000e+02
5.485000e+02 1.626000e+02
5.490000e+02 1.626000e+02
5.495000e+02 1.626000e+02
5.495000e+02 1.626000e+02
5.505000e+02 1.626000e+02
5.510000e+02 1.626000e+02
5.510000e+02 1.626000e+02
