2.595000e+02 2.022000e+02
2.595000e+02 2.022000e+02
2.595000e+02 2.022000e+02
2.595000e+02 2.022000e+02
2.595000e+02 2.022000e+02
2.595000e+02 2.022000e+02
2.595000e+02 2.022000e+02
2.595000e+02 2.022000e+02
2.595000e+02 2.022000e+02
2.595000e+02 2.022000e+02
2.595000e+02 2.022000e+02
2.595000e+02 2.022000e+02
2.595000e+02 2.022000e+02
2.595000e+02 2.022000e+02
2.595000e+02 2.022000e+02
2.595000e+02 2.025000e+02
2.595000e+02 2.028000e+02
2.600000e+02 2.031000e+02
2.605000e+02 2.034000e+02
2.610000e+02 2.043000e+02
2.615000e+02 2.052000e+02
2.625000e+02 2.064000e+02
2.635000e+02 2.076000e+02
2.647500e+02 2.091000e+02
2.660000e+02 2.106000e+02
2.675000e+02 2.124000e+02
2.690000e+02 2.142000e+02
2.707500e+02 2.166000e+02
2.725000e+02 2.190000e+02
2.740000e+02 2.211000e+02
2.755000e+02 2.232000e+02
2.772500e+02 2.253000e+02
2.790000e+02 2.274000e+02
2.810000e+02 2.301000e+02
2.830000e+02 2.328000e+02
2.850000e+02 2.358000e+02
2.870000e+02 2.388000e+02
2.892500e+02 2.418000e+02
2.915000e+02 2.448000e+02
2.937500e+02 2.478000e+02
2.960000e+02 2.508000e+02
2.980000e+02 2.538000e+02
3.000000e+02 2.568000e+02
3.020000e+02 2.598000e+02
3.040000e+02 2.628000e+02
3.062500e+02 2.664000e+02
3.085000e+02 2.700000e+02
3.112500e+02 2.748000e+02
3.140000e+02 2.796000e+02
3.157500e+02 2.829000e+02
3.175000e+02 2.862000e+02
3.182500e+02 2.874000e+02
3.190000e+02 2.886000e+02
3.205000e+02 2.916000e+02
3.220000e+02 2.946000e+02
3.237500e+02 2.976000e+02
3.255000e+02 3.006000e+02
3.277500e+02 3.048000e+02
3.300000e+02 3.090000e+02
3.315000e+02 3.117000e+02
3.330000e+02 3.144000e+02
3.342500e+02 3.165000e+02
3.355000e+02 3.186000e+02
3.365000e+02 3.207000e+02
3.375000e+02 3.228000e+02
3.387500e+02 3.252000e+02
3.400000e+02 3.276000e+02
3.410000e+02 3.291000e+02
3.420000e+02 3.306000e+02
3.427500e+02 3.321000e+02
3.435000e+02 3.336000e+02
3.442500e+02 3.348000e+02
3.450000e+02 3.360000e+02
3.457500e+02 3.369000e+02
3.465000e+02 3.378000e+02
3.470000e+02 3.387000e+02
3.475000e+02 3.396000e+02
3.477500e+02 3.402000e+02
3.480000e+02 3.408000e+02
3.482500e+02 3.411000e+02
3.485000e+02 3.414000e+02
3.487500e+02 3.417000e+02
3.490000e+02 3.420000e+02
3.490000e+02 3.423000e+02
3.490000e+02 3.426000e+02
3.490000e+02 3.426000e+02
3.490000e+02 3.426000e+02
3.492500e+02 3.426000e+02
3.495000e+02 3.426000e+02
3.495000e+02 3.429000e+02
3.495000e+02 3.432000e+02
3.495000e+02 3.432000e+02
3.495000e+02 3.432000e+02
3.495000e+02 3.432000e+02
3.495000e+02 3.432000e+02
3.497500e+02 3.429000e+02
3.500000e+02 3.426000e+02
3.500000e+02 3.426000e+02
3.500000e+02 3.426000e+02
3.500000e+02 3.423000e+02
3.500000e+02 3.420000e+02
3.500000e+02 3.417000e+02
3.500000e+02 3.414000e+02
3.502500e+02 3.408000e+02
3.505000e+02 3.402000e+02
3.507500e+02 3.390000e+02
3.510000e+02 3.378000e+02
3.517500e+02 3.363000e+02
3.525000e+02 3.348000e+02
3.532500e+02 3.324000e+02
3.540000e+02 3.300000e+02
3.552500e+02 3.279000e+02
3.565000e+02 3.258000e+02
3.577500e+02 3.228000e+02
3.590000e+02 3.198000e+02
3.602500e+02 3.171000e+02
3.615000e+02 3.144000e+02
3.627500e+02 3.117000e+02
3.640000e+02 3.090000e+02
3.652500e+02 3.057000e+02
3.665000e+02 3.024000e+02
3.680000e+02 2.991000e+02
3.695000e+02 2.958000e+02
3.710000e+02 2.922000e+02
3.725000e+02 2.886000e+02
3.747500e+02 2.835000e+02
3.770000e+02 2.784000e+02
3.787500e+02 2.748000e+02
3.805000e+02 2.712000e+02
3.822500e+02 2.676000e+02
3.840000e+02 2.640000e+02
3.860000e+02 2.601000e+02
3.880000e+02 2.562000e+02
3.900000e+02 2.523000e+02
3.920000e+02 2.484000e+02
3.940000e+02 2.448000e+02
3.960000e+02 2.412000e+02
3.980000e+02 2.376000e+02
4.000000e+02 2.340000e+02
4.022500e+02 2.301000e+02
4.045000e+02 2.262000e+02
4.067500e+02 2.223000e+02
4.090000e+02 2.184000e+02
4.112500e+02 2.148000e+02
4.135000e+02 2.112000e+02
4.165000e+02 2.061000e+02
4.195000e+02 2.010000e+02
4.215000e+02 1.980000e+02
4.235000e+02 1.950000e+02
4.242500e+02 1.935000e+02
4.250000e+02 1.920000e+02
4.267500e+02 1.890000e+02
4.285000e+02 1.860000e+02
4.300000e+02 1.833000e+02
4.315000e+02 1.806000e+02
4.337500e+02 1.770000e+02
4.360000e+02 1.734000e+02
4.372500e+02 1.710000e+02
4.385000e+02 1.686000e+02
4.397500e+02 1.665000e+02
4.410000e+02 1.644000e+02
4.422500e+02 1.623000e+02
4.435000e+02 1.602000e+02
4.447500e+02 1.584000e+02
4.460000e+02 1.566000e+02
4.470000e+02 1.548000e+02
4.480000e+02 1.530000e+02
4.492500e+02 1.506000e+02
4.505000e+02 1.482000e+02
4.520000e+02 1.458000e+02
4.535000e+02 1.434000e+02
4.542500e+02 1.419000e+02
4.550000e+02 1.404000e+02
4.557500e+02 1.392000e+02
4.565000e+02 1.380000e+02
4.575000e+02 1.356000e+02
4.585000e+02 1.338000e+02
4.595000e+02 1.320000e+02
4.605000e+02 1.302000e+02
4.610000e+02 1.290000e+02
4.615000e+02 1.284000e+02
4.620000e+02 1.272000e+02
4.625000e+02 1.266000e+02
4.630000e+02 1.260000e+02
4.630000e+02 1.254000e+02
4.635000e+02 1.248000e+02
4.635000e+02 1.248000e+02
4.635000e+02 1.242000e+02
4.640000e+02 1.242000e+02
4.640000e+02 1.242000e+02
4.640000e+02 1.236000e+02
4.640000e+02 1.236000e+02
4.640000e+02 1.236000e+02
4.640000e+02 1.236000e+02
4.640000e+02 1.236000e+02
4.640000e+02 1.236000e+02
4.640000e+02 1.236000e+02
4.640000e+02 1.242000e+02
4.645000e+02 1.248000e+02
4.645000e+02 1.248000e+02
