4.295000e+02 2.178000e+02
4.295000e+02 2.178000e+02
4.295000e+02 2.178000e+02
4.295000e+02 2.178000e+02
4.295000e+02 2.178000e+02
4.295000e+02 2.176500e+02
4.295000e+02 2.175000e+02
4.295000e+02 2.173500e+02
4.295000e+02 2.172000e+02
4.293750e+02 2.172000e+02
4.292500e+02 2.172000e+02
4.291250e+02 2.172000e+02
4.290000e+02 2.172000e+02
4.290000e+02 2.172000e+02
4.290000e+02 2.172000e+02
4.290000e+02 2.172000e+02
4.290000e+02 2.172000e+02
4.288750e+02 2.170500e+02
4.287500e+02 2.169000e+02
4.286250e+02 2.167500e+02
4.285000e+02 2.166000e+02
4.285000e+02 2.166000e+02
4.285000e+02 2.166000e+02
4.285000e+02 2.166000e+02
4.285000e+02 2.166000e+02
4.283750e+02 2.164500e+02
4.282500e+02 2.163000e+02
4.281250e+02 2.161500e+02
4.280000e+02 2.160000e+02
4.277500e+02 2.160000e+02
4.275000e+02 2.160000e+02
4.272500e+02 2.160000e+02
4.270000e+02 2.160000e+02
4.267500e+02 2.160000e+02
4.265000e+02 2.160000e+02
4.262500e+02 2.160000e+02
4.260000e+02 2.160000e+02
4.255000e+02 2.158500e+02
4.250000e+02 2.157000e+02
4.245000e+02 2.155500e+02
4.240000e+02 2.154000e+02
4.232500e+02 2.154000e+02
4.225000e+02 2.154000e+02
4.217500e+02 2.154000e+02
4.210000e+02 2.154000e+02
4.203750e+02 2.154000e+02
4.197500e+02 2.154000e+02
4.191250e+02 2.154000e+02
4.185000e+02 2.154000e+02
4.176250e+02 2.154000e+02
4.167500e+02 2.154000e+02
4.158750e+02 2.154000e+02
4.150000e+02 2.154000e+02
4.140000e+02 2.155500e+02
4.130000e+02 2.157000e+02
4.120000e+02 2.158500e+02
4.110000e+02 2.160000e+02
4.098750e+02 2.160000e+02
4.087500e+02 2.160000e+02
4.076250e+02 2.160000e+02
4.065000e+02 2.160000e+02
4.046250e+02 2.160000e+02
4.027500e+02 2.160000e+02
4.008750e+02 2.160000e+02
3.990000e+02 2.160000e+02
3.970000e+02 2.160000e+02
3.950000e+02 2.160000e+02
3.930000e+02 2.160000e+02
3.910000e+02 2.160000e+02
3.895000e+02 2.161500e+02
3.880000e+02 2.163000e+02
3.865000e+02 2.164500e+02
3.850000e+02 2.166000e+02
3.836250e+02 2.167500e+02
3.822500e+02 2.169000e+02
3.808750e+02 2.170500e+02
3.795000e+02 2.172000e+02
3.780000e+02 2.172000e+02
3.765000e+02 2.172000e+02
3.750000e+02 2.172000e+02
3.735000e+02 2.172000e+02
3.712500e+02 2.172000e+02
3.690000e+02 2.172000e+02
3.667500e+02 2.172000e+02
3.645000e+02 2.172000e+02
3.637500e+02 2.172000e+02
3.630000e+02 2.172000e+02
3.622500e+02 2.172000e+02
3.615000e+02 2.172000e+02
3.598750e+02 2.172000e+02
3.582500e+02 2.172000e+02
3.566250e+02 2.172000e+02
3.550000e+02 2.172000e+02
3.533750e+02 2.172000e+02
3.517500e+02 2.172000e+02
3.501250e+02 2.172000e+02
3.485000e+02 2.172000e+02
3.470000e+02 2.173500e+02
3.455000e+02 2.175000e+02
3.440000e+02 2.176500e+02
3.425000e+02 2.178000e+02
3.408750e+02 2.178000e+02
3.392500e+02 2.178000e+02
3.376250e+02 2.178000e+02
3.360000e+02 2.178000e+02
3.343750e+02 2.178000e+02
3.327500e+02 2.178000e+02
3.311250e+02 2.178000e+02
3.295000e+02 2.178000e+02
3.278750e+02 2.178000e+02
3.262500e+02 2.178000e+02
3.246250e+02 2.178000e+02
3.230000e+02 2.178000e+02
3.216250e+02 2.179500e+02
3.202500e+02 2.181000e+02
3.188750e+02 2.182500e+02
3.175000e+02 2.184000e+02
3.160000e+02 2.184000e+02
3.145000e+02 2.184000e+02
3.130000e+02 2.184000e+02
3.115000e+02 2.184000e+02
3.102500e+02 2.185500e+02
3.090000e+02 2.187000e+02
3.065000e+02 2.190000e+02
3.037500e+02 2.187000e+02
3.010000e+02 2.184000e+02
2.972500e+02 2.187000e+02
2.935000e+02 2.190000e+02
2.910000e+02 2.190000e+02
2.885000e+02 2.190000e+02
2.862500e+02 2.190000e+02
2.840000e+02 2.190000e+02
2.817500e+02 2.187000e+02
2.795000e+02 2.184000e+02
2.770000e+02 2.184000e+02
2.745000e+02 2.184000e+02
2.732500e+02 2.184000e+02
2.720000e+02 2.184000e+02
2.690000e+02 2.187000e+02
2.660000e+02 2.190000e+02
2.637500e+02 2.190000e+02
2.615000e+02 2.190000e+02
2.595000e+02 2.190000e+02
2.575000e+02 2.190000e+02
2.557500e+02 2.190000e+02
2.540000e+02 2.190000e+02
2.520000e+02 2.193000e+02
2.500000e+02 2.196000e+02
2.482500e+02 2.196000e+02
2.465000e+02 2.196000e+02
2.447500e+02 2.199000e+02
2.430000e+02 2.202000e+02
2.415000e+02 2.205000e+02
2.400000e+02 2.208000e+02
2.392500e+02 2.208000e+02
2.385000e+02 2.208000e+02
2.365000e+02 2.211000e+02
2.345000e+02 2.214000e+02
2.332500e+02 2.214000e+02
2.320000e+02 2.214000e+02
2.312500e+02 2.217000e+02
2.305000e+02 2.220000e+02
2.297500e+02 2.220000e+02
2.290000e+02 2.220000e+02
2.282500e+02 2.220000e+02
2.275000e+02 2.220000e+02
2.270000e+02 2.220000e+02
2.265000e+02 2.220000e+02
2.257500e+02 2.220000e+02
2.250000e+02 2.220000e+02
2.245000e+02 2.220000e+02
2.240000e+02 2.220000e+02
2.240000e+02 2.220000e+02
2.240000e+02 2.220000e+02
2.235000e+02 2.220000e+02
2.230000e+02 2.220000e+02
2.227500e+02 2.220000e+02
2.225000e+02 2.220000e+02
2.225000e+02 2.220000e+02
2.225000e+02 2.220000e+02
2.222500e+02 2.220000e+02
2.220000e+02 2.220000e+02
2.220000e+02 2.220000e+02
2.220000e+02 2.220000e+02
2.217500e+02 2.220000e+02
2.215000e+02 2.220000e+02
2.215000e+02 2.220000e+02
2.215000e+02 2.220000e+02
2.215000e+02 2.220000e+02
2.215000e+02 2.220000e+02
2.215000e+02 2.223000e+02
2.215000e+02 2.226000e+02
2.215000e+02 2.226000e+02
2.215000e+02 2.226000e+02
2.215000e+02 2.226000e+02
2.215000e+02 2.226000e+02
2.215000e+02 2.226000e+02
2.215000e+02 2.226000e+02
2.215000e+02 2.226000e+02
2.215000e+02 2.226000e+02
