9.250000e+01 1.392000e+02
9.250000e+01 1.392000e+02
9.250000e+01 1.392000e+02
9.250000e+01 1.386000e+02
9.300000e+01 1.386000e+02
9.350000e+01 1.386000e+02
9.400000e+01 1.386000e+02
9.600000e+01 1.386000e+02
1.010000e+02 1.392000e+02
1.080000e+02 1.404000e+02
1.175000e+02 1.410000e+02
1.290000e+02 1.416000e+02
1.490000e+02 1.422000e+02
1.655000e+02 1.416000e+02
1.860000e+02 1.410000e+02
1.975000e+02 1.410000e+02
2.120000e+02 1.404000e+02
2.260000e+02 1.398000e+02
2.410000e+02 1.398000e+02
2.490000e+02 1.404000e+02
2.610000e+02 1.404000e+02
2.685000e+02 1.410000e+02
2.735000e+02 1.416000e+02
2.765000e+02 1.422000e+02
2.785000e+02 1.428000e+02
2.790000e+02 1.428000e+02
2.795000e+02 1.434000e+02
2.795000e+02 1.446000e+02
2.795000e+02 1.458000e+02
2.790000e+02 1.482000e+02
2.785000e+02 1.518000e+02
2.785000e+02 1.608000e+02
2.785000e+02 1.668000e+02
2.790000e+02 1.788000e+02
2.790000e+02 1.902000e+02
2.790000e+02 2.022000e+02
2.795000e+02 2.124000e+02
2.795000e+02 2.238000e+02
2.790000e+02 2.352000e+02
2.790000e+02 2.454000e+02
2.790000e+02 2.520000e+02
2.790000e+02 2.604000e+02
2.790000e+02 2.676000e+02
2.790000e+02 2.718000e+02
2.790000e+02 2.754000e+02
2.790000e+02 2.778000e+02
2.785000e+02 2.784000e+02
2.785000e+02 2.796000e+02
2.785000e+02 2.796000e+02
2.785000e+02 2.802000e+02
2.780000e+02 2.802000e+02
2.780000e+02 2.802000e+02
2.780000e+02 2.802000e+02
2.775000e+02 2.802000e+02
2.775000e+02 2.802000e+02
2.770000e+02 2.802000e+02
2.770000e+02 2.802000e+02
2.765000e+02 2.802000e+02
2.765000e+02 2.796000e+02
2.765000e+02 2.796000e+02
2.760000e+02 2.796000e+02
2.760000e+02 2.790000e+02
2.755000e+02 2.790000e+02
2.750000e+02 2.790000e+02
2.745000e+02 2.784000e+02
2.740000e+02 2.784000e+02
2.735000e+02 2.784000e+02
2.730000e+02 2.784000e+02
2.720000e+02 2.778000e+02
2.710000e+02 2.778000e+02
2.700000e+02 2.778000e+02
2.690000e+02 2.772000e+02
2.680000e+02 2.772000e+02
2.670000e+02 2.772000e+02
2.660000e+02 2.766000e+02
2.640000e+02 2.766000e+02
2.620000e+02 2.766000e+02
2.590000e+02 2.760000e+02
2.570000e+02 2.760000e+02
2.535000e+02 2.760000e+02
2.510000e+02 2.760000e+02
2.475000e+02 2.760000e+02
2.445000e+02 2.760000e+02
2.415000e+02 2.754000e+02
2.385000e+02 2.754000e+02
2.350000e+02 2.754000e+02
2.315000e+02 2.754000e+02
2.280000e+02 2.754000e+02
2.215000e+02 2.754000e+02
2.170000e+02 2.754000e+02
2.095000e+02 2.754000e+02
2.050000e+02 2.754000e+02
1.990000e+02 2.754000e+02
1.895000e+02 2.760000e+02
1.860000e+02 2.760000e+02
1.765000e+02 2.766000e+02
1.685000e+02 2.778000e+02
1.630000e+02 2.778000e+02
1.585000e+02 2.784000e+02
1.535000e+02 2.790000e+02
1.485000e+02 2.796000e+02
1.435000e+02 2.802000e+02
1.385000e+02 2.808000e+02
1.345000e+02 2.808000e+02
1.310000e+02 2.814000e+02
1.280000e+02 2.820000e+02
1.250000e+02 2.826000e+02
1.225000e+02 2.826000e+02
1.200000e+02 2.832000e+02
1.180000e+02 2.832000e+02
1.165000e+02 2.832000e+02
1.140000e+02 2.838000e+02
1.110000e+02 2.844000e+02
1.095000e+02 2.844000e+02
1.080000e+02 2.844000e+02
1.070000e+02 2.844000e+02
1.050000e+02 2.844000e+02
1.045000e+02 2.844000e+02
1.030000e+02 2.844000e+02
1.015000e+02 2.844000e+02
1.005000e+02 2.850000e+02
9.850000e+01 2.850000e+02
9.750000e+01 2.850000e+02
9.600000e+01 2.850000e+02
9.450000e+01 2.856000e+02
9.350000e+01 2.856000e+02
9.200000e+01 2.862000e+02
9.100000e+01 2.862000e+02
8.950000e+01 2.868000e+02
8.800000e+01 2.868000e+02
8.500000e+01 2.868000e+02
8.350000e+01 2.874000e+02
8.150000e+01 2.874000e+02
8.000000e+01 2.874000e+02
7.850000e+01 2.874000e+02
7.700000e+01 2.874000e+02
7.550000e+01 2.874000e+02
7.400000e+01 2.874000e+02
7.250000e+01 2.874000e+02
7.100000e+01 2.874000e+02
7.000000e+01 2.874000e+02
6.900000e+01 2.874000e+02
6.750000e+01 2.874000e+02
6.650000e+01 2.874000e+02
6.550000e+01 2.880000e+02
6.450000e+01 2.880000e+02
6.400000e+01 2.880000e+02
6.300000e+01 2.880000e+02
6.200000e+01 2.880000e+02
6.150000e+01 2.880000e+02
6.050000e+01 2.880000e+02
6.000000e+01 2.880000e+02
5.900000e+01 2.880000e+02
5.850000e+01 2.880000e+02
5.850000e+01 2.880000e+02
5.800000e+01 2.880000e+02
5.700000e+01 2.880000e+02
5.650000e+01 2.880000e+02
5.600000e+01 2.874000e+02
5.600000e+01 2.874000e+02
5.550000e+01 2.874000e+02
5.500000e+01 2.868000e+02
5.450000e+01 2.868000e+02
5.400000e+01 2.868000e+02
5.350000e+01 2.862000e+02
5.350000e+01 2.856000e+02
5.300000e+01 2.850000e+02
5.250000e+01 2.844000e+02
5.250000e+01 2.838000e+02
5.200000e+01 2.832000e+02
5.200000e+01 2.820000e+02
5.200000e+01 2.808000e+02
5.200000e+01 2.790000e+02
5.200000e+01 2.778000e+02
5.300000e+01 2.724000e+02
5.450000e+01 2.676000e+02
5.600000e+01 2.616000e+02
5.750000e+01 2.556000e+02
5.900000e+01 2.496000e+02
6.050000e+01 2.418000e+02
6.250000e+01 2.316000e+02
6.300000e+01 2.274000e+02
6.600000e+01 2.112000e+02
6.750000e+01 2.022000e+02
7.050000e+01 1.902000e+02
7.150000e+01 1.866000e+02
7.350000e+01 1.788000e+02
7.500000e+01 1.728000e+02
7.700000e+01 1.644000e+02
7.950000e+01 1.578000e+02
8.150000e+01 1.518000e+02
8.300000e+01 1.470000e+02
8.400000e+01 1.440000e+02
8.500000e+01 1.416000e+02
8.550000e+01 1.398000e+02
8.600000e+01 1.392000e+02
8.650000e+01 1.392000e+02
8.700000e+01 1.392000e+02
8.750000e+01 1.398000e+02
8.750000e+01 1.398000e+02
