1.790000e+02 1.764000e+02
1.790000e+02 1.762500e+02
1.790000e+02 1.761000e+02
1.790000e+02 1.759500e+02
1.790000e+02 1.758000e+02
1.790000e+02 1.758000e+02
1.790000e+02 1.758000e+02
1.790000e+02 1.758000e+02
1.790000e+02 1.758000e+02
1.790000e+02 1.756500e+02
1.790000e+02 1.755000e+02
1.790000e+02 1.753500e+02
1.790000e+02 1.752000e+02
1.791250e+02 1.752000e+02
1.792500e+02 1.752000e+02
1.793750e+02 1.752000e+02
1.795000e+02 1.752000e+02
1.795000e+02 1.753500e+02
1.795000e+02 1.755000e+02
1.795000e+02 1.758000e+02
1.797500e+02 1.761000e+02
1.800000e+02 1.764000e+02
1.805000e+02 1.773000e+02
1.810000e+02 1.782000e+02
1.820000e+02 1.800000e+02
1.830000e+02 1.818000e+02
1.837500e+02 1.839000e+02
1.845000e+02 1.860000e+02
1.850000e+02 1.869000e+02
1.855000e+02 1.878000e+02
1.865000e+02 1.902000e+02
1.875000e+02 1.926000e+02
1.885000e+02 1.950000e+02
1.895000e+02 1.974000e+02
1.910000e+02 2.010000e+02
1.925000e+02 2.046000e+02
1.942500e+02 2.082000e+02
1.960000e+02 2.118000e+02
1.970000e+02 2.142000e+02
1.980000e+02 2.166000e+02
1.992500e+02 2.193000e+02
2.005000e+02 2.220000e+02
2.017500e+02 2.247000e+02
2.030000e+02 2.274000e+02
2.040000e+02 2.295000e+02
2.050000e+02 2.316000e+02
2.057500e+02 2.334000e+02
2.065000e+02 2.352000e+02
2.075000e+02 2.367000e+02
2.085000e+02 2.382000e+02
2.090000e+02 2.397000e+02
2.095000e+02 2.412000e+02
2.102500e+02 2.427000e+02
2.110000e+02 2.442000e+02
2.115000e+02 2.454000e+02
2.120000e+02 2.466000e+02
2.125000e+02 2.478000e+02
2.130000e+02 2.490000e+02
2.135000e+02 2.499000e+02
2.140000e+02 2.508000e+02
2.145000e+02 2.523000e+02
2.150000e+02 2.538000e+02
2.155000e+02 2.544000e+02
2.160000e+02 2.550000e+02
2.162500e+02 2.556000e+02
2.165000e+02 2.562000e+02
2.167500e+02 2.568000e+02
2.170000e+02 2.574000e+02
2.172500e+02 2.577000e+02
2.175000e+02 2.580000e+02
2.175000e+02 2.586000e+02
2.175000e+02 2.592000e+02
2.177500e+02 2.592000e+02
2.180000e+02 2.592000e+02
2.180000e+02 2.595000e+02
2.180000e+02 2.598000e+02
2.182500e+02 2.601000e+02
2.185000e+02 2.604000e+02
2.185000e+02 2.604000e+02
2.185000e+02 2.604000e+02
2.187500e+02 2.604000e+02
2.190000e+02 2.604000e+02
2.190000e+02 2.604000e+02
2.190000e+02 2.604000e+02
2.190000e+02 2.604000e+02
2.190000e+02 2.604000e+02
2.192500e+02 2.601000e+02
2.195000e+02 2.598000e+02
2.197500e+02 2.595000e+02
2.200000e+02 2.592000e+02
2.200000e+02 2.586000e+02
2.200000e+02 2.580000e+02
2.205000e+02 2.574000e+02
2.210000e+02 2.568000e+02
2.212500e+02 2.562000e+02
2.215000e+02 2.556000e+02
2.217500e+02 2.550000e+02
2.220000e+02 2.544000e+02
2.222500e+02 2.535000e+02
2.225000e+02 2.526000e+02
2.230000e+02 2.517000e+02
2.235000e+02 2.508000e+02
2.240000e+02 2.499000e+02
2.245000e+02 2.490000e+02
2.255000e+02 2.478000e+02
2.265000e+02 2.466000e+02
2.277500e+02 2.454000e+02
2.290000e+02 2.442000e+02
2.310000e+02 2.430000e+02
2.330000e+02 2.418000e+02
2.347500e+02 2.403000e+02
2.365000e+02 2.388000e+02
2.390000e+02 2.376000e+02
2.415000e+02 2.364000e+02
2.440000e+02 2.352000e+02
2.465000e+02 2.340000e+02
2.492500e+02 2.325000e+02
2.520000e+02 2.310000e+02
2.565000e+02 2.289000e+02
2.610000e+02 2.268000e+02
2.640000e+02 2.253000e+02
2.670000e+02 2.238000e+02
2.700000e+02 2.226000e+02
2.730000e+02 2.214000e+02
2.765000e+02 2.199000e+02
2.800000e+02 2.184000e+02
2.832500e+02 2.172000e+02
2.865000e+02 2.160000e+02
2.902500e+02 2.148000e+02
2.940000e+02 2.136000e+02
2.975000e+02 2.121000e+02
3.010000e+02 2.106000e+02
3.047500e+02 2.094000e+02
3.085000e+02 2.082000e+02
3.125000e+02 2.070000e+02
3.165000e+02 2.058000e+02
3.195000e+02 2.046000e+02
3.225000e+02 2.034000e+02
3.260000e+02 2.025000e+02
3.295000e+02 2.016000e+02
3.327500e+02 2.004000e+02
3.360000e+02 1.992000e+02
3.392500e+02 1.983000e+02
3.425000e+02 1.974000e+02
3.457500e+02 1.965000e+02
3.490000e+02 1.956000e+02
3.532500e+02 1.941000e+02
3.575000e+02 1.926000e+02
3.597500e+02 1.920000e+02
3.620000e+02 1.914000e+02
3.642500e+02 1.908000e+02
3.665000e+02 1.902000e+02
3.682500e+02 1.899000e+02
3.700000e+02 1.896000e+02
3.717500e+02 1.890000e+02
3.735000e+02 1.884000e+02
3.750000e+02 1.881000e+02
3.765000e+02 1.878000e+02
3.777500e+02 1.872000e+02
3.790000e+02 1.866000e+02
3.802500e+02 1.863000e+02
3.815000e+02 1.860000e+02
3.822500e+02 1.857000e+02
3.830000e+02 1.854000e+02
3.837500e+02 1.854000e+02
3.845000e+02 1.854000e+02
3.850000e+02 1.851000e+02
3.855000e+02 1.848000e+02
3.860000e+02 1.848000e+02
3.865000e+02 1.848000e+02
3.870000e+02 1.845000e+02
3.875000e+02 1.842000e+02
3.877500e+02 1.842000e+02
3.880000e+02 1.842000e+02
3.882500e+02 1.842000e+02
3.885000e+02 1.842000e+02
3.885000e+02 1.842000e+02
3.885000e+02 1.842000e+02
3.887500e+02 1.842000e+02
3.890000e+02 1.842000e+02
3.890000e+02 1.842000e+02
3.890000e+02 1.842000e+02
3.890000e+02 1.842000e+02
3.890000e+02 1.842000e+02
3.890000e+02 1.839000e+02
3.890000e+02 1.836000e+02
3.892500e+02 1.836000e+02
3.895000e+02 1.836000e+02
3.895000e+02 1.836000e+02
3.895000e+02 1.836000e+02
3.895000e+02 1.836000e+02
3.895000e+02 1.836000e+02
3.895000e+02 1.836000e+02
3.895000e+02 1.836000e+02
3.892500e+02 1.836000e+02
3.890000e+02 1.836000e+02
3.890000e+02 1.836000e+02
3.890000e+02 1.836000e+02
3.890000e+02 1.836000e+02
3.890000e+02 1.836000e+02
