2.120000e+02 1.782000e+02
2.120000e+02 1.782000e+02
2.120000e+02 1.782000e+02
2.120000e+02 1.782000e+02
2.120000e+02 1.782000e+02
2.121250e+02 1.780500e+02
2.122500e+02 1.779000e+02
2.123750e+02 1.777500e+02
2.125000e+02 1.776000e+02
2.125000e+02 1.776000e+02
2.125000e+02 1.776000e+02
2.125000e+02 1.776000e+02
2.125000e+02 1.776000e+02
2.126250e+02 1.773000e+02
2.127500e+02 1.770000e+02
2.128750e+02 1.767000e+02
2.130000e+02 1.764000e+02
2.132500e+02 1.762500e+02
2.135000e+02 1.761000e+02
2.137500e+02 1.759500e+02
2.140000e+02 1.758000e+02
2.143750e+02 1.753500e+02
2.147500e+02 1.749000e+02
2.151250e+02 1.744500e+02
2.155000e+02 1.740000e+02
2.161250e+02 1.737000e+02
2.167500e+02 1.734000e+02
2.173750e+02 1.731000e+02
2.180000e+02 1.728000e+02
2.187500e+02 1.725000e+02
2.195000e+02 1.722000e+02
2.202500e+02 1.719000e+02
2.210000e+02 1.716000e+02
2.218750e+02 1.713000e+02
2.227500e+02 1.710000e+02
2.236250e+02 1.707000e+02
2.245000e+02 1.704000e+02
2.256250e+02 1.701000e+02
2.267500e+02 1.698000e+02
2.278750e+02 1.695000e+02
2.290000e+02 1.692000e+02
2.296250e+02 1.690500e+02
2.302500e+02 1.689000e+02
2.308750e+02 1.687500e+02
2.315000e+02 1.686000e+02
2.326250e+02 1.684500e+02
2.337500e+02 1.683000e+02
2.348750e+02 1.681500e+02
2.360000e+02 1.680000e+02
2.375000e+02 1.678500e+02
2.390000e+02 1.677000e+02
2.405000e+02 1.675500e+02
2.420000e+02 1.674000e+02
2.440000e+02 1.672500e+02
2.460000e+02 1.671000e+02
2.500000e+02 1.668000e+02
2.545000e+02 1.668000e+02
2.590000e+02 1.668000e+02
2.625000e+02 1.668000e+02
2.660000e+02 1.668000e+02
2.687500e+02 1.668000e+02
2.715000e+02 1.668000e+02
2.747500e+02 1.668000e+02
2.780000e+02 1.668000e+02
2.795000e+02 1.668000e+02
2.810000e+02 1.668000e+02
2.837500e+02 1.668000e+02
2.865000e+02 1.668000e+02
2.897500e+02 1.671000e+02
2.930000e+02 1.674000e+02
2.960000e+02 1.674000e+02
2.990000e+02 1.674000e+02
3.025000e+02 1.674000e+02
3.060000e+02 1.674000e+02
3.110000e+02 1.677000e+02
3.160000e+02 1.680000e+02
3.175000e+02 1.680000e+02
3.190000e+02 1.680000e+02
3.225000e+02 1.683000e+02
3.260000e+02 1.686000e+02
3.307500e+02 1.689000e+02
3.355000e+02 1.692000e+02
3.372500e+02 1.692000e+02
3.390000e+02 1.692000e+02
3.422500e+02 1.695000e+02
3.455000e+02 1.698000e+02
3.487500e+02 1.701000e+02
3.520000e+02 1.704000e+02
3.552500e+02 1.707000e+02
3.585000e+02 1.710000e+02
3.622500e+02 1.716000e+02
3.660000e+02 1.722000e+02
3.710000e+02 1.725000e+02
3.760000e+02 1.728000e+02
3.777500e+02 1.731000e+02
3.795000e+02 1.734000e+02
3.825000e+02 1.737000e+02
3.855000e+02 1.740000e+02
3.892500e+02 1.743000e+02
3.930000e+02 1.746000e+02
3.962500e+02 1.749000e+02
3.995000e+02 1.752000e+02
4.027500e+02 1.755000e+02
4.060000e+02 1.758000e+02
4.107500e+02 1.764000e+02
4.155000e+02 1.770000e+02
4.170000e+02 1.770000e+02
4.185000e+02 1.770000e+02
4.235000e+02 1.776000e+02
4.285000e+02 1.782000e+02
4.315000e+02 1.782000e+02
4.345000e+02 1.782000e+02
4.377500e+02 1.782000e+02
4.410000e+02 1.782000e+02
4.437500e+02 1.785000e+02
4.465000e+02 1.788000e+02
4.495000e+02 1.788000e+02
4.525000e+02 1.788000e+02
4.555000e+02 1.788000e+02
4.585000e+02 1.788000e+02
4.612500e+02 1.791000e+02
4.640000e+02 1.794000e+02
4.665000e+02 1.794000e+02
4.690000e+02 1.794000e+02
4.715000e+02 1.794000e+02
4.740000e+02 1.794000e+02
4.767500e+02 1.794000e+02
4.795000e+02 1.794000e+02
4.830000e+02 1.794000e+02
4.865000e+02 1.794000e+02
4.900000e+02 1.794000e+02
4.935000e+02 1.794000e+02
4.957500e+02 1.794000e+02
4.980000e+02 1.794000e+02
4.990000e+02 1.794000e+02
5.000000e+02 1.794000e+02
5.032500e+02 1.791000e+02
5.065000e+02 1.788000e+02
5.085000e+02 1.788000e+02
5.105000e+02 1.788000e+02
5.125000e+02 1.788000e+02
5.145000e+02 1.788000e+02
5.165000e+02 1.788000e+02
5.185000e+02 1.788000e+02
5.200000e+02 1.785000e+02
5.215000e+02 1.782000e+02
5.235000e+02 1.782000e+02
5.255000e+02 1.782000e+02
5.282500e+02 1.779000e+02
5.310000e+02 1.776000e+02
5.317500e+02 1.776000e+02
5.325000e+02 1.776000e+02
5.332500e+02 1.776000e+02
5.340000e+02 1.776000e+02
5.352500e+02 1.773000e+02
5.365000e+02 1.770000e+02
5.382500e+02 1.767000e+02
5.400000e+02 1.764000e+02
5.412500e+02 1.764000e+02
5.425000e+02 1.764000e+02
5.437500e+02 1.761000e+02
5.450000e+02 1.758000e+02
5.462500e+02 1.755000e+02
5.475000e+02 1.752000e+02
5.487500e+02 1.752000e+02
5.500000e+02 1.752000e+02
5.512500e+02 1.752000e+02
5.525000e+02 1.752000e+02
5.537500e+02 1.749000e+02
5.550000e+02 1.746000e+02
5.557500e+02 1.746000e+02
5.565000e+02 1.746000e+02
5.575000e+02 1.743000e+02
5.585000e+02 1.740000e+02
5.592500e+02 1.740000e+02
5.600000e+02 1.740000e+02
5.607500e+02 1.737000e+02
5.615000e+02 1.734000e+02
5.615000e+02 1.734000e+02
5.615000e+02 1.734000e+02
5.620000e+02 1.734000e+02
5.625000e+02 1.734000e+02
5.627500e+02 1.734000e+02
5.630000e+02 1.734000e+02
5.635000e+02 1.731000e+02
5.640000e+02 1.728000e+02
5.642500e+02 1.728000e+02
5.645000e+02 1.728000e+02
5.647500e+02 1.728000e+02
5.650000e+02 1.728000e+02
5.652500e+02 1.731000e+02
5.655000e+02 1.734000e+02
5.665000e+02 1.737000e+02
5.675000e+02 1.740000e+02
5.682500e+02 1.746000e+02
5.690000e+02 1.752000e+02
5.695000e+02 1.755000e+02
5.700000e+02 1.758000e+02
5.700000e+02 1.758000e+02
5.700000e+02 1.758000e+02
