2.410000e+02 1.446000e+02
2.410000e+02 1.446000e+02
2.410000e+02 1.446000e+02
2.410000e+02 1.446000e+02
2.410000e+02 1.446000e+02
2.410000e+02 1.446000e+02
2.410000e+02 1.446000e+02
2.410000e+02 1.443000e+02
2.410000e+02 1.440000e+02
2.417500e+02 1.440000e+02
2.425000e+02 1.440000e+02
2.430000e+02 1.437000e+02
2.435000e+02 1.434000e+02
2.470000e+02 1.428000e+02
2.505000e+02 1.422000e+02
2.542500e+02 1.416000e+02
2.580000e+02 1.410000e+02
2.627500e+02 1.404000e+02
2.675000e+02 1.398000e+02
2.720000e+02 1.392000e+02
2.765000e+02 1.386000e+02
2.812500e+02 1.380000e+02
2.860000e+02 1.374000e+02
2.885000e+02 1.371000e+02
2.910000e+02 1.368000e+02
2.982500e+02 1.362000e+02
3.055000e+02 1.356000e+02
3.107500e+02 1.347000e+02
3.160000e+02 1.338000e+02
3.207500e+02 1.332000e+02
3.255000e+02 1.326000e+02
3.302500e+02 1.320000e+02
3.350000e+02 1.314000e+02
3.397500e+02 1.308000e+02
3.445000e+02 1.302000e+02
3.485000e+02 1.299000e+02
3.525000e+02 1.296000e+02
3.560000e+02 1.293000e+02
3.595000e+02 1.290000e+02
3.627500e+02 1.287000e+02
3.660000e+02 1.284000e+02
3.687500e+02 1.281000e+02
3.715000e+02 1.278000e+02
3.737500e+02 1.278000e+02
3.760000e+02 1.278000e+02
3.780000e+02 1.278000e+02
3.800000e+02 1.278000e+02
3.815000e+02 1.278000e+02
3.830000e+02 1.278000e+02
3.840000e+02 1.281000e+02
3.850000e+02 1.284000e+02
3.857500e+02 1.284000e+02
3.865000e+02 1.284000e+02
3.875000e+02 1.287000e+02
3.885000e+02 1.290000e+02
3.887500e+02 1.290000e+02
3.890000e+02 1.290000e+02
3.892500e+02 1.293000e+02
3.895000e+02 1.296000e+02
3.897500e+02 1.299000e+02
3.900000e+02 1.302000e+02
3.902500e+02 1.308000e+02
3.905000e+02 1.314000e+02
3.907500e+02 1.317000e+02
3.910000e+02 1.320000e+02
3.910000e+02 1.329000e+02
3.910000e+02 1.338000e+02
3.910000e+02 1.347000e+02
3.910000e+02 1.356000e+02
3.910000e+02 1.371000e+02
3.910000e+02 1.386000e+02
3.910000e+02 1.404000e+02
3.910000e+02 1.422000e+02
3.907500e+02 1.443000e+02
3.905000e+02 1.464000e+02
3.900000e+02 1.485000e+02
3.895000e+02 1.506000e+02
3.892500e+02 1.533000e+02
3.890000e+02 1.560000e+02
3.885000e+02 1.587000e+02
3.880000e+02 1.614000e+02
3.872500e+02 1.656000e+02
3.865000e+02 1.698000e+02
3.862500e+02 1.728000e+02
3.860000e+02 1.758000e+02
3.855000e+02 1.788000e+02
3.850000e+02 1.818000e+02
3.845000e+02 1.851000e+02
3.840000e+02 1.884000e+02
3.835000e+02 1.917000e+02
3.830000e+02 1.950000e+02
3.822500e+02 1.986000e+02
3.815000e+02 2.022000e+02
3.810000e+02 2.058000e+02
3.805000e+02 2.094000e+02
3.797500e+02 2.133000e+02
3.790000e+02 2.172000e+02
3.782500e+02 2.211000e+02
3.775000e+02 2.250000e+02
3.770000e+02 2.289000e+02
3.765000e+02 2.328000e+02
3.760000e+02 2.367000e+02
3.755000e+02 2.406000e+02
3.750000e+02 2.451000e+02
3.745000e+02 2.496000e+02
3.742500e+02 2.535000e+02
3.740000e+02 2.574000e+02
3.737500e+02 2.622000e+02
3.735000e+02 2.670000e+02
3.730000e+02 2.709000e+02
3.725000e+02 2.748000e+02
3.720000e+02 2.799000e+02
3.715000e+02 2.850000e+02
3.710000e+02 2.916000e+02
3.705000e+02 2.982000e+02
3.697500e+02 3.027000e+02
3.690000e+02 3.072000e+02
3.687500e+02 3.114000e+02
3.685000e+02 3.156000e+02
3.680000e+02 3.201000e+02
3.675000e+02 3.246000e+02
3.670000e+02 3.324000e+02
3.665000e+02 3.402000e+02
3.660000e+02 3.474000e+02
3.655000e+02 3.546000e+02
3.650000e+02 3.606000e+02
3.645000e+02 3.648000e+02
3.640000e+02 3.696000e+02
3.640000e+02 3.738000e+02
3.635000e+02 3.768000e+02
3.635000e+02 3.792000e+02
3.625000e+02 3.822000e+02
3.625000e+02 3.834000e+02
3.620000e+02 3.840000e+02
3.615000e+02 3.852000e+02
3.610000e+02 3.858000e+02
3.605000e+02 3.864000e+02
3.595000e+02 3.870000e+02
3.585000e+02 3.870000e+02
3.565000e+02 3.876000e+02
3.545000e+02 3.876000e+02
3.490000e+02 3.870000e+02
3.435000e+02 3.870000e+02
3.330000e+02 3.864000e+02
3.250000e+02 3.858000e+02
3.165000e+02 3.858000e+02
3.075000e+02 3.858000e+02
2.990000e+02 3.864000e+02
2.910000e+02 3.864000e+02
2.735000e+02 3.876000e+02
2.655000e+02 3.876000e+02
2.585000e+02 3.882000e+02
2.530000e+02 3.882000e+02
2.480000e+02 3.882000e+02
2.445000e+02 3.882000e+02
2.415000e+02 3.882000e+02
2.390000e+02 3.876000e+02
2.375000e+02 3.876000e+02
2.360000e+02 3.870000e+02
2.350000e+02 3.870000e+02
2.345000e+02 3.864000e+02
2.340000e+02 3.858000e+02
2.335000e+02 3.852000e+02
2.330000e+02 3.846000e+02
2.330000e+02 3.840000e+02
2.330000e+02 3.834000e+02
2.330000e+02 3.822000e+02
2.330000e+02 3.780000e+02
2.335000e+02 3.744000e+02
2.340000e+02 3.672000e+02
2.350000e+02 3.606000e+02
2.355000e+02 3.534000e+02
2.360000e+02 3.432000e+02
2.360000e+02 3.354000e+02
2.355000e+02 3.294000e+02
2.350000e+02 3.210000e+02
2.345000e+02 3.144000e+02
2.340000e+02 3.066000e+02
2.340000e+02 2.988000e+02
2.340000e+02 2.886000e+02
2.345000e+02 2.796000e+02
2.350000e+02 2.694000e+02
2.360000e+02 2.598000e+02
2.365000e+02 2.502000e+02
2.375000e+02 2.406000e+02
2.375000e+02 2.328000e+02
2.380000e+02 2.250000e+02
2.380000e+02 2.184000e+02
2.385000e+02 2.112000e+02
2.385000e+02 2.058000e+02
2.390000e+02 1.992000e+02
2.390000e+02 1.944000e+02
2.395000e+02 1.908000e+02
2.395000e+02 1.878000e+02
2.395000e+02 1.842000e+02
2.400000e+02 1.818000e+02
2.400000e+02 1.806000e+02
2.405000e+02 1.788000e+02
2.415000e+02 1.758000e+02
2.415000e+02 1.758000e+02
