5.795000e+02 2.358000e+02
5.795000e+02 2.358000e+02
5.795000e+02 2.358000e+02
5.792500e+02 2.358000e+02
5.790000e+02 2.358000e+02
5.787500e+02 2.355000e+02
5.785000e+02 2.352000e+02
5.777500e+02 2.352000e+02
5.770000e+02 2.352000e+02
5.752500e+02 2.352000e+02
5.735000e+02 2.352000e+02
5.722500e+02 2.349000e+02
5.710000e+02 2.346000e+02
5.697500e+02 2.343000e+02
5.685000e+02 2.340000e+02
5.675000e+02 2.340000e+02
5.665000e+02 2.340000e+02
5.650000e+02 2.337000e+02
5.635000e+02 2.334000e+02
5.605000e+02 2.334000e+02
5.575000e+02 2.334000e+02
5.567500e+02 2.334000e+02
5.560000e+02 2.334000e+02
5.542500e+02 2.334000e+02
5.525000e+02 2.334000e+02
5.502500e+02 2.331000e+02
5.480000e+02 2.328000e+02
5.460000e+02 2.328000e+02
5.440000e+02 2.328000e+02
5.422500e+02 2.328000e+02
5.405000e+02 2.328000e+02
5.380000e+02 2.328000e+02
5.355000e+02 2.328000e+02
5.335000e+02 2.328000e+02
5.315000e+02 2.328000e+02
5.292500e+02 2.328000e+02
5.270000e+02 2.328000e+02
5.242500e+02 2.328000e+02
5.215000e+02 2.328000e+02
5.180000e+02 2.328000e+02
5.145000e+02 2.328000e+02
5.120000e+02 2.328000e+02
5.095000e+02 2.328000e+02
5.072500e+02 2.328000e+02
5.050000e+02 2.328000e+02
5.025000e+02 2.328000e+02
5.000000e+02 2.328000e+02
4.977500e+02 2.328000e+02
4.955000e+02 2.328000e+02
4.930000e+02 2.328000e+02
4.905000e+02 2.328000e+02
4.877500e+02 2.331000e+02
4.850000e+02 2.334000e+02
4.825000e+02 2.334000e+02
4.800000e+02 2.334000e+02
4.770000e+02 2.337000e+02
4.740000e+02 2.340000e+02
4.702500e+02 2.343000e+02
4.665000e+02 2.346000e+02
4.650000e+02 2.349000e+02
4.635000e+02 2.352000e+02
4.607500e+02 2.352000e+02
4.580000e+02 2.352000e+02
4.552500e+02 2.355000e+02
4.525000e+02 2.358000e+02
4.495000e+02 2.361000e+02
4.465000e+02 2.364000e+02
4.437500e+02 2.367000e+02
4.410000e+02 2.370000e+02
4.377500e+02 2.373000e+02
4.345000e+02 2.376000e+02
4.302500e+02 2.379000e+02
4.260000e+02 2.382000e+02
4.245000e+02 2.385000e+02
4.230000e+02 2.388000e+02
4.182500e+02 2.397000e+02
4.135000e+02 2.406000e+02
4.105000e+02 2.409000e+02
4.075000e+02 2.412000e+02
4.045000e+02 2.418000e+02
4.015000e+02 2.424000e+02
3.982500e+02 2.430000e+02
3.950000e+02 2.436000e+02
3.917500e+02 2.442000e+02
3.885000e+02 2.448000e+02
3.850000e+02 2.454000e+02
3.815000e+02 2.460000e+02
3.780000e+02 2.466000e+02
3.745000e+02 2.472000e+02
3.715000e+02 2.475000e+02
3.685000e+02 2.478000e+02
3.650000e+02 2.484000e+02
3.615000e+02 2.490000e+02
3.582500e+02 2.496000e+02
3.550000e+02 2.502000e+02
3.492500e+02 2.511000e+02
3.435000e+02 2.520000e+02
3.415000e+02 2.523000e+02
3.395000e+02 2.526000e+02
3.345000e+02 2.535000e+02
3.295000e+02 2.544000e+02
3.260000e+02 2.550000e+02
3.225000e+02 2.556000e+02
3.190000e+02 2.559000e+02
3.155000e+02 2.562000e+02
3.122500e+02 2.568000e+02
3.090000e+02 2.574000e+02
3.055000e+02 2.577000e+02
3.020000e+02 2.580000e+02
2.985000e+02 2.583000e+02
2.950000e+02 2.586000e+02
2.915000e+02 2.589000e+02
2.880000e+02 2.592000e+02
2.845000e+02 2.595000e+02
2.810000e+02 2.598000e+02
2.772500e+02 2.601000e+02
2.735000e+02 2.604000e+02
2.705000e+02 2.607000e+02
2.675000e+02 2.610000e+02
2.637500e+02 2.613000e+02
2.600000e+02 2.616000e+02
2.570000e+02 2.619000e+02
2.540000e+02 2.622000e+02
2.502500e+02 2.622000e+02
2.465000e+02 2.622000e+02
2.432500e+02 2.622000e+02
2.400000e+02 2.622000e+02
2.367500e+02 2.625000e+02
2.335000e+02 2.628000e+02
2.300000e+02 2.628000e+02
2.265000e+02 2.628000e+02
2.232500e+02 2.628000e+02
2.200000e+02 2.628000e+02
2.145000e+02 2.631000e+02
2.090000e+02 2.634000e+02
2.057500e+02 2.634000e+02
2.025000e+02 2.634000e+02
1.992500e+02 2.637000e+02
1.960000e+02 2.640000e+02
1.927500e+02 2.640000e+02
1.895000e+02 2.640000e+02
1.862500e+02 2.637000e+02
1.830000e+02 2.634000e+02
1.795000e+02 2.634000e+02
1.760000e+02 2.634000e+02
1.732500e+02 2.634000e+02
1.705000e+02 2.634000e+02
1.675000e+02 2.631000e+02
1.645000e+02 2.628000e+02
1.617500e+02 2.628000e+02
1.590000e+02 2.628000e+02
1.565000e+02 2.625000e+02
1.540000e+02 2.622000e+02
1.510000e+02 2.619000e+02
1.480000e+02 2.616000e+02
1.455000e+02 2.613000e+02
1.430000e+02 2.610000e+02
1.402500e+02 2.607000e+02
1.375000e+02 2.604000e+02
1.350000e+02 2.601000e+02
1.325000e+02 2.598000e+02
1.302500e+02 2.595000e+02
1.280000e+02 2.592000e+02
1.255000e+02 2.589000e+02
1.230000e+02 2.586000e+02
1.207500e+02 2.583000e+02
1.185000e+02 2.580000e+02
1.162500e+02 2.577000e+02
1.140000e+02 2.574000e+02
1.110000e+02 2.568000e+02
1.080000e+02 2.562000e+02
1.062500e+02 2.559000e+02
1.045000e+02 2.556000e+02
1.022500e+02 2.553000e+02
1.000000e+02 2.550000e+02
9.825000e+01 2.547000e+02
9.650000e+01 2.544000e+02
9.500000e+01 2.541000e+02
9.350000e+01 2.538000e+02
8.950000e+01 2.532000e+02
8.600000e+01 2.526000e+02
8.300000e+01 2.526000e+02
8.000000e+01 2.520000e+02
7.700000e+01 2.514000e+02
7.400000e+01 2.514000e+02
7.150000e+01 2.514000e+02
6.950000e+01 2.508000e+02
6.700000e+01 2.502000e+02
6.450000e+01 2.502000e+02
6.300000e+01 2.496000e+02
6.200000e+01 2.496000e+02
6.150000e+01 2.490000e+02
6.050000e+01 2.490000e+02
6.000000e+01 2.490000e+02
5.950000e+01 2.490000e+02
5.950000e+01 2.490000e+02
5.900000e+01 2.490000e+02
5.750000e+01 2.496000e+02
5.700000e+01 2.502000e+02
5.700000e+01 2.502000e+02
