3.895000e+02 3.426000e+02
3.895000e+02 3.426000e+02
3.895000e+02 3.426000e+02
3.895000e+02 3.426000e+02
3.895000e+02 3.426000e+02
3.895000e+02 3.426000e+02
3.895000e+02 3.426000e+02
3.895000e+02 3.426000e+02
3.895000e+02 3.426000e+02
3.895000e+02 3.425250e+02
3.895000e+02 3.424500e+02
3.895000e+02 3.423750e+02
3.895000e+02 3.423000e+02
3.895000e+02 3.422250e+02
3.895000e+02 3.421500e+02
3.895000e+02 3.420750e+02
3.895000e+02 3.420000e+02
3.895000e+02 3.418500e+02
3.895000e+02 3.417000e+02
3.895000e+02 3.415500e+02
3.895000e+02 3.414000e+02
3.895000e+02 3.412500e+02
3.895000e+02 3.411000e+02
3.895000e+02 3.409500e+02
3.895000e+02 3.408000e+02
3.895000e+02 3.404250e+02
3.895000e+02 3.400500e+02
3.895000e+02 3.396750e+02
3.895000e+02 3.393000e+02
3.895000e+02 3.389250e+02
3.895000e+02 3.385500e+02
3.895000e+02 3.378000e+02
3.895000e+02 3.370500e+02
3.895000e+02 3.363000e+02
3.895000e+02 3.355500e+02
3.895000e+02 3.348000e+02
3.896250e+02 3.339000e+02
3.897500e+02 3.330000e+02
3.898750e+02 3.321000e+02
3.900000e+02 3.312000e+02
3.900000e+02 3.303000e+02
3.900000e+02 3.294000e+02
3.900000e+02 3.285000e+02
3.900000e+02 3.276000e+02
3.901250e+02 3.265500e+02
3.902500e+02 3.255000e+02
3.903750e+02 3.244500e+02
3.905000e+02 3.234000e+02
3.906250e+02 3.220500e+02
3.907500e+02 3.207000e+02
3.908750e+02 3.193500e+02
3.910000e+02 3.180000e+02
3.910000e+02 3.166500e+02
3.910000e+02 3.153000e+02
3.910000e+02 3.139500e+02
3.910000e+02 3.126000e+02
3.910000e+02 3.109500e+02
3.910000e+02 3.093000e+02
3.910000e+02 3.076500e+02
3.910000e+02 3.060000e+02
3.911250e+02 3.031500e+02
3.912500e+02 3.003000e+02
3.913750e+02 2.974500e+02
3.915000e+02 2.946000e+02
3.915000e+02 2.926500e+02
3.915000e+02 2.907000e+02
3.915000e+02 2.887500e+02
3.915000e+02 2.868000e+02
3.915000e+02 2.832000e+02
3.915000e+02 2.796000e+02
3.915000e+02 2.760000e+02
3.915000e+02 2.724000e+02
3.916250e+02 2.701500e+02
3.917500e+02 2.679000e+02
3.918750e+02 2.656500e+02
3.920000e+02 2.634000e+02
3.920000e+02 2.613000e+02
3.920000e+02 2.592000e+02
3.920000e+02 2.571000e+02
3.920000e+02 2.550000e+02
3.921250e+02 2.527500e+02
3.922500e+02 2.505000e+02
3.923750e+02 2.482500e+02
3.925000e+02 2.460000e+02
3.925000e+02 2.437500e+02
3.925000e+02 2.415000e+02
3.925000e+02 2.392500e+02
3.925000e+02 2.370000e+02
3.925000e+02 2.347500e+02
3.925000e+02 2.325000e+02
3.925000e+02 2.302500e+02
3.925000e+02 2.280000e+02
3.926250e+02 2.248500e+02
3.927500e+02 2.217000e+02
3.928750e+02 2.185500e+02
3.930000e+02 2.154000e+02
3.931250e+02 2.125500e+02
3.932500e+02 2.097000e+02
3.933750e+02 2.068500e+02
3.935000e+02 2.040000e+02
3.935000e+02 2.019000e+02
3.935000e+02 1.998000e+02
3.935000e+02 1.977000e+02
3.935000e+02 1.956000e+02
3.936250e+02 1.926000e+02
3.937500e+02 1.896000e+02
3.938750e+02 1.866000e+02
3.940000e+02 1.836000e+02
3.940000e+02 1.828500e+02
3.940000e+02 1.821000e+02
3.940000e+02 1.813500e+02
3.940000e+02 1.806000e+02
3.941250e+02 1.788000e+02
3.942500e+02 1.770000e+02
3.943750e+02 1.752000e+02
3.945000e+02 1.734000e+02
3.946250e+02 1.717500e+02
3.947500e+02 1.701000e+02
3.948750e+02 1.684500e+02
3.950000e+02 1.668000e+02
3.951250e+02 1.659000e+02
3.952500e+02 1.650000e+02
3.953750e+02 1.641000e+02
3.955000e+02 1.632000e+02
3.956250e+02 1.617000e+02
3.957500e+02 1.602000e+02
3.958750e+02 1.587000e+02
3.960000e+02 1.572000e+02
3.961250e+02 1.557000e+02
3.962500e+02 1.542000e+02
3.963750e+02 1.527000e+02
3.965000e+02 1.512000e+02
3.966250e+02 1.492500e+02
3.967500e+02 1.473000e+02
3.968750e+02 1.453500e+02
3.970000e+02 1.434000e+02
3.970000e+02 1.420500e+02
3.970000e+02 1.407000e+02
3.970000e+02 1.393500e+02
3.970000e+02 1.380000e+02
3.971250e+02 1.368000e+02
3.972500e+02 1.356000e+02
3.973750e+02 1.344000e+02
3.975000e+02 1.332000e+02
3.975000e+02 1.321500e+02
3.975000e+02 1.311000e+02
3.975000e+02 1.300500e+02
3.975000e+02 1.290000e+02
3.975000e+02 1.281000e+02
3.975000e+02 1.272000e+02
3.975000e+02 1.263000e+02
3.975000e+02 1.254000e+02
3.976250e+02 1.246500e+02
3.977500e+02 1.239000e+02
3.978750e+02 1.231500e+02
3.980000e+02 1.224000e+02
3.980000e+02 1.218000e+02
3.980000e+02 1.212000e+02
3.980000e+02 1.206000e+02
3.980000e+02 1.200000e+02
3.980000e+02 1.194000e+02
3.980000e+02 1.188000e+02
3.980000e+02 1.182000e+02
3.980000e+02 1.176000e+02
3.980000e+02 1.173000e+02
3.980000e+02 1.170000e+02
3.980000e+02 1.167000e+02
3.980000e+02 1.164000e+02
3.980000e+02 1.161000e+02
3.980000e+02 1.158000e+02
3.980000e+02 1.155000e+02
3.980000e+02 1.152000e+02
3.980000e+02 1.150500e+02
3.980000e+02 1.149000e+02
3.980000e+02 1.147500e+02
3.980000e+02 1.146000e+02
3.980000e+02 1.144500e+02
3.980000e+02 1.143000e+02
3.980000e+02 1.141500e+02
3.980000e+02 1.140000e+02
3.980000e+02 1.138500e+02
3.980000e+02 1.137000e+02
3.980000e+02 1.135500e+02
3.980000e+02 1.134000e+02
3.980000e+02 1.134000e+02
3.980000e+02 1.134000e+02
3.980000e+02 1.134000e+02
3.980000e+02 1.134000e+02
3.980000e+02 1.134000e+02
3.980000e+02 1.134000e+02
3.980000e+02 1.134000e+02
3.980000e+02 1.134000e+02
3.980000e+02 1.135500e+02
3.980000e+02 1.137000e+02
3.980000e+02 1.138500e+02
3.980000e+02 1.140000e+02
3.980000e+02 1.140000e+02
3.980000e+02 1.140000e+02
3.980000e+02 1.140000e+02
3.980000e+02 1.140000e+02
