4.625000e+02 3.522000e+02
4.625000e+02 3.522000e+02
4.625000e+02 3.522000e+02
4.625000e+02 3.522000e+02
4.625000e+02 3.522000e+02
4.625000e+02 3.522000e+02
4.625000e+02 3.522000e+02
4.625000e+02 3.522000e+02
4.625000e+02 3.522000e+02
4.623750e+02 3.514500e+02
4.622500e+02 3.507000e+02
4.621250e+02 3.499500e+02
4.620000e+02 3.492000e+02
4.618750e+02 3.484500e+02
4.617500e+02 3.477000e+02
4.616250e+02 3.469500e+02
4.615000e+02 3.462000e+02
4.613750e+02 3.456000e+02
4.612500e+02 3.450000e+02
4.611250e+02 3.444000e+02
4.610000e+02 3.438000e+02
4.608750e+02 3.432000e+02
4.607500e+02 3.426000e+02
4.606250e+02 3.420000e+02
4.605000e+02 3.414000e+02
4.604375e+02 3.408000e+02
4.603750e+02 3.402000e+02
4.603125e+02 3.396000e+02
4.602500e+02 3.390000e+02
4.601875e+02 3.384000e+02
4.601250e+02 3.378000e+02
4.600625e+02 3.372000e+02
4.600000e+02 3.366000e+02
4.599375e+02 3.360000e+02
4.598750e+02 3.354000e+02
4.598125e+02 3.348000e+02
4.597500e+02 3.342000e+02
4.596875e+02 3.336000e+02
4.596250e+02 3.330000e+02
4.595625e+02 3.324000e+02
4.595000e+02 3.318000e+02
4.594375e+02 3.311250e+02
4.593750e+02 3.304500e+02
4.593125e+02 3.297750e+02
4.592500e+02 3.291000e+02
4.591875e+02 3.284250e+02
4.591250e+02 3.277500e+02
4.590625e+02 3.270750e+02
4.590000e+02 3.264000e+02
4.589375e+02 3.255750e+02
4.588750e+02 3.247500e+02
4.588125e+02 3.239250e+02
4.587500e+02 3.231000e+02
4.586875e+02 3.222750e+02
4.586250e+02 3.214500e+02
4.585625e+02 3.206250e+02
4.585000e+02 3.198000e+02
4.585000e+02 3.189750e+02
4.585000e+02 3.181500e+02
4.585000e+02 3.173250e+02
4.585000e+02 3.165000e+02
4.585000e+02 3.156750e+02
4.585000e+02 3.148500e+02
4.585000e+02 3.140250e+02
4.585000e+02 3.132000e+02
4.584375e+02 3.123000e+02
4.583750e+02 3.114000e+02
4.583125e+02 3.105000e+02
4.582500e+02 3.096000e+02
4.581875e+02 3.087000e+02
4.581250e+02 3.078000e+02
4.580000e+02 3.060000e+02
4.578750e+02 3.039000e+02
4.577500e+02 3.018000e+02
4.576250e+02 2.997000e+02
4.575000e+02 2.976000e+02
4.575000e+02 2.953500e+02
4.575000e+02 2.931000e+02
4.575000e+02 2.908500e+02
4.575000e+02 2.886000e+02
4.575000e+02 2.848500e+02
4.575000e+02 2.811000e+02
4.575000e+02 2.773500e+02
4.575000e+02 2.736000e+02
4.576250e+02 2.715000e+02
4.577500e+02 2.694000e+02
4.578750e+02 2.673000e+02
4.580000e+02 2.652000e+02
4.580000e+02 2.617500e+02
4.580000e+02 2.583000e+02
4.580000e+02 2.548500e+02
4.580000e+02 2.514000e+02
4.581250e+02 2.490000e+02
4.582500e+02 2.466000e+02
4.583750e+02 2.442000e+02
4.585000e+02 2.418000e+02
4.585000e+02 2.392500e+02
4.585000e+02 2.367000e+02
4.585000e+02 2.341500e+02
4.585000e+02 2.316000e+02
4.586250e+02 2.293500e+02
4.587500e+02 2.271000e+02
4.588750e+02 2.248500e+02
4.590000e+02 2.226000e+02
4.591250e+02 2.205000e+02
4.592500e+02 2.184000e+02
4.593750e+02 2.163000e+02
4.595000e+02 2.142000e+02
4.597500e+02 2.121000e+02
4.600000e+02 2.100000e+02
4.602500e+02 2.079000e+02
4.605000e+02 2.058000e+02
4.606250e+02 2.037000e+02
4.607500e+02 2.016000e+02
4.608750e+02 1.995000e+02
4.610000e+02 1.974000e+02
4.610000e+02 1.954500e+02
4.610000e+02 1.935000e+02
4.610000e+02 1.915500e+02
4.610000e+02 1.896000e+02
4.611250e+02 1.878000e+02
4.612500e+02 1.860000e+02
4.613750e+02 1.842000e+02
4.615000e+02 1.824000e+02
4.615000e+02 1.806000e+02
4.615000e+02 1.788000e+02
4.615000e+02 1.770000e+02
4.615000e+02 1.752000e+02
4.616250e+02 1.734000e+02
4.617500e+02 1.716000e+02
4.618750e+02 1.698000e+02
4.620000e+02 1.680000e+02
4.620000e+02 1.663500e+02
4.620000e+02 1.647000e+02
4.620000e+02 1.630500e+02
4.620000e+02 1.614000e+02
4.620000e+02 1.596000e+02
4.620000e+02 1.578000e+02
4.620000e+02 1.560000e+02
4.620000e+02 1.542000e+02
4.620000e+02 1.527000e+02
4.620000e+02 1.512000e+02
4.620000e+02 1.497000e+02
4.620000e+02 1.482000e+02
4.621250e+02 1.467000e+02
4.622500e+02 1.452000e+02
4.623750e+02 1.437000e+02
4.625000e+02 1.422000e+02
4.625000e+02 1.408500e+02
4.625000e+02 1.395000e+02
4.625000e+02 1.381500e+02
4.625000e+02 1.368000e+02
4.625000e+02 1.356000e+02
4.625000e+02 1.344000e+02
4.625000e+02 1.332000e+02
4.625000e+02 1.320000e+02
4.626250e+02 1.309500e+02
4.627500e+02 1.299000e+02
4.628750e+02 1.288500e+02
4.630000e+02 1.278000e+02
4.630000e+02 1.275000e+02
4.630000e+02 1.272000e+02
4.630000e+02 1.269000e+02
4.630000e+02 1.266000e+02
4.630000e+02 1.258500e+02
4.630000e+02 1.251000e+02
4.630000e+02 1.243500e+02
4.630000e+02 1.236000e+02
4.631250e+02 1.227000e+02
4.632500e+02 1.218000e+02
4.633750e+02 1.209000e+02
4.635000e+02 1.200000e+02
4.635000e+02 1.197000e+02
4.635000e+02 1.194000e+02
4.635000e+02 1.191000e+02
4.635000e+02 1.188000e+02
4.635000e+02 1.183500e+02
4.635000e+02 1.179000e+02
4.635000e+02 1.174500e+02
4.635000e+02 1.170000e+02
4.635000e+02 1.167000e+02
4.635000e+02 1.164000e+02
4.635000e+02 1.161000e+02
4.635000e+02 1.158000e+02
4.635000e+02 1.156500e+02
4.635000e+02 1.155000e+02
4.635000e+02 1.153500e+02
4.635000e+02 1.152000e+02
4.635000e+02 1.152000e+02
4.635000e+02 1.152000e+02
4.635000e+02 1.152000e+02
4.635000e+02 1.152000e+02
4.635000e+02 1.152000e+02
4.635000e+02 1.152000e+02
4.635000e+02 1.152000e+02
4.635000e+02 1.152000e+02
4.635000e+02 1.152000e+02
4.635000e+02 1.152000e+02
4.635000e+02 1.152000e+02
4.635000e+02 1.152000e+02
