2.340000e+02 3.882000e+02
2.340000e+02 3.882000e+02
2.340000e+02 3.882000e+02
2.357500e+02 3.852000e+02
2.375000e+02 3.822000e+02
2.385000e+02 3.804000e+02
2.395000e+02 3.786000e+02
2.422500e+02 3.738000e+02
2.450000e+02 3.690000e+02
2.465000e+02 3.660000e+02
2.480000e+02 3.630000e+02
2.507500e+02 3.570000e+02
2.535000e+02 3.510000e+02
2.562500e+02 3.441000e+02
2.590000e+02 3.372000e+02
2.617500e+02 3.294000e+02
2.645000e+02 3.216000e+02
2.670000e+02 3.144000e+02
2.695000e+02 3.072000e+02
2.717500e+02 3.000000e+02
2.740000e+02 2.928000e+02
2.762500e+02 2.859000e+02
2.785000e+02 2.790000e+02
2.810000e+02 2.721000e+02
2.835000e+02 2.652000e+02
2.845000e+02 2.613000e+02
2.855000e+02 2.574000e+02
2.895000e+02 2.448000e+02
2.930000e+02 2.328000e+02
2.945000e+02 2.268000e+02
2.975000e+02 2.166000e+02
3.000000e+02 2.070000e+02
3.010000e+02 2.028000e+02
3.030000e+02 1.944000e+02
3.045000e+02 1.872000e+02
3.060000e+02 1.806000e+02
3.070000e+02 1.758000e+02
3.085000e+02 1.710000e+02
3.100000e+02 1.674000e+02
3.115000e+02 1.644000e+02
3.130000e+02 1.632000e+02
3.135000e+02 1.626000e+02
3.150000e+02 1.626000e+02
3.165000e+02 1.638000e+02
3.185000e+02 1.662000e+02
3.205000e+02 1.686000e+02
3.230000e+02 1.728000e+02
3.245000e+02 1.758000e+02
3.255000e+02 1.782000e+02
3.285000e+02 1.842000e+02
3.315000e+02 1.908000e+02
3.330000e+02 1.950000e+02
3.365000e+02 2.028000e+02
3.385000e+02 2.070000e+02
3.420000e+02 2.160000e+02
3.445000e+02 2.208000e+02
3.485000e+02 2.304000e+02
3.520000e+02 2.406000e+02
3.540000e+02 2.460000e+02
3.580000e+02 2.568000e+02
3.600000e+02 2.622000e+02
3.640000e+02 2.730000e+02
3.680000e+02 2.838000e+02
3.725000e+02 2.946000e+02
3.750000e+02 3.000000e+02
3.775000e+02 3.054000e+02
3.825000e+02 3.156000e+02
3.850000e+02 3.204000e+02
3.905000e+02 3.306000e+02
3.960000e+02 3.402000e+02
4.010000e+02 3.498000e+02
4.065000e+02 3.582000e+02
4.115000e+02 3.666000e+02
4.140000e+02 3.702000e+02
4.185000e+02 3.768000e+02
4.225000e+02 3.828000e+02
4.240000e+02 3.858000e+02
4.265000e+02 3.906000e+02
4.275000e+02 3.924000e+02
4.290000e+02 3.954000e+02
4.295000e+02 3.972000e+02
4.295000e+02 3.978000e+02
4.290000e+02 3.978000e+02
4.275000e+02 3.972000e+02
4.265000e+02 3.966000e+02
4.230000e+02 3.942000e+02
4.190000e+02 3.912000e+02
4.145000e+02 3.876000e+02
4.120000e+02 3.858000e+02
4.090000e+02 3.834000e+02
4.020000e+02 3.786000e+02
3.935000e+02 3.738000e+02
3.885000e+02 3.708000e+02
3.830000e+02 3.678000e+02
3.710000e+02 3.624000e+02
3.640000e+02 3.594000e+02
3.500000e+02 3.534000e+02
3.345000e+02 3.480000e+02
3.260000e+02 3.456000e+02
3.095000e+02 3.402000e+02
2.930000e+02 3.348000e+02
2.850000e+02 3.324000e+02
2.690000e+02 3.276000e+02
2.610000e+02 3.258000e+02
2.450000e+02 3.222000e+02
2.300000e+02 3.180000e+02
2.165000e+02 3.156000e+02
2.110000e+02 3.144000e+02
2.000000e+02 3.120000e+02
1.915000e+02 3.108000e+02
1.875000e+02 3.102000e+02
1.840000e+02 3.096000e+02
1.795000e+02 3.084000e+02
1.760000e+02 3.078000e+02
1.745000e+02 3.066000e+02
1.755000e+02 3.048000e+02
1.770000e+02 3.036000e+02
1.815000e+02 3.012000e+02
1.885000e+02 2.982000e+02
1.925000e+02 2.970000e+02
2.025000e+02 2.940000e+02
2.085000e+02 2.928000e+02
2.220000e+02 2.886000e+02
2.365000e+02 2.844000e+02
2.445000e+02 2.826000e+02
2.605000e+02 2.796000e+02
2.780000e+02 2.748000e+02
2.865000e+02 2.724000e+02
3.050000e+02 2.670000e+02
3.225000e+02 2.628000e+02
3.315000e+02 2.598000e+02
3.490000e+02 2.550000e+02
3.575000e+02 2.520000e+02
3.745000e+02 2.472000e+02
3.905000e+02 2.418000e+02
3.985000e+02 2.394000e+02
4.060000e+02 2.370000e+02
4.195000e+02 2.328000e+02
4.315000e+02 2.286000e+02
4.370000e+02 2.274000e+02
4.465000e+02 2.244000e+02
4.510000e+02 2.238000e+02
4.585000e+02 2.220000e+02
4.645000e+02 2.214000e+02
4.670000e+02 2.208000e+02
4.710000e+02 2.202000e+02
4.720000e+02 2.202000e+02
4.745000e+02 2.202000e+02
4.755000e+02 2.202000e+02
4.755000e+02 2.208000e+02
4.750000e+02 2.208000e+02
4.730000e+02 2.220000e+02
4.710000e+02 2.232000e+02
4.695000e+02 2.244000e+02
4.675000e+02 2.256000e+02
4.635000e+02 2.280000e+02
4.590000e+02 2.304000e+02
4.565000e+02 2.322000e+02
4.505000e+02 2.364000e+02
4.435000e+02 2.412000e+02
4.390000e+02 2.442000e+02
4.295000e+02 2.514000e+02
4.185000e+02 2.586000e+02
4.120000e+02 2.634000e+02
3.995000e+02 2.724000e+02
3.860000e+02 2.820000e+02
3.790000e+02 2.874000e+02
3.660000e+02 2.976000e+02
3.530000e+02 3.078000e+02
3.470000e+02 3.126000e+02
3.340000e+02 3.228000e+02
3.210000e+02 3.336000e+02
3.080000e+02 3.438000e+02
2.955000e+02 3.540000e+02
2.895000e+02 3.588000e+02
2.785000e+02 3.684000e+02
2.690000e+02 3.768000e+02
2.600000e+02 3.852000e+02
2.565000e+02 3.888000e+02
2.530000e+02 3.924000e+02
2.465000e+02 3.984000e+02
2.415000e+02 4.044000e+02
2.390000e+02 4.068000e+02
2.355000e+02 4.110000e+02
2.320000e+02 4.146000e+02
2.310000e+02 4.158000e+02
2.285000e+02 4.188000e+02
2.270000e+02 4.206000e+02
2.265000e+02 4.218000e+02
2.250000e+02 4.230000e+02
2.245000e+02 4.242000e+02
2.240000e+02 4.248000e+02
2.240000e+02 4.248000e+02
2.235000e+02 4.254000e+02
2.235000e+02 4.254000e+02
2.235000e+02 4.254000e+02
2.230000e+02 4.254000e+02
2.230000e+02 4.254000e+02
2.230000e+02 4.248000e+02
2.230000e+02 4.248000e+02
