1.945000e+02 1.464000e+02
1.945000e+02 1.464000e+02
1.945000e+02 1.464000e+02
1.945000e+02 1.464000e+02
1.945000e+02 1.464000e+02
1.946250e+02 1.465500e+02
1.947500e+02 1.467000e+02
1.948750e+02 1.468500e+02
1.950000e+02 1.470000e+02
1.950000e+02 1.470000e+02
1.950000e+02 1.470000e+02
1.950000e+02 1.470000e+02
1.950000e+02 1.470000e+02
1.950000e+02 1.470000e+02
1.955000e+02 1.473000e+02
1.960000e+02 1.476000e+02
1.962500e+02 1.476000e+02
1.965000e+02 1.476000e+02
1.970000e+02 1.479000e+02
1.975000e+02 1.482000e+02
1.985000e+02 1.485000e+02
1.995000e+02 1.488000e+02
2.007500e+02 1.488000e+02
2.020000e+02 1.488000e+02
2.027500e+02 1.491000e+02
2.035000e+02 1.494000e+02
2.060000e+02 1.497000e+02
2.085000e+02 1.500000e+02
2.095000e+02 1.500000e+02
2.105000e+02 1.500000e+02
2.137500e+02 1.500000e+02
2.170000e+02 1.500000e+02
2.202500e+02 1.500000e+02
2.235000e+02 1.500000e+02
2.260000e+02 1.500000e+02
2.285000e+02 1.500000e+02
2.310000e+02 1.500000e+02
2.335000e+02 1.500000e+02
2.360000e+02 1.500000e+02
2.385000e+02 1.500000e+02
2.412500e+02 1.497000e+02
2.440000e+02 1.494000e+02
2.470000e+02 1.494000e+02
2.500000e+02 1.494000e+02
2.530000e+02 1.491000e+02
2.560000e+02 1.488000e+02
2.590000e+02 1.488000e+02
2.620000e+02 1.488000e+02
2.652500e+02 1.488000e+02
2.685000e+02 1.488000e+02
2.715000e+02 1.485000e+02
2.745000e+02 1.482000e+02
2.777500e+02 1.482000e+02
2.810000e+02 1.482000e+02
2.860000e+02 1.482000e+02
2.910000e+02 1.482000e+02
2.925000e+02 1.482000e+02
2.940000e+02 1.482000e+02
2.970000e+02 1.479000e+02
3.000000e+02 1.476000e+02
3.017500e+02 1.476000e+02
3.035000e+02 1.476000e+02
3.065000e+02 1.476000e+02
3.095000e+02 1.476000e+02
3.130000e+02 1.473000e+02
3.165000e+02 1.470000e+02
3.195000e+02 1.470000e+02
3.225000e+02 1.470000e+02
3.272500e+02 1.467000e+02
3.320000e+02 1.464000e+02
3.372500e+02 1.458000e+02
3.425000e+02 1.452000e+02
3.460000e+02 1.449000e+02
3.495000e+02 1.446000e+02
3.515000e+02 1.446000e+02
3.535000e+02 1.446000e+02
3.567500e+02 1.443000e+02
3.600000e+02 1.440000e+02
3.637500e+02 1.437000e+02
3.675000e+02 1.434000e+02
3.707500e+02 1.431000e+02
3.740000e+02 1.428000e+02
3.777500e+02 1.428000e+02
3.815000e+02 1.428000e+02
3.842500e+02 1.425000e+02
3.870000e+02 1.422000e+02
3.900000e+02 1.422000e+02
3.930000e+02 1.422000e+02
3.972500e+02 1.422000e+02
4.015000e+02 1.422000e+02
4.030000e+02 1.422000e+02
4.045000e+02 1.422000e+02
4.075000e+02 1.419000e+02
4.105000e+02 1.416000e+02
4.132500e+02 1.416000e+02
4.160000e+02 1.416000e+02
4.190000e+02 1.416000e+02
4.220000e+02 1.416000e+02
4.250000e+02 1.413000e+02
4.280000e+02 1.410000e+02
4.310000e+02 1.410000e+02
4.340000e+02 1.410000e+02
4.375000e+02 1.410000e+02
4.410000e+02 1.410000e+02
4.435000e+02 1.407000e+02
4.460000e+02 1.404000e+02
4.490000e+02 1.404000e+02
4.520000e+02 1.404000e+02
4.547500e+02 1.404000e+02
4.575000e+02 1.404000e+02
4.602500e+02 1.401000e+02
4.630000e+02 1.398000e+02
4.657500e+02 1.398000e+02
4.685000e+02 1.398000e+02
4.727500e+02 1.398000e+02
4.770000e+02 1.398000e+02
4.807500e+02 1.395000e+02
4.845000e+02 1.392000e+02
4.872500e+02 1.392000e+02
4.900000e+02 1.392000e+02
4.925000e+02 1.392000e+02
4.950000e+02 1.392000e+02
4.975000e+02 1.392000e+02
5.000000e+02 1.392000e+02
5.022500e+02 1.392000e+02
5.045000e+02 1.392000e+02
5.067500e+02 1.392000e+02
5.090000e+02 1.392000e+02
5.110000e+02 1.395000e+02
5.130000e+02 1.398000e+02
5.152500e+02 1.398000e+02
5.175000e+02 1.398000e+02
5.195000e+02 1.401000e+02
5.215000e+02 1.404000e+02
5.250000e+02 1.404000e+02
5.285000e+02 1.404000e+02
5.295000e+02 1.404000e+02
5.305000e+02 1.404000e+02
5.337500e+02 1.407000e+02
5.370000e+02 1.410000e+02
5.402500e+02 1.413000e+02
5.435000e+02 1.416000e+02
5.462500e+02 1.416000e+02
5.490000e+02 1.416000e+02
5.510000e+02 1.416000e+02
5.530000e+02 1.416000e+02
5.540000e+02 1.416000e+02
5.550000e+02 1.416000e+02
5.575000e+02 1.416000e+02
5.600000e+02 1.416000e+02
5.615000e+02 1.416000e+02
5.630000e+02 1.416000e+02
5.645000e+02 1.416000e+02
5.660000e+02 1.416000e+02
5.672500e+02 1.413000e+02
5.685000e+02 1.410000e+02
5.697500e+02 1.410000e+02
5.710000e+02 1.410000e+02
5.722500e+02 1.410000e+02
5.735000e+02 1.410000e+02
5.745000e+02 1.410000e+02
5.755000e+02 1.410000e+02
5.767500e+02 1.407000e+02
5.780000e+02 1.404000e+02
5.790000e+02 1.404000e+02
5.800000e+02 1.404000e+02
5.810000e+02 1.404000e+02
5.820000e+02 1.404000e+02
5.827500e+02 1.404000e+02
5.835000e+02 1.404000e+02
5.845000e+02 1.404000e+02
5.855000e+02 1.404000e+02
5.862500e+02 1.404000e+02
5.870000e+02 1.404000e+02
5.872500e+02 1.404000e+02
5.875000e+02 1.404000e+02
5.880000e+02 1.404000e+02
5.885000e+02 1.404000e+02
5.892500e+02 1.404000e+02
5.900000e+02 1.404000e+02
5.902500e+02 1.404000e+02
5.905000e+02 1.404000e+02
5.910000e+02 1.404000e+02
5.915000e+02 1.404000e+02
5.917500e+02 1.404000e+02
5.920000e+02 1.404000e+02
5.922500e+02 1.404000e+02
5.925000e+02 1.404000e+02
5.930000e+02 1.404000e+02
5.935000e+02 1.404000e+02
5.940000e+02 1.404000e+02
5.945000e+02 1.404000e+02
5.947500e+02 1.404000e+02
5.950000e+02 1.404000e+02
5.955000e+02 1.407000e+02
5.960000e+02 1.410000e+02
5.962500e+02 1.413000e+02
5.965000e+02 1.416000e+02
5.965000e+02 1.416000e+02
5.965000e+02 1.416000e+02
