5.240000e+02 2.248000e+02
5.072000e+02 2.264000e+02
4.888000e+02 2.264000e+02
4.664000e+02 2.264000e+02
4.344000e+02 2.264000e+02
4.048000e+02 2.240000e+02
3.832000e+02 2.240000e+02
3.616000e+02 2.240000e+02
3.384000e+02 2.224000e+02
3.200000e+02 2.224000e+02
2.880000e+02 2.224000e+02
2.600000e+02 2.224000e+02
2.392000e+02 2.224000e+02
2.280000e+02 2.224000e+02
2.008000e+02 2.224000e+02
1.648000e+02 2.232000e+02
1.544000e+02 2.248000e+02
1.488000e+02 2.248000e+02
1.392000e+02 2.248000e+02
1.280000e+02 2.240000e+02
