3.455000e+02 9.780000e+01
3.455000e+02 9.780000e+01
3.435000e+02 1.032000e+02
3.420000e+02 1.110000e+02
3.405000e+02 1.176000e+02
3.385000e+02 1.248000e+02
3.370000e+02 1.320000e+02
3.350000e+02 1.410000e+02
3.330000e+02 1.494000e+02
3.310000e+02 1.596000e+02
3.280000e+02 1.740000e+02
3.270000e+02 1.782000e+02
3.240000e+02 1.944000e+02
3.225000e+02 2.040000e+02
3.205000e+02 2.136000e+02
3.185000e+02 2.232000e+02
3.165000e+02 2.328000e+02
3.150000e+02 2.418000e+02
3.135000e+02 2.502000e+02
3.125000e+02 2.580000e+02
3.110000e+02 2.658000e+02
3.090000e+02 2.730000e+02
3.075000e+02 2.820000e+02
3.065000e+02 2.880000e+02
3.050000e+02 2.952000e+02
3.040000e+02 3.018000e+02
3.030000e+02 3.084000e+02
3.020000e+02 3.144000e+02
3.010000e+02 3.204000e+02
2.995000e+02 3.294000e+02
2.990000e+02 3.342000e+02
2.980000e+02 3.396000e+02
2.970000e+02 3.444000e+02
2.965000e+02 3.486000e+02
2.955000e+02 3.522000e+02
2.950000e+02 3.564000e+02
2.940000e+02 3.600000e+02
2.940000e+02 3.630000e+02
2.935000e+02 3.666000e+02
2.930000e+02 3.696000e+02
2.925000e+02 3.732000e+02
2.925000e+02 3.762000e+02
2.920000e+02 3.786000e+02
2.920000e+02 3.816000e+02
2.915000e+02 3.858000e+02
2.915000e+02 3.876000e+02
2.910000e+02 3.918000e+02
2.910000e+02 3.948000e+02
2.910000e+02 3.972000e+02
2.905000e+02 4.002000e+02
2.905000e+02 4.026000e+02
2.900000e+02 4.056000e+02
2.900000e+02 4.074000e+02
2.900000e+02 4.098000e+02
2.895000e+02 4.128000e+02
2.895000e+02 4.146000e+02
2.890000e+02 4.176000e+02
2.885000e+02 4.194000e+02
2.885000e+02 4.206000e+02
2.880000e+02 4.218000e+02
2.870000e+02 4.236000e+02
2.870000e+02 4.236000e+02
