2.905000e+02 1.464000e+02
2.905000e+02 1.464000e+02
2.900000e+02 1.464000e+02
2.890000e+02 1.464000e+02
2.880000e+02 1.470000e+02
2.870000e+02 1.476000e+02
2.855000e+02 1.482000e+02
2.845000e+02 1.488000e+02
2.825000e+02 1.500000e+02
2.800000e+02 1.512000e+02
2.765000e+02 1.524000e+02
2.750000e+02 1.530000e+02
2.720000e+02 1.542000e+02
2.705000e+02 1.548000e+02
2.675000e+02 1.566000e+02
2.640000e+02 1.578000e+02
2.625000e+02 1.584000e+02
2.600000e+02 1.602000e+02
2.580000e+02 1.620000e+02
2.570000e+02 1.632000e+02
2.545000e+02 1.656000e+02
2.535000e+02 1.668000e+02
2.510000e+02 1.692000e+02
2.485000e+02 1.710000e+02
2.460000e+02 1.734000e+02
2.445000e+02 1.746000e+02
2.415000e+02 1.782000e+02
2.385000e+02 1.818000e+02
2.370000e+02 1.830000e+02
2.345000e+02 1.866000e+02
2.325000e+02 1.908000e+02
2.310000e+02 1.932000e+02
2.285000e+02 1.968000e+02
2.265000e+02 2.004000e+02
2.255000e+02 2.022000e+02
2.240000e+02 2.064000e+02
2.225000e+02 2.106000e+02
2.215000e+02 2.124000e+02
2.205000e+02 2.160000e+02
2.195000e+02 2.202000e+02
2.190000e+02 2.220000e+02
2.185000e+02 2.262000e+02
2.180000e+02 2.280000e+02
2.175000e+02 2.316000e+02
2.170000e+02 2.364000e+02
2.165000e+02 2.382000e+02
2.160000e+02 2.424000e+02
2.160000e+02 2.460000e+02
2.160000e+02 2.484000e+02
2.160000e+02 2.526000e+02
2.165000e+02 2.568000e+02
2.165000e+02 2.586000e+02
2.170000e+02 2.628000e+02
2.175000e+02 2.676000e+02
2.180000e+02 2.700000e+02
2.185000e+02 2.742000e+02
2.195000e+02 2.784000e+02
2.200000e+02 2.808000e+02
2.215000e+02 2.850000e+02
2.230000e+02 2.892000e+02
2.250000e+02 2.940000e+02
2.270000e+02 2.982000e+02
2.285000e+02 3.024000e+02
2.305000e+02 3.066000e+02
2.315000e+02 3.084000e+02
2.340000e+02 3.126000e+02
2.365000e+02 3.162000e+02
2.380000e+02 3.180000e+02
2.405000e+02 3.216000e+02
2.430000e+02 3.246000e+02
2.440000e+02 3.264000e+02
2.475000e+02 3.294000e+02
2.505000e+02 3.324000e+02
2.520000e+02 3.336000e+02
2.550000e+02 3.360000e+02
2.585000e+02 3.384000e+02
2.605000e+02 3.390000e+02
2.640000e+02 3.408000e+02
2.675000e+02 3.426000e+02
2.695000e+02 3.438000e+02
2.740000e+02 3.456000e+02
2.775000e+02 3.474000e+02
2.800000e+02 3.480000e+02
2.845000e+02 3.498000e+02
2.865000e+02 3.504000e+02
2.905000e+02 3.516000e+02
2.950000e+02 3.528000e+02
2.970000e+02 3.528000e+02
3.010000e+02 3.540000e+02
3.055000e+02 3.546000e+02
3.075000e+02 3.546000e+02
3.120000e+02 3.552000e+02
3.165000e+02 3.552000e+02
3.190000e+02 3.552000e+02
3.235000e+02 3.552000e+02
3.275000e+02 3.558000e+02
3.295000e+02 3.552000e+02
3.340000e+02 3.552000e+02
3.385000e+02 3.546000e+02
3.405000e+02 3.546000e+02
3.450000e+02 3.534000e+02
3.475000e+02 3.528000e+02
3.515000e+02 3.516000e+02
3.560000e+02 3.498000e+02
3.580000e+02 3.486000e+02
3.615000e+02 3.468000e+02
3.655000e+02 3.450000e+02
3.670000e+02 3.438000e+02
3.705000e+02 3.426000e+02
3.720000e+02 3.420000e+02
3.755000e+02 3.408000e+02
3.785000e+02 3.390000e+02
3.815000e+02 3.372000e+02
3.830000e+02 3.366000e+02
3.860000e+02 3.342000e+02
3.885000e+02 3.324000e+02
3.900000e+02 3.312000e+02
3.920000e+02 3.288000e+02
3.945000e+02 3.270000e+02
3.960000e+02 3.258000e+02
3.985000e+02 3.240000e+02
4.005000e+02 3.222000e+02
4.015000e+02 3.216000e+02
4.035000e+02 3.198000e+02
4.045000e+02 3.174000e+02
4.055000e+02 3.168000e+02
4.065000e+02 3.144000e+02
4.080000e+02 3.126000e+02
4.085000e+02 3.114000e+02
4.105000e+02 3.090000e+02
4.120000e+02 3.066000e+02
4.130000e+02 3.054000e+02
4.145000e+02 3.024000e+02
4.165000e+02 3.000000e+02
4.170000e+02 2.988000e+02
4.185000e+02 2.964000e+02
4.200000e+02 2.940000e+02
4.210000e+02 2.928000e+02
4.220000e+02 2.898000e+02
4.230000e+02 2.862000e+02
4.230000e+02 2.844000e+02
4.235000e+02 2.820000e+02
4.235000e+02 2.790000e+02
4.235000e+02 2.754000e+02
4.240000e+02 2.736000e+02
4.235000e+02 2.700000e+02
4.235000e+02 2.664000e+02
4.235000e+02 2.640000e+02
4.230000e+02 2.592000e+02
4.225000e+02 2.544000e+02
4.225000e+02 2.520000e+02
4.220000e+02 2.466000e+02
4.215000e+02 2.418000e+02
4.210000e+02 2.388000e+02
4.205000e+02 2.334000e+02
4.195000e+02 2.286000e+02
4.190000e+02 2.262000e+02
4.180000e+02 2.214000e+02
4.165000e+02 2.166000e+02
4.155000e+02 2.142000e+02
4.125000e+02 2.082000e+02
4.100000e+02 2.046000e+02
4.085000e+02 2.028000e+02
4.060000e+02 1.986000e+02
4.035000e+02 1.944000e+02
4.005000e+02 1.914000e+02
3.990000e+02 1.902000e+02
3.965000e+02 1.872000e+02
3.940000e+02 1.836000e+02
3.925000e+02 1.818000e+02
3.895000e+02 1.788000e+02
3.870000e+02 1.764000e+02
3.860000e+02 1.752000e+02
3.835000e+02 1.728000e+02
3.825000e+02 1.716000e+02
3.795000e+02 1.692000e+02
3.765000e+02 1.662000e+02
3.740000e+02 1.632000e+02
3.730000e+02 1.626000e+02
3.700000e+02 1.602000e+02
3.670000e+02 1.590000e+02
3.655000e+02 1.578000e+02
3.625000e+02 1.566000e+02
3.595000e+02 1.548000e+02
3.580000e+02 1.542000e+02
3.545000e+02 1.524000e+02
3.525000e+02 1.518000e+02
3.490000e+02 1.500000e+02
3.455000e+02 1.488000e+02
3.435000e+02 1.476000e+02
3.390000e+02 1.464000e+02
3.355000e+02 1.452000e+02
3.335000e+02 1.446000e+02
3.295000e+02 1.440000e+02
3.255000e+02 1.434000e+02
3.240000e+02 1.434000e+02
3.210000e+02 1.428000e+02
3.175000e+02 1.422000e+02
3.165000e+02 1.422000e+02
3.135000e+02 1.422000e+02
3.115000e+02 1.416000e+02
3.105000e+02 1.416000e+02
3.090000e+02 1.410000e+02
3.070000e+02 1.410000e+02
3.065000e+02 1.410000e+02
3.045000e+02 1.410000e+02
3.035000e+02 1.410000e+02
3.005000e+02 1.410000e+02
2.970000e+02 1.422000e+02
2.950000e+02 1.422000e+02
2.910000e+02 1.434000e+02
2.880000e+02 1.440000e+02
2.870000e+02 1.446000e+02
2.870000e+02 1.446000e+02
