1.010000e+02 3.756000e+02
1.010000e+02 3.756000e+02
1.015000e+02 3.744000e+02
1.025000e+02 3.726000e+02
1.030000e+02 3.720000e+02
1.045000e+02 3.696000e+02
1.065000e+02 3.654000e+02
1.085000e+02 3.630000e+02
1.100000e+02 3.600000e+02
1.120000e+02 3.570000e+02
1.140000e+02 3.534000e+02
1.165000e+02 3.504000e+02
1.190000e+02 3.462000e+02
1.215000e+02 3.432000e+02
1.240000e+02 3.396000e+02
1.265000e+02 3.354000e+02
1.290000e+02 3.312000e+02
1.320000e+02 3.270000e+02
1.350000e+02 3.228000e+02
1.375000e+02 3.186000e+02
1.405000e+02 3.144000e+02
1.455000e+02 3.072000e+02
1.485000e+02 3.024000e+02
1.515000e+02 2.982000e+02
1.550000e+02 2.928000e+02
1.585000e+02 2.880000e+02
1.615000e+02 2.832000e+02
1.645000e+02 2.784000e+02
1.680000e+02 2.736000e+02
1.715000e+02 2.682000e+02
1.750000e+02 2.640000e+02
1.780000e+02 2.586000e+02
1.815000e+02 2.538000e+02
1.855000e+02 2.484000e+02
1.890000e+02 2.430000e+02
1.935000e+02 2.382000e+02
1.975000e+02 2.328000e+02
2.015000e+02 2.274000e+02
2.060000e+02 2.214000e+02
2.130000e+02 2.130000e+02
2.175000e+02 2.070000e+02
2.215000e+02 2.022000e+02
2.255000e+02 1.962000e+02
2.295000e+02 1.908000e+02
2.340000e+02 1.854000e+02
2.385000e+02 1.794000e+02
2.430000e+02 1.734000e+02
2.475000e+02 1.674000e+02
2.515000e+02 1.620000e+02
2.585000e+02 1.524000e+02
2.630000e+02 1.464000e+02
2.670000e+02 1.404000e+02
2.710000e+02 1.344000e+02
2.750000e+02 1.296000e+02
2.785000e+02 1.242000e+02
2.815000e+02 1.194000e+02
2.845000e+02 1.152000e+02
2.870000e+02 1.116000e+02
2.890000e+02 1.086000e+02
2.910000e+02 1.050000e+02
2.935000e+02 1.020000e+02
2.950000e+02 9.960000e+01
2.965000e+02 9.780000e+01
2.975000e+02 9.600000e+01
2.985000e+02 9.480000e+01
2.995000e+02 9.360000e+01
3.005000e+02 9.240000e+01
3.010000e+02 9.180000e+01
3.015000e+02 9.060000e+01
3.020000e+02 9.000000e+01
3.025000e+02 9.000000e+01
3.025000e+02 8.940000e+01
3.030000e+02 8.940000e+01
3.035000e+02 8.940000e+01
3.035000e+02 8.940000e+01
3.040000e+02 8.940000e+01
3.045000e+02 8.940000e+01
3.055000e+02 9.000000e+01
3.065000e+02 9.120000e+01
3.080000e+02 9.240000e+01
3.095000e+02 9.360000e+01
3.110000e+02 9.540000e+01
3.130000e+02 9.780000e+01
3.150000e+02 1.002000e+02
3.185000e+02 1.044000e+02
3.205000e+02 1.074000e+02
3.230000e+02 1.104000e+02
3.255000e+02 1.134000e+02
3.285000e+02 1.170000e+02
3.315000e+02 1.200000e+02
3.340000e+02 1.230000e+02
3.375000e+02 1.266000e+02
3.405000e+02 1.302000e+02
3.440000e+02 1.332000e+02
3.470000e+02 1.368000e+02
3.500000e+02 1.404000e+02
3.535000e+02 1.446000e+02
3.570000e+02 1.488000e+02
3.605000e+02 1.524000e+02
3.655000e+02 1.590000e+02
3.700000e+02 1.650000e+02
3.735000e+02 1.698000e+02
3.785000e+02 1.770000e+02
3.820000e+02 1.812000e+02
3.855000e+02 1.866000e+02
3.885000e+02 1.908000e+02
3.920000e+02 1.962000e+02
3.950000e+02 2.010000e+02
3.980000e+02 2.058000e+02
4.020000e+02 2.124000e+02
4.035000e+02 2.148000e+02
4.080000e+02 2.226000e+02
4.110000e+02 2.268000e+02
4.140000e+02 2.310000e+02
4.170000e+02 2.358000e+02
4.205000e+02 2.406000e+02
4.235000e+02 2.454000e+02
4.265000e+02 2.502000e+02
4.290000e+02 2.550000e+02
4.320000e+02 2.598000e+02
4.350000e+02 2.646000e+02
4.375000e+02 2.694000e+02
4.400000e+02 2.742000e+02
4.425000e+02 2.796000e+02
4.450000e+02 2.844000e+02
4.475000e+02 2.892000e+02
4.495000e+02 2.940000e+02
4.515000e+02 2.988000e+02
4.550000e+02 3.054000e+02
4.560000e+02 3.078000e+02
4.590000e+02 3.138000e+02
4.610000e+02 3.180000e+02
4.625000e+02 3.210000e+02
4.640000e+02 3.240000e+02
4.655000e+02 3.270000e+02
4.670000e+02 3.300000e+02
4.685000e+02 3.330000e+02
4.695000e+02 3.354000e+02
4.710000e+02 3.372000e+02
4.720000e+02 3.390000e+02
4.730000e+02 3.414000e+02
4.735000e+02 3.432000e+02
4.745000e+02 3.444000e+02
4.750000e+02 3.462000e+02
4.760000e+02 3.474000e+02
4.765000e+02 3.486000e+02
4.765000e+02 3.492000e+02
4.770000e+02 3.504000e+02
4.775000e+02 3.510000e+02
4.775000e+02 3.510000e+02
4.780000e+02 3.516000e+02
4.780000e+02 3.522000e+02
4.780000e+02 3.522000e+02
4.780000e+02 3.522000e+02
