7.550000e+01 4.038000e+02
7.550000e+01 4.038000e+02
7.450000e+01 4.032000e+02
7.400000e+01 4.026000e+02
7.300000e+01 3.996000e+02
7.250000e+01 3.942000e+02
7.300000e+01 3.864000e+02
7.400000e+01 3.762000e+02
7.650000e+01 3.636000e+02
7.900000e+01 3.510000e+02
8.150000e+01 3.378000e+02
8.450000e+01 3.246000e+02
8.700000e+01 3.102000e+02
9.000000e+01 2.940000e+02
9.250000e+01 2.796000e+02
9.550000e+01 2.646000e+02
9.850000e+01 2.496000e+02
1.020000e+02 2.346000e+02
1.050000e+02 2.184000e+02
1.085000e+02 2.046000e+02
1.110000e+02 1.908000e+02
1.140000e+02 1.770000e+02
1.180000e+02 1.566000e+02
1.210000e+02 1.422000e+02
1.235000e+02 1.296000e+02
1.255000e+02 1.176000e+02
1.280000e+02 1.050000e+02
1.295000e+02 9.960000e+01
1.320000e+02 8.820000e+01
1.345000e+02 7.860000e+01
1.365000e+02 7.020000e+01
1.385000e+02 6.240000e+01
1.400000e+02 5.580000e+01
1.415000e+02 5.040000e+01
1.430000e+02 4.680000e+01
1.440000e+02 4.320000e+01
1.450000e+02 4.140000e+01
1.460000e+02 4.080000e+01
1.485000e+02 4.140000e+01
1.510000e+02 4.320000e+01
1.540000e+02 4.680000e+01
1.575000e+02 5.280000e+01
1.610000e+02 5.940000e+01
1.645000e+02 6.840000e+01
1.685000e+02 7.800000e+01
1.725000e+02 8.820000e+01
1.765000e+02 9.900000e+01
1.825000e+02 1.122000e+02
1.900000e+02 1.314000e+02
1.990000e+02 1.512000e+02
2.050000e+02 1.650000e+02
2.115000e+02 1.806000e+02
2.210000e+02 2.022000e+02
2.275000e+02 2.172000e+02
2.335000e+02 2.316000e+02
2.405000e+02 2.472000e+02
2.460000e+02 2.604000e+02
2.520000e+02 2.736000e+02
2.580000e+02 2.868000e+02
2.665000e+02 3.048000e+02
2.725000e+02 3.168000e+02
2.770000e+02 3.264000e+02
2.815000e+02 3.348000e+02
2.885000e+02 3.498000e+02
2.915000e+02 3.564000e+02
2.940000e+02 3.612000e+02
2.960000e+02 3.648000e+02
2.970000e+02 3.678000e+02
2.980000e+02 3.702000e+02
2.985000e+02 3.720000e+02
2.985000e+02 3.726000e+02
2.985000e+02 3.738000e+02
2.985000e+02 3.744000e+02
2.980000e+02 3.744000e+02
2.965000e+02 3.744000e+02
2.930000e+02 3.732000e+02
2.870000e+02 3.708000e+02
2.765000e+02 3.648000e+02
2.725000e+02 3.624000e+02
2.595000e+02 3.552000e+02
2.460000e+02 3.480000e+02
2.330000e+02 3.396000e+02
2.220000e+02 3.330000e+02
2.120000e+02 3.264000e+02
2.025000e+02 3.192000e+02
1.925000e+02 3.114000e+02
1.820000e+02 3.030000e+02
1.710000e+02 2.946000e+02
1.610000e+02 2.862000e+02
1.510000e+02 2.778000e+02
1.410000e+02 2.694000e+02
1.310000e+02 2.610000e+02
1.195000e+02 2.514000e+02
1.100000e+02 2.424000e+02
1.010000e+02 2.346000e+02
8.850000e+01 2.226000e+02
8.450000e+01 2.190000e+02
7.300000e+01 2.076000e+02
6.350000e+01 1.980000e+02
5.550000e+01 1.896000e+02
5.000000e+01 1.842000e+02
4.300000e+01 1.764000e+02
3.900000e+01 1.722000e+02
3.600000e+01 1.686000e+02
3.300000e+01 1.656000e+02
3.150000e+01 1.632000e+02
2.950000e+01 1.608000e+02
2.850000e+01 1.590000e+02
2.800000e+01 1.584000e+02
2.800000e+01 1.578000e+02
2.800000e+01 1.572000e+02
2.800000e+01 1.572000e+02
2.850000e+01 1.566000e+02
3.100000e+01 1.554000e+02
3.550000e+01 1.542000e+02
4.250000e+01 1.524000e+02
4.950000e+01 1.506000e+02
6.250000e+01 1.476000e+02
7.250000e+01 1.458000e+02
9.050000e+01 1.422000e+02
1.075000e+02 1.380000e+02
1.195000e+02 1.350000e+02
1.260000e+02 1.332000e+02
1.460000e+02 1.278000e+02
1.585000e+02 1.248000e+02
1.710000e+02 1.224000e+02
1.780000e+02 1.200000e+02
1.965000e+02 1.152000e+02
2.105000e+02 1.122000e+02
2.225000e+02 1.092000e+02
2.345000e+02 1.068000e+02
2.460000e+02 1.044000e+02
2.575000e+02 1.020000e+02
2.685000e+02 9.900000e+01
2.785000e+02 9.720000e+01
2.880000e+02 9.540000e+01
2.960000e+02 9.420000e+01
3.035000e+02 9.240000e+01
3.100000e+02 9.180000e+01
3.185000e+02 9.000000e+01
3.220000e+02 9.000000e+01
3.245000e+02 9.000000e+01
3.265000e+02 8.940000e+01
3.280000e+02 8.940000e+01
3.290000e+02 9.000000e+01
3.295000e+02 9.000000e+01
3.300000e+02 9.060000e+01
3.300000e+02 9.120000e+01
3.300000e+02 9.180000e+01
3.290000e+02 9.480000e+01
3.270000e+02 9.840000e+01
3.235000e+02 1.038000e+02
3.190000e+02 1.092000e+02
3.130000e+02 1.164000e+02
3.065000e+02 1.236000e+02
2.990000e+02 1.320000e+02
2.910000e+02 1.404000e+02
2.815000e+02 1.500000e+02
2.665000e+02 1.668000e+02
2.560000e+02 1.782000e+02
2.460000e+02 1.902000e+02
2.360000e+02 2.028000e+02
2.250000e+02 2.160000e+02
2.155000e+02 2.286000e+02
2.045000e+02 2.430000e+02
1.945000e+02 2.562000e+02
1.840000e+02 2.700000e+02
1.725000e+02 2.844000e+02
1.630000e+02 2.970000e+02
1.530000e+02 3.108000e+02
1.435000e+02 3.228000e+02
1.335000e+02 3.360000e+02
1.240000e+02 3.492000e+02
1.110000e+02 3.660000e+02
1.000000e+02 3.816000e+02
9.300000e+01 3.912000e+02
8.550000e+01 4.008000e+02
7.950000e+01 4.086000e+02
7.200000e+01 4.182000e+02
6.850000e+01 4.230000e+02
6.600000e+01 4.266000e+02
6.400000e+01 4.290000e+02
6.300000e+01 4.302000e+02
6.200000e+01 4.314000e+02
6.150000e+01 4.320000e+02
6.150000e+01 4.326000e+02
6.100000e+01 4.326000e+02
6.100000e+01 4.332000e+02
6.100000e+01 4.332000e+02
6.050000e+01 4.332000e+02
6.050000e+01 4.332000e+02
6.050000e+01 4.332000e+02
6.050000e+01 4.332000e+02
6.050000e+01 4.338000e+02
6.050000e+01 4.338000e+02
