2.665000e+02 1.782000e+02
2.665000e+02 1.782000e+02
2.665000e+02 1.776000e+02
2.670000e+02 1.770000e+02
2.730000e+02 1.734000e+02
2.820000e+02 1.704000e+02
2.940000e+02 1.668000e+02
3.080000e+02 1.632000e+02
3.240000e+02 1.596000e+02
3.410000e+02 1.566000e+02
3.580000e+02 1.542000e+02
3.760000e+02 1.524000e+02
3.940000e+02 1.506000e+02
4.125000e+02 1.488000e+02
4.290000e+02 1.470000e+02
4.440000e+02 1.458000e+02
4.605000e+02 1.446000e+02
4.710000e+02 1.440000e+02
4.770000e+02 1.440000e+02
4.885000e+02 1.440000e+02
4.950000e+02 1.446000e+02
5.005000e+02 1.458000e+02
5.050000e+02 1.464000e+02
5.070000e+02 1.470000e+02
5.105000e+02 1.488000e+02
5.120000e+02 1.494000e+02
5.130000e+02 1.506000e+02
5.135000e+02 1.512000e+02
5.140000e+02 1.518000e+02
5.140000e+02 1.530000e+02
5.140000e+02 1.548000e+02
5.130000e+02 1.572000e+02
5.115000e+02 1.608000e+02
5.090000e+02 1.650000e+02
5.060000e+02 1.704000e+02
5.020000e+02 1.788000e+02
4.970000e+02 1.902000e+02
4.945000e+02 1.986000e+02
4.905000e+02 2.130000e+02
4.880000e+02 2.274000e+02
4.855000e+02 2.424000e+02
4.840000e+02 2.532000e+02
4.820000e+02 2.616000e+02
4.810000e+02 2.700000e+02
4.795000e+02 2.784000e+02
4.785000e+02 2.862000e+02
4.775000e+02 2.964000e+02
4.770000e+02 3.012000e+02
4.765000e+02 3.078000e+02
4.760000e+02 3.114000e+02
4.755000e+02 3.156000e+02
4.750000e+02 3.174000e+02
4.750000e+02 3.180000e+02
4.745000e+02 3.192000e+02
4.745000e+02 3.204000e+02
4.740000e+02 3.216000e+02
4.735000e+02 3.222000e+02
4.735000e+02 3.222000e+02
4.730000e+02 3.228000e+02
4.725000e+02 3.228000e+02
4.715000e+02 3.228000e+02
4.700000e+02 3.234000e+02
4.635000e+02 3.234000e+02
4.520000e+02 3.234000e+02
4.400000e+02 3.228000e+02
4.240000e+02 3.216000e+02
4.060000e+02 3.210000e+02
3.930000e+02 3.210000e+02
3.785000e+02 3.216000e+02
3.635000e+02 3.228000e+02
3.485000e+02 3.246000e+02
3.325000e+02 3.276000e+02
3.165000e+02 3.312000e+02
3.000000e+02 3.354000e+02
2.855000e+02 3.390000e+02
2.735000e+02 3.414000e+02
2.630000e+02 3.444000e+02
2.550000e+02 3.468000e+02
2.475000e+02 3.480000e+02
2.425000e+02 3.492000e+02
2.380000e+02 3.498000e+02
2.350000e+02 3.498000e+02
2.330000e+02 3.504000e+02
2.315000e+02 3.504000e+02
2.315000e+02 3.504000e+02
2.305000e+02 3.504000e+02
2.305000e+02 3.498000e+02
2.305000e+02 3.498000e+02
2.305000e+02 3.498000e+02
2.305000e+02 3.492000e+02
2.310000e+02 3.480000e+02
2.330000e+02 3.450000e+02
2.355000e+02 3.408000e+02
2.380000e+02 3.330000e+02
2.420000e+02 3.150000e+02
2.425000e+02 2.976000e+02
2.425000e+02 2.832000e+02
2.425000e+02 2.682000e+02
2.425000e+02 2.556000e+02
2.430000e+02 2.448000e+02
2.435000e+02 2.376000e+02
2.440000e+02 2.304000e+02
2.450000e+02 2.256000e+02
2.460000e+02 2.220000e+02
2.460000e+02 2.202000e+02
2.465000e+02 2.184000e+02
2.465000e+02 2.184000e+02
2.465000e+02 2.178000e+02
2.470000e+02 2.172000e+02
2.470000e+02 2.172000e+02
2.470000e+02 2.166000e+02
2.465000e+02 2.166000e+02
2.465000e+02 2.166000e+02
2.465000e+02 2.166000e+02
2.465000e+02 2.166000e+02
2.465000e+02 2.160000e+02
2.465000e+02 2.160000e+02
