3.365000e+02 1.182000e+02
3.365000e+02 1.182000e+02
3.365000e+02 1.182000e+02
3.365000e+02 1.182000e+02
3.365000e+02 1.188000e+02
3.365000e+02 1.194000e+02
3.360000e+02 1.206000e+02
3.360000e+02 1.224000e+02
3.360000e+02 1.278000e+02
3.360000e+02 1.302000e+02
3.360000e+02 1.344000e+02
3.360000e+02 1.392000e+02
3.365000e+02 1.488000e+02
3.365000e+02 1.518000e+02
3.360000e+02 1.590000e+02
3.355000e+02 1.674000e+02
3.355000e+02 1.794000e+02
3.355000e+02 1.872000e+02
3.355000e+02 1.950000e+02
3.355000e+02 2.022000e+02
3.360000e+02 2.100000e+02
3.360000e+02 2.172000e+02
3.365000e+02 2.238000e+02
3.365000e+02 2.310000e+02
3.370000e+02 2.370000e+02
3.375000e+02 2.430000e+02
3.380000e+02 2.478000e+02
3.385000e+02 2.526000e+02
3.390000e+02 2.568000e+02
3.390000e+02 2.604000e+02
3.395000e+02 2.640000e+02
3.395000e+02 2.676000e+02
3.400000e+02 2.712000e+02
3.400000e+02 2.730000e+02
3.400000e+02 2.754000e+02
3.405000e+02 2.772000e+02
3.405000e+02 2.790000e+02
3.405000e+02 2.796000e+02
3.405000e+02 2.808000e+02
3.405000e+02 2.814000e+02
3.410000e+02 2.820000e+02
3.410000e+02 2.826000e+02
3.410000e+02 2.832000e+02
3.410000e+02 2.838000e+02
3.410000e+02 2.844000e+02
3.410000e+02 2.844000e+02
