2.130000e+02 3.684000e+02
2.130000e+02 3.684000e+02
2.130000e+02 3.642000e+02
2.130000e+02 3.588000e+02
2.135000e+02 3.558000e+02
2.135000e+02 3.480000e+02
2.145000e+02 3.390000e+02
2.145000e+02 3.336000e+02
2.155000e+02 3.222000e+02
2.160000e+02 3.090000e+02
2.165000e+02 3.024000e+02
2.175000e+02 2.880000e+02
2.190000e+02 2.730000e+02
2.195000e+02 2.664000e+02
2.225000e+02 2.436000e+02
2.250000e+02 2.298000e+02
2.275000e+02 2.160000e+02
2.305000e+02 2.028000e+02
2.320000e+02 1.962000e+02
2.335000e+02 1.902000e+02
2.370000e+02 1.776000e+02
2.400000e+02 1.668000e+02
2.415000e+02 1.614000e+02
2.450000e+02 1.512000e+02
2.485000e+02 1.416000e+02
2.505000e+02 1.374000e+02
2.540000e+02 1.284000e+02
2.570000e+02 1.212000e+02
2.590000e+02 1.182000e+02
2.620000e+02 1.116000e+02
2.650000e+02 1.062000e+02
2.665000e+02 1.038000e+02
2.690000e+02 1.002000e+02
2.715000e+02 9.780000e+01
2.730000e+02 9.660000e+01
2.750000e+02 9.540000e+01
2.775000e+02 9.420000e+01
2.795000e+02 9.360000e+01
2.815000e+02 9.360000e+01
2.830000e+02 9.420000e+01
2.850000e+02 9.420000e+01
2.875000e+02 9.600000e+01
2.895000e+02 9.780000e+01
2.920000e+02 1.008000e+02
2.945000e+02 1.038000e+02
2.970000e+02 1.074000e+02
3.000000e+02 1.122000e+02
3.030000e+02 1.170000e+02
3.060000e+02 1.218000e+02
3.075000e+02 1.248000e+02
3.110000e+02 1.308000e+02
3.140000e+02 1.368000e+02
3.160000e+02 1.398000e+02
3.195000e+02 1.470000e+02
3.235000e+02 1.548000e+02
3.250000e+02 1.578000e+02
3.285000e+02 1.668000e+02
3.305000e+02 1.710000e+02
3.340000e+02 1.794000e+02
3.380000e+02 1.884000e+02
3.420000e+02 1.986000e+02
3.440000e+02 2.028000e+02
3.485000e+02 2.124000e+02
3.500000e+02 2.172000e+02
3.545000e+02 2.268000e+02
3.590000e+02 2.370000e+02
3.610000e+02 2.424000e+02
3.650000e+02 2.520000e+02
3.695000e+02 2.622000e+02
3.715000e+02 2.670000e+02
3.760000e+02 2.766000e+02
3.810000e+02 2.868000e+02
3.830000e+02 2.916000e+02
3.870000e+02 3.006000e+02
3.905000e+02 3.096000e+02
3.925000e+02 3.132000e+02
3.960000e+02 3.222000e+02
3.990000e+02 3.288000e+02
4.005000e+02 3.324000e+02
4.030000e+02 3.390000e+02
4.050000e+02 3.450000e+02
4.060000e+02 3.480000e+02
4.080000e+02 3.528000e+02
4.095000e+02 3.576000e+02
4.115000e+02 3.618000e+02
4.125000e+02 3.654000e+02
4.140000e+02 3.678000e+02
4.140000e+02 3.684000e+02
4.145000e+02 3.702000e+02
4.150000e+02 3.714000e+02
4.140000e+02 3.720000e+02
4.135000e+02 3.726000e+02
4.135000e+02 3.726000e+02
2.130000e+02 3.684000e+02
2.130000e+02 3.684000e+02
2.130000e+02 3.642000e+02
2.130000e+02 3.588000e+02
2.135000e+02 3.558000e+02
2.135000e+02 3.480000e+02
2.145000e+02 3.390000e+02
2.145000e+02 3.336000e+02
2.155000e+02 3.222000e+02
2.160000e+02 3.090000e+02
2.165000e+02 3.024000e+02
2.175000e+02 2.880000e+02
2.190000e+02 2.730000e+02
2.195000e+02 2.664000e+02
2.225000e+02 2.436000e+02
2.250000e+02 2.298000e+02
2.275000e+02 2.160000e+02
2.305000e+02 2.028000e+02
2.320000e+02 1.962000e+02
2.335000e+02 1.902000e+02
2.370000e+02 1.776000e+02
2.400000e+02 1.668000e+02
2.415000e+02 1.614000e+02
2.450000e+02 1.512000e+02
2.485000e+02 1.416000e+02
2.505000e+02 1.374000e+02
2.540000e+02 1.284000e+02
2.570000e+02 1.212000e+02
2.590000e+02 1.182000e+02
2.620000e+02 1.116000e+02
2.650000e+02 1.062000e+02
2.665000e+02 1.038000e+02
2.690000e+02 1.002000e+02
2.715000e+02 9.780000e+01
2.730000e+02 9.660000e+01
2.750000e+02 9.540000e+01
2.775000e+02 9.420000e+01
2.795000e+02 9.360000e+01
2.815000e+02 9.360000e+01
2.830000e+02 9.420000e+01
2.850000e+02 9.420000e+01
2.875000e+02 9.600000e+01
2.895000e+02 9.780000e+01
2.920000e+02 1.008000e+02
2.945000e+02 1.038000e+02
2.970000e+02 1.074000e+02
3.000000e+02 1.122000e+02
3.030000e+02 1.170000e+02
3.060000e+02 1.218000e+02
3.075000e+02 1.248000e+02
3.110000e+02 1.308000e+02
3.140000e+02 1.368000e+02
3.160000e+02 1.398000e+02
3.195000e+02 1.470000e+02
3.235000e+02 1.548000e+02
3.250000e+02 1.578000e+02
3.285000e+02 1.668000e+02
3.305000e+02 1.710000e+02
3.340000e+02 1.794000e+02
3.380000e+02 1.884000e+02
3.420000e+02 1.986000e+02
3.440000e+02 2.028000e+02
3.485000e+02 2.124000e+02
3.500000e+02 2.172000e+02
3.545000e+02 2.268000e+02
3.590000e+02 2.370000e+02
3.610000e+02 2.424000e+02
3.650000e+02 2.520000e+02
3.695000e+02 2.622000e+02
3.715000e+02 2.670000e+02
3.760000e+02 2.766000e+02
3.810000e+02 2.868000e+02
3.830000e+02 2.916000e+02
3.870000e+02 3.006000e+02
3.905000e+02 3.096000e+02
3.925000e+02 3.132000e+02
3.960000e+02 3.222000e+02
3.990000e+02 3.288000e+02
4.005000e+02 3.324000e+02
4.030000e+02 3.390000e+02
4.050000e+02 3.450000e+02
4.060000e+02 3.480000e+02
4.080000e+02 3.528000e+02
4.095000e+02 3.576000e+02
4.115000e+02 3.618000e+02
4.125000e+02 3.654000e+02
4.140000e+02 3.678000e+02
4.140000e+02 3.684000e+02
4.145000e+02 3.702000e+02
4.150000e+02 3.714000e+02
4.140000e+02 3.720000e+02
4.135000e+02 3.726000e+02
4.135000e+02 3.726000e+02
