3.015000e+02 8.940000e+01
3.015000e+02 8.940000e+01
3.015000e+02 8.940000e+01
3.015000e+02 9.060000e+01
3.020000e+02 9.180000e+01
3.020000e+02 9.420000e+01
3.025000e+02 9.840000e+01
3.030000e+02 1.056000e+02
3.030000e+02 1.116000e+02
3.030000e+02 1.176000e+02
3.035000e+02 1.236000e+02
3.035000e+02 1.302000e+02
3.035000e+02 1.362000e+02
3.035000e+02 1.434000e+02
3.030000e+02 1.500000e+02
3.030000e+02 1.578000e+02
3.030000e+02 1.644000e+02
3.025000e+02 1.722000e+02
3.025000e+02 1.794000e+02
3.025000e+02 1.884000e+02
3.020000e+02 1.956000e+02
3.020000e+02 2.046000e+02
3.020000e+02 2.124000e+02
3.015000e+02 2.214000e+02
3.015000e+02 2.304000e+02
3.005000e+02 2.424000e+02
3.000000e+02 2.556000e+02
2.990000e+02 2.682000e+02
2.985000e+02 2.772000e+02
2.980000e+02 2.850000e+02
2.980000e+02 2.934000e+02
2.975000e+02 3.012000e+02
2.975000e+02 3.108000e+02
2.975000e+02 3.186000e+02
2.975000e+02 3.276000e+02
2.975000e+02 3.366000e+02
2.975000e+02 3.444000e+02
2.975000e+02 3.534000e+02
2.975000e+02 3.606000e+02
2.970000e+02 3.684000e+02
2.970000e+02 3.762000e+02
2.965000e+02 3.834000e+02
2.960000e+02 3.906000e+02
2.955000e+02 4.002000e+02
2.945000e+02 4.110000e+02
2.945000e+02 4.158000e+02
2.940000e+02 4.206000e+02
2.935000e+02 4.242000e+02
2.935000e+02 4.272000e+02
2.930000e+02 4.302000e+02
2.930000e+02 4.326000e+02
2.930000e+02 4.350000e+02
2.930000e+02 4.416000e+02
2.930000e+02 4.416000e+02
