2.100000e+02 9.660000e+01
2.100000e+02 9.660000e+01
2.105000e+02 9.720000e+01
2.110000e+02 9.780000e+01
2.120000e+02 9.960000e+01
2.165000e+02 1.050000e+02
2.205000e+02 1.092000e+02
2.250000e+02 1.146000e+02
2.310000e+02 1.206000e+02
2.365000e+02 1.272000e+02
2.430000e+02 1.344000e+02
2.520000e+02 1.458000e+02
2.560000e+02 1.494000e+02
2.635000e+02 1.584000e+02
2.710000e+02 1.674000e+02
2.790000e+02 1.764000e+02
2.865000e+02 1.848000e+02
2.940000e+02 1.950000e+02
3.025000e+02 2.058000e+02
3.140000e+02 2.202000e+02
3.185000e+02 2.250000e+02
3.260000e+02 2.346000e+02
3.345000e+02 2.448000e+02
3.445000e+02 2.556000e+02
3.525000e+02 2.646000e+02
3.605000e+02 2.742000e+02
3.685000e+02 2.832000e+02
3.755000e+02 2.910000e+02
3.835000e+02 3.006000e+02
3.895000e+02 3.078000e+02
3.960000e+02 3.156000e+02
4.015000e+02 3.222000e+02
4.070000e+02 3.294000e+02
4.120000e+02 3.360000e+02
4.175000e+02 3.420000e+02
4.215000e+02 3.474000e+02
4.255000e+02 3.516000e+02
4.290000e+02 3.558000e+02
4.325000e+02 3.600000e+02
4.350000e+02 3.630000e+02
4.365000e+02 3.648000e+02
4.380000e+02 3.666000e+02
4.390000e+02 3.678000e+02
4.395000e+02 3.696000e+02
4.400000e+02 3.702000e+02
4.405000e+02 3.702000e+02
4.405000e+02 3.708000e+02
4.405000e+02 3.708000e+02
4.400000e+02 3.708000e+02
4.400000e+02 3.714000e+02
4.390000e+02 3.714000e+02
4.385000e+02 3.714000e+02
4.365000e+02 3.714000e+02
4.330000e+02 3.708000e+02
4.305000e+02 3.708000e+02
4.245000e+02 3.708000e+02
4.215000e+02 3.708000e+02
4.125000e+02 3.702000e+02
4.030000e+02 3.702000e+02
3.940000e+02 3.702000e+02
3.845000e+02 3.702000e+02
3.710000e+02 3.702000e+02
3.605000e+02 3.702000e+02
3.545000e+02 3.708000e+02
3.375000e+02 3.714000e+02
3.140000e+02 3.732000e+02
3.015000e+02 3.756000e+02
2.880000e+02 3.774000e+02
2.765000e+02 3.792000e+02
2.655000e+02 3.816000e+02
2.550000e+02 3.828000e+02
2.445000e+02 3.846000e+02
2.335000e+02 3.864000e+02
2.195000e+02 3.882000e+02
2.060000e+02 3.906000e+02
1.980000e+02 3.924000e+02
1.910000e+02 3.930000e+02
1.845000e+02 3.942000e+02
1.790000e+02 3.954000e+02
1.730000e+02 3.966000e+02
1.685000e+02 3.972000e+02
1.635000e+02 3.978000e+02
1.600000e+02 3.984000e+02
1.575000e+02 3.984000e+02
1.555000e+02 3.990000e+02
1.545000e+02 3.990000e+02
1.530000e+02 3.984000e+02
1.530000e+02 3.984000e+02
1.525000e+02 3.978000e+02
1.520000e+02 3.978000e+02
1.520000e+02 3.972000e+02
1.520000e+02 3.966000e+02
1.520000e+02 3.954000e+02
1.530000e+02 3.936000e+02
1.550000e+02 3.894000e+02
1.595000e+02 3.816000e+02
1.670000e+02 3.696000e+02
1.725000e+02 3.612000e+02
1.815000e+02 3.480000e+02
1.865000e+02 3.402000e+02
1.940000e+02 3.300000e+02
2.000000e+02 3.222000e+02
2.100000e+02 3.090000e+02
2.185000e+02 2.988000e+02
2.325000e+02 2.820000e+02
2.415000e+02 2.712000e+02
2.500000e+02 2.610000e+02
2.655000e+02 2.436000e+02
2.760000e+02 2.322000e+02
2.825000e+02 2.250000e+02
2.985000e+02 2.088000e+02
3.035000e+02 2.034000e+02
3.200000e+02 1.878000e+02
3.365000e+02 1.716000e+02
3.475000e+02 1.614000e+02
3.575000e+02 1.524000e+02
3.670000e+02 1.428000e+02
3.760000e+02 1.344000e+02
3.880000e+02 1.224000e+02
3.920000e+02 1.182000e+02
3.975000e+02 1.122000e+02
4.035000e+02 1.062000e+02
4.085000e+02 1.002000e+02
4.120000e+02 9.600000e+01
4.150000e+02 9.240000e+01
4.175000e+02 8.940000e+01
4.190000e+02 8.700000e+01
4.200000e+02 8.580000e+01
4.210000e+02 8.460000e+01
4.210000e+02 8.460000e+01
4.215000e+02 8.460000e+01
4.230000e+02 8.400000e+01
4.230000e+02 8.400000e+01
