2.280000e+02 3.906000e+02
2.280000e+02 3.906000e+02
2.280000e+02 3.900000e+02
2.270000e+02 3.870000e+02
2.260000e+02 3.828000e+02
2.250000e+02 3.780000e+02
2.245000e+02 3.732000e+02
2.240000e+02 3.672000e+02
2.235000e+02 3.612000e+02
2.230000e+02 3.540000e+02
2.230000e+02 3.468000e+02
2.225000e+02 3.384000e+02
2.220000e+02 3.300000e+02
2.215000e+02 3.162000e+02
2.215000e+02 3.120000e+02
2.215000e+02 2.988000e+02
2.215000e+02 2.898000e+02
2.215000e+02 2.808000e+02
2.215000e+02 2.712000e+02
2.215000e+02 2.622000e+02
2.215000e+02 2.532000e+02
2.210000e+02 2.430000e+02
2.210000e+02 2.340000e+02
2.210000e+02 2.250000e+02
2.215000e+02 2.124000e+02
2.215000e+02 2.052000e+02
2.220000e+02 1.962000e+02
2.225000e+02 1.842000e+02
2.235000e+02 1.728000e+02
2.240000e+02 1.650000e+02
2.240000e+02 1.584000e+02
2.245000e+02 1.512000e+02
2.250000e+02 1.452000e+02
2.255000e+02 1.386000e+02
2.255000e+02 1.326000e+02
2.260000e+02 1.272000e+02
2.260000e+02 1.212000e+02
2.260000e+02 1.158000e+02
2.260000e+02 1.110000e+02
2.260000e+02 1.056000e+02
2.260000e+02 1.008000e+02
2.265000e+02 9.600000e+01
2.265000e+02 8.820000e+01
2.265000e+02 8.460000e+01
2.265000e+02 8.100000e+01
2.265000e+02 7.740000e+01
2.265000e+02 7.380000e+01
2.270000e+02 7.080000e+01
2.270000e+02 6.840000e+01
2.270000e+02 6.480000e+01
2.270000e+02 6.120000e+01
2.270000e+02 6.120000e+01
