2.030000e+02 3.498000e+02
2.030000e+02 3.498000e+02
2.065000e+02 3.402000e+02
2.110000e+02 3.306000e+02
2.160000e+02 3.180000e+02
2.185000e+02 3.120000e+02
2.230000e+02 2.994000e+02
2.270000e+02 2.874000e+02
2.295000e+02 2.748000e+02
2.320000e+02 2.604000e+02
2.350000e+02 2.454000e+02
2.360000e+02 2.376000e+02
2.395000e+02 2.202000e+02
2.425000e+02 2.046000e+02
2.460000e+02 1.908000e+02
2.500000e+02 1.794000e+02
2.515000e+02 1.746000e+02
2.550000e+02 1.662000e+02
2.585000e+02 1.578000e+02
2.600000e+02 1.548000e+02
2.630000e+02 1.482000e+02
2.650000e+02 1.422000e+02
2.665000e+02 1.392000e+02
2.685000e+02 1.338000e+02
2.715000e+02 1.272000e+02
2.745000e+02 1.212000e+02
2.770000e+02 1.158000e+02
2.800000e+02 1.116000e+02
2.810000e+02 1.092000e+02
2.840000e+02 1.062000e+02
2.870000e+02 1.038000e+02
2.885000e+02 1.026000e+02
2.915000e+02 1.014000e+02
2.945000e+02 1.008000e+02
2.965000e+02 1.008000e+02
2.995000e+02 1.020000e+02
3.025000e+02 1.038000e+02
3.035000e+02 1.044000e+02
3.065000e+02 1.068000e+02
3.100000e+02 1.086000e+02
3.115000e+02 1.098000e+02
3.150000e+02 1.128000e+02
3.165000e+02 1.146000e+02
3.220000e+02 1.200000e+02
3.255000e+02 1.242000e+02
3.295000e+02 1.290000e+02
3.320000e+02 1.320000e+02
3.360000e+02 1.374000e+02
3.405000e+02 1.440000e+02
3.425000e+02 1.470000e+02
3.470000e+02 1.542000e+02
3.490000e+02 1.578000e+02
3.535000e+02 1.650000e+02
3.580000e+02 1.728000e+02
3.615000e+02 1.806000e+02
3.655000e+02 1.878000e+02
3.700000e+02 1.956000e+02
3.735000e+02 2.040000e+02
3.775000e+02 2.130000e+02
3.820000e+02 2.208000e+02
3.840000e+02 2.250000e+02
3.885000e+02 2.334000e+02
3.925000e+02 2.406000e+02
3.950000e+02 2.442000e+02
3.970000e+02 2.478000e+02
4.010000e+02 2.544000e+02
4.050000e+02 2.604000e+02
4.070000e+02 2.634000e+02
4.110000e+02 2.688000e+02
4.150000e+02 2.730000e+02
4.165000e+02 2.760000e+02
4.200000e+02 2.808000e+02
4.225000e+02 2.856000e+02
4.235000e+02 2.874000e+02
4.245000e+02 2.898000e+02
4.250000e+02 2.952000e+02
4.235000e+02 3.000000e+02
4.230000e+02 3.024000e+02
4.215000e+02 3.042000e+02
4.185000e+02 3.084000e+02
4.165000e+02 3.102000e+02
4.125000e+02 3.138000e+02
4.075000e+02 3.168000e+02
4.025000e+02 3.186000e+02
3.965000e+02 3.198000e+02
3.905000e+02 3.204000e+02
3.840000e+02 3.204000e+02
3.805000e+02 3.198000e+02
3.730000e+02 3.192000e+02
3.655000e+02 3.180000e+02
3.615000e+02 3.168000e+02
3.530000e+02 3.150000e+02
3.440000e+02 3.126000e+02
3.395000e+02 3.114000e+02
3.295000e+02 3.084000e+02
3.195000e+02 3.048000e+02
3.140000e+02 3.030000e+02
3.090000e+02 3.006000e+02
2.980000e+02 2.964000e+02
2.870000e+02 2.916000e+02
2.810000e+02 2.886000e+02
2.695000e+02 2.826000e+02
2.585000e+02 2.760000e+02
2.480000e+02 2.694000e+02
2.370000e+02 2.616000e+02
2.265000e+02 2.550000e+02
2.155000e+02 2.478000e+02
2.100000e+02 2.448000e+02
1.990000e+02 2.400000e+02
1.885000e+02 2.358000e+02
1.830000e+02 2.346000e+02
1.720000e+02 2.322000e+02
1.665000e+02 2.304000e+02
1.565000e+02 2.286000e+02
1.470000e+02 2.262000e+02
1.380000e+02 2.250000e+02
1.340000e+02 2.238000e+02
1.260000e+02 2.232000e+02
1.195000e+02 2.226000e+02
1.165000e+02 2.220000e+02
1.115000e+02 2.220000e+02
1.075000e+02 2.220000e+02
1.045000e+02 2.214000e+02
1.030000e+02 2.214000e+02
1.020000e+02 2.214000e+02
1.025000e+02 2.214000e+02
1.035000e+02 2.208000e+02
1.060000e+02 2.196000e+02
1.075000e+02 2.190000e+02
1.125000e+02 2.178000e+02
1.155000e+02 2.172000e+02
1.225000e+02 2.142000e+02
1.310000e+02 2.106000e+02
1.365000e+02 2.088000e+02
1.475000e+02 2.058000e+02
1.600000e+02 2.022000e+02
1.665000e+02 2.004000e+02
1.810000e+02 1.962000e+02
1.950000e+02 1.920000e+02
2.025000e+02 1.902000e+02
2.180000e+02 1.866000e+02
2.350000e+02 1.818000e+02
2.530000e+02 1.770000e+02
2.705000e+02 1.722000e+02
2.885000e+02 1.662000e+02
2.975000e+02 1.638000e+02
3.155000e+02 1.590000e+02
3.315000e+02 1.554000e+02
3.390000e+02 1.536000e+02
3.530000e+02 1.500000e+02
3.660000e+02 1.476000e+02
3.725000e+02 1.464000e+02
3.850000e+02 1.440000e+02
3.970000e+02 1.422000e+02
4.025000e+02 1.410000e+02
4.180000e+02 1.386000e+02
4.265000e+02 1.374000e+02
4.340000e+02 1.374000e+02
4.410000e+02 1.362000e+02
4.435000e+02 1.362000e+02
4.480000e+02 1.362000e+02
4.495000e+02 1.362000e+02
4.525000e+02 1.368000e+02
4.540000e+02 1.368000e+02
4.545000e+02 1.374000e+02
4.555000e+02 1.374000e+02
4.555000e+02 1.386000e+02
4.540000e+02 1.398000e+02
4.530000e+02 1.404000e+02
4.500000e+02 1.428000e+02
4.455000e+02 1.476000e+02
4.395000e+02 1.518000e+02
4.320000e+02 1.590000e+02
4.275000e+02 1.626000e+02
4.180000e+02 1.704000e+02
4.070000e+02 1.800000e+02
3.960000e+02 1.896000e+02
3.845000e+02 2.004000e+02
3.730000e+02 2.112000e+02
3.675000e+02 2.172000e+02
3.560000e+02 2.280000e+02
3.440000e+02 2.388000e+02
3.380000e+02 2.448000e+02
3.255000e+02 2.556000e+02
3.130000e+02 2.664000e+02
3.065000e+02 2.718000e+02
2.955000e+02 2.814000e+02
2.820000e+02 2.946000e+02
2.780000e+02 2.982000e+02
2.700000e+02 3.060000e+02
2.585000e+02 3.168000e+02
2.545000e+02 3.210000e+02
2.415000e+02 3.336000e+02
2.335000e+02 3.426000e+02
2.295000e+02 3.468000e+02
2.210000e+02 3.552000e+02
2.170000e+02 3.588000e+02
2.080000e+02 3.660000e+02
2.000000e+02 3.732000e+02
1.930000e+02 3.786000e+02
1.855000e+02 3.840000e+02
1.790000e+02 3.906000e+02
1.715000e+02 3.978000e+02
1.715000e+02 3.978000e+02
