1.405000e+02 2.454000e+02
1.405000e+02 2.454000e+02
1.405000e+02 2.454000e+02
1.405000e+02 2.454000e+02
1.405000e+02 2.454000e+02
1.405000e+02 2.454000e+02
1.405000e+02 2.454000e+02
1.405000e+02 2.454000e+02
1.405000e+02 2.460000e+02
1.410000e+02 2.460000e+02
1.415000e+02 2.466000e+02
1.425000e+02 2.478000e+02
1.440000e+02 2.490000e+02
1.465000e+02 2.508000e+02
1.490000e+02 2.538000e+02
1.515000e+02 2.568000e+02
1.545000e+02 2.604000e+02
1.585000e+02 2.646000e+02
1.615000e+02 2.688000e+02
1.655000e+02 2.736000e+02
1.715000e+02 2.814000e+02
1.755000e+02 2.862000e+02
1.790000e+02 2.916000e+02
1.835000e+02 2.976000e+02
1.875000e+02 3.024000e+02
1.910000e+02 3.072000e+02
1.960000e+02 3.144000e+02
1.990000e+02 3.186000e+02
2.035000e+02 3.252000e+02
2.075000e+02 3.306000e+02
2.100000e+02 3.336000e+02
2.120000e+02 3.372000e+02
2.145000e+02 3.408000e+02
2.170000e+02 3.444000e+02
2.195000e+02 3.486000e+02
2.220000e+02 3.522000e+02
2.240000e+02 3.552000e+02
2.265000e+02 3.588000e+02
2.295000e+02 3.630000e+02
2.315000e+02 3.654000e+02
2.325000e+02 3.672000e+02
2.340000e+02 3.684000e+02
2.345000e+02 3.696000e+02
2.355000e+02 3.702000e+02
2.360000e+02 3.714000e+02
2.365000e+02 3.720000e+02
2.370000e+02 3.726000e+02
2.375000e+02 3.726000e+02
2.375000e+02 3.732000e+02
2.380000e+02 3.738000e+02
2.380000e+02 3.738000e+02
2.385000e+02 3.738000e+02
2.385000e+02 3.738000e+02
2.385000e+02 3.744000e+02
2.385000e+02 3.744000e+02
2.385000e+02 3.744000e+02
2.390000e+02 3.744000e+02
2.390000e+02 3.738000e+02
2.390000e+02 3.738000e+02
2.390000e+02 3.738000e+02
2.395000e+02 3.738000e+02
2.395000e+02 3.732000e+02
2.400000e+02 3.726000e+02
2.420000e+02 3.708000e+02
2.445000e+02 3.690000e+02
2.470000e+02 3.660000e+02
2.500000e+02 3.630000e+02
2.535000e+02 3.594000e+02
2.565000e+02 3.564000e+02
2.595000e+02 3.528000e+02
2.625000e+02 3.492000e+02
2.660000e+02 3.450000e+02
2.695000e+02 3.408000e+02
2.730000e+02 3.360000e+02
2.765000e+02 3.312000e+02
2.805000e+02 3.264000e+02
2.845000e+02 3.210000e+02
2.910000e+02 3.120000e+02
2.960000e+02 3.060000e+02
3.005000e+02 3.000000e+02
3.110000e+02 2.856000e+02
3.170000e+02 2.784000e+02
3.225000e+02 2.718000e+02
3.285000e+02 2.646000e+02
3.345000e+02 2.574000e+02
3.410000e+02 2.496000e+02
3.505000e+02 2.388000e+02
3.570000e+02 2.316000e+02
3.645000e+02 2.226000e+02
3.720000e+02 2.142000e+02
3.790000e+02 2.058000e+02
3.860000e+02 1.986000e+02
3.925000e+02 1.914000e+02
3.995000e+02 1.842000e+02
4.065000e+02 1.776000e+02
4.125000e+02 1.710000e+02
4.190000e+02 1.644000e+02
4.250000e+02 1.596000e+02
4.310000e+02 1.542000e+02
4.360000e+02 1.494000e+02
4.400000e+02 1.452000e+02
4.430000e+02 1.428000e+02
4.465000e+02 1.392000e+02
4.475000e+02 1.386000e+02
4.495000e+02 1.368000e+02
4.505000e+02 1.356000e+02
4.510000e+02 1.350000e+02
4.515000e+02 1.344000e+02
4.515000e+02 1.338000e+02
4.520000e+02 1.338000e+02
4.525000e+02 1.332000e+02
4.525000e+02 1.332000e+02
4.525000e+02 1.332000e+02
4.525000e+02 1.332000e+02
4.525000e+02 1.332000e+02
4.515000e+02 1.338000e+02
4.515000e+02 1.338000e+02
