1.925000e+02 2.154000e+02
1.925000e+02 2.154000e+02
1.925000e+02 2.154000e+02
1.925000e+02 2.154000e+02
1.930000e+02 2.154000e+02
1.935000e+02 2.166000e+02
1.950000e+02 2.196000e+02
1.970000e+02 2.232000e+02
1.990000e+02 2.268000e+02
2.010000e+02 2.310000e+02
2.030000e+02 2.352000e+02
2.045000e+02 2.394000e+02
2.070000e+02 2.436000e+02
2.090000e+02 2.484000e+02
2.115000e+02 2.532000e+02
2.135000e+02 2.580000e+02
2.155000e+02 2.622000e+02
2.180000e+02 2.670000e+02
2.200000e+02 2.712000e+02
2.225000e+02 2.754000e+02
2.245000e+02 2.796000e+02
2.265000e+02 2.838000e+02
2.290000e+02 2.886000e+02
2.310000e+02 2.922000e+02
2.325000e+02 2.946000e+02
2.335000e+02 2.958000e+02
2.340000e+02 2.964000e+02
2.340000e+02 2.970000e+02
2.345000e+02 2.976000e+02
2.345000e+02 2.976000e+02
2.350000e+02 2.982000e+02
2.350000e+02 2.982000e+02
2.350000e+02 2.982000e+02
2.355000e+02 2.982000e+02
2.355000e+02 2.976000e+02
2.355000e+02 2.970000e+02
2.355000e+02 2.970000e+02
2.355000e+02 2.964000e+02
2.360000e+02 2.952000e+02
2.360000e+02 2.946000e+02
2.365000e+02 2.934000e+02
2.370000e+02 2.916000e+02
2.375000e+02 2.910000e+02
2.385000e+02 2.886000e+02
2.400000e+02 2.868000e+02
2.420000e+02 2.844000e+02
2.445000e+02 2.820000e+02
2.475000e+02 2.790000e+02
2.505000e+02 2.766000e+02
2.540000e+02 2.736000e+02
2.580000e+02 2.712000e+02
2.610000e+02 2.688000e+02
2.655000e+02 2.664000e+02
2.695000e+02 2.646000e+02
2.740000e+02 2.622000e+02
2.800000e+02 2.598000e+02
2.865000e+02 2.568000e+02
2.935000e+02 2.538000e+02
3.000000e+02 2.514000e+02
3.065000e+02 2.484000e+02
3.175000e+02 2.454000e+02
3.255000e+02 2.424000e+02
3.325000e+02 2.406000e+02
3.400000e+02 2.388000e+02
3.470000e+02 2.370000e+02
3.545000e+02 2.352000e+02
3.615000e+02 2.340000e+02
3.690000e+02 2.328000e+02
3.755000e+02 2.316000e+02
3.820000e+02 2.304000e+02
3.885000e+02 2.298000e+02
3.950000e+02 2.292000e+02
4.040000e+02 2.280000e+02
4.065000e+02 2.280000e+02
4.120000e+02 2.274000e+02
4.175000e+02 2.274000e+02
4.225000e+02 2.268000e+02
4.270000e+02 2.262000e+02
4.310000e+02 2.256000e+02
4.365000e+02 2.250000e+02
4.380000e+02 2.250000e+02
4.410000e+02 2.250000e+02
4.440000e+02 2.250000e+02
4.455000e+02 2.244000e+02
4.470000e+02 2.244000e+02
4.480000e+02 2.244000e+02
4.485000e+02 2.244000e+02
4.495000e+02 2.244000e+02
4.500000e+02 2.244000e+02
4.500000e+02 2.244000e+02
4.505000e+02 2.244000e+02
4.510000e+02 2.244000e+02
4.510000e+02 2.244000e+02
4.515000e+02 2.244000e+02
4.515000e+02 2.244000e+02
4.515000e+02 2.244000e+02
4.520000e+02 2.244000e+02
4.520000e+02 2.238000e+02
4.520000e+02 2.238000e+02
4.520000e+02 2.238000e+02
4.520000e+02 2.238000e+02
4.515000e+02 2.244000e+02
4.515000e+02 2.244000e+02
4.515000e+02 2.244000e+02
