1.230000e+02 2.658000e+02
1.230000e+02 2.658000e+02
1.230000e+02 2.664000e+02
1.230000e+02 2.664000e+02
1.225000e+02 2.670000e+02
1.230000e+02 2.676000e+02
1.235000e+02 2.682000e+02
1.245000e+02 2.694000e+02
1.285000e+02 2.706000e+02
1.330000e+02 2.712000e+02
1.375000e+02 2.712000e+02
1.435000e+02 2.718000e+02
1.490000e+02 2.712000e+02
1.565000e+02 2.712000e+02
1.625000e+02 2.712000e+02
1.700000e+02 2.712000e+02
1.775000e+02 2.712000e+02
1.850000e+02 2.712000e+02
1.935000e+02 2.718000e+02
2.015000e+02 2.724000e+02
2.095000e+02 2.730000e+02
2.175000e+02 2.742000e+02
2.245000e+02 2.742000e+02
2.325000e+02 2.748000e+02
2.435000e+02 2.760000e+02
2.505000e+02 2.772000e+02
2.610000e+02 2.790000e+02
2.695000e+02 2.814000e+02
2.760000e+02 2.832000e+02
2.830000e+02 2.856000e+02
2.900000e+02 2.874000e+02
2.970000e+02 2.904000e+02
3.050000e+02 2.940000e+02
3.120000e+02 2.976000e+02
3.200000e+02 3.024000e+02
3.265000e+02 3.060000e+02
3.335000e+02 3.096000e+02
3.410000e+02 3.126000e+02
3.475000e+02 3.144000e+02
3.540000e+02 3.162000e+02
3.635000e+02 3.174000e+02
3.700000e+02 3.174000e+02
3.765000e+02 3.168000e+02
3.825000e+02 3.156000e+02
3.885000e+02 3.150000e+02
3.945000e+02 3.138000e+02
4.010000e+02 3.126000e+02
4.070000e+02 3.114000e+02
4.125000e+02 3.102000e+02
4.205000e+02 3.090000e+02
4.235000e+02 3.084000e+02
4.290000e+02 3.078000e+02
4.340000e+02 3.066000e+02
4.385000e+02 3.060000e+02
4.415000e+02 3.054000e+02
4.460000e+02 3.048000e+02
4.505000e+02 3.036000e+02
4.580000e+02 3.024000e+02
4.645000e+02 3.012000e+02
4.685000e+02 3.000000e+02
4.740000e+02 2.982000e+02
4.775000e+02 2.970000e+02
4.820000e+02 2.952000e+02
4.845000e+02 2.940000e+02
4.865000e+02 2.928000e+02
4.885000e+02 2.922000e+02
4.905000e+02 2.910000e+02
4.920000e+02 2.898000e+02
4.935000e+02 2.892000e+02
4.950000e+02 2.880000e+02
4.965000e+02 2.874000e+02
4.985000e+02 2.868000e+02
5.000000e+02 2.856000e+02
5.020000e+02 2.850000e+02
5.040000e+02 2.838000e+02
5.065000e+02 2.832000e+02
5.075000e+02 2.832000e+02
5.075000e+02 2.832000e+02
