4.610000e+02 2.004000e+02
4.610000e+02 2.004000e+02
4.605000e+02 2.004000e+02
4.600000e+02 2.004000e+02
4.590000e+02 1.998000e+02
4.575000e+02 1.998000e+02
4.550000e+02 1.992000e+02
4.520000e+02 1.992000e+02
4.485000e+02 1.992000e+02
4.445000e+02 1.986000e+02
4.405000e+02 1.980000e+02
4.350000e+02 1.980000e+02
4.300000e+02 1.980000e+02
4.270000e+02 1.974000e+02
4.185000e+02 1.974000e+02
4.120000e+02 1.974000e+02
4.050000e+02 1.974000e+02
3.980000e+02 1.974000e+02
3.915000e+02 1.968000e+02
3.840000e+02 1.968000e+02
3.765000e+02 1.968000e+02
3.690000e+02 1.968000e+02
3.615000e+02 1.968000e+02
3.500000e+02 1.968000e+02
3.430000e+02 1.968000e+02
3.390000e+02 1.968000e+02
3.320000e+02 1.962000e+02
3.255000e+02 1.962000e+02
3.195000e+02 1.962000e+02
3.130000e+02 1.962000e+02
3.070000e+02 1.962000e+02
3.010000e+02 1.956000e+02
2.985000e+02 1.956000e+02
2.960000e+02 1.956000e+02
2.910000e+02 1.956000e+02
2.860000e+02 1.956000e+02
2.810000e+02 1.956000e+02
2.765000e+02 1.950000e+02
2.725000e+02 1.950000e+02
2.670000e+02 1.950000e+02
2.640000e+02 1.950000e+02
2.605000e+02 1.944000e+02
2.580000e+02 1.944000e+02
2.555000e+02 1.944000e+02
2.535000e+02 1.944000e+02
2.510000e+02 1.944000e+02
2.490000e+02 1.944000e+02
2.470000e+02 1.944000e+02
2.450000e+02 1.944000e+02
2.440000e+02 1.950000e+02
2.425000e+02 1.950000e+02
2.420000e+02 1.950000e+02
2.400000e+02 1.950000e+02
2.385000e+02 1.950000e+02
2.375000e+02 1.950000e+02
2.365000e+02 1.950000e+02
2.355000e+02 1.950000e+02
2.350000e+02 1.950000e+02
2.340000e+02 1.950000e+02
2.335000e+02 1.950000e+02
2.325000e+02 1.950000e+02
2.320000e+02 1.950000e+02
2.315000e+02 1.950000e+02
2.310000e+02 1.950000e+02
2.310000e+02 1.950000e+02
2.305000e+02 1.950000e+02
2.305000e+02 1.956000e+02
2.305000e+02 1.956000e+02
