4.215000e+02 2.370000e+02
4.215000e+02 2.370000e+02
4.210000e+02 2.370000e+02
4.205000e+02 2.370000e+02
4.185000e+02 2.364000e+02
4.155000e+02 2.364000e+02
4.090000e+02 2.358000e+02
4.040000e+02 2.358000e+02
3.965000e+02 2.346000e+02
3.885000e+02 2.340000e+02
3.800000e+02 2.334000e+02
3.710000e+02 2.328000e+02
3.625000e+02 2.322000e+02
3.490000e+02 2.322000e+02
3.455000e+02 2.322000e+02
3.300000e+02 2.328000e+02
3.220000e+02 2.328000e+02
3.140000e+02 2.334000e+02
3.070000e+02 2.340000e+02
3.000000e+02 2.346000e+02
2.945000e+02 2.352000e+02
2.895000e+02 2.358000e+02
2.850000e+02 2.358000e+02
2.810000e+02 2.358000e+02
2.770000e+02 2.358000e+02
2.735000e+02 2.358000e+02
2.695000e+02 2.352000e+02
2.655000e+02 2.352000e+02
2.620000e+02 2.346000e+02
2.585000e+02 2.346000e+02
2.555000e+02 2.346000e+02
2.530000e+02 2.346000e+02
2.505000e+02 2.346000e+02
2.485000e+02 2.352000e+02
2.470000e+02 2.358000e+02
2.455000e+02 2.358000e+02
2.445000e+02 2.364000e+02
2.440000e+02 2.364000e+02
2.430000e+02 2.370000e+02
2.430000e+02 2.370000e+02
2.425000e+02 2.376000e+02
2.425000e+02 2.376000e+02
