1.270000e+02 1.320000e+02
1.270000e+02 1.320000e+02
1.270000e+02 1.314000e+02
1.270000e+02 1.314000e+02
1.270000e+02 1.314000e+02
1.270000e+02 1.314000e+02
1.270000e+02 1.314000e+02
1.270000e+02 1.320000e+02
1.275000e+02 1.320000e+02
1.275000e+02 1.326000e+02
1.280000e+02 1.338000e+02
1.290000e+02 1.374000e+02
1.300000e+02 1.398000e+02
1.310000e+02 1.428000e+02
1.320000e+02 1.464000e+02
1.335000e+02 1.500000e+02
1.345000e+02 1.536000e+02
1.355000e+02 1.572000e+02
1.365000e+02 1.608000e+02
1.375000e+02 1.638000e+02
1.385000e+02 1.668000e+02
1.395000e+02 1.698000e+02
1.410000e+02 1.728000e+02
1.420000e+02 1.758000e+02
1.430000e+02 1.788000e+02
1.440000e+02 1.812000e+02
1.455000e+02 1.836000e+02
1.465000e+02 1.866000e+02
1.480000e+02 1.902000e+02
1.490000e+02 1.920000e+02
1.495000e+02 1.944000e+02
1.505000e+02 1.962000e+02
1.510000e+02 1.992000e+02
1.515000e+02 2.004000e+02
1.520000e+02 2.010000e+02
1.520000e+02 2.022000e+02
1.520000e+02 2.028000e+02
1.525000e+02 2.034000e+02
1.525000e+02 2.046000e+02
1.525000e+02 2.046000e+02
1.525000e+02 2.052000e+02
1.530000e+02 2.058000e+02
1.530000e+02 2.064000e+02
1.530000e+02 2.064000e+02
1.530000e+02 2.070000e+02
1.530000e+02 2.070000e+02
1.535000e+02 2.070000e+02
1.535000e+02 2.070000e+02
1.535000e+02 2.070000e+02
1.545000e+02 2.070000e+02
1.565000e+02 2.058000e+02
1.605000e+02 2.034000e+02
1.685000e+02 1.986000e+02
1.745000e+02 1.950000e+02
1.780000e+02 1.926000e+02
1.860000e+02 1.878000e+02
1.930000e+02 1.842000e+02
2.000000e+02 1.806000e+02
2.110000e+02 1.746000e+02
2.190000e+02 1.710000e+02
2.350000e+02 1.644000e+02
2.450000e+02 1.608000e+02
2.550000e+02 1.566000e+02
2.665000e+02 1.530000e+02
2.775000e+02 1.488000e+02
2.885000e+02 1.452000e+02
2.990000e+02 1.422000e+02
3.095000e+02 1.386000e+02
3.210000e+02 1.356000e+02
3.370000e+02 1.314000e+02
3.485000e+02 1.284000e+02
3.595000e+02 1.254000e+02
3.715000e+02 1.230000e+02
3.895000e+02 1.188000e+02
4.045000e+02 1.152000e+02
4.140000e+02 1.140000e+02
4.215000e+02 1.122000e+02
4.290000e+02 1.116000e+02
4.345000e+02 1.110000e+02
4.400000e+02 1.104000e+02
4.440000e+02 1.098000e+02
4.470000e+02 1.092000e+02
4.495000e+02 1.092000e+02
4.510000e+02 1.092000e+02
4.525000e+02 1.092000e+02
4.535000e+02 1.092000e+02
4.540000e+02 1.092000e+02
4.545000e+02 1.092000e+02
4.550000e+02 1.098000e+02
4.550000e+02 1.098000e+02
4.550000e+02 1.098000e+02
4.555000e+02 1.098000e+02
4.555000e+02 1.098000e+02
