4.040000e+02 1.686000e+02
4.040000e+02 1.686000e+02
4.040000e+02 1.680000e+02
4.035000e+02 1.668000e+02
4.030000e+02 1.656000e+02
4.020000e+02 1.638000e+02
4.015000e+02 1.620000e+02
4.000000e+02 1.602000e+02
3.985000e+02 1.578000e+02
3.970000e+02 1.554000e+02
3.950000e+02 1.524000e+02
3.930000e+02 1.488000e+02
3.895000e+02 1.446000e+02
3.885000e+02 1.434000e+02
3.855000e+02 1.404000e+02
3.825000e+02 1.368000e+02
3.795000e+02 1.332000e+02
3.750000e+02 1.284000e+02
3.715000e+02 1.254000e+02
3.680000e+02 1.218000e+02
3.640000e+02 1.182000e+02
3.600000e+02 1.146000e+02
3.580000e+02 1.128000e+02
3.535000e+02 1.092000e+02
3.485000e+02 1.062000e+02
3.405000e+02 1.014000e+02
3.345000e+02 9.840000e+01
3.255000e+02 9.480000e+01
3.200000e+02 9.300000e+01
3.130000e+02 9.120000e+01
3.070000e+02 8.940000e+01
3.000000e+02 8.820000e+01
2.935000e+02 8.700000e+01
2.865000e+02 8.640000e+01
2.795000e+02 8.520000e+01
2.720000e+02 8.520000e+01
2.655000e+02 8.580000e+01
2.555000e+02 8.640000e+01
2.515000e+02 8.700000e+01
2.440000e+02 8.880000e+01
2.365000e+02 9.060000e+01
2.305000e+02 9.240000e+01
2.235000e+02 9.480000e+01
2.175000e+02 9.720000e+01
2.080000e+02 1.020000e+02
2.050000e+02 1.038000e+02
1.995000e+02 1.074000e+02
1.940000e+02 1.110000e+02
1.915000e+02 1.134000e+02
1.835000e+02 1.200000e+02
1.790000e+02 1.242000e+02
1.740000e+02 1.296000e+02
1.700000e+02 1.338000e+02
1.665000e+02 1.386000e+02
1.630000e+02 1.440000e+02
1.595000e+02 1.494000e+02
1.565000e+02 1.554000e+02
1.540000e+02 1.614000e+02
1.520000e+02 1.668000e+02
1.505000e+02 1.734000e+02
1.490000e+02 1.800000e+02
1.470000e+02 1.896000e+02
1.460000e+02 1.962000e+02
1.450000e+02 2.040000e+02
1.445000e+02 2.142000e+02
1.445000e+02 2.208000e+02
1.450000e+02 2.268000e+02
1.455000e+02 2.328000e+02
1.465000e+02 2.394000e+02
1.490000e+02 2.484000e+02
1.505000e+02 2.538000e+02
1.520000e+02 2.598000e+02
1.530000e+02 2.634000e+02
1.565000e+02 2.724000e+02
1.580000e+02 2.754000e+02
1.605000e+02 2.820000e+02
1.625000e+02 2.880000e+02
1.650000e+02 2.940000e+02
1.680000e+02 3.000000e+02
1.725000e+02 3.090000e+02
1.755000e+02 3.144000e+02
1.810000e+02 3.228000e+02
1.850000e+02 3.288000e+02
1.885000e+02 3.342000e+02
1.925000e+02 3.390000e+02
1.970000e+02 3.438000e+02
2.010000e+02 3.486000e+02
2.060000e+02 3.534000e+02
2.110000e+02 3.582000e+02
2.155000e+02 3.624000e+02
2.205000e+02 3.666000e+02
2.250000e+02 3.702000e+02
2.310000e+02 3.738000e+02
2.360000e+02 3.774000e+02
2.445000e+02 3.822000e+02
2.500000e+02 3.846000e+02
2.685000e+02 3.924000e+02
2.770000e+02 3.954000e+02
2.830000e+02 3.960000e+02
2.895000e+02 3.972000e+02
2.990000e+02 3.972000e+02
3.030000e+02 3.966000e+02
3.125000e+02 3.954000e+02
3.165000e+02 3.948000e+02
3.230000e+02 3.924000e+02
3.305000e+02 3.894000e+02
3.365000e+02 3.864000e+02
3.435000e+02 3.834000e+02
3.540000e+02 3.768000e+02
3.595000e+02 3.726000e+02
3.685000e+02 3.654000e+02
3.735000e+02 3.600000e+02
3.785000e+02 3.546000e+02
3.835000e+02 3.486000e+02
3.875000e+02 3.432000e+02
3.915000e+02 3.372000e+02
3.970000e+02 3.282000e+02
4.015000e+02 3.192000e+02
4.055000e+02 3.108000e+02
4.075000e+02 3.048000e+02
4.095000e+02 2.994000e+02
4.105000e+02 2.940000e+02
4.115000e+02 2.880000e+02
4.125000e+02 2.826000e+02
4.130000e+02 2.802000e+02
4.135000e+02 2.742000e+02
4.140000e+02 2.688000e+02
4.140000e+02 2.628000e+02
4.140000e+02 2.574000e+02
4.140000e+02 2.496000e+02
4.140000e+02 2.466000e+02
4.135000e+02 2.412000e+02
4.130000e+02 2.364000e+02
4.125000e+02 2.316000e+02
4.115000e+02 2.268000e+02
4.110000e+02 2.226000e+02
4.110000e+02 2.208000e+02
4.100000e+02 2.148000e+02
4.100000e+02 2.130000e+02
4.095000e+02 2.100000e+02
4.090000e+02 2.076000e+02
4.090000e+02 2.058000e+02
4.095000e+02 2.028000e+02
4.095000e+02 2.028000e+02
