9.300000e+01 2.214000e+02
9.300000e+01 2.214000e+02
9.300000e+01 2.214000e+02
9.300000e+01 2.214000e+02
9.350000e+01 2.214000e+02
9.500000e+01 2.214000e+02
9.750000e+01 2.214000e+02
1.010000e+02 2.214000e+02
1.080000e+02 2.214000e+02
1.130000e+02 2.208000e+02
1.205000e+02 2.202000e+02
1.260000e+02 2.196000e+02
1.315000e+02 2.190000e+02
1.370000e+02 2.178000e+02
1.455000e+02 2.160000e+02
1.515000e+02 2.148000e+02
1.575000e+02 2.142000e+02
1.610000e+02 2.136000e+02
1.675000e+02 2.124000e+02
1.735000e+02 2.112000e+02
1.835000e+02 2.088000e+02
1.895000e+02 2.076000e+02
1.990000e+02 2.058000e+02
2.020000e+02 2.052000e+02
2.105000e+02 2.046000e+02
2.165000e+02 2.046000e+02
2.230000e+02 2.058000e+02
2.295000e+02 2.070000e+02
2.355000e+02 2.088000e+02
2.420000e+02 2.112000e+02
2.480000e+02 2.130000e+02
2.550000e+02 2.148000e+02
2.605000e+02 2.160000e+02
2.665000e+02 2.172000e+02
2.750000e+02 2.184000e+02
2.780000e+02 2.190000e+02
2.865000e+02 2.196000e+02
2.890000e+02 2.196000e+02
2.945000e+02 2.202000e+02
2.995000e+02 2.208000e+02
3.055000e+02 2.208000e+02
3.135000e+02 2.214000e+02
3.215000e+02 2.226000e+02
3.270000e+02 2.232000e+02
3.325000e+02 2.238000e+02
3.380000e+02 2.250000e+02
3.435000e+02 2.256000e+02
3.485000e+02 2.262000e+02
3.515000e+02 2.268000e+02
3.565000e+02 2.274000e+02
3.595000e+02 2.274000e+02
3.680000e+02 2.286000e+02
3.705000e+02 2.292000e+02
3.755000e+02 2.298000e+02
3.785000e+02 2.298000e+02
3.830000e+02 2.298000e+02
3.875000e+02 2.304000e+02
3.930000e+02 2.310000e+02
3.970000e+02 2.316000e+02
4.015000e+02 2.322000e+02
4.060000e+02 2.322000e+02
4.105000e+02 2.328000e+02
4.150000e+02 2.328000e+02
4.195000e+02 2.328000e+02
4.235000e+02 2.334000e+02
4.300000e+02 2.328000e+02
4.340000e+02 2.328000e+02
4.405000e+02 2.322000e+02
4.425000e+02 2.322000e+02
4.465000e+02 2.316000e+02
4.505000e+02 2.310000e+02
4.550000e+02 2.298000e+02
4.590000e+02 2.292000e+02
4.650000e+02 2.286000e+02
4.690000e+02 2.280000e+02
4.730000e+02 2.274000e+02
4.775000e+02 2.268000e+02
4.815000e+02 2.262000e+02
4.855000e+02 2.256000e+02
4.890000e+02 2.250000e+02
4.930000e+02 2.238000e+02
4.965000e+02 2.232000e+02
5.000000e+02 2.226000e+02
5.035000e+02 2.220000e+02
5.070000e+02 2.214000e+02
5.105000e+02 2.214000e+02
5.140000e+02 2.208000e+02
5.190000e+02 2.202000e+02
5.205000e+02 2.202000e+02
5.240000e+02 2.202000e+02
5.270000e+02 2.196000e+02
5.290000e+02 2.196000e+02
5.305000e+02 2.190000e+02
5.320000e+02 2.190000e+02
5.325000e+02 2.190000e+02
5.330000e+02 2.190000e+02
5.330000e+02 2.190000e+02
