3.060000e+02 8.160000e+01
3.060000e+02 8.160000e+01
3.055000e+02 8.340000e+01
3.045000e+02 8.700000e+01
3.035000e+02 9.360000e+01
3.025000e+02 9.900000e+01
3.015000e+02 1.044000e+02
3.005000e+02 1.110000e+02
2.995000e+02 1.170000e+02
2.985000e+02 1.236000e+02
2.975000e+02 1.302000e+02
2.965000e+02 1.362000e+02
2.955000e+02 1.428000e+02
2.940000e+02 1.494000e+02
2.930000e+02 1.602000e+02
2.920000e+02 1.674000e+02
2.910000e+02 1.752000e+02
2.900000e+02 1.842000e+02
2.895000e+02 1.926000e+02
2.885000e+02 2.022000e+02
2.875000e+02 2.112000e+02
2.865000e+02 2.208000e+02
2.855000e+02 2.298000e+02
2.845000e+02 2.388000e+02
2.835000e+02 2.472000e+02
2.830000e+02 2.544000e+02
2.820000e+02 2.622000e+02
2.810000e+02 2.700000e+02
2.800000e+02 2.808000e+02
2.790000e+02 2.874000e+02
2.785000e+02 2.940000e+02
2.775000e+02 2.994000e+02
2.770000e+02 3.054000e+02
2.765000e+02 3.114000e+02
2.755000e+02 3.162000e+02
2.750000e+02 3.210000e+02
2.745000e+02 3.264000e+02
2.735000e+02 3.312000e+02
2.730000e+02 3.354000e+02
2.720000e+02 3.402000e+02
2.710000e+02 3.468000e+02
2.705000e+02 3.492000e+02
2.690000e+02 3.564000e+02
2.685000e+02 3.600000e+02
2.675000e+02 3.636000e+02
2.670000e+02 3.672000e+02
2.665000e+02 3.708000e+02
2.655000e+02 3.744000e+02
2.650000e+02 3.780000e+02
2.645000e+02 3.840000e+02
2.640000e+02 3.906000e+02
2.635000e+02 3.960000e+02
2.635000e+02 4.002000e+02
2.635000e+02 4.038000e+02
2.630000e+02 4.074000e+02
2.630000e+02 4.098000e+02
2.630000e+02 4.128000e+02
2.625000e+02 4.146000e+02
2.625000e+02 4.164000e+02
2.620000e+02 4.182000e+02
2.620000e+02 4.194000e+02
2.620000e+02 4.206000e+02
2.620000e+02 4.212000e+02
2.620000e+02 4.224000e+02
2.620000e+02 4.248000e+02
2.620000e+02 4.272000e+02
2.620000e+02 4.272000e+02
