5.275000e+02 2.172000e+02
5.275000e+02 2.172000e+02
5.230000e+02 2.166000e+02
5.180000e+02 2.154000e+02
5.110000e+02 2.148000e+02
5.040000e+02 2.142000e+02
4.955000e+02 2.142000e+02
4.865000e+02 2.136000e+02
4.765000e+02 2.136000e+02
4.660000e+02 2.136000e+02
4.490000e+02 2.136000e+02
4.365000e+02 2.136000e+02
4.240000e+02 2.142000e+02
4.185000e+02 2.142000e+02
4.040000e+02 2.148000e+02
3.845000e+02 2.160000e+02
3.710000e+02 2.160000e+02
3.575000e+02 2.172000e+02
3.435000e+02 2.178000e+02
3.285000e+02 2.184000e+02
3.140000e+02 2.190000e+02
2.995000e+02 2.196000e+02
2.850000e+02 2.202000e+02
2.705000e+02 2.208000e+02
2.560000e+02 2.214000e+02
2.415000e+02 2.214000e+02
2.280000e+02 2.214000e+02
2.140000e+02 2.214000e+02
1.995000e+02 2.214000e+02
1.855000e+02 2.226000e+02
1.720000e+02 2.238000e+02
1.565000e+02 2.256000e+02
1.385000e+02 2.292000e+02
1.280000e+02 2.310000e+02
1.280000e+02 2.310000e+02
