1.420000e+02 2.442000e+02
1.420000e+02 2.442000e+02
1.435000e+02 2.436000e+02
1.465000e+02 2.430000e+02
1.495000e+02 2.424000e+02
1.540000e+02 2.418000e+02
1.585000e+02 2.412000e+02
1.630000e+02 2.406000e+02
1.685000e+02 2.400000e+02
1.765000e+02 2.400000e+02
1.830000e+02 2.400000e+02
1.920000e+02 2.400000e+02
1.950000e+02 2.394000e+02
2.015000e+02 2.394000e+02
2.080000e+02 2.394000e+02
2.145000e+02 2.394000e+02
2.205000e+02 2.394000e+02
2.270000e+02 2.388000e+02
2.330000e+02 2.388000e+02
2.390000e+02 2.388000e+02
2.450000e+02 2.388000e+02
2.505000e+02 2.394000e+02
2.565000e+02 2.394000e+02
2.620000e+02 2.400000e+02
2.720000e+02 2.400000e+02
2.755000e+02 2.406000e+02
2.815000e+02 2.406000e+02
2.875000e+02 2.412000e+02
2.960000e+02 2.418000e+02
3.050000e+02 2.418000e+02
3.125000e+02 2.424000e+02
3.155000e+02 2.424000e+02
3.205000e+02 2.430000e+02
3.255000e+02 2.430000e+02
3.310000e+02 2.436000e+02
3.350000e+02 2.436000e+02
3.405000e+02 2.442000e+02
3.450000e+02 2.442000e+02
3.495000e+02 2.442000e+02
3.550000e+02 2.448000e+02
3.595000e+02 2.448000e+02
3.665000e+02 2.454000e+02
3.690000e+02 2.454000e+02
3.755000e+02 2.454000e+02
3.825000e+02 2.454000e+02
3.840000e+02 2.454000e+02
3.910000e+02 2.454000e+02
3.965000e+02 2.448000e+02
4.010000e+02 2.448000e+02
4.050000e+02 2.448000e+02
4.085000e+02 2.448000e+02
4.125000e+02 2.442000e+02
4.165000e+02 2.442000e+02
4.200000e+02 2.442000e+02
4.230000e+02 2.442000e+02
4.270000e+02 2.442000e+02
4.305000e+02 2.442000e+02
4.340000e+02 2.436000e+02
4.380000e+02 2.436000e+02
4.425000e+02 2.436000e+02
4.460000e+02 2.436000e+02
4.500000e+02 2.430000e+02
4.540000e+02 2.430000e+02
4.580000e+02 2.430000e+02
4.615000e+02 2.430000e+02
4.655000e+02 2.424000e+02
4.690000e+02 2.430000e+02
4.730000e+02 2.430000e+02
4.770000e+02 2.430000e+02
4.810000e+02 2.430000e+02
4.865000e+02 2.430000e+02
4.905000e+02 2.430000e+02
4.965000e+02 2.436000e+02
4.980000e+02 2.436000e+02
5.015000e+02 2.436000e+02
5.055000e+02 2.442000e+02
5.085000e+02 2.442000e+02
5.120000e+02 2.448000e+02
5.160000e+02 2.448000e+02
5.195000e+02 2.454000e+02
5.240000e+02 2.454000e+02
5.270000e+02 2.460000e+02
5.310000e+02 2.466000e+02
5.335000e+02 2.466000e+02
5.360000e+02 2.472000e+02
5.385000e+02 2.472000e+02
5.415000e+02 2.478000e+02
5.440000e+02 2.478000e+02
5.460000e+02 2.478000e+02
5.485000e+02 2.484000e+02
5.495000e+02 2.484000e+02
5.515000e+02 2.484000e+02
5.530000e+02 2.484000e+02
5.535000e+02 2.484000e+02
5.545000e+02 2.484000e+02
5.550000e+02 2.484000e+02
5.555000e+02 2.484000e+02
5.560000e+02 2.484000e+02
5.565000e+02 2.484000e+02
5.565000e+02 2.484000e+02
5.580000e+02 2.490000e+02
5.585000e+02 2.490000e+02
5.585000e+02 2.490000e+02
