1.975000e+02 5.820000e+01
1.975000e+02 5.820000e+01
1.975000e+02 5.820000e+01
1.975000e+02 5.820000e+01
1.975000e+02 5.820000e+01
1.975000e+02 5.820000e+01
1.975000e+02 5.820000e+01
1.990000e+02 5.880000e+01
2.015000e+02 6.000000e+01
2.065000e+02 6.120000e+01
2.095000e+02 6.240000e+01
2.170000e+02 6.420000e+01
2.245000e+02 6.540000e+01
2.295000e+02 6.540000e+01
2.390000e+02 6.660000e+01
2.555000e+02 6.720000e+01
2.665000e+02 6.720000e+01
2.720000e+02 6.720000e+01
2.900000e+02 6.720000e+01
2.960000e+02 6.720000e+01
3.095000e+02 6.660000e+01
3.215000e+02 6.600000e+01
3.340000e+02 6.600000e+01
3.460000e+02 6.540000e+01
3.580000e+02 6.540000e+01
3.710000e+02 6.540000e+01
3.825000e+02 6.540000e+01
3.940000e+02 6.540000e+01
4.040000e+02 6.540000e+01
4.145000e+02 6.600000e+01
4.245000e+02 6.600000e+01
4.370000e+02 6.600000e+01
4.445000e+02 6.600000e+01
4.480000e+02 6.600000e+01
4.550000e+02 6.600000e+01
4.615000e+02 6.600000e+01
4.680000e+02 6.600000e+01
4.730000e+02 6.600000e+01
4.775000e+02 6.600000e+01
4.810000e+02 6.600000e+01
4.835000e+02 6.600000e+01
4.845000e+02 6.600000e+01
4.860000e+02 6.600000e+01
4.865000e+02 6.600000e+01
4.865000e+02 6.600000e+01
4.865000e+02 6.600000e+01
4.870000e+02 6.660000e+01
4.870000e+02 6.660000e+01
4.870000e+02 6.660000e+01
4.870000e+02 6.720000e+01
4.870000e+02 6.840000e+01
4.865000e+02 7.080000e+01
4.860000e+02 7.260000e+01
4.855000e+02 7.620000e+01
4.845000e+02 8.100000e+01
4.830000e+02 8.940000e+01
4.820000e+02 9.600000e+01
4.810000e+02 1.038000e+02
4.795000e+02 1.122000e+02
4.790000e+02 1.212000e+02
4.780000e+02 1.308000e+02
4.770000e+02 1.416000e+02
4.760000e+02 1.512000e+02
4.750000e+02 1.632000e+02
4.745000e+02 1.686000e+02
4.735000e+02 1.800000e+02
4.730000e+02 1.914000e+02
4.725000e+02 2.028000e+02
4.720000e+02 2.142000e+02
4.715000e+02 2.256000e+02
4.715000e+02 2.394000e+02
4.710000e+02 2.478000e+02
4.710000e+02 2.538000e+02
4.710000e+02 2.592000e+02
4.705000e+02 2.634000e+02
4.700000e+02 2.670000e+02
4.700000e+02 2.694000e+02
4.700000e+02 2.718000e+02
4.695000e+02 2.736000e+02
4.695000e+02 2.754000e+02
4.690000e+02 2.772000e+02
4.685000e+02 2.784000e+02
4.680000e+02 2.802000e+02
4.670000e+02 2.820000e+02
4.655000e+02 2.844000e+02
4.640000e+02 2.856000e+02
4.620000e+02 2.874000e+02
4.610000e+02 2.880000e+02
4.580000e+02 2.892000e+02
4.550000e+02 2.898000e+02
4.510000e+02 2.904000e+02
4.465000e+02 2.910000e+02
4.420000e+02 2.910000e+02
4.355000e+02 2.910000e+02
4.285000e+02 2.910000e+02
4.205000e+02 2.904000e+02
4.115000e+02 2.904000e+02
4.030000e+02 2.904000e+02
3.920000e+02 2.904000e+02
3.760000e+02 2.904000e+02
3.710000e+02 2.904000e+02
3.540000e+02 2.916000e+02
3.355000e+02 2.928000e+02
3.225000e+02 2.934000e+02
3.050000e+02 2.952000e+02
2.930000e+02 2.970000e+02
2.865000e+02 2.976000e+02
2.745000e+02 2.988000e+02
2.635000e+02 3.006000e+02
2.525000e+02 3.024000e+02
2.415000e+02 3.042000e+02
2.315000e+02 3.054000e+02
2.200000e+02 3.072000e+02
2.040000e+02 3.096000e+02
1.885000e+02 3.120000e+02
1.790000e+02 3.132000e+02
1.695000e+02 3.150000e+02
1.610000e+02 3.168000e+02
1.545000e+02 3.180000e+02
1.485000e+02 3.192000e+02
1.435000e+02 3.198000e+02
1.395000e+02 3.204000e+02
1.360000e+02 3.204000e+02
1.330000e+02 3.204000e+02
1.310000e+02 3.204000e+02
1.285000e+02 3.198000e+02
1.270000e+02 3.186000e+02
1.260000e+02 3.180000e+02
1.250000e+02 3.174000e+02
1.245000e+02 3.168000e+02
1.235000e+02 3.156000e+02
1.230000e+02 3.132000e+02
1.225000e+02 3.126000e+02
1.220000e+02 3.108000e+02
1.215000e+02 3.084000e+02
1.210000e+02 3.048000e+02
1.210000e+02 3.012000e+02
1.205000e+02 2.964000e+02
1.205000e+02 2.904000e+02
1.205000e+02 2.844000e+02
1.210000e+02 2.766000e+02
1.210000e+02 2.694000e+02
1.220000e+02 2.616000e+02
1.225000e+02 2.538000e+02
1.235000e+02 2.442000e+02
1.240000e+02 2.346000e+02
1.250000e+02 2.244000e+02
1.260000e+02 2.094000e+02
1.265000e+02 2.046000e+02
1.275000e+02 1.902000e+02
1.285000e+02 1.758000e+02
1.295000e+02 1.668000e+02
1.300000e+02 1.584000e+02
1.315000e+02 1.494000e+02
1.330000e+02 1.398000e+02
1.355000e+02 1.278000e+02
1.365000e+02 1.230000e+02
1.380000e+02 1.146000e+02
1.400000e+02 1.068000e+02
1.420000e+02 9.900000e+01
1.445000e+02 9.180000e+01
1.465000e+02 8.520000e+01
1.485000e+02 7.920000e+01
1.500000e+02 7.440000e+01
1.510000e+02 6.960000e+01
1.525000e+02 6.600000e+01
1.540000e+02 6.060000e+01
1.550000e+02 5.700000e+01
1.555000e+02 5.520000e+01
1.560000e+02 5.400000e+01
1.565000e+02 5.280000e+01
1.565000e+02 5.220000e+01
1.565000e+02 5.220000e+01
1.565000e+02 5.160000e+01
1.565000e+02 5.160000e+01
1.565000e+02 5.160000e+01
1.570000e+02 5.160000e+01
1.570000e+02 5.160000e+01
1.570000e+02 5.160000e+01
1.570000e+02 5.160000e+01
1.570000e+02 5.160000e+01
1.570000e+02 5.160000e+01
1.570000e+02 5.160000e+01
1.575000e+02 5.160000e+01
1.575000e+02 5.160000e+01
1.575000e+02 5.160000e+01
1.575000e+02 5.160000e+01
1.575000e+02 5.160000e+01
1.575000e+02 5.160000e+01
1.575000e+02 5.160000e+01
1.575000e+02 5.160000e+01
1.575000e+02 5.160000e+01
1.575000e+02 5.220000e+01
1.575000e+02 5.220000e+01
1.575000e+02 5.220000e+01
1.575000e+02 5.220000e+01
1.575000e+02 5.220000e+01
1.575000e+02 5.220000e+01
1.575000e+02 5.220000e+01
1.575000e+02 5.220000e+01
1.575000e+02 5.280000e+01
1.580000e+02 5.280000e+01
1.580000e+02 5.340000e+01
1.580000e+02 5.340000e+01
