5.405000e+02 2.730000e+02
5.395000e+02 2.730000e+02
5.380000e+02 2.724000e+02
5.355000e+02 2.724000e+02
5.310000e+02 2.718000e+02
5.275000e+02 2.718000e+02
5.230000e+02 2.718000e+02
5.185000e+02 2.718000e+02
5.135000e+02 2.712000e+02
5.085000e+02 2.712000e+02
5.040000e+02 2.712000e+02
4.980000e+02 2.706000e+02
4.900000e+02 2.700000e+02
4.840000e+02 2.700000e+02
4.785000e+02 2.694000e+02
4.720000e+02 2.694000e+02
4.660000e+02 2.688000e+02
4.600000e+02 2.682000e+02
4.540000e+02 2.682000e+02
4.475000e+02 2.676000e+02
4.410000e+02 2.670000e+02
4.340000e+02 2.664000e+02
4.275000e+02 2.658000e+02
4.200000e+02 2.658000e+02
4.130000e+02 2.652000e+02
4.060000e+02 2.646000e+02
3.980000e+02 2.640000e+02
3.910000e+02 2.640000e+02
3.835000e+02 2.634000e+02
3.760000e+02 2.634000e+02
3.690000e+02 2.628000e+02
3.615000e+02 2.622000e+02
3.545000e+02 2.622000e+02
3.470000e+02 2.616000e+02
3.405000e+02 2.610000e+02
3.295000e+02 2.604000e+02
3.255000e+02 2.598000e+02
3.150000e+02 2.592000e+02
3.085000e+02 2.592000e+02
3.010000e+02 2.586000e+02
2.945000e+02 2.580000e+02
2.880000e+02 2.574000e+02
2.815000e+02 2.574000e+02
2.755000e+02 2.568000e+02
2.695000e+02 2.562000e+02
2.630000e+02 2.562000e+02
2.575000e+02 2.550000e+02
2.515000e+02 2.544000e+02
2.465000e+02 2.538000e+02
2.415000e+02 2.538000e+02
2.355000e+02 2.532000e+02
2.285000e+02 2.526000e+02
2.230000e+02 2.526000e+02
2.185000e+02 2.526000e+02
2.130000e+02 2.526000e+02
2.085000e+02 2.526000e+02
2.040000e+02 2.526000e+02
1.990000e+02 2.526000e+02
1.925000e+02 2.526000e+02
1.850000e+02 2.526000e+02
1.790000e+02 2.532000e+02
1.740000e+02 2.532000e+02
1.720000e+02 2.538000e+02
1.655000e+02 2.538000e+02
1.610000e+02 2.544000e+02
1.570000e+02 2.550000e+02
1.535000e+02 2.550000e+02
1.490000e+02 2.556000e+02
1.455000e+02 2.562000e+02
1.420000e+02 2.562000e+02
1.385000e+02 2.562000e+02
1.350000e+02 2.568000e+02
1.320000e+02 2.568000e+02
1.290000e+02 2.574000e+02
1.265000e+02 2.574000e+02
1.220000e+02 2.574000e+02
1.190000e+02 2.574000e+02
1.175000e+02 2.574000e+02
1.145000e+02 2.580000e+02
1.130000e+02 2.580000e+02
1.115000e+02 2.580000e+02
1.100000e+02 2.580000e+02
1.090000e+02 2.580000e+02
1.080000e+02 2.580000e+02
1.075000e+02 2.580000e+02
1.065000e+02 2.580000e+02
1.060000e+02 2.580000e+02
1.055000e+02 2.580000e+02
1.055000e+02 2.580000e+02
1.050000e+02 2.574000e+02
1.045000e+02 2.574000e+02
1.045000e+02 2.580000e+02
1.045000e+02 2.580000e+02
