1.310000e+02 1.584000e+02
1.310000e+02 1.584000e+02
1.305000e+02 1.584000e+02
1.305000e+02 1.584000e+02
1.305000e+02 1.584000e+02
1.305000e+02 1.584000e+02
1.310000e+02 1.590000e+02
1.315000e+02 1.602000e+02
1.335000e+02 1.620000e+02
1.350000e+02 1.650000e+02
1.370000e+02 1.680000e+02
1.385000e+02 1.716000e+02
1.415000e+02 1.776000e+02
1.440000e+02 1.818000e+02
1.465000e+02 1.872000e+02
1.490000e+02 1.920000e+02
1.515000e+02 1.968000e+02
1.540000e+02 2.016000e+02
1.565000e+02 2.064000e+02
1.585000e+02 2.106000e+02
1.605000e+02 2.136000e+02
1.620000e+02 2.166000e+02
1.635000e+02 2.196000e+02
1.645000e+02 2.214000e+02
1.655000e+02 2.226000e+02
1.665000e+02 2.244000e+02
1.670000e+02 2.256000e+02
1.675000e+02 2.256000e+02
1.675000e+02 2.262000e+02
1.675000e+02 2.262000e+02
1.680000e+02 2.262000e+02
1.680000e+02 2.262000e+02
1.680000e+02 2.262000e+02
1.685000e+02 2.262000e+02
1.685000e+02 2.262000e+02
1.690000e+02 2.262000e+02
1.695000e+02 2.256000e+02
1.710000e+02 2.250000e+02
1.725000e+02 2.238000e+02
1.755000e+02 2.214000e+02
1.780000e+02 2.196000e+02
1.815000e+02 2.172000e+02
1.830000e+02 2.160000e+02
1.880000e+02 2.118000e+02
1.915000e+02 2.094000e+02
1.950000e+02 2.070000e+02
1.985000e+02 2.046000e+02
2.030000e+02 2.022000e+02
2.075000e+02 1.998000e+02
2.135000e+02 1.968000e+02
2.195000e+02 1.938000e+02
2.265000e+02 1.902000e+02
2.335000e+02 1.872000e+02
2.410000e+02 1.842000e+02
2.515000e+02 1.794000e+02
2.635000e+02 1.740000e+02
2.755000e+02 1.680000e+02
2.840000e+02 1.644000e+02
2.930000e+02 1.602000e+02
2.970000e+02 1.578000e+02
3.090000e+02 1.518000e+02
3.155000e+02 1.482000e+02
3.210000e+02 1.452000e+02
3.280000e+02 1.422000e+02
3.310000e+02 1.404000e+02
3.335000e+02 1.392000e+02
3.360000e+02 1.380000e+02
3.370000e+02 1.374000e+02
3.375000e+02 1.368000e+02
3.380000e+02 1.368000e+02
3.385000e+02 1.368000e+02
3.385000e+02 1.368000e+02
3.385000e+02 1.362000e+02
3.390000e+02 1.362000e+02
3.390000e+02 1.362000e+02
3.390000e+02 1.362000e+02
3.390000e+02 1.362000e+02
