4.170000e+02 2.802000e+02
4.170000e+02 2.802000e+02
4.160000e+02 2.790000e+02
4.150000e+02 2.784000e+02
4.125000e+02 2.772000e+02
4.085000e+02 2.766000e+02
4.025000e+02 2.754000e+02
3.940000e+02 2.748000e+02
3.835000e+02 2.736000e+02
3.720000e+02 2.724000e+02
3.610000e+02 2.718000e+02
3.530000e+02 2.706000e+02
3.405000e+02 2.700000e+02
3.320000e+02 2.706000e+02
3.235000e+02 2.712000e+02
3.165000e+02 2.724000e+02
3.095000e+02 2.736000e+02
3.040000e+02 2.742000e+02
2.990000e+02 2.748000e+02
2.950000e+02 2.748000e+02
2.920000e+02 2.754000e+02
2.900000e+02 2.754000e+02
2.885000e+02 2.754000e+02
2.880000e+02 2.754000e+02
2.870000e+02 2.754000e+02
2.865000e+02 2.748000e+02
2.865000e+02 2.748000e+02
2.865000e+02 2.748000e+02
2.860000e+02 2.748000e+02
2.860000e+02 2.748000e+02
2.860000e+02 2.748000e+02
