3.150000e+02 1.212000e+02
3.150000e+02 1.212000e+02
3.145000e+02 1.206000e+02
3.145000e+02 1.206000e+02
3.140000e+02 1.206000e+02
3.130000e+02 1.206000e+02
3.120000e+02 1.206000e+02
3.110000e+02 1.206000e+02
3.095000e+02 1.200000e+02
3.090000e+02 1.200000e+02
3.075000e+02 1.200000e+02
3.055000e+02 1.206000e+02
3.045000e+02 1.206000e+02
3.015000e+02 1.212000e+02
2.990000e+02 1.218000e+02
2.980000e+02 1.224000e+02
2.955000e+02 1.230000e+02
2.930000e+02 1.236000e+02
2.915000e+02 1.242000e+02
2.885000e+02 1.248000e+02
2.860000e+02 1.254000e+02
2.845000e+02 1.254000e+02
2.825000e+02 1.266000e+02
2.795000e+02 1.278000e+02
2.785000e+02 1.278000e+02
2.755000e+02 1.302000e+02
2.740000e+02 1.314000e+02
2.715000e+02 1.338000e+02
2.685000e+02 1.362000e+02
2.660000e+02 1.386000e+02
2.645000e+02 1.398000e+02
2.615000e+02 1.422000e+02
2.590000e+02 1.458000e+02
2.575000e+02 1.476000e+02
2.550000e+02 1.512000e+02
2.525000e+02 1.542000e+02
2.510000e+02 1.560000e+02
2.490000e+02 1.596000e+02
2.480000e+02 1.620000e+02
2.460000e+02 1.650000e+02
2.445000e+02 1.692000e+02
2.435000e+02 1.734000e+02
2.415000e+02 1.776000e+02
2.400000e+02 1.824000e+02
2.385000e+02 1.878000e+02
2.370000e+02 1.926000e+02
2.365000e+02 1.956000e+02
2.355000e+02 2.004000e+02
2.350000e+02 2.034000e+02
2.340000e+02 2.088000e+02
2.330000e+02 2.142000e+02
2.325000e+02 2.208000e+02
2.320000e+02 2.232000e+02
2.320000e+02 2.292000e+02
2.320000e+02 2.352000e+02
2.325000e+02 2.376000e+02
2.330000e+02 2.430000e+02
2.340000e+02 2.490000e+02
2.345000e+02 2.520000e+02
2.355000e+02 2.574000e+02
2.370000e+02 2.634000e+02
2.380000e+02 2.664000e+02
2.400000e+02 2.712000e+02
2.410000e+02 2.736000e+02
2.435000e+02 2.790000e+02
2.465000e+02 2.844000e+02
2.480000e+02 2.862000e+02
2.510000e+02 2.904000e+02
2.540000e+02 2.952000e+02
2.560000e+02 2.976000e+02
2.595000e+02 3.018000e+02
2.635000e+02 3.048000e+02
2.655000e+02 3.060000e+02
2.700000e+02 3.084000e+02
2.740000e+02 3.114000e+02
2.765000e+02 3.126000e+02
2.810000e+02 3.150000e+02
2.860000e+02 3.174000e+02
2.880000e+02 3.186000e+02
2.930000e+02 3.204000e+02
2.975000e+02 3.216000e+02
3.000000e+02 3.228000e+02
3.045000e+02 3.234000e+02
3.095000e+02 3.246000e+02
3.145000e+02 3.252000e+02
3.200000e+02 3.258000e+02
3.250000e+02 3.264000e+02
3.300000e+02 3.270000e+02
3.325000e+02 3.270000e+02
3.375000e+02 3.264000e+02
3.425000e+02 3.258000e+02
3.450000e+02 3.252000e+02
3.500000e+02 3.246000e+02
3.550000e+02 3.228000e+02
3.605000e+02 3.210000e+02
3.630000e+02 3.198000e+02
3.685000e+02 3.174000e+02
3.735000e+02 3.144000e+02
3.810000e+02 3.108000e+02
3.855000e+02 3.078000e+02
3.875000e+02 3.066000e+02
3.920000e+02 3.030000e+02
3.960000e+02 3.000000e+02
3.980000e+02 2.982000e+02
4.015000e+02 2.952000e+02
4.040000e+02 2.916000e+02
4.055000e+02 2.898000e+02
4.080000e+02 2.856000e+02
4.110000e+02 2.820000e+02
4.120000e+02 2.796000e+02
4.140000e+02 2.754000e+02
4.160000e+02 2.712000e+02
4.165000e+02 2.688000e+02
4.185000e+02 2.646000e+02
4.190000e+02 2.622000e+02
4.205000e+02 2.574000e+02
4.215000e+02 2.532000e+02
4.220000e+02 2.508000e+02
4.235000e+02 2.454000e+02
4.240000e+02 2.400000e+02
4.245000e+02 2.376000e+02
4.255000e+02 2.328000e+02
4.260000e+02 2.274000e+02
4.265000e+02 2.244000e+02
4.265000e+02 2.190000e+02
4.270000e+02 2.130000e+02
4.270000e+02 2.106000e+02
4.270000e+02 2.052000e+02
4.265000e+02 1.998000e+02
4.255000e+02 1.944000e+02
4.240000e+02 1.896000e+02
4.230000e+02 1.836000e+02
4.215000e+02 1.788000e+02
4.205000e+02 1.734000e+02
4.195000e+02 1.710000e+02
4.180000e+02 1.662000e+02
4.155000e+02 1.620000e+02
4.135000e+02 1.578000e+02
4.125000e+02 1.554000e+02
4.100000e+02 1.512000e+02
4.090000e+02 1.494000e+02
4.065000e+02 1.458000e+02
4.040000e+02 1.428000e+02
4.025000e+02 1.410000e+02
4.000000e+02 1.374000e+02
3.975000e+02 1.344000e+02
3.960000e+02 1.332000e+02
3.935000e+02 1.308000e+02
3.905000e+02 1.290000e+02
3.890000e+02 1.278000e+02
3.860000e+02 1.266000e+02
3.830000e+02 1.248000e+02
3.815000e+02 1.242000e+02
3.780000e+02 1.230000e+02
3.760000e+02 1.224000e+02
3.730000e+02 1.206000e+02
3.690000e+02 1.188000e+02
3.670000e+02 1.182000e+02
3.635000e+02 1.170000e+02
3.590000e+02 1.158000e+02
3.570000e+02 1.152000e+02
3.520000e+02 1.152000e+02
3.470000e+02 1.146000e+02
3.445000e+02 1.140000e+02
3.400000e+02 1.134000e+02
3.350000e+02 1.128000e+02
3.325000e+02 1.128000e+02
3.270000e+02 1.128000e+02
3.220000e+02 1.134000e+02
3.165000e+02 1.152000e+02
3.140000e+02 1.158000e+02
3.085000e+02 1.176000e+02
3.035000e+02 1.194000e+02
3.015000e+02 1.206000e+02
2.970000e+02 1.218000e+02
2.955000e+02 1.224000e+02
2.915000e+02 1.236000e+02
2.885000e+02 1.248000e+02
2.870000e+02 1.254000e+02
2.845000e+02 1.272000e+02
2.820000e+02 1.290000e+02
2.795000e+02 1.314000e+02
2.785000e+02 1.320000e+02
2.770000e+02 1.344000e+02
2.765000e+02 1.350000e+02
2.750000e+02 1.362000e+02
2.750000e+02 1.362000e+02
