1.745000e+02 2.730000e+02
1.745000e+02 2.730000e+02
1.745000e+02 2.730000e+02
1.745000e+02 2.730000e+02
1.745000e+02 2.730000e+02
1.745000e+02 2.736000e+02
1.750000e+02 2.742000e+02
1.755000e+02 2.754000e+02
1.760000e+02 2.772000e+02
1.770000e+02 2.796000e+02
1.790000e+02 2.838000e+02
1.805000e+02 2.874000e+02
1.820000e+02 2.910000e+02
1.835000e+02 2.946000e+02
1.860000e+02 2.994000e+02
1.880000e+02 3.042000e+02
1.905000e+02 3.096000e+02
1.925000e+02 3.150000e+02
1.950000e+02 3.198000e+02
1.990000e+02 3.288000e+02
2.010000e+02 3.342000e+02
2.030000e+02 3.390000e+02
2.050000e+02 3.432000e+02
2.075000e+02 3.480000e+02
2.095000e+02 3.516000e+02
2.120000e+02 3.582000e+02
2.145000e+02 3.636000e+02
2.170000e+02 3.684000e+02
2.185000e+02 3.714000e+02
2.195000e+02 3.738000e+02
2.205000e+02 3.762000e+02
2.215000e+02 3.774000e+02
2.225000e+02 3.792000e+02
2.230000e+02 3.804000e+02
2.235000e+02 3.816000e+02
2.240000e+02 3.822000e+02
2.240000e+02 3.828000e+02
2.245000e+02 3.840000e+02
2.250000e+02 3.852000e+02
2.255000e+02 3.858000e+02
2.260000e+02 3.864000e+02
2.260000e+02 3.870000e+02
2.260000e+02 3.870000e+02
2.265000e+02 3.876000e+02
2.265000e+02 3.876000e+02
2.265000e+02 3.882000e+02
2.265000e+02 3.882000e+02
2.270000e+02 3.882000e+02
2.270000e+02 3.882000e+02
2.270000e+02 3.882000e+02
2.270000e+02 3.882000e+02
2.270000e+02 3.882000e+02
2.270000e+02 3.882000e+02
2.270000e+02 3.882000e+02
2.275000e+02 3.882000e+02
2.275000e+02 3.876000e+02
2.275000e+02 3.876000e+02
2.275000e+02 3.876000e+02
2.280000e+02 3.876000e+02
2.285000e+02 3.870000e+02
2.285000e+02 3.870000e+02
2.295000e+02 3.864000e+02
2.315000e+02 3.846000e+02
2.340000e+02 3.828000e+02
2.365000e+02 3.810000e+02
2.405000e+02 3.780000e+02
2.450000e+02 3.744000e+02
2.495000e+02 3.714000e+02
2.545000e+02 3.678000e+02
2.600000e+02 3.636000e+02
2.665000e+02 3.588000e+02
2.720000e+02 3.552000e+02
2.780000e+02 3.510000e+02
2.845000e+02 3.462000e+02
2.910000e+02 3.420000e+02
2.980000e+02 3.372000e+02
3.085000e+02 3.300000e+02
3.150000e+02 3.252000e+02
3.215000e+02 3.210000e+02
3.285000e+02 3.162000e+02
3.350000e+02 3.120000e+02
3.415000e+02 3.072000e+02
3.485000e+02 3.024000e+02
3.560000e+02 2.976000e+02
3.620000e+02 2.934000e+02
3.695000e+02 2.880000e+02
3.800000e+02 2.808000e+02
3.830000e+02 2.790000e+02
3.900000e+02 2.736000e+02
4.010000e+02 2.658000e+02
4.045000e+02 2.634000e+02
4.160000e+02 2.550000e+02
4.225000e+02 2.502000e+02
4.300000e+02 2.448000e+02
4.370000e+02 2.400000e+02
4.440000e+02 2.352000e+02
4.495000e+02 2.316000e+02
4.580000e+02 2.250000e+02
4.655000e+02 2.196000e+02
4.700000e+02 2.166000e+02
4.730000e+02 2.142000e+02
4.755000e+02 2.124000e+02
4.775000e+02 2.106000e+02
4.790000e+02 2.094000e+02
4.805000e+02 2.082000e+02
4.810000e+02 2.076000e+02
4.815000e+02 2.070000e+02
4.820000e+02 2.070000e+02
4.820000e+02 2.070000e+02
4.825000e+02 2.064000e+02
4.825000e+02 2.064000e+02
4.830000e+02 2.064000e+02
4.830000e+02 2.064000e+02
4.825000e+02 2.058000e+02
4.820000e+02 2.058000e+02
4.820000e+02 2.058000e+02
