1.885000e+02 1.338000e+02
1.885000e+02 1.338000e+02
1.885000e+02 1.338000e+02
1.885000e+02 1.338000e+02
1.885000e+02 1.344000e+02
1.885000e+02 1.350000e+02
1.885000e+02 1.368000e+02
1.890000e+02 1.404000e+02
1.890000e+02 1.452000e+02
1.890000e+02 1.494000e+02
1.890000e+02 1.548000e+02
1.890000e+02 1.602000e+02
1.885000e+02 1.656000e+02
1.885000e+02 1.722000e+02
1.885000e+02 1.776000e+02
1.885000e+02 1.830000e+02
1.890000e+02 1.920000e+02
1.895000e+02 2.010000e+02
1.900000e+02 2.064000e+02
1.905000e+02 2.124000e+02
1.910000e+02 2.160000e+02
1.910000e+02 2.178000e+02
1.915000e+02 2.220000e+02
1.920000e+02 2.238000e+02
1.920000e+02 2.250000e+02
1.920000e+02 2.256000e+02
1.925000e+02 2.262000e+02
1.925000e+02 2.268000e+02
1.925000e+02 2.274000e+02
1.925000e+02 2.274000e+02
1.930000e+02 2.274000e+02
1.935000e+02 2.274000e+02
1.940000e+02 2.268000e+02
1.965000e+02 2.244000e+02
1.990000e+02 2.220000e+02
2.015000e+02 2.184000e+02
2.055000e+02 2.142000e+02
2.095000e+02 2.100000e+02
2.135000e+02 2.058000e+02
2.175000e+02 2.022000e+02
2.220000e+02 1.980000e+02
2.265000e+02 1.932000e+02
2.340000e+02 1.872000e+02
2.360000e+02 1.854000e+02
2.440000e+02 1.788000e+02
2.530000e+02 1.728000e+02
2.620000e+02 1.668000e+02
2.685000e+02 1.620000e+02
2.745000e+02 1.584000e+02
2.820000e+02 1.542000e+02
2.890000e+02 1.506000e+02
2.955000e+02 1.464000e+02
3.020000e+02 1.428000e+02
3.090000e+02 1.392000e+02
3.165000e+02 1.350000e+02
3.235000e+02 1.308000e+02
3.345000e+02 1.248000e+02
3.420000e+02 1.212000e+02
3.490000e+02 1.176000e+02
3.565000e+02 1.134000e+02
3.630000e+02 1.104000e+02
3.695000e+02 1.074000e+02
3.760000e+02 1.050000e+02
3.820000e+02 1.020000e+02
3.880000e+02 9.960000e+01
3.930000e+02 9.780000e+01
3.975000e+02 9.600000e+01
4.025000e+02 9.480000e+01
4.070000e+02 9.360000e+01
4.115000e+02 9.240000e+01
4.165000e+02 9.120000e+01
4.200000e+02 9.060000e+01
4.235000e+02 8.940000e+01
4.265000e+02 8.880000e+01
4.285000e+02 8.820000e+01
4.305000e+02 8.760000e+01
4.330000e+02 8.760000e+01
4.340000e+02 8.700000e+01
4.350000e+02 8.700000e+01
4.360000e+02 8.700000e+01
4.365000e+02 8.640000e+01
4.370000e+02 8.640000e+01
4.380000e+02 8.640000e+01
4.385000e+02 8.640000e+01
4.385000e+02 8.640000e+01
4.390000e+02 8.640000e+01
4.390000e+02 8.640000e+01
4.395000e+02 8.580000e+01
4.395000e+02 8.580000e+01
4.400000e+02 8.580000e+01
4.400000e+02 8.580000e+01
4.400000e+02 8.580000e+01
4.400000e+02 8.580000e+01
4.400000e+02 8.580000e+01
4.400000e+02 8.580000e+01
4.400000e+02 8.580000e+01
4.405000e+02 8.580000e+01
4.405000e+02 8.580000e+01
4.405000e+02 8.580000e+01
4.405000e+02 8.640000e+01
4.400000e+02 8.640000e+01
4.400000e+02 8.640000e+01
