3.630000e+02 1.542000e+02
3.630000e+02 1.542000e+02
3.630000e+02 1.536000e+02
3.630000e+02 1.536000e+02
3.630000e+02 1.536000e+02
3.630000e+02 1.536000e+02
3.630000e+02 1.548000e+02
3.630000e+02 1.560000e+02
3.635000e+02 1.578000e+02
3.635000e+02 1.608000e+02
3.635000e+02 1.638000e+02
3.635000e+02 1.674000e+02
3.635000e+02 1.710000e+02
3.635000e+02 1.752000e+02
3.635000e+02 1.794000e+02
3.635000e+02 1.836000e+02
3.635000e+02 1.890000e+02
3.640000e+02 1.944000e+02
3.640000e+02 2.058000e+02
3.645000e+02 2.112000e+02
3.650000e+02 2.166000e+02
3.655000e+02 2.220000e+02
3.655000e+02 2.274000e+02
3.660000e+02 2.334000e+02
3.665000e+02 2.394000e+02
3.665000e+02 2.454000e+02
3.670000e+02 2.544000e+02
3.670000e+02 2.580000e+02
3.670000e+02 2.676000e+02
3.670000e+02 2.742000e+02
3.670000e+02 2.808000e+02
3.670000e+02 2.874000e+02
3.670000e+02 2.940000e+02
3.670000e+02 2.994000e+02
3.675000e+02 3.054000e+02
3.675000e+02 3.108000e+02
3.675000e+02 3.162000e+02
3.680000e+02 3.210000e+02
3.680000e+02 3.258000e+02
3.685000e+02 3.300000e+02
3.685000e+02 3.336000e+02
3.690000e+02 3.378000e+02
3.690000e+02 3.426000e+02
3.690000e+02 3.444000e+02
3.690000e+02 3.486000e+02
3.695000e+02 3.528000e+02
3.695000e+02 3.552000e+02
3.700000e+02 3.582000e+02
3.700000e+02 3.594000e+02
3.700000e+02 3.612000e+02
3.700000e+02 3.618000e+02
3.705000e+02 3.630000e+02
3.705000e+02 3.636000e+02
3.705000e+02 3.642000e+02
3.705000e+02 3.648000e+02
3.705000e+02 3.654000e+02
3.705000e+02 3.660000e+02
3.705000e+02 3.660000e+02
3.705000e+02 3.666000e+02
3.705000e+02 3.666000e+02
3.705000e+02 3.666000e+02
3.705000e+02 3.666000e+02
3.705000e+02 3.666000e+02
