3.390000e+02 6.000000e+01
3.390000e+02 6.000000e+01
3.390000e+02 6.000000e+01
3.390000e+02 6.000000e+01
3.390000e+02 6.000000e+01
3.390000e+02 6.120000e+01
3.390000e+02 6.180000e+01
3.390000e+02 6.540000e+01
3.395000e+02 6.840000e+01
3.395000e+02 7.200000e+01
3.395000e+02 7.620000e+01
3.400000e+02 8.040000e+01
3.400000e+02 8.460000e+01
3.400000e+02 9.120000e+01
3.400000e+02 9.960000e+01
3.395000e+02 1.068000e+02
3.395000e+02 1.128000e+02
3.395000e+02 1.176000e+02
3.390000e+02 1.236000e+02
3.390000e+02 1.296000e+02
3.390000e+02 1.356000e+02
3.385000e+02 1.428000e+02
3.385000e+02 1.488000e+02
3.380000e+02 1.560000e+02
3.375000e+02 1.626000e+02
3.370000e+02 1.692000e+02
3.365000e+02 1.764000e+02
3.355000e+02 1.830000e+02
3.350000e+02 1.896000e+02
3.345000e+02 1.962000e+02
3.335000e+02 2.034000e+02
3.330000e+02 2.100000e+02
3.320000e+02 2.178000e+02
3.315000e+02 2.244000e+02
3.310000e+02 2.352000e+02
3.305000e+02 2.418000e+02
3.300000e+02 2.490000e+02
3.295000e+02 2.556000e+02
3.290000e+02 2.628000e+02
3.290000e+02 2.688000e+02
3.290000e+02 2.748000e+02
3.290000e+02 2.814000e+02
3.290000e+02 2.874000e+02
3.285000e+02 2.934000e+02
3.285000e+02 2.988000e+02
3.285000e+02 3.042000e+02
3.285000e+02 3.102000e+02
3.285000e+02 3.156000e+02
3.285000e+02 3.210000e+02
3.285000e+02 3.264000e+02
3.285000e+02 3.318000e+02
3.285000e+02 3.372000e+02
3.280000e+02 3.426000e+02
3.280000e+02 3.498000e+02
3.280000e+02 3.552000e+02
3.280000e+02 3.594000e+02
3.280000e+02 3.636000e+02
3.280000e+02 3.684000e+02
3.280000e+02 3.732000e+02
3.280000e+02 3.774000e+02
3.280000e+02 3.810000e+02
3.280000e+02 3.846000e+02
3.280000e+02 3.882000e+02
3.275000e+02 3.918000e+02
3.275000e+02 3.942000e+02
3.275000e+02 3.966000e+02
3.275000e+02 3.990000e+02
3.275000e+02 4.026000e+02
3.275000e+02 4.050000e+02
3.275000e+02 4.062000e+02
3.275000e+02 4.080000e+02
3.275000e+02 4.098000e+02
3.275000e+02 4.128000e+02
3.275000e+02 4.152000e+02
3.275000e+02 4.170000e+02
3.280000e+02 4.200000e+02
3.280000e+02 4.248000e+02
3.280000e+02 4.278000e+02
3.280000e+02 4.278000e+02
