4.415000e+02 1.716000e+02
4.415000e+02 1.716000e+02
4.400000e+02 1.716000e+02
4.390000e+02 1.716000e+02
4.360000e+02 1.710000e+02
4.325000e+02 1.710000e+02
4.285000e+02 1.716000e+02
4.265000e+02 1.722000e+02
4.215000e+02 1.728000e+02
4.190000e+02 1.728000e+02
4.145000e+02 1.740000e+02
4.100000e+02 1.758000e+02
4.080000e+02 1.770000e+02
4.030000e+02 1.794000e+02
3.985000e+02 1.818000e+02
3.965000e+02 1.824000e+02
3.915000e+02 1.848000e+02
3.890000e+02 1.860000e+02
3.845000e+02 1.890000e+02
3.800000e+02 1.932000e+02
3.780000e+02 1.950000e+02
3.735000e+02 1.986000e+02
3.705000e+02 2.022000e+02
3.685000e+02 2.046000e+02
3.655000e+02 2.088000e+02
3.630000e+02 2.124000e+02
3.600000e+02 2.190000e+02
3.585000e+02 2.232000e+02
3.580000e+02 2.256000e+02
3.575000e+02 2.298000e+02
3.570000e+02 2.316000e+02
3.570000e+02 2.364000e+02
3.570000e+02 2.412000e+02
3.570000e+02 2.430000e+02
3.575000e+02 2.478000e+02
3.580000e+02 2.526000e+02
3.585000e+02 2.544000e+02
3.595000e+02 2.586000e+02
3.605000e+02 2.634000e+02
3.615000e+02 2.658000e+02
3.625000e+02 2.706000e+02
3.640000e+02 2.748000e+02
3.650000e+02 2.766000e+02
3.660000e+02 2.790000e+02
3.675000e+02 2.838000e+02
3.695000e+02 2.874000e+02
3.715000e+02 2.910000e+02
3.725000e+02 2.928000e+02
3.750000e+02 2.976000e+02
3.760000e+02 2.994000e+02
3.785000e+02 3.030000e+02
3.810000e+02 3.060000e+02
3.820000e+02 3.078000e+02
3.850000e+02 3.108000e+02
3.860000e+02 3.126000e+02
3.890000e+02 3.162000e+02
3.915000e+02 3.192000e+02
3.950000e+02 3.210000e+02
3.965000e+02 3.222000e+02
3.995000e+02 3.246000e+02
4.010000e+02 3.252000e+02
4.040000e+02 3.276000e+02
4.080000e+02 3.294000e+02
4.095000e+02 3.306000e+02
4.130000e+02 3.324000e+02
4.165000e+02 3.342000e+02
4.185000e+02 3.348000e+02
4.225000e+02 3.360000e+02
4.245000e+02 3.360000e+02
4.285000e+02 3.372000e+02
4.330000e+02 3.372000e+02
4.350000e+02 3.378000e+02
4.385000e+02 3.378000e+02
4.410000e+02 3.372000e+02
4.455000e+02 3.366000e+02
4.495000e+02 3.360000e+02
4.515000e+02 3.354000e+02
4.560000e+02 3.330000e+02
4.580000e+02 3.324000e+02
4.620000e+02 3.294000e+02
4.665000e+02 3.276000e+02
4.685000e+02 3.264000e+02
4.725000e+02 3.234000e+02
4.760000e+02 3.198000e+02
4.795000e+02 3.168000e+02
4.810000e+02 3.150000e+02
4.845000e+02 3.126000e+02
4.875000e+02 3.090000e+02
4.885000e+02 3.078000e+02
4.910000e+02 3.036000e+02
4.920000e+02 3.018000e+02
4.950000e+02 2.982000e+02
4.975000e+02 2.934000e+02
4.990000e+02 2.916000e+02
5.010000e+02 2.868000e+02
5.030000e+02 2.826000e+02
5.035000e+02 2.808000e+02
5.055000e+02 2.760000e+02
5.060000e+02 2.736000e+02
5.080000e+02 2.694000e+02
5.095000e+02 2.646000e+02
5.105000e+02 2.622000e+02
5.115000e+02 2.574000e+02
5.130000e+02 2.526000e+02
5.135000e+02 2.502000e+02
5.140000e+02 2.448000e+02
5.140000e+02 2.424000e+02
5.140000e+02 2.382000e+02
5.135000e+02 2.340000e+02
5.130000e+02 2.322000e+02
5.125000e+02 2.274000e+02
5.115000e+02 2.232000e+02
5.110000e+02 2.208000e+02
5.095000e+02 2.166000e+02
5.080000e+02 2.118000e+02
5.075000e+02 2.100000e+02
5.060000e+02 2.058000e+02
5.040000e+02 2.022000e+02
5.030000e+02 1.998000e+02
5.005000e+02 1.956000e+02
4.980000e+02 1.920000e+02
4.960000e+02 1.884000e+02
4.935000e+02 1.848000e+02
4.905000e+02 1.806000e+02
4.875000e+02 1.770000e+02
4.845000e+02 1.740000e+02
4.835000e+02 1.722000e+02
4.800000e+02 1.686000e+02
4.765000e+02 1.644000e+02
4.750000e+02 1.632000e+02
4.720000e+02 1.602000e+02
4.690000e+02 1.578000e+02
4.670000e+02 1.560000e+02
4.635000e+02 1.530000e+02
4.615000e+02 1.518000e+02
4.580000e+02 1.488000e+02
4.540000e+02 1.464000e+02
4.520000e+02 1.452000e+02
4.485000e+02 1.440000e+02
4.445000e+02 1.428000e+02
4.425000e+02 1.422000e+02
4.390000e+02 1.416000e+02
4.355000e+02 1.410000e+02
4.340000e+02 1.404000e+02
4.310000e+02 1.404000e+02
4.285000e+02 1.398000e+02
4.270000e+02 1.398000e+02
4.255000e+02 1.392000e+02
4.240000e+02 1.392000e+02
4.235000e+02 1.386000e+02
4.225000e+02 1.386000e+02
4.215000e+02 1.386000e+02
4.215000e+02 1.386000e+02
4.210000e+02 1.386000e+02
4.205000e+02 1.386000e+02
4.205000e+02 1.386000e+02
4.200000e+02 1.386000e+02
4.195000e+02 1.398000e+02
4.190000e+02 1.398000e+02
4.185000e+02 1.404000e+02
4.185000e+02 1.416000e+02
4.185000e+02 1.422000e+02
4.185000e+02 1.422000e+02
