2.315000e+02 1.224000e+02
2.315000e+02 1.224000e+02
2.335000e+02 1.254000e+02
2.355000e+02 1.272000e+02
2.370000e+02 1.302000e+02
2.410000e+02 1.362000e+02
2.460000e+02 1.440000e+02
2.520000e+02 1.530000e+02
2.585000e+02 1.626000e+02
2.660000e+02 1.728000e+02
2.735000e+02 1.824000e+02
2.805000e+02 1.920000e+02
2.885000e+02 2.016000e+02
2.960000e+02 2.100000e+02
3.000000e+02 2.148000e+02
3.080000e+02 2.226000e+02
3.165000e+02 2.322000e+02
3.205000e+02 2.364000e+02
3.290000e+02 2.454000e+02
3.370000e+02 2.538000e+02
3.415000e+02 2.586000e+02
3.490000e+02 2.682000e+02
3.570000e+02 2.778000e+02
3.640000e+02 2.868000e+02
3.680000e+02 2.910000e+02
3.750000e+02 3.006000e+02
3.820000e+02 3.096000e+02
3.860000e+02 3.150000e+02
3.930000e+02 3.240000e+02
3.990000e+02 3.330000e+02
4.020000e+02 3.378000e+02
4.045000e+02 3.414000e+02
4.090000e+02 3.480000e+02
4.125000e+02 3.540000e+02
4.140000e+02 3.564000e+02
4.160000e+02 3.600000e+02
4.165000e+02 3.612000e+02
4.175000e+02 3.630000e+02
4.180000e+02 3.648000e+02
4.180000e+02 3.660000e+02
4.180000e+02 3.660000e+02
4.175000e+02 3.666000e+02
4.155000e+02 3.678000e+02
4.140000e+02 3.684000e+02
4.110000e+02 3.690000e+02
4.060000e+02 3.702000e+02
4.030000e+02 3.708000e+02
3.960000e+02 3.726000e+02
3.880000e+02 3.744000e+02
3.835000e+02 3.756000e+02
3.735000e+02 3.786000e+02
3.635000e+02 3.810000e+02
3.530000e+02 3.840000e+02
3.475000e+02 3.858000e+02
3.370000e+02 3.894000e+02
3.315000e+02 3.912000e+02
3.205000e+02 3.942000e+02
3.100000e+02 3.972000e+02
3.050000e+02 3.984000e+02
2.950000e+02 4.014000e+02
2.850000e+02 4.050000e+02
2.800000e+02 4.068000e+02
2.705000e+02 4.104000e+02
2.610000e+02 4.128000e+02
2.570000e+02 4.146000e+02
2.490000e+02 4.176000e+02
2.415000e+02 4.200000e+02
2.385000e+02 4.212000e+02
2.350000e+02 4.224000e+02
2.290000e+02 4.230000e+02
2.240000e+02 4.236000e+02
2.215000e+02 4.230000e+02
2.175000e+02 4.224000e+02
2.155000e+02 4.224000e+02
2.135000e+02 4.218000e+02
2.110000e+02 4.200000e+02
2.085000e+02 4.188000e+02
2.075000e+02 4.182000e+02
2.060000e+02 4.164000e+02
2.050000e+02 4.152000e+02
2.050000e+02 4.140000e+02
2.055000e+02 4.110000e+02
2.065000e+02 4.074000e+02
2.080000e+02 4.062000e+02
2.115000e+02 4.014000e+02
2.160000e+02 3.948000e+02
2.190000e+02 3.906000e+02
2.255000e+02 3.816000e+02
2.335000e+02 3.702000e+02
2.380000e+02 3.642000e+02
2.470000e+02 3.516000e+02
2.515000e+02 3.450000e+02
2.615000e+02 3.324000e+02
2.715000e+02 3.192000e+02
2.810000e+02 3.066000e+02
2.860000e+02 3.006000e+02
2.955000e+02 2.886000e+02
3.005000e+02 2.826000e+02
3.110000e+02 2.700000e+02
3.215000e+02 2.574000e+02
3.270000e+02 2.514000e+02
3.390000e+02 2.382000e+02
3.505000e+02 2.250000e+02
3.565000e+02 2.190000e+02
3.700000e+02 2.052000e+02
3.835000e+02 1.920000e+02
3.900000e+02 1.860000e+02
4.025000e+02 1.740000e+02
4.155000e+02 1.632000e+02
4.215000e+02 1.578000e+02
4.340000e+02 1.476000e+02
4.455000e+02 1.386000e+02
4.500000e+02 1.344000e+02
4.580000e+02 1.284000e+02
4.635000e+02 1.224000e+02
4.665000e+02 1.206000e+02
4.705000e+02 1.170000e+02
4.735000e+02 1.146000e+02
4.755000e+02 1.134000e+02
4.765000e+02 1.128000e+02
4.790000e+02 1.116000e+02
4.805000e+02 1.104000e+02
4.815000e+02 1.098000e+02
4.815000e+02 1.098000e+02
4.825000e+02 1.092000e+02
4.825000e+02 1.092000e+02
4.830000e+02 1.092000e+02
4.830000e+02 1.092000e+02
4.835000e+02 1.086000e+02
4.835000e+02 1.086000e+02
4.835000e+02 1.086000e+02
4.835000e+02 1.086000e+02
4.835000e+02 1.080000e+02
4.830000e+02 1.080000e+02
4.825000e+02 1.068000e+02
4.825000e+02 1.068000e+02
