2.270000e+02 1.302000e+02
2.285000e+02 1.338000e+02
2.295000e+02 1.362000e+02
2.305000e+02 1.380000e+02
2.330000e+02 1.422000e+02
2.360000e+02 1.476000e+02
2.380000e+02 1.506000e+02
2.425000e+02 1.578000e+02
2.475000e+02 1.662000e+02
2.500000e+02 1.704000e+02
2.555000e+02 1.794000e+02
2.615000e+02 1.884000e+02
2.645000e+02 1.932000e+02
2.710000e+02 2.022000e+02
2.770000e+02 2.112000e+02
2.840000e+02 2.202000e+02
2.905000e+02 2.298000e+02
2.970000e+02 2.394000e+02
3.045000e+02 2.502000e+02
3.150000e+02 2.664000e+02
3.190000e+02 2.724000e+02
3.285000e+02 2.886000e+02
3.315000e+02 2.934000e+02
3.410000e+02 3.078000e+02
3.440000e+02 3.126000e+02
3.500000e+02 3.228000e+02
3.585000e+02 3.360000e+02
3.635000e+02 3.438000e+02
3.680000e+02 3.522000e+02
3.700000e+02 3.552000e+02
3.745000e+02 3.630000e+02
3.780000e+02 3.696000e+02
3.805000e+02 3.750000e+02
3.820000e+02 3.798000e+02
3.835000e+02 3.834000e+02
3.840000e+02 3.858000e+02
3.845000e+02 3.882000e+02
3.845000e+02 3.900000e+02
3.845000e+02 3.906000e+02
3.840000e+02 3.924000e+02
3.830000e+02 3.936000e+02
3.825000e+02 3.942000e+02
3.815000e+02 3.954000e+02
3.790000e+02 3.960000e+02
3.780000e+02 3.966000e+02
3.750000e+02 3.972000e+02
3.715000e+02 3.978000e+02
3.695000e+02 3.984000e+02
3.645000e+02 3.990000e+02
3.590000e+02 3.996000e+02
3.560000e+02 3.996000e+02
3.495000e+02 3.996000e+02
3.420000e+02 3.990000e+02
3.380000e+02 3.990000e+02
3.340000e+02 3.984000e+02
3.260000e+02 3.978000e+02
3.215000e+02 3.972000e+02
3.120000e+02 3.948000e+02
3.020000e+02 3.924000e+02
2.965000e+02 3.912000e+02
2.865000e+02 3.888000e+02
2.760000e+02 3.870000e+02
2.705000e+02 3.858000e+02
2.600000e+02 3.852000e+02
2.485000e+02 3.852000e+02
2.430000e+02 3.852000e+02
2.330000e+02 3.858000e+02
2.235000e+02 3.870000e+02
2.190000e+02 3.882000e+02
2.105000e+02 3.894000e+02
2.065000e+02 3.906000e+02
2.000000e+02 3.924000e+02
1.940000e+02 3.942000e+02
1.915000e+02 3.954000e+02
1.875000e+02 3.966000e+02
1.850000e+02 3.972000e+02
1.840000e+02 3.972000e+02
1.825000e+02 3.960000e+02
1.825000e+02 3.936000e+02
1.825000e+02 3.924000e+02
1.835000e+02 3.888000e+02
1.840000e+02 3.870000e+02
1.870000e+02 3.828000e+02
1.900000e+02 3.774000e+02
1.940000e+02 3.714000e+02
1.990000e+02 3.648000e+02
2.050000e+02 3.576000e+02
2.115000e+02 3.492000e+02
2.185000e+02 3.408000e+02
2.265000e+02 3.318000e+02
2.355000e+02 3.222000e+02
2.405000e+02 3.168000e+02
2.500000e+02 3.066000e+02
2.605000e+02 2.952000e+02
2.655000e+02 2.898000e+02
2.760000e+02 2.784000e+02
2.860000e+02 2.670000e+02
2.965000e+02 2.562000e+02
3.015000e+02 2.502000e+02
3.065000e+02 2.454000e+02
3.165000e+02 2.340000e+02
3.215000e+02 2.292000e+02
3.310000e+02 2.184000e+02
3.410000e+02 2.076000e+02
3.460000e+02 2.022000e+02
3.565000e+02 1.902000e+02
3.670000e+02 1.782000e+02
3.780000e+02 1.668000e+02
3.880000e+02 1.560000e+02
3.970000e+02 1.458000e+02
4.015000e+02 1.410000e+02
4.095000e+02 1.326000e+02
4.165000e+02 1.248000e+02
4.195000e+02 1.212000e+02
4.250000e+02 1.164000e+02
4.270000e+02 1.140000e+02
4.305000e+02 1.104000e+02
4.315000e+02 1.092000e+02
4.340000e+02 1.068000e+02
4.355000e+02 1.056000e+02
4.355000e+02 1.050000e+02
4.365000e+02 1.038000e+02
4.370000e+02 1.032000e+02
4.370000e+02 1.032000e+02
4.370000e+02 1.026000e+02
4.370000e+02 1.020000e+02
4.370000e+02 1.020000e+02
4.365000e+02 1.014000e+02
4.360000e+02 1.008000e+02
4.345000e+02 1.008000e+02
4.325000e+02 1.002000e+02
4.325000e+02 1.002000e+02
