1.790000e+02 1.764000e+02
1.790000e+02 1.758000e+02
1.790000e+02 1.758000e+02
1.790000e+02 1.752000e+02
1.795000e+02 1.752000e+02
1.795000e+02 1.758000e+02
1.800000e+02 1.764000e+02
1.810000e+02 1.782000e+02
1.830000e+02 1.818000e+02
1.845000e+02 1.860000e+02
1.855000e+02 1.878000e+02
1.875000e+02 1.926000e+02
1.895000e+02 1.974000e+02
1.925000e+02 2.046000e+02
1.960000e+02 2.118000e+02
1.980000e+02 2.166000e+02
2.005000e+02 2.220000e+02
2.030000e+02 2.274000e+02
2.050000e+02 2.316000e+02
2.065000e+02 2.352000e+02
2.085000e+02 2.382000e+02
2.095000e+02 2.412000e+02
2.110000e+02 2.442000e+02
2.120000e+02 2.466000e+02
2.130000e+02 2.490000e+02
2.140000e+02 2.508000e+02
2.150000e+02 2.538000e+02
2.160000e+02 2.550000e+02
2.165000e+02 2.562000e+02
2.170000e+02 2.574000e+02
2.175000e+02 2.580000e+02
2.175000e+02 2.592000e+02
2.180000e+02 2.592000e+02
2.180000e+02 2.598000e+02
2.185000e+02 2.604000e+02
2.185000e+02 2.604000e+02
2.190000e+02 2.604000e+02
2.190000e+02 2.604000e+02
2.190000e+02 2.604000e+02
2.195000e+02 2.598000e+02
2.200000e+02 2.592000e+02
2.200000e+02 2.580000e+02
2.210000e+02 2.568000e+02
2.215000e+02 2.556000e+02
2.220000e+02 2.544000e+02
2.225000e+02 2.526000e+02
2.235000e+02 2.508000e+02
2.245000e+02 2.490000e+02
2.265000e+02 2.466000e+02
2.290000e+02 2.442000e+02
2.330000e+02 2.418000e+02
2.365000e+02 2.388000e+02
2.415000e+02 2.364000e+02
2.465000e+02 2.340000e+02
2.520000e+02 2.310000e+02
2.610000e+02 2.268000e+02
2.670000e+02 2.238000e+02
2.730000e+02 2.214000e+02
2.800000e+02 2.184000e+02
2.865000e+02 2.160000e+02
2.940000e+02 2.136000e+02
3.010000e+02 2.106000e+02
3.085000e+02 2.082000e+02
3.165000e+02 2.058000e+02
3.225000e+02 2.034000e+02
3.295000e+02 2.016000e+02
3.360000e+02 1.992000e+02
3.425000e+02 1.974000e+02
3.490000e+02 1.956000e+02
3.575000e+02 1.926000e+02
3.620000e+02 1.914000e+02
3.665000e+02 1.902000e+02
3.700000e+02 1.896000e+02
3.735000e+02 1.884000e+02
3.765000e+02 1.878000e+02
3.790000e+02 1.866000e+02
3.815000e+02 1.860000e+02
3.830000e+02 1.854000e+02
3.845000e+02 1.854000e+02
3.855000e+02 1.848000e+02
3.865000e+02 1.848000e+02
3.875000e+02 1.842000e+02
3.880000e+02 1.842000e+02
3.885000e+02 1.842000e+02
3.885000e+02 1.842000e+02
3.890000e+02 1.842000e+02
3.890000e+02 1.842000e+02
3.890000e+02 1.842000e+02
3.890000e+02 1.836000e+02
3.895000e+02 1.836000e+02
3.895000e+02 1.836000e+02
3.895000e+02 1.836000e+02
3.895000e+02 1.836000e+02
3.890000e+02 1.836000e+02
3.890000e+02 1.836000e+02
3.890000e+02 1.836000e+02
