2.415000e+02 3.846000e+02
2.415000e+02 3.846000e+02
2.410000e+02 3.852000e+02
2.410000e+02 3.852000e+02
2.405000e+02 3.852000e+02
2.400000e+02 3.858000e+02
2.400000e+02 3.858000e+02
2.395000e+02 3.852000e+02
2.395000e+02 3.852000e+02
2.390000e+02 3.822000e+02
2.385000e+02 3.780000e+02
2.385000e+02 3.732000e+02
2.385000e+02 3.672000e+02
2.385000e+02 3.606000e+02
2.390000e+02 3.534000e+02
2.390000e+02 3.468000e+02
2.395000e+02 3.390000e+02
2.395000e+02 3.318000e+02
2.400000e+02 3.234000e+02
2.400000e+02 3.144000e+02
2.400000e+02 3.054000e+02
2.400000e+02 2.970000e+02
2.405000e+02 2.844000e+02
2.405000e+02 2.718000e+02
2.410000e+02 2.640000e+02
2.410000e+02 2.526000e+02
2.410000e+02 2.442000e+02
2.415000e+02 2.364000e+02
2.415000e+02 2.280000e+02
2.415000e+02 2.202000e+02
2.415000e+02 2.124000e+02
2.410000e+02 2.046000e+02
2.410000e+02 1.962000e+02
2.405000e+02 1.884000e+02
2.405000e+02 1.800000e+02
2.405000e+02 1.722000e+02
2.405000e+02 1.644000e+02
2.405000e+02 1.560000e+02
2.410000e+02 1.482000e+02
2.410000e+02 1.410000e+02
2.415000e+02 1.338000e+02
2.415000e+02 1.266000e+02
2.420000e+02 1.194000e+02
2.420000e+02 1.134000e+02
2.425000e+02 1.074000e+02
2.430000e+02 1.020000e+02
2.430000e+02 9.660000e+01
2.430000e+02 9.120000e+01
2.435000e+02 8.640000e+01
2.435000e+02 8.040000e+01
2.435000e+02 7.800000e+01
2.440000e+02 7.260000e+01
2.440000e+02 6.960000e+01
2.440000e+02 6.720000e+01
2.445000e+02 6.420000e+01
2.455000e+02 6.000000e+01
2.465000e+02 5.400000e+01
2.480000e+02 4.620000e+01
2.485000e+02 4.320000e+01
2.485000e+02 4.320000e+01
