2.260000e+02 3.666000e+02
2.260000e+02 3.666000e+02
2.265000e+02 3.636000e+02
2.280000e+02 3.600000e+02
2.285000e+02 3.576000e+02
2.305000e+02 3.522000e+02
2.330000e+02 3.462000e+02
2.355000e+02 3.390000e+02
2.380000e+02 3.318000e+02
2.405000e+02 3.240000e+02
2.425000e+02 3.162000e+02
2.445000e+02 3.078000e+02
2.455000e+02 3.030000e+02
2.485000e+02 2.928000e+02
2.515000e+02 2.826000e+02
2.540000e+02 2.730000e+02
2.555000e+02 2.682000e+02
2.565000e+02 2.634000e+02
2.600000e+02 2.538000e+02
2.615000e+02 2.490000e+02
2.650000e+02 2.394000e+02
2.680000e+02 2.304000e+02
2.695000e+02 2.262000e+02
2.730000e+02 2.178000e+02
2.760000e+02 2.100000e+02
2.775000e+02 2.058000e+02
2.800000e+02 1.986000e+02
2.825000e+02 1.908000e+02
2.840000e+02 1.878000e+02
2.860000e+02 1.812000e+02
2.885000e+02 1.752000e+02
2.895000e+02 1.728000e+02
2.910000e+02 1.674000e+02
2.920000e+02 1.650000e+02
2.925000e+02 1.632000e+02
2.940000e+02 1.596000e+02
2.955000e+02 1.560000e+02
2.960000e+02 1.542000e+02
2.975000e+02 1.512000e+02
2.985000e+02 1.482000e+02
2.995000e+02 1.470000e+02
3.010000e+02 1.452000e+02
3.020000e+02 1.434000e+02
3.020000e+02 1.428000e+02
3.030000e+02 1.422000e+02
3.040000e+02 1.416000e+02
3.045000e+02 1.416000e+02
3.055000e+02 1.410000e+02
3.065000e+02 1.416000e+02
3.075000e+02 1.422000e+02
3.090000e+02 1.440000e+02
3.110000e+02 1.470000e+02
3.115000e+02 1.482000e+02
3.140000e+02 1.518000e+02
3.165000e+02 1.548000e+02
3.175000e+02 1.572000e+02
3.200000e+02 1.620000e+02
3.230000e+02 1.662000e+02
3.245000e+02 1.680000e+02
3.275000e+02 1.740000e+02
3.310000e+02 1.794000e+02
3.330000e+02 1.824000e+02
3.365000e+02 1.884000e+02
3.385000e+02 1.914000e+02
3.425000e+02 1.980000e+02
3.465000e+02 2.046000e+02
3.485000e+02 2.076000e+02
3.530000e+02 2.154000e+02
3.570000e+02 2.220000e+02
3.590000e+02 2.256000e+02
3.635000e+02 2.328000e+02
3.675000e+02 2.400000e+02
3.695000e+02 2.436000e+02
3.735000e+02 2.514000e+02
3.775000e+02 2.586000e+02
3.795000e+02 2.628000e+02
3.830000e+02 2.694000e+02
3.865000e+02 2.772000e+02
3.885000e+02 2.808000e+02
3.920000e+02 2.880000e+02
3.960000e+02 2.952000e+02
3.975000e+02 2.982000e+02
4.010000e+02 3.054000e+02
4.040000e+02 3.120000e+02
4.070000e+02 3.174000e+02
4.105000e+02 3.228000e+02
4.135000e+02 3.288000e+02
4.145000e+02 3.312000e+02
4.170000e+02 3.348000e+02
4.195000e+02 3.384000e+02
4.215000e+02 3.420000e+02
4.225000e+02 3.438000e+02
4.235000e+02 3.450000e+02
4.250000e+02 3.480000e+02
4.260000e+02 3.498000e+02
4.270000e+02 3.510000e+02
4.275000e+02 3.522000e+02
4.280000e+02 3.528000e+02
4.285000e+02 3.528000e+02
4.285000e+02 3.534000e+02
4.285000e+02 3.534000e+02
4.290000e+02 3.534000e+02
4.290000e+02 3.534000e+02
4.290000e+02 3.540000e+02
4.290000e+02 3.540000e+02
4.285000e+02 3.534000e+02
4.275000e+02 3.534000e+02
4.265000e+02 3.534000e+02
4.250000e+02 3.528000e+02
4.225000e+02 3.516000e+02
4.205000e+02 3.504000e+02
4.205000e+02 3.504000e+02
