2.065000e+02 1.626000e+02
2.065000e+02 1.626000e+02
2.065000e+02 1.626000e+02
2.070000e+02 1.626000e+02
2.075000e+02 1.620000e+02
2.090000e+02 1.614000e+02
2.165000e+02 1.602000e+02
2.235000e+02 1.590000e+02
2.340000e+02 1.578000e+02
2.445000e+02 1.560000e+02
2.560000e+02 1.554000e+02
2.680000e+02 1.542000e+02
2.805000e+02 1.536000e+02
2.940000e+02 1.530000e+02
3.070000e+02 1.524000e+02
3.240000e+02 1.524000e+02
3.360000e+02 1.530000e+02
3.475000e+02 1.536000e+02
3.590000e+02 1.536000e+02
3.695000e+02 1.542000e+02
3.790000e+02 1.548000e+02
3.885000e+02 1.554000e+02
3.965000e+02 1.560000e+02
4.050000e+02 1.566000e+02
4.110000e+02 1.566000e+02
4.170000e+02 1.572000e+02
4.220000e+02 1.578000e+02
4.260000e+02 1.578000e+02
4.295000e+02 1.584000e+02
4.330000e+02 1.590000e+02
4.345000e+02 1.596000e+02
4.360000e+02 1.602000e+02
4.365000e+02 1.602000e+02
4.375000e+02 1.608000e+02
4.380000e+02 1.614000e+02
4.385000e+02 1.620000e+02
4.390000e+02 1.626000e+02
4.390000e+02 1.638000e+02
4.395000e+02 1.644000e+02
4.395000e+02 1.662000e+02
4.395000e+02 1.680000e+02
4.395000e+02 1.704000e+02
4.395000e+02 1.740000e+02
4.385000e+02 1.794000e+02
4.385000e+02 1.836000e+02
4.375000e+02 1.914000e+02
4.365000e+02 1.974000e+02
4.355000e+02 2.070000e+02
4.345000e+02 2.130000e+02
4.335000e+02 2.214000e+02
4.325000e+02 2.280000e+02
4.310000e+02 2.376000e+02
4.300000e+02 2.454000e+02
4.285000e+02 2.538000e+02
4.270000e+02 2.628000e+02
4.260000e+02 2.718000e+02
4.245000e+02 2.826000e+02
4.235000e+02 2.964000e+02
4.225000e+02 3.042000e+02
4.215000e+02 3.132000e+02
4.210000e+02 3.222000e+02
4.200000e+02 3.306000e+02
4.190000e+02 3.390000e+02
4.180000e+02 3.462000e+02
4.165000e+02 3.540000e+02
4.155000e+02 3.606000e+02
4.145000e+02 3.666000e+02
4.140000e+02 3.726000e+02
4.130000e+02 3.774000e+02
4.125000e+02 3.810000e+02
4.120000e+02 3.846000e+02
4.105000e+02 3.894000e+02
4.100000e+02 3.912000e+02
4.090000e+02 3.930000e+02
4.085000e+02 3.942000e+02
4.075000e+02 3.948000e+02
4.065000e+02 3.954000e+02
4.055000e+02 3.960000e+02
4.040000e+02 3.966000e+02
4.015000e+02 3.966000e+02
3.965000e+02 3.966000e+02
3.830000e+02 3.954000e+02
3.690000e+02 3.930000e+02
3.595000e+02 3.912000e+02
3.480000e+02 3.894000e+02
3.315000e+02 3.876000e+02
3.140000e+02 3.858000e+02
3.040000e+02 3.852000e+02
2.870000e+02 3.846000e+02
2.765000e+02 3.840000e+02
2.675000e+02 3.840000e+02
2.585000e+02 3.840000e+02
2.490000e+02 3.840000e+02
2.415000e+02 3.840000e+02
2.350000e+02 3.840000e+02
2.295000e+02 3.840000e+02
2.245000e+02 3.834000e+02
2.210000e+02 3.834000e+02
2.180000e+02 3.828000e+02
2.160000e+02 3.828000e+02
2.135000e+02 3.822000e+02
2.125000e+02 3.816000e+02
2.110000e+02 3.804000e+02
2.100000e+02 3.792000e+02
2.080000e+02 3.762000e+02
2.065000e+02 3.732000e+02
2.045000e+02 3.690000e+02
2.035000e+02 3.618000e+02
2.025000e+02 3.552000e+02
2.025000e+02 3.474000e+02
2.030000e+02 3.396000e+02
2.035000e+02 3.312000e+02
2.040000e+02 3.222000e+02
2.045000e+02 3.144000e+02
2.045000e+02 3.054000e+02
2.045000e+02 2.982000e+02
2.045000e+02 2.886000e+02
2.050000e+02 2.760000e+02
2.055000e+02 2.646000e+02
2.060000e+02 2.526000e+02
2.060000e+02 2.424000e+02
2.060000e+02 2.358000e+02
2.065000e+02 2.274000e+02
2.065000e+02 2.208000e+02
2.070000e+02 2.136000e+02
2.070000e+02 2.082000e+02
2.075000e+02 2.040000e+02
2.080000e+02 1.998000e+02
2.085000e+02 1.968000e+02
2.090000e+02 1.944000e+02
2.105000e+02 1.914000e+02
2.105000e+02 1.914000e+02
