2.710000e+02 1.242000e+02
2.710000e+02 1.242000e+02
2.710000e+02 1.242000e+02
2.710000e+02 1.242000e+02
2.715000e+02 1.242000e+02
2.730000e+02 1.236000e+02
2.740000e+02 1.236000e+02
2.785000e+02 1.230000e+02
2.845000e+02 1.224000e+02
2.925000e+02 1.212000e+02
3.010000e+02 1.200000e+02
3.145000e+02 1.182000e+02
3.300000e+02 1.164000e+02
3.410000e+02 1.146000e+02
3.580000e+02 1.128000e+02
3.680000e+02 1.116000e+02
3.780000e+02 1.104000e+02
3.870000e+02 1.098000e+02
3.960000e+02 1.092000e+02
4.055000e+02 1.086000e+02
4.160000e+02 1.080000e+02
4.245000e+02 1.080000e+02
4.295000e+02 1.074000e+02
4.350000e+02 1.080000e+02
4.385000e+02 1.080000e+02
4.400000e+02 1.080000e+02
4.420000e+02 1.080000e+02
4.430000e+02 1.086000e+02
4.430000e+02 1.086000e+02
4.435000e+02 1.092000e+02
4.435000e+02 1.098000e+02
4.435000e+02 1.098000e+02
4.435000e+02 1.104000e+02
4.435000e+02 1.116000e+02
4.435000e+02 1.128000e+02
4.430000e+02 1.152000e+02
4.430000e+02 1.182000e+02
4.420000e+02 1.218000e+02
4.410000e+02 1.296000e+02
4.390000e+02 1.386000e+02
4.380000e+02 1.482000e+02
4.365000e+02 1.548000e+02
4.355000e+02 1.620000e+02
4.340000e+02 1.698000e+02
4.330000e+02 1.782000e+02
4.315000e+02 1.860000e+02
4.305000e+02 1.944000e+02
4.295000e+02 2.028000e+02
4.290000e+02 2.124000e+02
4.285000e+02 2.220000e+02
4.275000e+02 2.310000e+02
4.265000e+02 2.454000e+02
4.245000e+02 2.598000e+02
4.230000e+02 2.700000e+02
4.210000e+02 2.820000e+02
4.195000e+02 2.892000e+02
4.180000e+02 2.964000e+02
4.170000e+02 3.024000e+02
4.165000e+02 3.078000e+02
4.160000e+02 3.114000e+02
4.155000e+02 3.144000e+02
4.155000e+02 3.168000e+02
4.150000e+02 3.180000e+02
4.150000e+02 3.186000e+02
4.150000e+02 3.198000e+02
4.150000e+02 3.198000e+02
4.150000e+02 3.204000e+02
4.145000e+02 3.204000e+02
4.145000e+02 3.204000e+02
4.145000e+02 3.198000e+02
4.140000e+02 3.198000e+02
4.140000e+02 3.198000e+02
4.135000e+02 3.192000e+02
4.130000e+02 3.192000e+02
4.125000e+02 3.186000e+02
4.110000e+02 3.180000e+02
4.085000e+02 3.174000e+02
4.025000e+02 3.168000e+02
3.965000e+02 3.162000e+02
3.815000e+02 3.168000e+02
3.595000e+02 3.198000e+02
3.500000e+02 3.216000e+02
3.410000e+02 3.228000e+02
3.305000e+02 3.240000e+02
3.190000e+02 3.264000e+02
3.065000e+02 3.288000e+02
2.930000e+02 3.318000e+02
2.810000e+02 3.348000e+02
2.700000e+02 3.372000e+02
2.600000e+02 3.390000e+02
2.515000e+02 3.414000e+02
2.445000e+02 3.432000e+02
2.395000e+02 3.444000e+02
2.355000e+02 3.456000e+02
2.315000e+02 3.468000e+02
2.295000e+02 3.474000e+02
2.285000e+02 3.474000e+02
2.275000e+02 3.474000e+02
2.265000e+02 3.474000e+02
2.260000e+02 3.474000e+02
2.255000e+02 3.468000e+02
2.250000e+02 3.468000e+02
2.250000e+02 3.462000e+02
2.245000e+02 3.456000e+02
2.245000e+02 3.450000e+02
2.245000e+02 3.444000e+02
2.245000e+02 3.438000e+02
2.245000e+02 3.426000e+02
2.245000e+02 3.414000e+02
2.250000e+02 3.396000e+02
2.255000e+02 3.378000e+02
2.270000e+02 3.294000e+02
2.285000e+02 3.210000e+02
2.295000e+02 3.138000e+02
2.310000e+02 3.036000e+02
2.320000e+02 2.934000e+02
2.335000e+02 2.832000e+02
2.350000e+02 2.604000e+02
2.360000e+02 2.508000e+02
2.375000e+02 2.304000e+02
2.390000e+02 2.130000e+02
2.410000e+02 2.010000e+02
2.430000e+02 1.902000e+02
2.445000e+02 1.842000e+02
2.470000e+02 1.752000e+02
2.495000e+02 1.626000e+02
2.515000e+02 1.536000e+02
2.520000e+02 1.488000e+02
2.525000e+02 1.440000e+02
2.525000e+02 1.422000e+02
2.530000e+02 1.404000e+02
2.530000e+02 1.386000e+02
2.530000e+02 1.368000e+02
2.530000e+02 1.350000e+02
2.530000e+02 1.332000e+02
2.530000e+02 1.326000e+02
2.530000e+02 1.314000e+02
2.530000e+02 1.314000e+02
2.530000e+02 1.308000e+02
2.535000e+02 1.314000e+02
2.535000e+02 1.314000e+02
