1.075000e+02 1.986000e+02
1.075000e+02 1.986000e+02
1.080000e+02 1.986000e+02
1.085000e+02 1.986000e+02
1.110000e+02 1.980000e+02
1.120000e+02 1.980000e+02
1.165000e+02 1.974000e+02
1.200000e+02 1.968000e+02
1.240000e+02 1.962000e+02
1.290000e+02 1.950000e+02
1.370000e+02 1.932000e+02
1.435000e+02 1.914000e+02
1.500000e+02 1.902000e+02
1.540000e+02 1.890000e+02
1.615000e+02 1.872000e+02
1.705000e+02 1.860000e+02
1.790000e+02 1.848000e+02
1.875000e+02 1.836000e+02
1.960000e+02 1.824000e+02
2.055000e+02 1.818000e+02
2.135000e+02 1.812000e+02
2.260000e+02 1.806000e+02
2.310000e+02 1.800000e+02
2.395000e+02 1.800000e+02
2.485000e+02 1.800000e+02
2.580000e+02 1.800000e+02
2.670000e+02 1.800000e+02
2.755000e+02 1.806000e+02
2.845000e+02 1.806000e+02
2.945000e+02 1.812000e+02
3.040000e+02 1.818000e+02
3.125000e+02 1.818000e+02
3.215000e+02 1.824000e+02
3.310000e+02 1.830000e+02
3.415000e+02 1.842000e+02
3.455000e+02 1.848000e+02
3.590000e+02 1.866000e+02
3.720000e+02 1.890000e+02
3.810000e+02 1.908000e+02
3.895000e+02 1.926000e+02
3.965000e+02 1.938000e+02
4.045000e+02 1.956000e+02
4.110000e+02 1.962000e+02
4.190000e+02 1.974000e+02
4.270000e+02 1.986000e+02
4.340000e+02 1.992000e+02
4.415000e+02 1.992000e+02
4.475000e+02 1.998000e+02
4.545000e+02 1.998000e+02
4.600000e+02 1.998000e+02
4.660000e+02 1.998000e+02
4.705000e+02 2.004000e+02
4.765000e+02 2.010000e+02
4.810000e+02 2.016000e+02
4.840000e+02 2.022000e+02
4.850000e+02 2.022000e+02
4.865000e+02 2.028000e+02
4.875000e+02 2.028000e+02
4.895000e+02 2.034000e+02
4.895000e+02 2.034000e+02
