3.570000e+02 6.600000e+01
3.570000e+02 6.600000e+01
3.565000e+02 6.720000e+01
3.560000e+02 7.200000e+01
3.550000e+02 7.740000e+01
3.540000e+02 8.400000e+01
3.530000e+02 9.060000e+01
3.520000e+02 9.840000e+01
3.505000e+02 1.056000e+02
3.495000e+02 1.134000e+02
3.480000e+02 1.236000e+02
3.465000e+02 1.338000e+02
3.450000e+02 1.446000e+02
3.440000e+02 1.518000e+02
3.430000e+02 1.602000e+02
3.425000e+02 1.638000e+02
3.415000e+02 1.770000e+02
3.405000e+02 1.872000e+02
3.395000e+02 1.968000e+02
3.380000e+02 2.124000e+02
3.375000e+02 2.238000e+02
3.360000e+02 2.412000e+02
3.350000e+02 2.526000e+02
3.345000e+02 2.640000e+02
3.335000e+02 2.754000e+02
3.330000e+02 2.868000e+02
3.325000e+02 2.988000e+02
3.320000e+02 3.078000e+02
3.315000e+02 3.168000e+02
3.310000e+02 3.252000e+02
3.305000e+02 3.318000e+02
3.300000e+02 3.396000e+02
3.290000e+02 3.456000e+02
3.290000e+02 3.510000e+02
3.285000e+02 3.570000e+02
3.280000e+02 3.618000e+02
3.275000e+02 3.660000e+02
3.270000e+02 3.708000e+02
3.270000e+02 3.768000e+02
3.265000e+02 3.804000e+02
3.265000e+02 3.840000e+02
3.265000e+02 3.870000e+02
3.265000e+02 3.900000e+02
3.265000e+02 3.924000e+02
3.265000e+02 3.942000e+02
3.265000e+02 3.954000e+02
3.265000e+02 3.972000e+02
3.265000e+02 3.996000e+02
3.265000e+02 3.996000e+02
