2.015000e+02 1.560000e+02
2.015000e+02 1.560000e+02
2.015000e+02 1.560000e+02
2.015000e+02 1.560000e+02
2.015000e+02 1.560000e+02
2.020000e+02 1.560000e+02
2.030000e+02 1.554000e+02
2.065000e+02 1.548000e+02
2.110000e+02 1.548000e+02
2.180000e+02 1.542000e+02
2.265000e+02 1.536000e+02
2.355000e+02 1.530000e+02
2.460000e+02 1.524000e+02
2.570000e+02 1.512000e+02
2.700000e+02 1.500000e+02
2.830000e+02 1.488000e+02
2.965000e+02 1.470000e+02
3.175000e+02 1.446000e+02
3.315000e+02 1.428000e+02
3.465000e+02 1.416000e+02
3.610000e+02 1.398000e+02
3.745000e+02 1.386000e+02
3.880000e+02 1.374000e+02
4.005000e+02 1.362000e+02
4.135000e+02 1.350000e+02
4.230000e+02 1.338000e+02
4.320000e+02 1.332000e+02
4.395000e+02 1.326000e+02
4.455000e+02 1.326000e+02
4.510000e+02 1.326000e+02
4.545000e+02 1.326000e+02
4.570000e+02 1.332000e+02
4.585000e+02 1.332000e+02
4.600000e+02 1.332000e+02
4.610000e+02 1.338000e+02
4.610000e+02 1.338000e+02
4.615000e+02 1.338000e+02
4.615000e+02 1.338000e+02
4.615000e+02 1.338000e+02
4.620000e+02 1.338000e+02
4.620000e+02 1.332000e+02
4.620000e+02 1.332000e+02
4.615000e+02 1.332000e+02
4.615000e+02 1.332000e+02
4.615000e+02 1.332000e+02
4.610000e+02 1.332000e+02
4.610000e+02 1.338000e+02
4.610000e+02 1.338000e+02
4.610000e+02 1.338000e+02
4.610000e+02 1.344000e+02
4.610000e+02 1.362000e+02
4.610000e+02 1.368000e+02
4.605000e+02 1.398000e+02
4.600000e+02 1.446000e+02
4.590000e+02 1.542000e+02
4.585000e+02 1.620000e+02
4.570000e+02 1.698000e+02
4.555000e+02 1.824000e+02
4.535000e+02 1.956000e+02
4.520000e+02 2.058000e+02
4.500000e+02 2.202000e+02
4.485000e+02 2.310000e+02
4.470000e+02 2.412000e+02
4.460000e+02 2.514000e+02
4.445000e+02 2.622000e+02
4.440000e+02 2.718000e+02
4.435000e+02 2.826000e+02
4.435000e+02 2.904000e+02
4.435000e+02 3.030000e+02
4.435000e+02 3.108000e+02
4.435000e+02 3.174000e+02
4.430000e+02 3.234000e+02
4.430000e+02 3.282000e+02
4.430000e+02 3.318000e+02
4.430000e+02 3.336000e+02
4.430000e+02 3.360000e+02
4.430000e+02 3.372000e+02
4.430000e+02 3.384000e+02
4.430000e+02 3.390000e+02
4.430000e+02 3.396000e+02
4.430000e+02 3.402000e+02
4.430000e+02 3.408000e+02
4.430000e+02 3.408000e+02
4.425000e+02 3.414000e+02
4.425000e+02 3.414000e+02
4.425000e+02 3.414000e+02
4.425000e+02 3.408000e+02
4.420000e+02 3.408000e+02
4.420000e+02 3.408000e+02
4.415000e+02 3.402000e+02
4.415000e+02 3.402000e+02
4.410000e+02 3.402000e+02
4.410000e+02 3.396000e+02
4.405000e+02 3.390000e+02
4.400000e+02 3.390000e+02
4.395000e+02 3.384000e+02
4.385000e+02 3.378000e+02
4.350000e+02 3.372000e+02
4.285000e+02 3.360000e+02
4.195000e+02 3.348000e+02
4.105000e+02 3.336000e+02
4.015000e+02 3.324000e+02
3.915000e+02 3.306000e+02
3.805000e+02 3.300000e+02
3.685000e+02 3.288000e+02
3.500000e+02 3.288000e+02
3.310000e+02 3.300000e+02
3.105000e+02 3.330000e+02
2.960000e+02 3.348000e+02
2.820000e+02 3.372000e+02
2.695000e+02 3.390000e+02
2.580000e+02 3.414000e+02
2.475000e+02 3.432000e+02
2.375000e+02 3.444000e+02
2.300000e+02 3.456000e+02
2.235000e+02 3.468000e+02
2.180000e+02 3.474000e+02
2.135000e+02 3.474000e+02
2.100000e+02 3.474000e+02
2.070000e+02 3.474000e+02
2.055000e+02 3.474000e+02
2.040000e+02 3.468000e+02
2.030000e+02 3.468000e+02
2.020000e+02 3.462000e+02
2.015000e+02 3.462000e+02
2.010000e+02 3.456000e+02
2.005000e+02 3.450000e+02
2.000000e+02 3.450000e+02
1.995000e+02 3.444000e+02
1.995000e+02 3.444000e+02
1.995000e+02 3.438000e+02
1.995000e+02 3.438000e+02
1.995000e+02 3.432000e+02
1.995000e+02 3.426000e+02
1.995000e+02 3.414000e+02
1.995000e+02 3.390000e+02
1.985000e+02 3.288000e+02
1.975000e+02 3.198000e+02
1.970000e+02 3.114000e+02
1.970000e+02 3.018000e+02
1.970000e+02 2.922000e+02
1.980000e+02 2.814000e+02
1.990000e+02 2.676000e+02
1.995000e+02 2.532000e+02
2.005000e+02 2.394000e+02
2.015000e+02 2.244000e+02
2.030000e+02 2.094000e+02
2.040000e+02 1.968000e+02
2.045000e+02 1.836000e+02
2.050000e+02 1.782000e+02
2.050000e+02 1.728000e+02
2.045000e+02 1.686000e+02
2.045000e+02 1.656000e+02
2.040000e+02 1.632000e+02
2.040000e+02 1.614000e+02
2.040000e+02 1.596000e+02
2.040000e+02 1.584000e+02
2.040000e+02 1.572000e+02
2.040000e+02 1.560000e+02
2.040000e+02 1.554000e+02
2.040000e+02 1.548000e+02
2.040000e+02 1.542000e+02
2.040000e+02 1.536000e+02
2.040000e+02 1.536000e+02
2.040000e+02 1.536000e+02
2.040000e+02 1.536000e+02
2.040000e+02 1.536000e+02
2.040000e+02 1.536000e+02
