1.000000e+02 2.316000e+02
1.000000e+02 2.316000e+02
1.005000e+02 2.316000e+02
1.010000e+02 2.316000e+02
1.040000e+02 2.310000e+02
1.070000e+02 2.310000e+02
1.100000e+02 2.304000e+02
1.140000e+02 2.304000e+02
1.185000e+02 2.304000e+02
1.230000e+02 2.304000e+02
1.285000e+02 2.304000e+02
1.340000e+02 2.310000e+02
1.440000e+02 2.310000e+02
1.500000e+02 2.310000e+02
1.595000e+02 2.310000e+02
1.665000e+02 2.310000e+02
1.730000e+02 2.310000e+02
1.805000e+02 2.310000e+02
1.900000e+02 2.304000e+02
1.935000e+02 2.304000e+02
2.005000e+02 2.298000e+02
2.080000e+02 2.298000e+02
2.155000e+02 2.292000e+02
2.220000e+02 2.292000e+02
2.300000e+02 2.286000e+02
2.365000e+02 2.286000e+02
2.445000e+02 2.280000e+02
2.510000e+02 2.280000e+02
2.610000e+02 2.274000e+02
2.650000e+02 2.274000e+02
2.715000e+02 2.268000e+02
2.790000e+02 2.262000e+02
2.855000e+02 2.256000e+02
2.930000e+02 2.250000e+02
2.990000e+02 2.244000e+02
3.060000e+02 2.238000e+02
3.160000e+02 2.226000e+02
3.250000e+02 2.220000e+02
3.315000e+02 2.214000e+02
3.385000e+02 2.208000e+02
3.490000e+02 2.202000e+02
3.560000e+02 2.196000e+02
3.665000e+02 2.184000e+02
3.695000e+02 2.184000e+02
3.775000e+02 2.178000e+02
3.845000e+02 2.172000e+02
3.955000e+02 2.166000e+02
4.030000e+02 2.160000e+02
4.065000e+02 2.160000e+02
4.175000e+02 2.154000e+02
4.205000e+02 2.148000e+02
4.280000e+02 2.148000e+02
4.340000e+02 2.142000e+02
4.410000e+02 2.142000e+02
4.475000e+02 2.136000e+02
4.545000e+02 2.130000e+02
4.610000e+02 2.130000e+02
4.645000e+02 2.130000e+02
4.730000e+02 2.130000e+02
4.765000e+02 2.130000e+02
4.820000e+02 2.130000e+02
4.870000e+02 2.130000e+02
4.920000e+02 2.124000e+02
4.965000e+02 2.124000e+02
5.010000e+02 2.124000e+02
5.060000e+02 2.124000e+02
5.100000e+02 2.124000e+02
5.145000e+02 2.124000e+02
5.190000e+02 2.124000e+02
5.230000e+02 2.124000e+02
5.275000e+02 2.124000e+02
5.310000e+02 2.130000e+02
5.340000e+02 2.130000e+02
5.385000e+02 2.130000e+02
5.395000e+02 2.130000e+02
5.430000e+02 2.124000e+02
5.480000e+02 2.124000e+02
5.495000e+02 2.124000e+02
5.580000e+02 2.124000e+02
5.615000e+02 2.124000e+02
5.645000e+02 2.124000e+02
5.665000e+02 2.130000e+02
5.680000e+02 2.130000e+02
5.690000e+02 2.130000e+02
5.700000e+02 2.130000e+02
5.705000e+02 2.130000e+02
5.710000e+02 2.136000e+02
5.715000e+02 2.136000e+02
5.715000e+02 2.142000e+02
5.715000e+02 2.142000e+02
