1.635000e+02 3.204000e+02
1.635000e+02 3.204000e+02
1.635000e+02 3.186000e+02
1.645000e+02 3.162000e+02
1.655000e+02 3.126000e+02
1.665000e+02 3.108000e+02
1.690000e+02 3.036000e+02
1.710000e+02 2.982000e+02
1.730000e+02 2.928000e+02
1.750000e+02 2.874000e+02
1.770000e+02 2.814000e+02
1.790000e+02 2.742000e+02
1.810000e+02 2.676000e+02
1.830000e+02 2.604000e+02
1.855000e+02 2.532000e+02
1.875000e+02 2.448000e+02
1.900000e+02 2.364000e+02
1.940000e+02 2.238000e+02
1.970000e+02 2.160000e+02
1.995000e+02 2.082000e+02
2.020000e+02 1.986000e+02
2.040000e+02 1.914000e+02
2.070000e+02 1.830000e+02
2.090000e+02 1.752000e+02
2.115000e+02 1.674000e+02
2.135000e+02 1.596000e+02
2.160000e+02 1.512000e+02
2.180000e+02 1.440000e+02
2.205000e+02 1.368000e+02
2.225000e+02 1.302000e+02
2.245000e+02 1.224000e+02
2.260000e+02 1.164000e+02
2.280000e+02 1.110000e+02
2.300000e+02 1.044000e+02
2.315000e+02 9.900000e+01
2.350000e+02 9.000000e+01
2.365000e+02 8.520000e+01
2.370000e+02 8.280000e+01
2.385000e+02 7.800000e+01
2.400000e+02 7.440000e+01
2.415000e+02 6.840000e+01
2.420000e+02 6.540000e+01
2.430000e+02 6.240000e+01
2.440000e+02 5.940000e+01
2.450000e+02 5.700000e+01
2.460000e+02 5.460000e+01
2.465000e+02 5.280000e+01
2.475000e+02 5.100000e+01
2.480000e+02 4.980000e+01
2.485000e+02 4.800000e+01
2.495000e+02 4.680000e+01
2.505000e+02 4.560000e+01
2.520000e+02 4.500000e+01
2.545000e+02 4.500000e+01
2.570000e+02 4.500000e+01
2.600000e+02 4.620000e+01
2.620000e+02 4.680000e+01
2.645000e+02 4.800000e+01
2.675000e+02 4.980000e+01
2.705000e+02 5.160000e+01
2.730000e+02 5.400000e+01
2.755000e+02 5.640000e+01
2.785000e+02 5.880000e+01
2.820000e+02 6.180000e+01
2.850000e+02 6.480000e+01
2.895000e+02 7.020000e+01
2.910000e+02 7.200000e+01
2.945000e+02 7.560000e+01
2.995000e+02 8.160000e+01
3.010000e+02 8.340000e+01
3.060000e+02 8.940000e+01
3.090000e+02 9.360000e+01
3.120000e+02 9.840000e+01
3.150000e+02 1.026000e+02
3.185000e+02 1.074000e+02
3.210000e+02 1.122000e+02
3.240000e+02 1.170000e+02
3.265000e+02 1.224000e+02
3.295000e+02 1.278000e+02
3.325000e+02 1.332000e+02
3.350000e+02 1.386000e+02
3.375000e+02 1.446000e+02
3.400000e+02 1.506000e+02
3.425000e+02 1.566000e+02
3.455000e+02 1.626000e+02
3.480000e+02 1.680000e+02
3.505000e+02 1.746000e+02
3.525000e+02 1.812000e+02
3.560000e+02 1.902000e+02
3.585000e+02 1.962000e+02
3.610000e+02 2.022000e+02
3.630000e+02 2.082000e+02
3.650000e+02 2.148000e+02
3.670000e+02 2.214000e+02
3.690000e+02 2.274000e+02
3.715000e+02 2.334000e+02
3.735000e+02 2.394000e+02
3.755000e+02 2.448000e+02
3.785000e+02 2.538000e+02
3.805000e+02 2.592000e+02
3.840000e+02 2.682000e+02
3.865000e+02 2.766000e+02
3.880000e+02 2.820000e+02
3.895000e+02 2.868000e+02
3.915000e+02 2.922000e+02
3.930000e+02 2.976000e+02
3.940000e+02 3.018000e+02
3.955000e+02 3.060000e+02
3.965000e+02 3.108000e+02
3.975000e+02 3.138000e+02
3.985000e+02 3.174000e+02
4.000000e+02 3.204000e+02
4.005000e+02 3.216000e+02
4.005000e+02 3.216000e+02
