2.975000e+02 3.972000e+02
2.975000e+02 3.972000e+02
2.975000e+02 3.972000e+02
2.975000e+02 3.972000e+02
2.975000e+02 3.972000e+02
2.975000e+02 3.972000e+02
2.975000e+02 3.960000e+02
2.985000e+02 3.924000e+02
2.990000e+02 3.906000e+02
3.000000e+02 3.864000e+02
3.010000e+02 3.810000e+02
3.020000e+02 3.750000e+02
3.030000e+02 3.678000e+02
3.045000e+02 3.564000e+02
3.055000e+02 3.474000e+02
3.070000e+02 3.384000e+02
3.085000e+02 3.294000e+02
3.095000e+02 3.186000e+02
3.115000e+02 3.072000e+02
3.125000e+02 2.970000e+02
3.140000e+02 2.850000e+02
3.160000e+02 2.736000e+02
3.175000e+02 2.622000e+02
3.200000e+02 2.502000e+02
3.220000e+02 2.382000e+02
3.240000e+02 2.274000e+02
3.260000e+02 2.160000e+02
3.275000e+02 2.052000e+02
3.300000e+02 1.866000e+02
3.310000e+02 1.812000e+02
3.335000e+02 1.644000e+02
3.360000e+02 1.488000e+02
3.380000e+02 1.326000e+02
3.395000e+02 1.224000e+02
3.405000e+02 1.134000e+02
3.415000e+02 1.038000e+02
3.425000e+02 9.540000e+01
3.440000e+02 8.700000e+01
3.450000e+02 7.980000e+01
3.460000e+02 7.260000e+01
3.475000e+02 6.660000e+01
3.485000e+02 6.000000e+01
3.495000e+02 5.460000e+01
3.500000e+02 5.040000e+01
3.510000e+02 4.560000e+01
3.515000e+02 4.140000e+01
3.520000e+02 3.780000e+01
3.525000e+02 3.420000e+01
3.530000e+02 3.120000e+01
3.535000e+02 2.760000e+01
3.540000e+02 2.400000e+01
3.540000e+02 2.280000e+01
3.540000e+02 2.280000e+01
