4.675000e+02 1.920000e+02
4.675000e+02 1.920000e+02
4.665000e+02 1.920000e+02
4.655000e+02 1.920000e+02
4.625000e+02 1.926000e+02
4.590000e+02 1.926000e+02
4.555000e+02 1.926000e+02
4.510000e+02 1.926000e+02
4.460000e+02 1.932000e+02
4.380000e+02 1.932000e+02
4.350000e+02 1.932000e+02
4.300000e+02 1.926000e+02
4.240000e+02 1.926000e+02
4.185000e+02 1.926000e+02
4.120000e+02 1.920000e+02
4.060000e+02 1.926000e+02
4.000000e+02 1.926000e+02
3.935000e+02 1.926000e+02
3.835000e+02 1.932000e+02
3.770000e+02 1.938000e+02
3.740000e+02 1.938000e+02
3.685000e+02 1.944000e+02
3.620000e+02 1.944000e+02
3.560000e+02 1.950000e+02
3.495000e+02 1.950000e+02
3.435000e+02 1.950000e+02
3.405000e+02 1.950000e+02
3.345000e+02 1.956000e+02
3.285000e+02 1.956000e+02
3.220000e+02 1.962000e+02
3.125000e+02 1.968000e+02
3.035000e+02 1.974000e+02
2.970000e+02 1.980000e+02
2.940000e+02 1.980000e+02
2.850000e+02 1.986000e+02
2.790000e+02 1.992000e+02
2.735000e+02 1.998000e+02
2.680000e+02 2.004000e+02
2.650000e+02 2.004000e+02
2.600000e+02 2.010000e+02
2.555000e+02 2.016000e+02
2.510000e+02 2.022000e+02
2.450000e+02 2.028000e+02
2.430000e+02 2.028000e+02
2.390000e+02 2.034000e+02
2.355000e+02 2.034000e+02
2.320000e+02 2.040000e+02
2.285000e+02 2.046000e+02
2.250000e+02 2.052000e+02
2.220000e+02 2.052000e+02
2.190000e+02 2.058000e+02
2.160000e+02 2.064000e+02
2.150000e+02 2.064000e+02
2.105000e+02 2.076000e+02
2.080000e+02 2.076000e+02
2.060000e+02 2.082000e+02
2.040000e+02 2.088000e+02
2.025000e+02 2.088000e+02
2.010000e+02 2.094000e+02
1.990000e+02 2.094000e+02
1.975000e+02 2.100000e+02
1.960000e+02 2.100000e+02
1.945000e+02 2.106000e+02
1.940000e+02 2.106000e+02
1.930000e+02 2.106000e+02
1.925000e+02 2.106000e+02
1.915000e+02 2.112000e+02
1.910000e+02 2.112000e+02
1.900000e+02 2.112000e+02
1.900000e+02 2.112000e+02
1.895000e+02 2.112000e+02
1.890000e+02 2.112000e+02
1.890000e+02 2.118000e+02
1.885000e+02 2.118000e+02
1.885000e+02 2.118000e+02
1.885000e+02 2.118000e+02
1.885000e+02 2.124000e+02
1.885000e+02 2.124000e+02
