1.785000e+02 2.658000e+02
1.785000e+02 2.658000e+02
1.785000e+02 2.658000e+02
1.785000e+02 2.658000e+02
1.785000e+02 2.658000e+02
1.785000e+02 2.664000e+02
1.790000e+02 2.670000e+02
1.800000e+02 2.688000e+02
1.825000e+02 2.736000e+02
1.840000e+02 2.760000e+02
1.875000e+02 2.844000e+02
1.900000e+02 2.898000e+02
1.930000e+02 2.958000e+02
1.960000e+02 3.012000e+02
1.990000e+02 3.072000e+02
2.020000e+02 3.132000e+02
2.050000e+02 3.192000e+02
2.085000e+02 3.252000e+02
2.115000e+02 3.312000e+02
2.140000e+02 3.372000e+02
2.180000e+02 3.456000e+02
2.195000e+02 3.486000e+02
2.230000e+02 3.570000e+02
2.265000e+02 3.648000e+02
2.300000e+02 3.726000e+02
2.325000e+02 3.774000e+02
2.345000e+02 3.816000e+02
2.365000e+02 3.858000e+02
2.385000e+02 3.900000e+02
2.400000e+02 3.942000e+02
2.410000e+02 3.960000e+02
2.420000e+02 3.984000e+02
2.420000e+02 3.984000e+02
2.425000e+02 3.996000e+02
2.430000e+02 4.002000e+02
2.430000e+02 4.008000e+02
2.435000e+02 4.008000e+02
2.435000e+02 4.014000e+02
2.435000e+02 4.014000e+02
2.435000e+02 4.014000e+02
2.440000e+02 4.014000e+02
2.440000e+02 4.020000e+02
2.440000e+02 4.020000e+02
2.440000e+02 4.020000e+02
2.440000e+02 4.020000e+02
2.440000e+02 4.020000e+02
2.440000e+02 4.014000e+02
2.445000e+02 4.014000e+02
2.445000e+02 4.014000e+02
2.455000e+02 4.008000e+02
2.460000e+02 4.008000e+02
2.470000e+02 3.996000e+02
2.480000e+02 3.984000e+02
2.495000e+02 3.972000e+02
2.510000e+02 3.948000e+02
2.535000e+02 3.918000e+02
2.560000e+02 3.882000e+02
2.590000e+02 3.846000e+02
2.625000e+02 3.804000e+02
2.665000e+02 3.750000e+02
2.700000e+02 3.708000e+02
2.745000e+02 3.648000e+02
2.790000e+02 3.588000e+02
2.835000e+02 3.534000e+02
2.915000e+02 3.438000e+02
2.975000e+02 3.366000e+02
3.035000e+02 3.294000e+02
3.090000e+02 3.228000e+02
3.160000e+02 3.150000e+02
3.220000e+02 3.078000e+02
3.300000e+02 2.994000e+02
3.370000e+02 2.922000e+02
3.445000e+02 2.844000e+02
3.515000e+02 2.778000e+02
3.590000e+02 2.700000e+02
3.700000e+02 2.598000e+02
3.735000e+02 2.562000e+02
3.850000e+02 2.466000e+02
3.930000e+02 2.400000e+02
4.000000e+02 2.334000e+02
4.075000e+02 2.274000e+02
4.140000e+02 2.220000e+02
4.205000e+02 2.172000e+02
4.265000e+02 2.118000e+02
4.330000e+02 2.070000e+02
4.395000e+02 2.022000e+02
4.455000e+02 1.974000e+02
4.510000e+02 1.932000e+02
4.595000e+02 1.872000e+02
4.620000e+02 1.848000e+02
4.700000e+02 1.788000e+02
4.765000e+02 1.746000e+02
4.825000e+02 1.704000e+02
4.855000e+02 1.686000e+02
4.880000e+02 1.668000e+02
4.900000e+02 1.650000e+02
4.915000e+02 1.638000e+02
4.930000e+02 1.632000e+02
4.940000e+02 1.620000e+02
4.950000e+02 1.614000e+02
4.960000e+02 1.614000e+02
4.965000e+02 1.608000e+02
4.965000e+02 1.608000e+02
4.970000e+02 1.602000e+02
4.970000e+02 1.602000e+02
4.975000e+02 1.602000e+02
4.975000e+02 1.602000e+02
4.975000e+02 1.596000e+02
4.975000e+02 1.596000e+02
4.980000e+02 1.596000e+02
4.980000e+02 1.596000e+02
4.980000e+02 1.596000e+02
4.980000e+02 1.596000e+02
4.980000e+02 1.596000e+02
4.980000e+02 1.596000e+02
4.980000e+02 1.596000e+02
4.980000e+02 1.596000e+02
4.980000e+02 1.596000e+02
4.980000e+02 1.596000e+02
4.980000e+02 1.596000e+02
4.980000e+02 1.596000e+02
4.980000e+02 1.596000e+02
4.980000e+02 1.602000e+02
4.980000e+02 1.602000e+02
4.980000e+02 1.614000e+02
4.980000e+02 1.614000e+02
