2.050000e+02 1.812000e+02
2.050000e+02 1.800000e+02
2.050000e+02 1.800000e+02
2.050000e+02 1.800000e+02
2.050000e+02 1.800000e+02
2.050000e+02 1.800000e+02
2.050000e+02 1.800000e+02
2.055000e+02 1.806000e+02
2.055000e+02 1.818000e+02
2.060000e+02 1.830000e+02
2.075000e+02 1.878000e+02
2.085000e+02 1.920000e+02
2.095000e+02 1.962000e+02
2.105000e+02 2.010000e+02
2.115000e+02 2.064000e+02
2.130000e+02 2.112000e+02
2.140000e+02 2.172000e+02
2.150000e+02 2.226000e+02
2.160000e+02 2.286000e+02
2.175000e+02 2.346000e+02
2.185000e+02 2.406000e+02
2.200000e+02 2.472000e+02
2.215000e+02 2.568000e+02
2.225000e+02 2.610000e+02
2.245000e+02 2.706000e+02
2.255000e+02 2.766000e+02
2.265000e+02 2.832000e+02
2.275000e+02 2.886000e+02
2.290000e+02 2.946000e+02
2.300000e+02 3.000000e+02
2.315000e+02 3.054000e+02
2.335000e+02 3.108000e+02
2.345000e+02 3.150000e+02
2.365000e+02 3.216000e+02
2.380000e+02 3.258000e+02
2.385000e+02 3.288000e+02
2.395000e+02 3.318000e+02
2.400000e+02 3.330000e+02
2.410000e+02 3.360000e+02
2.420000e+02 3.384000e+02
2.435000e+02 3.408000e+02
2.440000e+02 3.414000e+02
2.445000e+02 3.420000e+02
2.450000e+02 3.426000e+02
2.450000e+02 3.426000e+02
2.455000e+02 3.426000e+02
2.460000e+02 3.426000e+02
2.465000e+02 3.420000e+02
2.475000e+02 3.414000e+02
2.490000e+02 3.396000e+02
2.520000e+02 3.366000e+02
2.560000e+02 3.318000e+02
2.600000e+02 3.276000e+02
2.645000e+02 3.228000e+02
2.695000e+02 3.174000e+02
2.740000e+02 3.120000e+02
2.800000e+02 3.054000e+02
2.885000e+02 2.952000e+02
2.950000e+02 2.880000e+02
3.010000e+02 2.814000e+02
3.080000e+02 2.736000e+02
3.155000e+02 2.658000e+02
3.265000e+02 2.538000e+02
3.380000e+02 2.424000e+02
3.460000e+02 2.352000e+02
3.545000e+02 2.268000e+02
3.615000e+02 2.202000e+02
3.695000e+02 2.130000e+02
3.775000e+02 2.058000e+02
3.850000e+02 1.992000e+02
3.940000e+02 1.908000e+02
4.015000e+02 1.848000e+02
4.090000e+02 1.776000e+02
4.170000e+02 1.716000e+02
4.245000e+02 1.650000e+02
4.325000e+02 1.584000e+02
4.395000e+02 1.530000e+02
4.465000e+02 1.470000e+02
4.565000e+02 1.392000e+02
4.665000e+02 1.314000e+02
4.720000e+02 1.272000e+02
4.805000e+02 1.212000e+02
4.855000e+02 1.176000e+02
4.905000e+02 1.134000e+02
4.945000e+02 1.110000e+02
4.985000e+02 1.080000e+02
5.020000e+02 1.056000e+02
5.050000e+02 1.032000e+02
5.080000e+02 1.014000e+02
5.100000e+02 9.960000e+01
5.120000e+02 9.780000e+01
5.145000e+02 9.600000e+01
5.150000e+02 9.540000e+01
5.170000e+02 9.420000e+01
5.180000e+02 9.360000e+01
5.190000e+02 9.300000e+01
5.195000e+02 9.240000e+01
5.200000e+02 9.180000e+01
5.200000e+02 9.180000e+01
5.205000e+02 9.120000e+01
5.210000e+02 9.120000e+01
5.210000e+02 9.120000e+01
5.210000e+02 9.120000e+01
5.210000e+02 9.120000e+01
5.215000e+02 9.120000e+01
5.215000e+02 9.120000e+01
5.215000e+02 9.180000e+01
5.215000e+02 9.240000e+01
5.215000e+02 9.240000e+01
