2.850000e+02 1.566000e+02
2.850000e+02 1.566000e+02
2.820000e+02 1.578000e+02
2.780000e+02 1.596000e+02
2.735000e+02 1.632000e+02
2.705000e+02 1.650000e+02
2.650000e+02 1.680000e+02
2.595000e+02 1.722000e+02
2.565000e+02 1.740000e+02
2.510000e+02 1.788000e+02
2.460000e+02 1.824000e+02
2.435000e+02 1.848000e+02
2.385000e+02 1.902000e+02
2.365000e+02 1.926000e+02
2.325000e+02 1.980000e+02
2.285000e+02 2.040000e+02
2.270000e+02 2.070000e+02
2.240000e+02 2.124000e+02
2.215000e+02 2.184000e+02
2.205000e+02 2.220000e+02
2.190000e+02 2.280000e+02
2.180000e+02 2.340000e+02
2.170000e+02 2.370000e+02
2.170000e+02 2.436000e+02
2.165000e+02 2.502000e+02
2.170000e+02 2.532000e+02
2.175000e+02 2.592000e+02
2.185000e+02 2.658000e+02
2.190000e+02 2.688000e+02
2.210000e+02 2.748000e+02
2.230000e+02 2.808000e+02
2.245000e+02 2.838000e+02
2.270000e+02 2.892000e+02
2.295000e+02 2.946000e+02
2.310000e+02 2.976000e+02
2.340000e+02 3.024000e+02
2.360000e+02 3.048000e+02
2.395000e+02 3.096000e+02
2.430000e+02 3.144000e+02
2.450000e+02 3.168000e+02
2.490000e+02 3.204000e+02
2.530000e+02 3.240000e+02
2.550000e+02 3.258000e+02
2.595000e+02 3.294000e+02
2.635000e+02 3.324000e+02
2.655000e+02 3.342000e+02
2.705000e+02 3.360000e+02
2.750000e+02 3.378000e+02
2.775000e+02 3.384000e+02
2.825000e+02 3.396000e+02
2.875000e+02 3.402000e+02
2.900000e+02 3.402000e+02
2.955000e+02 3.402000e+02
3.005000e+02 3.408000e+02
3.035000e+02 3.402000e+02
3.090000e+02 3.396000e+02
3.120000e+02 3.390000e+02
3.180000e+02 3.378000e+02
3.235000e+02 3.360000e+02
3.295000e+02 3.336000e+02
3.320000e+02 3.324000e+02
3.375000e+02 3.294000e+02
3.405000e+02 3.282000e+02
3.460000e+02 3.252000e+02
3.510000e+02 3.222000e+02
3.535000e+02 3.198000e+02
3.590000e+02 3.162000e+02
3.635000e+02 3.126000e+02
3.660000e+02 3.102000e+02
3.705000e+02 3.054000e+02
3.725000e+02 3.030000e+02
3.765000e+02 2.982000e+02
3.810000e+02 2.928000e+02
3.830000e+02 2.898000e+02
3.860000e+02 2.850000e+02
3.890000e+02 2.790000e+02
3.905000e+02 2.760000e+02
3.925000e+02 2.706000e+02
3.945000e+02 2.652000e+02
3.950000e+02 2.622000e+02
3.965000e+02 2.568000e+02
3.975000e+02 2.508000e+02
3.975000e+02 2.478000e+02
3.980000e+02 2.424000e+02
3.980000e+02 2.394000e+02
3.970000e+02 2.334000e+02
3.965000e+02 2.274000e+02
3.960000e+02 2.250000e+02
3.950000e+02 2.196000e+02
3.935000e+02 2.142000e+02
3.915000e+02 2.094000e+02
3.900000e+02 2.070000e+02
3.875000e+02 2.016000e+02
3.840000e+02 1.968000e+02
3.825000e+02 1.944000e+02
3.790000e+02 1.902000e+02
3.750000e+02 1.860000e+02
3.730000e+02 1.836000e+02
3.685000e+02 1.794000e+02
3.635000e+02 1.758000e+02
3.615000e+02 1.740000e+02
3.560000e+02 1.704000e+02
3.510000e+02 1.674000e+02
3.480000e+02 1.656000e+02
3.425000e+02 1.626000e+02
3.375000e+02 1.596000e+02
3.315000e+02 1.572000e+02
3.285000e+02 1.566000e+02
3.230000e+02 1.542000e+02
3.200000e+02 1.530000e+02
3.145000e+02 1.512000e+02
3.090000e+02 1.488000e+02
3.060000e+02 1.482000e+02
3.010000e+02 1.464000e+02
2.960000e+02 1.452000e+02
2.940000e+02 1.446000e+02
2.890000e+02 1.440000e+02
2.870000e+02 1.434000e+02
2.835000e+02 1.428000e+02
2.800000e+02 1.422000e+02
2.780000e+02 1.416000e+02
2.750000e+02 1.416000e+02
2.740000e+02 1.410000e+02
2.720000e+02 1.410000e+02
2.705000e+02 1.404000e+02
2.695000e+02 1.404000e+02
2.685000e+02 1.404000e+02
2.685000e+02 1.404000e+02
2.680000e+02 1.404000e+02
2.675000e+02 1.398000e+02
2.675000e+02 1.398000e+02
2.675000e+02 1.398000e+02
2.680000e+02 1.398000e+02
2.680000e+02 1.392000e+02
2.680000e+02 1.392000e+02
