1.405000e+02 1.818000e+02
1.405000e+02 1.818000e+02
1.405000e+02 1.818000e+02
1.410000e+02 1.824000e+02
1.410000e+02 1.836000e+02
1.420000e+02 1.854000e+02
1.430000e+02 1.890000e+02
1.445000e+02 1.932000e+02
1.465000e+02 1.974000e+02
1.485000e+02 2.028000e+02
1.500000e+02 2.076000e+02
1.535000e+02 2.160000e+02
1.560000e+02 2.220000e+02
1.585000e+02 2.274000e+02
1.610000e+02 2.334000e+02
1.630000e+02 2.388000e+02
1.655000e+02 2.442000e+02
1.685000e+02 2.502000e+02
1.710000e+02 2.550000e+02
1.735000e+02 2.598000e+02
1.755000e+02 2.640000e+02
1.765000e+02 2.658000e+02
1.790000e+02 2.712000e+02
1.815000e+02 2.748000e+02
1.835000e+02 2.778000e+02
1.845000e+02 2.784000e+02
1.860000e+02 2.802000e+02
1.875000e+02 2.808000e+02
1.890000e+02 2.808000e+02
1.910000e+02 2.802000e+02
1.945000e+02 2.784000e+02
1.995000e+02 2.760000e+02
2.060000e+02 2.718000e+02
2.150000e+02 2.670000e+02
2.245000e+02 2.622000e+02
2.365000e+02 2.556000e+02
2.540000e+02 2.472000e+02
2.600000e+02 2.442000e+02
2.805000e+02 2.358000e+02
2.950000e+02 2.304000e+02
3.105000e+02 2.256000e+02
3.255000e+02 2.208000e+02
3.410000e+02 2.160000e+02
3.560000e+02 2.124000e+02
3.715000e+02 2.088000e+02
3.865000e+02 2.058000e+02
4.015000e+02 2.028000e+02
4.150000e+02 2.010000e+02
4.285000e+02 1.992000e+02
4.415000e+02 1.980000e+02
4.535000e+02 1.968000e+02
4.645000e+02 1.962000e+02
4.745000e+02 1.956000e+02
4.885000e+02 1.944000e+02
4.930000e+02 1.944000e+02
5.040000e+02 1.944000e+02
5.100000e+02 1.950000e+02
5.155000e+02 1.950000e+02
5.195000e+02 1.956000e+02
5.230000e+02 1.962000e+02
5.255000e+02 1.962000e+02
5.270000e+02 1.968000e+02
5.280000e+02 1.968000e+02
5.285000e+02 1.968000e+02
5.290000e+02 1.974000e+02
5.295000e+02 1.974000e+02
5.295000e+02 1.974000e+02
5.295000e+02 1.974000e+02
5.295000e+02 1.980000e+02
5.290000e+02 1.980000e+02
5.290000e+02 1.980000e+02
