2.805000e+02 3.462000e+02
2.805000e+02 3.462000e+02
2.805000e+02 3.450000e+02
2.800000e+02 3.444000e+02
2.800000e+02 3.432000e+02
2.795000e+02 3.420000e+02
2.795000e+02 3.402000e+02
2.795000e+02 3.390000e+02
2.790000e+02 3.330000e+02
2.785000e+02 3.276000e+02
2.785000e+02 3.210000e+02
2.780000e+02 3.132000e+02
2.770000e+02 3.048000e+02
2.765000e+02 2.946000e+02
2.760000e+02 2.850000e+02
2.755000e+02 2.766000e+02
2.750000e+02 2.652000e+02
2.745000e+02 2.574000e+02
2.740000e+02 2.508000e+02
2.735000e+02 2.448000e+02
2.730000e+02 2.388000e+02
2.725000e+02 2.328000e+02
2.715000e+02 2.244000e+02
2.715000e+02 2.214000e+02
2.710000e+02 2.172000e+02
2.705000e+02 2.130000e+02
2.700000e+02 2.094000e+02
2.700000e+02 2.070000e+02
2.695000e+02 2.046000e+02
2.690000e+02 2.034000e+02
2.690000e+02 2.022000e+02
2.690000e+02 2.010000e+02
2.685000e+02 2.004000e+02
2.685000e+02 1.998000e+02
2.685000e+02 1.992000e+02
2.685000e+02 1.992000e+02
2.685000e+02 1.992000e+02
2.685000e+02 1.992000e+02
2.690000e+02 1.992000e+02
2.695000e+02 1.992000e+02
2.695000e+02 1.992000e+02
