1.370000e+02 2.778000e+02
1.370000e+02 2.778000e+02
1.375000e+02 2.778000e+02
1.380000e+02 2.778000e+02
1.385000e+02 2.778000e+02
1.405000e+02 2.778000e+02
1.435000e+02 2.772000e+02
1.465000e+02 2.760000e+02
1.510000e+02 2.748000e+02
1.560000e+02 2.736000e+02
1.610000e+02 2.724000e+02
1.680000e+02 2.718000e+02
1.745000e+02 2.706000e+02
1.830000e+02 2.700000e+02
1.910000e+02 2.688000e+02
2.035000e+02 2.682000e+02
2.075000e+02 2.676000e+02
2.210000e+02 2.670000e+02
2.345000e+02 2.664000e+02
2.440000e+02 2.664000e+02
2.525000e+02 2.664000e+02
2.610000e+02 2.664000e+02
2.705000e+02 2.670000e+02
2.790000e+02 2.670000e+02
2.915000e+02 2.664000e+02
3.035000e+02 2.658000e+02
3.115000e+02 2.658000e+02
3.205000e+02 2.652000e+02
3.290000e+02 2.652000e+02
3.370000e+02 2.652000e+02
3.495000e+02 2.646000e+02
3.545000e+02 2.646000e+02
3.715000e+02 2.634000e+02
3.805000e+02 2.622000e+02
3.890000e+02 2.610000e+02
4.025000e+02 2.592000e+02
4.070000e+02 2.580000e+02
4.155000e+02 2.568000e+02
4.230000e+02 2.550000e+02
4.315000e+02 2.526000e+02
4.395000e+02 2.508000e+02
4.505000e+02 2.490000e+02
4.540000e+02 2.484000e+02
4.640000e+02 2.478000e+02
4.700000e+02 2.478000e+02
4.760000e+02 2.478000e+02
4.835000e+02 2.478000e+02
4.885000e+02 2.484000e+02
4.930000e+02 2.490000e+02
4.965000e+02 2.502000e+02
4.985000e+02 2.502000e+02
5.025000e+02 2.508000e+02
5.055000e+02 2.514000e+02
5.085000e+02 2.514000e+02
5.105000e+02 2.520000e+02
5.115000e+02 2.520000e+02
5.115000e+02 2.520000e+02
