8.050000e+01 2.724000e+02
8.050000e+01 2.724000e+02
8.050000e+01 2.724000e+02
8.050000e+01 2.724000e+02
8.050000e+01 2.724000e+02
8.050000e+01 2.724000e+02
8.050000e+01 2.730000e+02
8.100000e+01 2.736000e+02
8.100000e+01 2.748000e+02
8.150000e+01 2.760000e+02
8.250000e+01 2.784000e+02
8.400000e+01 2.838000e+02
8.500000e+01 2.856000e+02
8.600000e+01 2.892000e+02
8.750000e+01 2.940000e+02
8.900000e+01 2.988000e+02
9.100000e+01 3.036000e+02
9.300000e+01 3.090000e+02
9.500000e+01 3.144000e+02
9.700000e+01 3.204000e+02
9.900000e+01 3.258000e+02
1.005000e+02 3.312000e+02
1.020000e+02 3.360000e+02
1.035000e+02 3.414000e+02
1.055000e+02 3.468000e+02
1.080000e+02 3.546000e+02
1.100000e+02 3.600000e+02
1.115000e+02 3.642000e+02
1.135000e+02 3.690000e+02
1.145000e+02 3.738000e+02
1.160000e+02 3.780000e+02
1.175000e+02 3.816000e+02
1.185000e+02 3.858000e+02
1.200000e+02 3.894000e+02
1.215000e+02 3.942000e+02
1.220000e+02 3.960000e+02
1.230000e+02 3.984000e+02
1.235000e+02 3.996000e+02
1.240000e+02 4.008000e+02
1.240000e+02 4.020000e+02
1.245000e+02 4.026000e+02
1.245000e+02 4.038000e+02
1.245000e+02 4.038000e+02
1.250000e+02 4.044000e+02
1.250000e+02 4.050000e+02
1.250000e+02 4.050000e+02
1.250000e+02 4.056000e+02
1.250000e+02 4.056000e+02
1.250000e+02 4.056000e+02
1.250000e+02 4.056000e+02
1.250000e+02 4.056000e+02
1.250000e+02 4.056000e+02
1.250000e+02 4.056000e+02
1.255000e+02 4.056000e+02
1.255000e+02 4.050000e+02
1.255000e+02 4.050000e+02
1.255000e+02 4.044000e+02
1.260000e+02 4.044000e+02
1.265000e+02 4.032000e+02
1.295000e+02 3.996000e+02
1.320000e+02 3.966000e+02
1.350000e+02 3.924000e+02
1.380000e+02 3.882000e+02
1.415000e+02 3.834000e+02
1.450000e+02 3.780000e+02
1.490000e+02 3.726000e+02
1.530000e+02 3.672000e+02
1.570000e+02 3.612000e+02
1.610000e+02 3.558000e+02
1.650000e+02 3.498000e+02
1.695000e+02 3.444000e+02
1.735000e+02 3.390000e+02
1.785000e+02 3.330000e+02
1.830000e+02 3.276000e+02
1.875000e+02 3.228000e+02
1.925000e+02 3.168000e+02
1.975000e+02 3.114000e+02
2.020000e+02 3.060000e+02
2.090000e+02 2.982000e+02
2.130000e+02 2.940000e+02
2.175000e+02 2.892000e+02
2.220000e+02 2.844000e+02
2.265000e+02 2.796000e+02
2.315000e+02 2.748000e+02
2.360000e+02 2.700000e+02
2.410000e+02 2.652000e+02
2.460000e+02 2.598000e+02
2.510000e+02 2.544000e+02
2.565000e+02 2.490000e+02
2.645000e+02 2.412000e+02
2.675000e+02 2.382000e+02
2.725000e+02 2.340000e+02
2.775000e+02 2.292000e+02
2.820000e+02 2.250000e+02
2.860000e+02 2.214000e+02
2.890000e+02 2.178000e+02
2.925000e+02 2.154000e+02
2.970000e+02 2.118000e+02
2.990000e+02 2.100000e+02
3.005000e+02 2.082000e+02
3.015000e+02 2.070000e+02
3.025000e+02 2.064000e+02
3.035000e+02 2.058000e+02
3.035000e+02 2.052000e+02
3.040000e+02 2.046000e+02
3.045000e+02 2.046000e+02
3.050000e+02 2.040000e+02
3.050000e+02 2.040000e+02
3.050000e+02 2.040000e+02
3.055000e+02 2.034000e+02
3.055000e+02 2.034000e+02
3.055000e+02 2.034000e+02
3.055000e+02 2.040000e+02
3.055000e+02 2.040000e+02
3.055000e+02 2.040000e+02
3.055000e+02 2.040000e+02
