3.485000e+02 4.332000e+02
3.485000e+02 4.332000e+02
3.485000e+02 4.332000e+02
3.480000e+02 4.332000e+02
3.480000e+02 4.338000e+02
3.475000e+02 4.338000e+02
3.475000e+02 4.338000e+02
3.475000e+02 4.338000e+02
3.470000e+02 4.338000e+02
3.470000e+02 4.326000e+02
3.465000e+02 4.314000e+02
3.460000e+02 4.260000e+02
3.460000e+02 4.224000e+02
3.455000e+02 4.176000e+02
3.455000e+02 4.116000e+02
3.455000e+02 4.068000e+02
3.460000e+02 4.008000e+02
3.460000e+02 3.942000e+02
3.460000e+02 3.876000e+02
3.460000e+02 3.804000e+02
3.465000e+02 3.744000e+02
3.465000e+02 3.666000e+02
3.470000e+02 3.594000e+02
3.475000e+02 3.474000e+02
3.485000e+02 3.342000e+02
3.490000e+02 3.216000e+02
3.495000e+02 3.132000e+02
3.500000e+02 3.042000e+02
3.505000e+02 2.964000e+02
3.515000e+02 2.874000e+02
3.520000e+02 2.784000e+02
3.530000e+02 2.694000e+02
3.545000e+02 2.562000e+02
3.560000e+02 2.424000e+02
3.575000e+02 2.280000e+02
3.590000e+02 2.196000e+02
3.600000e+02 2.106000e+02
3.610000e+02 2.022000e+02
3.615000e+02 1.938000e+02
3.625000e+02 1.848000e+02
3.630000e+02 1.776000e+02
3.635000e+02 1.698000e+02
3.640000e+02 1.632000e+02
3.650000e+02 1.572000e+02
3.655000e+02 1.500000e+02
3.665000e+02 1.410000e+02
3.670000e+02 1.350000e+02
3.675000e+02 1.302000e+02
3.680000e+02 1.254000e+02
3.685000e+02 1.230000e+02
3.690000e+02 1.170000e+02
3.690000e+02 1.122000e+02
3.695000e+02 1.068000e+02
3.695000e+02 1.032000e+02
3.695000e+02 9.960000e+01
3.695000e+02 9.540000e+01
3.695000e+02 9.240000e+01
3.695000e+02 8.880000e+01
3.700000e+02 8.580000e+01
3.700000e+02 8.340000e+01
3.700000e+02 8.160000e+01
3.700000e+02 7.980000e+01
3.700000e+02 7.860000e+01
3.700000e+02 7.740000e+01
3.700000e+02 7.680000e+01
3.700000e+02 7.620000e+01
3.700000e+02 7.620000e+01
3.700000e+02 7.560000e+01
3.700000e+02 7.560000e+01
3.700000e+02 7.560000e+01
