1.375000e+02 3.540000e+02
1.375000e+02 3.540000e+02
1.375000e+02 3.540000e+02
1.375000e+02 3.540000e+02
1.375000e+02 3.528000e+02
1.375000e+02 3.522000e+02
1.380000e+02 3.510000e+02
1.385000e+02 3.498000e+02
1.390000e+02 3.474000e+02
1.400000e+02 3.444000e+02
1.410000e+02 3.420000e+02
1.425000e+02 3.384000e+02
1.450000e+02 3.324000e+02
1.480000e+02 3.258000e+02
1.510000e+02 3.186000e+02
1.525000e+02 3.138000e+02
1.555000e+02 3.060000e+02
1.585000e+02 2.982000e+02
1.605000e+02 2.934000e+02
1.625000e+02 2.874000e+02
1.645000e+02 2.820000e+02
1.670000e+02 2.760000e+02
1.700000e+02 2.700000e+02
1.730000e+02 2.634000e+02
1.765000e+02 2.568000e+02
1.805000e+02 2.490000e+02
1.840000e+02 2.418000e+02
1.875000e+02 2.352000e+02
1.920000e+02 2.256000e+02
1.950000e+02 2.184000e+02
1.985000e+02 2.088000e+02
2.020000e+02 2.004000e+02
2.045000e+02 1.944000e+02
2.070000e+02 1.890000e+02
2.100000e+02 1.824000e+02
2.125000e+02 1.770000e+02
2.150000e+02 1.716000e+02
2.175000e+02 1.662000e+02
2.200000e+02 1.608000e+02
2.220000e+02 1.560000e+02
2.240000e+02 1.512000e+02
2.255000e+02 1.470000e+02
2.270000e+02 1.440000e+02
2.285000e+02 1.404000e+02
2.300000e+02 1.368000e+02
2.320000e+02 1.326000e+02
2.340000e+02 1.278000e+02
2.360000e+02 1.242000e+02
2.380000e+02 1.182000e+02
2.400000e+02 1.134000e+02
2.415000e+02 1.110000e+02
2.420000e+02 1.086000e+02
2.430000e+02 1.068000e+02
2.440000e+02 1.050000e+02
2.445000e+02 1.032000e+02
2.460000e+02 1.014000e+02
2.465000e+02 9.960000e+01
2.475000e+02 9.840000e+01
2.480000e+02 9.780000e+01
2.480000e+02 9.780000e+01
2.485000e+02 9.720000e+01
2.490000e+02 9.720000e+01
2.490000e+02 9.660000e+01
2.495000e+02 9.660000e+01
2.495000e+02 9.660000e+01
2.500000e+02 9.660000e+01
2.505000e+02 9.720000e+01
2.515000e+02 9.720000e+01
2.515000e+02 9.780000e+01
2.530000e+02 9.840000e+01
2.545000e+02 1.002000e+02
2.575000e+02 1.026000e+02
2.595000e+02 1.050000e+02
2.620000e+02 1.068000e+02
2.645000e+02 1.092000e+02
2.675000e+02 1.122000e+02
2.705000e+02 1.146000e+02
2.730000e+02 1.170000e+02
2.760000e+02 1.200000e+02
2.790000e+02 1.230000e+02
2.825000e+02 1.260000e+02
2.860000e+02 1.296000e+02
2.890000e+02 1.326000e+02
2.925000e+02 1.362000e+02
2.960000e+02 1.398000e+02
2.995000e+02 1.440000e+02
3.030000e+02 1.476000e+02
3.080000e+02 1.536000e+02
3.110000e+02 1.578000e+02
3.145000e+02 1.620000e+02
3.185000e+02 1.668000e+02
3.215000e+02 1.710000e+02
3.250000e+02 1.758000e+02
3.285000e+02 1.806000e+02
3.320000e+02 1.854000e+02
3.355000e+02 1.908000e+02
3.390000e+02 1.956000e+02
3.425000e+02 2.004000e+02
3.460000e+02 2.052000e+02
3.495000e+02 2.100000e+02
3.550000e+02 2.178000e+02
3.590000e+02 2.226000e+02
3.625000e+02 2.274000e+02
3.665000e+02 2.328000e+02
3.705000e+02 2.382000e+02
3.745000e+02 2.430000e+02
3.785000e+02 2.484000e+02
3.825000e+02 2.532000e+02
3.865000e+02 2.574000e+02
3.910000e+02 2.628000e+02
3.945000e+02 2.676000e+02
3.980000e+02 2.718000e+02
4.015000e+02 2.760000e+02
4.055000e+02 2.802000e+02
4.090000e+02 2.844000e+02
4.125000e+02 2.886000e+02
4.165000e+02 2.928000e+02
4.200000e+02 2.970000e+02
4.255000e+02 3.036000e+02
4.275000e+02 3.060000e+02
4.325000e+02 3.126000e+02
4.365000e+02 3.180000e+02
4.415000e+02 3.240000e+02
4.445000e+02 3.276000e+02
4.475000e+02 3.300000e+02
4.500000e+02 3.330000e+02
4.530000e+02 3.354000e+02
4.555000e+02 3.378000e+02
4.575000e+02 3.396000e+02
4.595000e+02 3.414000e+02
4.610000e+02 3.426000e+02
4.625000e+02 3.444000e+02
4.640000e+02 3.462000e+02
4.655000e+02 3.474000e+02
4.675000e+02 3.498000e+02
4.685000e+02 3.510000e+02
4.695000e+02 3.522000e+02
4.705000e+02 3.534000e+02
4.710000e+02 3.546000e+02
4.715000e+02 3.558000e+02
4.720000e+02 3.564000e+02
4.730000e+02 3.576000e+02
4.730000e+02 3.576000e+02
