3.840000e+02 5.460000e+01
3.825000e+02 5.460000e+01
3.825000e+02 5.460000e+01
3.820000e+02 5.460000e+01
3.820000e+02 5.460000e+01
3.820000e+02 5.400000e+01
3.820000e+02 5.340000e+01
3.820000e+02 5.340000e+01
3.885000e+02 5.220000e+01
3.990000e+02 5.100000e+01
4.090000e+02 5.100000e+01
4.190000e+02 4.980000e+01
4.300000e+02 4.920000e+01
4.410000e+02 4.860000e+01
4.540000e+02 4.800000e+01
4.665000e+02 4.740000e+01
4.780000e+02 4.680000e+01
4.890000e+02 4.620000e+01
5.005000e+02 4.500000e+01
5.135000e+02 4.440000e+01
5.230000e+02 4.440000e+01
5.330000e+02 4.380000e+01
5.425000e+02 4.380000e+01
5.505000e+02 4.380000e+01
5.595000e+02 4.320000e+01
5.670000e+02 4.380000e+01
5.735000e+02 4.380000e+01
5.820000e+02 4.440000e+01
5.855000e+02 4.440000e+01
5.890000e+02 4.500000e+01
5.900000e+02 4.500000e+01
5.910000e+02 4.500000e+01
5.910000e+02 4.500000e+01
5.915000e+02 4.500000e+01
5.915000e+02 4.560000e+01
5.920000e+02 4.560000e+01
5.920000e+02 4.560000e+01
5.920000e+02 4.620000e+01
5.920000e+02 4.620000e+01
5.920000e+02 4.740000e+01
5.920000e+02 5.040000e+01
5.920000e+02 5.160000e+01
5.920000e+02 5.820000e+01
5.910000e+02 7.140000e+01
5.910000e+02 7.920000e+01
5.905000e+02 8.820000e+01
5.900000e+02 9.900000e+01
5.895000e+02 1.110000e+02
5.895000e+02 1.218000e+02
5.895000e+02 1.410000e+02
5.895000e+02 1.470000e+02
5.895000e+02 1.602000e+02
5.890000e+02 1.728000e+02
5.885000e+02 1.848000e+02
5.880000e+02 1.968000e+02
5.875000e+02 2.094000e+02
5.870000e+02 2.220000e+02
5.870000e+02 2.340000e+02
5.875000e+02 2.448000e+02
5.880000e+02 2.598000e+02
5.880000e+02 2.682000e+02
5.885000e+02 2.766000e+02
5.890000e+02 2.832000e+02
5.895000e+02 2.892000e+02
5.895000e+02 2.946000e+02
5.900000e+02 2.982000e+02
5.900000e+02 3.018000e+02
5.900000e+02 3.042000e+02
5.900000e+02 3.060000e+02
5.900000e+02 3.078000e+02
5.900000e+02 3.090000e+02
5.900000e+02 3.102000e+02
5.895000e+02 3.108000e+02
5.895000e+02 3.114000e+02
5.890000e+02 3.120000e+02
5.890000e+02 3.126000e+02
5.885000e+02 3.126000e+02
5.880000e+02 3.132000e+02
5.865000e+02 3.138000e+02
5.825000e+02 3.150000e+02
5.785000e+02 3.156000e+02
5.730000e+02 3.162000e+02
5.665000e+02 3.168000e+02
5.590000e+02 3.174000e+02
5.510000e+02 3.180000e+02
5.425000e+02 3.186000e+02
5.335000e+02 3.198000e+02
5.240000e+02 3.204000e+02
5.155000e+02 3.216000e+02
5.060000e+02 3.228000e+02
4.955000e+02 3.240000e+02
4.860000e+02 3.252000e+02
4.770000e+02 3.264000e+02
4.680000e+02 3.276000e+02
4.590000e+02 3.294000e+02
4.490000e+02 3.312000e+02
4.415000e+02 3.324000e+02
4.345000e+02 3.342000e+02
4.285000e+02 3.354000e+02
4.230000e+02 3.366000e+02
4.170000e+02 3.384000e+02
4.140000e+02 3.384000e+02
4.120000e+02 3.390000e+02
4.105000e+02 3.390000e+02
4.095000e+02 3.396000e+02
4.085000e+02 3.396000e+02
4.080000e+02 3.396000e+02
4.070000e+02 3.390000e+02
4.070000e+02 3.390000e+02
4.065000e+02 3.390000e+02
4.060000e+02 3.390000e+02
4.060000e+02 3.384000e+02
4.060000e+02 3.384000e+02
4.055000e+02 3.378000e+02
4.055000e+02 3.378000e+02
4.055000e+02 3.366000e+02
4.055000e+02 3.354000e+02
4.055000e+02 3.342000e+02
4.055000e+02 3.324000e+02
4.055000e+02 3.294000e+02
4.055000e+02 3.258000e+02
4.055000e+02 3.210000e+02
4.055000e+02 3.132000e+02
4.055000e+02 3.072000e+02
4.055000e+02 3.012000e+02
4.050000e+02 2.916000e+02
4.050000e+02 2.880000e+02
4.045000e+02 2.820000e+02
4.045000e+02 2.778000e+02
4.040000e+02 2.700000e+02
4.040000e+02 2.664000e+02
4.035000e+02 2.580000e+02
4.020000e+02 2.466000e+02
4.020000e+02 2.424000e+02
4.010000e+02 2.334000e+02
4.000000e+02 2.244000e+02
3.990000e+02 2.154000e+02
3.980000e+02 2.022000e+02
3.965000e+02 1.926000e+02
3.950000e+02 1.776000e+02
3.945000e+02 1.680000e+02
3.935000e+02 1.590000e+02
3.925000e+02 1.500000e+02
3.920000e+02 1.410000e+02
3.915000e+02 1.320000e+02
3.905000e+02 1.188000e+02
3.905000e+02 1.110000e+02
3.900000e+02 9.960000e+01
3.900000e+02 9.240000e+01
3.895000e+02 8.640000e+01
3.895000e+02 8.100000e+01
3.895000e+02 7.560000e+01
3.890000e+02 7.080000e+01
3.890000e+02 6.540000e+01
3.885000e+02 6.360000e+01
3.885000e+02 6.060000e+01
3.885000e+02 5.760000e+01
3.880000e+02 5.580000e+01
3.880000e+02 5.400000e+01
3.880000e+02 5.280000e+01
3.875000e+02 5.220000e+01
3.875000e+02 5.100000e+01
3.875000e+02 5.040000e+01
3.875000e+02 4.980000e+01
3.875000e+02 4.980000e+01
3.875000e+02 4.920000e+01
3.875000e+02 4.920000e+01
3.875000e+02 4.980000e+01
3.875000e+02 5.040000e+01
3.870000e+02 5.340000e+01
3.870000e+02 5.340000e+01
