2.140000e+02 9.000000e+01
2.140000e+02 9.000000e+01
2.150000e+02 9.180000e+01
2.160000e+02 9.240000e+01
2.180000e+02 9.420000e+01
2.215000e+02 9.840000e+01
2.235000e+02 1.008000e+02
2.275000e+02 1.050000e+02
2.325000e+02 1.104000e+02
2.350000e+02 1.134000e+02
2.405000e+02 1.194000e+02
2.465000e+02 1.266000e+02
2.500000e+02 1.302000e+02
2.570000e+02 1.392000e+02
2.650000e+02 1.482000e+02
2.685000e+02 1.530000e+02
2.765000e+02 1.626000e+02
2.840000e+02 1.716000e+02
2.915000e+02 1.812000e+02
2.950000e+02 1.860000e+02
2.980000e+02 1.902000e+02
3.050000e+02 1.992000e+02
3.080000e+02 2.034000e+02
3.140000e+02 2.130000e+02
3.205000e+02 2.226000e+02
3.265000e+02 2.328000e+02
3.290000e+02 2.376000e+02
3.350000e+02 2.478000e+02
3.415000e+02 2.580000e+02
3.440000e+02 2.628000e+02
3.505000e+02 2.724000e+02
3.565000e+02 2.808000e+02
3.620000e+02 2.898000e+02
3.675000e+02 2.970000e+02
3.720000e+02 3.042000e+02
3.760000e+02 3.108000e+02
3.780000e+02 3.138000e+02
3.795000e+02 3.168000e+02
3.830000e+02 3.216000e+02
3.855000e+02 3.264000e+02
3.865000e+02 3.282000e+02
3.885000e+02 3.318000e+02
3.895000e+02 3.342000e+02
3.900000e+02 3.348000e+02
3.910000e+02 3.360000e+02
3.910000e+02 3.366000e+02
3.910000e+02 3.372000e+02
3.910000e+02 3.378000e+02
3.910000e+02 3.384000e+02
3.900000e+02 3.390000e+02
3.885000e+02 3.396000e+02
3.860000e+02 3.408000e+02
3.825000e+02 3.420000e+02
3.790000e+02 3.432000e+02
3.765000e+02 3.438000e+02
3.720000e+02 3.456000e+02
3.670000e+02 3.468000e+02
3.645000e+02 3.474000e+02
3.585000e+02 3.474000e+02
3.520000e+02 3.480000e+02
3.440000e+02 3.486000e+02
3.355000e+02 3.492000e+02
3.265000e+02 3.492000e+02
3.220000e+02 3.492000e+02
3.125000e+02 3.492000e+02
3.035000e+02 3.486000e+02
2.990000e+02 3.486000e+02
2.945000e+02 3.480000e+02
2.860000e+02 3.486000e+02
2.770000e+02 3.492000e+02
2.725000e+02 3.492000e+02
2.630000e+02 3.504000e+02
2.535000e+02 3.510000e+02
2.485000e+02 3.516000e+02
2.385000e+02 3.528000e+02
2.295000e+02 3.540000e+02
2.250000e+02 3.552000e+02
2.165000e+02 3.570000e+02
2.090000e+02 3.600000e+02
2.025000e+02 3.624000e+02
1.995000e+02 3.636000e+02
1.965000e+02 3.648000e+02
1.915000e+02 3.660000e+02
1.880000e+02 3.672000e+02
1.865000e+02 3.678000e+02
1.845000e+02 3.678000e+02
1.830000e+02 3.678000e+02
1.825000e+02 3.678000e+02
1.820000e+02 3.678000e+02
1.820000e+02 3.660000e+02
1.820000e+02 3.648000e+02
1.835000e+02 3.618000e+02
1.855000e+02 3.588000e+02
1.880000e+02 3.546000e+02
1.910000e+02 3.498000e+02
1.925000e+02 3.474000e+02
1.965000e+02 3.420000e+02
2.010000e+02 3.354000e+02
2.060000e+02 3.282000e+02
2.090000e+02 3.246000e+02
2.145000e+02 3.168000e+02
2.180000e+02 3.120000e+02
2.250000e+02 3.024000e+02
2.330000e+02 2.922000e+02
2.370000e+02 2.868000e+02
2.450000e+02 2.766000e+02
2.540000e+02 2.658000e+02
2.580000e+02 2.610000e+02
2.670000e+02 2.502000e+02
2.765000e+02 2.400000e+02
2.815000e+02 2.346000e+02
2.920000e+02 2.238000e+02
3.030000e+02 2.136000e+02
3.090000e+02 2.076000e+02
3.210000e+02 1.968000e+02
3.325000e+02 1.866000e+02
3.385000e+02 1.818000e+02
3.445000e+02 1.770000e+02
3.555000e+02 1.680000e+02
3.605000e+02 1.638000e+02
3.715000e+02 1.554000e+02
3.815000e+02 1.482000e+02
3.910000e+02 1.404000e+02
3.995000e+02 1.338000e+02
4.040000e+02 1.314000e+02
4.120000e+02 1.254000e+02
4.190000e+02 1.200000e+02
4.220000e+02 1.182000e+02
4.275000e+02 1.152000e+02
4.320000e+02 1.128000e+02
4.340000e+02 1.122000e+02
4.365000e+02 1.110000e+02
4.390000e+02 1.098000e+02
4.395000e+02 1.092000e+02
4.410000e+02 1.092000e+02
4.420000e+02 1.086000e+02
4.425000e+02 1.080000e+02
4.430000e+02 1.080000e+02
4.435000e+02 1.080000e+02
4.435000e+02 1.074000e+02
4.440000e+02 1.074000e+02
4.440000e+02 1.074000e+02
4.440000e+02 1.074000e+02
4.440000e+02 1.074000e+02
4.440000e+02 1.074000e+02
4.440000e+02 1.074000e+02
4.440000e+02 1.074000e+02
4.445000e+02 1.074000e+02
4.450000e+02 1.074000e+02
4.455000e+02 1.074000e+02
4.465000e+02 1.074000e+02
4.470000e+02 1.080000e+02
4.495000e+02 1.092000e+02
4.495000e+02 1.092000e+02
