2.425000e+02 3.738000e+02
2.425000e+02 3.738000e+02
2.440000e+02 3.678000e+02
2.450000e+02 3.648000e+02
2.500000e+02 3.486000e+02
2.520000e+02 3.426000e+02
2.560000e+02 3.288000e+02
2.600000e+02 3.132000e+02
2.670000e+02 2.898000e+02
2.720000e+02 2.736000e+02
2.745000e+02 2.652000e+02
2.795000e+02 2.478000e+02
2.820000e+02 2.388000e+02
2.870000e+02 2.214000e+02
2.910000e+02 2.046000e+02
2.945000e+02 1.884000e+02
2.965000e+02 1.812000e+02
3.000000e+02 1.668000e+02
3.015000e+02 1.602000e+02
3.040000e+02 1.494000e+02
3.065000e+02 1.404000e+02
3.080000e+02 1.374000e+02
3.100000e+02 1.314000e+02
3.115000e+02 1.272000e+02
3.130000e+02 1.242000e+02
3.135000e+02 1.230000e+02
3.145000e+02 1.224000e+02
3.165000e+02 1.230000e+02
3.170000e+02 1.236000e+02
3.190000e+02 1.278000e+02
3.215000e+02 1.332000e+02
3.245000e+02 1.404000e+02
3.300000e+02 1.548000e+02
3.320000e+02 1.608000e+02
3.370000e+02 1.746000e+02
3.420000e+02 1.896000e+02
3.445000e+02 1.968000e+02
3.495000e+02 2.124000e+02
3.545000e+02 2.280000e+02
3.575000e+02 2.364000e+02
3.600000e+02 2.442000e+02
3.655000e+02 2.598000e+02
3.685000e+02 2.676000e+02
3.710000e+02 2.742000e+02
3.755000e+02 2.868000e+02
3.795000e+02 2.982000e+02
3.815000e+02 3.036000e+02
3.855000e+02 3.120000e+02
3.880000e+02 3.198000e+02
3.890000e+02 3.228000e+02
3.905000e+02 3.282000e+02
3.905000e+02 3.324000e+02
3.895000e+02 3.336000e+02
3.865000e+02 3.348000e+02
3.800000e+02 3.342000e+02
3.710000e+02 3.306000e+02
3.645000e+02 3.282000e+02
3.490000e+02 3.222000e+02
3.395000e+02 3.186000e+02
3.210000e+02 3.126000e+02
3.005000e+02 3.060000e+02
2.805000e+02 3.006000e+02
2.705000e+02 2.982000e+02
2.510000e+02 2.946000e+02
2.335000e+02 2.922000e+02
2.170000e+02 2.892000e+02
2.105000e+02 2.880000e+02
2.040000e+02 2.868000e+02
1.945000e+02 2.838000e+02
1.905000e+02 2.832000e+02
1.850000e+02 2.808000e+02
1.825000e+02 2.784000e+02
1.820000e+02 2.766000e+02
1.850000e+02 2.724000e+02
1.875000e+02 2.700000e+02
1.955000e+02 2.646000e+02
2.090000e+02 2.574000e+02
2.285000e+02 2.484000e+02
2.390000e+02 2.442000e+02
2.605000e+02 2.358000e+02
2.720000e+02 2.316000e+02
2.940000e+02 2.232000e+02
3.160000e+02 2.154000e+02
3.265000e+02 2.112000e+02
3.470000e+02 2.034000e+02
3.655000e+02 1.956000e+02
3.815000e+02 1.896000e+02
3.890000e+02 1.866000e+02
4.015000e+02 1.812000e+02
4.070000e+02 1.788000e+02
4.160000e+02 1.758000e+02
4.220000e+02 1.740000e+02
4.265000e+02 1.728000e+02
4.295000e+02 1.722000e+02
4.305000e+02 1.716000e+02
4.310000e+02 1.710000e+02
4.310000e+02 1.704000e+02
4.305000e+02 1.704000e+02
4.285000e+02 1.704000e+02
4.275000e+02 1.704000e+02
4.250000e+02 1.704000e+02
4.235000e+02 1.710000e+02
4.200000e+02 1.728000e+02
4.165000e+02 1.764000e+02
4.145000e+02 1.782000e+02
4.110000e+02 1.818000e+02
4.065000e+02 1.872000e+02
4.040000e+02 1.902000e+02
3.990000e+02 1.974000e+02
3.930000e+02 2.058000e+02
3.900000e+02 2.112000e+02
3.830000e+02 2.226000e+02
3.760000e+02 2.352000e+02
3.720000e+02 2.418000e+02
3.640000e+02 2.568000e+02
3.565000e+02 2.706000e+02
3.530000e+02 2.772000e+02
3.425000e+02 2.988000e+02
3.365000e+02 3.126000e+02
3.335000e+02 3.198000e+02
3.305000e+02 3.270000e+02
3.250000e+02 3.408000e+02
3.195000e+02 3.534000e+02
3.150000e+02 3.648000e+02
3.115000e+02 3.738000e+02
3.095000e+02 3.786000e+02
3.070000e+02 3.864000e+02
3.050000e+02 3.918000e+02
3.045000e+02 3.936000e+02
3.035000e+02 3.972000e+02
3.030000e+02 3.990000e+02
3.030000e+02 4.002000e+02
3.030000e+02 4.008000e+02
3.035000e+02 4.014000e+02
3.045000e+02 4.014000e+02
3.055000e+02 4.008000e+02
3.070000e+02 3.996000e+02
3.080000e+02 3.966000e+02
3.080000e+02 3.966000e+02
