1.765000e+02 1.908000e+02
1.765000e+02 1.908000e+02
1.765000e+02 1.908000e+02
1.765000e+02 1.908000e+02
1.765000e+02 1.908000e+02
1.765000e+02 1.908000e+02
1.765000e+02 1.908000e+02
1.765000e+02 1.908000e+02
1.765000e+02 1.908000e+02
1.770000e+02 1.914000e+02
1.770000e+02 1.920000e+02
1.780000e+02 1.932000e+02
1.785000e+02 1.944000e+02
1.800000e+02 1.962000e+02
1.815000e+02 1.986000e+02
1.830000e+02 2.010000e+02
1.850000e+02 2.034000e+02
1.870000e+02 2.070000e+02
1.890000e+02 2.100000e+02
1.920000e+02 2.136000e+02
1.945000e+02 2.172000e+02
1.975000e+02 2.208000e+02
2.000000e+02 2.244000e+02
2.030000e+02 2.286000e+02
2.065000e+02 2.328000e+02
2.095000e+02 2.370000e+02
2.125000e+02 2.412000e+02
2.160000e+02 2.454000e+02
2.190000e+02 2.502000e+02
2.235000e+02 2.562000e+02
2.260000e+02 2.604000e+02
2.285000e+02 2.640000e+02
2.315000e+02 2.682000e+02
2.340000e+02 2.724000e+02
2.360000e+02 2.754000e+02
2.380000e+02 2.784000e+02
2.405000e+02 2.820000e+02
2.425000e+02 2.856000e+02
2.445000e+02 2.880000e+02
2.465000e+02 2.904000e+02
2.485000e+02 2.934000e+02
2.505000e+02 2.964000e+02
2.520000e+02 2.988000e+02
2.530000e+02 3.000000e+02
2.535000e+02 3.006000e+02
2.540000e+02 3.018000e+02
2.545000e+02 3.024000e+02
2.550000e+02 3.024000e+02
2.555000e+02 3.030000e+02
2.555000e+02 3.036000e+02
2.560000e+02 3.036000e+02
2.560000e+02 3.042000e+02
2.560000e+02 3.042000e+02
2.560000e+02 3.042000e+02
2.560000e+02 3.042000e+02
2.560000e+02 3.042000e+02
2.565000e+02 3.048000e+02
2.565000e+02 3.048000e+02
2.565000e+02 3.048000e+02
2.565000e+02 3.042000e+02
2.570000e+02 3.042000e+02
2.570000e+02 3.042000e+02
2.575000e+02 3.036000e+02
2.585000e+02 3.024000e+02
2.605000e+02 3.006000e+02
2.630000e+02 2.976000e+02
2.670000e+02 2.934000e+02
2.710000e+02 2.892000e+02
2.750000e+02 2.844000e+02
2.805000e+02 2.790000e+02
2.850000e+02 2.742000e+02
2.925000e+02 2.670000e+02
2.970000e+02 2.622000e+02
3.025000e+02 2.568000e+02
3.080000e+02 2.514000e+02
3.135000e+02 2.460000e+02
3.190000e+02 2.406000e+02
3.240000e+02 2.358000e+02
3.295000e+02 2.298000e+02
3.350000e+02 2.244000e+02
3.410000e+02 2.196000e+02
3.460000e+02 2.154000e+02
3.520000e+02 2.094000e+02
3.580000e+02 2.046000e+02
3.645000e+02 1.998000e+02
3.710000e+02 1.944000e+02
3.765000e+02 1.896000e+02
3.855000e+02 1.830000e+02
3.920000e+02 1.776000e+02
3.970000e+02 1.734000e+02
4.025000e+02 1.692000e+02
4.080000e+02 1.650000e+02
4.130000e+02 1.614000e+02
4.185000e+02 1.572000e+02
4.235000e+02 1.536000e+02
4.280000e+02 1.500000e+02
4.325000e+02 1.470000e+02
4.360000e+02 1.440000e+02
4.405000e+02 1.416000e+02
4.440000e+02 1.392000e+02
4.470000e+02 1.374000e+02
4.490000e+02 1.356000e+02
4.510000e+02 1.338000e+02
4.525000e+02 1.332000e+02
4.535000e+02 1.320000e+02
4.545000e+02 1.314000e+02
4.555000e+02 1.308000e+02
4.560000e+02 1.308000e+02
4.565000e+02 1.302000e+02
4.565000e+02 1.302000e+02
4.565000e+02 1.302000e+02
4.570000e+02 1.302000e+02
4.570000e+02 1.308000e+02
4.575000e+02 1.314000e+02
4.575000e+02 1.314000e+02
