2.825000e+02 3.120000e+01
2.825000e+02 3.120000e+01
2.820000e+02 3.180000e+01
2.820000e+02 3.240000e+01
2.815000e+02 3.420000e+01
2.805000e+02 3.780000e+01
2.800000e+02 4.260000e+01
2.795000e+02 4.800000e+01
2.790000e+02 5.340000e+01
2.785000e+02 6.000000e+01
2.775000e+02 6.660000e+01
2.770000e+02 7.260000e+01
2.765000e+02 7.980000e+01
2.755000e+02 8.700000e+01
2.740000e+02 9.660000e+01
2.720000e+02 1.110000e+02
2.705000e+02 1.206000e+02
2.690000e+02 1.308000e+02
2.675000e+02 1.428000e+02
2.665000e+02 1.524000e+02
2.650000e+02 1.620000e+02
2.640000e+02 1.728000e+02
2.625000e+02 1.824000e+02
2.615000e+02 1.926000e+02
2.600000e+02 2.028000e+02
2.585000e+02 2.130000e+02
2.575000e+02 2.238000e+02
2.565000e+02 2.346000e+02
2.555000e+02 2.460000e+02
2.550000e+02 2.562000e+02
2.540000e+02 2.724000e+02
2.535000e+02 2.832000e+02
2.530000e+02 2.940000e+02
2.525000e+02 3.048000e+02
2.520000e+02 3.138000e+02
2.520000e+02 3.222000e+02
2.515000e+02 3.300000e+02
2.515000e+02 3.372000e+02
2.515000e+02 3.456000e+02
2.510000e+02 3.528000e+02
2.510000e+02 3.594000e+02
2.515000e+02 3.660000e+02
2.515000e+02 3.756000e+02
2.520000e+02 3.852000e+02
2.530000e+02 3.936000e+02
2.535000e+02 3.996000e+02
2.540000e+02 4.062000e+02
2.550000e+02 4.128000e+02
2.560000e+02 4.200000e+02
2.565000e+02 4.260000e+02
2.570000e+02 4.326000e+02
2.575000e+02 4.374000e+02
2.580000e+02 4.416000e+02
2.580000e+02 4.470000e+02
2.580000e+02 4.494000e+02
2.580000e+02 4.494000e+02
