2.745000e+02 3.258000e+02
2.745000e+02 3.258000e+02
2.750000e+02 3.228000e+02
2.765000e+02 3.186000e+02
2.780000e+02 3.126000e+02
2.785000e+02 3.090000e+02
2.805000e+02 3.024000e+02
2.830000e+02 2.934000e+02
2.845000e+02 2.886000e+02
2.870000e+02 2.778000e+02
2.900000e+02 2.670000e+02
2.910000e+02 2.616000e+02
2.930000e+02 2.502000e+02
2.955000e+02 2.376000e+02
2.965000e+02 2.310000e+02
2.980000e+02 2.244000e+02
3.005000e+02 2.124000e+02
3.020000e+02 2.064000e+02
3.040000e+02 1.938000e+02
3.065000e+02 1.818000e+02
3.085000e+02 1.704000e+02
3.095000e+02 1.650000e+02
3.120000e+02 1.548000e+02
3.135000e+02 1.458000e+02
3.145000e+02 1.416000e+02
3.160000e+02 1.338000e+02
3.175000e+02 1.272000e+02
3.180000e+02 1.236000e+02
3.190000e+02 1.188000e+02
3.195000e+02 1.140000e+02
3.200000e+02 1.128000e+02
3.210000e+02 1.098000e+02
3.215000e+02 1.074000e+02
3.215000e+02 1.068000e+02
3.220000e+02 1.056000e+02
3.230000e+02 1.050000e+02
3.235000e+02 1.050000e+02
3.250000e+02 1.056000e+02
3.265000e+02 1.074000e+02
3.285000e+02 1.092000e+02
3.295000e+02 1.110000e+02
3.320000e+02 1.158000e+02
3.340000e+02 1.176000e+02
3.375000e+02 1.236000e+02
3.415000e+02 1.302000e+02
3.460000e+02 1.380000e+02
3.505000e+02 1.458000e+02
3.555000e+02 1.548000e+02
3.605000e+02 1.644000e+02
3.635000e+02 1.698000e+02
3.690000e+02 1.806000e+02
3.745000e+02 1.914000e+02
3.775000e+02 1.974000e+02
3.830000e+02 2.088000e+02
3.885000e+02 2.214000e+02
3.915000e+02 2.274000e+02
3.970000e+02 2.400000e+02
4.020000e+02 2.514000e+02
4.070000e+02 2.634000e+02
4.095000e+02 2.694000e+02
4.145000e+02 2.802000e+02
4.170000e+02 2.862000e+02
4.220000e+02 2.976000e+02
4.265000e+02 3.084000e+02
4.290000e+02 3.138000e+02
4.335000e+02 3.240000e+02
4.355000e+02 3.282000e+02
4.395000e+02 3.372000e+02
4.435000e+02 3.456000e+02
4.470000e+02 3.534000e+02
4.485000e+02 3.570000e+02
4.500000e+02 3.606000e+02
4.530000e+02 3.666000e+02
4.550000e+02 3.720000e+02
4.565000e+02 3.756000e+02
4.570000e+02 3.774000e+02
4.570000e+02 3.774000e+02
4.570000e+02 3.774000e+02
2.745000e+02 3.258000e+02
2.745000e+02 3.258000e+02
2.750000e+02 3.228000e+02
2.765000e+02 3.186000e+02
2.780000e+02 3.126000e+02
2.785000e+02 3.090000e+02
2.805000e+02 3.024000e+02
2.830000e+02 2.934000e+02
2.845000e+02 2.886000e+02
2.870000e+02 2.778000e+02
2.900000e+02 2.670000e+02
2.910000e+02 2.616000e+02
2.930000e+02 2.502000e+02
2.955000e+02 2.376000e+02
2.965000e+02 2.310000e+02
2.980000e+02 2.244000e+02
3.005000e+02 2.124000e+02
3.020000e+02 2.064000e+02
3.040000e+02 1.938000e+02
3.065000e+02 1.818000e+02
3.085000e+02 1.704000e+02
3.095000e+02 1.650000e+02
3.120000e+02 1.548000e+02
3.135000e+02 1.458000e+02
3.145000e+02 1.416000e+02
3.160000e+02 1.338000e+02
3.175000e+02 1.272000e+02
3.180000e+02 1.236000e+02
3.190000e+02 1.188000e+02
3.195000e+02 1.140000e+02
3.200000e+02 1.128000e+02
3.210000e+02 1.098000e+02
3.215000e+02 1.074000e+02
3.215000e+02 1.068000e+02
3.220000e+02 1.056000e+02
3.230000e+02 1.050000e+02
3.235000e+02 1.050000e+02
3.250000e+02 1.056000e+02
3.265000e+02 1.074000e+02
3.285000e+02 1.092000e+02
3.295000e+02 1.110000e+02
3.320000e+02 1.158000e+02
3.340000e+02 1.176000e+02
3.375000e+02 1.236000e+02
3.415000e+02 1.302000e+02
3.460000e+02 1.380000e+02
3.505000e+02 1.458000e+02
3.555000e+02 1.548000e+02
3.605000e+02 1.644000e+02
3.635000e+02 1.698000e+02
3.690000e+02 1.806000e+02
3.745000e+02 1.914000e+02
3.775000e+02 1.974000e+02
3.830000e+02 2.088000e+02
3.885000e+02 2.214000e+02
3.915000e+02 2.274000e+02
3.970000e+02 2.400000e+02
4.020000e+02 2.514000e+02
4.070000e+02 2.634000e+02
4.095000e+02 2.694000e+02
4.145000e+02 2.802000e+02
4.170000e+02 2.862000e+02
4.220000e+02 2.976000e+02
4.265000e+02 3.084000e+02
4.290000e+02 3.138000e+02
4.335000e+02 3.240000e+02
4.355000e+02 3.282000e+02
4.395000e+02 3.372000e+02
4.435000e+02 3.456000e+02
4.470000e+02 3.534000e+02
4.485000e+02 3.570000e+02
4.500000e+02 3.606000e+02
4.530000e+02 3.666000e+02
4.550000e+02 3.720000e+02
4.565000e+02 3.756000e+02
4.570000e+02 3.774000e+02
4.570000e+02 3.774000e+02
4.570000e+02 3.774000e+02
