2.300000e+01 2.142000e+02
2.300000e+01 2.142000e+02
2.300000e+01 2.142000e+02
2.300000e+01 2.142000e+02
2.300000e+01 2.142000e+02
2.350000e+01 2.136000e+02
2.350000e+01 2.136000e+02
2.400000e+01 2.136000e+02
2.400000e+01 2.136000e+02
2.600000e+01 2.142000e+02
2.850000e+01 2.148000e+02
3.150000e+01 2.154000e+02
3.450000e+01 2.160000e+02
3.900000e+01 2.166000e+02
4.350000e+01 2.172000e+02
4.800000e+01 2.172000e+02
5.300000e+01 2.178000e+02
5.800000e+01 2.178000e+02
6.400000e+01 2.184000e+02
7.000000e+01 2.184000e+02
7.550000e+01 2.190000e+02
8.450000e+01 2.190000e+02
8.750000e+01 2.196000e+02
9.450000e+01 2.196000e+02
1.010000e+02 2.196000e+02
1.080000e+02 2.190000e+02
1.155000e+02 2.190000e+02
1.220000e+02 2.190000e+02
1.300000e+02 2.190000e+02
1.370000e+02 2.184000e+02
1.445000e+02 2.184000e+02
1.515000e+02 2.190000e+02
1.590000e+02 2.190000e+02
1.665000e+02 2.190000e+02
1.780000e+02 2.196000e+02
1.885000e+02 2.196000e+02
1.955000e+02 2.196000e+02
2.040000e+02 2.202000e+02
2.110000e+02 2.202000e+02
2.190000e+02 2.202000e+02
2.300000e+02 2.202000e+02
2.335000e+02 2.202000e+02
2.415000e+02 2.208000e+02
2.450000e+02 2.208000e+02
2.555000e+02 2.208000e+02
2.615000e+02 2.208000e+02
2.685000e+02 2.208000e+02
2.745000e+02 2.208000e+02
2.840000e+02 2.208000e+02
2.905000e+02 2.214000e+02
2.965000e+02 2.214000e+02
2.990000e+02 2.214000e+02
3.050000e+02 2.214000e+02
3.130000e+02 2.220000e+02
3.160000e+02 2.220000e+02
3.210000e+02 2.214000e+02
3.260000e+02 2.214000e+02
3.310000e+02 2.214000e+02
3.355000e+02 2.214000e+02
3.400000e+02 2.214000e+02
3.440000e+02 2.214000e+02
3.480000e+02 2.214000e+02
3.520000e+02 2.214000e+02
3.560000e+02 2.214000e+02
3.595000e+02 2.208000e+02
3.630000e+02 2.208000e+02
3.665000e+02 2.208000e+02
3.705000e+02 2.202000e+02
3.735000e+02 2.196000e+02
3.775000e+02 2.196000e+02
3.825000e+02 2.190000e+02
3.855000e+02 2.184000e+02
3.885000e+02 2.184000e+02
3.915000e+02 2.178000e+02
3.945000e+02 2.178000e+02
3.960000e+02 2.178000e+02
3.985000e+02 2.178000e+02
4.015000e+02 2.178000e+02
4.050000e+02 2.178000e+02
4.080000e+02 2.172000e+02
4.105000e+02 2.172000e+02
4.125000e+02 2.172000e+02
4.145000e+02 2.172000e+02
4.160000e+02 2.172000e+02
4.175000e+02 2.172000e+02
4.195000e+02 2.178000e+02
4.200000e+02 2.178000e+02
4.215000e+02 2.178000e+02
4.220000e+02 2.178000e+02
4.230000e+02 2.178000e+02
4.235000e+02 2.178000e+02
4.240000e+02 2.184000e+02
4.245000e+02 2.184000e+02
4.245000e+02 2.184000e+02
4.250000e+02 2.184000e+02
4.250000e+02 2.184000e+02
4.250000e+02 2.184000e+02
4.245000e+02 2.190000e+02
4.245000e+02 2.190000e+02
