3.855000e+02 2.088000e+02
3.855000e+02 2.088000e+02
3.855000e+02 2.064000e+02
3.850000e+02 2.052000e+02
3.845000e+02 2.016000e+02
3.840000e+02 1.980000e+02
3.835000e+02 1.920000e+02
3.825000e+02 1.878000e+02
3.815000e+02 1.830000e+02
3.815000e+02 1.812000e+02
3.800000e+02 1.770000e+02
3.780000e+02 1.734000e+02
3.755000e+02 1.686000e+02
3.725000e+02 1.644000e+02
3.690000e+02 1.602000e+02
3.655000e+02 1.566000e+02
3.610000e+02 1.530000e+02
3.565000e+02 1.494000e+02
3.490000e+02 1.452000e+02
3.435000e+02 1.428000e+02
3.375000e+02 1.416000e+02
3.345000e+02 1.410000e+02
3.285000e+02 1.416000e+02
3.220000e+02 1.428000e+02
3.145000e+02 1.458000e+02
3.045000e+02 1.512000e+02
2.940000e+02 1.584000e+02
2.880000e+02 1.644000e+02
2.795000e+02 1.740000e+02
2.775000e+02 1.776000e+02
2.725000e+02 1.842000e+02
2.685000e+02 1.914000e+02
2.655000e+02 1.986000e+02
2.620000e+02 2.070000e+02
2.580000e+02 2.178000e+02
2.570000e+02 2.214000e+02
2.530000e+02 2.358000e+02
2.510000e+02 2.430000e+02
2.495000e+02 2.502000e+02
2.485000e+02 2.568000e+02
2.475000e+02 2.628000e+02
2.470000e+02 2.688000e+02
2.475000e+02 2.748000e+02
2.485000e+02 2.838000e+02
2.505000e+02 2.892000e+02
2.525000e+02 2.946000e+02
2.550000e+02 3.000000e+02
2.585000e+02 3.054000e+02
2.620000e+02 3.096000e+02
2.665000e+02 3.138000e+02
2.705000e+02 3.174000e+02
2.745000e+02 3.204000e+02
2.800000e+02 3.234000e+02
2.850000e+02 3.252000e+02
2.900000e+02 3.270000e+02
2.950000e+02 3.276000e+02
3.000000e+02 3.288000e+02
3.055000e+02 3.288000e+02
3.105000e+02 3.282000e+02
3.160000e+02 3.276000e+02
3.210000e+02 3.258000e+02
3.235000e+02 3.252000e+02
3.285000e+02 3.228000e+02
3.335000e+02 3.198000e+02
3.400000e+02 3.144000e+02
3.440000e+02 3.108000e+02
3.490000e+02 3.048000e+02
3.505000e+02 3.030000e+02
3.535000e+02 2.994000e+02
3.555000e+02 2.964000e+02
3.580000e+02 2.922000e+02
3.590000e+02 2.898000e+02
3.600000e+02 2.862000e+02
3.610000e+02 2.826000e+02
3.610000e+02 2.802000e+02
3.615000e+02 2.778000e+02
3.615000e+02 2.748000e+02
3.615000e+02 2.718000e+02
3.615000e+02 2.688000e+02
3.615000e+02 2.640000e+02
3.615000e+02 2.604000e+02
3.615000e+02 2.556000e+02
3.615000e+02 2.538000e+02
3.620000e+02 2.508000e+02
3.620000e+02 2.472000e+02
3.615000e+02 2.442000e+02
3.615000e+02 2.412000e+02
3.615000e+02 2.388000e+02
3.615000e+02 2.370000e+02
3.615000e+02 2.358000e+02
3.615000e+02 2.340000e+02
3.615000e+02 2.328000e+02
3.615000e+02 2.322000e+02
3.615000e+02 2.322000e+02
