1.210000e+02 2.178000e+02
1.210000e+02 2.178000e+02
1.230000e+02 2.220000e+02
1.265000e+02 2.286000e+02
1.315000e+02 2.376000e+02
1.365000e+02 2.448000e+02
1.415000e+02 2.514000e+02
1.465000e+02 2.574000e+02
1.515000e+02 2.616000e+02
1.570000e+02 2.658000e+02
1.615000e+02 2.682000e+02
1.700000e+02 2.712000e+02
1.760000e+02 2.724000e+02
1.790000e+02 2.724000e+02
1.890000e+02 2.724000e+02
1.960000e+02 2.712000e+02
2.030000e+02 2.700000e+02
2.095000e+02 2.688000e+02
2.170000e+02 2.676000e+02
2.230000e+02 2.664000e+02
2.300000e+02 2.658000e+02
2.400000e+02 2.646000e+02
2.460000e+02 2.640000e+02
2.555000e+02 2.622000e+02
2.580000e+02 2.616000e+02
2.630000e+02 2.598000e+02
2.685000e+02 2.574000e+02
2.735000e+02 2.544000e+02
2.785000e+02 2.502000e+02
2.835000e+02 2.460000e+02
2.885000e+02 2.406000e+02
2.940000e+02 2.352000e+02
2.995000e+02 2.286000e+02
3.060000e+02 2.220000e+02
3.115000e+02 2.172000e+02
3.180000e+02 2.124000e+02
3.235000e+02 2.082000e+02
3.300000e+02 2.058000e+02
3.400000e+02 2.034000e+02
3.430000e+02 2.028000e+02
3.525000e+02 2.028000e+02
3.555000e+02 2.028000e+02
3.680000e+02 2.046000e+02
3.730000e+02 2.058000e+02
3.815000e+02 2.082000e+02
3.840000e+02 2.094000e+02
3.930000e+02 2.124000e+02
3.955000e+02 2.130000e+02
4.065000e+02 2.172000e+02
4.120000e+02 2.184000e+02
4.180000e+02 2.202000e+02
4.230000e+02 2.214000e+02
4.305000e+02 2.226000e+02
4.350000e+02 2.232000e+02
4.400000e+02 2.238000e+02
4.445000e+02 2.250000e+02
4.485000e+02 2.262000e+02
4.535000e+02 2.268000e+02
4.570000e+02 2.274000e+02
4.610000e+02 2.280000e+02
4.650000e+02 2.286000e+02
4.705000e+02 2.292000e+02
4.755000e+02 2.298000e+02
4.790000e+02 2.304000e+02
4.820000e+02 2.310000e+02
4.850000e+02 2.316000e+02
4.880000e+02 2.322000e+02
4.910000e+02 2.322000e+02
4.940000e+02 2.328000e+02
4.970000e+02 2.328000e+02
4.995000e+02 2.328000e+02
5.025000e+02 2.334000e+02
5.065000e+02 2.328000e+02
5.075000e+02 2.328000e+02
5.095000e+02 2.328000e+02
5.115000e+02 2.328000e+02
5.135000e+02 2.322000e+02
5.170000e+02 2.322000e+02
5.190000e+02 2.316000e+02
5.195000e+02 2.310000e+02
5.195000e+02 2.310000e+02
