1.360000e+02 3.132000e+02
1.360000e+02 3.132000e+02
1.370000e+02 3.132000e+02
1.390000e+02 3.126000e+02
1.430000e+02 3.114000e+02
1.475000e+02 3.102000e+02
1.530000e+02 3.090000e+02
1.590000e+02 3.078000e+02
1.685000e+02 3.066000e+02
1.715000e+02 3.060000e+02
1.855000e+02 3.042000e+02
1.935000e+02 3.036000e+02
2.005000e+02 3.030000e+02
2.075000e+02 3.024000e+02
2.145000e+02 3.024000e+02
2.215000e+02 3.024000e+02
2.290000e+02 3.018000e+02
2.405000e+02 3.012000e+02
2.475000e+02 3.006000e+02
2.590000e+02 2.994000e+02
2.675000e+02 2.994000e+02
2.755000e+02 2.988000e+02
2.830000e+02 2.982000e+02
2.915000e+02 2.976000e+02
2.990000e+02 2.970000e+02
3.115000e+02 2.964000e+02
3.220000e+02 2.958000e+02
3.325000e+02 2.952000e+02
3.395000e+02 2.946000e+02
3.465000e+02 2.946000e+02
3.495000e+02 2.946000e+02
3.590000e+02 2.940000e+02
3.655000e+02 2.940000e+02
3.710000e+02 2.934000e+02
3.775000e+02 2.934000e+02
3.835000e+02 2.934000e+02
3.890000e+02 2.928000e+02
3.950000e+02 2.928000e+02
4.005000e+02 2.922000e+02
4.065000e+02 2.922000e+02
4.150000e+02 2.916000e+02
4.180000e+02 2.910000e+02
4.260000e+02 2.904000e+02
4.335000e+02 2.898000e+02
4.385000e+02 2.892000e+02
4.435000e+02 2.886000e+02
4.475000e+02 2.886000e+02
4.525000e+02 2.880000e+02
4.570000e+02 2.874000e+02
4.610000e+02 2.874000e+02
4.680000e+02 2.868000e+02
4.710000e+02 2.868000e+02
4.730000e+02 2.868000e+02
4.765000e+02 2.868000e+02
4.810000e+02 2.862000e+02
4.840000e+02 2.862000e+02
4.870000e+02 2.862000e+02
4.900000e+02 2.862000e+02
4.930000e+02 2.856000e+02
4.955000e+02 2.856000e+02
4.975000e+02 2.856000e+02
5.000000e+02 2.856000e+02
5.020000e+02 2.856000e+02
5.035000e+02 2.856000e+02
5.055000e+02 2.850000e+02
5.090000e+02 2.850000e+02
5.095000e+02 2.850000e+02
5.140000e+02 2.844000e+02
5.165000e+02 2.844000e+02
5.185000e+02 2.844000e+02
5.210000e+02 2.844000e+02
5.225000e+02 2.844000e+02
5.250000e+02 2.838000e+02
5.280000e+02 2.838000e+02
5.290000e+02 2.838000e+02
5.305000e+02 2.838000e+02
5.320000e+02 2.838000e+02
5.330000e+02 2.838000e+02
5.340000e+02 2.838000e+02
5.345000e+02 2.838000e+02
5.350000e+02 2.844000e+02
5.360000e+02 2.844000e+02
5.360000e+02 2.850000e+02
5.360000e+02 2.850000e+02
