4.625000e+02 3.522000e+02
4.625000e+02 3.522000e+02
4.615000e+02 3.462000e+02
4.605000e+02 3.414000e+02
4.600000e+02 3.366000e+02
4.595000e+02 3.318000e+02
4.590000e+02 3.264000e+02
4.585000e+02 3.198000e+02
4.585000e+02 3.132000e+02
4.580000e+02 3.060000e+02
4.575000e+02 2.976000e+02
4.575000e+02 2.886000e+02
4.575000e+02 2.736000e+02
4.580000e+02 2.652000e+02
4.580000e+02 2.514000e+02
4.585000e+02 2.418000e+02
4.585000e+02 2.316000e+02
4.590000e+02 2.226000e+02
4.595000e+02 2.142000e+02
4.605000e+02 2.058000e+02
4.610000e+02 1.974000e+02
4.610000e+02 1.896000e+02
4.615000e+02 1.824000e+02
4.615000e+02 1.752000e+02
4.620000e+02 1.680000e+02
4.620000e+02 1.614000e+02
4.620000e+02 1.542000e+02
4.620000e+02 1.482000e+02
4.625000e+02 1.422000e+02
4.625000e+02 1.368000e+02
4.625000e+02 1.320000e+02
4.630000e+02 1.278000e+02
4.630000e+02 1.266000e+02
4.630000e+02 1.236000e+02
4.635000e+02 1.200000e+02
4.635000e+02 1.188000e+02
4.635000e+02 1.170000e+02
4.635000e+02 1.158000e+02
4.635000e+02 1.152000e+02
4.635000e+02 1.152000e+02
4.635000e+02 1.152000e+02
4.635000e+02 1.152000e+02
