2.755000e+02 1.674000e+02
2.755000e+02 1.674000e+02
2.755000e+02 1.668000e+02
2.775000e+02 1.656000e+02
2.820000e+02 1.626000e+02
2.895000e+02 1.602000e+02
2.975000e+02 1.578000e+02
3.070000e+02 1.560000e+02
3.180000e+02 1.542000e+02
3.275000e+02 1.524000e+02
3.370000e+02 1.512000e+02
3.465000e+02 1.494000e+02
3.560000e+02 1.482000e+02
3.655000e+02 1.470000e+02
3.770000e+02 1.452000e+02
3.830000e+02 1.446000e+02
3.880000e+02 1.434000e+02
3.925000e+02 1.434000e+02
3.955000e+02 1.428000e+02
3.980000e+02 1.422000e+02
4.000000e+02 1.422000e+02
4.015000e+02 1.416000e+02
4.020000e+02 1.416000e+02
4.030000e+02 1.416000e+02
4.030000e+02 1.416000e+02
4.035000e+02 1.416000e+02
4.040000e+02 1.416000e+02
4.040000e+02 1.416000e+02
4.040000e+02 1.416000e+02
4.040000e+02 1.422000e+02
4.040000e+02 1.422000e+02
4.040000e+02 1.428000e+02
4.035000e+02 1.434000e+02
4.030000e+02 1.452000e+02
4.025000e+02 1.476000e+02
4.020000e+02 1.506000e+02
4.015000e+02 1.554000e+02
4.010000e+02 1.614000e+02
4.000000e+02 1.686000e+02
3.995000e+02 1.770000e+02
3.985000e+02 1.878000e+02
3.960000e+02 2.058000e+02
3.925000e+02 2.256000e+02
3.890000e+02 2.448000e+02
3.870000e+02 2.568000e+02
3.845000e+02 2.688000e+02
3.825000e+02 2.802000e+02
3.810000e+02 2.880000e+02
3.795000e+02 2.970000e+02
3.790000e+02 3.042000e+02
3.780000e+02 3.126000e+02
3.770000e+02 3.198000e+02
3.765000e+02 3.282000e+02
3.760000e+02 3.342000e+02
3.760000e+02 3.438000e+02
3.760000e+02 3.498000e+02
3.760000e+02 3.528000e+02
3.765000e+02 3.558000e+02
3.765000e+02 3.576000e+02
3.765000e+02 3.582000e+02
3.765000e+02 3.588000e+02
3.765000e+02 3.594000e+02
3.765000e+02 3.600000e+02
3.765000e+02 3.600000e+02
3.760000e+02 3.600000e+02
3.760000e+02 3.600000e+02
3.760000e+02 3.600000e+02
3.760000e+02 3.600000e+02
3.755000e+02 3.600000e+02
3.750000e+02 3.600000e+02
3.735000e+02 3.600000e+02
3.705000e+02 3.600000e+02
3.560000e+02 3.618000e+02
3.485000e+02 3.624000e+02
3.265000e+02 3.636000e+02
3.190000e+02 3.642000e+02
3.135000e+02 3.648000e+02
3.085000e+02 3.648000e+02
3.020000e+02 3.648000e+02
2.945000e+02 3.654000e+02
2.880000e+02 3.660000e+02
2.825000e+02 3.660000e+02
2.745000e+02 3.666000e+02
2.700000e+02 3.666000e+02
2.660000e+02 3.672000e+02
2.630000e+02 3.672000e+02
2.605000e+02 3.672000e+02
2.585000e+02 3.678000e+02
2.575000e+02 3.678000e+02
2.565000e+02 3.678000e+02
2.560000e+02 3.672000e+02
2.555000e+02 3.672000e+02
2.550000e+02 3.672000e+02
2.550000e+02 3.672000e+02
2.545000e+02 3.666000e+02
2.540000e+02 3.660000e+02
2.540000e+02 3.654000e+02
2.540000e+02 3.648000e+02
2.535000e+02 3.630000e+02
2.535000e+02 3.600000e+02
2.540000e+02 3.570000e+02
2.550000e+02 3.510000e+02
2.560000e+02 3.456000e+02
2.575000e+02 3.390000e+02
2.585000e+02 3.318000e+02
2.595000e+02 3.252000e+02
2.605000e+02 3.174000e+02
2.615000e+02 3.102000e+02
2.625000e+02 2.976000e+02
2.640000e+02 2.868000e+02
2.650000e+02 2.760000e+02
2.670000e+02 2.640000e+02
2.690000e+02 2.520000e+02
2.710000e+02 2.394000e+02
2.725000e+02 2.286000e+02
2.740000e+02 2.202000e+02
2.745000e+02 2.106000e+02
2.750000e+02 2.040000e+02
2.755000e+02 1.968000e+02
2.755000e+02 1.914000e+02
2.760000e+02 1.866000e+02
2.760000e+02 1.812000e+02
2.760000e+02 1.770000e+02
2.765000e+02 1.716000e+02
2.765000e+02 1.680000e+02
2.765000e+02 1.656000e+02
2.765000e+02 1.632000e+02
2.765000e+02 1.620000e+02
2.765000e+02 1.608000e+02
2.765000e+02 1.602000e+02
2.765000e+02 1.596000e+02
2.765000e+02 1.590000e+02
2.765000e+02 1.590000e+02
2.765000e+02 1.590000e+02
