7.450000e+01 1.152000e+02
7.450000e+01 1.152000e+02
7.400000e+01 1.152000e+02
7.400000e+01 1.152000e+02
7.350000e+01 1.152000e+02
7.350000e+01 1.158000e+02
7.300000e+01 1.158000e+02
7.300000e+01 1.164000e+02
7.250000e+01 1.170000e+02
7.250000e+01 1.182000e+02
7.200000e+01 1.194000e+02
7.150000e+01 1.212000e+02
7.100000e+01 1.248000e+02
7.050000e+01 1.278000e+02
7.000000e+01 1.314000e+02
6.950000e+01 1.344000e+02
6.850000e+01 1.380000e+02
6.800000e+01 1.422000e+02
6.700000e+01 1.470000e+02
6.600000e+01 1.512000e+02
6.450000e+01 1.590000e+02
6.450000e+01 1.614000e+02
6.300000e+01 1.698000e+02
6.250000e+01 1.782000e+02
6.200000e+01 1.842000e+02
6.150000e+01 1.926000e+02
6.150000e+01 1.992000e+02
6.150000e+01 2.064000e+02
6.150000e+01 2.124000e+02
6.150000e+01 2.190000e+02
6.100000e+01 2.256000e+02
6.100000e+01 2.328000e+02
6.050000e+01 2.388000e+02
6.000000e+01 2.478000e+02
6.000000e+01 2.532000e+02
5.950000e+01 2.562000e+02
5.900000e+01 2.646000e+02
5.900000e+01 2.718000e+02
5.850000e+01 2.796000e+02
5.850000e+01 2.838000e+02
5.850000e+01 2.922000e+02
5.850000e+01 2.964000e+02
5.850000e+01 3.006000e+02
5.850000e+01 3.042000e+02
5.850000e+01 3.084000e+02
5.850000e+01 3.126000e+02
5.850000e+01 3.174000e+02
5.850000e+01 3.204000e+02
5.850000e+01 3.234000e+02
5.900000e+01 3.258000e+02
5.900000e+01 3.276000e+02
5.900000e+01 3.294000e+02
5.900000e+01 3.312000e+02
5.900000e+01 3.324000e+02
5.900000e+01 3.336000e+02
5.900000e+01 3.348000e+02
5.900000e+01 3.360000e+02
5.900000e+01 3.372000e+02
5.900000e+01 3.378000e+02
5.900000e+01 3.384000e+02
5.900000e+01 3.390000e+02
5.900000e+01 3.396000e+02
5.900000e+01 3.396000e+02
5.900000e+01 3.402000e+02
5.900000e+01 3.402000e+02
5.900000e+01 3.402000e+02
5.900000e+01 3.402000e+02
