2.385000e+02 1.518000e+02
2.385000e+02 1.518000e+02
2.385000e+02 1.518000e+02
2.420000e+02 1.500000e+02
2.500000e+02 1.476000e+02
2.620000e+02 1.452000e+02
2.905000e+02 1.404000e+02
3.055000e+02 1.392000e+02
3.215000e+02 1.374000e+02
3.375000e+02 1.362000e+02
3.535000e+02 1.350000e+02
3.680000e+02 1.332000e+02
3.825000e+02 1.314000e+02
3.965000e+02 1.296000e+02
4.085000e+02 1.284000e+02
4.245000e+02 1.266000e+02
4.340000e+02 1.254000e+02
4.420000e+02 1.242000e+02
4.470000e+02 1.236000e+02
4.520000e+02 1.230000e+02
4.555000e+02 1.230000e+02
4.565000e+02 1.230000e+02
4.575000e+02 1.230000e+02
4.580000e+02 1.230000e+02
4.580000e+02 1.236000e+02
4.585000e+02 1.236000e+02
4.585000e+02 1.242000e+02
4.585000e+02 1.254000e+02
4.585000e+02 1.290000e+02
4.575000e+02 1.332000e+02
4.565000e+02 1.386000e+02
4.550000e+02 1.452000e+02
4.540000e+02 1.518000e+02
4.525000e+02 1.596000e+02
4.510000e+02 1.680000e+02
4.500000e+02 1.782000e+02
4.470000e+02 1.932000e+02
4.425000e+02 2.094000e+02
4.400000e+02 2.208000e+02
4.370000e+02 2.322000e+02
4.340000e+02 2.424000e+02
4.295000e+02 2.574000e+02
4.275000e+02 2.670000e+02
4.250000e+02 2.772000e+02
4.230000e+02 2.862000e+02
4.210000e+02 2.958000e+02
4.195000e+02 3.036000e+02
4.180000e+02 3.114000e+02
4.170000e+02 3.180000e+02
4.155000e+02 3.288000e+02
4.150000e+02 3.324000e+02
4.150000e+02 3.342000e+02
4.145000e+02 3.360000e+02
4.145000e+02 3.372000e+02
4.140000e+02 3.378000e+02
4.140000e+02 3.384000e+02
4.135000e+02 3.390000e+02
4.125000e+02 3.396000e+02
4.095000e+02 3.396000e+02
4.015000e+02 3.384000e+02
3.920000e+02 3.372000e+02
3.810000e+02 3.354000e+02
3.700000e+02 3.336000e+02
3.570000e+02 3.312000e+02
3.430000e+02 3.288000e+02
3.285000e+02 3.270000e+02
3.125000e+02 3.264000e+02
2.965000e+02 3.252000e+02
2.800000e+02 3.246000e+02
2.640000e+02 3.246000e+02
2.490000e+02 3.240000e+02
2.345000e+02 3.234000e+02
2.245000e+02 3.234000e+02
2.165000e+02 3.234000e+02
2.070000e+02 3.234000e+02
2.000000e+02 3.234000e+02
1.975000e+02 3.228000e+02
1.955000e+02 3.228000e+02
1.945000e+02 3.228000e+02
1.935000e+02 3.228000e+02
1.935000e+02 3.222000e+02
1.935000e+02 3.222000e+02
1.940000e+02 3.210000e+02
1.955000e+02 3.180000e+02
1.975000e+02 3.144000e+02
1.995000e+02 3.102000e+02
2.035000e+02 3.012000e+02
2.045000e+02 2.988000e+02
2.080000e+02 2.892000e+02
2.100000e+02 2.832000e+02
2.115000e+02 2.766000e+02
2.130000e+02 2.706000e+02
2.140000e+02 2.646000e+02
2.155000e+02 2.568000e+02
2.170000e+02 2.502000e+02
2.185000e+02 2.412000e+02
2.200000e+02 2.346000e+02
2.215000e+02 2.262000e+02
2.230000e+02 2.184000e+02
2.240000e+02 2.100000e+02
2.250000e+02 2.022000e+02
2.265000e+02 1.902000e+02
2.275000e+02 1.788000e+02
2.275000e+02 1.722000e+02
2.270000e+02 1.680000e+02
2.270000e+02 1.638000e+02
2.270000e+02 1.608000e+02
2.270000e+02 1.596000e+02
2.270000e+02 1.590000e+02
2.270000e+02 1.584000e+02
2.270000e+02 1.584000e+02
2.270000e+02 1.578000e+02
2.270000e+02 1.578000e+02
2.270000e+02 1.578000e+02
