5.065000e+02 3.390000e+02
5.065000e+02 3.390000e+02
5.070000e+02 3.378000e+02
5.075000e+02 3.354000e+02
5.075000e+02 3.324000e+02
5.080000e+02 3.294000e+02
5.085000e+02 3.264000e+02
5.090000e+02 3.222000e+02
5.090000e+02 3.144000e+02
5.085000e+02 3.078000e+02
5.080000e+02 3.006000e+02
5.075000e+02 2.928000e+02
5.070000e+02 2.838000e+02
5.070000e+02 2.736000e+02
5.070000e+02 2.634000e+02
5.075000e+02 2.538000e+02
5.080000e+02 2.388000e+02
5.085000e+02 2.334000e+02
5.090000e+02 2.184000e+02
5.095000e+02 2.040000e+02
5.100000e+02 1.950000e+02
5.105000e+02 1.860000e+02
5.105000e+02 1.764000e+02
5.110000e+02 1.680000e+02
5.115000e+02 1.602000e+02
5.115000e+02 1.488000e+02
5.115000e+02 1.458000e+02
5.115000e+02 1.344000e+02
5.115000e+02 1.284000e+02
5.110000e+02 1.224000e+02
5.110000e+02 1.176000e+02
5.110000e+02 1.140000e+02
5.110000e+02 1.110000e+02
5.105000e+02 1.080000e+02
5.105000e+02 1.050000e+02
5.105000e+02 1.044000e+02
5.105000e+02 1.032000e+02
5.105000e+02 1.026000e+02
5.105000e+02 1.014000e+02
5.105000e+02 1.008000e+02
5.105000e+02 1.008000e+02
5.105000e+02 1.002000e+02
5.105000e+02 1.002000e+02
