2.265000e+02 3.540000e+02
2.265000e+02 3.540000e+02
2.270000e+02 3.528000e+02
2.275000e+02 3.492000e+02
2.285000e+02 3.456000e+02
2.290000e+02 3.432000e+02
2.295000e+02 3.372000e+02
2.300000e+02 3.342000e+02
2.310000e+02 3.276000e+02
2.320000e+02 3.198000e+02
2.330000e+02 3.114000e+02
2.335000e+02 3.066000e+02
2.350000e+02 2.964000e+02
2.360000e+02 2.916000e+02
2.380000e+02 2.802000e+02
2.400000e+02 2.688000e+02
2.420000e+02 2.580000e+02
2.430000e+02 2.526000e+02
2.455000e+02 2.406000e+02
2.480000e+02 2.292000e+02
2.490000e+02 2.238000e+02
2.515000e+02 2.124000e+02
2.530000e+02 2.022000e+02
2.540000e+02 1.968000e+02
2.550000e+02 1.914000e+02
2.570000e+02 1.812000e+02
2.585000e+02 1.764000e+02
2.610000e+02 1.674000e+02
2.640000e+02 1.584000e+02
2.665000e+02 1.506000e+02
2.685000e+02 1.470000e+02
2.715000e+02 1.398000e+02
2.735000e+02 1.368000e+02
2.765000e+02 1.314000e+02
2.790000e+02 1.260000e+02
2.805000e+02 1.242000e+02
2.825000e+02 1.200000e+02
2.850000e+02 1.176000e+02
2.865000e+02 1.164000e+02
2.885000e+02 1.152000e+02
2.905000e+02 1.146000e+02
2.925000e+02 1.152000e+02
2.940000e+02 1.158000e+02
2.950000e+02 1.164000e+02
2.980000e+02 1.188000e+02
2.990000e+02 1.200000e+02
3.020000e+02 1.230000e+02
3.050000e+02 1.272000e+02
3.090000e+02 1.320000e+02
3.110000e+02 1.338000e+02
3.130000e+02 1.368000e+02
3.170000e+02 1.428000e+02
3.210000e+02 1.488000e+02
3.235000e+02 1.524000e+02
3.255000e+02 1.560000e+02
3.305000e+02 1.638000e+02
3.330000e+02 1.686000e+02
3.375000e+02 1.776000e+02
3.425000e+02 1.878000e+02
3.475000e+02 1.980000e+02
3.500000e+02 2.028000e+02
3.550000e+02 2.130000e+02
3.600000e+02 2.238000e+02
3.625000e+02 2.292000e+02
3.695000e+02 2.454000e+02
3.745000e+02 2.562000e+02
3.795000e+02 2.658000e+02
3.845000e+02 2.760000e+02
3.895000e+02 2.868000e+02
3.945000e+02 2.958000e+02
3.985000e+02 3.042000e+02
4.005000e+02 3.084000e+02
4.040000e+02 3.150000e+02
4.055000e+02 3.186000e+02
4.085000e+02 3.246000e+02
4.115000e+02 3.294000e+02
4.135000e+02 3.336000e+02
4.140000e+02 3.348000e+02
4.145000e+02 3.360000e+02
4.160000e+02 3.378000e+02
4.160000e+02 3.384000e+02
4.170000e+02 3.396000e+02
4.175000e+02 3.402000e+02
4.175000e+02 3.402000e+02
4.180000e+02 3.408000e+02
4.180000e+02 3.408000e+02
4.185000e+02 3.408000e+02
4.185000e+02 3.408000e+02
4.185000e+02 3.414000e+02
4.180000e+02 3.414000e+02
4.180000e+02 3.414000e+02
