2.540000e+02 1.008000e+02
2.540000e+02 1.008000e+02
2.540000e+02 1.014000e+02
2.550000e+02 1.026000e+02
2.555000e+02 1.038000e+02
2.565000e+02 1.068000e+02
2.575000e+02 1.080000e+02
2.595000e+02 1.110000e+02
2.625000e+02 1.146000e+02
2.640000e+02 1.164000e+02
2.670000e+02 1.200000e+02
2.705000e+02 1.230000e+02
2.740000e+02 1.278000e+02
2.760000e+02 1.296000e+02
2.780000e+02 1.320000e+02
2.825000e+02 1.362000e+02
2.865000e+02 1.416000e+02
2.885000e+02 1.440000e+02
2.930000e+02 1.494000e+02
2.975000e+02 1.548000e+02
2.995000e+02 1.578000e+02
3.040000e+02 1.632000e+02
3.065000e+02 1.662000e+02
3.120000e+02 1.722000e+02
3.170000e+02 1.782000e+02
3.200000e+02 1.818000e+02
3.255000e+02 1.878000e+02
3.315000e+02 1.944000e+02
3.345000e+02 1.980000e+02
3.405000e+02 2.052000e+02
3.465000e+02 2.124000e+02
3.495000e+02 2.166000e+02
3.555000e+02 2.244000e+02
3.615000e+02 2.328000e+02
3.645000e+02 2.370000e+02
3.705000e+02 2.460000e+02
3.765000e+02 2.538000e+02
3.795000e+02 2.580000e+02
3.855000e+02 2.664000e+02
3.915000e+02 2.760000e+02
3.945000e+02 2.802000e+02
3.975000e+02 2.850000e+02
4.030000e+02 2.934000e+02
4.060000e+02 2.976000e+02
4.140000e+02 3.096000e+02
4.165000e+02 3.132000e+02
4.220000e+02 3.216000e+02
4.275000e+02 3.294000e+02
4.305000e+02 3.342000e+02
4.365000e+02 3.432000e+02
4.425000e+02 3.528000e+02
4.480000e+02 3.624000e+02
4.525000e+02 3.708000e+02
4.550000e+02 3.750000e+02
4.590000e+02 3.828000e+02
4.630000e+02 3.894000e+02
4.660000e+02 3.954000e+02
4.680000e+02 4.002000e+02
4.690000e+02 4.026000e+02
4.705000e+02 4.056000e+02
4.710000e+02 4.080000e+02
4.715000e+02 4.092000e+02
4.715000e+02 4.098000e+02
4.715000e+02 4.104000e+02
4.715000e+02 4.110000e+02
4.710000e+02 4.110000e+02
4.695000e+02 4.116000e+02
4.690000e+02 4.122000e+02
4.665000e+02 4.128000e+02
4.640000e+02 4.134000e+02
4.630000e+02 4.140000e+02
4.600000e+02 4.152000e+02
4.560000e+02 4.164000e+02
4.540000e+02 4.170000e+02
4.520000e+02 4.170000e+02
4.480000e+02 4.182000e+02
4.430000e+02 4.194000e+02
4.405000e+02 4.200000e+02
4.355000e+02 4.212000e+02
4.300000e+02 4.218000e+02
4.270000e+02 4.224000e+02
4.205000e+02 4.236000e+02
4.145000e+02 4.242000e+02
4.080000e+02 4.254000e+02
4.015000e+02 4.254000e+02
3.940000e+02 4.260000e+02
3.900000e+02 4.266000e+02
3.820000e+02 4.272000e+02
3.735000e+02 4.278000e+02
3.655000e+02 4.284000e+02
3.565000e+02 4.290000e+02
3.525000e+02 4.296000e+02
3.435000e+02 4.302000e+02
3.345000e+02 4.314000e+02
3.300000e+02 4.314000e+02
3.220000e+02 4.326000e+02
3.145000e+02 4.338000e+02
3.110000e+02 4.344000e+02
3.040000e+02 4.356000e+02
2.965000e+02 4.374000e+02
2.930000e+02 4.380000e+02
2.860000e+02 4.392000e+02
2.785000e+02 4.404000e+02
2.745000e+02 4.410000e+02
2.670000e+02 4.422000e+02
2.600000e+02 4.428000e+02
2.565000e+02 4.434000e+02
2.495000e+02 4.440000e+02
2.430000e+02 4.452000e+02
2.370000e+02 4.464000e+02
2.315000e+02 4.470000e+02
2.260000e+02 4.476000e+02
2.210000e+02 4.476000e+02
2.185000e+02 4.476000e+02
2.160000e+02 4.476000e+02
2.120000e+02 4.464000e+02
2.105000e+02 4.458000e+02
2.075000e+02 4.446000e+02
2.055000e+02 4.434000e+02
2.045000e+02 4.428000e+02
2.035000e+02 4.416000e+02
2.035000e+02 4.392000e+02
2.040000e+02 4.380000e+02
2.045000e+02 4.350000e+02
2.060000e+02 4.314000e+02
2.085000e+02 4.272000e+02
2.115000e+02 4.218000e+02
2.130000e+02 4.188000e+02
2.160000e+02 4.122000e+02
2.195000e+02 4.056000e+02
2.215000e+02 4.020000e+02
2.235000e+02 3.984000e+02
2.275000e+02 3.912000e+02
2.295000e+02 3.876000e+02
2.315000e+02 3.834000e+02
2.360000e+02 3.762000e+02
2.405000e+02 3.684000e+02
2.425000e+02 3.648000e+02
2.450000e+02 3.612000e+02
2.500000e+02 3.528000e+02
2.520000e+02 3.498000e+02
2.570000e+02 3.420000e+02
2.620000e+02 3.342000e+02
2.675000e+02 3.264000e+02
2.735000e+02 3.174000e+02
2.790000e+02 3.084000e+02
2.820000e+02 3.048000e+02
2.880000e+02 2.958000e+02
2.945000e+02 2.880000e+02
2.975000e+02 2.838000e+02
3.035000e+02 2.760000e+02
3.100000e+02 2.676000e+02
3.170000e+02 2.592000e+02
3.240000e+02 2.502000e+02
3.280000e+02 2.460000e+02
3.315000e+02 2.412000e+02
3.390000e+02 2.322000e+02
3.465000e+02 2.232000e+02
3.505000e+02 2.190000e+02
3.580000e+02 2.106000e+02
3.615000e+02 2.064000e+02
3.695000e+02 1.974000e+02
3.735000e+02 1.932000e+02
3.835000e+02 1.836000e+02
3.930000e+02 1.734000e+02
3.980000e+02 1.686000e+02
4.025000e+02 1.644000e+02
4.120000e+02 1.554000e+02
4.205000e+02 1.476000e+02
4.250000e+02 1.434000e+02
4.290000e+02 1.392000e+02
4.365000e+02 1.326000e+02
4.440000e+02 1.260000e+02
4.470000e+02 1.224000e+02
4.535000e+02 1.170000e+02
4.565000e+02 1.146000e+02
4.615000e+02 1.098000e+02
4.665000e+02 1.056000e+02
4.705000e+02 1.020000e+02
4.725000e+02 1.008000e+02
4.755000e+02 9.840000e+01
4.770000e+02 9.720000e+01
4.785000e+02 9.660000e+01
4.805000e+02 9.540000e+01
4.825000e+02 9.360000e+01
4.835000e+02 9.300000e+01
4.850000e+02 9.180000e+01
4.865000e+02 9.060000e+01
4.870000e+02 9.000000e+01
4.880000e+02 8.940000e+01
4.890000e+02 8.820000e+01
4.895000e+02 8.820000e+01
4.900000e+02 8.760000e+01
4.900000e+02 8.760000e+01
4.905000e+02 8.700000e+01
4.910000e+02 8.640000e+01
4.910000e+02 8.640000e+01
4.915000e+02 8.580000e+01
4.915000e+02 8.580000e+01
4.920000e+02 8.520000e+01
4.920000e+02 8.520000e+01
4.925000e+02 8.460000e+01
4.925000e+02 8.460000e+01
4.925000e+02 8.460000e+01
4.925000e+02 8.460000e+01
4.930000e+02 8.400000e+01
4.930000e+02 8.400000e+01
4.930000e+02 8.400000e+01
4.925000e+02 8.340000e+01
4.910000e+02 8.280000e+01
4.885000e+02 8.220000e+01
4.885000e+02 8.220000e+01
