1.065000e+02 3.174000e+02
1.065000e+02 3.174000e+02
1.060000e+02 3.162000e+02
1.055000e+02 3.150000e+02
1.050000e+02 3.138000e+02
1.040000e+02 3.120000e+02
1.035000e+02 3.102000e+02
1.030000e+02 3.078000e+02
1.020000e+02 3.048000e+02
1.015000e+02 3.012000e+02
1.010000e+02 2.970000e+02
1.005000e+02 2.910000e+02
1.000000e+02 2.850000e+02
9.950000e+01 2.784000e+02
9.950000e+01 2.718000e+02
1.000000e+02 2.646000e+02
1.000000e+02 2.574000e+02
1.005000e+02 2.454000e+02
1.010000e+02 2.376000e+02
1.010000e+02 2.256000e+02
1.010000e+02 2.172000e+02
1.010000e+02 2.118000e+02
1.010000e+02 2.028000e+02
1.015000e+02 1.932000e+02
1.015000e+02 1.848000e+02
1.015000e+02 1.752000e+02
1.015000e+02 1.662000e+02
1.015000e+02 1.584000e+02
1.015000e+02 1.470000e+02
1.015000e+02 1.398000e+02
1.015000e+02 1.326000e+02
1.015000e+02 1.254000e+02
1.010000e+02 1.182000e+02
1.010000e+02 1.104000e+02
1.010000e+02 1.032000e+02
1.010000e+02 9.720000e+01
1.010000e+02 9.000000e+01
1.010000e+02 8.460000e+01
1.005000e+02 7.860000e+01
1.005000e+02 7.380000e+01
1.000000e+02 7.080000e+01
1.000000e+02 6.900000e+01
1.000000e+02 6.840000e+01
1.000000e+02 6.780000e+01
1.000000e+02 6.720000e+01
1.000000e+02 6.720000e+01
1.000000e+02 6.720000e+01
1.000000e+02 6.720000e+01
