1.615000e+02 1.242000e+02
1.615000e+02 1.248000e+02
1.620000e+02 1.254000e+02
1.625000e+02 1.260000e+02
1.640000e+02 1.272000e+02
1.665000e+02 1.302000e+02
1.715000e+02 1.350000e+02
1.750000e+02 1.392000e+02
1.800000e+02 1.440000e+02
1.845000e+02 1.494000e+02
1.890000e+02 1.542000e+02
1.945000e+02 1.602000e+02
1.970000e+02 1.626000e+02
2.030000e+02 1.692000e+02
2.090000e+02 1.752000e+02
2.120000e+02 1.782000e+02
2.185000e+02 1.848000e+02
2.250000e+02 1.914000e+02
2.320000e+02 1.980000e+02
2.395000e+02 2.058000e+02
2.505000e+02 2.166000e+02
2.545000e+02 2.208000e+02
2.610000e+02 2.274000e+02
2.690000e+02 2.346000e+02
2.765000e+02 2.424000e+02
2.840000e+02 2.496000e+02
2.915000e+02 2.568000e+02
2.985000e+02 2.634000e+02
3.065000e+02 2.712000e+02
3.140000e+02 2.778000e+02
3.240000e+02 2.880000e+02
3.280000e+02 2.916000e+02
3.380000e+02 3.006000e+02
3.485000e+02 3.090000e+02
3.545000e+02 3.150000e+02
3.600000e+02 3.192000e+02
3.655000e+02 3.240000e+02
3.705000e+02 3.282000e+02
3.760000e+02 3.324000e+02
3.805000e+02 3.360000e+02
3.860000e+02 3.396000e+02
3.880000e+02 3.408000e+02
3.920000e+02 3.438000e+02
3.950000e+02 3.456000e+02
3.980000e+02 3.480000e+02
3.995000e+02 3.492000e+02
4.010000e+02 3.498000e+02
4.015000e+02 3.510000e+02
4.025000e+02 3.516000e+02
4.030000e+02 3.516000e+02
4.030000e+02 3.522000e+02
4.030000e+02 3.522000e+02
4.035000e+02 3.522000e+02
4.035000e+02 3.528000e+02
4.035000e+02 3.528000e+02
4.025000e+02 3.528000e+02
4.020000e+02 3.528000e+02
4.020000e+02 3.528000e+02
4.005000e+02 3.528000e+02
3.970000e+02 3.522000e+02
3.905000e+02 3.522000e+02
3.810000e+02 3.516000e+02
3.715000e+02 3.516000e+02
3.630000e+02 3.516000e+02
3.555000e+02 3.510000e+02
3.415000e+02 3.504000e+02
3.360000e+02 3.504000e+02
3.195000e+02 3.504000e+02
3.030000e+02 3.516000e+02
2.910000e+02 3.528000e+02
2.735000e+02 3.540000e+02
2.555000e+02 3.564000e+02
2.445000e+02 3.576000e+02
2.340000e+02 3.594000e+02
2.235000e+02 3.612000e+02
2.130000e+02 3.630000e+02
1.995000e+02 3.648000e+02
1.955000e+02 3.654000e+02
1.870000e+02 3.666000e+02
1.790000e+02 3.672000e+02
1.705000e+02 3.684000e+02
1.620000e+02 3.702000e+02
1.560000e+02 3.708000e+02
1.490000e+02 3.720000e+02
1.435000e+02 3.726000e+02
1.380000e+02 3.738000e+02
1.315000e+02 3.750000e+02
1.265000e+02 3.756000e+02
1.230000e+02 3.756000e+02
1.225000e+02 3.756000e+02
1.210000e+02 3.756000e+02
1.200000e+02 3.756000e+02
1.195000e+02 3.756000e+02
1.190000e+02 3.750000e+02
1.185000e+02 3.750000e+02
1.185000e+02 3.744000e+02
1.185000e+02 3.744000e+02
1.180000e+02 3.732000e+02
1.180000e+02 3.726000e+02
1.205000e+02 3.702000e+02
1.255000e+02 3.648000e+02
1.340000e+02 3.570000e+02
1.390000e+02 3.522000e+02
1.445000e+02 3.468000e+02
1.495000e+02 3.420000e+02
1.560000e+02 3.360000e+02
1.625000e+02 3.294000e+02
1.700000e+02 3.228000e+02
1.790000e+02 3.138000e+02
1.915000e+02 3.006000e+02
1.955000e+02 2.964000e+02
2.090000e+02 2.826000e+02
2.240000e+02 2.676000e+02
2.335000e+02 2.598000e+02
2.430000e+02 2.502000e+02
2.530000e+02 2.406000e+02
2.625000e+02 2.322000e+02
2.735000e+02 2.208000e+02
2.890000e+02 2.052000e+02
2.990000e+02 1.950000e+02
3.090000e+02 1.854000e+02
3.140000e+02 1.806000e+02
3.300000e+02 1.662000e+02
3.350000e+02 1.614000e+02
3.440000e+02 1.542000e+02
3.535000e+02 1.464000e+02
3.625000e+02 1.398000e+02
3.720000e+02 1.326000e+02
3.795000e+02 1.272000e+02
3.905000e+02 1.194000e+02
3.965000e+02 1.146000e+02
4.030000e+02 1.098000e+02
4.060000e+02 1.074000e+02
4.115000e+02 1.032000e+02
4.160000e+02 1.002000e+02
4.200000e+02 9.720000e+01
4.235000e+02 9.480000e+01
4.270000e+02 9.240000e+01
4.300000e+02 9.000000e+01
4.330000e+02 8.760000e+01
4.340000e+02 8.700000e+01
4.365000e+02 8.520000e+01
4.380000e+02 8.340000e+01
4.390000e+02 8.280000e+01
4.400000e+02 8.160000e+01
4.405000e+02 8.160000e+01
4.410000e+02 8.100000e+01
4.410000e+02 8.100000e+01
4.410000e+02 8.100000e+01
4.410000e+02 8.100000e+01
4.410000e+02 8.100000e+01
4.410000e+02 8.100000e+01
