4.125000e+02 1.662000e+02
4.115000e+02 1.626000e+02
4.110000e+02 1.608000e+02
4.100000e+02 1.584000e+02
4.095000e+02 1.554000e+02
4.090000e+02 1.542000e+02
4.080000e+02 1.506000e+02
4.075000e+02 1.476000e+02
4.065000e+02 1.446000e+02
4.060000e+02 1.422000e+02
4.050000e+02 1.392000e+02
4.040000e+02 1.362000e+02
4.030000e+02 1.332000e+02
4.020000e+02 1.308000e+02
4.005000e+02 1.278000e+02
3.990000e+02 1.254000e+02
3.970000e+02 1.218000e+02
3.955000e+02 1.188000e+02
3.935000e+02 1.158000e+02
3.915000e+02 1.128000e+02
3.895000e+02 1.098000e+02
3.875000e+02 1.068000e+02
3.855000e+02 1.032000e+02
3.835000e+02 1.008000e+02
3.800000e+02 9.600000e+01
3.775000e+02 9.240000e+01
3.755000e+02 8.940000e+01
3.730000e+02 8.640000e+01
3.705000e+02 8.340000e+01
3.680000e+02 8.100000e+01
3.650000e+02 7.800000e+01
3.615000e+02 7.560000e+01
3.580000e+02 7.320000e+01
3.525000e+02 7.020000e+01
3.500000e+02 6.900000e+01
3.455000e+02 6.720000e+01
3.435000e+02 6.660000e+01
3.385000e+02 6.480000e+01
3.335000e+02 6.360000e+01
3.295000e+02 6.240000e+01
3.255000e+02 6.120000e+01
3.210000e+02 6.000000e+01
3.175000e+02 5.940000e+01
3.135000e+02 5.820000e+01
3.095000e+02 5.820000e+01
3.055000e+02 5.820000e+01
3.010000e+02 5.880000e+01
2.970000e+02 5.940000e+01
2.930000e+02 6.060000e+01
2.890000e+02 6.180000e+01
2.850000e+02 6.300000e+01
2.795000e+02 6.480000e+01
2.760000e+02 6.660000e+01
2.720000e+02 6.900000e+01
2.685000e+02 7.080000e+01
2.650000e+02 7.260000e+01
2.610000e+02 7.500000e+01
2.580000e+02 7.740000e+01
2.550000e+02 7.980000e+01
2.520000e+02 8.280000e+01
2.490000e+02 8.580000e+01
2.460000e+02 8.880000e+01
2.435000e+02 9.180000e+01
2.410000e+02 9.480000e+01
2.380000e+02 9.840000e+01
2.355000e+02 1.026000e+02
2.330000e+02 1.062000e+02
2.310000e+02 1.092000e+02
2.285000e+02 1.158000e+02
2.265000e+02 1.200000e+02
2.250000e+02 1.248000e+02
2.240000e+02 1.272000e+02
2.225000e+02 1.320000e+02
2.210000e+02 1.368000e+02
2.195000e+02 1.422000e+02
2.185000e+02 1.476000e+02
2.175000e+02 1.524000e+02
2.165000e+02 1.584000e+02
2.155000e+02 1.644000e+02
2.145000e+02 1.704000e+02
2.140000e+02 1.770000e+02
2.135000e+02 1.830000e+02
2.130000e+02 1.896000e+02
2.130000e+02 1.956000e+02
2.130000e+02 2.022000e+02
2.130000e+02 2.082000e+02
2.135000e+02 2.142000e+02
2.140000e+02 2.208000e+02
2.150000e+02 2.268000e+02
2.155000e+02 2.334000e+02
2.165000e+02 2.424000e+02
2.175000e+02 2.490000e+02
2.190000e+02 2.550000e+02
2.205000e+02 2.610000e+02
2.220000e+02 2.670000e+02
2.240000e+02 2.730000e+02
2.255000e+02 2.784000e+02
2.280000e+02 2.862000e+02
2.285000e+02 2.892000e+02
2.310000e+02 2.946000e+02
2.330000e+02 3.000000e+02
2.340000e+02 3.024000e+02
2.360000e+02 3.072000e+02
2.380000e+02 3.126000e+02
2.400000e+02 3.174000e+02
2.425000e+02 3.222000e+02
2.450000e+02 3.270000e+02
2.485000e+02 3.330000e+02
2.495000e+02 3.348000e+02
2.515000e+02 3.384000e+02
2.540000e+02 3.426000e+02
2.565000e+02 3.462000e+02
2.590000e+02 3.492000e+02
2.625000e+02 3.534000e+02
2.650000e+02 3.564000e+02
2.690000e+02 3.600000e+02
2.715000e+02 3.624000e+02
2.735000e+02 3.642000e+02
2.760000e+02 3.660000e+02
2.790000e+02 3.678000e+02
2.815000e+02 3.696000e+02
2.845000e+02 3.708000e+02
2.870000e+02 3.726000e+02
2.900000e+02 3.738000e+02
2.915000e+02 3.744000e+02
2.960000e+02 3.762000e+02
2.985000e+02 3.774000e+02
3.015000e+02 3.780000e+02
3.035000e+02 3.786000e+02
3.065000e+02 3.798000e+02
3.095000e+02 3.804000e+02
3.125000e+02 3.804000e+02
3.150000e+02 3.810000e+02
3.175000e+02 3.810000e+02
3.200000e+02 3.810000e+02
3.220000e+02 3.810000e+02
3.255000e+02 3.804000e+02
3.295000e+02 3.792000e+02
3.330000e+02 3.780000e+02
3.370000e+02 3.756000e+02
3.410000e+02 3.732000e+02
3.450000e+02 3.702000e+02
3.480000e+02 3.678000e+02
3.515000e+02 3.648000e+02
3.555000e+02 3.612000e+02
3.590000e+02 3.582000e+02
3.615000e+02 3.552000e+02
3.650000e+02 3.510000e+02
3.685000e+02 3.462000e+02
3.720000e+02 3.420000e+02
3.745000e+02 3.378000e+02
3.780000e+02 3.324000e+02
3.810000e+02 3.282000e+02
3.840000e+02 3.234000e+02
3.870000e+02 3.180000e+02
3.895000e+02 3.132000e+02
3.920000e+02 3.078000e+02
3.945000e+02 3.030000e+02
3.970000e+02 2.982000e+02
3.990000e+02 2.934000e+02
4.015000e+02 2.862000e+02
4.040000e+02 2.802000e+02
4.060000e+02 2.760000e+02
4.075000e+02 2.712000e+02
4.090000e+02 2.676000e+02
4.105000e+02 2.640000e+02
4.115000e+02 2.604000e+02
4.125000e+02 2.562000e+02
4.135000e+02 2.526000e+02
4.145000e+02 2.490000e+02
4.155000e+02 2.454000e+02
4.160000e+02 2.418000e+02
4.170000e+02 2.382000e+02
4.180000e+02 2.352000e+02
4.185000e+02 2.316000e+02
4.190000e+02 2.286000e+02
4.195000e+02 2.256000e+02
4.205000e+02 2.226000e+02
4.210000e+02 2.184000e+02
4.210000e+02 2.178000e+02
4.215000e+02 2.148000e+02
4.215000e+02 2.118000e+02
4.215000e+02 2.094000e+02
4.215000e+02 2.076000e+02
4.215000e+02 2.052000e+02
4.215000e+02 2.034000e+02
4.215000e+02 2.022000e+02
4.215000e+02 2.010000e+02
4.215000e+02 1.992000e+02
4.215000e+02 1.992000e+02
