3.765000e+02 3.792000e+02
3.765000e+02 3.792000e+02
3.770000e+02 3.792000e+02
3.770000e+02 3.792000e+02
3.765000e+02 3.780000e+02
3.760000e+02 3.762000e+02
3.750000e+02 3.720000e+02
3.730000e+02 3.654000e+02
3.710000e+02 3.588000e+02
3.685000e+02 3.492000e+02
3.665000e+02 3.408000e+02
3.645000e+02 3.306000e+02
3.625000e+02 3.198000e+02
3.605000e+02 3.096000e+02
3.580000e+02 2.976000e+02
3.555000e+02 2.868000e+02
3.535000e+02 2.748000e+02
3.515000e+02 2.640000e+02
3.495000e+02 2.526000e+02
3.475000e+02 2.400000e+02
3.455000e+02 2.286000e+02
3.425000e+02 2.118000e+02
3.410000e+02 2.010000e+02
3.395000e+02 1.896000e+02
3.380000e+02 1.782000e+02
3.370000e+02 1.680000e+02
3.360000e+02 1.590000e+02
3.345000e+02 1.488000e+02
3.330000e+02 1.386000e+02
3.320000e+02 1.296000e+02
3.305000e+02 1.200000e+02
3.295000e+02 1.116000e+02
3.285000e+02 1.032000e+02
3.280000e+02 9.480000e+01
3.270000e+02 8.760000e+01
3.265000e+02 8.100000e+01
3.265000e+02 7.500000e+01
3.260000e+02 6.660000e+01
3.255000e+02 6.000000e+01
3.250000e+02 5.520000e+01
3.245000e+02 4.980000e+01
3.245000e+02 4.380000e+01
3.240000e+02 3.840000e+01
3.235000e+02 3.240000e+01
3.235000e+02 2.640000e+01
3.235000e+02 1.800000e+01
3.235000e+02 7.800000e+00
3.235000e+02 5.400000e+00
3.235000e+02 5.400000e+00
