1.150000e+02 3.978000e+02
1.150000e+02 3.978000e+02
1.150000e+02 3.978000e+02
1.150000e+02 3.978000e+02
1.150000e+02 3.978000e+02
1.150000e+02 3.972000e+02
1.150000e+02 3.972000e+02
1.150000e+02 3.972000e+02
1.155000e+02 3.960000e+02
1.170000e+02 3.936000e+02
1.185000e+02 3.906000e+02
1.205000e+02 3.870000e+02
1.230000e+02 3.828000e+02
1.260000e+02 3.774000e+02
1.290000e+02 3.720000e+02
1.330000e+02 3.654000e+02
1.370000e+02 3.582000e+02
1.415000e+02 3.504000e+02
1.465000e+02 3.414000e+02
1.510000e+02 3.312000e+02
1.565000e+02 3.216000e+02
1.635000e+02 3.072000e+02
1.725000e+02 2.898000e+02
1.810000e+02 2.730000e+02
1.860000e+02 2.628000e+02
1.915000e+02 2.520000e+02
1.965000e+02 2.412000e+02
2.015000e+02 2.304000e+02
2.065000e+02 2.196000e+02
2.115000e+02 2.094000e+02
2.165000e+02 1.992000e+02
2.215000e+02 1.890000e+02
2.265000e+02 1.776000e+02
2.315000e+02 1.674000e+02
2.365000e+02 1.578000e+02
2.415000e+02 1.476000e+02
2.455000e+02 1.398000e+02
2.495000e+02 1.314000e+02
2.535000e+02 1.242000e+02
2.585000e+02 1.140000e+02
2.625000e+02 1.056000e+02
2.660000e+02 9.900000e+01
2.675000e+02 9.540000e+01
2.690000e+02 9.300000e+01
2.700000e+02 9.120000e+01
2.705000e+02 9.000000e+01
2.710000e+02 8.880000e+01
2.715000e+02 8.820000e+01
2.720000e+02 8.760000e+01
2.725000e+02 8.760000e+01
2.725000e+02 8.760000e+01
2.730000e+02 8.760000e+01
2.735000e+02 8.760000e+01
2.740000e+02 8.820000e+01
2.745000e+02 8.880000e+01
2.755000e+02 9.000000e+01
2.765000e+02 9.180000e+01
2.780000e+02 9.360000e+01
2.795000e+02 9.660000e+01
2.815000e+02 9.960000e+01
2.840000e+02 1.026000e+02
2.865000e+02 1.056000e+02
2.890000e+02 1.092000e+02
2.920000e+02 1.128000e+02
2.950000e+02 1.170000e+02
2.985000e+02 1.206000e+02
3.035000e+02 1.266000e+02
3.075000e+02 1.314000e+02
3.095000e+02 1.332000e+02
3.155000e+02 1.398000e+02
3.200000e+02 1.446000e+02
3.240000e+02 1.488000e+02
3.285000e+02 1.530000e+02
3.330000e+02 1.578000e+02
3.375000e+02 1.626000e+02
3.425000e+02 1.674000e+02
3.470000e+02 1.716000e+02
3.520000e+02 1.764000e+02
3.565000e+02 1.806000e+02
3.615000e+02 1.854000e+02
3.665000e+02 1.902000e+02
3.710000e+02 1.944000e+02
3.730000e+02 1.968000e+02
3.800000e+02 2.034000e+02
3.845000e+02 2.076000e+02
3.890000e+02 2.124000e+02
3.930000e+02 2.160000e+02
3.975000e+02 2.202000e+02
4.010000e+02 2.244000e+02
4.055000e+02 2.286000e+02
4.090000e+02 2.328000e+02
4.130000e+02 2.364000e+02
4.190000e+02 2.424000e+02
4.210000e+02 2.436000e+02
4.265000e+02 2.490000e+02
4.300000e+02 2.526000e+02
4.335000e+02 2.556000e+02
4.365000e+02 2.580000e+02
4.400000e+02 2.610000e+02
4.430000e+02 2.634000e+02
4.455000e+02 2.658000e+02
4.480000e+02 2.682000e+02
4.495000e+02 2.694000e+02
4.510000e+02 2.712000e+02
4.525000e+02 2.724000e+02
4.540000e+02 2.730000e+02
4.550000e+02 2.742000e+02
4.555000e+02 2.742000e+02
4.570000e+02 2.748000e+02
4.570000e+02 2.754000e+02
4.570000e+02 2.754000e+02
