2.380000e+02 4.110000e+02
2.380000e+02 4.110000e+02
2.380000e+02 4.110000e+02
2.380000e+02 4.110000e+02
2.375000e+02 4.110000e+02
2.370000e+02 4.098000e+02
2.360000e+02 4.062000e+02
2.350000e+02 4.008000e+02
2.335000e+02 3.930000e+02
2.320000e+02 3.852000e+02
2.310000e+02 3.762000e+02
2.300000e+02 3.624000e+02
2.300000e+02 3.582000e+02
2.295000e+02 3.438000e+02
2.290000e+02 3.342000e+02
2.290000e+02 3.258000e+02
2.290000e+02 3.162000e+02
2.285000e+02 3.072000e+02
2.285000e+02 2.976000e+02
2.285000e+02 2.886000e+02
2.280000e+02 2.796000e+02
2.280000e+02 2.670000e+02
2.280000e+02 2.622000e+02
2.275000e+02 2.490000e+02
2.275000e+02 2.400000e+02
2.275000e+02 2.328000e+02
2.270000e+02 2.250000e+02
2.270000e+02 2.172000e+02
2.265000e+02 2.100000e+02
2.260000e+02 2.034000e+02
2.260000e+02 1.962000e+02
2.260000e+02 1.902000e+02
2.255000e+02 1.824000e+02
2.255000e+02 1.752000e+02
2.250000e+02 1.674000e+02
2.245000e+02 1.578000e+02
2.245000e+02 1.512000e+02
2.240000e+02 1.452000e+02
2.240000e+02 1.386000e+02
2.240000e+02 1.332000e+02
2.240000e+02 1.284000e+02
2.240000e+02 1.230000e+02
2.235000e+02 1.176000e+02
2.235000e+02 1.110000e+02
2.235000e+02 1.062000e+02
2.235000e+02 1.002000e+02
2.235000e+02 9.600000e+01
2.235000e+02 9.000000e+01
2.235000e+02 8.640000e+01
2.235000e+02 8.340000e+01
2.235000e+02 8.160000e+01
2.235000e+02 8.040000e+01
2.240000e+02 7.980000e+01
2.240000e+02 7.860000e+01
2.245000e+02 7.680000e+01
2.250000e+02 7.380000e+01
2.250000e+02 7.380000e+01
