2.110000e+02 1.212000e+02
2.110000e+02 1.212000e+02
2.110000e+02 1.212000e+02
2.110000e+02 1.218000e+02
2.115000e+02 1.218000e+02
2.125000e+02 1.236000e+02
2.150000e+02 1.266000e+02
2.190000e+02 1.314000e+02
2.245000e+02 1.398000e+02
2.270000e+02 1.434000e+02
2.350000e+02 1.542000e+02
2.405000e+02 1.620000e+02
2.465000e+02 1.698000e+02
2.525000e+02 1.776000e+02
2.590000e+02 1.848000e+02
2.625000e+02 1.896000e+02
2.695000e+02 1.974000e+02
2.805000e+02 2.106000e+02
2.840000e+02 2.148000e+02
2.915000e+02 2.238000e+02
2.955000e+02 2.286000e+02
3.030000e+02 2.382000e+02
3.100000e+02 2.472000e+02
3.175000e+02 2.568000e+02
3.240000e+02 2.652000e+02
3.315000e+02 2.748000e+02
3.410000e+02 2.874000e+02
3.470000e+02 2.958000e+02
3.530000e+02 3.030000e+02
3.585000e+02 3.102000e+02
3.635000e+02 3.168000e+02
3.690000e+02 3.228000e+02
3.735000e+02 3.294000e+02
3.775000e+02 3.342000e+02
3.820000e+02 3.396000e+02
3.860000e+02 3.444000e+02
3.910000e+02 3.504000e+02
3.940000e+02 3.540000e+02
3.950000e+02 3.558000e+02
3.975000e+02 3.582000e+02
4.000000e+02 3.618000e+02
4.010000e+02 3.636000e+02
4.020000e+02 3.648000e+02
4.025000e+02 3.660000e+02
4.030000e+02 3.666000e+02
4.035000e+02 3.672000e+02
4.035000e+02 3.678000e+02
4.035000e+02 3.684000e+02
4.035000e+02 3.684000e+02
4.030000e+02 3.690000e+02
4.030000e+02 3.690000e+02
4.020000e+02 3.690000e+02
3.990000e+02 3.690000e+02
3.945000e+02 3.696000e+02
3.865000e+02 3.696000e+02
3.780000e+02 3.696000e+02
3.635000e+02 3.696000e+02
3.530000e+02 3.690000e+02
3.345000e+02 3.684000e+02
3.220000e+02 3.678000e+02
3.085000e+02 3.672000e+02
2.945000e+02 3.672000e+02
2.805000e+02 3.672000e+02
2.660000e+02 3.678000e+02
2.520000e+02 3.678000e+02
2.390000e+02 3.684000e+02
2.260000e+02 3.684000e+02
2.135000e+02 3.684000e+02
2.015000e+02 3.690000e+02
1.915000e+02 3.690000e+02
1.815000e+02 3.684000e+02
1.710000e+02 3.684000e+02
1.620000e+02 3.684000e+02
1.505000e+02 3.684000e+02
1.475000e+02 3.684000e+02
1.420000e+02 3.684000e+02
1.390000e+02 3.684000e+02
1.350000e+02 3.684000e+02
1.315000e+02 3.684000e+02
1.290000e+02 3.678000e+02
1.270000e+02 3.678000e+02
1.255000e+02 3.672000e+02
1.250000e+02 3.666000e+02
1.250000e+02 3.666000e+02
1.250000e+02 3.654000e+02
1.265000e+02 3.618000e+02
1.315000e+02 3.540000e+02
1.385000e+02 3.462000e+02
1.455000e+02 3.384000e+02
1.540000e+02 3.300000e+02
1.625000e+02 3.228000e+02
1.725000e+02 3.138000e+02
1.835000e+02 3.054000e+02
1.985000e+02 2.934000e+02
2.050000e+02 2.880000e+02
2.215000e+02 2.748000e+02
2.330000e+02 2.652000e+02
2.515000e+02 2.508000e+02
2.635000e+02 2.406000e+02
2.740000e+02 2.310000e+02
2.860000e+02 2.208000e+02
2.975000e+02 2.106000e+02
3.070000e+02 2.028000e+02
3.180000e+02 1.938000e+02
3.275000e+02 1.866000e+02
3.380000e+02 1.776000e+02
3.480000e+02 1.698000e+02
3.615000e+02 1.578000e+02
3.660000e+02 1.542000e+02
3.745000e+02 1.464000e+02
3.830000e+02 1.398000e+02
3.920000e+02 1.314000e+02
3.985000e+02 1.254000e+02
4.060000e+02 1.188000e+02
4.115000e+02 1.134000e+02
4.200000e+02 1.068000e+02
4.260000e+02 1.014000e+02
4.310000e+02 9.780000e+01
4.350000e+02 9.480000e+01
4.385000e+02 9.240000e+01
4.420000e+02 8.940000e+01
4.440000e+02 8.820000e+01
4.460000e+02 8.640000e+01
4.480000e+02 8.460000e+01
4.490000e+02 8.340000e+01
4.500000e+02 8.280000e+01
4.505000e+02 8.220000e+01
4.505000e+02 8.160000e+01
4.510000e+02 8.100000e+01
4.510000e+02 8.100000e+01
4.510000e+02 8.100000e+01
4.510000e+02 8.100000e+01
