5.925000e+02 2.184000e+02
5.925000e+02 2.184000e+02
5.925000e+02 2.184000e+02
5.920000e+02 2.178000e+02
5.915000e+02 2.172000e+02
5.910000e+02 2.160000e+02
5.905000e+02 2.154000e+02
5.900000e+02 2.142000e+02
5.885000e+02 2.130000e+02
5.870000e+02 2.112000e+02
5.840000e+02 2.094000e+02
5.810000e+02 2.082000e+02
5.775000e+02 2.070000e+02
5.735000e+02 2.058000e+02
5.680000e+02 2.040000e+02
5.665000e+02 2.034000e+02
5.585000e+02 2.016000e+02
5.550000e+02 2.004000e+02
5.500000e+02 1.998000e+02
5.450000e+02 1.986000e+02
5.400000e+02 1.980000e+02
5.340000e+02 1.980000e+02
5.290000e+02 1.974000e+02
5.210000e+02 1.974000e+02
5.185000e+02 1.974000e+02
5.135000e+02 1.968000e+02
5.080000e+02 1.974000e+02
5.020000e+02 1.968000e+02
4.960000e+02 1.974000e+02
4.905000e+02 1.974000e+02
4.845000e+02 1.974000e+02
4.790000e+02 1.980000e+02
4.730000e+02 1.986000e+02
4.650000e+02 1.992000e+02
4.620000e+02 1.992000e+02
4.545000e+02 1.992000e+02
4.485000e+02 1.998000e+02
4.435000e+02 2.004000e+02
4.380000e+02 2.010000e+02
4.330000e+02 2.016000e+02
4.275000e+02 2.028000e+02
4.215000e+02 2.034000e+02
4.130000e+02 2.052000e+02
4.055000e+02 2.064000e+02
3.995000e+02 2.070000e+02
3.940000e+02 2.076000e+02
3.880000e+02 2.088000e+02
3.825000e+02 2.100000e+02
3.770000e+02 2.112000e+02
3.715000e+02 2.118000e+02
3.665000e+02 2.124000e+02
3.610000e+02 2.136000e+02
3.540000e+02 2.142000e+02
3.510000e+02 2.142000e+02
3.460000e+02 2.148000e+02
3.405000e+02 2.154000e+02
3.345000e+02 2.160000e+02
3.290000e+02 2.166000e+02
3.230000e+02 2.172000e+02
3.175000e+02 2.178000e+02
3.105000e+02 2.184000e+02
3.050000e+02 2.190000e+02
2.990000e+02 2.196000e+02
2.940000e+02 2.202000e+02
2.880000e+02 2.208000e+02
2.820000e+02 2.214000e+02
2.755000e+02 2.220000e+02
2.670000e+02 2.226000e+02
2.575000e+02 2.244000e+02
2.470000e+02 2.256000e+02
2.415000e+02 2.262000e+02
2.350000e+02 2.268000e+02
2.285000e+02 2.274000e+02
2.220000e+02 2.280000e+02
2.155000e+02 2.292000e+02
2.060000e+02 2.310000e+02
2.025000e+02 2.310000e+02
1.965000e+02 2.322000e+02
1.870000e+02 2.334000e+02
1.820000e+02 2.340000e+02
1.755000e+02 2.346000e+02
1.705000e+02 2.358000e+02
1.650000e+02 2.364000e+02
1.595000e+02 2.370000e+02
1.550000e+02 2.376000e+02
1.495000e+02 2.376000e+02
1.425000e+02 2.382000e+02
1.400000e+02 2.388000e+02
1.320000e+02 2.394000e+02
1.270000e+02 2.406000e+02
1.220000e+02 2.412000e+02
1.175000e+02 2.418000e+02
1.115000e+02 2.424000e+02
1.065000e+02 2.430000e+02
1.005000e+02 2.442000e+02
9.500000e+01 2.454000e+02
8.950000e+01 2.466000e+02
8.500000e+01 2.472000e+02
8.150000e+01 2.478000e+02
7.800000e+01 2.478000e+02
7.450000e+01 2.484000e+02
7.250000e+01 2.484000e+02
7.050000e+01 2.484000e+02
6.900000e+01 2.484000e+02
6.750000e+01 2.484000e+02
6.600000e+01 2.484000e+02
6.450000e+01 2.484000e+02
6.350000e+01 2.478000e+02
6.250000e+01 2.478000e+02
6.200000e+01 2.478000e+02
6.200000e+01 2.478000e+02
6.050000e+01 2.478000e+02
6.050000e+01 2.478000e+02
