1.190000e+02 1.902000e+02
1.190000e+02 1.902000e+02
1.195000e+02 1.902000e+02
1.195000e+02 1.902000e+02
1.200000e+02 1.902000e+02
1.200000e+02 1.902000e+02
1.205000e+02 1.902000e+02
1.210000e+02 1.902000e+02
1.225000e+02 1.908000e+02
1.240000e+02 1.908000e+02
1.260000e+02 1.914000e+02
1.285000e+02 1.914000e+02
1.320000e+02 1.914000e+02
1.350000e+02 1.914000e+02
1.385000e+02 1.920000e+02
1.430000e+02 1.920000e+02
1.490000e+02 1.920000e+02
1.545000e+02 1.920000e+02
1.575000e+02 1.920000e+02
1.630000e+02 1.914000e+02
1.720000e+02 1.908000e+02
1.790000e+02 1.908000e+02
1.850000e+02 1.902000e+02
1.920000e+02 1.902000e+02
1.980000e+02 1.896000e+02
2.055000e+02 1.896000e+02
2.115000e+02 1.890000e+02
2.200000e+02 1.884000e+02
2.320000e+02 1.884000e+02
2.410000e+02 1.878000e+02
2.485000e+02 1.878000e+02
2.570000e+02 1.872000e+02
2.655000e+02 1.872000e+02
2.725000e+02 1.866000e+02
2.840000e+02 1.866000e+02
2.965000e+02 1.866000e+02
3.050000e+02 1.866000e+02
3.175000e+02 1.866000e+02
3.210000e+02 1.866000e+02
3.290000e+02 1.866000e+02
3.370000e+02 1.866000e+02
3.450000e+02 1.866000e+02
3.525000e+02 1.866000e+02
3.590000e+02 1.872000e+02
3.665000e+02 1.872000e+02
3.735000e+02 1.872000e+02
3.845000e+02 1.878000e+02
3.950000e+02 1.878000e+02
4.060000e+02 1.878000e+02
4.095000e+02 1.884000e+02
4.165000e+02 1.884000e+02
4.225000e+02 1.884000e+02
4.295000e+02 1.884000e+02
4.390000e+02 1.884000e+02
4.450000e+02 1.884000e+02
4.540000e+02 1.884000e+02
4.590000e+02 1.890000e+02
4.655000e+02 1.890000e+02
4.705000e+02 1.890000e+02
4.755000e+02 1.896000e+02
4.805000e+02 1.896000e+02
4.845000e+02 1.902000e+02
4.895000e+02 1.902000e+02
4.940000e+02 1.902000e+02
4.980000e+02 1.908000e+02
5.030000e+02 1.908000e+02
5.070000e+02 1.908000e+02
5.105000e+02 1.908000e+02
5.145000e+02 1.908000e+02
5.195000e+02 1.914000e+02
5.220000e+02 1.914000e+02
5.255000e+02 1.914000e+02
5.270000e+02 1.914000e+02
5.285000e+02 1.920000e+02
5.300000e+02 1.920000e+02
5.310000e+02 1.926000e+02
5.315000e+02 1.926000e+02
5.325000e+02 1.926000e+02
5.335000e+02 1.938000e+02
5.350000e+02 1.950000e+02
5.350000e+02 1.950000e+02
