1.975000e+02 3.864000e+02
1.975000e+02 3.864000e+02
1.975000e+02 3.864000e+02
1.990000e+02 3.846000e+02
2.005000e+02 3.828000e+02
2.030000e+02 3.798000e+02
2.055000e+02 3.768000e+02
2.082500e+02 3.729000e+02
2.110000e+02 3.690000e+02
2.160000e+02 3.612000e+02
2.210000e+02 3.534000e+02
2.247500e+02 3.471000e+02
2.285000e+02 3.408000e+02
2.302500e+02 3.372000e+02
2.320000e+02 3.336000e+02
2.352500e+02 3.258000e+02
2.385000e+02 3.180000e+02
2.422500e+02 3.093000e+02
2.460000e+02 3.006000e+02
2.505000e+02 2.910000e+02
2.595000e+02 2.724000e+02
2.700000e+02 2.526000e+02
2.755000e+02 2.430000e+02
2.860000e+02 2.268000e+02
2.960000e+02 2.130000e+02
3.005000e+02 2.064000e+02
3.095000e+02 1.926000e+02
3.180000e+02 1.806000e+02
3.215000e+02 1.746000e+02
3.280000e+02 1.632000e+02
3.335000e+02 1.530000e+02
3.385000e+02 1.428000e+02
3.410000e+02 1.386000e+02
3.440000e+02 1.332000e+02
3.490000e+02 1.242000e+02
3.515000e+02 1.206000e+02
3.560000e+02 1.140000e+02
3.605000e+02 1.080000e+02
3.620000e+02 1.056000e+02
3.650000e+02 1.020000e+02
3.665000e+02 1.002000e+02
3.685000e+02 9.840000e+01
3.700000e+02 9.720000e+01
3.710000e+02 9.660000e+01
3.720000e+02 9.660000e+01
3.735000e+02 9.720000e+01
3.740000e+02 9.780000e+01
3.760000e+02 1.002000e+02
3.765000e+02 1.020000e+02
3.775000e+02 1.056000e+02
3.790000e+02 1.110000e+02
3.795000e+02 1.140000e+02
3.810000e+02 1.200000e+02
3.825000e+02 1.272000e+02
3.860000e+02 1.386000e+02
3.870000e+02 1.428000e+02
3.890000e+02 1.524000e+02
3.915000e+02 1.626000e+02
3.925000e+02 1.680000e+02
3.950000e+02 1.800000e+02
3.980000e+02 1.920000e+02
4.010000e+02 2.034000e+02
4.025000e+02 2.094000e+02
4.060000e+02 2.220000e+02
4.105000e+02 2.340000e+02
4.125000e+02 2.406000e+02
4.165000e+02 2.526000e+02
4.210000e+02 2.634000e+02
4.255000e+02 2.742000e+02
4.280000e+02 2.796000e+02
4.305000e+02 2.850000e+02
4.355000e+02 2.952000e+02
4.405000e+02 3.048000e+02
4.430000e+02 3.090000e+02
4.480000e+02 3.174000e+02
4.500000e+02 3.210000e+02
4.550000e+02 3.282000e+02
4.575000e+02 3.318000e+02
4.615000e+02 3.378000e+02
4.650000e+02 3.426000e+02
4.660000e+02 3.444000e+02
4.685000e+02 3.480000e+02
4.695000e+02 3.504000e+02
4.700000e+02 3.510000e+02
4.705000e+02 3.522000e+02
4.700000e+02 3.522000e+02
4.685000e+02 3.522000e+02
4.655000e+02 3.510000e+02
4.635000e+02 3.498000e+02
4.585000e+02 3.468000e+02
4.520000e+02 3.444000e+02
4.440000e+02 3.408000e+02
4.390000e+02 3.384000e+02
4.270000e+02 3.336000e+02
4.200000e+02 3.306000e+02
4.045000e+02 3.264000e+02
3.860000e+02 3.210000e+02
3.770000e+02 3.186000e+02
3.575000e+02 3.138000e+02
3.470000e+02 3.120000e+02
3.250000e+02 3.078000e+02
3.035000e+02 3.036000e+02
2.930000e+02 3.018000e+02
2.710000e+02 2.976000e+02
2.495000e+02 2.946000e+02
2.395000e+02 2.934000e+02
2.190000e+02 2.904000e+02
2.020000e+02 2.874000e+02
1.940000e+02 2.850000e+02
1.795000e+02 2.826000e+02
1.670000e+02 2.802000e+02
1.615000e+02 2.784000e+02
1.510000e+02 2.760000e+02
1.430000e+02 2.736000e+02
1.360000e+02 2.712000e+02
1.330000e+02 2.700000e+02
1.280000e+02 2.676000e+02
1.245000e+02 2.664000e+02
1.230000e+02 2.652000e+02
1.215000e+02 2.640000e+02
1.210000e+02 2.622000e+02
1.215000e+02 2.616000e+02
1.240000e+02 2.598000e+02
1.260000e+02 2.580000e+02
1.315000e+02 2.556000e+02
1.385000e+02 2.526000e+02
1.430000e+02 2.514000e+02
1.535000e+02 2.490000e+02
1.655000e+02 2.466000e+02
1.725000e+02 2.448000e+02
1.875000e+02 2.418000e+02
2.040000e+02 2.382000e+02
2.125000e+02 2.364000e+02
2.315000e+02 2.334000e+02
2.510000e+02 2.298000e+02
2.715000e+02 2.250000e+02
2.930000e+02 2.214000e+02
3.040000e+02 2.196000e+02
3.265000e+02 2.154000e+02
3.480000e+02 2.106000e+02
3.585000e+02 2.082000e+02
3.690000e+02 2.064000e+02
3.915000e+02 2.028000e+02
4.125000e+02 1.992000e+02
4.315000e+02 1.956000e+02
4.580000e+02 1.914000e+02
4.665000e+02 1.908000e+02
4.825000e+02 1.884000e+02
4.960000e+02 1.878000e+02
5.085000e+02 1.872000e+02
5.135000e+02 1.872000e+02
5.230000e+02 1.866000e+02
5.300000e+02 1.866000e+02
5.330000e+02 1.866000e+02
5.370000e+02 1.866000e+02
5.400000e+02 1.860000e+02
5.410000e+02 1.860000e+02
5.420000e+02 1.860000e+02
5.425000e+02 1.866000e+02
5.425000e+02 1.866000e+02
5.415000e+02 1.866000e+02
5.395000e+02 1.878000e+02
5.360000e+02 1.890000e+02
5.310000e+02 1.914000e+02
5.245000e+02 1.944000e+02
5.170000e+02 1.974000e+02
5.125000e+02 1.992000e+02
5.025000e+02 2.040000e+02
4.965000e+02 2.070000e+02
4.900000e+02 2.100000e+02
4.765000e+02 2.172000e+02
4.605000e+02 2.262000e+02
4.525000e+02 2.310000e+02
4.365000e+02 2.400000e+02
4.185000e+02 2.514000e+02
4.005000e+02 2.634000e+02
3.915000e+02 2.688000e+02
3.710000e+02 2.820000e+02
3.515000e+02 2.940000e+02
3.310000e+02 3.066000e+02
3.115000e+02 3.174000e+02
3.015000e+02 3.234000e+02
2.835000e+02 3.336000e+02
2.655000e+02 3.438000e+02
2.495000e+02 3.528000e+02
2.365000e+02 3.606000e+02
2.310000e+02 3.642000e+02
2.220000e+02 3.696000e+02
2.155000e+02 3.744000e+02
2.130000e+02 3.762000e+02
2.095000e+02 3.786000e+02
2.070000e+02 3.798000e+02
2.065000e+02 3.804000e+02
2.060000e+02 3.810000e+02
2.060000e+02 3.816000e+02
2.070000e+02 3.810000e+02
2.090000e+02 3.792000e+02
2.125000e+02 3.768000e+02
2.140000e+02 3.750000e+02
2.140000e+02 3.750000e+02
