2.115000e+02 3.828000e+02
2.115000e+02 3.828000e+02
2.115000e+02 3.828000e+02
2.122500e+02 3.807000e+02
2.130000e+02 3.786000e+02
2.135000e+02 3.774000e+02
2.140000e+02 3.762000e+02
2.155000e+02 3.726000e+02
2.170000e+02 3.690000e+02
2.187500e+02 3.648000e+02
2.205000e+02 3.606000e+02
2.212500e+02 3.585000e+02
2.220000e+02 3.564000e+02
2.240000e+02 3.507000e+02
2.260000e+02 3.450000e+02
2.270000e+02 3.417000e+02
2.280000e+02 3.384000e+02
2.305000e+02 3.309000e+02
2.330000e+02 3.234000e+02
2.345000e+02 3.189000e+02
2.360000e+02 3.144000e+02
2.390000e+02 3.048000e+02
2.420000e+02 2.952000e+02
2.452500e+02 2.856000e+02
2.485000e+02 2.760000e+02
2.500000e+02 2.715000e+02
2.515000e+02 2.670000e+02
2.532500e+02 2.622000e+02
2.550000e+02 2.574000e+02
2.615000e+02 2.376000e+02
2.685000e+02 2.178000e+02
2.760000e+02 1.980000e+02
2.840000e+02 1.788000e+02
2.875000e+02 1.698000e+02
2.950000e+02 1.530000e+02
3.010000e+02 1.380000e+02
3.035000e+02 1.320000e+02
3.090000e+02 1.206000e+02
3.110000e+02 1.152000e+02
3.155000e+02 1.068000e+02
3.190000e+02 1.002000e+02
3.205000e+02 9.720000e+01
3.230000e+02 9.240000e+01
3.245000e+02 8.940000e+01
3.255000e+02 8.820000e+01
3.265000e+02 8.700000e+01
3.275000e+02 8.760000e+01
3.280000e+02 8.820000e+01
3.285000e+02 8.940000e+01
3.290000e+02 9.240000e+01
3.300000e+02 9.660000e+01
3.305000e+02 9.900000e+01
3.310000e+02 1.020000e+02
3.320000e+02 1.092000e+02
3.335000e+02 1.170000e+02
3.350000e+02 1.212000e+02
3.370000e+02 1.308000e+02
3.395000e+02 1.410000e+02
3.410000e+02 1.470000e+02
3.435000e+02 1.596000e+02
3.455000e+02 1.662000e+02
3.485000e+02 1.800000e+02
3.520000e+02 1.932000e+02
3.550000e+02 2.070000e+02
3.565000e+02 2.130000e+02
3.605000e+02 2.268000e+02
3.645000e+02 2.406000e+02
3.690000e+02 2.544000e+02
3.715000e+02 2.616000e+02
3.765000e+02 2.742000e+02
3.820000e+02 2.874000e+02
3.875000e+02 2.994000e+02
3.930000e+02 3.108000e+02
3.980000e+02 3.216000e+02
4.005000e+02 3.264000e+02
4.050000e+02 3.360000e+02
4.070000e+02 3.402000e+02
4.110000e+02 3.486000e+02
4.140000e+02 3.564000e+02
4.160000e+02 3.630000e+02
4.170000e+02 3.660000e+02
4.185000e+02 3.714000e+02
4.190000e+02 3.738000e+02
4.200000e+02 3.774000e+02
4.200000e+02 3.798000e+02
4.195000e+02 3.810000e+02
4.190000e+02 3.810000e+02
4.175000e+02 3.810000e+02
4.145000e+02 3.792000e+02
4.105000e+02 3.768000e+02
4.080000e+02 3.756000e+02
4.025000e+02 3.726000e+02
3.960000e+02 3.690000e+02
3.925000e+02 3.666000e+02
3.840000e+02 3.618000e+02
3.740000e+02 3.570000e+02
3.635000e+02 3.510000e+02
3.520000e+02 3.456000e+02
3.390000e+02 3.390000e+02
3.255000e+02 3.330000e+02
3.180000e+02 3.300000e+02
3.030000e+02 3.228000e+02
2.870000e+02 3.162000e+02
2.710000e+02 3.102000e+02
2.630000e+02 3.072000e+02
2.465000e+02 3.012000e+02
2.310000e+02 2.964000e+02
2.235000e+02 2.940000e+02
2.090000e+02 2.898000e+02
1.950000e+02 2.862000e+02
1.825000e+02 2.832000e+02
1.765000e+02 2.814000e+02
1.655000e+02 2.790000e+02
1.560000e+02 2.760000e+02
1.515000e+02 2.748000e+02
1.445000e+02 2.724000e+02
1.410000e+02 2.712000e+02
1.385000e+02 2.700000e+02
1.340000e+02 2.682000e+02
1.305000e+02 2.670000e+02
1.290000e+02 2.664000e+02
1.275000e+02 2.652000e+02
1.270000e+02 2.646000e+02
1.270000e+02 2.640000e+02
1.285000e+02 2.628000e+02
1.315000e+02 2.616000e+02
1.360000e+02 2.592000e+02
1.390000e+02 2.574000e+02
1.465000e+02 2.544000e+02
1.555000e+02 2.508000e+02
1.620000e+02 2.484000e+02
1.755000e+02 2.430000e+02
1.905000e+02 2.376000e+02
1.990000e+02 2.346000e+02
2.170000e+02 2.274000e+02
2.265000e+02 2.244000e+02
2.460000e+02 2.178000e+02
2.665000e+02 2.112000e+02
2.870000e+02 2.046000e+02
3.080000e+02 1.968000e+02
3.285000e+02 1.902000e+02
3.485000e+02 1.824000e+02
3.580000e+02 1.794000e+02
3.760000e+02 1.734000e+02
3.920000e+02 1.680000e+02
3.995000e+02 1.656000e+02
4.130000e+02 1.614000e+02
4.195000e+02 1.590000e+02
4.320000e+02 1.560000e+02
4.420000e+02 1.530000e+02
4.465000e+02 1.518000e+02
4.540000e+02 1.494000e+02
4.625000e+02 1.470000e+02
4.650000e+02 1.464000e+02
4.685000e+02 1.452000e+02
4.710000e+02 1.452000e+02
4.720000e+02 1.446000e+02
4.735000e+02 1.446000e+02
4.730000e+02 1.452000e+02
4.725000e+02 1.458000e+02
4.715000e+02 1.470000e+02
4.695000e+02 1.494000e+02
4.660000e+02 1.518000e+02
4.635000e+02 1.530000e+02
4.595000e+02 1.566000e+02
4.535000e+02 1.608000e+02
4.500000e+02 1.638000e+02
4.420000e+02 1.704000e+02
4.320000e+02 1.776000e+02
4.255000e+02 1.830000e+02
4.125000e+02 1.932000e+02
3.985000e+02 2.052000e+02
3.835000e+02 2.178000e+02
3.695000e+02 2.310000e+02
3.555000e+02 2.442000e+02
3.415000e+02 2.580000e+02
3.270000e+02 2.724000e+02
3.130000e+02 2.874000e+02
2.990000e+02 3.018000e+02
2.935000e+02 3.078000e+02
2.820000e+02 3.192000e+02
2.730000e+02 3.288000e+02
2.690000e+02 3.336000e+02
2.630000e+02 3.408000e+02
2.585000e+02 3.462000e+02
2.550000e+02 3.498000e+02
2.540000e+02 3.522000e+02
2.515000e+02 3.552000e+02
2.505000e+02 3.576000e+02
2.490000e+02 3.600000e+02
2.485000e+02 3.618000e+02
2.475000e+02 3.636000e+02
2.475000e+02 3.642000e+02
2.465000e+02 3.654000e+02
2.455000e+02 3.666000e+02
2.440000e+02 3.678000e+02
2.425000e+02 3.684000e+02
2.415000e+02 3.690000e+02
2.400000e+02 3.702000e+02
2.400000e+02 3.702000e+02
