1.480000e+02 3.222000e+02
1.480000e+02 3.222000e+02
1.480000e+02 3.222000e+02
1.487500e+02 3.198000e+02
1.495000e+02 3.174000e+02
1.505000e+02 3.153000e+02
1.515000e+02 3.132000e+02
1.525000e+02 3.108000e+02
1.535000e+02 3.084000e+02
1.550000e+02 3.054000e+02
1.565000e+02 3.024000e+02
1.582500e+02 2.997000e+02
1.600000e+02 2.970000e+02
1.615000e+02 2.940000e+02
1.630000e+02 2.910000e+02
1.655000e+02 2.868000e+02
1.680000e+02 2.826000e+02
1.702500e+02 2.781000e+02
1.725000e+02 2.736000e+02
1.745000e+02 2.706000e+02
1.765000e+02 2.676000e+02
1.782500e+02 2.649000e+02
1.800000e+02 2.622000e+02
1.817500e+02 2.589000e+02
1.835000e+02 2.556000e+02
1.852500e+02 2.526000e+02
1.870000e+02 2.496000e+02
1.887500e+02 2.463000e+02
1.905000e+02 2.430000e+02
1.922500e+02 2.397000e+02
1.940000e+02 2.364000e+02
1.967500e+02 2.313000e+02
1.995000e+02 2.262000e+02
2.020000e+02 2.214000e+02
2.045000e+02 2.166000e+02
2.067500e+02 2.115000e+02
2.090000e+02 2.064000e+02
2.105000e+02 2.031000e+02
2.120000e+02 1.998000e+02
2.135000e+02 1.968000e+02
2.150000e+02 1.938000e+02
2.162500e+02 1.908000e+02
2.175000e+02 1.878000e+02
2.190000e+02 1.848000e+02
2.205000e+02 1.818000e+02
2.217500e+02 1.788000e+02
2.230000e+02 1.758000e+02
2.242500e+02 1.725000e+02
2.255000e+02 1.692000e+02
2.270000e+02 1.662000e+02
2.285000e+02 1.632000e+02
2.297500e+02 1.605000e+02
2.310000e+02 1.578000e+02
2.325000e+02 1.548000e+02
2.340000e+02 1.518000e+02
2.352500e+02 1.491000e+02
2.365000e+02 1.464000e+02
2.375000e+02 1.437000e+02
2.385000e+02 1.410000e+02
2.400000e+02 1.383000e+02
2.415000e+02 1.356000e+02
2.425000e+02 1.335000e+02
2.435000e+02 1.314000e+02
2.447500e+02 1.290000e+02
2.460000e+02 1.266000e+02
2.470000e+02 1.239000e+02
2.480000e+02 1.212000e+02
2.497500e+02 1.176000e+02
2.515000e+02 1.140000e+02
2.535000e+02 1.107000e+02
2.555000e+02 1.074000e+02
2.572500e+02 1.044000e+02
2.590000e+02 1.014000e+02
2.602500e+02 9.930000e+01
2.615000e+02 9.720000e+01
2.635000e+02 9.480000e+01
2.655000e+02 9.240000e+01
2.665000e+02 9.090000e+01
2.675000e+02 8.940000e+01
2.687500e+02 8.820000e+01
2.700000e+02 8.700000e+01
2.710000e+02 8.580000e+01
2.720000e+02 8.460000e+01
2.735000e+02 8.340000e+01
2.750000e+02 8.220000e+01
2.755000e+02 8.190000e+01
2.760000e+02 8.160000e+01
2.772500e+02 8.100000e+01
2.785000e+02 8.040000e+01
2.800000e+02 7.980000e+01
2.815000e+02 7.920000e+01
2.837500e+02 7.830000e+01
2.860000e+02 7.740000e+01
2.872500e+02 7.710000e+01
2.885000e+02 7.680000e+01
2.900000e+02 7.680000e+01
2.915000e+02 7.680000e+01
2.930000e+02 7.680000e+01
2.945000e+02 7.680000e+01
2.960000e+02 7.680000e+01
2.975000e+02 7.680000e+01
2.990000e+02 7.710000e+01
3.005000e+02 7.740000e+01
3.022500e+02 7.770000e+01
3.040000e+02 7.800000e+01
3.055000e+02 7.860000e+01
3.070000e+02 7.920000e+01
3.087500e+02 7.980000e+01
3.105000e+02 8.040000e+01
3.122500e+02 8.130000e+01
3.140000e+02 8.220000e+01
3.162500e+02 8.340000e+01
3.185000e+02 8.460000e+01
3.200000e+02 8.580000e+01
3.215000e+02 8.700000e+01
3.232500e+02 8.820000e+01
3.250000e+02 8.940000e+01
3.270000e+02 9.090000e+01
3.290000e+02 9.240000e+01
3.307500e+02 9.390000e+01
3.325000e+02 9.540000e+01
3.345000e+02 9.720000e+01
3.365000e+02 9.900000e+01
3.385000e+02 1.008000e+02
3.405000e+02 1.026000e+02
3.432500e+02 1.053000e+02
3.460000e+02 1.080000e+02
3.480000e+02 1.101000e+02
3.500000e+02 1.122000e+02
3.507500e+02 1.131000e+02
3.515000e+02 1.140000e+02
3.545000e+02 1.173000e+02
3.575000e+02 1.206000e+02
3.592500e+02 1.224000e+02
3.610000e+02 1.242000e+02
3.630000e+02 1.263000e+02
3.650000e+02 1.284000e+02
3.667500e+02 1.305000e+02
3.685000e+02 1.326000e+02
3.705000e+02 1.347000e+02
3.725000e+02 1.368000e+02
3.742500e+02 1.389000e+02
3.760000e+02 1.410000e+02
3.780000e+02 1.434000e+02
3.800000e+02 1.458000e+02
3.827500e+02 1.491000e+02
3.855000e+02 1.524000e+02
3.872500e+02 1.545000e+02
3.890000e+02 1.566000e+02
3.900000e+02 1.578000e+02
3.910000e+02 1.590000e+02
3.937500e+02 1.623000e+02
3.965000e+02 1.656000e+02
3.982500e+02 1.677000e+02
4.000000e+02 1.698000e+02
4.020000e+02 1.722000e+02
4.040000e+02 1.746000e+02
4.075000e+02 1.794000e+02
4.110000e+02 1.836000e+02
4.145000e+02 1.884000e+02
4.180000e+02 1.932000e+02
4.215000e+02 1.980000e+02
4.245000e+02 2.028000e+02
4.275000e+02 2.076000e+02
4.310000e+02 2.124000e+02
4.340000e+02 2.172000e+02
4.365000e+02 2.214000e+02
4.390000e+02 2.262000e+02
4.435000e+02 2.328000e+02
4.445000e+02 2.352000e+02
4.485000e+02 2.418000e+02
4.505000e+02 2.466000e+02
4.525000e+02 2.508000e+02
4.550000e+02 2.556000e+02
4.575000e+02 2.598000e+02
4.595000e+02 2.646000e+02
4.615000e+02 2.694000e+02
4.630000e+02 2.730000e+02
4.655000e+02 2.784000e+02
4.675000e+02 2.832000e+02
4.695000e+02 2.874000e+02
4.715000e+02 2.922000e+02
4.735000e+02 2.964000e+02
4.755000e+02 3.012000e+02
4.785000e+02 3.078000e+02
4.800000e+02 3.114000e+02
4.820000e+02 3.156000e+02
4.835000e+02 3.192000e+02
4.855000e+02 3.228000e+02
4.870000e+02 3.258000e+02
4.880000e+02 3.288000e+02
4.890000e+02 3.312000e+02
4.900000e+02 3.324000e+02
4.910000e+02 3.354000e+02
4.920000e+02 3.372000e+02
4.925000e+02 3.384000e+02
4.930000e+02 3.396000e+02
4.935000e+02 3.414000e+02
4.940000e+02 3.432000e+02
4.940000e+02 3.432000e+02
