2.384000e+02 8.160000e+01
2.392000e+02 8.280000e+01
2.400000e+02 8.400000e+01
2.424000e+02 8.760000e+01
2.448000e+02 9.120000e+01
2.472000e+02 9.400000e+01
2.496000e+02 9.680000e+01
2.552000e+02 1.044000e+02
2.608000e+02 1.120000e+02
2.644000e+02 1.152000e+02
2.680000e+02 1.184000e+02
2.744000e+02 1.268000e+02
2.808000e+02 1.352000e+02
2.836000e+02 1.388000e+02
2.864000e+02 1.424000e+02
2.948000e+02 1.512000e+02
3.032000e+02 1.600000e+02
3.064000e+02 1.644000e+02
3.096000e+02 1.688000e+02
3.160000e+02 1.768000e+02
3.224000e+02 1.848000e+02
3.296000e+02 1.928000e+02
3.368000e+02 2.008000e+02
3.396000e+02 2.040000e+02
3.424000e+02 2.072000e+02
3.472000e+02 2.140000e+02
3.520000e+02 2.208000e+02
3.544000e+02 2.236000e+02
3.568000e+02 2.264000e+02
3.592000e+02 2.308000e+02
3.616000e+02 2.352000e+02
3.632000e+02 2.380000e+02
3.648000e+02 2.408000e+02
3.668000e+02 2.444000e+02
3.688000e+02 2.480000e+02
3.696000e+02 2.492000e+02
3.704000e+02 2.504000e+02
3.720000e+02 2.536000e+02
3.736000e+02 2.568000e+02
3.740000e+02 2.580000e+02
3.744000e+02 2.592000e+02
3.768000e+02 2.620000e+02
3.792000e+02 2.648000e+02
3.800000e+02 2.660000e+02
3.808000e+02 2.672000e+02
3.836000e+02 2.716000e+02
3.864000e+02 2.760000e+02
3.880000e+02 2.788000e+02
3.896000e+02 2.816000e+02
3.936000e+02 2.876000e+02
3.976000e+02 2.936000e+02
3.984000e+02 2.948000e+02
3.992000e+02 2.960000e+02
4.016000e+02 3.004000e+02
4.040000e+02 3.048000e+02
4.056000e+02 3.068000e+02
4.072000e+02 3.088000e+02
4.088000e+02 3.120000e+02
4.104000e+02 3.152000e+02
4.120000e+02 3.176000e+02
4.136000e+02 3.200000e+02
4.152000e+02 3.228000e+02
4.168000e+02 3.256000e+02
4.176000e+02 3.276000e+02
4.184000e+02 3.296000e+02
4.208000e+02 3.340000e+02
4.232000e+02 3.384000e+02
4.240000e+02 3.396000e+02
4.248000e+02 3.408000e+02
4.264000e+02 3.428000e+02
4.280000e+02 3.448000e+02
4.296000e+02 3.464000e+02
4.312000e+02 3.480000e+02
4.324000e+02 3.496000e+02
4.336000e+02 3.512000e+02
4.344000e+02 3.524000e+02
4.352000e+02 3.536000e+02
4.360000e+02 3.552000e+02
4.368000e+02 3.568000e+02
4.372000e+02 3.572000e+02
4.376000e+02 3.576000e+02
4.388000e+02 3.588000e+02
4.400000e+02 3.600000e+02
4.404000e+02 3.604000e+02
4.408000e+02 3.608000e+02
4.408000e+02 3.612000e+02
4.408000e+02 3.616000e+02
4.400000e+02 3.620000e+02
4.392000e+02 3.624000e+02
4.380000e+02 3.624000e+02
4.368000e+02 3.624000e+02
4.336000e+02 3.624000e+02
4.304000e+02 3.624000e+02
4.280000e+02 3.628000e+02
4.256000e+02 3.632000e+02
4.188000e+02 3.632000e+02
4.120000e+02 3.632000e+02
4.036000e+02 3.632000e+02
3.952000e+02 3.632000e+02
3.916000e+02 3.632000e+02
3.880000e+02 3.632000e+02
3.844000e+02 3.632000e+02
3.808000e+02 3.632000e+02
3.752000e+02 3.644000e+02
3.696000e+02 3.656000e+02
3.648000e+02 3.660000e+02
3.600000e+02 3.664000e+02
3.576000e+02 3.664000e+02
3.552000e+02 3.664000e+02
3.496000e+02 3.668000e+02
3.440000e+02 3.672000e+02
3.424000e+02 3.672000e+02
3.408000e+02 3.672000e+02
3.364000e+02 3.672000e+02
3.320000e+02 3.672000e+02
3.296000e+02 3.672000e+02
3.272000e+02 3.672000e+02
3.212000e+02 3.672000e+02
3.152000e+02 3.672000e+02
3.120000e+02 3.672000e+02
3.088000e+02 3.672000e+02
3.012000e+02 3.672000e+02
2.936000e+02 3.672000e+02
2.900000e+02 3.672000e+02
2.864000e+02 3.672000e+02
2.788000e+02 3.672000e+02
2.712000e+02 3.672000e+02
2.636000e+02 3.672000e+02
2.560000e+02 3.672000e+02
2.532000e+02 3.672000e+02
2.504000e+02 3.672000e+02
2.392000e+02 3.672000e+02
2.352000e+02 3.672000e+02
2.240000e+02 3.672000e+02
2.192000e+02 3.672000e+02
2.120000e+02 3.672000e+02
2.048000e+02 3.672000e+02
2.024000e+02 3.672000e+02
1.976000e+02 3.672000e+02
1.968000e+02 3.672000e+02
1.952000e+02 3.672000e+02
1.928000e+02 3.672000e+02
1.896000e+02 3.680000e+02
1.888000e+02 3.680000e+02
1.880000e+02 3.688000e+02
1.872000e+02 3.688000e+02
1.888000e+02 3.688000e+02
1.888000e+02 3.680000e+02
1.928000e+02 3.648000e+02
1.968000e+02 3.632000e+02
2.032000e+02 3.584000e+02
2.080000e+02 3.544000e+02
2.168000e+02 3.488000e+02
2.208000e+02 3.456000e+02
2.320000e+02 3.368000e+02
2.416000e+02 3.248000e+02
2.472000e+02 3.192000e+02
2.528000e+02 3.128000e+02
2.624000e+02 3.032000e+02
2.680000e+02 2.976000e+02
2.792000e+02 2.888000e+02
2.880000e+02 2.808000e+02
2.936000e+02 2.752000e+02
3.024000e+02 2.640000e+02
3.056000e+02 2.592000e+02
3.176000e+02 2.424000e+02
3.216000e+02 2.360000e+02
3.336000e+02 2.192000e+02
3.408000e+02 2.112000e+02
3.504000e+02 1.984000e+02
3.576000e+02 1.920000e+02
3.656000e+02 1.856000e+02
3.696000e+02 1.816000e+02
3.776000e+02 1.752000e+02
3.824000e+02 1.720000e+02
3.920000e+02 1.648000e+02
3.960000e+02 1.608000e+02
4.040000e+02 1.528000e+02
4.136000e+02 1.432000e+02
4.176000e+02 1.392000e+02
4.256000e+02 1.320000e+02
4.280000e+02 1.304000e+02
4.368000e+02 1.232000e+02
4.400000e+02 1.208000e+02
4.448000e+02 1.144000e+02
4.464000e+02 1.128000e+02
4.488000e+02 1.104000e+02
4.512000e+02 1.080000e+02
4.544000e+02 1.048000e+02
4.568000e+02 1.032000e+02
4.608000e+02 1.008000e+02
4.624000e+02 9.920000e+01
4.648000e+02 9.760000e+01
4.664000e+02 9.680000e+01
4.680000e+02 9.520000e+01
4.712000e+02 9.200000e+01
4.728000e+02 9.120000e+01
4.760000e+02 8.800000e+01
4.768000e+02 8.800000e+01
4.776000e+02 8.720000e+01
