5.415000e+02 2.136000e+02
5.415000e+02 2.136000e+02
5.415000e+02 2.136000e+02
5.415000e+02 2.136000e+02
5.415000e+02 2.136000e+02
5.415000e+02 2.136000e+02
5.415000e+02 2.136000e+02
5.415000e+02 2.136000e+02
5.415000e+02 2.136000e+02
5.412500e+02 2.135250e+02
5.410000e+02 2.134500e+02
5.407500e+02 2.133750e+02
5.405000e+02 2.133000e+02
5.402500e+02 2.132250e+02
5.400000e+02 2.131500e+02
5.397500e+02 2.130750e+02
5.395000e+02 2.130000e+02
5.389375e+02 2.130000e+02
5.383750e+02 2.130000e+02
5.378125e+02 2.130000e+02
5.372500e+02 2.130000e+02
5.366875e+02 2.130000e+02
5.361250e+02 2.130000e+02
5.355625e+02 2.130000e+02
5.350000e+02 2.130000e+02
5.340000e+02 2.130750e+02
5.330000e+02 2.131500e+02
5.320000e+02 2.132250e+02
5.310000e+02 2.133000e+02
5.300000e+02 2.133750e+02
5.290000e+02 2.134500e+02
5.280000e+02 2.135250e+02
5.270000e+02 2.136000e+02
5.258750e+02 2.137500e+02
5.247500e+02 2.139000e+02
5.236250e+02 2.140500e+02
5.225000e+02 2.142000e+02
5.213750e+02 2.143500e+02
5.202500e+02 2.145000e+02
5.180000e+02 2.148000e+02
5.160000e+02 2.149500e+02
5.140000e+02 2.151000e+02
5.120000e+02 2.152500e+02
5.100000e+02 2.154000e+02
5.081250e+02 2.157000e+02
5.062500e+02 2.160000e+02
5.043750e+02 2.163000e+02
5.025000e+02 2.166000e+02
5.002500e+02 2.169000e+02
4.980000e+02 2.172000e+02
4.957500e+02 2.175000e+02
4.935000e+02 2.178000e+02
4.901250e+02 2.181000e+02
4.867500e+02 2.184000e+02
4.833750e+02 2.187000e+02
4.800000e+02 2.190000e+02
4.775000e+02 2.194500e+02
4.750000e+02 2.199000e+02
4.725000e+02 2.203500e+02
4.700000e+02 2.208000e+02
4.675000e+02 2.211000e+02
4.650000e+02 2.214000e+02
4.625000e+02 2.217000e+02
4.600000e+02 2.220000e+02
4.590000e+02 2.221500e+02
4.580000e+02 2.223000e+02
4.570000e+02 2.224500e+02
4.560000e+02 2.226000e+02
4.520000e+02 2.229000e+02
4.480000e+02 2.232000e+02
4.440000e+02 2.235000e+02
4.400000e+02 2.238000e+02
4.375000e+02 2.241000e+02
4.350000e+02 2.244000e+02
4.325000e+02 2.247000e+02
4.300000e+02 2.250000e+02
4.275000e+02 2.253000e+02
4.250000e+02 2.256000e+02
4.225000e+02 2.259000e+02
4.200000e+02 2.262000e+02
4.172500e+02 2.265000e+02
4.145000e+02 2.268000e+02
4.117500e+02 2.271000e+02
4.090000e+02 2.274000e+02
4.061250e+02 2.275500e+02
4.032500e+02 2.277000e+02
4.003750e+02 2.278500e+02
3.975000e+02 2.280000e+02
3.947500e+02 2.283000e+02
3.920000e+02 2.286000e+02
3.892500e+02 2.289000e+02
3.865000e+02 2.292000e+02
3.837500e+02 2.295000e+02
3.810000e+02 2.298000e+02
3.782500e+02 2.301000e+02
3.755000e+02 2.304000e+02
3.728750e+02 2.305500e+02
3.702500e+02 2.307000e+02
3.676250e+02 2.308500e+02
3.650000e+02 2.310000e+02
3.622500e+02 2.313000e+02
3.595000e+02 2.316000e+02
3.567500e+02 2.319000e+02
3.540000e+02 2.322000e+02
3.510000e+02 2.325000e+02
3.480000e+02 2.328000e+02
3.450000e+02 2.331000e+02
3.420000e+02 2.334000e+02
3.392500e+02 2.335500e+02
3.365000e+02 2.337000e+02
3.337500e+02 2.338500e+02
3.310000e+02 2.340000e+02
3.282500e+02 2.343000e+02
3.255000e+02 2.346000e+02
3.227500e+02 2.349000e+02
3.200000e+02 2.352000e+02
3.158750e+02 2.355000e+02
3.117500e+02 2.358000e+02
3.076250e+02 2.361000e+02
3.035000e+02 2.364000e+02
2.988750e+02 2.368500e+02
2.942500e+02 2.373000e+02
2.896250e+02 2.377500e+02
2.850000e+02 2.382000e+02
2.822500e+02 2.385000e+02
2.795000e+02 2.388000e+02
2.767500e+02 2.391000e+02
2.740000e+02 2.394000e+02
2.698750e+02 2.398500e+02
2.657500e+02 2.403000e+02
2.616250e+02 2.407500e+02
2.575000e+02 2.412000e+02
2.535000e+02 2.413500e+02
2.495000e+02 2.415000e+02
2.455000e+02 2.416500e+02
2.415000e+02 2.418000e+02
2.385000e+02 2.419500e+02
2.355000e+02 2.421000e+02
2.325000e+02 2.422500e+02
2.295000e+02 2.424000e+02
2.255000e+02 2.425500e+02
2.215000e+02 2.427000e+02
2.175000e+02 2.428500e+02
2.135000e+02 2.430000e+02
2.108750e+02 2.431500e+02
2.082500e+02 2.433000e+02
2.056250e+02 2.434500e+02
2.030000e+02 2.436000e+02
2.003750e+02 2.437500e+02
1.977500e+02 2.439000e+02
1.951250e+02 2.440500e+02
1.925000e+02 2.442000e+02
1.897500e+02 2.443500e+02
1.870000e+02 2.445000e+02
1.842500e+02 2.446500e+02
1.815000e+02 2.448000e+02
1.775000e+02 2.449500e+02
1.735000e+02 2.451000e+02
1.695000e+02 2.452500e+02
1.655000e+02 2.454000e+02
1.642500e+02 2.454000e+02
1.630000e+02 2.454000e+02
1.617500e+02 2.454000e+02
1.605000e+02 2.454000e+02
1.570000e+02 2.454000e+02
1.535000e+02 2.454000e+02
1.500000e+02 2.454000e+02
1.465000e+02 2.454000e+02
1.443750e+02 2.454000e+02
1.422500e+02 2.454000e+02
1.401250e+02 2.454000e+02
1.380000e+02 2.454000e+02
1.360000e+02 2.452500e+02
1.340000e+02 2.451000e+02
1.320000e+02 2.449500e+02
1.300000e+02 2.448000e+02
1.278750e+02 2.448000e+02
1.257500e+02 2.448000e+02
1.236250e+02 2.448000e+02
1.215000e+02 2.448000e+02
1.196250e+02 2.449500e+02
1.177500e+02 2.451000e+02
1.158750e+02 2.452500e+02
1.140000e+02 2.454000e+02
1.123750e+02 2.454000e+02
1.107500e+02 2.454000e+02
1.091250e+02 2.454000e+02
1.075000e+02 2.454000e+02
1.056250e+02 2.455500e+02
1.037500e+02 2.457000e+02
1.018750e+02 2.458500e+02
1.000000e+02 2.460000e+02
9.837500e+01 2.464500e+02
9.675000e+01 2.469000e+02
9.512500e+01 2.473500e+02
9.350000e+01 2.478000e+02
9.350000e+01 2.478000e+02
9.350000e+01 2.478000e+02
9.350000e+01 2.478000e+02
9.350000e+01 2.478000e+02
