1.285000e+02 3.012000e+02
1.285000e+02 3.012000e+02
1.285000e+02 3.012000e+02
1.285000e+02 3.012000e+02
1.285000e+02 3.012000e+02
1.286250e+02 3.012000e+02
1.287500e+02 3.012000e+02
1.288750e+02 3.012000e+02
1.290000e+02 3.012000e+02
1.290000e+02 3.013500e+02
1.290000e+02 3.015000e+02
1.290000e+02 3.016500e+02
1.290000e+02 3.018000e+02
1.295000e+02 3.019500e+02
1.300000e+02 3.021000e+02
1.305000e+02 3.022500e+02
1.310000e+02 3.024000e+02
1.320000e+02 3.025500e+02
1.330000e+02 3.027000e+02
1.340000e+02 3.028500e+02
1.350000e+02 3.030000e+02
1.355000e+02 3.030000e+02
1.360000e+02 3.030000e+02
1.365000e+02 3.030000e+02
1.370000e+02 3.030000e+02
1.385000e+02 3.031500e+02
1.400000e+02 3.033000e+02
1.415000e+02 3.034500e+02
1.430000e+02 3.036000e+02
1.441250e+02 3.036000e+02
1.452500e+02 3.036000e+02
1.463750e+02 3.036000e+02
1.475000e+02 3.036000e+02
1.486250e+02 3.036000e+02
1.497500e+02 3.036000e+02
1.508750e+02 3.036000e+02
1.520000e+02 3.036000e+02
1.531250e+02 3.034500e+02
1.542500e+02 3.033000e+02
1.553750e+02 3.031500e+02
1.565000e+02 3.030000e+02
1.576250e+02 3.030000e+02
1.587500e+02 3.030000e+02
1.598750e+02 3.030000e+02
1.610000e+02 3.030000e+02
1.622500e+02 3.028500e+02
1.635000e+02 3.027000e+02
1.647500e+02 3.025500e+02
1.660000e+02 3.024000e+02
1.666250e+02 3.022500e+02
1.672500e+02 3.021000e+02
1.685000e+02 3.018000e+02
1.707500e+02 3.012000e+02
1.730000e+02 3.006000e+02
1.755000e+02 3.000000e+02
1.780000e+02 2.994000e+02
1.802500e+02 2.991000e+02
1.825000e+02 2.988000e+02
1.847500e+02 2.985000e+02
1.870000e+02 2.982000e+02
1.905000e+02 2.982000e+02
1.940000e+02 2.982000e+02
1.962500e+02 2.979000e+02
1.985000e+02 2.976000e+02
2.007500e+02 2.976000e+02
2.030000e+02 2.976000e+02
2.042500e+02 2.976000e+02
2.055000e+02 2.976000e+02
2.077500e+02 2.976000e+02
2.100000e+02 2.976000e+02
2.122500e+02 2.973000e+02
2.145000e+02 2.970000e+02
2.170000e+02 2.967000e+02
2.195000e+02 2.964000e+02
2.230000e+02 2.961000e+02
2.265000e+02 2.958000e+02
2.290000e+02 2.955000e+02
2.315000e+02 2.952000e+02
2.350000e+02 2.949000e+02
2.385000e+02 2.946000e+02
2.412500e+02 2.943000e+02
2.440000e+02 2.940000e+02
2.462500e+02 2.937000e+02
2.485000e+02 2.934000e+02
2.512500e+02 2.931000e+02
2.540000e+02 2.928000e+02
2.565000e+02 2.928000e+02
2.590000e+02 2.928000e+02
2.617500e+02 2.928000e+02
2.645000e+02 2.928000e+02
2.675000e+02 2.928000e+02
2.705000e+02 2.928000e+02
2.735000e+02 2.928000e+02
2.765000e+02 2.928000e+02
2.812500e+02 2.928000e+02
2.860000e+02 2.928000e+02
2.892500e+02 2.928000e+02
2.925000e+02 2.928000e+02
2.955000e+02 2.928000e+02
2.985000e+02 2.928000e+02
3.020000e+02 2.928000e+02
3.055000e+02 2.928000e+02
3.082500e+02 2.925000e+02
3.110000e+02 2.922000e+02
3.142500e+02 2.922000e+02
3.175000e+02 2.922000e+02
3.205000e+02 2.919000e+02
3.235000e+02 2.916000e+02
3.250000e+02 2.916000e+02
3.265000e+02 2.916000e+02
3.310000e+02 2.913000e+02
3.355000e+02 2.910000e+02
3.387500e+02 2.907000e+02
3.420000e+02 2.904000e+02
3.447500e+02 2.904000e+02
3.475000e+02 2.904000e+02
3.505000e+02 2.898000e+02
3.535000e+02 2.892000e+02
3.562500e+02 2.889000e+02
3.590000e+02 2.886000e+02
3.620000e+02 2.880000e+02
3.650000e+02 2.874000e+02
3.680000e+02 2.868000e+02
3.710000e+02 2.862000e+02
3.752500e+02 2.853000e+02
3.795000e+02 2.844000e+02
3.820000e+02 2.838000e+02
3.845000e+02 2.832000e+02
3.890000e+02 2.823000e+02
3.935000e+02 2.814000e+02
3.962500e+02 2.808000e+02
3.990000e+02 2.802000e+02
4.020000e+02 2.799000e+02
4.050000e+02 2.796000e+02
4.075000e+02 2.793000e+02
4.100000e+02 2.790000e+02
4.130000e+02 2.787000e+02
4.160000e+02 2.784000e+02
4.185000e+02 2.781000e+02
4.210000e+02 2.778000e+02
4.247500e+02 2.778000e+02
4.285000e+02 2.778000e+02
4.297500e+02 2.775000e+02
4.310000e+02 2.772000e+02
4.332500e+02 2.772000e+02
4.355000e+02 2.772000e+02
4.382500e+02 2.772000e+02
4.410000e+02 2.772000e+02
4.432500e+02 2.772000e+02
4.455000e+02 2.772000e+02
4.480000e+02 2.775000e+02
4.505000e+02 2.778000e+02
4.530000e+02 2.778000e+02
4.555000e+02 2.778000e+02
4.575000e+02 2.778000e+02
4.595000e+02 2.778000e+02
4.620000e+02 2.778000e+02
4.645000e+02 2.778000e+02
4.667500e+02 2.781000e+02
4.690000e+02 2.784000e+02
4.710000e+02 2.784000e+02
4.730000e+02 2.784000e+02
4.762500e+02 2.784000e+02
4.795000e+02 2.784000e+02
4.805000e+02 2.784000e+02
4.815000e+02 2.784000e+02
4.847500e+02 2.781000e+02
4.880000e+02 2.778000e+02
4.900000e+02 2.778000e+02
4.920000e+02 2.778000e+02
4.945000e+02 2.775000e+02
4.970000e+02 2.772000e+02
4.985000e+02 2.769000e+02
5.000000e+02 2.766000e+02
5.017500e+02 2.763000e+02
5.035000e+02 2.760000e+02
5.050000e+02 2.757000e+02
5.065000e+02 2.754000e+02
5.077500e+02 2.751000e+02
5.090000e+02 2.748000e+02
5.097500e+02 2.745000e+02
5.105000e+02 2.742000e+02
5.112500e+02 2.739000e+02
5.120000e+02 2.736000e+02
5.127500e+02 2.736000e+02
5.135000e+02 2.736000e+02
5.140000e+02 2.733000e+02
5.145000e+02 2.730000e+02
5.147500e+02 2.727000e+02
5.150000e+02 2.724000e+02
5.152500e+02 2.724000e+02
5.155000e+02 2.724000e+02
5.155000e+02 2.724000e+02
5.155000e+02 2.724000e+02
5.155000e+02 2.724000e+02
5.155000e+02 2.724000e+02
5.155000e+02 2.721000e+02
5.155000e+02 2.718000e+02
5.155000e+02 2.718000e+02
5.155000e+02 2.718000e+02
