3.050000e+02 4.278000e+02
3.050000e+02 4.278000e+02
3.050000e+02 4.278000e+02
3.050000e+02 4.278000e+02
3.050000e+02 4.278000e+02
3.050000e+02 4.278000e+02
3.050000e+02 4.278000e+02
3.050000e+02 4.278000e+02
3.050000e+02 4.278000e+02
3.048750e+02 4.278000e+02
3.047500e+02 4.278000e+02
3.046250e+02 4.278000e+02
3.045000e+02 4.278000e+02
3.045000e+02 4.278000e+02
3.045000e+02 4.278000e+02
3.045000e+02 4.278000e+02
3.045000e+02 4.278000e+02
3.043750e+02 4.278000e+02
3.042500e+02 4.278000e+02
3.041250e+02 4.278000e+02
3.040000e+02 4.278000e+02
3.040000e+02 4.276500e+02
3.040000e+02 4.275000e+02
3.040000e+02 4.273500e+02
3.040000e+02 4.272000e+02
3.038750e+02 4.267500e+02
3.037500e+02 4.263000e+02
3.036250e+02 4.258500e+02
3.035000e+02 4.254000e+02
3.033750e+02 4.246500e+02
3.032500e+02 4.239000e+02
3.031250e+02 4.231500e+02
3.030000e+02 4.224000e+02
3.027500e+02 4.212000e+02
3.025000e+02 4.200000e+02
3.022500e+02 4.188000e+02
3.020000e+02 4.176000e+02
3.018750e+02 4.162500e+02
3.017500e+02 4.149000e+02
3.016250e+02 4.135500e+02
3.015000e+02 4.122000e+02
3.013750e+02 4.107000e+02
3.012500e+02 4.092000e+02
3.011250e+02 4.077000e+02
3.010000e+02 4.062000e+02
3.008750e+02 4.048500e+02
3.007500e+02 4.035000e+02
3.006250e+02 4.021500e+02
3.005000e+02 4.008000e+02
3.003750e+02 3.991500e+02
3.002500e+02 3.975000e+02
3.001250e+02 3.958500e+02
3.000000e+02 3.942000e+02
2.998750e+02 3.918000e+02
2.997500e+02 3.894000e+02
2.996250e+02 3.870000e+02
2.995000e+02 3.846000e+02
2.993750e+02 3.838500e+02
2.992500e+02 3.831000e+02
2.991250e+02 3.823500e+02
2.990000e+02 3.816000e+02
2.990000e+02 3.799500e+02
2.990000e+02 3.783000e+02
2.990000e+02 3.766500e+02
2.990000e+02 3.750000e+02
2.988750e+02 3.733500e+02
2.987500e+02 3.717000e+02
2.986250e+02 3.700500e+02
2.985000e+02 3.684000e+02
2.983750e+02 3.657000e+02
2.982500e+02 3.630000e+02
2.981250e+02 3.603000e+02
2.980000e+02 3.576000e+02
2.980000e+02 3.556500e+02
2.980000e+02 3.537000e+02
2.980000e+02 3.517500e+02
2.980000e+02 3.498000e+02
2.978750e+02 3.480000e+02
2.977500e+02 3.462000e+02
2.976250e+02 3.444000e+02
2.975000e+02 3.426000e+02
2.975000e+02 3.406500e+02
2.975000e+02 3.387000e+02
2.975000e+02 3.367500e+02
2.975000e+02 3.348000e+02
2.975000e+02 3.327000e+02
2.975000e+02 3.306000e+02
2.975000e+02 3.285000e+02
2.975000e+02 3.264000e+02
2.973750e+02 3.241500e+02
2.972500e+02 3.219000e+02
2.971250e+02 3.196500e+02
2.970000e+02 3.174000e+02
2.968750e+02 3.154500e+02
2.967500e+02 3.135000e+02
2.966250e+02 3.115500e+02
2.965000e+02 3.096000e+02
2.965000e+02 3.075000e+02
2.965000e+02 3.054000e+02
2.965000e+02 3.033000e+02
2.965000e+02 3.012000e+02
2.963750e+02 2.991000e+02
2.962500e+02 2.970000e+02
2.961250e+02 2.949000e+02
2.960000e+02 2.928000e+02
2.957500e+02 2.905500e+02
2.955000e+02 2.883000e+02
2.952500e+02 2.860500e+02
2.950000e+02 2.838000e+02
2.947500e+02 2.806500e+02
2.945000e+02 2.775000e+02
2.942500e+02 2.743500e+02
2.940000e+02 2.712000e+02
2.938750e+02 2.692500e+02
2.937500e+02 2.673000e+02
2.936250e+02 2.653500e+02
2.935000e+02 2.634000e+02
2.933750e+02 2.616000e+02
2.932500e+02 2.598000e+02
2.931250e+02 2.580000e+02
2.930000e+02 2.562000e+02
2.928750e+02 2.542500e+02
2.927500e+02 2.523000e+02
2.926250e+02 2.503500e+02
2.925000e+02 2.484000e+02
2.922500e+02 2.464500e+02
2.920000e+02 2.445000e+02
2.917500e+02 2.425500e+02
2.915000e+02 2.406000e+02
2.913750e+02 2.388000e+02
2.912500e+02 2.370000e+02
2.911250e+02 2.352000e+02
2.910000e+02 2.334000e+02
2.907500e+02 2.316000e+02
2.905000e+02 2.298000e+02
2.902500e+02 2.280000e+02
2.900000e+02 2.262000e+02
2.898750e+02 2.244000e+02
2.897500e+02 2.226000e+02
2.896250e+02 2.208000e+02
2.895000e+02 2.190000e+02
2.893750e+02 2.172000e+02
2.892500e+02 2.154000e+02
2.891250e+02 2.136000e+02
2.890000e+02 2.118000e+02
2.888750e+02 2.101500e+02
2.887500e+02 2.085000e+02
2.885000e+02 2.052000e+02
2.885000e+02 2.013000e+02
2.885000e+02 1.974000e+02
2.882500e+02 1.926000e+02
2.880000e+02 1.878000e+02
2.880000e+02 1.842000e+02
2.880000e+02 1.806000e+02
2.880000e+02 1.773000e+02
2.880000e+02 1.740000e+02
2.877500e+02 1.701000e+02
2.875000e+02 1.662000e+02
2.875000e+02 1.632000e+02
2.875000e+02 1.602000e+02
2.877500e+02 1.566000e+02
2.880000e+02 1.530000e+02
2.880000e+02 1.497000e+02
2.880000e+02 1.464000e+02
2.880000e+02 1.428000e+02
2.880000e+02 1.392000e+02
2.882500e+02 1.359000e+02
2.885000e+02 1.326000e+02
2.885000e+02 1.275000e+02
2.885000e+02 1.224000e+02
2.885000e+02 1.194000e+02
2.885000e+02 1.164000e+02
2.885000e+02 1.134000e+02
2.885000e+02 1.104000e+02
2.885000e+02 1.071000e+02
2.885000e+02 1.038000e+02
2.882500e+02 1.011000e+02
2.880000e+02 9.840000e+01
2.880000e+02 9.570000e+01
2.880000e+02 9.300000e+01
2.880000e+02 9.060000e+01
2.880000e+02 8.820000e+01
2.880000e+02 8.640000e+01
2.880000e+02 8.460000e+01
2.880000e+02 8.340000e+01
2.880000e+02 8.220000e+01
2.882500e+02 8.100000e+01
2.885000e+02 7.980000e+01
2.885000e+02 7.890000e+01
2.885000e+02 7.800000e+01
2.885000e+02 7.740000e+01
2.885000e+02 7.680000e+01
2.887500e+02 7.620000e+01
2.890000e+02 7.560000e+01
2.892500e+02 7.530000e+01
2.895000e+02 7.500000e+01
2.895000e+02 7.470000e+01
2.895000e+02 7.440000e+01
2.895000e+02 7.440000e+01
2.895000e+02 7.440000e+01
