5.875000e+02 2.952000e+02
5.875000e+02 2.952000e+02
5.875000e+02 2.952000e+02
5.870000e+02 2.952000e+02
5.865000e+02 2.952000e+02
5.857500e+02 2.949000e+02
5.850000e+02 2.946000e+02
5.832500e+02 2.943000e+02
5.815000e+02 2.940000e+02
5.810000e+02 2.937000e+02
5.805000e+02 2.934000e+02
5.780000e+02 2.931000e+02
5.755000e+02 2.928000e+02
5.735000e+02 2.925000e+02
5.715000e+02 2.922000e+02
5.682500e+02 2.922000e+02
5.650000e+02 2.922000e+02
5.610000e+02 2.919000e+02
5.570000e+02 2.916000e+02
5.542500e+02 2.913000e+02
5.515000e+02 2.910000e+02
5.487500e+02 2.910000e+02
5.460000e+02 2.910000e+02
5.430000e+02 2.907000e+02
5.400000e+02 2.904000e+02
5.370000e+02 2.901000e+02
5.340000e+02 2.898000e+02
5.310000e+02 2.895000e+02
5.280000e+02 2.892000e+02
5.245000e+02 2.886000e+02
5.210000e+02 2.880000e+02
5.177500e+02 2.877000e+02
5.145000e+02 2.874000e+02
5.110000e+02 2.871000e+02
5.075000e+02 2.868000e+02
5.042500e+02 2.862000e+02
5.010000e+02 2.856000e+02
4.975000e+02 2.853000e+02
4.940000e+02 2.850000e+02
4.902500e+02 2.847000e+02
4.865000e+02 2.844000e+02
4.827500e+02 2.841000e+02
4.790000e+02 2.838000e+02
4.747500e+02 2.832000e+02
4.705000e+02 2.826000e+02
4.667500e+02 2.823000e+02
4.630000e+02 2.820000e+02
4.575000e+02 2.814000e+02
4.520000e+02 2.808000e+02
4.467500e+02 2.802000e+02
4.415000e+02 2.796000e+02
4.357500e+02 2.793000e+02
4.300000e+02 2.790000e+02
4.262500e+02 2.787000e+02
4.225000e+02 2.784000e+02
4.192500e+02 2.781000e+02
4.160000e+02 2.778000e+02
4.125000e+02 2.778000e+02
4.090000e+02 2.778000e+02
4.052500e+02 2.775000e+02
4.015000e+02 2.772000e+02
3.980000e+02 2.769000e+02
3.945000e+02 2.766000e+02
3.907500e+02 2.763000e+02
3.870000e+02 2.760000e+02
3.840000e+02 2.760000e+02
3.810000e+02 2.760000e+02
3.772500e+02 2.757000e+02
3.735000e+02 2.754000e+02
3.702500e+02 2.754000e+02
3.670000e+02 2.754000e+02
3.635000e+02 2.754000e+02
3.600000e+02 2.754000e+02
3.550000e+02 2.751000e+02
3.500000e+02 2.748000e+02
3.470000e+02 2.748000e+02
3.440000e+02 2.748000e+02
3.402500e+02 2.748000e+02
3.365000e+02 2.748000e+02
3.335000e+02 2.745000e+02
3.305000e+02 2.742000e+02
3.270000e+02 2.742000e+02
3.235000e+02 2.742000e+02
3.207500e+02 2.742000e+02
3.180000e+02 2.742000e+02
3.147500e+02 2.739000e+02
3.115000e+02 2.736000e+02
3.087500e+02 2.736000e+02
3.060000e+02 2.736000e+02
3.025000e+02 2.733000e+02
2.990000e+02 2.730000e+02
2.962500e+02 2.730000e+02
2.935000e+02 2.730000e+02
2.902500e+02 2.730000e+02
2.870000e+02 2.730000e+02
2.842500e+02 2.730000e+02
2.815000e+02 2.730000e+02
2.785000e+02 2.730000e+02
2.755000e+02 2.730000e+02
2.722500e+02 2.727000e+02
2.690000e+02 2.724000e+02
2.660000e+02 2.724000e+02
2.630000e+02 2.724000e+02
2.602500e+02 2.721000e+02
2.575000e+02 2.718000e+02
2.547500e+02 2.718000e+02
2.520000e+02 2.718000e+02
2.492500e+02 2.715000e+02
2.465000e+02 2.712000e+02
2.440000e+02 2.706000e+02
2.415000e+02 2.700000e+02
2.387500e+02 2.697000e+02
2.360000e+02 2.694000e+02
2.337500e+02 2.691000e+02
2.315000e+02 2.688000e+02
2.287500e+02 2.682000e+02
2.260000e+02 2.676000e+02
2.235000e+02 2.673000e+02
2.210000e+02 2.670000e+02
2.172500e+02 2.664000e+02
2.135000e+02 2.658000e+02
2.112500e+02 2.655000e+02
2.090000e+02 2.652000e+02
2.067500e+02 2.649000e+02
2.045000e+02 2.646000e+02
2.020000e+02 2.643000e+02
1.995000e+02 2.640000e+02
1.972500e+02 2.634000e+02
1.950000e+02 2.628000e+02
1.925000e+02 2.628000e+02
1.900000e+02 2.628000e+02
1.872500e+02 2.622000e+02
1.845000e+02 2.616000e+02
1.822500e+02 2.613000e+02
1.800000e+02 2.610000e+02
1.770000e+02 2.607000e+02
1.740000e+02 2.604000e+02
1.715000e+02 2.601000e+02
1.690000e+02 2.598000e+02
1.660000e+02 2.598000e+02
1.630000e+02 2.598000e+02
1.602500e+02 2.595000e+02
1.575000e+02 2.592000e+02
1.545000e+02 2.592000e+02
1.515000e+02 2.592000e+02
1.477500e+02 2.589000e+02
1.440000e+02 2.586000e+02
1.412500e+02 2.583000e+02
1.385000e+02 2.580000e+02
1.362500e+02 2.580000e+02
1.340000e+02 2.580000e+02
1.315000e+02 2.577000e+02
1.290000e+02 2.574000e+02
1.265000e+02 2.574000e+02
1.240000e+02 2.574000e+02
1.215000e+02 2.574000e+02
1.190000e+02 2.574000e+02
1.162500e+02 2.574000e+02
1.135000e+02 2.574000e+02
1.110000e+02 2.574000e+02
1.085000e+02 2.574000e+02
1.065000e+02 2.574000e+02
1.045000e+02 2.574000e+02
1.020000e+02 2.574000e+02
9.950000e+01 2.574000e+02
9.775000e+01 2.577000e+02
9.600000e+01 2.580000e+02
9.400000e+01 2.580000e+02
9.200000e+01 2.580000e+02
8.975000e+01 2.583000e+02
8.750000e+01 2.586000e+02
8.475000e+01 2.589000e+02
8.200000e+01 2.592000e+02
8.050000e+01 2.595000e+02
7.900000e+01 2.598000e+02
7.750000e+01 2.601000e+02
7.600000e+01 2.604000e+02
7.475000e+01 2.607000e+02
7.350000e+01 2.610000e+02
7.200000e+01 2.610000e+02
7.050000e+01 2.610000e+02
6.950000e+01 2.610000e+02
6.850000e+01 2.610000e+02
6.800000e+01 2.610000e+02
6.750000e+01 2.610000e+02
6.725000e+01 2.613000e+02
6.700000e+01 2.616000e+02
6.650000e+01 2.616000e+02
6.600000e+01 2.616000e+02
6.550000e+01 2.616000e+02
6.500000e+01 2.616000e+02
6.450000e+01 2.616000e+02
6.350000e+01 2.610000e+02
6.300000e+01 2.610000e+02
6.250000e+01 2.610000e+02
6.200000e+01 2.610000e+02
6.150000e+01 2.610000e+02
6.150000e+01 2.610000e+02
6.150000e+01 2.610000e+02
6.150000e+01 2.610000e+02
