3.740000e+02 3.846000e+02
3.740000e+02 3.846000e+02
3.740000e+02 3.846000e+02
3.740000e+02 3.846000e+02
3.740000e+02 3.846000e+02
3.740000e+02 3.846000e+02
3.740000e+02 3.846000e+02
3.740000e+02 3.846000e+02
3.740000e+02 3.846000e+02
3.738750e+02 3.847500e+02
3.737500e+02 3.849000e+02
3.736250e+02 3.850500e+02
3.735000e+02 3.852000e+02
3.735000e+02 3.852000e+02
3.735000e+02 3.852000e+02
3.735000e+02 3.852000e+02
3.735000e+02 3.852000e+02
3.735000e+02 3.853500e+02
3.735000e+02 3.855000e+02
3.735000e+02 3.856500e+02
3.735000e+02 3.858000e+02
3.735000e+02 3.858000e+02
3.735000e+02 3.858000e+02
3.735000e+02 3.858000e+02
3.735000e+02 3.858000e+02
3.733750e+02 3.858000e+02
3.732500e+02 3.858000e+02
3.731250e+02 3.858000e+02
3.730000e+02 3.858000e+02
3.730000e+02 3.856500e+02
3.730000e+02 3.855000e+02
3.730000e+02 3.853500e+02
3.730000e+02 3.852000e+02
3.730000e+02 3.850500e+02
3.730000e+02 3.849000e+02
3.730000e+02 3.847500e+02
3.730000e+02 3.846000e+02
3.728750e+02 3.840000e+02
3.727500e+02 3.834000e+02
3.726250e+02 3.828000e+02
3.725000e+02 3.822000e+02
3.723750e+02 3.811500e+02
3.722500e+02 3.801000e+02
3.721250e+02 3.790500e+02
3.720000e+02 3.780000e+02
3.717500e+02 3.757500e+02
3.715000e+02 3.735000e+02
3.712500e+02 3.712500e+02
3.710000e+02 3.690000e+02
3.706250e+02 3.664500e+02
3.702500e+02 3.639000e+02
3.698750e+02 3.613500e+02
3.695000e+02 3.588000e+02
3.690000e+02 3.556500e+02
3.685000e+02 3.525000e+02
3.680000e+02 3.493500e+02
3.675000e+02 3.462000e+02
3.672500e+02 3.438000e+02
3.670000e+02 3.414000e+02
3.667500e+02 3.390000e+02
3.665000e+02 3.366000e+02
3.661250e+02 3.336000e+02
3.657500e+02 3.306000e+02
3.653750e+02 3.276000e+02
3.650000e+02 3.246000e+02
3.646250e+02 3.219000e+02
3.642500e+02 3.192000e+02
3.638750e+02 3.165000e+02
3.635000e+02 3.138000e+02
3.631250e+02 3.109500e+02
3.627500e+02 3.081000e+02
3.623750e+02 3.052500e+02
3.620000e+02 3.024000e+02
3.617500e+02 2.995500e+02
3.615000e+02 2.967000e+02
3.612500e+02 2.938500e+02
3.610000e+02 2.910000e+02
3.605000e+02 2.865000e+02
3.600000e+02 2.820000e+02
3.595000e+02 2.775000e+02
3.590000e+02 2.730000e+02
3.588750e+02 2.701500e+02
3.587500e+02 2.673000e+02
3.586250e+02 2.644500e+02
3.585000e+02 2.616000e+02
3.582500e+02 2.589000e+02
3.580000e+02 2.562000e+02
3.577500e+02 2.535000e+02
3.575000e+02 2.508000e+02
3.573750e+02 2.478000e+02
3.572500e+02 2.448000e+02
3.571250e+02 2.418000e+02
3.570000e+02 2.388000e+02
3.567500e+02 2.359500e+02
3.565000e+02 2.331000e+02
3.562500e+02 2.302500e+02
3.560000e+02 2.274000e+02
3.557500e+02 2.232000e+02
3.555000e+02 2.190000e+02
3.552500e+02 2.148000e+02
3.550000e+02 2.106000e+02
3.550000e+02 2.080500e+02
3.550000e+02 2.055000e+02
3.550000e+02 2.029500e+02
3.550000e+02 2.004000e+02
3.548750e+02 1.977000e+02
3.547500e+02 1.950000e+02
3.546250e+02 1.923000e+02
3.545000e+02 1.896000e+02
3.543750e+02 1.869000e+02
3.542500e+02 1.842000e+02
3.541250e+02 1.815000e+02
3.540000e+02 1.788000e+02
3.538750e+02 1.759500e+02
3.537500e+02 1.731000e+02
3.536250e+02 1.702500e+02
3.535000e+02 1.674000e+02
3.533750e+02 1.650000e+02
3.532500e+02 1.626000e+02
3.531250e+02 1.602000e+02
3.530000e+02 1.578000e+02
3.528750e+02 1.557000e+02
3.527500e+02 1.536000e+02
3.526250e+02 1.515000e+02
3.525000e+02 1.494000e+02
3.523750e+02 1.476000e+02
3.522500e+02 1.458000e+02
3.521250e+02 1.440000e+02
3.520000e+02 1.422000e+02
3.520000e+02 1.404000e+02
3.520000e+02 1.386000e+02
3.520000e+02 1.368000e+02
3.520000e+02 1.350000e+02
3.520000e+02 1.333500e+02
3.520000e+02 1.317000e+02
3.520000e+02 1.300500e+02
3.520000e+02 1.284000e+02
3.520000e+02 1.264500e+02
3.520000e+02 1.245000e+02
3.520000e+02 1.225500e+02
3.520000e+02 1.206000e+02
3.520000e+02 1.191000e+02
3.520000e+02 1.176000e+02
3.520000e+02 1.161000e+02
3.520000e+02 1.146000e+02
3.520000e+02 1.129500e+02
3.520000e+02 1.113000e+02
3.520000e+02 1.096500e+02
3.520000e+02 1.080000e+02
3.518750e+02 1.066500e+02
3.517500e+02 1.053000e+02
3.516250e+02 1.039500e+02
3.515000e+02 1.026000e+02
3.515000e+02 1.014000e+02
3.515000e+02 1.002000e+02
3.515000e+02 9.900000e+01
3.515000e+02 9.780000e+01
3.515000e+02 9.630000e+01
3.515000e+02 9.480000e+01
3.515000e+02 9.330000e+01
3.515000e+02 9.180000e+01
3.515000e+02 9.045000e+01
3.515000e+02 8.910000e+01
3.515000e+02 8.775000e+01
3.515000e+02 8.640000e+01
3.515000e+02 8.535000e+01
3.515000e+02 8.430000e+01
3.515000e+02 8.325000e+01
3.515000e+02 8.220000e+01
3.515000e+02 8.100000e+01
3.515000e+02 7.980000e+01
3.515000e+02 7.860000e+01
3.515000e+02 7.740000e+01
3.513750e+02 7.635000e+01
3.512500e+02 7.530000e+01
3.511250e+02 7.425000e+01
3.510000e+02 7.320000e+01
3.510000e+02 7.230000e+01
3.510000e+02 7.140000e+01
3.510000e+02 7.050000e+01
3.510000e+02 6.960000e+01
3.510000e+02 6.885000e+01
3.510000e+02 6.810000e+01
3.510000e+02 6.735000e+01
3.510000e+02 6.660000e+01
3.510000e+02 6.585000e+01
3.510000e+02 6.510000e+01
3.510000e+02 6.435000e+01
3.510000e+02 6.360000e+01
3.510000e+02 6.270000e+01
3.510000e+02 6.180000e+01
3.510000e+02 6.000000e+01
3.510000e+02 5.910000e+01
3.510000e+02 5.820000e+01
3.510000e+02 5.700000e+01
3.510000e+02 5.580000e+01
3.510000e+02 5.490000e+01
3.510000e+02 5.400000e+01
3.510000e+02 5.400000e+01
3.510000e+02 5.400000e+01
