1.000000e+02 2.160000e+02
1.000000e+02 2.160000e+02
1.000000e+02 2.160000e+02
1.000000e+02 2.160000e+02
1.000000e+02 2.160000e+02
1.001250e+02 2.161500e+02
1.002500e+02 2.163000e+02
1.003750e+02 2.164500e+02
1.005000e+02 2.166000e+02
1.007500e+02 2.166000e+02
1.010000e+02 2.166000e+02
1.012500e+02 2.166000e+02
1.015000e+02 2.166000e+02
1.020000e+02 2.167500e+02
1.025000e+02 2.169000e+02
1.030000e+02 2.170500e+02
1.035000e+02 2.172000e+02
1.042500e+02 2.173500e+02
1.050000e+02 2.175000e+02
1.057500e+02 2.176500e+02
1.065000e+02 2.178000e+02
1.073750e+02 2.178000e+02
1.082500e+02 2.178000e+02
1.100000e+02 2.178000e+02
1.117500e+02 2.181000e+02
1.135000e+02 2.184000e+02
1.157500e+02 2.184000e+02
1.180000e+02 2.184000e+02
1.200000e+02 2.187000e+02
1.220000e+02 2.190000e+02
1.242500e+02 2.190000e+02
1.265000e+02 2.190000e+02
1.287500e+02 2.190000e+02
1.310000e+02 2.190000e+02
1.332500e+02 2.190000e+02
1.355000e+02 2.190000e+02
1.390000e+02 2.190000e+02
1.425000e+02 2.190000e+02
1.447500e+02 2.187000e+02
1.470000e+02 2.184000e+02
1.502500e+02 2.184000e+02
1.535000e+02 2.184000e+02
1.555000e+02 2.181000e+02
1.575000e+02 2.178000e+02
1.595000e+02 2.178000e+02
1.615000e+02 2.178000e+02
1.640000e+02 2.178000e+02
1.665000e+02 2.178000e+02
1.685000e+02 2.181000e+02
1.705000e+02 2.184000e+02
1.715000e+02 2.184000e+02
1.725000e+02 2.184000e+02
1.757500e+02 2.184000e+02
1.790000e+02 2.184000e+02
1.800000e+02 2.184000e+02
1.810000e+02 2.184000e+02
1.847500e+02 2.184000e+02
1.885000e+02 2.184000e+02
1.905000e+02 2.184000e+02
1.925000e+02 2.184000e+02
1.942500e+02 2.187000e+02
1.960000e+02 2.190000e+02
1.980000e+02 2.190000e+02
2.000000e+02 2.190000e+02
2.020000e+02 2.196000e+02
2.040000e+02 2.202000e+02
2.060000e+02 2.205000e+02
2.080000e+02 2.208000e+02
2.097500e+02 2.211000e+02
2.115000e+02 2.214000e+02
2.137500e+02 2.220000e+02
2.160000e+02 2.226000e+02
2.190000e+02 2.235000e+02
2.220000e+02 2.244000e+02
2.240000e+02 2.250000e+02
2.260000e+02 2.256000e+02
2.285000e+02 2.262000e+02
2.310000e+02 2.268000e+02
2.330000e+02 2.274000e+02
2.350000e+02 2.280000e+02
2.372500e+02 2.286000e+02
2.395000e+02 2.292000e+02
2.420000e+02 2.298000e+02
2.445000e+02 2.304000e+02
2.455000e+02 2.307000e+02
2.465000e+02 2.310000e+02
2.497500e+02 2.319000e+02
2.530000e+02 2.328000e+02
2.552500e+02 2.331000e+02
2.575000e+02 2.334000e+02
2.585000e+02 2.337000e+02
2.595000e+02 2.340000e+02
2.617500e+02 2.346000e+02
2.640000e+02 2.352000e+02
2.662500e+02 2.358000e+02
2.685000e+02 2.364000e+02
2.707500e+02 2.367000e+02
2.730000e+02 2.370000e+02
2.752500e+02 2.373000e+02
2.775000e+02 2.376000e+02
2.807500e+02 2.382000e+02
2.840000e+02 2.388000e+02
2.850000e+02 2.388000e+02
2.860000e+02 2.388000e+02
2.885000e+02 2.391000e+02
2.910000e+02 2.394000e+02
2.942500e+02 2.394000e+02
2.975000e+02 2.394000e+02
3.000000e+02 2.394000e+02
3.025000e+02 2.394000e+02
3.047500e+02 2.391000e+02
3.070000e+02 2.388000e+02
3.092500e+02 2.385000e+02
3.115000e+02 2.382000e+02
3.142500e+02 2.379000e+02
3.170000e+02 2.376000e+02
3.192500e+02 2.373000e+02
3.215000e+02 2.370000e+02
3.255000e+02 2.370000e+02
3.295000e+02 2.370000e+02
3.335000e+02 2.367000e+02
3.375000e+02 2.364000e+02
3.405000e+02 2.364000e+02
3.435000e+02 2.364000e+02
3.447500e+02 2.367000e+02
3.460000e+02 2.370000e+02
3.487500e+02 2.370000e+02
3.515000e+02 2.370000e+02
3.542500e+02 2.376000e+02
3.570000e+02 2.382000e+02
3.600000e+02 2.385000e+02
3.630000e+02 2.388000e+02
3.660000e+02 2.394000e+02
3.690000e+02 2.400000e+02
3.735000e+02 2.403000e+02
3.780000e+02 2.406000e+02
3.795000e+02 2.409000e+02
3.810000e+02 2.412000e+02
3.852500e+02 2.412000e+02
3.895000e+02 2.412000e+02
3.925000e+02 2.412000e+02
3.955000e+02 2.412000e+02
3.970000e+02 2.412000e+02
3.985000e+02 2.412000e+02
4.017500e+02 2.409000e+02
4.050000e+02 2.406000e+02
4.077500e+02 2.403000e+02
4.105000e+02 2.400000e+02
4.135000e+02 2.394000e+02
4.165000e+02 2.388000e+02
4.190000e+02 2.382000e+02
4.215000e+02 2.376000e+02
4.245000e+02 2.370000e+02
4.275000e+02 2.364000e+02
4.302500e+02 2.358000e+02
4.330000e+02 2.352000e+02
4.355000e+02 2.343000e+02
4.380000e+02 2.334000e+02
4.407500e+02 2.328000e+02
4.435000e+02 2.322000e+02
4.455000e+02 2.313000e+02
4.475000e+02 2.304000e+02
4.502500e+02 2.295000e+02
4.530000e+02 2.286000e+02
4.560000e+02 2.274000e+02
4.590000e+02 2.262000e+02
4.622500e+02 2.250000e+02
4.655000e+02 2.238000e+02
4.682500e+02 2.229000e+02
4.710000e+02 2.220000e+02
4.727500e+02 2.214000e+02
4.745000e+02 2.208000e+02
4.762500e+02 2.205000e+02
4.780000e+02 2.202000e+02
4.795000e+02 2.202000e+02
4.810000e+02 2.202000e+02
4.825000e+02 2.199000e+02
4.840000e+02 2.196000e+02
4.852500e+02 2.199000e+02
4.865000e+02 2.202000e+02
4.877500e+02 2.202000e+02
4.890000e+02 2.202000e+02
4.905000e+02 2.205000e+02
4.920000e+02 2.208000e+02
4.932500e+02 2.208000e+02
4.945000e+02 2.208000e+02
4.955000e+02 2.211000e+02
4.965000e+02 2.214000e+02
4.972500e+02 2.214000e+02
4.980000e+02 2.214000e+02
4.987500e+02 2.217000e+02
4.995000e+02 2.220000e+02
5.002500e+02 2.220000e+02
5.010000e+02 2.220000e+02
5.015000e+02 2.220000e+02
5.020000e+02 2.220000e+02
5.022500e+02 2.220000e+02
5.025000e+02 2.220000e+02
5.025000e+02 2.220000e+02
5.025000e+02 2.220000e+02
