5.350000e+02 1.956000e+02
5.350000e+02 1.956000e+02
5.350000e+02 1.956000e+02
5.350000e+02 1.956000e+02
5.350000e+02 1.956000e+02
5.350000e+02 1.956000e+02
5.350000e+02 1.956000e+02
5.350000e+02 1.956000e+02
5.350000e+02 1.956000e+02
5.342500e+02 1.955250e+02
5.335000e+02 1.954500e+02
5.327500e+02 1.953750e+02
5.320000e+02 1.953000e+02
5.312500e+02 1.952250e+02
5.305000e+02 1.951500e+02
5.297500e+02 1.950750e+02
5.290000e+02 1.950000e+02
5.284375e+02 1.949250e+02
5.278750e+02 1.948500e+02
5.273125e+02 1.947750e+02
5.267500e+02 1.947000e+02
5.261875e+02 1.946250e+02
5.256250e+02 1.945500e+02
5.250625e+02 1.944750e+02
5.245000e+02 1.944000e+02
5.228750e+02 1.944000e+02
5.212500e+02 1.944000e+02
5.196250e+02 1.944000e+02
5.180000e+02 1.944000e+02
5.163750e+02 1.944000e+02
5.147500e+02 1.944000e+02
5.131250e+02 1.944000e+02
5.115000e+02 1.944000e+02
5.103125e+02 1.944750e+02
5.091250e+02 1.945500e+02
5.079375e+02 1.946250e+02
5.067500e+02 1.947000e+02
5.055625e+02 1.947750e+02
5.043750e+02 1.948500e+02
5.031875e+02 1.949250e+02
5.020000e+02 1.950000e+02
5.007500e+02 1.950750e+02
4.995000e+02 1.951500e+02
4.982500e+02 1.952250e+02
4.970000e+02 1.953000e+02
4.957500e+02 1.953750e+02
4.945000e+02 1.954500e+02
4.932500e+02 1.955250e+02
4.920000e+02 1.956000e+02
4.904375e+02 1.956000e+02
4.888750e+02 1.956000e+02
4.873125e+02 1.956000e+02
4.857500e+02 1.956000e+02
4.841875e+02 1.956000e+02
4.826250e+02 1.956000e+02
4.810625e+02 1.956000e+02
4.795000e+02 1.956000e+02
4.780625e+02 1.956750e+02
4.766250e+02 1.957500e+02
4.751875e+02 1.958250e+02
4.737500e+02 1.959000e+02
4.723125e+02 1.959750e+02
4.708750e+02 1.960500e+02
4.694375e+02 1.961250e+02
4.680000e+02 1.962000e+02
4.665000e+02 1.962750e+02
4.650000e+02 1.963500e+02
4.635000e+02 1.964250e+02
4.620000e+02 1.965000e+02
4.605000e+02 1.965750e+02
4.590000e+02 1.966500e+02
4.575000e+02 1.967250e+02
4.560000e+02 1.968000e+02
4.544375e+02 1.968750e+02
4.528750e+02 1.969500e+02
4.513125e+02 1.970250e+02
4.497500e+02 1.971000e+02
4.481875e+02 1.971750e+02
4.466250e+02 1.972500e+02
4.450625e+02 1.973250e+02
4.435000e+02 1.974000e+02
4.418125e+02 1.975500e+02
4.401250e+02 1.977000e+02
4.384375e+02 1.978500e+02
4.367500e+02 1.980000e+02
4.350625e+02 1.981500e+02
4.333750e+02 1.983000e+02
4.316875e+02 1.984500e+02
4.300000e+02 1.986000e+02
4.281250e+02 1.986750e+02
4.262500e+02 1.987500e+02
4.243750e+02 1.988250e+02
4.225000e+02 1.989000e+02
4.206250e+02 1.989750e+02
4.187500e+02 1.990500e+02
4.168750e+02 1.991250e+02
4.150000e+02 1.992000e+02
4.131875e+02 1.993500e+02
4.113750e+02 1.995000e+02
4.095625e+02 1.996500e+02
4.077500e+02 1.998000e+02
4.059375e+02 1.999500e+02
4.041250e+02 2.001000e+02
4.005000e+02 2.004000e+02
3.967500e+02 2.005500e+02
3.930000e+02 2.007000e+02
3.892500e+02 2.008500e+02
3.855000e+02 2.010000e+02
3.817500e+02 2.011500e+02
3.780000e+02 2.013000e+02
3.742500e+02 2.014500e+02
3.705000e+02 2.016000e+02
3.667500e+02 2.019000e+02
3.630000e+02 2.022000e+02
3.592500e+02 2.025000e+02
3.555000e+02 2.028000e+02
3.513750e+02 2.031000e+02
3.472500e+02 2.034000e+02
3.431250e+02 2.037000e+02
3.390000e+02 2.040000e+02
3.348750e+02 2.043000e+02
3.307500e+02 2.046000e+02
3.266250e+02 2.049000e+02
3.225000e+02 2.052000e+02
3.185000e+02 2.056500e+02
3.145000e+02 2.061000e+02
3.105000e+02 2.065500e+02
3.065000e+02 2.070000e+02
3.023750e+02 2.074500e+02
2.982500e+02 2.079000e+02
2.941250e+02 2.083500e+02
2.900000e+02 2.088000e+02
2.835000e+02 2.095500e+02
2.770000e+02 2.103000e+02
2.705000e+02 2.110500e+02
2.640000e+02 2.118000e+02
2.597500e+02 2.122500e+02
2.555000e+02 2.127000e+02
2.512500e+02 2.131500e+02
2.470000e+02 2.136000e+02
2.406250e+02 2.145000e+02
2.342500e+02 2.154000e+02
2.278750e+02 2.163000e+02
2.215000e+02 2.172000e+02
2.153750e+02 2.181000e+02
2.092500e+02 2.190000e+02
2.031250e+02 2.199000e+02
1.970000e+02 2.208000e+02
1.927500e+02 2.214000e+02
1.885000e+02 2.220000e+02
1.842500e+02 2.226000e+02
1.800000e+02 2.232000e+02
1.760000e+02 2.238000e+02
1.720000e+02 2.244000e+02
1.680000e+02 2.250000e+02
1.640000e+02 2.256000e+02
1.605000e+02 2.260500e+02
1.570000e+02 2.265000e+02
1.535000e+02 2.269500e+02
1.500000e+02 2.274000e+02
1.467500e+02 2.275500e+02
1.435000e+02 2.277000e+02
1.402500e+02 2.278500e+02
1.370000e+02 2.280000e+02
1.342500e+02 2.280000e+02
1.315000e+02 2.280000e+02
1.287500e+02 2.280000e+02
1.260000e+02 2.280000e+02
1.233750e+02 2.280000e+02
1.207500e+02 2.280000e+02
1.181250e+02 2.280000e+02
1.155000e+02 2.280000e+02
1.135000e+02 2.280000e+02
1.115000e+02 2.280000e+02
1.095000e+02 2.280000e+02
1.075000e+02 2.280000e+02
1.046250e+02 2.281500e+02
1.017500e+02 2.283000e+02
9.887500e+01 2.284500e+02
9.600000e+01 2.286000e+02
9.437500e+01 2.287500e+02
9.275000e+01 2.289000e+02
9.112500e+01 2.290500e+02
8.950000e+01 2.292000e+02
8.812500e+01 2.296500e+02
8.675000e+01 2.301000e+02
8.537500e+01 2.305500e+02
8.400000e+01 2.310000e+02
8.287500e+01 2.314500e+02
8.175000e+01 2.319000e+02
8.062500e+01 2.323500e+02
7.950000e+01 2.328000e+02
7.887500e+01 2.331000e+02
7.825000e+01 2.334000e+02
7.762500e+01 2.337000e+02
7.700000e+01 2.340000e+02
7.700000e+01 2.340000e+02
7.700000e+01 2.340000e+02
7.700000e+01 2.340000e+02
7.700000e+01 2.340000e+02
