3.250000e+02 8.700000e+01
3.250000e+02 8.700000e+01
3.250000e+02 8.700000e+01
3.250000e+02 8.700000e+01
3.250000e+02 8.700000e+01
3.250000e+02 8.715000e+01
3.250000e+02 8.730000e+01
3.250000e+02 8.745000e+01
3.250000e+02 8.760000e+01
3.250000e+02 8.775000e+01
3.250000e+02 8.790000e+01
3.250000e+02 8.805000e+01
3.250000e+02 8.820000e+01
3.248750e+02 8.895000e+01
3.247500e+02 8.970000e+01
3.246250e+02 9.045000e+01
3.245000e+02 9.120000e+01
3.243750e+02 9.180000e+01
3.242500e+02 9.240000e+01
3.241250e+02 9.300000e+01
3.240000e+02 9.360000e+01
3.238750e+02 9.405000e+01
3.237500e+02 9.450000e+01
3.236250e+02 9.495000e+01
3.235000e+02 9.540000e+01
3.233750e+02 9.675000e+01
3.232500e+02 9.810000e+01
3.231250e+02 9.945000e+01
3.230000e+02 1.008000e+02
3.228750e+02 1.017000e+02
3.227500e+02 1.026000e+02
3.226250e+02 1.035000e+02
3.225000e+02 1.044000e+02
3.223750e+02 1.054500e+02
3.222500e+02 1.065000e+02
3.221250e+02 1.075500e+02
3.220000e+02 1.086000e+02
3.217500e+02 1.098000e+02
3.215000e+02 1.110000e+02
3.212500e+02 1.122000e+02
3.210000e+02 1.134000e+02
3.208750e+02 1.146000e+02
3.207500e+02 1.158000e+02
3.206250e+02 1.170000e+02
3.205000e+02 1.182000e+02
3.203750e+02 1.194000e+02
3.202500e+02 1.206000e+02
3.201250e+02 1.218000e+02
3.200000e+02 1.230000e+02
3.197500e+02 1.245000e+02
3.195000e+02 1.260000e+02
3.192500e+02 1.275000e+02
3.190000e+02 1.290000e+02
3.188750e+02 1.302000e+02
3.187500e+02 1.314000e+02
3.186250e+02 1.326000e+02
3.185000e+02 1.338000e+02
3.183750e+02 1.348500e+02
3.182500e+02 1.359000e+02
3.181250e+02 1.369500e+02
3.180000e+02 1.380000e+02
3.178750e+02 1.393500e+02
3.177500e+02 1.407000e+02
3.176250e+02 1.420500e+02
3.175000e+02 1.434000e+02
3.172500e+02 1.446000e+02
3.170000e+02 1.458000e+02
3.167500e+02 1.470000e+02
3.165000e+02 1.482000e+02
3.163750e+02 1.494000e+02
3.162500e+02 1.506000e+02
3.161250e+02 1.518000e+02
3.160000e+02 1.530000e+02
3.158750e+02 1.545000e+02
3.157500e+02 1.560000e+02
3.156250e+02 1.575000e+02
3.155000e+02 1.590000e+02
3.152500e+02 1.603500e+02
3.150000e+02 1.617000e+02
3.147500e+02 1.630500e+02
3.145000e+02 1.644000e+02
3.142500e+02 1.659000e+02
3.140000e+02 1.674000e+02
3.137500e+02 1.689000e+02
3.135000e+02 1.704000e+02
3.133750e+02 1.719000e+02
3.132500e+02 1.734000e+02
3.131250e+02 1.749000e+02
3.130000e+02 1.764000e+02
3.126250e+02 1.786500e+02
3.122500e+02 1.809000e+02
3.118750e+02 1.831500e+02
3.115000e+02 1.854000e+02
3.112500e+02 1.869000e+02
3.110000e+02 1.884000e+02
3.107500e+02 1.899000e+02
3.105000e+02 1.914000e+02
3.102500e+02 1.929000e+02
3.100000e+02 1.944000e+02
3.097500e+02 1.959000e+02
3.095000e+02 1.974000e+02
3.091250e+02 1.987500e+02
3.087500e+02 2.001000e+02
3.083750e+02 2.014500e+02
3.080000e+02 2.028000e+02
3.077500e+02 2.041500e+02
3.075000e+02 2.055000e+02
3.072500e+02 2.068500e+02
3.070000e+02 2.082000e+02
3.068750e+02 2.094000e+02
3.067500e+02 2.106000e+02
3.065000e+02 2.130000e+02
3.057500e+02 2.154000e+02
3.050000e+02 2.178000e+02
3.047500e+02 2.196000e+02
3.045000e+02 2.214000e+02
3.040000e+02 2.235000e+02
3.035000e+02 2.256000e+02
3.032500e+02 2.277000e+02
3.030000e+02 2.298000e+02
3.025000e+02 2.322000e+02
3.020000e+02 2.346000e+02
3.017500e+02 2.367000e+02
3.015000e+02 2.388000e+02
3.012500e+02 2.409000e+02
3.010000e+02 2.430000e+02
3.005000e+02 2.454000e+02
3.000000e+02 2.478000e+02
2.997500e+02 2.499000e+02
2.995000e+02 2.520000e+02
2.992500e+02 2.541000e+02
2.990000e+02 2.562000e+02
2.987500e+02 2.580000e+02
2.985000e+02 2.598000e+02
2.980000e+02 2.631000e+02
2.975000e+02 2.664000e+02
2.972500e+02 2.685000e+02
2.970000e+02 2.706000e+02
2.967500e+02 2.730000e+02
2.965000e+02 2.754000e+02
2.960000e+02 2.778000e+02
2.955000e+02 2.802000e+02
2.952500e+02 2.823000e+02
2.950000e+02 2.844000e+02
2.947500e+02 2.862000e+02
2.945000e+02 2.880000e+02
2.942500e+02 2.904000e+02
2.940000e+02 2.928000e+02
2.937500e+02 2.952000e+02
2.935000e+02 2.976000e+02
2.932500e+02 2.994000e+02
2.930000e+02 3.012000e+02
2.927500e+02 3.033000e+02
2.925000e+02 3.054000e+02
2.922500e+02 3.075000e+02
2.920000e+02 3.096000e+02
2.917500e+02 3.114000e+02
2.915000e+02 3.132000e+02
2.915000e+02 3.150000e+02
2.915000e+02 3.168000e+02
2.912500e+02 3.186000e+02
2.910000e+02 3.204000e+02
2.907500e+02 3.228000e+02
2.905000e+02 3.252000e+02
2.902500e+02 3.270000e+02
2.900000e+02 3.288000e+02
2.897500e+02 3.306000e+02
2.895000e+02 3.324000e+02
2.895000e+02 3.339000e+02
2.895000e+02 3.354000e+02
2.892500e+02 3.366000e+02
2.890000e+02 3.378000e+02
2.887500e+02 3.393000e+02
2.885000e+02 3.408000e+02
2.885000e+02 3.420000e+02
2.885000e+02 3.432000e+02
2.885000e+02 3.444000e+02
2.885000e+02 3.456000e+02
2.882500e+02 3.465000e+02
2.880000e+02 3.474000e+02
2.880000e+02 3.477000e+02
2.880000e+02 3.480000e+02
2.880000e+02 3.489000e+02
2.880000e+02 3.498000e+02
2.880000e+02 3.504000e+02
2.880000e+02 3.510000e+02
2.877500e+02 3.519000e+02
2.875000e+02 3.528000e+02
2.875000e+02 3.534000e+02
2.875000e+02 3.540000e+02
2.875000e+02 3.549000e+02
2.875000e+02 3.558000e+02
2.875000e+02 3.564000e+02
2.875000e+02 3.570000e+02
2.875000e+02 3.585000e+02
2.875000e+02 3.600000e+02
2.875000e+02 3.618000e+02
2.875000e+02 3.636000e+02
2.875000e+02 3.636000e+02
2.875000e+02 3.636000e+02
