2.360000e+02 3.618000e+02
2.360000e+02 3.618000e+02
2.365000e+02 3.600000e+02
2.375000e+02 3.540000e+02
2.395000e+02 3.468000e+02
2.415000e+02 3.378000e+02
2.425000e+02 3.324000e+02
2.450000e+02 3.204000e+02
2.480000e+02 3.060000e+02
2.495000e+02 2.988000e+02
2.540000e+02 2.748000e+02
2.580000e+02 2.586000e+02
2.620000e+02 2.412000e+02
2.665000e+02 2.232000e+02
2.715000e+02 2.052000e+02
2.760000e+02 1.884000e+02
2.810000e+02 1.722000e+02
2.830000e+02 1.650000e+02
2.855000e+02 1.584000e+02
2.895000e+02 1.458000e+02
2.910000e+02 1.404000e+02
2.950000e+02 1.302000e+02
2.990000e+02 1.218000e+02
3.025000e+02 1.152000e+02
3.040000e+02 1.122000e+02
3.075000e+02 1.068000e+02
3.090000e+02 1.050000e+02
3.120000e+02 1.026000e+02
3.150000e+02 1.020000e+02
3.180000e+02 1.038000e+02
3.190000e+02 1.050000e+02
3.225000e+02 1.074000e+02
3.240000e+02 1.098000e+02
3.270000e+02 1.152000e+02
3.290000e+02 1.176000e+02
3.325000e+02 1.248000e+02
3.365000e+02 1.326000e+02
3.410000e+02 1.428000e+02
3.440000e+02 1.488000e+02
3.490000e+02 1.614000e+02
3.520000e+02 1.674000e+02
3.575000e+02 1.812000e+02
3.605000e+02 1.884000e+02
3.665000e+02 2.034000e+02
3.690000e+02 2.100000e+02
3.750000e+02 2.238000e+02
3.815000e+02 2.364000e+02
3.880000e+02 2.484000e+02
3.950000e+02 2.598000e+02
4.020000e+02 2.718000e+02
4.055000e+02 2.772000e+02
4.125000e+02 2.874000e+02
4.190000e+02 2.958000e+02
4.220000e+02 3.000000e+02
4.285000e+02 3.078000e+02
4.345000e+02 3.144000e+02
4.370000e+02 3.174000e+02
4.415000e+02 3.228000e+02
4.435000e+02 3.246000e+02
4.465000e+02 3.282000e+02
4.475000e+02 3.300000e+02
4.490000e+02 3.324000e+02
4.495000e+02 3.336000e+02
4.495000e+02 3.354000e+02
4.485000e+02 3.360000e+02
4.465000e+02 3.372000e+02
4.455000e+02 3.372000e+02
4.415000e+02 3.378000e+02
4.365000e+02 3.372000e+02
4.305000e+02 3.354000e+02
4.265000e+02 3.342000e+02
4.180000e+02 3.318000e+02
4.130000e+02 3.300000e+02
4.010000e+02 3.270000e+02
3.875000e+02 3.234000e+02
3.810000e+02 3.216000e+02
3.735000e+02 3.198000e+02
3.580000e+02 3.150000e+02
3.420000e+02 3.114000e+02
3.335000e+02 3.102000e+02
3.160000e+02 3.060000e+02
2.990000e+02 3.024000e+02
2.910000e+02 3.006000e+02
2.745000e+02 2.970000e+02
2.580000e+02 2.946000e+02
2.495000e+02 2.934000e+02
2.325000e+02 2.910000e+02
2.245000e+02 2.892000e+02
2.025000e+02 2.844000e+02
1.895000e+02 2.820000e+02
1.780000e+02 2.790000e+02
1.725000e+02 2.778000e+02
1.620000e+02 2.748000e+02
1.535000e+02 2.724000e+02
1.490000e+02 2.706000e+02
1.425000e+02 2.682000e+02
1.370000e+02 2.664000e+02
1.345000e+02 2.652000e+02
1.325000e+02 2.646000e+02
1.290000e+02 2.628000e+02
1.265000e+02 2.622000e+02
1.255000e+02 2.616000e+02
1.245000e+02 2.604000e+02
1.240000e+02 2.598000e+02
1.250000e+02 2.592000e+02
1.270000e+02 2.574000e+02
1.285000e+02 2.562000e+02
1.325000e+02 2.544000e+02
1.380000e+02 2.520000e+02
1.455000e+02 2.496000e+02
1.545000e+02 2.466000e+02
1.665000e+02 2.418000e+02
1.725000e+02 2.394000e+02
1.860000e+02 2.358000e+02
2.010000e+02 2.304000e+02
2.090000e+02 2.274000e+02
2.180000e+02 2.244000e+02
2.350000e+02 2.190000e+02
2.525000e+02 2.136000e+02
2.610000e+02 2.106000e+02
2.790000e+02 2.052000e+02
2.980000e+02 1.992000e+02
3.075000e+02 1.962000e+02
3.265000e+02 1.908000e+02
3.445000e+02 1.854000e+02
3.535000e+02 1.824000e+02
3.715000e+02 1.770000e+02
3.885000e+02 1.728000e+02
3.965000e+02 1.704000e+02
4.120000e+02 1.662000e+02
4.255000e+02 1.620000e+02
4.320000e+02 1.608000e+02
4.440000e+02 1.578000e+02
4.550000e+02 1.554000e+02
4.600000e+02 1.548000e+02
4.680000e+02 1.524000e+02
4.750000e+02 1.512000e+02
4.780000e+02 1.506000e+02
4.830000e+02 1.500000e+02
4.865000e+02 1.494000e+02
4.880000e+02 1.494000e+02
4.890000e+02 1.494000e+02
4.910000e+02 1.494000e+02
4.920000e+02 1.500000e+02
4.925000e+02 1.506000e+02
4.925000e+02 1.512000e+02
4.920000e+02 1.530000e+02
4.915000e+02 1.536000e+02
4.890000e+02 1.560000e+02
4.860000e+02 1.596000e+02
4.835000e+02 1.620000e+02
4.785000e+02 1.662000e+02
4.755000e+02 1.686000e+02
4.685000e+02 1.740000e+02
4.600000e+02 1.800000e+02
4.505000e+02 1.872000e+02
4.400000e+02 1.944000e+02
4.285000e+02 2.040000e+02
4.225000e+02 2.094000e+02
4.165000e+02 2.148000e+02
4.055000e+02 2.250000e+02
3.945000e+02 2.358000e+02
3.885000e+02 2.424000e+02
3.770000e+02 2.538000e+02
3.640000e+02 2.670000e+02
3.575000e+02 2.736000e+02
3.440000e+02 2.862000e+02
3.310000e+02 2.982000e+02
3.250000e+02 3.042000e+02
3.125000e+02 3.156000e+02
3.005000e+02 3.264000e+02
2.895000e+02 3.366000e+02
2.845000e+02 3.414000e+02
2.795000e+02 3.456000e+02
2.695000e+02 3.546000e+02
2.650000e+02 3.582000e+02
2.560000e+02 3.660000e+02
2.475000e+02 3.732000e+02
2.435000e+02 3.768000e+02
2.355000e+02 3.828000e+02
2.295000e+02 3.882000e+02
2.265000e+02 3.900000e+02
2.220000e+02 3.936000e+02
2.190000e+02 3.960000e+02
2.175000e+02 3.972000e+02
2.155000e+02 3.984000e+02
2.135000e+02 3.990000e+02
2.135000e+02 3.996000e+02
2.120000e+02 3.984000e+02
2.120000e+02 3.984000e+02
