5.630000e+02 2.610000e+02
5.630000e+02 2.610000e+02
5.625000e+02 2.610000e+02
5.620000e+02 2.610000e+02
5.610000e+02 2.610000e+02
5.595000e+02 2.610000e+02
5.580000e+02 2.604000e+02
5.560000e+02 2.604000e+02
5.535000e+02 2.598000e+02
5.500000e+02 2.598000e+02
5.460000e+02 2.592000e+02
5.425000e+02 2.592000e+02
5.370000e+02 2.586000e+02
5.325000e+02 2.586000e+02
5.275000e+02 2.586000e+02
5.220000e+02 2.580000e+02
5.175000e+02 2.580000e+02
5.095000e+02 2.574000e+02
5.070000e+02 2.574000e+02
5.015000e+02 2.574000e+02
4.960000e+02 2.568000e+02
4.865000e+02 2.568000e+02
4.805000e+02 2.562000e+02
4.730000e+02 2.556000e+02
4.670000e+02 2.556000e+02
4.595000e+02 2.550000e+02
4.535000e+02 2.550000e+02
4.465000e+02 2.544000e+02
4.395000e+02 2.538000e+02
4.330000e+02 2.538000e+02
4.265000e+02 2.538000e+02
4.205000e+02 2.532000e+02
4.140000e+02 2.526000e+02
4.075000e+02 2.526000e+02
4.005000e+02 2.520000e+02
3.940000e+02 2.514000e+02
3.875000e+02 2.514000e+02
3.810000e+02 2.508000e+02
3.735000e+02 2.508000e+02
3.640000e+02 2.502000e+02
3.605000e+02 2.496000e+02
3.505000e+02 2.490000e+02
3.445000e+02 2.484000e+02
3.375000e+02 2.484000e+02
3.320000e+02 2.478000e+02
3.255000e+02 2.478000e+02
3.200000e+02 2.472000e+02
3.135000e+02 2.466000e+02
3.075000e+02 2.460000e+02
3.005000e+02 2.454000e+02
2.945000e+02 2.454000e+02
2.880000e+02 2.448000e+02
2.820000e+02 2.448000e+02
2.750000e+02 2.448000e+02
2.690000e+02 2.448000e+02
2.630000e+02 2.442000e+02
2.580000e+02 2.442000e+02
2.525000e+02 2.442000e+02
2.470000e+02 2.442000e+02
2.420000e+02 2.436000e+02
2.365000e+02 2.436000e+02
2.290000e+02 2.436000e+02
2.260000e+02 2.430000e+02
2.190000e+02 2.436000e+02
2.160000e+02 2.430000e+02
2.080000e+02 2.436000e+02
2.025000e+02 2.436000e+02
1.975000e+02 2.442000e+02
1.925000e+02 2.442000e+02
1.870000e+02 2.442000e+02
1.825000e+02 2.442000e+02
1.785000e+02 2.448000e+02
1.735000e+02 2.442000e+02
1.700000e+02 2.442000e+02
1.665000e+02 2.442000e+02
1.630000e+02 2.436000e+02
1.595000e+02 2.436000e+02
1.565000e+02 2.430000e+02
1.510000e+02 2.430000e+02
1.475000e+02 2.430000e+02
1.440000e+02 2.430000e+02
1.400000e+02 2.424000e+02
1.360000e+02 2.430000e+02
1.325000e+02 2.430000e+02
1.290000e+02 2.430000e+02
1.255000e+02 2.430000e+02
1.235000e+02 2.436000e+02
1.200000e+02 2.436000e+02
1.170000e+02 2.436000e+02
1.125000e+02 2.442000e+02
1.095000e+02 2.442000e+02
1.085000e+02 2.442000e+02
1.055000e+02 2.442000e+02
1.035000e+02 2.442000e+02
1.020000e+02 2.442000e+02
1.005000e+02 2.442000e+02
9.900000e+01 2.442000e+02
9.800000e+01 2.442000e+02
9.750000e+01 2.442000e+02
9.650000e+01 2.442000e+02
9.600000e+01 2.442000e+02
9.550000e+01 2.442000e+02
9.550000e+01 2.442000e+02
