5.720000e+02 2.724000e+02
5.720000e+02 2.724000e+02
5.705000e+02 2.724000e+02
5.685000e+02 2.724000e+02
5.660000e+02 2.718000e+02
5.630000e+02 2.724000e+02
5.595000e+02 2.724000e+02
5.540000e+02 2.724000e+02
5.495000e+02 2.724000e+02
5.450000e+02 2.730000e+02
5.405000e+02 2.730000e+02
5.355000e+02 2.736000e+02
5.310000e+02 2.742000e+02
5.250000e+02 2.742000e+02
5.195000e+02 2.748000e+02
5.140000e+02 2.748000e+02
5.090000e+02 2.754000e+02
5.020000e+02 2.754000e+02
4.970000e+02 2.760000e+02
4.950000e+02 2.760000e+02
4.885000e+02 2.760000e+02
4.835000e+02 2.766000e+02
4.790000e+02 2.766000e+02
4.730000e+02 2.766000e+02
4.680000e+02 2.766000e+02
4.630000e+02 2.766000e+02
4.580000e+02 2.766000e+02
4.530000e+02 2.766000e+02
4.475000e+02 2.772000e+02
4.425000e+02 2.772000e+02
4.370000e+02 2.778000e+02
4.300000e+02 2.772000e+02
4.245000e+02 2.772000e+02
4.200000e+02 2.772000e+02
4.155000e+02 2.772000e+02
4.105000e+02 2.772000e+02
4.065000e+02 2.772000e+02
4.015000e+02 2.772000e+02
3.960000e+02 2.766000e+02
3.905000e+02 2.766000e+02
3.845000e+02 2.766000e+02
3.785000e+02 2.766000e+02
3.720000e+02 2.766000e+02
3.655000e+02 2.766000e+02
3.560000e+02 2.766000e+02
3.490000e+02 2.766000e+02
3.430000e+02 2.766000e+02
3.355000e+02 2.766000e+02
3.295000e+02 2.760000e+02
3.225000e+02 2.760000e+02
3.155000e+02 2.754000e+02
3.080000e+02 2.754000e+02
2.990000e+02 2.748000e+02
2.875000e+02 2.742000e+02
2.765000e+02 2.736000e+02
2.695000e+02 2.730000e+02
2.620000e+02 2.724000e+02
2.555000e+02 2.724000e+02
2.485000e+02 2.712000e+02
2.390000e+02 2.700000e+02
2.360000e+02 2.694000e+02
2.295000e+02 2.688000e+02
2.225000e+02 2.676000e+02
2.125000e+02 2.670000e+02
2.060000e+02 2.670000e+02
1.975000e+02 2.670000e+02
1.885000e+02 2.670000e+02
1.815000e+02 2.670000e+02
1.745000e+02 2.676000e+02
1.685000e+02 2.676000e+02
1.615000e+02 2.676000e+02
1.490000e+02 2.682000e+02
1.435000e+02 2.682000e+02
1.375000e+02 2.688000e+02
1.320000e+02 2.688000e+02
1.255000e+02 2.700000e+02
1.205000e+02 2.700000e+02
1.125000e+02 2.712000e+02
1.085000e+02 2.712000e+02
1.045000e+02 2.718000e+02
9.750000e+01 2.724000e+02
9.500000e+01 2.724000e+02
9.300000e+01 2.724000e+02
9.100000e+01 2.724000e+02
8.850000e+01 2.724000e+02
8.650000e+01 2.724000e+02
8.450000e+01 2.724000e+02
8.300000e+01 2.724000e+02
8.100000e+01 2.730000e+02
8.050000e+01 2.730000e+02
7.900000e+01 2.730000e+02
7.850000e+01 2.730000e+02
7.800000e+01 2.736000e+02
7.600000e+01 2.742000e+02
7.500000e+01 2.748000e+02
7.500000e+01 2.748000e+02
