8.550000e+01 1.446000e+02
8.550000e+01 1.446000e+02
8.600000e+01 1.452000e+02
8.600000e+01 1.464000e+02
8.700000e+01 1.482000e+02
8.900000e+01 1.518000e+02
9.100000e+01 1.560000e+02
9.350000e+01 1.608000e+02
9.550000e+01 1.662000e+02
9.800000e+01 1.716000e+02
1.015000e+02 1.806000e+02
1.040000e+02 1.872000e+02
1.065000e+02 1.938000e+02
1.080000e+02 1.974000e+02
1.110000e+02 2.034000e+02
1.140000e+02 2.100000e+02
1.175000e+02 2.196000e+02
1.200000e+02 2.250000e+02
1.220000e+02 2.304000e+02
1.245000e+02 2.358000e+02
1.260000e+02 2.400000e+02
1.275000e+02 2.436000e+02
1.290000e+02 2.466000e+02
1.305000e+02 2.490000e+02
1.315000e+02 2.508000e+02
1.325000e+02 2.526000e+02
1.330000e+02 2.532000e+02
1.335000e+02 2.544000e+02
1.340000e+02 2.550000e+02
1.345000e+02 2.550000e+02
1.345000e+02 2.556000e+02
1.350000e+02 2.556000e+02
1.350000e+02 2.556000e+02
1.355000e+02 2.550000e+02
1.365000e+02 2.544000e+02
1.380000e+02 2.532000e+02
1.405000e+02 2.514000e+02
1.440000e+02 2.490000e+02
1.485000e+02 2.460000e+02
1.540000e+02 2.430000e+02
1.600000e+02 2.400000e+02
1.670000e+02 2.364000e+02
1.745000e+02 2.328000e+02
1.835000e+02 2.292000e+02
1.935000e+02 2.250000e+02
2.040000e+02 2.208000e+02
2.150000e+02 2.172000e+02
2.320000e+02 2.106000e+02
2.460000e+02 2.058000e+02
2.580000e+02 2.016000e+02
2.710000e+02 1.974000e+02
2.850000e+02 1.932000e+02
2.985000e+02 1.884000e+02
3.135000e+02 1.842000e+02
3.280000e+02 1.794000e+02
3.420000e+02 1.752000e+02
3.560000e+02 1.704000e+02
3.690000e+02 1.668000e+02
3.830000e+02 1.626000e+02
4.015000e+02 1.566000e+02
4.185000e+02 1.524000e+02
4.290000e+02 1.488000e+02
4.390000e+02 1.464000e+02
4.475000e+02 1.440000e+02
4.550000e+02 1.422000e+02
4.610000e+02 1.404000e+02
4.665000e+02 1.386000e+02
4.710000e+02 1.374000e+02
4.745000e+02 1.368000e+02
4.770000e+02 1.356000e+02
4.795000e+02 1.350000e+02
4.810000e+02 1.344000e+02
4.820000e+02 1.338000e+02
4.825000e+02 1.338000e+02
4.835000e+02 1.338000e+02
4.835000e+02 1.338000e+02
4.840000e+02 1.338000e+02
4.840000e+02 1.338000e+02
