2.335000e+02 1.122000e+02
2.335000e+02 1.122000e+02
2.335000e+02 1.128000e+02
2.340000e+02 1.146000e+02
2.345000e+02 1.176000e+02
2.355000e+02 1.212000e+02
2.360000e+02 1.254000e+02
2.370000e+02 1.302000e+02
2.380000e+02 1.338000e+02
2.385000e+02 1.386000e+02
2.400000e+02 1.446000e+02
2.410000e+02 1.482000e+02
2.420000e+02 1.524000e+02
2.435000e+02 1.572000e+02
2.450000e+02 1.614000e+02
2.460000e+02 1.656000e+02
2.475000e+02 1.698000e+02
2.490000e+02 1.746000e+02
2.500000e+02 1.788000e+02
2.515000e+02 1.836000e+02
2.525000e+02 1.884000e+02
2.535000e+02 1.932000e+02
2.545000e+02 1.980000e+02
2.560000e+02 2.064000e+02
2.575000e+02 2.118000e+02
2.590000e+02 2.172000e+02
2.600000e+02 2.226000e+02
2.610000e+02 2.274000e+02
2.625000e+02 2.340000e+02
2.635000e+02 2.388000e+02
2.645000e+02 2.448000e+02
2.655000e+02 2.508000e+02
2.665000e+02 2.562000e+02
2.675000e+02 2.628000e+02
2.685000e+02 2.676000e+02
2.700000e+02 2.754000e+02
2.710000e+02 2.808000e+02
2.715000e+02 2.862000e+02
2.725000e+02 2.910000e+02
2.740000e+02 2.958000e+02
2.745000e+02 3.006000e+02
2.750000e+02 3.048000e+02
2.760000e+02 3.096000e+02
2.765000e+02 3.138000e+02
2.775000e+02 3.180000e+02
2.785000e+02 3.228000e+02
2.790000e+02 3.276000e+02
2.800000e+02 3.312000e+02
2.805000e+02 3.354000e+02
2.815000e+02 3.390000e+02
2.825000e+02 3.432000e+02
2.835000e+02 3.468000e+02
2.845000e+02 3.498000e+02
2.860000e+02 3.528000e+02
2.870000e+02 3.564000e+02
2.880000e+02 3.600000e+02
2.890000e+02 3.630000e+02
2.905000e+02 3.666000e+02
2.915000e+02 3.708000e+02
2.925000e+02 3.750000e+02
2.945000e+02 3.804000e+02
2.960000e+02 3.846000e+02
2.970000e+02 3.888000e+02
2.980000e+02 3.930000e+02
2.985000e+02 3.948000e+02
3.000000e+02 4.008000e+02
3.005000e+02 4.050000e+02
3.010000e+02 4.086000e+02
3.015000e+02 4.134000e+02
3.020000e+02 4.176000e+02
3.020000e+02 4.200000e+02
3.025000e+02 4.218000e+02
3.025000e+02 4.236000e+02
3.030000e+02 4.248000e+02
3.030000e+02 4.260000e+02
3.035000e+02 4.272000e+02
3.035000e+02 4.296000e+02
3.040000e+02 4.338000e+02
3.045000e+02 4.356000e+02
3.045000e+02 4.356000e+02
