3.530000e+02 1.002000e+02
3.530000e+02 1.002000e+02
3.525000e+02 1.008000e+02
3.520000e+02 1.026000e+02
3.515000e+02 1.050000e+02
3.500000e+02 1.104000e+02
3.485000e+02 1.158000e+02
3.465000e+02 1.212000e+02
3.445000e+02 1.278000e+02
3.435000e+02 1.332000e+02
3.415000e+02 1.398000e+02
3.405000e+02 1.458000e+02
3.390000e+02 1.518000e+02
3.375000e+02 1.584000e+02
3.365000e+02 1.650000e+02
3.340000e+02 1.758000e+02
3.325000e+02 1.830000e+02
3.310000e+02 1.914000e+02
3.295000e+02 1.998000e+02
3.285000e+02 2.082000e+02
3.270000e+02 2.160000e+02
3.255000e+02 2.238000e+02
3.245000e+02 2.316000e+02
3.230000e+02 2.388000e+02
3.220000e+02 2.460000e+02
3.205000e+02 2.526000e+02
3.195000e+02 2.592000e+02
3.185000e+02 2.664000e+02
3.175000e+02 2.742000e+02
3.165000e+02 2.820000e+02
3.150000e+02 2.928000e+02
3.140000e+02 2.994000e+02
3.135000e+02 3.060000e+02
3.125000e+02 3.126000e+02
3.120000e+02 3.186000e+02
3.115000e+02 3.252000e+02
3.110000e+02 3.312000e+02
3.100000e+02 3.378000e+02
3.090000e+02 3.438000e+02
3.085000e+02 3.486000e+02
3.080000e+02 3.534000e+02
3.070000e+02 3.588000e+02
3.065000e+02 3.648000e+02
3.055000e+02 3.696000e+02
3.050000e+02 3.744000e+02
3.045000e+02 3.786000e+02
3.045000e+02 3.840000e+02
3.040000e+02 3.888000e+02
3.035000e+02 3.936000e+02
3.035000e+02 3.984000e+02
3.035000e+02 4.032000e+02
3.030000e+02 4.074000e+02
3.030000e+02 4.110000e+02
3.025000e+02 4.164000e+02
3.020000e+02 4.188000e+02
3.020000e+02 4.206000e+02
3.020000e+02 4.224000e+02
3.015000e+02 4.230000e+02
3.015000e+02 4.242000e+02
3.010000e+02 4.254000e+02
3.010000e+02 4.260000e+02
3.010000e+02 4.272000e+02
3.010000e+02 4.278000e+02
3.010000e+02 4.290000e+02
3.005000e+02 4.302000e+02
3.005000e+02 4.308000e+02
3.000000e+02 4.320000e+02
2.995000e+02 4.338000e+02
2.985000e+02 4.374000e+02
2.985000e+02 4.374000e+02
