2.490000e+02 4.140000e+02
2.490000e+02 4.140000e+02
2.485000e+02 4.140000e+02
2.485000e+02 4.140000e+02
2.480000e+02 4.140000e+02
2.480000e+02 4.140000e+02
2.475000e+02 4.140000e+02
2.475000e+02 4.134000e+02
2.465000e+02 4.098000e+02
2.445000e+02 3.996000e+02
2.435000e+02 3.924000e+02
2.425000e+02 3.834000e+02
2.420000e+02 3.744000e+02
2.415000e+02 3.642000e+02
2.410000e+02 3.546000e+02
2.405000e+02 3.450000e+02
2.400000e+02 3.348000e+02
2.400000e+02 3.246000e+02
2.395000e+02 3.138000e+02
2.390000e+02 3.024000e+02
2.385000e+02 2.868000e+02
2.380000e+02 2.766000e+02
2.375000e+02 2.712000e+02
2.370000e+02 2.550000e+02
2.370000e+02 2.442000e+02
2.365000e+02 2.340000e+02
2.365000e+02 2.238000e+02
2.365000e+02 2.136000e+02
2.365000e+02 2.028000e+02
2.370000e+02 1.926000e+02
2.370000e+02 1.830000e+02
2.370000e+02 1.740000e+02
2.370000e+02 1.644000e+02
2.370000e+02 1.548000e+02
2.370000e+02 1.422000e+02
2.370000e+02 1.332000e+02
2.370000e+02 1.260000e+02
2.365000e+02 1.224000e+02
2.365000e+02 1.152000e+02
2.365000e+02 1.050000e+02
2.360000e+02 9.300000e+01
2.360000e+02 8.820000e+01
2.360000e+02 8.400000e+01
2.360000e+02 8.040000e+01
2.360000e+02 7.500000e+01
2.360000e+02 6.960000e+01
2.365000e+02 6.480000e+01
2.365000e+02 6.060000e+01
2.375000e+02 5.640000e+01
2.380000e+02 5.340000e+01
2.380000e+02 5.340000e+01
2.380000e+02 5.340000e+01
