1.355000e+02 1.728000e+02
1.355000e+02 1.728000e+02
1.350000e+02 1.728000e+02
1.345000e+02 1.728000e+02
1.345000e+02 1.728000e+02
1.345000e+02 1.728000e+02
1.355000e+02 1.734000e+02
1.370000e+02 1.734000e+02
1.405000e+02 1.740000e+02
1.440000e+02 1.746000e+02
1.480000e+02 1.746000e+02
1.545000e+02 1.752000e+02
1.590000e+02 1.746000e+02
1.640000e+02 1.746000e+02
1.690000e+02 1.740000e+02
1.745000e+02 1.734000e+02
1.800000e+02 1.728000e+02
1.860000e+02 1.722000e+02
1.920000e+02 1.710000e+02
1.980000e+02 1.704000e+02
2.045000e+02 1.698000e+02
2.105000e+02 1.698000e+02
2.180000e+02 1.698000e+02
2.240000e+02 1.692000e+02
2.315000e+02 1.692000e+02
2.380000e+02 1.686000e+02
2.415000e+02 1.686000e+02
2.520000e+02 1.686000e+02
2.615000e+02 1.692000e+02
2.685000e+02 1.704000e+02
2.750000e+02 1.716000e+02
2.820000e+02 1.734000e+02
2.895000e+02 1.764000e+02
2.960000e+02 1.794000e+02
3.030000e+02 1.824000e+02
3.090000e+02 1.854000e+02
3.160000e+02 1.878000e+02
3.225000e+02 1.902000e+02
3.315000e+02 1.932000e+02
3.375000e+02 1.944000e+02
3.440000e+02 1.962000e+02
3.505000e+02 1.980000e+02
3.570000e+02 1.998000e+02
3.630000e+02 2.010000e+02
3.720000e+02 2.028000e+02
3.785000e+02 2.034000e+02
3.850000e+02 2.040000e+02
3.915000e+02 2.046000e+02
3.975000e+02 2.052000e+02
4.045000e+02 2.052000e+02
4.180000e+02 2.058000e+02
4.265000e+02 2.064000e+02
4.295000e+02 2.064000e+02
4.380000e+02 2.064000e+02
4.470000e+02 2.064000e+02
4.530000e+02 2.064000e+02
4.615000e+02 2.070000e+02
4.700000e+02 2.070000e+02
4.730000e+02 2.070000e+02
4.785000e+02 2.064000e+02
4.860000e+02 2.058000e+02
4.910000e+02 2.058000e+02
4.960000e+02 2.058000e+02
5.030000e+02 2.058000e+02
5.065000e+02 2.052000e+02
5.095000e+02 2.052000e+02
5.120000e+02 2.052000e+02
5.140000e+02 2.058000e+02
5.165000e+02 2.058000e+02
5.175000e+02 2.058000e+02
5.190000e+02 2.058000e+02
5.200000e+02 2.058000e+02
5.205000e+02 2.058000e+02
5.215000e+02 2.058000e+02
5.220000e+02 2.064000e+02
5.225000e+02 2.064000e+02
5.230000e+02 2.064000e+02
5.235000e+02 2.064000e+02
5.240000e+02 2.064000e+02
5.250000e+02 2.058000e+02
5.250000e+02 2.058000e+02
