2.384000e+02 8.160000e+01
2.400000e+02 8.400000e+01
2.448000e+02 9.120000e+01
2.496000e+02 9.680000e+01
2.608000e+02 1.120000e+02
2.680000e+02 1.184000e+02
2.808000e+02 1.352000e+02
2.864000e+02 1.424000e+02
3.032000e+02 1.600000e+02
3.096000e+02 1.688000e+02
3.224000e+02 1.848000e+02
3.368000e+02 2.008000e+02
3.424000e+02 2.072000e+02
3.520000e+02 2.208000e+02
3.568000e+02 2.264000e+02
3.616000e+02 2.352000e+02
3.648000e+02 2.408000e+02
3.688000e+02 2.480000e+02
3.704000e+02 2.504000e+02
3.736000e+02 2.568000e+02
3.744000e+02 2.592000e+02
3.792000e+02 2.648000e+02
3.808000e+02 2.672000e+02
3.864000e+02 2.760000e+02
3.896000e+02 2.816000e+02
3.976000e+02 2.936000e+02
3.992000e+02 2.960000e+02
4.040000e+02 3.048000e+02
4.072000e+02 3.088000e+02
4.104000e+02 3.152000e+02
4.136000e+02 3.200000e+02
4.168000e+02 3.256000e+02
4.184000e+02 3.296000e+02
4.232000e+02 3.384000e+02
4.248000e+02 3.408000e+02
4.280000e+02 3.448000e+02
4.312000e+02 3.480000e+02
4.336000e+02 3.512000e+02
4.352000e+02 3.536000e+02
4.368000e+02 3.568000e+02
4.376000e+02 3.576000e+02
4.400000e+02 3.600000e+02
4.408000e+02 3.608000e+02
4.408000e+02 3.616000e+02
4.392000e+02 3.624000e+02
4.368000e+02 3.624000e+02
4.304000e+02 3.624000e+02
4.256000e+02 3.632000e+02
4.120000e+02 3.632000e+02
3.952000e+02 3.632000e+02
3.880000e+02 3.632000e+02
3.808000e+02 3.632000e+02
3.696000e+02 3.656000e+02
3.600000e+02 3.664000e+02
3.552000e+02 3.664000e+02
3.440000e+02 3.672000e+02
3.408000e+02 3.672000e+02
3.320000e+02 3.672000e+02
3.272000e+02 3.672000e+02
3.152000e+02 3.672000e+02
3.088000e+02 3.672000e+02
2.936000e+02 3.672000e+02
2.864000e+02 3.672000e+02
2.712000e+02 3.672000e+02
2.560000e+02 3.672000e+02
2.504000e+02 3.672000e+02
2.392000e+02 3.672000e+02
2.352000e+02 3.672000e+02
2.240000e+02 3.672000e+02
2.192000e+02 3.672000e+02
2.120000e+02 3.672000e+02
2.048000e+02 3.672000e+02
2.024000e+02 3.672000e+02
1.976000e+02 3.672000e+02
1.968000e+02 3.672000e+02
1.952000e+02 3.672000e+02
1.928000e+02 3.672000e+02
1.896000e+02 3.680000e+02
1.888000e+02 3.680000e+02
1.880000e+02 3.688000e+02
1.872000e+02 3.688000e+02
1.888000e+02 3.688000e+02
1.888000e+02 3.680000e+02
1.928000e+02 3.648000e+02
1.968000e+02 3.632000e+02
2.032000e+02 3.584000e+02
2.080000e+02 3.544000e+02
2.168000e+02 3.488000e+02
2.208000e+02 3.456000e+02
2.320000e+02 3.368000e+02
2.416000e+02 3.248000e+02
2.472000e+02 3.192000e+02
2.528000e+02 3.128000e+02
2.624000e+02 3.032000e+02
2.680000e+02 2.976000e+02
2.792000e+02 2.888000e+02
2.880000e+02 2.808000e+02
2.936000e+02 2.752000e+02
3.024000e+02 2.640000e+02
3.056000e+02 2.592000e+02
3.176000e+02 2.424000e+02
3.216000e+02 2.360000e+02
3.336000e+02 2.192000e+02
3.408000e+02 2.112000e+02
3.504000e+02 1.984000e+02
3.576000e+02 1.920000e+02
3.656000e+02 1.856000e+02
3.696000e+02 1.816000e+02
3.776000e+02 1.752000e+02
3.824000e+02 1.720000e+02
3.920000e+02 1.648000e+02
3.960000e+02 1.608000e+02
4.040000e+02 1.528000e+02
4.136000e+02 1.432000e+02
4.176000e+02 1.392000e+02
4.256000e+02 1.320000e+02
4.280000e+02 1.304000e+02
4.368000e+02 1.232000e+02
4.400000e+02 1.208000e+02
4.448000e+02 1.144000e+02
4.464000e+02 1.128000e+02
4.488000e+02 1.104000e+02
4.512000e+02 1.080000e+02
4.544000e+02 1.048000e+02
4.568000e+02 1.032000e+02
4.608000e+02 1.008000e+02
4.624000e+02 9.920000e+01
4.648000e+02 9.760000e+01
4.664000e+02 9.680000e+01
4.680000e+02 9.520000e+01
4.712000e+02 9.200000e+01
4.728000e+02 9.120000e+01
4.760000e+02 8.800000e+01
4.768000e+02 8.800000e+01
4.776000e+02 8.720000e+01
