1.880000e+02 1.512000e+02
1.880000e+02 1.512000e+02
1.885000e+02 1.506000e+02
1.910000e+02 1.500000e+02
1.960000e+02 1.476000e+02
2.035000e+02 1.452000e+02
2.125000e+02 1.428000e+02
2.230000e+02 1.404000e+02
2.430000e+02 1.380000e+02
2.560000e+02 1.368000e+02
2.695000e+02 1.356000e+02
2.835000e+02 1.350000e+02
2.985000e+02 1.338000e+02
3.140000e+02 1.332000e+02
3.290000e+02 1.314000e+02
3.435000e+02 1.302000e+02
3.560000e+02 1.290000e+02
3.680000e+02 1.278000e+02
3.795000e+02 1.260000e+02
3.885000e+02 1.248000e+02
3.965000e+02 1.230000e+02
4.045000e+02 1.224000e+02
4.115000e+02 1.212000e+02
4.225000e+02 1.200000e+02
4.290000e+02 1.188000e+02
4.345000e+02 1.188000e+02
4.395000e+02 1.182000e+02
4.440000e+02 1.182000e+02
4.470000e+02 1.176000e+02
4.495000e+02 1.176000e+02
4.515000e+02 1.176000e+02
4.535000e+02 1.176000e+02
4.555000e+02 1.176000e+02
4.565000e+02 1.176000e+02
4.570000e+02 1.182000e+02
4.575000e+02 1.182000e+02
4.580000e+02 1.182000e+02
4.580000e+02 1.182000e+02
4.585000e+02 1.188000e+02
4.585000e+02 1.188000e+02
4.585000e+02 1.194000e+02
4.585000e+02 1.194000e+02
4.585000e+02 1.206000e+02
4.585000e+02 1.218000e+02
4.580000e+02 1.236000e+02
4.575000e+02 1.272000e+02
4.570000e+02 1.320000e+02
4.565000e+02 1.368000e+02
4.550000e+02 1.434000e+02
4.540000e+02 1.506000e+02
4.525000e+02 1.590000e+02
4.510000e+02 1.674000e+02
4.490000e+02 1.764000e+02
4.455000e+02 1.908000e+02
4.430000e+02 1.992000e+02
4.400000e+02 2.142000e+02
4.385000e+02 2.244000e+02
4.365000e+02 2.346000e+02
4.345000e+02 2.436000e+02
4.320000e+02 2.532000e+02
4.300000e+02 2.628000e+02
4.280000e+02 2.712000e+02
4.265000e+02 2.790000e+02
4.250000e+02 2.862000e+02
4.240000e+02 2.922000e+02
4.230000e+02 2.982000e+02
4.215000e+02 3.030000e+02
4.210000e+02 3.066000e+02
4.205000e+02 3.096000e+02
4.200000e+02 3.114000e+02
4.195000e+02 3.138000e+02
4.195000e+02 3.150000e+02
4.190000e+02 3.162000e+02
4.190000e+02 3.168000e+02
4.185000e+02 3.174000e+02
4.185000e+02 3.180000e+02
4.185000e+02 3.180000e+02
4.185000e+02 3.186000e+02
4.180000e+02 3.186000e+02
4.180000e+02 3.186000e+02
4.170000e+02 3.192000e+02
4.165000e+02 3.192000e+02
4.155000e+02 3.192000e+02
4.130000e+02 3.198000e+02
4.080000e+02 3.198000e+02
3.995000e+02 3.204000e+02
3.895000e+02 3.210000e+02
3.795000e+02 3.210000e+02
3.690000e+02 3.216000e+02
3.575000e+02 3.216000e+02
3.435000e+02 3.222000e+02
3.225000e+02 3.228000e+02
3.085000e+02 3.234000e+02
2.865000e+02 3.246000e+02
2.635000e+02 3.264000e+02
2.480000e+02 3.282000e+02
2.335000e+02 3.306000e+02
2.200000e+02 3.330000e+02
2.080000e+02 3.354000e+02
1.985000e+02 3.378000e+02
1.910000e+02 3.396000e+02
1.835000e+02 3.408000e+02
1.780000e+02 3.420000e+02
1.715000e+02 3.432000e+02
1.690000e+02 3.438000e+02
1.670000e+02 3.438000e+02
1.660000e+02 3.438000e+02
1.650000e+02 3.438000e+02
1.640000e+02 3.438000e+02
1.635000e+02 3.432000e+02
1.635000e+02 3.432000e+02
1.630000e+02 3.432000e+02
1.630000e+02 3.426000e+02
1.625000e+02 3.420000e+02
1.625000e+02 3.414000e+02
1.630000e+02 3.402000e+02
1.630000e+02 3.396000e+02
1.635000e+02 3.390000e+02
1.640000e+02 3.372000e+02
1.650000e+02 3.336000e+02
1.660000e+02 3.288000e+02
1.675000e+02 3.210000e+02
1.685000e+02 3.144000e+02
1.700000e+02 3.066000e+02
1.710000e+02 2.994000e+02
1.725000e+02 2.922000e+02
1.735000e+02 2.850000e+02
1.755000e+02 2.760000e+02
1.770000e+02 2.676000e+02
1.795000e+02 2.532000e+02
1.820000e+02 2.418000e+02
1.845000e+02 2.304000e+02
1.865000e+02 2.190000e+02
1.885000e+02 2.070000e+02
1.900000e+02 1.956000e+02
1.910000e+02 1.866000e+02
1.915000e+02 1.782000e+02
1.920000e+02 1.704000e+02
1.920000e+02 1.638000e+02
1.920000e+02 1.590000e+02
1.920000e+02 1.542000e+02
1.920000e+02 1.500000e+02
1.915000e+02 1.470000e+02
1.915000e+02 1.452000e+02
1.915000e+02 1.428000e+02
1.910000e+02 1.416000e+02
1.910000e+02 1.404000e+02
1.910000e+02 1.398000e+02
1.905000e+02 1.398000e+02
1.905000e+02 1.392000e+02
1.905000e+02 1.392000e+02
1.905000e+02 1.398000e+02
1.905000e+02 1.398000e+02
1.905000e+02 1.398000e+02
