2.145000e+02 1.548000e+02
2.145000e+02 1.548000e+02
2.145000e+02 1.548000e+02
2.150000e+02 1.548000e+02
2.155000e+02 1.542000e+02
2.180000e+02 1.536000e+02
2.225000e+02 1.524000e+02
2.300000e+02 1.512000e+02
2.400000e+02 1.494000e+02
2.520000e+02 1.470000e+02
2.630000e+02 1.452000e+02
2.745000e+02 1.434000e+02
2.865000e+02 1.422000e+02
2.975000e+02 1.404000e+02
3.165000e+02 1.386000e+02
3.270000e+02 1.374000e+02
3.385000e+02 1.368000e+02
3.495000e+02 1.362000e+02
3.605000e+02 1.356000e+02
3.720000e+02 1.350000e+02
3.820000e+02 1.344000e+02
3.950000e+02 1.344000e+02
4.060000e+02 1.338000e+02
4.150000e+02 1.338000e+02
4.195000e+02 1.338000e+02
4.230000e+02 1.338000e+02
4.260000e+02 1.338000e+02
4.285000e+02 1.332000e+02
4.310000e+02 1.332000e+02
4.325000e+02 1.332000e+02
4.335000e+02 1.332000e+02
4.340000e+02 1.338000e+02
4.345000e+02 1.338000e+02
4.350000e+02 1.338000e+02
4.355000e+02 1.344000e+02
4.355000e+02 1.344000e+02
4.360000e+02 1.350000e+02
4.360000e+02 1.356000e+02
4.360000e+02 1.362000e+02
4.360000e+02 1.374000e+02
4.355000e+02 1.392000e+02
4.345000e+02 1.422000e+02
4.340000e+02 1.464000e+02
4.330000e+02 1.512000e+02
4.310000e+02 1.602000e+02
4.300000e+02 1.662000e+02
4.290000e+02 1.740000e+02
4.280000e+02 1.818000e+02
4.270000e+02 1.896000e+02
4.260000e+02 1.974000e+02
4.245000e+02 2.064000e+02
4.235000e+02 2.148000e+02
4.220000e+02 2.244000e+02
4.205000e+02 2.328000e+02
4.195000e+02 2.418000e+02
4.185000e+02 2.514000e+02
4.180000e+02 2.598000e+02
4.170000e+02 2.712000e+02
4.160000e+02 2.802000e+02
4.145000e+02 2.880000e+02
4.135000e+02 2.982000e+02
4.110000e+02 3.108000e+02
4.095000e+02 3.180000e+02
4.075000e+02 3.252000e+02
4.060000e+02 3.312000e+02
4.045000e+02 3.360000e+02
4.035000e+02 3.408000e+02
4.030000e+02 3.450000e+02
4.025000e+02 3.480000e+02
4.020000e+02 3.498000e+02
4.015000e+02 3.510000e+02
4.015000e+02 3.522000e+02
4.015000e+02 3.528000e+02
4.010000e+02 3.534000e+02
4.010000e+02 3.534000e+02
4.005000e+02 3.540000e+02
4.005000e+02 3.540000e+02
4.000000e+02 3.540000e+02
3.990000e+02 3.540000e+02
3.980000e+02 3.540000e+02
3.955000e+02 3.540000e+02
3.915000e+02 3.528000e+02
3.835000e+02 3.522000e+02
3.735000e+02 3.510000e+02
3.650000e+02 3.492000e+02
3.550000e+02 3.480000e+02
3.435000e+02 3.462000e+02
3.330000e+02 3.444000e+02
3.220000e+02 3.432000e+02
3.105000e+02 3.426000e+02
2.990000e+02 3.420000e+02
2.860000e+02 3.420000e+02
2.740000e+02 3.420000e+02
2.615000e+02 3.426000e+02
2.495000e+02 3.438000e+02
2.380000e+02 3.450000e+02
2.265000e+02 3.468000e+02
2.170000e+02 3.480000e+02
2.045000e+02 3.504000e+02
2.005000e+02 3.510000e+02
1.945000e+02 3.516000e+02
1.885000e+02 3.522000e+02
1.825000e+02 3.528000e+02
1.800000e+02 3.534000e+02
1.785000e+02 3.534000e+02
1.770000e+02 3.534000e+02
1.760000e+02 3.534000e+02
1.755000e+02 3.534000e+02
1.750000e+02 3.528000e+02
1.745000e+02 3.528000e+02
1.745000e+02 3.528000e+02
1.745000e+02 3.522000e+02
1.745000e+02 3.522000e+02
1.750000e+02 3.516000e+02
1.750000e+02 3.504000e+02
1.760000e+02 3.486000e+02
1.765000e+02 3.450000e+02
1.780000e+02 3.420000e+02
1.790000e+02 3.372000e+02
1.810000e+02 3.312000e+02
1.825000e+02 3.258000e+02
1.850000e+02 3.156000e+02
1.865000e+02 3.078000e+02
1.880000e+02 3.006000e+02
1.895000e+02 2.916000e+02
1.910000e+02 2.826000e+02
1.920000e+02 2.718000e+02
1.935000e+02 2.616000e+02
1.950000e+02 2.520000e+02
1.965000e+02 2.406000e+02
1.980000e+02 2.286000e+02
1.990000e+02 2.190000e+02
2.005000e+02 2.088000e+02
2.015000e+02 1.998000e+02
2.025000e+02 1.920000e+02
2.035000e+02 1.794000e+02
2.045000e+02 1.734000e+02
2.050000e+02 1.704000e+02
2.065000e+02 1.626000e+02
2.075000e+02 1.590000e+02
2.085000e+02 1.554000e+02
2.090000e+02 1.524000e+02
2.100000e+02 1.488000e+02
2.105000e+02 1.470000e+02
2.110000e+02 1.452000e+02
2.110000e+02 1.440000e+02
2.115000e+02 1.434000e+02
2.115000e+02 1.428000e+02
2.115000e+02 1.422000e+02
2.120000e+02 1.416000e+02
2.120000e+02 1.416000e+02
2.120000e+02 1.416000e+02
2.125000e+02 1.422000e+02
2.125000e+02 1.422000e+02
