1.055000e+02 3.156000e+02
1.055000e+02 3.156000e+02
1.045000e+02 3.162000e+02
1.045000e+02 3.162000e+02
1.040000e+02 3.168000e+02
1.040000e+02 3.174000e+02
1.040000e+02 3.174000e+02
1.050000e+02 3.186000e+02
1.075000e+02 3.192000e+02
1.110000e+02 3.204000e+02
1.150000e+02 3.210000e+02
1.200000e+02 3.210000e+02
1.245000e+02 3.210000e+02
1.300000e+02 3.210000e+02
1.350000e+02 3.210000e+02
1.415000e+02 3.204000e+02
1.475000e+02 3.210000e+02
1.575000e+02 3.210000e+02
1.605000e+02 3.216000e+02
1.675000e+02 3.222000e+02
1.735000e+02 3.228000e+02
1.805000e+02 3.228000e+02
1.860000e+02 3.234000e+02
1.925000e+02 3.240000e+02
1.985000e+02 3.246000e+02
2.080000e+02 3.252000e+02
2.140000e+02 3.258000e+02
2.225000e+02 3.270000e+02
2.260000e+02 3.270000e+02
2.315000e+02 3.276000e+02
2.395000e+02 3.288000e+02
2.450000e+02 3.288000e+02
2.495000e+02 3.294000e+02
2.550000e+02 3.294000e+02
2.600000e+02 3.294000e+02
2.655000e+02 3.300000e+02
2.705000e+02 3.300000e+02
2.775000e+02 3.300000e+02
2.805000e+02 3.300000e+02
2.850000e+02 3.294000e+02
2.905000e+02 3.288000e+02
2.955000e+02 3.282000e+02
3.000000e+02 3.276000e+02
3.055000e+02 3.276000e+02
3.105000e+02 3.270000e+02
3.160000e+02 3.270000e+02
3.210000e+02 3.270000e+02
3.265000e+02 3.270000e+02
3.320000e+02 3.276000e+02
3.380000e+02 3.288000e+02
3.435000e+02 3.300000e+02
3.485000e+02 3.318000e+02
3.565000e+02 3.336000e+02
3.615000e+02 3.354000e+02
3.660000e+02 3.366000e+02
3.705000e+02 3.378000e+02
3.750000e+02 3.384000e+02
3.800000e+02 3.396000e+02
3.845000e+02 3.402000e+02
3.910000e+02 3.408000e+02
3.935000e+02 3.408000e+02
3.970000e+02 3.408000e+02
4.010000e+02 3.402000e+02
4.055000e+02 3.396000e+02
4.095000e+02 3.390000e+02
4.135000e+02 3.384000e+02
4.195000e+02 3.378000e+02
4.215000e+02 3.378000e+02
4.255000e+02 3.366000e+02
4.295000e+02 3.360000e+02
4.335000e+02 3.348000e+02
4.375000e+02 3.342000e+02
4.420000e+02 3.336000e+02
4.465000e+02 3.330000e+02
4.505000e+02 3.324000e+02
4.550000e+02 3.324000e+02
4.585000e+02 3.318000e+02
4.625000e+02 3.318000e+02
4.665000e+02 3.312000e+02
4.720000e+02 3.312000e+02
4.735000e+02 3.306000e+02
4.770000e+02 3.306000e+02
4.805000e+02 3.306000e+02
4.830000e+02 3.306000e+02
4.860000e+02 3.306000e+02
4.880000e+02 3.306000e+02
4.905000e+02 3.306000e+02
4.925000e+02 3.312000e+02
4.955000e+02 3.312000e+02
4.965000e+02 3.312000e+02
4.990000e+02 3.306000e+02
5.000000e+02 3.300000e+02
5.010000e+02 3.288000e+02
5.015000e+02 3.282000e+02
5.015000e+02 3.282000e+02
