3.880000e+02 4.284000e+02
3.880000e+02 4.284000e+02
3.870000e+02 4.242000e+02
3.865000e+02 4.200000e+02
3.855000e+02 4.140000e+02
3.845000e+02 4.074000e+02
3.835000e+02 3.996000e+02
3.830000e+02 3.912000e+02
3.820000e+02 3.816000e+02
3.815000e+02 3.720000e+02
3.805000e+02 3.618000e+02
3.800000e+02 3.510000e+02
3.800000e+02 3.408000e+02
3.795000e+02 3.240000e+02
3.795000e+02 3.126000e+02
3.790000e+02 3.000000e+02
3.790000e+02 2.874000e+02
3.790000e+02 2.742000e+02
3.790000e+02 2.628000e+02
3.790000e+02 2.520000e+02
3.790000e+02 2.406000e+02
3.790000e+02 2.292000e+02
3.790000e+02 2.178000e+02
3.795000e+02 2.076000e+02
3.800000e+02 1.968000e+02
3.805000e+02 1.866000e+02
3.810000e+02 1.764000e+02
3.815000e+02 1.650000e+02
3.820000e+02 1.560000e+02
3.830000e+02 1.470000e+02
3.835000e+02 1.380000e+02
3.840000e+02 1.302000e+02
3.850000e+02 1.170000e+02
3.850000e+02 1.134000e+02
3.855000e+02 1.008000e+02
3.860000e+02 9.240000e+01
3.860000e+02 8.460000e+01
3.865000e+02 7.740000e+01
3.865000e+02 7.380000e+01
3.870000e+02 6.420000e+01
3.870000e+02 5.760000e+01
3.875000e+02 5.160000e+01
3.880000e+02 4.560000e+01
3.880000e+02 4.020000e+01
3.885000e+02 3.600000e+01
3.890000e+02 2.940000e+01
3.890000e+02 2.760000e+01
3.890000e+02 2.760000e+01
