2.040000e+02 3.384000e+02
2.040000e+02 3.384000e+02
2.040000e+02 3.378000e+02
2.045000e+02 3.372000e+02
2.045000e+02 3.354000e+02
2.055000e+02 3.324000e+02
2.060000e+02 3.288000e+02
2.075000e+02 3.252000e+02
2.090000e+02 3.198000e+02
2.120000e+02 3.120000e+02
2.140000e+02 3.048000e+02
2.150000e+02 3.018000e+02
2.180000e+02 2.922000e+02
2.205000e+02 2.850000e+02
2.225000e+02 2.784000e+02
2.245000e+02 2.706000e+02
2.260000e+02 2.634000e+02
2.280000e+02 2.550000e+02
2.305000e+02 2.466000e+02
2.335000e+02 2.376000e+02
2.360000e+02 2.280000e+02
2.380000e+02 2.196000e+02
2.405000e+02 2.094000e+02
2.425000e+02 2.004000e+02
2.450000e+02 1.914000e+02
2.480000e+02 1.806000e+02
2.505000e+02 1.716000e+02
2.540000e+02 1.590000e+02
2.555000e+02 1.548000e+02
2.580000e+02 1.476000e+02
2.600000e+02 1.404000e+02
2.615000e+02 1.338000e+02
2.635000e+02 1.290000e+02
2.645000e+02 1.248000e+02
2.660000e+02 1.200000e+02
2.675000e+02 1.158000e+02
2.690000e+02 1.128000e+02
2.710000e+02 1.092000e+02
2.725000e+02 1.056000e+02
2.745000e+02 1.026000e+02
2.770000e+02 9.840000e+01
2.790000e+02 9.660000e+01
2.810000e+02 9.480000e+01
2.830000e+02 9.420000e+01
2.850000e+02 9.360000e+01
2.870000e+02 9.300000e+01
2.910000e+02 9.420000e+01
2.940000e+02 9.540000e+01
2.965000e+02 9.720000e+01
3.010000e+02 1.014000e+02
3.055000e+02 1.062000e+02
3.085000e+02 1.098000e+02
3.115000e+02 1.140000e+02
3.145000e+02 1.188000e+02
3.185000e+02 1.236000e+02
3.215000e+02 1.290000e+02
3.250000e+02 1.344000e+02
3.285000e+02 1.404000e+02
3.325000e+02 1.470000e+02
3.365000e+02 1.530000e+02
3.415000e+02 1.632000e+02
3.455000e+02 1.704000e+02
3.470000e+02 1.740000e+02
3.525000e+02 1.848000e+02
3.560000e+02 1.920000e+02
3.595000e+02 1.986000e+02
3.640000e+02 2.088000e+02
3.660000e+02 2.124000e+02
3.695000e+02 2.202000e+02
3.730000e+02 2.262000e+02
3.760000e+02 2.328000e+02
3.790000e+02 2.394000e+02
3.845000e+02 2.496000e+02
3.870000e+02 2.550000e+02
3.905000e+02 2.610000e+02
3.935000e+02 2.670000e+02
3.950000e+02 2.700000e+02
3.980000e+02 2.754000e+02
4.020000e+02 2.838000e+02
4.050000e+02 2.892000e+02
4.075000e+02 2.946000e+02
4.095000e+02 2.994000e+02
4.120000e+02 3.042000e+02
4.140000e+02 3.090000e+02
4.155000e+02 3.138000e+02
4.170000e+02 3.174000e+02
4.185000e+02 3.210000e+02
4.200000e+02 3.246000e+02
4.215000e+02 3.276000e+02
4.225000e+02 3.300000e+02
4.240000e+02 3.324000e+02
4.245000e+02 3.342000e+02
4.255000e+02 3.360000e+02
4.260000e+02 3.372000e+02
4.265000e+02 3.384000e+02
4.265000e+02 3.384000e+02
