3.010000e+02 3.690000e+02
3.005000e+02 3.714000e+02
3.000000e+02 3.720000e+02
2.995000e+02 3.726000e+02
2.995000e+02 3.732000e+02
2.995000e+02 3.732000e+02
2.990000e+02 3.732000e+02
2.990000e+02 3.720000e+02
2.985000e+02 3.690000e+02
2.980000e+02 3.594000e+02
2.975000e+02 3.516000e+02
2.970000e+02 3.426000e+02
2.970000e+02 3.336000e+02
2.965000e+02 3.246000e+02
2.965000e+02 3.162000e+02
2.970000e+02 3.024000e+02
2.975000e+02 2.928000e+02
2.980000e+02 2.844000e+02
2.985000e+02 2.754000e+02
2.990000e+02 2.670000e+02
3.000000e+02 2.574000e+02
3.005000e+02 2.484000e+02
3.010000e+02 2.394000e+02
3.015000e+02 2.310000e+02
3.020000e+02 2.232000e+02
3.025000e+02 2.154000e+02
3.030000e+02 2.076000e+02
3.035000e+02 1.998000e+02
3.040000e+02 1.926000e+02
3.045000e+02 1.848000e+02
3.050000e+02 1.776000e+02
3.055000e+02 1.692000e+02
3.055000e+02 1.626000e+02
3.060000e+02 1.518000e+02
3.065000e+02 1.422000e+02
3.065000e+02 1.350000e+02
3.070000e+02 1.248000e+02
3.075000e+02 1.182000e+02
3.080000e+02 1.122000e+02
3.085000e+02 1.050000e+02
3.090000e+02 9.900000e+01
3.095000e+02 9.240000e+01
3.100000e+02 8.700000e+01
3.105000e+02 8.160000e+01
3.110000e+02 7.500000e+01
3.115000e+02 7.020000e+01
3.120000e+02 6.660000e+01
3.120000e+02 6.240000e+01
3.125000e+02 5.940000e+01
3.130000e+02 5.580000e+01
3.135000e+02 5.340000e+01
3.135000e+02 5.220000e+01
3.135000e+02 5.220000e+01
