1.885000e+02 1.386000e+02
1.885000e+02 1.386000e+02
1.885000e+02 1.386000e+02
1.885000e+02 1.380000e+02
1.880000e+02 1.380000e+02
1.880000e+02 1.380000e+02
1.885000e+02 1.380000e+02
1.905000e+02 1.416000e+02
1.940000e+02 1.476000e+02
1.980000e+02 1.542000e+02
2.020000e+02 1.626000e+02
2.060000e+02 1.710000e+02
2.095000e+02 1.806000e+02
2.130000e+02 1.908000e+02
2.160000e+02 2.022000e+02
2.195000e+02 2.130000e+02
2.230000e+02 2.238000e+02
2.265000e+02 2.406000e+02
2.280000e+02 2.466000e+02
2.325000e+02 2.658000e+02
2.345000e+02 2.748000e+02
2.370000e+02 2.862000e+02
2.390000e+02 2.964000e+02
2.410000e+02 3.042000e+02
2.435000e+02 3.138000e+02
2.455000e+02 3.204000e+02
2.480000e+02 3.264000e+02
2.500000e+02 3.318000e+02
2.520000e+02 3.354000e+02
2.540000e+02 3.384000e+02
2.560000e+02 3.408000e+02
2.585000e+02 3.432000e+02
2.610000e+02 3.450000e+02
2.620000e+02 3.450000e+02
2.655000e+02 3.450000e+02
2.685000e+02 3.438000e+02
2.725000e+02 3.420000e+02
2.785000e+02 3.384000e+02
2.845000e+02 3.354000e+02
2.915000e+02 3.300000e+02
2.975000e+02 3.264000e+02
3.045000e+02 3.222000e+02
3.120000e+02 3.174000e+02
3.200000e+02 3.126000e+02
3.320000e+02 3.060000e+02
3.410000e+02 3.012000e+02
3.485000e+02 2.970000e+02
3.575000e+02 2.922000e+02
3.665000e+02 2.874000e+02
3.745000e+02 2.826000e+02
3.825000e+02 2.784000e+02
3.910000e+02 2.742000e+02
4.000000e+02 2.688000e+02
4.085000e+02 2.646000e+02
4.180000e+02 2.604000e+02
4.270000e+02 2.550000e+02
4.355000e+02 2.502000e+02
4.455000e+02 2.454000e+02
4.590000e+02 2.382000e+02
4.680000e+02 2.340000e+02
4.760000e+02 2.310000e+02
4.845000e+02 2.274000e+02
4.935000e+02 2.232000e+02
5.020000e+02 2.196000e+02
5.095000e+02 2.172000e+02
5.175000e+02 2.148000e+02
5.240000e+02 2.124000e+02
5.340000e+02 2.088000e+02
5.415000e+02 2.058000e+02
5.475000e+02 2.034000e+02
5.510000e+02 2.022000e+02
5.565000e+02 2.004000e+02
5.645000e+02 1.974000e+02
5.685000e+02 1.956000e+02
5.720000e+02 1.938000e+02
5.760000e+02 1.920000e+02
5.795000e+02 1.902000e+02
5.820000e+02 1.890000e+02
5.840000e+02 1.884000e+02
5.850000e+02 1.878000e+02
5.860000e+02 1.872000e+02
5.865000e+02 1.872000e+02
5.880000e+02 1.872000e+02
5.880000e+02 1.872000e+02
