3.088000e+02 4.200000e+02
3.080000e+02 4.208000e+02
3.080000e+02 4.200000e+02
3.080000e+02 4.152000e+02
3.080000e+02 4.128000e+02
3.080000e+02 4.048000e+02
3.080000e+02 4.016000e+02
3.080000e+02 3.904000e+02
3.080000e+02 3.864000e+02
3.080000e+02 3.752000e+02
3.080000e+02 3.696000e+02
3.080000e+02 3.560000e+02
3.080000e+02 3.424000e+02
3.080000e+02 3.360000e+02
3.080000e+02 3.272000e+02
3.080000e+02 3.224000e+02
3.080000e+02 3.104000e+02
3.080000e+02 3.008000e+02
3.080000e+02 2.832000e+02
3.072000e+02 2.680000e+02
3.072000e+02 2.600000e+02
3.072000e+02 2.496000e+02
3.072000e+02 2.448000e+02
3.072000e+02 2.328000e+02
3.072000e+02 2.264000e+02
3.072000e+02 2.160000e+02
3.072000e+02 2.112000e+02
3.048000e+02 1.992000e+02
3.040000e+02 1.928000e+02
3.016000e+02 1.784000e+02
3.008000e+02 1.712000e+02
2.976000e+02 1.584000e+02
2.976000e+02 1.536000e+02
2.968000e+02 1.456000e+02
2.968000e+02 1.424000e+02
2.968000e+02 1.368000e+02
2.968000e+02 1.320000e+02
2.968000e+02 1.296000e+02
2.968000e+02 1.224000e+02
2.968000e+02 1.192000e+02
2.960000e+02 1.160000e+02
2.960000e+02 1.104000e+02
2.960000e+02 1.056000e+02
2.960000e+02 1.040000e+02
2.960000e+02 9.920000e+01
2.960000e+02 9.760000e+01
2.952000e+02 9.200000e+01
2.952000e+02 9.040000e+01
2.952000e+02 8.720000e+01
2.952000e+02 8.560000e+01
2.952000e+02 8.400000e+01
2.952000e+02 8.320000e+01
2.952000e+02 8.000000e+01
2.952000e+02 7.600000e+01
2.952000e+02 7.120000e+01
2.952000e+02 6.960000e+01
2.952000e+02 6.800000e+01
2.952000e+02 6.640000e+01
2.960000e+02 6.480000e+01
2.960000e+02 6.400000e+01
2.960000e+02 6.000000e+01
2.960000e+02 5.680000e+01
2.960000e+02 5.520000e+01
