1.590000e+02 3.690000e+02
1.605000e+02 3.660000e+02
1.620000e+02 3.624000e+02
1.625000e+02 3.612000e+02
1.635000e+02 3.582000e+02
1.655000e+02 3.534000e+02
1.670000e+02 3.492000e+02
1.690000e+02 3.456000e+02
1.710000e+02 3.420000e+02
1.725000e+02 3.378000e+02
1.745000e+02 3.336000e+02
1.765000e+02 3.294000e+02
1.780000e+02 3.258000e+02
1.790000e+02 3.216000e+02
1.810000e+02 3.174000e+02
1.820000e+02 3.132000e+02
1.835000e+02 3.096000e+02
1.845000e+02 3.048000e+02
1.855000e+02 3.012000e+02
1.865000e+02 2.976000e+02
1.875000e+02 2.934000e+02
1.885000e+02 2.892000e+02
1.890000e+02 2.850000e+02
1.900000e+02 2.796000e+02
1.905000e+02 2.772000e+02
1.915000e+02 2.712000e+02
1.920000e+02 2.676000e+02
1.930000e+02 2.640000e+02
1.935000e+02 2.598000e+02
1.945000e+02 2.556000e+02
1.950000e+02 2.520000e+02
1.960000e+02 2.478000e+02
1.970000e+02 2.436000e+02
1.980000e+02 2.394000e+02
1.990000e+02 2.352000e+02
2.000000e+02 2.304000e+02
2.010000e+02 2.256000e+02
2.020000e+02 2.214000e+02
2.035000e+02 2.166000e+02
2.055000e+02 2.094000e+02
2.070000e+02 2.046000e+02
2.085000e+02 1.998000e+02
2.105000e+02 1.932000e+02
2.125000e+02 1.884000e+02
2.135000e+02 1.854000e+02
2.160000e+02 1.782000e+02
2.180000e+02 1.728000e+02
2.200000e+02 1.680000e+02
2.225000e+02 1.626000e+02
2.240000e+02 1.584000e+02
2.260000e+02 1.536000e+02
2.280000e+02 1.488000e+02
2.295000e+02 1.440000e+02
2.320000e+02 1.392000e+02
2.340000e+02 1.344000e+02
2.365000e+02 1.272000e+02
2.385000e+02 1.224000e+02
2.405000e+02 1.170000e+02
2.430000e+02 1.122000e+02
2.450000e+02 1.068000e+02
2.470000e+02 1.026000e+02
2.490000e+02 9.780000e+01
2.505000e+02 9.360000e+01
2.525000e+02 8.940000e+01
2.540000e+02 8.520000e+01
2.560000e+02 8.040000e+01
2.570000e+02 7.740000e+01
2.580000e+02 7.500000e+01
2.590000e+02 7.200000e+01
2.600000e+02 7.020000e+01
2.605000e+02 6.900000e+01
2.610000e+02 6.900000e+01
2.615000e+02 6.780000e+01
2.615000e+02 6.780000e+01
2.620000e+02 6.720000e+01
2.620000e+02 6.720000e+01
2.625000e+02 6.660000e+01
2.625000e+02 6.660000e+01
2.630000e+02 6.660000e+01
2.635000e+02 6.660000e+01
2.640000e+02 6.720000e+01
2.645000e+02 6.720000e+01
2.650000e+02 6.780000e+01
2.670000e+02 6.960000e+01
2.685000e+02 7.140000e+01
2.700000e+02 7.320000e+01
2.710000e+02 7.380000e+01
2.735000e+02 7.680000e+01
2.755000e+02 7.920000e+01
2.775000e+02 8.220000e+01
2.800000e+02 8.520000e+01
2.825000e+02 8.880000e+01
2.850000e+02 9.180000e+01
2.870000e+02 9.480000e+01
2.900000e+02 9.840000e+01
2.925000e+02 1.020000e+02
2.960000e+02 1.062000e+02
2.985000e+02 1.098000e+02
3.010000e+02 1.134000e+02
3.060000e+02 1.200000e+02
3.090000e+02 1.236000e+02
3.120000e+02 1.284000e+02
3.150000e+02 1.326000e+02
3.185000e+02 1.374000e+02
3.220000e+02 1.422000e+02
3.255000e+02 1.470000e+02
3.290000e+02 1.524000e+02
3.330000e+02 1.572000e+02
3.365000e+02 1.626000e+02
3.395000e+02 1.674000e+02
3.435000e+02 1.728000e+02
3.470000e+02 1.782000e+02
3.500000e+02 1.830000e+02
3.535000e+02 1.884000e+02
3.570000e+02 1.938000e+02
3.605000e+02 1.992000e+02
3.655000e+02 2.070000e+02
3.690000e+02 2.124000e+02
3.725000e+02 2.178000e+02
3.760000e+02 2.226000e+02
3.795000e+02 2.280000e+02
3.825000e+02 2.328000e+02
3.855000e+02 2.382000e+02
3.885000e+02 2.430000e+02
3.915000e+02 2.478000e+02
3.945000e+02 2.532000e+02
3.975000e+02 2.580000e+02
4.005000e+02 2.628000e+02
4.030000e+02 2.682000e+02
4.060000e+02 2.730000e+02
4.090000e+02 2.784000e+02
4.115000e+02 2.826000e+02
4.140000e+02 2.874000e+02
4.160000e+02 2.922000e+02
4.185000e+02 2.970000e+02
4.210000e+02 3.012000e+02
4.235000e+02 3.054000e+02
4.255000e+02 3.090000e+02
4.270000e+02 3.126000e+02
4.290000e+02 3.162000e+02
4.310000e+02 3.198000e+02
4.330000e+02 3.228000e+02
4.345000e+02 3.258000e+02
4.360000e+02 3.282000e+02
4.375000e+02 3.306000e+02
4.395000e+02 3.342000e+02
4.405000e+02 3.360000e+02
4.415000e+02 3.378000e+02
4.420000e+02 3.390000e+02
4.430000e+02 3.408000e+02
4.440000e+02 3.426000e+02
4.445000e+02 3.438000e+02
4.455000e+02 3.450000e+02
4.460000e+02 3.468000e+02
4.465000e+02 3.480000e+02
4.470000e+02 3.486000e+02
4.470000e+02 3.498000e+02
4.475000e+02 3.504000e+02
4.480000e+02 3.504000e+02
4.485000e+02 3.516000e+02
4.485000e+02 3.516000e+02
