2.040000e+02 3.504000e+02
2.040000e+02 3.504000e+02
2.045000e+02 3.492000e+02
2.055000e+02 3.456000e+02
2.075000e+02 3.402000e+02
2.090000e+02 3.372000e+02
2.110000e+02 3.336000e+02
2.145000e+02 3.252000e+02
2.165000e+02 3.198000e+02
2.190000e+02 3.144000e+02
2.230000e+02 3.024000e+02
2.270000e+02 2.898000e+02
2.290000e+02 2.832000e+02
2.335000e+02 2.700000e+02
2.375000e+02 2.568000e+02
2.395000e+02 2.496000e+02
2.435000e+02 2.358000e+02
2.470000e+02 2.214000e+02
2.490000e+02 2.142000e+02
2.530000e+02 2.010000e+02
2.565000e+02 1.878000e+02
2.585000e+02 1.812000e+02
2.625000e+02 1.680000e+02
2.665000e+02 1.572000e+02
2.685000e+02 1.512000e+02
2.705000e+02 1.464000e+02
2.745000e+02 1.374000e+02
2.785000e+02 1.296000e+02
2.805000e+02 1.260000e+02
2.825000e+02 1.236000e+02
2.860000e+02 1.188000e+02
2.890000e+02 1.158000e+02
2.910000e+02 1.146000e+02
2.940000e+02 1.134000e+02
2.970000e+02 1.134000e+02
2.985000e+02 1.146000e+02
3.015000e+02 1.176000e+02
3.040000e+02 1.206000e+02
3.055000e+02 1.224000e+02
3.070000e+02 1.248000e+02
3.105000e+02 1.308000e+02
3.120000e+02 1.338000e+02
3.150000e+02 1.410000e+02
3.185000e+02 1.482000e+02
3.200000e+02 1.524000e+02
3.220000e+02 1.572000e+02
3.260000e+02 1.674000e+02
3.305000e+02 1.788000e+02
3.330000e+02 1.842000e+02
3.375000e+02 1.956000e+02
3.425000e+02 2.070000e+02
3.455000e+02 2.130000e+02
3.510000e+02 2.250000e+02
3.535000e+02 2.310000e+02
3.590000e+02 2.424000e+02
3.645000e+02 2.544000e+02
3.670000e+02 2.598000e+02
3.720000e+02 2.706000e+02
3.770000e+02 2.802000e+02
3.790000e+02 2.850000e+02
3.835000e+02 2.940000e+02
3.870000e+02 3.012000e+02
3.890000e+02 3.048000e+02
3.915000e+02 3.114000e+02
3.925000e+02 3.138000e+02
3.945000e+02 3.180000e+02
3.960000e+02 3.216000e+02
3.965000e+02 3.228000e+02
3.970000e+02 3.246000e+02
3.970000e+02 3.258000e+02
3.970000e+02 3.264000e+02
3.965000e+02 3.264000e+02
3.950000e+02 3.258000e+02
3.940000e+02 3.258000e+02
3.910000e+02 3.246000e+02
3.870000e+02 3.222000e+02
3.845000e+02 3.204000e+02
3.785000e+02 3.168000e+02
3.750000e+02 3.150000e+02
3.675000e+02 3.114000e+02
3.575000e+02 3.072000e+02
3.455000e+02 3.024000e+02
3.390000e+02 3.006000e+02
3.245000e+02 2.970000e+02
3.090000e+02 2.940000e+02
3.010000e+02 2.934000e+02
2.930000e+02 2.922000e+02
2.775000e+02 2.892000e+02
2.615000e+02 2.868000e+02
2.535000e+02 2.856000e+02
2.455000e+02 2.844000e+02
2.295000e+02 2.826000e+02
2.150000e+02 2.808000e+02
2.085000e+02 2.802000e+02
1.950000e+02 2.790000e+02
1.835000e+02 2.778000e+02
1.780000e+02 2.778000e+02
1.690000e+02 2.766000e+02
1.620000e+02 2.754000e+02
1.590000e+02 2.748000e+02
1.550000e+02 2.736000e+02
1.530000e+02 2.718000e+02
1.540000e+02 2.694000e+02
1.590000e+02 2.658000e+02
1.625000e+02 2.640000e+02
1.710000e+02 2.598000e+02
1.760000e+02 2.568000e+02
1.825000e+02 2.538000e+02
1.965000e+02 2.472000e+02
2.120000e+02 2.400000e+02
2.280000e+02 2.322000e+02
2.360000e+02 2.280000e+02
2.525000e+02 2.202000e+02
2.615000e+02 2.154000e+02
2.710000e+02 2.112000e+02
2.895000e+02 2.022000e+02
3.075000e+02 1.938000e+02
3.165000e+02 1.902000e+02
3.340000e+02 1.824000e+02
3.500000e+02 1.764000e+02
3.575000e+02 1.746000e+02
3.710000e+02 1.704000e+02
3.820000e+02 1.680000e+02
3.865000e+02 1.674000e+02
3.940000e+02 1.662000e+02
3.990000e+02 1.656000e+02
4.030000e+02 1.650000e+02
4.050000e+02 1.656000e+02
4.055000e+02 1.668000e+02
4.045000e+02 1.680000e+02
4.015000e+02 1.704000e+02
3.990000e+02 1.722000e+02
3.930000e+02 1.764000e+02
3.855000e+02 1.818000e+02
3.760000e+02 1.890000e+02
3.715000e+02 1.920000e+02
3.605000e+02 1.992000e+02
3.490000e+02 2.070000e+02
3.435000e+02 2.112000e+02
3.380000e+02 2.160000e+02
3.265000e+02 2.250000e+02
3.145000e+02 2.346000e+02
3.085000e+02 2.400000e+02
2.965000e+02 2.502000e+02
2.860000e+02 2.610000e+02
2.810000e+02 2.658000e+02
2.710000e+02 2.760000e+02
2.620000e+02 2.850000e+02
2.575000e+02 2.892000e+02
2.485000e+02 2.976000e+02
2.400000e+02 3.066000e+02
2.320000e+02 3.144000e+02
2.275000e+02 3.192000e+02
2.195000e+02 3.270000e+02
2.120000e+02 3.336000e+02
2.090000e+02 3.372000e+02
2.035000e+02 3.432000e+02
1.990000e+02 3.474000e+02
1.975000e+02 3.492000e+02
1.950000e+02 3.516000e+02
1.935000e+02 3.528000e+02
1.935000e+02 3.534000e+02
1.940000e+02 3.540000e+02
1.945000e+02 3.546000e+02
1.945000e+02 3.546000e+02
