1.190000e+02 2.568000e+02
1.190000e+02 2.568000e+02
1.195000e+02 2.574000e+02
1.200000e+02 2.574000e+02
1.215000e+02 2.586000e+02
1.245000e+02 2.604000e+02
1.285000e+02 2.628000e+02
1.335000e+02 2.646000e+02
1.415000e+02 2.664000e+02
1.475000e+02 2.670000e+02
1.535000e+02 2.676000e+02
1.600000e+02 2.676000e+02
1.670000e+02 2.676000e+02
1.710000e+02 2.676000e+02
1.790000e+02 2.670000e+02
1.860000e+02 2.664000e+02
1.945000e+02 2.664000e+02
2.025000e+02 2.658000e+02
2.110000e+02 2.652000e+02
2.195000e+02 2.652000e+02
2.275000e+02 2.652000e+02
2.400000e+02 2.652000e+02
2.525000e+02 2.652000e+02
2.600000e+02 2.658000e+02
2.720000e+02 2.670000e+02
2.800000e+02 2.676000e+02
2.870000e+02 2.682000e+02
2.955000e+02 2.688000e+02
3.030000e+02 2.688000e+02
3.105000e+02 2.694000e+02
3.180000e+02 2.700000e+02
3.250000e+02 2.706000e+02
3.360000e+02 2.706000e+02
3.395000e+02 2.706000e+02
3.460000e+02 2.700000e+02
3.530000e+02 2.694000e+02
3.595000e+02 2.688000e+02
3.670000e+02 2.682000e+02
3.735000e+02 2.676000e+02
3.805000e+02 2.664000e+02
3.865000e+02 2.658000e+02
3.935000e+02 2.652000e+02
4.000000e+02 2.640000e+02
4.090000e+02 2.622000e+02
4.160000e+02 2.610000e+02
4.215000e+02 2.598000e+02
4.245000e+02 2.592000e+02
4.340000e+02 2.580000e+02
4.400000e+02 2.574000e+02
4.425000e+02 2.574000e+02
4.505000e+02 2.568000e+02
4.555000e+02 2.562000e+02
4.600000e+02 2.556000e+02
4.650000e+02 2.550000e+02
4.695000e+02 2.544000e+02
4.740000e+02 2.532000e+02
4.790000e+02 2.526000e+02
4.830000e+02 2.514000e+02
4.865000e+02 2.502000e+02
4.910000e+02 2.496000e+02
4.940000e+02 2.484000e+02
4.970000e+02 2.472000e+02
4.985000e+02 2.472000e+02
5.005000e+02 2.460000e+02
5.030000e+02 2.448000e+02
5.035000e+02 2.448000e+02
5.035000e+02 2.448000e+02
