5.415000e+02 2.136000e+02
5.415000e+02 2.136000e+02
5.395000e+02 2.130000e+02
5.350000e+02 2.130000e+02
5.270000e+02 2.136000e+02
5.180000e+02 2.148000e+02
5.100000e+02 2.154000e+02
5.025000e+02 2.166000e+02
4.935000e+02 2.178000e+02
4.800000e+02 2.190000e+02
4.700000e+02 2.208000e+02
4.600000e+02 2.220000e+02
4.560000e+02 2.226000e+02
4.400000e+02 2.238000e+02
4.300000e+02 2.250000e+02
4.200000e+02 2.262000e+02
4.090000e+02 2.274000e+02
3.975000e+02 2.280000e+02
3.865000e+02 2.292000e+02
3.755000e+02 2.304000e+02
3.650000e+02 2.310000e+02
3.540000e+02 2.322000e+02
3.420000e+02 2.334000e+02
3.310000e+02 2.340000e+02
3.200000e+02 2.352000e+02
3.035000e+02 2.364000e+02
2.850000e+02 2.382000e+02
2.740000e+02 2.394000e+02
2.575000e+02 2.412000e+02
2.415000e+02 2.418000e+02
2.295000e+02 2.424000e+02
2.135000e+02 2.430000e+02
2.030000e+02 2.436000e+02
1.925000e+02 2.442000e+02
1.815000e+02 2.448000e+02
1.655000e+02 2.454000e+02
1.605000e+02 2.454000e+02
1.465000e+02 2.454000e+02
1.380000e+02 2.454000e+02
1.300000e+02 2.448000e+02
1.215000e+02 2.448000e+02
1.140000e+02 2.454000e+02
1.075000e+02 2.454000e+02
1.000000e+02 2.460000e+02
9.350000e+01 2.478000e+02
9.350000e+01 2.478000e+02
