1.190000e+02 1.518000e+02
1.190000e+02 1.518000e+02
1.185000e+02 1.512000e+02
1.185000e+02 1.506000e+02
1.185000e+02 1.500000e+02
1.185000e+02 1.500000e+02
1.190000e+02 1.500000e+02
1.200000e+02 1.512000e+02
1.240000e+02 1.560000e+02
1.270000e+02 1.602000e+02
1.305000e+02 1.650000e+02
1.340000e+02 1.704000e+02
1.375000e+02 1.764000e+02
1.410000e+02 1.824000e+02
1.455000e+02 1.890000e+02
1.495000e+02 1.956000e+02
1.540000e+02 2.028000e+02
1.590000e+02 2.100000e+02
1.635000e+02 2.178000e+02
1.685000e+02 2.256000e+02
1.735000e+02 2.334000e+02
1.775000e+02 2.406000e+02
1.825000e+02 2.484000e+02
1.870000e+02 2.550000e+02
1.915000e+02 2.622000e+02
1.975000e+02 2.712000e+02
2.015000e+02 2.772000e+02
2.060000e+02 2.826000e+02
2.095000e+02 2.874000e+02
2.125000e+02 2.922000e+02
2.155000e+02 2.958000e+02
2.180000e+02 2.988000e+02
2.200000e+02 3.012000e+02
2.220000e+02 3.030000e+02
2.230000e+02 3.042000e+02
2.240000e+02 3.054000e+02
2.255000e+02 3.060000e+02
2.260000e+02 3.066000e+02
2.275000e+02 3.072000e+02
2.285000e+02 3.072000e+02
2.300000e+02 3.066000e+02
2.320000e+02 3.054000e+02
2.350000e+02 3.024000e+02
2.385000e+02 3.000000e+02
2.450000e+02 2.952000e+02
2.505000e+02 2.916000e+02
2.605000e+02 2.844000e+02
2.685000e+02 2.790000e+02
2.765000e+02 2.742000e+02
2.845000e+02 2.682000e+02
2.945000e+02 2.622000e+02
3.040000e+02 2.556000e+02
3.135000e+02 2.496000e+02
3.235000e+02 2.436000e+02
3.335000e+02 2.370000e+02
3.455000e+02 2.304000e+02
3.565000e+02 2.232000e+02
3.675000e+02 2.166000e+02
3.840000e+02 2.064000e+02
3.955000e+02 2.004000e+02
4.130000e+02 1.902000e+02
4.295000e+02 1.818000e+02
4.410000e+02 1.758000e+02
4.520000e+02 1.704000e+02
4.640000e+02 1.656000e+02
4.740000e+02 1.608000e+02
4.845000e+02 1.560000e+02
4.940000e+02 1.524000e+02
5.030000e+02 1.482000e+02
5.115000e+02 1.452000e+02
5.190000e+02 1.422000e+02
5.255000e+02 1.392000e+02
5.340000e+02 1.362000e+02
5.425000e+02 1.332000e+02
5.465000e+02 1.314000e+02
5.520000e+02 1.296000e+02
5.550000e+02 1.284000e+02
5.560000e+02 1.278000e+02
5.595000e+02 1.272000e+02
5.610000e+02 1.266000e+02
5.620000e+02 1.260000e+02
5.630000e+02 1.260000e+02
5.640000e+02 1.254000e+02
5.645000e+02 1.254000e+02
5.650000e+02 1.254000e+02
5.650000e+02 1.254000e+02
5.655000e+02 1.254000e+02
5.660000e+02 1.254000e+02
5.660000e+02 1.254000e+02
5.660000e+02 1.254000e+02
5.660000e+02 1.248000e+02
5.660000e+02 1.248000e+02
5.660000e+02 1.248000e+02
5.665000e+02 1.248000e+02
5.665000e+02 1.254000e+02
5.665000e+02 1.254000e+02
5.660000e+02 1.254000e+02
5.660000e+02 1.260000e+02
5.660000e+02 1.260000e+02
