1.620000e+02 4.128000e+02
1.620000e+02 4.128000e+02
1.620000e+02 4.128000e+02
1.620000e+02 4.122000e+02
1.620000e+02 4.110000e+02
1.640000e+02 4.044000e+02
1.680000e+02 3.972000e+02
1.720000e+02 3.888000e+02
1.770000e+02 3.780000e+02
1.820000e+02 3.684000e+02
1.860000e+02 3.588000e+02
1.905000e+02 3.480000e+02
1.960000e+02 3.360000e+02
2.010000e+02 3.252000e+02
2.095000e+02 3.054000e+02
2.120000e+02 2.994000e+02
2.175000e+02 2.856000e+02
2.240000e+02 2.700000e+02
2.290000e+02 2.562000e+02
2.350000e+02 2.424000e+02
2.400000e+02 2.292000e+02
2.475000e+02 2.094000e+02
2.500000e+02 2.022000e+02
2.550000e+02 1.896000e+02
2.625000e+02 1.716000e+02
2.670000e+02 1.596000e+02
2.715000e+02 1.488000e+02
2.760000e+02 1.380000e+02
2.795000e+02 1.302000e+02
2.830000e+02 1.218000e+02
2.860000e+02 1.158000e+02
2.880000e+02 1.098000e+02
2.905000e+02 1.044000e+02
2.925000e+02 9.960000e+01
2.940000e+02 9.660000e+01
2.960000e+02 9.240000e+01
2.965000e+02 9.120000e+01
2.975000e+02 8.880000e+01
2.985000e+02 8.700000e+01
2.990000e+02 8.580000e+01
2.995000e+02 8.520000e+01
2.995000e+02 8.460000e+01
3.000000e+02 8.400000e+01
3.005000e+02 8.400000e+01
3.005000e+02 8.400000e+01
3.010000e+02 8.400000e+01
3.010000e+02 8.400000e+01
3.020000e+02 8.520000e+01
3.035000e+02 8.760000e+01
3.055000e+02 9.000000e+01
3.075000e+02 9.240000e+01
3.100000e+02 9.600000e+01
3.120000e+02 9.960000e+01
3.145000e+02 1.032000e+02
3.170000e+02 1.074000e+02
3.205000e+02 1.128000e+02
3.235000e+02 1.176000e+02
3.265000e+02 1.224000e+02
3.305000e+02 1.278000e+02
3.355000e+02 1.356000e+02
3.395000e+02 1.416000e+02
3.455000e+02 1.500000e+02
3.520000e+02 1.590000e+02
3.560000e+02 1.644000e+02
3.605000e+02 1.698000e+02
3.645000e+02 1.764000e+02
3.690000e+02 1.812000e+02
3.730000e+02 1.872000e+02
3.775000e+02 1.926000e+02
3.820000e+02 1.980000e+02
3.865000e+02 2.046000e+02
3.910000e+02 2.100000e+02
3.955000e+02 2.160000e+02
3.995000e+02 2.226000e+02
4.040000e+02 2.280000e+02
4.090000e+02 2.352000e+02
4.130000e+02 2.406000e+02
4.180000e+02 2.466000e+02
4.220000e+02 2.526000e+02
4.285000e+02 2.604000e+02
4.310000e+02 2.634000e+02
4.350000e+02 2.688000e+02
4.400000e+02 2.754000e+02
4.455000e+02 2.820000e+02
4.495000e+02 2.874000e+02
4.520000e+02 2.904000e+02
4.540000e+02 2.928000e+02
4.560000e+02 2.952000e+02
4.580000e+02 2.970000e+02
4.590000e+02 2.988000e+02
4.605000e+02 3.006000e+02
4.610000e+02 3.018000e+02
4.615000e+02 3.024000e+02
4.620000e+02 3.030000e+02
4.625000e+02 3.036000e+02
4.630000e+02 3.042000e+02
4.630000e+02 3.042000e+02
4.630000e+02 3.042000e+02
