1.145000e+02 1.242000e+02
1.145000e+02 1.242000e+02
1.145000e+02 1.242000e+02
1.145000e+02 1.242000e+02
1.145000e+02 1.242000e+02
1.150000e+02 1.248000e+02
1.155000e+02 1.260000e+02
1.185000e+02 1.302000e+02
1.215000e+02 1.350000e+02
1.230000e+02 1.380000e+02
1.265000e+02 1.452000e+02
1.310000e+02 1.572000e+02
1.340000e+02 1.656000e+02
1.365000e+02 1.758000e+02
1.390000e+02 1.860000e+02
1.410000e+02 1.962000e+02
1.435000e+02 2.064000e+02
1.465000e+02 2.166000e+02
1.490000e+02 2.262000e+02
1.510000e+02 2.370000e+02
1.535000e+02 2.466000e+02
1.555000e+02 2.556000e+02
1.585000e+02 2.646000e+02
1.605000e+02 2.718000e+02
1.625000e+02 2.808000e+02
1.655000e+02 2.916000e+02
1.665000e+02 2.988000e+02
1.680000e+02 3.054000e+02
1.695000e+02 3.114000e+02
1.710000e+02 3.168000e+02
1.720000e+02 3.210000e+02
1.735000e+02 3.246000e+02
1.745000e+02 3.282000e+02
1.755000e+02 3.306000e+02
1.770000e+02 3.336000e+02
1.780000e+02 3.348000e+02
1.795000e+02 3.360000e+02
1.815000e+02 3.372000e+02
1.840000e+02 3.378000e+02
1.875000e+02 3.378000e+02
1.930000e+02 3.372000e+02
1.990000e+02 3.348000e+02
2.070000e+02 3.318000e+02
2.155000e+02 3.282000e+02
2.230000e+02 3.240000e+02
2.315000e+02 3.204000e+02
2.445000e+02 3.132000e+02
2.590000e+02 3.060000e+02
2.735000e+02 2.970000e+02
2.830000e+02 2.922000e+02
2.930000e+02 2.856000e+02
3.030000e+02 2.796000e+02
3.150000e+02 2.730000e+02
3.250000e+02 2.670000e+02
3.350000e+02 2.622000e+02
3.455000e+02 2.574000e+02
3.560000e+02 2.520000e+02
3.670000e+02 2.472000e+02
3.765000e+02 2.430000e+02
3.865000e+02 2.382000e+02
3.960000e+02 2.346000e+02
4.050000e+02 2.310000e+02
4.140000e+02 2.274000e+02
4.250000e+02 2.226000e+02
4.330000e+02 2.190000e+02
4.415000e+02 2.160000e+02
4.500000e+02 2.124000e+02
4.580000e+02 2.088000e+02
4.660000e+02 2.052000e+02
4.740000e+02 2.010000e+02
4.820000e+02 1.974000e+02
4.905000e+02 1.932000e+02
4.975000e+02 1.890000e+02
5.050000e+02 1.854000e+02
5.110000e+02 1.824000e+02
5.165000e+02 1.788000e+02
5.215000e+02 1.752000e+02
5.260000e+02 1.728000e+02
5.315000e+02 1.692000e+02
5.350000e+02 1.668000e+02
5.375000e+02 1.650000e+02
5.390000e+02 1.638000e+02
5.405000e+02 1.632000e+02
5.420000e+02 1.626000e+02
5.485000e+02 1.608000e+02
5.485000e+02 1.608000e+02
