2.340000e+02 3.336000e+02
2.340000e+02 3.336000e+02
2.350000e+02 3.288000e+02
2.360000e+02 3.216000e+02
2.370000e+02 3.168000e+02
2.385000e+02 3.048000e+02
2.405000e+02 2.898000e+02
2.425000e+02 2.736000e+02
2.465000e+02 2.454000e+02
2.495000e+02 2.280000e+02
2.510000e+02 2.190000e+02
2.545000e+02 2.010000e+02
2.580000e+02 1.842000e+02
2.600000e+02 1.758000e+02
2.620000e+02 1.674000e+02
2.660000e+02 1.524000e+02
2.680000e+02 1.464000e+02
2.710000e+02 1.326000e+02
2.730000e+02 1.260000e+02
2.760000e+02 1.140000e+02
2.775000e+02 1.092000e+02
2.795000e+02 9.900000e+01
2.815000e+02 9.120000e+01
2.820000e+02 8.760000e+01
2.840000e+02 8.220000e+01
2.845000e+02 7.980000e+01
2.860000e+02 7.620000e+01
2.870000e+02 7.380000e+01
2.890000e+02 7.320000e+01
2.900000e+02 7.380000e+01
2.910000e+02 7.500000e+01
2.930000e+02 7.740000e+01
2.960000e+02 8.220000e+01
2.990000e+02 8.760000e+01
3.020000e+02 9.480000e+01
3.040000e+02 9.840000e+01
3.060000e+02 1.032000e+02
3.110000e+02 1.134000e+02
3.160000e+02 1.254000e+02
3.190000e+02 1.320000e+02
3.255000e+02 1.458000e+02
3.290000e+02 1.536000e+02
3.360000e+02 1.692000e+02
3.430000e+02 1.854000e+02
3.505000e+02 2.028000e+02
3.585000e+02 2.196000e+02
3.620000e+02 2.274000e+02
3.700000e+02 2.442000e+02
3.735000e+02 2.526000e+02
3.815000e+02 2.670000e+02
3.885000e+02 2.820000e+02
3.965000e+02 2.952000e+02
4.005000e+02 3.024000e+02
4.045000e+02 3.078000e+02
4.125000e+02 3.204000e+02
4.160000e+02 3.252000e+02
4.235000e+02 3.360000e+02
4.275000e+02 3.414000e+02
4.340000e+02 3.516000e+02
4.400000e+02 3.600000e+02
4.430000e+02 3.648000e+02
4.475000e+02 3.720000e+02
4.510000e+02 3.768000e+02
4.530000e+02 3.810000e+02
4.540000e+02 3.822000e+02
4.545000e+02 3.834000e+02
4.545000e+02 3.852000e+02
4.530000e+02 3.858000e+02
4.500000e+02 3.852000e+02
4.410000e+02 3.810000e+02
4.365000e+02 3.792000e+02
4.205000e+02 3.720000e+02
4.065000e+02 3.654000e+02
3.995000e+02 3.624000e+02
3.830000e+02 3.546000e+02
3.750000e+02 3.504000e+02
3.580000e+02 3.420000e+02
3.395000e+02 3.336000e+02
3.300000e+02 3.288000e+02
3.105000e+02 3.204000e+02
2.900000e+02 3.120000e+02
2.800000e+02 3.078000e+02
2.610000e+02 3.006000e+02
2.425000e+02 2.946000e+02
2.335000e+02 2.916000e+02
2.155000e+02 2.862000e+02
1.970000e+02 2.820000e+02
1.810000e+02 2.790000e+02
1.660000e+02 2.772000e+02
1.530000e+02 2.754000e+02
1.415000e+02 2.742000e+02
1.325000e+02 2.736000e+02
1.285000e+02 2.730000e+02
1.225000e+02 2.730000e+02
1.175000e+02 2.724000e+02
1.145000e+02 2.724000e+02
1.125000e+02 2.718000e+02
1.115000e+02 2.706000e+02
1.130000e+02 2.694000e+02
1.155000e+02 2.670000e+02
1.205000e+02 2.646000e+02
1.240000e+02 2.628000e+02
1.330000e+02 2.580000e+02
1.450000e+02 2.532000e+02
1.520000e+02 2.508000e+02
1.680000e+02 2.448000e+02
1.850000e+02 2.382000e+02
1.945000e+02 2.352000e+02
2.150000e+02 2.262000e+02
2.355000e+02 2.184000e+02
2.460000e+02 2.136000e+02
2.570000e+02 2.100000e+02
2.785000e+02 2.004000e+02
3.000000e+02 1.920000e+02
3.110000e+02 1.872000e+02
3.225000e+02 1.824000e+02
3.425000e+02 1.740000e+02
3.610000e+02 1.656000e+02
3.695000e+02 1.626000e+02
3.780000e+02 1.590000e+02
3.935000e+02 1.524000e+02
4.010000e+02 1.488000e+02
4.140000e+02 1.434000e+02
4.260000e+02 1.380000e+02
4.365000e+02 1.332000e+02
4.455000e+02 1.290000e+02
4.530000e+02 1.260000e+02
4.590000e+02 1.236000e+02
4.610000e+02 1.224000e+02
4.635000e+02 1.218000e+02
4.665000e+02 1.206000e+02
4.685000e+02 1.194000e+02
4.690000e+02 1.194000e+02
4.695000e+02 1.194000e+02
4.695000e+02 1.194000e+02
4.685000e+02 1.206000e+02
4.665000e+02 1.218000e+02
4.630000e+02 1.248000e+02
4.610000e+02 1.266000e+02
4.555000e+02 1.320000e+02
4.490000e+02 1.386000e+02
4.410000e+02 1.464000e+02
4.315000e+02 1.566000e+02
4.260000e+02 1.632000e+02
4.135000e+02 1.776000e+02
3.995000e+02 1.932000e+02
3.925000e+02 2.010000e+02
3.780000e+02 2.184000e+02
3.635000e+02 2.364000e+02
3.560000e+02 2.448000e+02
3.415000e+02 2.640000e+02
3.275000e+02 2.814000e+02
3.145000e+02 2.982000e+02
3.015000e+02 3.138000e+02
2.895000e+02 3.288000e+02
2.775000e+02 3.432000e+02
2.720000e+02 3.498000e+02
2.615000e+02 3.624000e+02
2.530000e+02 3.720000e+02
2.465000e+02 3.792000e+02
2.420000e+02 3.846000e+02
2.385000e+02 3.888000e+02
2.365000e+02 3.912000e+02
2.360000e+02 3.924000e+02
2.350000e+02 3.942000e+02
2.340000e+02 3.948000e+02
2.335000e+02 3.954000e+02
2.335000e+02 3.960000e+02
2.340000e+02 3.960000e+02
2.345000e+02 3.960000e+02
2.350000e+02 3.948000e+02
2.350000e+02 3.948000e+02
