4.320000e+02 1.656000e+02
4.320000e+02 1.656000e+02
4.320000e+02 1.644000e+02
4.320000e+02 1.626000e+02
4.320000e+02 1.608000e+02
4.320000e+02 1.590000e+02
4.315000e+02 1.578000e+02
4.315000e+02 1.554000e+02
4.310000e+02 1.530000e+02
4.310000e+02 1.518000e+02
4.305000e+02 1.506000e+02
4.295000e+02 1.488000e+02
4.290000e+02 1.470000e+02
4.265000e+02 1.434000e+02
4.235000e+02 1.410000e+02
4.180000e+02 1.368000e+02
4.155000e+02 1.350000e+02
4.080000e+02 1.308000e+02
4.055000e+02 1.296000e+02
3.970000e+02 1.260000e+02
3.920000e+02 1.242000e+02
3.860000e+02 1.218000e+02
3.830000e+02 1.212000e+02
3.735000e+02 1.188000e+02
3.685000e+02 1.176000e+02
3.625000e+02 1.164000e+02
3.570000e+02 1.158000e+02
3.505000e+02 1.152000e+02
3.445000e+02 1.146000e+02
3.350000e+02 1.140000e+02
3.255000e+02 1.152000e+02
3.190000e+02 1.158000e+02
3.120000e+02 1.176000e+02
3.060000e+02 1.188000e+02
2.985000e+02 1.206000e+02
2.925000e+02 1.224000e+02
2.850000e+02 1.248000e+02
2.790000e+02 1.278000e+02
2.725000e+02 1.308000e+02
2.670000e+02 1.344000e+02
2.610000e+02 1.380000e+02
2.560000e+02 1.428000e+02
2.510000e+02 1.476000e+02
2.465000e+02 1.524000e+02
2.425000e+02 1.578000e+02
2.390000e+02 1.632000e+02
2.355000e+02 1.686000e+02
2.325000e+02 1.746000e+02
2.305000e+02 1.794000e+02
2.285000e+02 1.854000e+02
2.265000e+02 1.908000e+02
2.250000e+02 1.974000e+02
2.235000e+02 2.040000e+02
2.225000e+02 2.100000e+02
2.215000e+02 2.166000e+02
2.205000e+02 2.226000e+02
2.195000e+02 2.322000e+02
2.190000e+02 2.352000e+02
2.190000e+02 2.412000e+02
2.190000e+02 2.478000e+02
2.195000e+02 2.538000e+02
2.200000e+02 2.604000e+02
2.220000e+02 2.700000e+02
2.235000e+02 2.760000e+02
2.255000e+02 2.826000e+02
2.275000e+02 2.880000e+02
2.305000e+02 2.952000e+02
2.350000e+02 3.036000e+02
2.380000e+02 3.096000e+02
2.395000e+02 3.120000e+02
2.435000e+02 3.174000e+02
2.470000e+02 3.222000e+02
2.505000e+02 3.270000e+02
2.545000e+02 3.318000e+02
2.585000e+02 3.354000e+02
2.620000e+02 3.384000e+02
2.670000e+02 3.420000e+02
2.710000e+02 3.450000e+02
2.775000e+02 3.486000e+02
2.820000e+02 3.504000e+02
2.865000e+02 3.516000e+02
2.910000e+02 3.528000e+02
2.950000e+02 3.528000e+02
2.985000e+02 3.534000e+02
3.030000e+02 3.534000e+02
3.070000e+02 3.540000e+02
3.110000e+02 3.534000e+02
3.150000e+02 3.534000e+02
3.205000e+02 3.528000e+02
3.225000e+02 3.522000e+02
3.265000e+02 3.516000e+02
3.300000e+02 3.504000e+02
3.335000e+02 3.498000e+02
3.375000e+02 3.486000e+02
3.415000e+02 3.474000e+02
3.480000e+02 3.456000e+02
3.550000e+02 3.438000e+02
3.625000e+02 3.426000e+02
3.655000e+02 3.426000e+02
3.710000e+02 3.414000e+02
3.770000e+02 3.408000e+02
3.830000e+02 3.402000e+02
3.885000e+02 3.396000e+02
3.940000e+02 3.390000e+02
4.015000e+02 3.372000e+02
4.065000e+02 3.354000e+02
4.110000e+02 3.330000e+02
4.155000e+02 3.306000e+02
4.190000e+02 3.276000e+02
4.230000e+02 3.246000e+02
4.270000e+02 3.216000e+02
4.310000e+02 3.174000e+02
4.355000e+02 3.120000e+02
4.385000e+02 3.072000e+02
4.430000e+02 3.006000e+02
4.450000e+02 2.958000e+02
4.470000e+02 2.910000e+02
4.480000e+02 2.862000e+02
4.490000e+02 2.814000e+02
4.495000e+02 2.736000e+02
4.495000e+02 2.682000e+02
4.485000e+02 2.634000e+02
4.475000e+02 2.550000e+02
4.465000e+02 2.496000e+02
4.450000e+02 2.442000e+02
4.440000e+02 2.388000e+02
4.430000e+02 2.346000e+02
4.420000e+02 2.298000e+02
4.415000e+02 2.256000e+02
4.410000e+02 2.220000e+02
4.405000e+02 2.190000e+02
4.400000e+02 2.154000e+02
4.400000e+02 2.124000e+02
4.395000e+02 2.100000e+02
4.395000e+02 2.076000e+02
4.390000e+02 2.064000e+02
4.390000e+02 2.058000e+02
4.390000e+02 2.058000e+02
