5.550000e+02 2.310000e+02
5.550000e+02 2.310000e+02
5.545000e+02 2.304000e+02
5.540000e+02 2.298000e+02
5.535000e+02 2.286000e+02
5.520000e+02 2.274000e+02
5.505000e+02 2.250000e+02
5.475000e+02 2.232000e+02
5.440000e+02 2.214000e+02
5.400000e+02 2.190000e+02
5.350000e+02 2.172000e+02
5.300000e+02 2.154000e+02
5.240000e+02 2.142000e+02
5.180000e+02 2.124000e+02
5.115000e+02 2.112000e+02
5.020000e+02 2.100000e+02
4.955000e+02 2.094000e+02
4.920000e+02 2.088000e+02
4.800000e+02 2.082000e+02
4.710000e+02 2.082000e+02
4.625000e+02 2.076000e+02
4.540000e+02 2.082000e+02
4.445000e+02 2.088000e+02
4.355000e+02 2.088000e+02
4.270000e+02 2.094000e+02
4.185000e+02 2.094000e+02
4.100000e+02 2.100000e+02
4.015000e+02 2.106000e+02
3.935000e+02 2.112000e+02
3.850000e+02 2.118000e+02
3.765000e+02 2.124000e+02
3.680000e+02 2.130000e+02
3.580000e+02 2.142000e+02
3.490000e+02 2.148000e+02
3.415000e+02 2.160000e+02
3.330000e+02 2.166000e+02
3.250000e+02 2.178000e+02
3.175000e+02 2.184000e+02
3.095000e+02 2.184000e+02
3.020000e+02 2.190000e+02
2.950000e+02 2.196000e+02
2.875000e+02 2.202000e+02
2.750000e+02 2.214000e+02
2.625000e+02 2.232000e+02
2.555000e+02 2.244000e+02
2.470000e+02 2.256000e+02
2.380000e+02 2.274000e+02
2.315000e+02 2.286000e+02
2.225000e+02 2.298000e+02
2.150000e+02 2.316000e+02
2.075000e+02 2.334000e+02
1.990000e+02 2.352000e+02
1.870000e+02 2.376000e+02
1.835000e+02 2.382000e+02
1.730000e+02 2.406000e+02
1.630000e+02 2.424000e+02
1.540000e+02 2.436000e+02
1.480000e+02 2.448000e+02
1.425000e+02 2.454000e+02
1.365000e+02 2.460000e+02
1.310000e+02 2.460000e+02
1.260000e+02 2.466000e+02
1.185000e+02 2.472000e+02
1.165000e+02 2.472000e+02
1.110000e+02 2.478000e+02
1.065000e+02 2.478000e+02
9.800000e+01 2.484000e+02
9.350000e+01 2.490000e+02
8.750000e+01 2.490000e+02
8.300000e+01 2.496000e+02
7.800000e+01 2.496000e+02
7.300000e+01 2.502000e+02
6.900000e+01 2.502000e+02
6.500000e+01 2.502000e+02
6.100000e+01 2.502000e+02
5.750000e+01 2.502000e+02
5.450000e+01 2.502000e+02
5.050000e+01 2.496000e+02
4.800000e+01 2.490000e+02
4.600000e+01 2.484000e+02
4.450000e+01 2.484000e+02
4.300000e+01 2.478000e+02
4.150000e+01 2.472000e+02
4.050000e+01 2.472000e+02
3.900000e+01 2.466000e+02
3.800000e+01 2.460000e+02
3.700000e+01 2.460000e+02
3.600000e+01 2.460000e+02
3.550000e+01 2.454000e+02
3.500000e+01 2.454000e+02
3.450000e+01 2.454000e+02
3.450000e+01 2.454000e+02
