3.950000e+02 4.140000e+02
3.950000e+02 4.140000e+02
3.950000e+02 4.140000e+02
3.950000e+02 4.140000e+02
3.950000e+02 4.140000e+02
3.955000e+02 4.140000e+02
3.955000e+02 4.128000e+02
3.960000e+02 4.110000e+02
3.960000e+02 4.080000e+02
3.965000e+02 4.044000e+02
3.965000e+02 3.996000e+02
3.965000e+02 3.942000e+02
3.960000e+02 3.882000e+02
3.955000e+02 3.810000e+02
3.940000e+02 3.738000e+02
3.920000e+02 3.618000e+02
3.905000e+02 3.504000e+02
3.885000e+02 3.390000e+02
3.880000e+02 3.324000e+02
3.875000e+02 3.252000e+02
3.865000e+02 3.174000e+02
3.860000e+02 3.096000e+02
3.855000e+02 3.012000e+02
3.850000e+02 2.940000e+02
3.845000e+02 2.862000e+02
3.840000e+02 2.784000e+02
3.830000e+02 2.712000e+02
3.820000e+02 2.628000e+02
3.815000e+02 2.556000e+02
3.800000e+02 2.478000e+02
3.790000e+02 2.400000e+02
3.785000e+02 2.328000e+02
3.775000e+02 2.238000e+02
3.765000e+02 2.166000e+02
3.760000e+02 2.088000e+02
3.750000e+02 1.968000e+02
3.740000e+02 1.884000e+02
3.735000e+02 1.800000e+02
3.730000e+02 1.734000e+02
3.730000e+02 1.656000e+02
3.725000e+02 1.584000e+02
3.720000e+02 1.506000e+02
3.720000e+02 1.440000e+02
3.720000e+02 1.368000e+02
3.720000e+02 1.308000e+02
3.720000e+02 1.242000e+02
3.725000e+02 1.152000e+02
3.725000e+02 1.092000e+02
3.725000e+02 1.014000e+02
3.730000e+02 9.660000e+01
3.730000e+02 9.000000e+01
3.730000e+02 8.520000e+01
3.735000e+02 8.160000e+01
3.735000e+02 7.980000e+01
3.735000e+02 7.800000e+01
3.735000e+02 7.680000e+01
3.740000e+02 7.500000e+01
3.740000e+02 7.320000e+01
3.740000e+02 7.320000e+01
