4.790000e+02 1.830000e+02
4.790000e+02 1.830000e+02
4.790000e+02 1.800000e+02
4.790000e+02 1.788000e+02
4.790000e+02 1.776000e+02
4.790000e+02 1.728000e+02
4.785000e+02 1.692000e+02
4.780000e+02 1.662000e+02
4.775000e+02 1.626000e+02
4.770000e+02 1.596000e+02
4.765000e+02 1.566000e+02
4.755000e+02 1.536000e+02
4.745000e+02 1.500000e+02
4.735000e+02 1.476000e+02
4.725000e+02 1.440000e+02
4.710000e+02 1.410000e+02
4.695000e+02 1.380000e+02
4.680000e+02 1.350000e+02
4.655000e+02 1.302000e+02
4.635000e+02 1.272000e+02
4.620000e+02 1.236000e+02
4.600000e+02 1.200000e+02
4.565000e+02 1.152000e+02
4.545000e+02 1.122000e+02
4.525000e+02 1.092000e+02
4.490000e+02 1.038000e+02
4.465000e+02 1.008000e+02
4.440000e+02 9.720000e+01
4.415000e+02 9.420000e+01
4.390000e+02 9.120000e+01
4.365000e+02 8.760000e+01
4.335000e+02 8.460000e+01
4.310000e+02 8.220000e+01
4.285000e+02 7.920000e+01
4.255000e+02 7.680000e+01
4.225000e+02 7.380000e+01
4.195000e+02 7.200000e+01
4.170000e+02 6.960000e+01
4.140000e+02 6.780000e+01
4.110000e+02 6.540000e+01
4.065000e+02 6.300000e+01
4.040000e+02 6.180000e+01
4.005000e+02 6.000000e+01
3.965000e+02 5.880000e+01
3.930000e+02 5.760000e+01
3.895000e+02 5.700000e+01
3.855000e+02 5.580000e+01
3.815000e+02 5.520000e+01
3.775000e+02 5.460000e+01
3.730000e+02 5.400000e+01
3.690000e+02 5.340000e+01
3.620000e+02 5.280000e+01
3.595000e+02 5.220000e+01
3.550000e+02 5.160000e+01
3.500000e+02 5.160000e+01
3.455000e+02 5.100000e+01
3.410000e+02 5.100000e+01
3.360000e+02 5.100000e+01
3.310000e+02 5.160000e+01
3.250000e+02 5.220000e+01
3.175000e+02 5.280000e+01
3.145000e+02 5.340000e+01
3.035000e+02 5.520000e+01
2.985000e+02 5.640000e+01
2.935000e+02 5.700000e+01
2.860000e+02 5.880000e+01
2.815000e+02 6.000000e+01
2.770000e+02 6.120000e+01
2.725000e+02 6.240000e+01
2.685000e+02 6.360000e+01
2.650000e+02 6.540000e+01
2.605000e+02 6.780000e+01
2.560000e+02 7.020000e+01
2.525000e+02 7.260000e+01
2.480000e+02 7.500000e+01
2.445000e+02 7.740000e+01
2.405000e+02 7.980000e+01
2.365000e+02 8.220000e+01
2.330000e+02 8.400000e+01
2.295000e+02 8.580000e+01
2.265000e+02 8.700000e+01
2.225000e+02 8.820000e+01
2.190000e+02 8.880000e+01
2.135000e+02 9.060000e+01
2.115000e+02 9.060000e+01
2.080000e+02 9.180000e+01
2.040000e+02 9.300000e+01
1.995000e+02 9.420000e+01
1.950000e+02 9.540000e+01
1.905000e+02 9.780000e+01
1.860000e+02 1.002000e+02
1.810000e+02 1.026000e+02
1.740000e+02 1.068000e+02
1.695000e+02 1.104000e+02
1.625000e+02 1.158000e+02
1.580000e+02 1.200000e+02
1.535000e+02 1.242000e+02
1.490000e+02 1.284000e+02
1.450000e+02 1.332000e+02
1.410000e+02 1.380000e+02
1.390000e+02 1.410000e+02
1.345000e+02 1.470000e+02
1.325000e+02 1.494000e+02
1.285000e+02 1.554000e+02
1.250000e+02 1.620000e+02
1.215000e+02 1.680000e+02
1.180000e+02 1.740000e+02
1.150000e+02 1.806000e+02
1.110000e+02 1.890000e+02
1.100000e+02 1.926000e+02
1.080000e+02 1.980000e+02
1.060000e+02 2.040000e+02
1.035000e+02 2.124000e+02
1.030000e+02 2.160000e+02
1.020000e+02 2.220000e+02
1.010000e+02 2.274000e+02
1.005000e+02 2.334000e+02
1.000000e+02 2.394000e+02
9.950000e+01 2.448000e+02
9.950000e+01 2.508000e+02
9.950000e+01 2.562000e+02
9.950000e+01 2.622000e+02
9.950000e+01 2.676000e+02
1.000000e+02 2.730000e+02
1.000000e+02 2.784000e+02
1.005000e+02 2.838000e+02
1.010000e+02 2.892000e+02
1.020000e+02 2.940000e+02
1.030000e+02 2.994000e+02
1.040000e+02 3.036000e+02
1.060000e+02 3.078000e+02
1.080000e+02 3.120000e+02
1.105000e+02 3.162000e+02
1.130000e+02 3.198000e+02
1.160000e+02 3.234000e+02
1.190000e+02 3.270000e+02
1.225000e+02 3.300000e+02
1.275000e+02 3.342000e+02
1.295000e+02 3.354000e+02
1.330000e+02 3.378000e+02
1.365000e+02 3.402000e+02
1.405000e+02 3.426000e+02
1.440000e+02 3.450000e+02
1.475000e+02 3.474000e+02
1.505000e+02 3.498000e+02
1.535000e+02 3.522000e+02
1.570000e+02 3.546000e+02
1.600000e+02 3.570000e+02
1.640000e+02 3.618000e+02
1.655000e+02 3.630000e+02
1.685000e+02 3.666000e+02
1.695000e+02 3.678000e+02
1.725000e+02 3.714000e+02
1.745000e+02 3.750000e+02
1.770000e+02 3.780000e+02
1.795000e+02 3.816000e+02
1.820000e+02 3.846000e+02
1.850000e+02 3.876000e+02
1.890000e+02 3.918000e+02
1.925000e+02 3.942000e+02
1.975000e+02 3.978000e+02
1.995000e+02 3.990000e+02
2.035000e+02 4.014000e+02
2.075000e+02 4.032000e+02
2.135000e+02 4.062000e+02
2.180000e+02 4.074000e+02
2.250000e+02 4.098000e+02
2.325000e+02 4.116000e+02
2.375000e+02 4.122000e+02
2.430000e+02 4.128000e+02
2.480000e+02 4.134000e+02
2.540000e+02 4.140000e+02
2.590000e+02 4.140000e+02
2.650000e+02 4.146000e+02
2.710000e+02 4.146000e+02
2.770000e+02 4.146000e+02
2.860000e+02 4.140000e+02
2.885000e+02 4.140000e+02
2.975000e+02 4.134000e+02
3.065000e+02 4.122000e+02
3.125000e+02 4.116000e+02
3.180000e+02 4.110000e+02
3.235000e+02 4.104000e+02
3.290000e+02 4.092000e+02
3.375000e+02 4.074000e+02
3.405000e+02 4.068000e+02
3.460000e+02 4.056000e+02
3.515000e+02 4.044000e+02
3.565000e+02 4.026000e+02
3.620000e+02 4.008000e+02
3.675000e+02 3.990000e+02
3.750000e+02 3.960000e+02
3.800000e+02 3.936000e+02
3.825000e+02 3.924000e+02
3.905000e+02 3.882000e+02
3.970000e+02 3.834000e+02
4.020000e+02 3.804000e+02
4.065000e+02 3.768000e+02
4.110000e+02 3.738000e+02
4.150000e+02 3.702000e+02
4.190000e+02 3.666000e+02
4.230000e+02 3.624000e+02
4.260000e+02 3.594000e+02
4.310000e+02 3.534000e+02
4.345000e+02 3.498000e+02
4.370000e+02 3.462000e+02
4.385000e+02 3.444000e+02
4.410000e+02 3.408000e+02
4.440000e+02 3.366000e+02
4.470000e+02 3.330000e+02
4.490000e+02 3.294000e+02
4.515000e+02 3.258000e+02
4.550000e+02 3.210000e+02
4.560000e+02 3.192000e+02
4.600000e+02 3.126000e+02
4.615000e+02 3.090000e+02
4.635000e+02 3.060000e+02
4.660000e+02 3.006000e+02
4.675000e+02 2.970000e+02
4.695000e+02 2.928000e+02
4.710000e+02 2.892000e+02
4.720000e+02 2.862000e+02
4.735000e+02 2.838000e+02
4.740000e+02 2.814000e+02
4.750000e+02 2.784000e+02
4.760000e+02 2.760000e+02
4.770000e+02 2.730000e+02
4.780000e+02 2.700000e+02
4.785000e+02 2.676000e+02
4.795000e+02 2.652000e+02
4.800000e+02 2.628000e+02
4.810000e+02 2.604000e+02
4.820000e+02 2.568000e+02
4.825000e+02 2.550000e+02
4.830000e+02 2.526000e+02
4.835000e+02 2.502000e+02
4.845000e+02 2.484000e+02
4.850000e+02 2.460000e+02
4.855000e+02 2.436000e+02
4.860000e+02 2.412000e+02
4.865000e+02 2.394000e+02
4.870000e+02 2.376000e+02
4.870000e+02 2.358000e+02
4.875000e+02 2.346000e+02
4.875000e+02 2.328000e+02
4.880000e+02 2.310000e+02
4.880000e+02 2.292000e+02
4.880000e+02 2.268000e+02
4.885000e+02 2.262000e+02
4.885000e+02 2.244000e+02
4.885000e+02 2.232000e+02
4.885000e+02 2.220000e+02
4.880000e+02 2.208000e+02
4.880000e+02 2.202000e+02
4.880000e+02 2.196000e+02
4.875000e+02 2.196000e+02
4.875000e+02 2.190000e+02
4.875000e+02 2.190000e+02
4.870000e+02 2.190000e+02
4.870000e+02 2.190000e+02
4.870000e+02 2.190000e+02
4.870000e+02 2.190000e+02
