2.245000e+02 1.578000e+02
2.245000e+02 1.578000e+02
2.245000e+02 1.584000e+02
2.245000e+02 1.584000e+02
2.245000e+02 1.584000e+02
2.245000e+02 1.584000e+02
2.250000e+02 1.584000e+02
2.255000e+02 1.578000e+02
2.260000e+02 1.578000e+02
2.295000e+02 1.578000e+02
2.340000e+02 1.578000e+02
2.395000e+02 1.578000e+02
2.460000e+02 1.572000e+02
2.540000e+02 1.572000e+02
2.610000e+02 1.560000e+02
2.690000e+02 1.560000e+02
2.770000e+02 1.554000e+02
2.865000e+02 1.548000e+02
2.955000e+02 1.536000e+02
3.050000e+02 1.530000e+02
3.145000e+02 1.518000e+02
3.235000e+02 1.512000e+02
3.340000e+02 1.500000e+02
3.440000e+02 1.488000e+02
3.530000e+02 1.482000e+02
3.650000e+02 1.470000e+02
3.725000e+02 1.464000e+02
3.810000e+02 1.458000e+02
3.880000e+02 1.452000e+02
3.950000e+02 1.446000e+02
4.045000e+02 1.440000e+02
4.075000e+02 1.440000e+02
4.160000e+02 1.434000e+02
4.260000e+02 1.428000e+02
4.295000e+02 1.428000e+02
4.330000e+02 1.428000e+02
4.360000e+02 1.422000e+02
4.385000e+02 1.422000e+02
4.410000e+02 1.422000e+02
4.430000e+02 1.422000e+02
4.445000e+02 1.422000e+02
4.455000e+02 1.422000e+02
4.465000e+02 1.422000e+02
4.470000e+02 1.422000e+02
4.475000e+02 1.422000e+02
4.475000e+02 1.422000e+02
4.480000e+02 1.422000e+02
4.480000e+02 1.428000e+02
4.480000e+02 1.428000e+02
4.480000e+02 1.428000e+02
4.480000e+02 1.434000e+02
4.480000e+02 1.440000e+02
4.480000e+02 1.452000e+02
4.475000e+02 1.470000e+02
4.470000e+02 1.500000e+02
4.465000e+02 1.554000e+02
4.455000e+02 1.614000e+02
4.440000e+02 1.680000e+02
4.425000e+02 1.758000e+02
4.410000e+02 1.836000e+02
4.400000e+02 1.926000e+02
4.390000e+02 2.022000e+02
4.385000e+02 2.100000e+02
4.375000e+02 2.232000e+02
4.375000e+02 2.346000e+02
4.380000e+02 2.424000e+02
4.380000e+02 2.466000e+02
4.385000e+02 2.502000e+02
4.390000e+02 2.526000e+02
4.390000e+02 2.544000e+02
4.395000e+02 2.556000e+02
4.395000e+02 2.568000e+02
4.395000e+02 2.574000e+02
4.395000e+02 2.574000e+02
4.395000e+02 2.580000e+02
4.395000e+02 2.586000e+02
4.395000e+02 2.586000e+02
4.395000e+02 2.586000e+02
4.395000e+02 2.592000e+02
4.390000e+02 2.592000e+02
4.385000e+02 2.592000e+02
4.380000e+02 2.592000e+02
4.365000e+02 2.592000e+02
4.335000e+02 2.592000e+02
4.300000e+02 2.592000e+02
4.250000e+02 2.592000e+02
4.195000e+02 2.586000e+02
4.125000e+02 2.586000e+02
4.050000e+02 2.586000e+02
3.970000e+02 2.586000e+02
3.895000e+02 2.586000e+02
3.815000e+02 2.586000e+02
3.730000e+02 2.586000e+02
3.595000e+02 2.586000e+02
3.500000e+02 2.592000e+02
3.415000e+02 2.598000e+02
3.325000e+02 2.598000e+02
3.230000e+02 2.604000e+02
3.140000e+02 2.610000e+02
3.060000e+02 2.616000e+02
2.970000e+02 2.622000e+02
2.875000e+02 2.628000e+02
2.775000e+02 2.640000e+02
2.685000e+02 2.652000e+02
2.605000e+02 2.658000e+02
2.535000e+02 2.670000e+02
2.460000e+02 2.682000e+02
2.390000e+02 2.700000e+02
2.340000e+02 2.712000e+02
2.265000e+02 2.724000e+02
2.225000e+02 2.730000e+02
2.210000e+02 2.736000e+02
2.180000e+02 2.742000e+02
2.160000e+02 2.748000e+02
2.135000e+02 2.748000e+02
2.130000e+02 2.748000e+02
2.120000e+02 2.748000e+02
2.115000e+02 2.748000e+02
2.110000e+02 2.748000e+02
2.105000e+02 2.748000e+02
2.105000e+02 2.748000e+02
2.100000e+02 2.742000e+02
2.100000e+02 2.742000e+02
2.100000e+02 2.736000e+02
2.100000e+02 2.730000e+02
2.100000e+02 2.724000e+02
2.100000e+02 2.712000e+02
2.100000e+02 2.688000e+02
2.100000e+02 2.670000e+02
2.095000e+02 2.658000e+02
2.095000e+02 2.634000e+02
2.090000e+02 2.586000e+02
2.085000e+02 2.544000e+02
2.080000e+02 2.490000e+02
2.070000e+02 2.424000e+02
2.065000e+02 2.370000e+02
2.060000e+02 2.286000e+02
2.060000e+02 2.196000e+02
2.060000e+02 2.112000e+02
2.060000e+02 2.052000e+02
2.060000e+02 1.962000e+02
2.065000e+02 1.890000e+02
2.080000e+02 1.782000e+02
2.100000e+02 1.668000e+02
2.115000e+02 1.572000e+02
2.130000e+02 1.512000e+02
2.145000e+02 1.422000e+02
2.170000e+02 1.284000e+02
2.180000e+02 1.194000e+02
2.190000e+02 1.128000e+02
2.195000e+02 1.068000e+02
2.200000e+02 1.014000e+02
2.205000e+02 9.840000e+01
2.205000e+02 9.540000e+01
2.205000e+02 9.240000e+01
2.210000e+02 9.000000e+01
2.210000e+02 8.820000e+01
2.210000e+02 8.640000e+01
2.210000e+02 8.580000e+01
2.210000e+02 8.460000e+01
2.210000e+02 8.400000e+01
2.210000e+02 8.340000e+01
2.210000e+02 8.280000e+01
2.210000e+02 8.220000e+01
2.205000e+02 8.160000e+01
2.205000e+02 8.160000e+01
2.205000e+02 8.100000e+01
2.205000e+02 8.100000e+01
2.200000e+02 8.100000e+01
2.200000e+02 8.100000e+01
2.200000e+02 8.160000e+01
2.200000e+02 8.160000e+01
2.205000e+02 8.220000e+01
2.205000e+02 8.220000e+01
