1.355000e+02 3.402000e+02
1.355000e+02 3.402000e+02
1.350000e+02 3.402000e+02
1.350000e+02 3.402000e+02
1.345000e+02 3.396000e+02
1.345000e+02 3.396000e+02
1.345000e+02 3.390000e+02
1.345000e+02 3.384000e+02
1.340000e+02 3.378000e+02
1.345000e+02 3.372000e+02
1.355000e+02 3.354000e+02
1.370000e+02 3.324000e+02
1.400000e+02 3.282000e+02
1.440000e+02 3.240000e+02
1.475000e+02 3.192000e+02
1.530000e+02 3.120000e+02
1.595000e+02 3.036000e+02
1.635000e+02 2.982000e+02
1.700000e+02 2.898000e+02
1.740000e+02 2.832000e+02
1.765000e+02 2.802000e+02
1.815000e+02 2.724000e+02
1.885000e+02 2.622000e+02
1.935000e+02 2.544000e+02
1.980000e+02 2.478000e+02
2.030000e+02 2.394000e+02
2.080000e+02 2.322000e+02
2.130000e+02 2.250000e+02
2.185000e+02 2.178000e+02
2.235000e+02 2.100000e+02
2.290000e+02 2.022000e+02
2.345000e+02 1.950000e+02
2.420000e+02 1.848000e+02
2.465000e+02 1.782000e+02
2.540000e+02 1.680000e+02
2.600000e+02 1.596000e+02
2.645000e+02 1.536000e+02
2.685000e+02 1.476000e+02
2.725000e+02 1.428000e+02
2.765000e+02 1.374000e+02
2.800000e+02 1.320000e+02
2.835000e+02 1.284000e+02
2.860000e+02 1.248000e+02
2.880000e+02 1.218000e+02
2.900000e+02 1.194000e+02
2.915000e+02 1.170000e+02
2.930000e+02 1.152000e+02
2.945000e+02 1.140000e+02
2.960000e+02 1.128000e+02
2.970000e+02 1.116000e+02
2.980000e+02 1.104000e+02
2.990000e+02 1.098000e+02
3.005000e+02 1.086000e+02
3.010000e+02 1.080000e+02
3.020000e+02 1.074000e+02
3.025000e+02 1.074000e+02
3.030000e+02 1.074000e+02
3.040000e+02 1.074000e+02
3.045000e+02 1.074000e+02
3.060000e+02 1.074000e+02
3.080000e+02 1.080000e+02
3.090000e+02 1.092000e+02
3.105000e+02 1.104000e+02
3.125000e+02 1.122000e+02
3.145000e+02 1.140000e+02
3.165000e+02 1.164000e+02
3.190000e+02 1.188000e+02
3.210000e+02 1.212000e+02
3.235000e+02 1.236000e+02
3.255000e+02 1.266000e+02
3.300000e+02 1.320000e+02
3.330000e+02 1.350000e+02
3.360000e+02 1.386000e+02
3.390000e+02 1.428000e+02
3.425000e+02 1.470000e+02
3.455000e+02 1.506000e+02
3.490000e+02 1.548000e+02
3.525000e+02 1.602000e+02
3.560000e+02 1.644000e+02
3.595000e+02 1.692000e+02
3.630000e+02 1.740000e+02
3.665000e+02 1.782000e+02
3.705000e+02 1.830000e+02
3.755000e+02 1.902000e+02
3.795000e+02 1.950000e+02
3.830000e+02 1.992000e+02
3.865000e+02 2.040000e+02
3.905000e+02 2.088000e+02
3.945000e+02 2.130000e+02
3.980000e+02 2.178000e+02
4.010000e+02 2.220000e+02
4.045000e+02 2.268000e+02
4.080000e+02 2.310000e+02
4.115000e+02 2.352000e+02
4.145000e+02 2.394000e+02
4.180000e+02 2.430000e+02
4.215000e+02 2.472000e+02
4.250000e+02 2.520000e+02
4.280000e+02 2.562000e+02
4.315000e+02 2.604000e+02
4.345000e+02 2.646000e+02
4.375000e+02 2.682000e+02
4.410000e+02 2.730000e+02
4.440000e+02 2.766000e+02
4.485000e+02 2.832000e+02
4.510000e+02 2.868000e+02
4.540000e+02 2.910000e+02
4.570000e+02 2.946000e+02
4.595000e+02 2.982000e+02
4.620000e+02 3.018000e+02
4.640000e+02 3.054000e+02
4.680000e+02 3.108000e+02
4.700000e+02 3.138000e+02
4.720000e+02 3.168000e+02
4.740000e+02 3.192000e+02
4.755000e+02 3.222000e+02
4.770000e+02 3.246000e+02
4.790000e+02 3.276000e+02
4.805000e+02 3.300000e+02
4.820000e+02 3.324000e+02
4.835000e+02 3.342000e+02
4.845000e+02 3.366000e+02
4.860000e+02 3.384000e+02
4.870000e+02 3.408000e+02
4.880000e+02 3.426000e+02
4.885000e+02 3.432000e+02
4.890000e+02 3.444000e+02
4.895000e+02 3.456000e+02
4.895000e+02 3.462000e+02
4.900000e+02 3.468000e+02
4.900000e+02 3.468000e+02
4.905000e+02 3.474000e+02
4.905000e+02 3.474000e+02
4.905000e+02 3.474000e+02
