1.375000e+02 1.728000e+02
1.375000e+02 1.728000e+02
1.365000e+02 1.728000e+02
1.365000e+02 1.728000e+02
1.365000e+02 1.728000e+02
1.360000e+02 1.728000e+02
1.370000e+02 1.728000e+02
1.385000e+02 1.728000e+02
1.410000e+02 1.722000e+02
1.450000e+02 1.722000e+02
1.490000e+02 1.716000e+02
1.540000e+02 1.710000e+02
1.590000e+02 1.704000e+02
1.650000e+02 1.698000e+02
1.715000e+02 1.698000e+02
1.780000e+02 1.698000e+02
1.845000e+02 1.698000e+02
1.915000e+02 1.698000e+02
1.990000e+02 1.698000e+02
2.095000e+02 1.704000e+02
2.205000e+02 1.710000e+02
2.315000e+02 1.722000e+02
2.390000e+02 1.722000e+02
2.430000e+02 1.728000e+02
2.535000e+02 1.728000e+02
2.570000e+02 1.728000e+02
2.640000e+02 1.734000e+02
2.745000e+02 1.740000e+02
2.815000e+02 1.740000e+02
2.910000e+02 1.740000e+02
2.975000e+02 1.740000e+02
3.040000e+02 1.740000e+02
3.105000e+02 1.740000e+02
3.165000e+02 1.740000e+02
3.255000e+02 1.740000e+02
3.345000e+02 1.740000e+02
3.405000e+02 1.734000e+02
3.460000e+02 1.734000e+02
3.520000e+02 1.734000e+02
3.575000e+02 1.728000e+02
3.635000e+02 1.728000e+02
3.690000e+02 1.728000e+02
3.780000e+02 1.722000e+02
3.810000e+02 1.722000e+02
3.865000e+02 1.716000e+02
3.895000e+02 1.710000e+02
3.955000e+02 1.704000e+02
4.010000e+02 1.692000e+02
4.090000e+02 1.680000e+02
4.150000e+02 1.668000e+02
4.230000e+02 1.650000e+02
4.260000e+02 1.644000e+02
4.315000e+02 1.632000e+02
4.340000e+02 1.626000e+02
4.390000e+02 1.620000e+02
4.445000e+02 1.608000e+02
4.495000e+02 1.602000e+02
4.570000e+02 1.602000e+02
4.635000e+02 1.596000e+02
4.705000e+02 1.602000e+02
4.745000e+02 1.602000e+02
4.790000e+02 1.608000e+02
4.835000e+02 1.614000e+02
4.880000e+02 1.614000e+02
4.900000e+02 1.614000e+02
4.920000e+02 1.614000e+02
4.935000e+02 1.614000e+02
4.940000e+02 1.608000e+02
4.945000e+02 1.608000e+02
4.950000e+02 1.602000e+02
4.950000e+02 1.602000e+02
