1.500000e+02 1.278000e+02
1.500000e+02 1.278000e+02
1.500000e+02 1.278000e+02
1.500000e+02 1.278000e+02
1.500000e+02 1.284000e+02
1.500000e+02 1.290000e+02
1.505000e+02 1.302000e+02
1.510000e+02 1.320000e+02
1.520000e+02 1.368000e+02
1.535000e+02 1.416000e+02
1.550000e+02 1.464000e+02
1.560000e+02 1.506000e+02
1.580000e+02 1.560000e+02
1.595000e+02 1.614000e+02
1.605000e+02 1.656000e+02
1.620000e+02 1.704000e+02
1.630000e+02 1.752000e+02
1.640000e+02 1.788000e+02
1.650000e+02 1.824000e+02
1.660000e+02 1.872000e+02
1.670000e+02 1.914000e+02
1.675000e+02 1.944000e+02
1.690000e+02 1.992000e+02
1.700000e+02 2.028000e+02
1.705000e+02 2.046000e+02
1.720000e+02 2.082000e+02
1.730000e+02 2.106000e+02
1.735000e+02 2.124000e+02
1.740000e+02 2.136000e+02
1.745000e+02 2.148000e+02
1.750000e+02 2.160000e+02
1.755000e+02 2.166000e+02
1.755000e+02 2.172000e+02
1.760000e+02 2.178000e+02
1.760000e+02 2.184000e+02
1.760000e+02 2.184000e+02
1.765000e+02 2.190000e+02
1.765000e+02 2.190000e+02
1.765000e+02 2.190000e+02
1.770000e+02 2.190000e+02
1.775000e+02 2.184000e+02
1.795000e+02 2.178000e+02
1.820000e+02 2.160000e+02
1.845000e+02 2.142000e+02
1.875000e+02 2.112000e+02
1.910000e+02 2.076000e+02
1.945000e+02 2.046000e+02
1.990000e+02 2.016000e+02
2.045000e+02 1.980000e+02
2.100000e+02 1.938000e+02
2.175000e+02 1.902000e+02
2.245000e+02 1.866000e+02
2.345000e+02 1.824000e+02
2.435000e+02 1.788000e+02
2.520000e+02 1.758000e+02
2.590000e+02 1.734000e+02
2.665000e+02 1.710000e+02
2.735000e+02 1.692000e+02
2.805000e+02 1.674000e+02
2.870000e+02 1.662000e+02
2.940000e+02 1.650000e+02
3.015000e+02 1.632000e+02
3.095000e+02 1.620000e+02
3.180000e+02 1.608000e+02
3.265000e+02 1.590000e+02
3.350000e+02 1.584000e+02
3.435000e+02 1.578000e+02
3.525000e+02 1.572000e+02
3.595000e+02 1.560000e+02
3.675000e+02 1.560000e+02
3.735000e+02 1.554000e+02
3.805000e+02 1.554000e+02
3.860000e+02 1.554000e+02
3.920000e+02 1.554000e+02
3.995000e+02 1.548000e+02
4.045000e+02 1.548000e+02
4.085000e+02 1.548000e+02
4.125000e+02 1.542000e+02
4.160000e+02 1.542000e+02
4.185000e+02 1.542000e+02
4.200000e+02 1.542000e+02
4.215000e+02 1.542000e+02
4.230000e+02 1.542000e+02
4.235000e+02 1.542000e+02
4.240000e+02 1.542000e+02
4.245000e+02 1.542000e+02
4.250000e+02 1.542000e+02
4.250000e+02 1.542000e+02
4.250000e+02 1.542000e+02
4.255000e+02 1.542000e+02
4.255000e+02 1.548000e+02
4.255000e+02 1.548000e+02
4.255000e+02 1.548000e+02
