1.320000e+02 1.776000e+02
1.320000e+02 1.776000e+02
1.320000e+02 1.782000e+02
1.330000e+02 1.794000e+02
1.345000e+02 1.806000e+02
1.365000e+02 1.818000e+02
1.385000e+02 1.824000e+02
1.410000e+02 1.830000e+02
1.450000e+02 1.836000e+02
1.490000e+02 1.842000e+02
1.540000e+02 1.842000e+02
1.590000e+02 1.842000e+02
1.650000e+02 1.842000e+02
1.745000e+02 1.836000e+02
1.810000e+02 1.836000e+02
1.870000e+02 1.836000e+02
1.940000e+02 1.836000e+02
2.005000e+02 1.830000e+02
2.080000e+02 1.830000e+02
2.145000e+02 1.830000e+02
2.210000e+02 1.830000e+02
2.310000e+02 1.830000e+02
2.340000e+02 1.830000e+02
2.450000e+02 1.842000e+02
2.545000e+02 1.848000e+02
2.610000e+02 1.848000e+02
2.680000e+02 1.848000e+02
2.745000e+02 1.848000e+02
2.815000e+02 1.848000e+02
2.885000e+02 1.854000e+02
2.995000e+02 1.872000e+02
3.035000e+02 1.884000e+02
3.110000e+02 1.902000e+02
3.185000e+02 1.926000e+02
3.250000e+02 1.950000e+02
3.320000e+02 1.968000e+02
3.385000e+02 1.986000e+02
3.460000e+02 2.010000e+02
3.525000e+02 2.022000e+02
3.590000e+02 2.040000e+02
3.660000e+02 2.052000e+02
3.725000e+02 2.070000e+02
3.805000e+02 2.088000e+02
3.865000e+02 2.100000e+02
3.930000e+02 2.112000e+02
4.015000e+02 2.112000e+02
4.075000e+02 2.112000e+02
4.155000e+02 2.100000e+02
4.205000e+02 2.100000e+02
4.255000e+02 2.088000e+02
4.305000e+02 2.082000e+02
4.350000e+02 2.076000e+02
4.420000e+02 2.064000e+02
4.460000e+02 2.058000e+02
4.480000e+02 2.052000e+02
4.545000e+02 2.034000e+02
4.600000e+02 2.016000e+02
4.635000e+02 1.998000e+02
4.680000e+02 1.986000e+02
4.715000e+02 1.968000e+02
4.760000e+02 1.950000e+02
4.820000e+02 1.926000e+02
4.840000e+02 1.914000e+02
4.880000e+02 1.902000e+02
4.920000e+02 1.890000e+02
4.960000e+02 1.878000e+02
4.995000e+02 1.866000e+02
5.030000e+02 1.854000e+02
5.060000e+02 1.848000e+02
5.090000e+02 1.836000e+02
5.135000e+02 1.824000e+02
5.145000e+02 1.824000e+02
5.175000e+02 1.818000e+02
5.200000e+02 1.812000e+02
5.220000e+02 1.812000e+02
5.240000e+02 1.806000e+02
5.270000e+02 1.812000e+02
5.270000e+02 1.812000e+02
