4.035000e+02 2.004000e+02
4.035000e+02 2.004000e+02
4.035000e+02 1.986000e+02
4.040000e+02 1.962000e+02
4.045000e+02 1.938000e+02
4.050000e+02 1.920000e+02
4.055000e+02 1.908000e+02
4.055000e+02 1.890000e+02
4.055000e+02 1.884000e+02
4.055000e+02 1.872000e+02
4.055000e+02 1.854000e+02
4.050000e+02 1.842000e+02
4.050000e+02 1.824000e+02
4.045000e+02 1.812000e+02
4.040000e+02 1.794000e+02
4.035000e+02 1.776000e+02
4.030000e+02 1.764000e+02
4.025000e+02 1.746000e+02
4.010000e+02 1.722000e+02
4.000000e+02 1.704000e+02
3.985000e+02 1.680000e+02
3.965000e+02 1.656000e+02
3.945000e+02 1.632000e+02
3.925000e+02 1.614000e+02
3.900000e+02 1.596000e+02
3.865000e+02 1.578000e+02
3.830000e+02 1.560000e+02
3.775000e+02 1.536000e+02
3.750000e+02 1.530000e+02
3.710000e+02 1.518000e+02
3.650000e+02 1.506000e+02
3.600000e+02 1.494000e+02
3.555000e+02 1.488000e+02
3.500000e+02 1.494000e+02
3.450000e+02 1.494000e+02
3.395000e+02 1.506000e+02
3.340000e+02 1.518000e+02
3.260000e+02 1.542000e+02
3.230000e+02 1.554000e+02
3.175000e+02 1.578000e+02
3.115000e+02 1.602000e+02
3.060000e+02 1.632000e+02
3.000000e+02 1.662000e+02
2.945000e+02 1.692000e+02
2.885000e+02 1.728000e+02
2.830000e+02 1.770000e+02
2.770000e+02 1.812000e+02
2.715000e+02 1.860000e+02
2.665000e+02 1.908000e+02
2.610000e+02 1.956000e+02
2.565000e+02 2.010000e+02
2.525000e+02 2.070000e+02
2.485000e+02 2.118000e+02
2.445000e+02 2.178000e+02
2.415000e+02 2.232000e+02
2.385000e+02 2.286000e+02
2.355000e+02 2.352000e+02
2.335000e+02 2.406000e+02
2.315000e+02 2.460000e+02
2.300000e+02 2.514000e+02
2.295000e+02 2.562000e+02
2.290000e+02 2.634000e+02
2.290000e+02 2.682000e+02
2.305000e+02 2.742000e+02
2.315000e+02 2.790000e+02
2.340000e+02 2.832000e+02
2.360000e+02 2.874000e+02
2.385000e+02 2.910000e+02
2.420000e+02 2.952000e+02
2.460000e+02 2.994000e+02
2.495000e+02 3.030000e+02
2.545000e+02 3.066000e+02
2.610000e+02 3.108000e+02
2.665000e+02 3.144000e+02
2.710000e+02 3.168000e+02
2.735000e+02 3.180000e+02
2.785000e+02 3.204000e+02
2.840000e+02 3.222000e+02
2.890000e+02 3.234000e+02
2.975000e+02 3.258000e+02
3.005000e+02 3.264000e+02
3.065000e+02 3.270000e+02
3.120000e+02 3.276000e+02
3.185000e+02 3.276000e+02
3.240000e+02 3.276000e+02
3.310000e+02 3.270000e+02
3.370000e+02 3.258000e+02
3.460000e+02 3.246000e+02
3.495000e+02 3.240000e+02
3.555000e+02 3.222000e+02
3.615000e+02 3.204000e+02
3.680000e+02 3.180000e+02
3.735000e+02 3.150000e+02
3.790000e+02 3.126000e+02
3.835000e+02 3.096000e+02
3.885000e+02 3.072000e+02
3.925000e+02 3.042000e+02
3.960000e+02 3.012000e+02
3.990000e+02 2.982000e+02
4.020000e+02 2.952000e+02
4.050000e+02 2.922000e+02
4.080000e+02 2.880000e+02
4.115000e+02 2.826000e+02
4.125000e+02 2.802000e+02
4.140000e+02 2.766000e+02
4.160000e+02 2.718000e+02
4.175000e+02 2.676000e+02
4.185000e+02 2.640000e+02
4.200000e+02 2.592000e+02
4.210000e+02 2.556000e+02
4.215000e+02 2.520000e+02
4.230000e+02 2.460000e+02
4.235000e+02 2.430000e+02
4.235000e+02 2.412000e+02
4.240000e+02 2.388000e+02
4.240000e+02 2.376000e+02
4.245000e+02 2.358000e+02
4.245000e+02 2.340000e+02
4.250000e+02 2.328000e+02
4.250000e+02 2.328000e+02
