1.280000e+02 1.674000e+02
1.280000e+02 1.674000e+02
1.280000e+02 1.674000e+02
1.285000e+02 1.674000e+02
1.300000e+02 1.668000e+02
1.340000e+02 1.662000e+02
1.405000e+02 1.650000e+02
1.490000e+02 1.632000e+02
1.580000e+02 1.614000e+02
1.685000e+02 1.590000e+02
1.805000e+02 1.560000e+02
1.920000e+02 1.536000e+02
2.040000e+02 1.512000e+02
2.140000e+02 1.494000e+02
2.240000e+02 1.476000e+02
2.340000e+02 1.458000e+02
2.435000e+02 1.440000e+02
2.530000e+02 1.434000e+02
2.655000e+02 1.416000e+02
2.725000e+02 1.410000e+02
2.795000e+02 1.404000e+02
2.860000e+02 1.404000e+02
2.920000e+02 1.398000e+02
2.970000e+02 1.398000e+02
3.015000e+02 1.398000e+02
3.060000e+02 1.398000e+02
3.095000e+02 1.404000e+02
3.125000e+02 1.404000e+02
3.155000e+02 1.410000e+02
3.180000e+02 1.416000e+02
3.195000e+02 1.428000e+02
3.215000e+02 1.434000e+02
3.230000e+02 1.446000e+02
3.250000e+02 1.470000e+02
3.265000e+02 1.494000e+02
3.275000e+02 1.524000e+02
3.280000e+02 1.554000e+02
3.280000e+02 1.584000e+02
3.280000e+02 1.620000e+02
3.275000e+02 1.656000e+02
3.270000e+02 1.698000e+02
3.260000e+02 1.752000e+02
3.245000e+02 1.830000e+02
3.230000e+02 1.920000e+02
3.205000e+02 2.022000e+02
3.190000e+02 2.088000e+02
3.180000e+02 2.142000e+02
3.165000e+02 2.208000e+02
3.160000e+02 2.268000e+02
3.155000e+02 2.328000e+02
3.155000e+02 2.358000e+02
3.150000e+02 2.412000e+02
3.150000e+02 2.478000e+02
3.150000e+02 2.544000e+02
3.145000e+02 2.616000e+02
3.145000e+02 2.682000e+02
3.145000e+02 2.790000e+02
3.145000e+02 2.856000e+02
3.145000e+02 2.940000e+02
3.145000e+02 3.012000e+02
3.145000e+02 3.090000e+02
3.145000e+02 3.156000e+02
3.145000e+02 3.210000e+02
3.145000e+02 3.270000e+02
3.145000e+02 3.318000e+02
3.140000e+02 3.372000e+02
3.140000e+02 3.390000e+02
3.135000e+02 3.420000e+02
3.130000e+02 3.462000e+02
3.125000e+02 3.480000e+02
3.120000e+02 3.492000e+02
3.115000e+02 3.504000e+02
3.110000e+02 3.516000e+02
3.100000e+02 3.522000e+02
3.095000e+02 3.528000e+02
3.090000e+02 3.534000e+02
3.080000e+02 3.534000e+02
3.070000e+02 3.540000e+02
3.060000e+02 3.540000e+02
3.040000e+02 3.540000e+02
3.010000e+02 3.540000e+02
2.850000e+02 3.552000e+02
2.705000e+02 3.570000e+02
2.605000e+02 3.582000e+02
2.515000e+02 3.588000e+02
2.425000e+02 3.606000e+02
2.335000e+02 3.618000e+02
2.235000e+02 3.624000e+02
2.150000e+02 3.630000e+02
2.075000e+02 3.624000e+02
2.000000e+02 3.624000e+02
1.935000e+02 3.618000e+02
1.865000e+02 3.612000e+02
1.810000e+02 3.606000e+02
1.755000e+02 3.600000e+02
1.685000e+02 3.594000e+02
1.635000e+02 3.588000e+02
1.595000e+02 3.582000e+02
1.545000e+02 3.576000e+02
1.495000e+02 3.570000e+02
1.470000e+02 3.564000e+02
1.445000e+02 3.558000e+02
1.425000e+02 3.552000e+02
1.410000e+02 3.546000e+02
1.405000e+02 3.546000e+02
1.400000e+02 3.540000e+02
1.390000e+02 3.540000e+02
1.385000e+02 3.534000e+02
1.385000e+02 3.534000e+02
1.380000e+02 3.528000e+02
1.375000e+02 3.528000e+02
1.370000e+02 3.528000e+02
1.370000e+02 3.522000e+02
1.365000e+02 3.522000e+02
1.365000e+02 3.522000e+02
1.360000e+02 3.516000e+02
1.360000e+02 3.516000e+02
1.360000e+02 3.510000e+02
1.355000e+02 3.510000e+02
1.355000e+02 3.504000e+02
1.355000e+02 3.492000e+02
1.350000e+02 3.480000e+02
1.350000e+02 3.456000e+02
1.345000e+02 3.426000e+02
1.345000e+02 3.366000e+02
1.350000e+02 3.306000e+02
1.355000e+02 3.234000e+02
1.360000e+02 3.168000e+02
1.365000e+02 3.108000e+02
1.375000e+02 3.030000e+02
1.380000e+02 2.970000e+02
1.385000e+02 2.892000e+02
1.385000e+02 2.832000e+02
1.385000e+02 2.754000e+02
1.385000e+02 2.694000e+02
1.385000e+02 2.628000e+02
1.385000e+02 2.562000e+02
1.385000e+02 2.514000e+02
1.380000e+02 2.436000e+02
1.375000e+02 2.376000e+02
1.375000e+02 2.310000e+02
1.375000e+02 2.250000e+02
1.375000e+02 2.172000e+02
1.375000e+02 2.106000e+02
1.375000e+02 2.064000e+02
1.375000e+02 2.004000e+02
1.370000e+02 1.944000e+02
1.370000e+02 1.902000e+02
1.370000e+02 1.854000e+02
1.370000e+02 1.800000e+02
1.370000e+02 1.764000e+02
1.370000e+02 1.734000e+02
1.370000e+02 1.710000e+02
1.370000e+02 1.680000e+02
1.370000e+02 1.650000e+02
1.370000e+02 1.638000e+02
1.370000e+02 1.626000e+02
1.370000e+02 1.620000e+02
1.370000e+02 1.614000e+02
1.375000e+02 1.608000e+02
1.375000e+02 1.602000e+02
1.375000e+02 1.602000e+02
