5.795000e+02 2.574000e+02
5.795000e+02 2.574000e+02
5.790000e+02 2.574000e+02
5.790000e+02 2.568000e+02
5.785000e+02 2.562000e+02
5.780000e+02 2.556000e+02
5.760000e+02 2.544000e+02
5.745000e+02 2.532000e+02
5.725000e+02 2.520000e+02
5.710000e+02 2.514000e+02
5.675000e+02 2.502000e+02
5.640000e+02 2.496000e+02
5.605000e+02 2.490000e+02
5.570000e+02 2.484000e+02
5.535000e+02 2.478000e+02
5.490000e+02 2.478000e+02
5.455000e+02 2.472000e+02
5.420000e+02 2.466000e+02
5.375000e+02 2.460000e+02
5.335000e+02 2.460000e+02
5.280000e+02 2.448000e+02
5.235000e+02 2.442000e+02
5.195000e+02 2.442000e+02
5.140000e+02 2.436000e+02
5.080000e+02 2.430000e+02
5.040000e+02 2.424000e+02
4.990000e+02 2.424000e+02
4.950000e+02 2.424000e+02
4.910000e+02 2.424000e+02
4.865000e+02 2.424000e+02
4.800000e+02 2.424000e+02
4.730000e+02 2.424000e+02
4.665000e+02 2.430000e+02
4.615000e+02 2.430000e+02
4.565000e+02 2.436000e+02
4.510000e+02 2.442000e+02
4.460000e+02 2.448000e+02
4.405000e+02 2.454000e+02
4.345000e+02 2.460000e+02
4.285000e+02 2.466000e+02
4.225000e+02 2.478000e+02
4.165000e+02 2.484000e+02
4.105000e+02 2.490000e+02
4.050000e+02 2.502000e+02
3.960000e+02 2.514000e+02
3.835000e+02 2.532000e+02
3.775000e+02 2.538000e+02
3.685000e+02 2.544000e+02
3.625000e+02 2.550000e+02
3.545000e+02 2.556000e+02
3.485000e+02 2.556000e+02
3.460000e+02 2.556000e+02
3.380000e+02 2.556000e+02
3.330000e+02 2.562000e+02
3.275000e+02 2.556000e+02
3.220000e+02 2.556000e+02
3.175000e+02 2.562000e+02
3.115000e+02 2.556000e+02
3.065000e+02 2.556000e+02
3.005000e+02 2.556000e+02
2.955000e+02 2.556000e+02
2.895000e+02 2.556000e+02
2.840000e+02 2.556000e+02
2.785000e+02 2.550000e+02
2.730000e+02 2.550000e+02
2.680000e+02 2.550000e+02
2.620000e+02 2.544000e+02
2.565000e+02 2.544000e+02
2.510000e+02 2.538000e+02
2.435000e+02 2.526000e+02
2.355000e+02 2.520000e+02
2.305000e+02 2.514000e+02
2.225000e+02 2.502000e+02
2.145000e+02 2.496000e+02
2.090000e+02 2.490000e+02
2.010000e+02 2.484000e+02
1.960000e+02 2.484000e+02
1.910000e+02 2.478000e+02
1.860000e+02 2.478000e+02
1.815000e+02 2.472000e+02
1.765000e+02 2.466000e+02
1.720000e+02 2.460000e+02
1.680000e+02 2.454000e+02
1.635000e+02 2.448000e+02
1.595000e+02 2.442000e+02
1.560000e+02 2.436000e+02
1.520000e+02 2.430000e+02
1.465000e+02 2.424000e+02
1.425000e+02 2.424000e+02
1.405000e+02 2.418000e+02
1.340000e+02 2.418000e+02
1.285000e+02 2.424000e+02
1.240000e+02 2.430000e+02
1.180000e+02 2.430000e+02
1.135000e+02 2.436000e+02
1.100000e+02 2.436000e+02
1.070000e+02 2.442000e+02
1.040000e+02 2.442000e+02
1.000000e+02 2.448000e+02
9.700000e+01 2.448000e+02
9.400000e+01 2.448000e+02
9.150000e+01 2.448000e+02
8.850000e+01 2.454000e+02
8.550000e+01 2.454000e+02
8.300000e+01 2.454000e+02
8.050000e+01 2.454000e+02
7.850000e+01 2.454000e+02
7.600000e+01 2.454000e+02
7.400000e+01 2.454000e+02
7.100000e+01 2.454000e+02
6.900000e+01 2.460000e+02
6.700000e+01 2.460000e+02
6.550000e+01 2.460000e+02
6.350000e+01 2.460000e+02
6.150000e+01 2.466000e+02
5.950000e+01 2.466000e+02
5.850000e+01 2.466000e+02
5.700000e+01 2.472000e+02
5.600000e+01 2.472000e+02
5.500000e+01 2.478000e+02
5.400000e+01 2.478000e+02
5.350000e+01 2.478000e+02
5.300000e+01 2.478000e+02
5.300000e+01 2.478000e+02
