3.790000e+02 2.640000e+02
3.790000e+02 2.640000e+02
3.795000e+02 2.622000e+02
3.815000e+02 2.562000e+02
3.830000e+02 2.526000e+02
3.840000e+02 2.484000e+02
3.850000e+02 2.442000e+02
3.860000e+02 2.400000e+02
3.870000e+02 2.358000e+02
3.875000e+02 2.310000e+02
3.880000e+02 2.262000e+02
3.885000e+02 2.214000e+02
3.885000e+02 2.154000e+02
3.885000e+02 2.070000e+02
3.880000e+02 2.022000e+02
3.870000e+02 1.938000e+02
3.865000e+02 1.908000e+02
3.850000e+02 1.848000e+02
3.830000e+02 1.794000e+02
3.805000e+02 1.734000e+02
3.775000e+02 1.674000e+02
3.735000e+02 1.614000e+02
3.665000e+02 1.530000e+02
3.610000e+02 1.470000e+02
3.550000e+02 1.422000e+02
3.445000e+02 1.344000e+02
3.335000e+02 1.284000e+02
3.260000e+02 1.260000e+02
3.185000e+02 1.236000e+02
3.105000e+02 1.218000e+02
3.015000e+02 1.206000e+02
2.940000e+02 1.200000e+02
2.820000e+02 1.200000e+02
2.745000e+02 1.212000e+02
2.675000e+02 1.224000e+02
2.605000e+02 1.242000e+02
2.545000e+02 1.266000e+02
2.485000e+02 1.296000e+02
2.435000e+02 1.332000e+02
2.375000e+02 1.374000e+02
2.330000e+02 1.416000e+02
2.285000e+02 1.458000e+02
2.245000e+02 1.518000e+02
2.190000e+02 1.602000e+02
2.160000e+02 1.668000e+02
2.140000e+02 1.698000e+02
2.100000e+02 1.800000e+02
2.085000e+02 1.836000e+02
2.060000e+02 1.914000e+02
2.045000e+02 1.992000e+02
2.030000e+02 2.112000e+02
2.025000e+02 2.154000e+02
2.020000e+02 2.238000e+02
2.020000e+02 2.328000e+02
2.025000e+02 2.418000e+02
2.035000e+02 2.514000e+02
2.055000e+02 2.598000e+02
2.090000e+02 2.730000e+02
2.100000e+02 2.778000e+02
2.140000e+02 2.910000e+02
2.195000e+02 3.030000e+02
2.235000e+02 3.114000e+02
2.270000e+02 3.186000e+02
2.325000e+02 3.264000e+02
2.375000e+02 3.324000e+02
2.435000e+02 3.390000e+02
2.495000e+02 3.456000e+02
2.565000e+02 3.510000e+02
2.645000e+02 3.570000e+02
2.755000e+02 3.630000e+02
2.835000e+02 3.666000e+02
2.915000e+02 3.690000e+02
2.990000e+02 3.708000e+02
3.035000e+02 3.714000e+02
3.110000e+02 3.714000e+02
3.190000e+02 3.708000e+02
3.255000e+02 3.696000e+02
3.325000e+02 3.678000e+02
3.395000e+02 3.654000e+02
3.450000e+02 3.630000e+02
3.510000e+02 3.594000e+02
3.570000e+02 3.564000e+02
3.625000e+02 3.522000e+02
3.715000e+02 3.450000e+02
3.740000e+02 3.420000e+02
3.770000e+02 3.390000e+02
3.845000e+02 3.306000e+02
3.890000e+02 3.240000e+02
3.940000e+02 3.168000e+02
3.975000e+02 3.096000e+02
4.005000e+02 3.024000e+02
4.040000e+02 2.916000e+02
4.055000e+02 2.838000e+02
4.070000e+02 2.766000e+02
4.075000e+02 2.694000e+02
4.075000e+02 2.628000e+02
4.070000e+02 2.562000e+02
4.050000e+02 2.472000e+02
4.035000e+02 2.406000e+02
4.020000e+02 2.376000e+02
3.985000e+02 2.316000e+02
3.945000e+02 2.250000e+02
3.905000e+02 2.196000e+02
3.850000e+02 2.142000e+02
3.790000e+02 2.088000e+02
3.705000e+02 2.034000e+02
3.705000e+02 2.034000e+02
