4.280000e+02 1.926000e+02
4.280000e+02 1.926000e+02
4.280000e+02 1.914000e+02
4.270000e+02 1.884000e+02
4.260000e+02 1.860000e+02
4.240000e+02 1.818000e+02
4.205000e+02 1.782000e+02
4.145000e+02 1.722000e+02
4.110000e+02 1.704000e+02
4.005000e+02 1.644000e+02
3.925000e+02 1.608000e+02
3.795000e+02 1.572000e+02
3.700000e+02 1.554000e+02
3.660000e+02 1.548000e+02
3.555000e+02 1.530000e+02
3.455000e+02 1.524000e+02
3.355000e+02 1.512000e+02
3.255000e+02 1.506000e+02
3.160000e+02 1.512000e+02
3.055000e+02 1.512000e+02
2.950000e+02 1.524000e+02
2.850000e+02 1.542000e+02
2.755000e+02 1.566000e+02
2.665000e+02 1.596000e+02
2.575000e+02 1.632000e+02
2.455000e+02 1.692000e+02
2.350000e+02 1.764000e+02
2.295000e+02 1.806000e+02
2.240000e+02 1.860000e+02
2.195000e+02 1.914000e+02
2.165000e+02 1.962000e+02
2.135000e+02 2.016000e+02
2.115000e+02 2.076000e+02
2.105000e+02 2.142000e+02
2.095000e+02 2.208000e+02
2.095000e+02 2.274000e+02
2.100000e+02 2.340000e+02
2.110000e+02 2.412000e+02
2.115000e+02 2.478000e+02
2.130000e+02 2.568000e+02
2.145000e+02 2.628000e+02
2.160000e+02 2.688000e+02
2.185000e+02 2.742000e+02
2.215000e+02 2.814000e+02
2.250000e+02 2.868000e+02
2.300000e+02 2.934000e+02
2.355000e+02 2.994000e+02
2.425000e+02 3.054000e+02
2.505000e+02 3.114000e+02
2.585000e+02 3.168000e+02
2.670000e+02 3.216000e+02
2.800000e+02 3.282000e+02
2.930000e+02 3.336000e+02
3.010000e+02 3.360000e+02
3.090000e+02 3.378000e+02
3.175000e+02 3.396000e+02
3.250000e+02 3.408000e+02
3.335000e+02 3.408000e+02
3.415000e+02 3.408000e+02
3.480000e+02 3.402000e+02
3.555000e+02 3.390000e+02
3.615000e+02 3.378000e+02
3.690000e+02 3.360000e+02
3.755000e+02 3.342000e+02
3.845000e+02 3.300000e+02
3.915000e+02 3.270000e+02
3.975000e+02 3.234000e+02
4.035000e+02 3.192000e+02
4.085000e+02 3.144000e+02
4.130000e+02 3.090000e+02
4.175000e+02 3.024000e+02
4.215000e+02 2.952000e+02
4.250000e+02 2.838000e+02
4.270000e+02 2.766000e+02
4.290000e+02 2.652000e+02
4.305000e+02 2.580000e+02
4.310000e+02 2.544000e+02
4.315000e+02 2.478000e+02
4.325000e+02 2.412000e+02
4.330000e+02 2.346000e+02
4.340000e+02 2.244000e+02
4.340000e+02 2.208000e+02
4.345000e+02 2.136000e+02
4.345000e+02 2.064000e+02
4.340000e+02 1.986000e+02
4.330000e+02 1.914000e+02
4.320000e+02 1.836000e+02
4.305000e+02 1.770000e+02
4.285000e+02 1.710000e+02
4.245000e+02 1.626000e+02
4.215000e+02 1.596000e+02
4.185000e+02 1.566000e+02
4.185000e+02 1.566000e+02
