1.390000e+02 1.722000e+02
1.390000e+02 1.722000e+02
1.370000e+02 1.734000e+02
1.360000e+02 1.740000e+02
1.345000e+02 1.752000e+02
1.335000e+02 1.758000e+02
1.325000e+02 1.764000e+02
1.320000e+02 1.770000e+02
1.325000e+02 1.776000e+02
1.340000e+02 1.788000e+02
1.365000e+02 1.806000e+02
1.410000e+02 1.824000e+02
1.460000e+02 1.830000e+02
1.510000e+02 1.836000e+02
1.570000e+02 1.842000e+02
1.625000e+02 1.836000e+02
1.720000e+02 1.830000e+02
1.750000e+02 1.830000e+02
1.825000e+02 1.824000e+02
1.855000e+02 1.824000e+02
1.925000e+02 1.818000e+02
1.990000e+02 1.818000e+02
2.025000e+02 1.812000e+02
2.095000e+02 1.812000e+02
2.175000e+02 1.806000e+02
2.285000e+02 1.806000e+02
2.325000e+02 1.806000e+02
2.400000e+02 1.800000e+02
2.470000e+02 1.800000e+02
2.560000e+02 1.794000e+02
2.635000e+02 1.794000e+02
2.715000e+02 1.794000e+02
2.795000e+02 1.794000e+02
2.865000e+02 1.800000e+02
2.985000e+02 1.806000e+02
3.025000e+02 1.812000e+02
3.095000e+02 1.818000e+02
3.175000e+02 1.830000e+02
3.240000e+02 1.848000e+02
3.325000e+02 1.866000e+02
3.395000e+02 1.878000e+02
3.460000e+02 1.890000e+02
3.530000e+02 1.896000e+02
3.590000e+02 1.908000e+02
3.665000e+02 1.914000e+02
3.725000e+02 1.914000e+02
3.790000e+02 1.914000e+02
3.885000e+02 1.914000e+02
3.950000e+02 1.914000e+02
3.980000e+02 1.914000e+02
4.070000e+02 1.920000e+02
4.125000e+02 1.920000e+02
4.185000e+02 1.914000e+02
4.240000e+02 1.914000e+02
4.295000e+02 1.908000e+02
4.345000e+02 1.902000e+02
4.395000e+02 1.896000e+02
4.445000e+02 1.890000e+02
4.495000e+02 1.884000e+02
4.565000e+02 1.872000e+02
4.605000e+02 1.872000e+02
4.650000e+02 1.860000e+02
4.695000e+02 1.854000e+02
4.735000e+02 1.848000e+02
4.775000e+02 1.836000e+02
4.815000e+02 1.830000e+02
4.870000e+02 1.818000e+02
4.910000e+02 1.812000e+02
4.960000e+02 1.806000e+02
4.970000e+02 1.806000e+02
4.995000e+02 1.800000e+02
5.025000e+02 1.800000e+02
5.050000e+02 1.794000e+02
5.075000e+02 1.788000e+02
5.095000e+02 1.788000e+02
5.115000e+02 1.782000e+02
5.130000e+02 1.776000e+02
5.145000e+02 1.764000e+02
5.155000e+02 1.752000e+02
5.155000e+02 1.752000e+02
