2.865000e+02 4.680000e+01
2.865000e+02 4.680000e+01
2.865000e+02 4.740000e+01
2.865000e+02 4.740000e+01
2.860000e+02 4.860000e+01
2.855000e+02 5.100000e+01
2.855000e+02 5.340000e+01
2.850000e+02 5.640000e+01
2.850000e+02 6.000000e+01
2.845000e+02 6.420000e+01
2.845000e+02 6.840000e+01
2.845000e+02 7.440000e+01
2.845000e+02 7.680000e+01
2.850000e+02 8.400000e+01
2.850000e+02 9.060000e+01
2.850000e+02 9.840000e+01
2.850000e+02 1.038000e+02
2.845000e+02 1.098000e+02
2.840000e+02 1.164000e+02
2.840000e+02 1.224000e+02
2.830000e+02 1.296000e+02
2.825000e+02 1.362000e+02
2.815000e+02 1.446000e+02
2.810000e+02 1.518000e+02
2.805000e+02 1.626000e+02
2.800000e+02 1.704000e+02
2.795000e+02 1.776000e+02
2.790000e+02 1.848000e+02
2.785000e+02 1.914000e+02
2.780000e+02 1.974000e+02
2.780000e+02 2.040000e+02
2.775000e+02 2.106000e+02
2.775000e+02 2.172000e+02
2.770000e+02 2.226000e+02
2.770000e+02 2.316000e+02
2.770000e+02 2.340000e+02
2.770000e+02 2.418000e+02
2.765000e+02 2.466000e+02
2.765000e+02 2.514000e+02
2.765000e+02 2.556000e+02
2.765000e+02 2.598000e+02
2.765000e+02 2.652000e+02
2.765000e+02 2.700000e+02
2.765000e+02 2.754000e+02
2.770000e+02 2.814000e+02
2.770000e+02 2.874000e+02
2.775000e+02 2.934000e+02
2.775000e+02 2.988000e+02
2.775000e+02 3.048000e+02
2.780000e+02 3.108000e+02
2.780000e+02 3.162000e+02
2.785000e+02 3.222000e+02
2.785000e+02 3.276000e+02
2.790000e+02 3.330000e+02
2.795000e+02 3.384000e+02
2.800000e+02 3.462000e+02
2.805000e+02 3.534000e+02
2.810000e+02 3.606000e+02
2.815000e+02 3.648000e+02
2.820000e+02 3.702000e+02
2.830000e+02 3.744000e+02
2.830000e+02 3.786000e+02
2.835000e+02 3.834000e+02
2.840000e+02 3.882000e+02
2.840000e+02 3.924000e+02
2.840000e+02 3.960000e+02
2.840000e+02 3.996000e+02
2.840000e+02 4.032000e+02
2.835000e+02 4.062000e+02
2.835000e+02 4.086000e+02
2.835000e+02 4.104000e+02
2.830000e+02 4.128000e+02
2.830000e+02 4.134000e+02
2.830000e+02 4.134000e+02
2.825000e+02 4.140000e+02
2.825000e+02 4.146000e+02
2.825000e+02 4.146000e+02
2.825000e+02 4.146000e+02
2.825000e+02 4.146000e+02
