1.305000e+02 2.514000e+02
1.305000e+02 2.514000e+02
1.305000e+02 2.520000e+02
1.305000e+02 2.520000e+02
1.305000e+02 2.526000e+02
1.330000e+02 2.532000e+02
1.395000e+02 2.550000e+02
1.455000e+02 2.556000e+02
1.520000e+02 2.550000e+02
1.605000e+02 2.538000e+02
1.690000e+02 2.526000e+02
1.780000e+02 2.508000e+02
1.865000e+02 2.496000e+02
1.960000e+02 2.484000e+02
2.075000e+02 2.478000e+02
2.175000e+02 2.466000e+02
2.270000e+02 2.454000e+02
2.320000e+02 2.448000e+02
2.365000e+02 2.442000e+02
2.460000e+02 2.430000e+02
2.600000e+02 2.412000e+02
2.690000e+02 2.406000e+02
2.775000e+02 2.394000e+02
2.900000e+02 2.376000e+02
2.980000e+02 2.370000e+02
3.055000e+02 2.358000e+02
3.165000e+02 2.346000e+02
3.225000e+02 2.340000e+02
3.300000e+02 2.328000e+02
3.395000e+02 2.316000e+02
3.425000e+02 2.310000e+02
3.480000e+02 2.304000e+02
3.510000e+02 2.298000e+02
3.565000e+02 2.292000e+02
3.620000e+02 2.286000e+02
3.675000e+02 2.280000e+02
3.750000e+02 2.274000e+02
3.805000e+02 2.268000e+02
3.830000e+02 2.268000e+02
3.880000e+02 2.262000e+02
3.930000e+02 2.256000e+02
3.975000e+02 2.250000e+02
4.030000e+02 2.244000e+02
4.080000e+02 2.238000e+02
4.165000e+02 2.226000e+02
4.215000e+02 2.226000e+02
4.295000e+02 2.214000e+02
4.345000e+02 2.214000e+02
4.405000e+02 2.208000e+02
4.430000e+02 2.208000e+02
4.500000e+02 2.202000e+02
4.525000e+02 2.202000e+02
4.570000e+02 2.202000e+02
4.610000e+02 2.202000e+02
4.655000e+02 2.202000e+02
4.710000e+02 2.208000e+02
4.770000e+02 2.220000e+02
4.825000e+02 2.232000e+02
4.860000e+02 2.238000e+02
4.890000e+02 2.244000e+02
4.930000e+02 2.256000e+02
4.955000e+02 2.262000e+02
4.980000e+02 2.268000e+02
5.010000e+02 2.274000e+02
5.035000e+02 2.280000e+02
5.060000e+02 2.280000e+02
5.085000e+02 2.280000e+02
5.105000e+02 2.280000e+02
5.125000e+02 2.280000e+02
5.135000e+02 2.274000e+02
5.135000e+02 2.274000e+02
