5.750000e+02 1.794000e+02
5.750000e+02 1.794000e+02
5.750000e+02 1.788000e+02
5.750000e+02 1.788000e+02
5.750000e+02 1.782000e+02
5.750000e+02 1.782000e+02
5.745000e+02 1.776000e+02
5.740000e+02 1.776000e+02
5.725000e+02 1.776000e+02
5.700000e+02 1.782000e+02
5.675000e+02 1.782000e+02
5.645000e+02 1.788000e+02
5.610000e+02 1.800000e+02
5.570000e+02 1.806000e+02
5.530000e+02 1.812000e+02
5.485000e+02 1.818000e+02
5.435000e+02 1.824000e+02
5.380000e+02 1.836000e+02
5.325000e+02 1.842000e+02
5.235000e+02 1.854000e+02
5.180000e+02 1.860000e+02
5.115000e+02 1.872000e+02
5.050000e+02 1.878000e+02
4.985000e+02 1.884000e+02
4.925000e+02 1.890000e+02
4.855000e+02 1.902000e+02
4.795000e+02 1.908000e+02
4.725000e+02 1.908000e+02
4.665000e+02 1.914000e+02
4.605000e+02 1.920000e+02
4.520000e+02 1.926000e+02
4.490000e+02 1.926000e+02
4.430000e+02 1.926000e+02
4.340000e+02 1.926000e+02
4.285000e+02 1.926000e+02
4.230000e+02 1.926000e+02
4.180000e+02 1.926000e+02
4.120000e+02 1.926000e+02
4.070000e+02 1.920000e+02
4.020000e+02 1.920000e+02
3.970000e+02 1.920000e+02
3.885000e+02 1.920000e+02
3.810000e+02 1.920000e+02
3.750000e+02 1.920000e+02
3.675000e+02 1.920000e+02
3.615000e+02 1.926000e+02
3.590000e+02 1.926000e+02
3.515000e+02 1.932000e+02
3.465000e+02 1.932000e+02
3.420000e+02 1.932000e+02
3.370000e+02 1.932000e+02
3.325000e+02 1.932000e+02
3.265000e+02 1.938000e+02
3.240000e+02 1.938000e+02
3.180000e+02 1.938000e+02
3.135000e+02 1.944000e+02
3.090000e+02 1.950000e+02
3.050000e+02 1.950000e+02
3.000000e+02 1.962000e+02
2.960000e+02 1.968000e+02
2.915000e+02 1.974000e+02
2.870000e+02 1.980000e+02
2.830000e+02 1.986000e+02
2.795000e+02 1.992000e+02
2.745000e+02 2.004000e+02
2.705000e+02 2.010000e+02
2.660000e+02 2.022000e+02
2.610000e+02 2.028000e+02
2.565000e+02 2.034000e+02
2.520000e+02 2.046000e+02
2.470000e+02 2.058000e+02
2.425000e+02 2.064000e+02
2.375000e+02 2.076000e+02
2.330000e+02 2.082000e+02
2.285000e+02 2.094000e+02
2.230000e+02 2.106000e+02
2.180000e+02 2.118000e+02
2.130000e+02 2.124000e+02
2.060000e+02 2.142000e+02
2.035000e+02 2.142000e+02
1.985000e+02 2.154000e+02
1.945000e+02 2.154000e+02
1.900000e+02 2.160000e+02
1.860000e+02 2.166000e+02
1.825000e+02 2.166000e+02
1.780000e+02 2.166000e+02
1.720000e+02 2.160000e+02
1.700000e+02 2.160000e+02
1.645000e+02 2.160000e+02
1.620000e+02 2.154000e+02
1.560000e+02 2.154000e+02
1.520000e+02 2.148000e+02
1.475000e+02 2.142000e+02
1.435000e+02 2.136000e+02
1.390000e+02 2.130000e+02
1.350000e+02 2.124000e+02
1.310000e+02 2.118000e+02
1.265000e+02 2.106000e+02
1.220000e+02 2.100000e+02
1.175000e+02 2.094000e+02
1.110000e+02 2.082000e+02
1.070000e+02 2.076000e+02
1.035000e+02 2.076000e+02
9.950000e+01 2.070000e+02
9.550000e+01 2.064000e+02
9.200000e+01 2.058000e+02
8.850000e+01 2.058000e+02
8.550000e+01 2.058000e+02
8.300000e+01 2.052000e+02
8.100000e+01 2.052000e+02
7.950000e+01 2.052000e+02
7.800000e+01 2.052000e+02
7.700000e+01 2.046000e+02
7.550000e+01 2.046000e+02
7.300000e+01 2.046000e+02
7.050000e+01 2.052000e+02
7.050000e+01 2.052000e+02
