2.090000e+02 9.060000e+01
2.090000e+02 9.060000e+01
2.080000e+02 9.900000e+01
2.080000e+02 1.020000e+02
2.075000e+02 1.134000e+02
2.075000e+02 1.194000e+02
2.070000e+02 1.266000e+02
2.070000e+02 1.326000e+02
2.065000e+02 1.386000e+02
2.065000e+02 1.446000e+02
2.060000e+02 1.494000e+02
2.060000e+02 1.554000e+02
2.060000e+02 1.608000e+02
2.060000e+02 1.662000e+02
2.055000e+02 1.722000e+02
2.055000e+02 1.776000e+02
2.055000e+02 1.830000e+02
2.055000e+02 1.890000e+02
2.060000e+02 1.974000e+02
2.060000e+02 2.064000e+02
2.060000e+02 2.148000e+02
2.060000e+02 2.208000e+02
2.060000e+02 2.262000e+02
2.060000e+02 2.322000e+02
2.060000e+02 2.376000e+02
2.060000e+02 2.430000e+02
2.060000e+02 2.490000e+02
2.060000e+02 2.538000e+02
2.060000e+02 2.586000e+02
2.060000e+02 2.670000e+02
2.060000e+02 2.730000e+02
2.060000e+02 2.802000e+02
2.060000e+02 2.862000e+02
2.060000e+02 2.928000e+02
2.060000e+02 2.988000e+02
2.055000e+02 3.054000e+02
2.055000e+02 3.120000e+02
2.055000e+02 3.180000e+02
2.055000e+02 3.240000e+02
2.055000e+02 3.300000e+02
2.060000e+02 3.384000e+02
2.060000e+02 3.444000e+02
2.065000e+02 3.492000e+02
2.070000e+02 3.540000e+02
2.070000e+02 3.588000e+02
2.075000e+02 3.636000e+02
2.080000e+02 3.678000e+02
2.090000e+02 3.720000e+02
2.090000e+02 3.750000e+02
2.095000e+02 3.780000e+02
2.100000e+02 3.810000e+02
2.105000e+02 3.834000e+02
2.115000e+02 3.870000e+02
2.120000e+02 3.906000e+02
2.125000e+02 3.948000e+02
2.140000e+02 4.032000e+02
2.150000e+02 4.104000e+02
2.150000e+02 4.104000e+02
