1.755000e+02 2.154000e+02
1.755000e+02 2.154000e+02
1.755000e+02 2.166000e+02
1.755000e+02 2.184000e+02
1.760000e+02 2.214000e+02
1.765000e+02 2.244000e+02
1.775000e+02 2.292000e+02
1.790000e+02 2.334000e+02
1.800000e+02 2.388000e+02
1.815000e+02 2.436000e+02
1.835000e+02 2.508000e+02
1.850000e+02 2.556000e+02
1.865000e+02 2.604000e+02
1.870000e+02 2.634000e+02
1.885000e+02 2.682000e+02
1.905000e+02 2.742000e+02
1.915000e+02 2.778000e+02
1.925000e+02 2.814000e+02
1.935000e+02 2.844000e+02
1.945000e+02 2.868000e+02
1.955000e+02 2.892000e+02
1.960000e+02 2.904000e+02
1.970000e+02 2.922000e+02
1.975000e+02 2.928000e+02
1.980000e+02 2.934000e+02
1.985000e+02 2.934000e+02
1.995000e+02 2.940000e+02
2.005000e+02 2.934000e+02
2.025000e+02 2.928000e+02
2.045000e+02 2.922000e+02
2.080000e+02 2.904000e+02
2.115000e+02 2.880000e+02
2.160000e+02 2.856000e+02
2.210000e+02 2.832000e+02
2.270000e+02 2.802000e+02
2.360000e+02 2.754000e+02
2.435000e+02 2.724000e+02
2.550000e+02 2.670000e+02
2.685000e+02 2.622000e+02
2.785000e+02 2.586000e+02
2.945000e+02 2.532000e+02
3.130000e+02 2.478000e+02
3.240000e+02 2.442000e+02
3.365000e+02 2.406000e+02
3.490000e+02 2.370000e+02
3.615000e+02 2.334000e+02
3.750000e+02 2.304000e+02
3.870000e+02 2.274000e+02
4.045000e+02 2.226000e+02
4.155000e+02 2.202000e+02
4.265000e+02 2.178000e+02
4.355000e+02 2.154000e+02
4.445000e+02 2.130000e+02
4.525000e+02 2.112000e+02
4.590000e+02 2.100000e+02
4.665000e+02 2.082000e+02
4.720000e+02 2.070000e+02
4.775000e+02 2.058000e+02
4.825000e+02 2.052000e+02
4.860000e+02 2.046000e+02
4.895000e+02 2.040000e+02
4.920000e+02 2.040000e+02
4.945000e+02 2.034000e+02
4.960000e+02 2.040000e+02
4.965000e+02 2.040000e+02
4.975000e+02 2.040000e+02
4.980000e+02 2.040000e+02
4.980000e+02 2.040000e+02
4.985000e+02 2.040000e+02
4.990000e+02 2.040000e+02
4.990000e+02 2.040000e+02
4.990000e+02 2.040000e+02
4.990000e+02 2.040000e+02
