1.435000e+02 2.706000e+02
1.435000e+02 2.706000e+02
1.435000e+02 2.712000e+02
1.435000e+02 2.712000e+02
1.440000e+02 2.724000e+02
1.455000e+02 2.730000e+02
1.500000e+02 2.754000e+02
1.525000e+02 2.766000e+02
1.580000e+02 2.784000e+02
1.635000e+02 2.802000e+02
1.695000e+02 2.814000e+02
1.750000e+02 2.826000e+02
1.815000e+02 2.832000e+02
1.870000e+02 2.832000e+02
1.935000e+02 2.832000e+02
1.990000e+02 2.832000e+02
2.055000e+02 2.832000e+02
2.110000e+02 2.832000e+02
2.180000e+02 2.832000e+02
2.235000e+02 2.826000e+02
2.330000e+02 2.820000e+02
2.395000e+02 2.820000e+02
2.485000e+02 2.814000e+02
2.550000e+02 2.808000e+02
2.600000e+02 2.808000e+02
2.665000e+02 2.814000e+02
2.715000e+02 2.814000e+02
2.780000e+02 2.814000e+02
2.840000e+02 2.814000e+02
2.905000e+02 2.820000e+02
2.995000e+02 2.826000e+02
3.030000e+02 2.826000e+02
3.120000e+02 2.832000e+02
3.160000e+02 2.832000e+02
3.215000e+02 2.838000e+02
3.275000e+02 2.832000e+02
3.330000e+02 2.838000e+02
3.425000e+02 2.838000e+02
3.510000e+02 2.850000e+02
3.570000e+02 2.862000e+02
3.630000e+02 2.868000e+02
3.725000e+02 2.874000e+02
3.795000e+02 2.880000e+02
3.850000e+02 2.880000e+02
3.920000e+02 2.880000e+02
4.005000e+02 2.880000e+02
4.065000e+02 2.880000e+02
4.115000e+02 2.874000e+02
4.180000e+02 2.868000e+02
4.230000e+02 2.862000e+02
4.320000e+02 2.850000e+02
4.370000e+02 2.844000e+02
4.425000e+02 2.838000e+02
4.475000e+02 2.838000e+02
4.535000e+02 2.838000e+02
4.585000e+02 2.838000e+02
4.635000e+02 2.838000e+02
4.710000e+02 2.844000e+02
4.760000e+02 2.850000e+02
4.810000e+02 2.856000e+02
4.850000e+02 2.862000e+02
4.895000e+02 2.868000e+02
4.915000e+02 2.868000e+02
4.955000e+02 2.874000e+02
4.985000e+02 2.874000e+02
5.000000e+02 2.874000e+02
5.040000e+02 2.874000e+02
5.060000e+02 2.874000e+02
5.080000e+02 2.868000e+02
5.090000e+02 2.868000e+02
5.100000e+02 2.868000e+02
5.105000e+02 2.868000e+02
5.115000e+02 2.868000e+02
5.115000e+02 2.868000e+02
5.120000e+02 2.868000e+02
5.120000e+02 2.862000e+02
5.120000e+02 2.862000e+02
5.120000e+02 2.862000e+02
5.120000e+02 2.862000e+02
