3.215000e+02 8.220000e+01
3.215000e+02 8.220000e+01
3.215000e+02 8.280000e+01
3.210000e+02 8.340000e+01
3.195000e+02 8.820000e+01
3.180000e+02 9.600000e+01
3.165000e+02 1.044000e+02
3.145000e+02 1.182000e+02
3.130000e+02 1.344000e+02
3.120000e+02 1.452000e+02
3.100000e+02 1.614000e+02
3.080000e+02 1.728000e+02
3.065000e+02 1.848000e+02
3.045000e+02 1.974000e+02
3.035000e+02 2.094000e+02
3.020000e+02 2.214000e+02
3.010000e+02 2.334000e+02
2.995000e+02 2.448000e+02
2.980000e+02 2.556000e+02
2.965000e+02 2.658000e+02
2.955000e+02 2.748000e+02
2.940000e+02 2.832000e+02
2.930000e+02 2.916000e+02
2.920000e+02 3.000000e+02
2.910000e+02 3.084000e+02
2.895000e+02 3.192000e+02
2.890000e+02 3.264000e+02
2.885000e+02 3.330000e+02
2.880000e+02 3.402000e+02
2.875000e+02 3.462000e+02
2.870000e+02 3.522000e+02
2.865000e+02 3.582000e+02
2.865000e+02 3.642000e+02
2.855000e+02 3.726000e+02
2.855000e+02 3.750000e+02
2.850000e+02 3.798000e+02
2.845000e+02 3.840000e+02
2.840000e+02 3.882000e+02
2.840000e+02 3.918000e+02
2.840000e+02 3.948000e+02
2.840000e+02 3.972000e+02
2.840000e+02 3.990000e+02
2.840000e+02 4.020000e+02
2.845000e+02 4.056000e+02
2.850000e+02 4.086000e+02
2.855000e+02 4.122000e+02
2.855000e+02 4.140000e+02
2.855000e+02 4.140000e+02
