5.620000e+02 2.478000e+02
5.620000e+02 2.478000e+02
5.620000e+02 2.478000e+02
5.620000e+02 2.478000e+02
5.615000e+02 2.478000e+02
5.615000e+02 2.478000e+02
5.615000e+02 2.472000e+02
5.610000e+02 2.472000e+02
5.595000e+02 2.466000e+02
5.580000e+02 2.454000e+02
5.555000e+02 2.448000e+02
5.525000e+02 2.442000e+02
5.465000e+02 2.424000e+02
5.445000e+02 2.424000e+02
5.385000e+02 2.406000e+02
5.340000e+02 2.400000e+02
5.300000e+02 2.388000e+02
5.275000e+02 2.382000e+02
5.195000e+02 2.370000e+02
5.140000e+02 2.358000e+02
5.090000e+02 2.346000e+02
5.035000e+02 2.334000e+02
4.975000e+02 2.328000e+02
4.925000e+02 2.322000e+02
4.870000e+02 2.310000e+02
4.820000e+02 2.304000e+02
4.770000e+02 2.292000e+02
4.710000e+02 2.280000e+02
4.660000e+02 2.274000e+02
4.600000e+02 2.268000e+02
4.540000e+02 2.256000e+02
4.475000e+02 2.250000e+02
4.415000e+02 2.238000e+02
4.345000e+02 2.232000e+02
4.280000e+02 2.232000e+02
4.180000e+02 2.220000e+02
4.065000e+02 2.214000e+02
3.960000e+02 2.208000e+02
3.895000e+02 2.202000e+02
3.830000e+02 2.202000e+02
3.755000e+02 2.202000e+02
3.690000e+02 2.202000e+02
3.615000e+02 2.202000e+02
3.550000e+02 2.202000e+02
3.470000e+02 2.202000e+02
3.395000e+02 2.202000e+02
3.320000e+02 2.208000e+02
3.245000e+02 2.214000e+02
3.135000e+02 2.226000e+02
3.025000e+02 2.244000e+02
2.925000e+02 2.262000e+02
2.855000e+02 2.274000e+02
2.795000e+02 2.280000e+02
2.730000e+02 2.292000e+02
2.670000e+02 2.304000e+02
2.600000e+02 2.310000e+02
2.545000e+02 2.322000e+02
2.485000e+02 2.328000e+02
2.435000e+02 2.334000e+02
2.370000e+02 2.340000e+02
2.320000e+02 2.346000e+02
2.265000e+02 2.352000e+02
2.215000e+02 2.358000e+02
2.170000e+02 2.364000e+02
2.115000e+02 2.370000e+02
2.065000e+02 2.370000e+02
2.015000e+02 2.376000e+02
1.965000e+02 2.388000e+02
1.915000e+02 2.394000e+02
1.860000e+02 2.400000e+02
1.815000e+02 2.406000e+02
1.760000e+02 2.406000e+02
1.690000e+02 2.412000e+02
1.645000e+02 2.418000e+02
1.600000e+02 2.418000e+02
1.560000e+02 2.418000e+02
1.520000e+02 2.418000e+02
1.480000e+02 2.412000e+02
1.440000e+02 2.406000e+02
1.405000e+02 2.400000e+02
1.370000e+02 2.394000e+02
1.325000e+02 2.388000e+02
1.310000e+02 2.382000e+02
1.270000e+02 2.376000e+02
1.235000e+02 2.370000e+02
1.200000e+02 2.370000e+02
1.150000e+02 2.364000e+02
1.110000e+02 2.364000e+02
1.075000e+02 2.358000e+02
1.040000e+02 2.358000e+02
1.000000e+02 2.358000e+02
9.650000e+01 2.358000e+02
9.350000e+01 2.358000e+02
8.950000e+01 2.358000e+02
8.600000e+01 2.358000e+02
8.300000e+01 2.358000e+02
7.850000e+01 2.364000e+02
7.700000e+01 2.364000e+02
7.200000e+01 2.364000e+02
7.000000e+01 2.370000e+02
6.750000e+01 2.370000e+02
6.550000e+01 2.376000e+02
6.300000e+01 2.376000e+02
6.100000e+01 2.376000e+02
5.900000e+01 2.382000e+02
5.750000e+01 2.382000e+02
5.600000e+01 2.382000e+02
5.500000e+01 2.382000e+02
5.400000e+01 2.382000e+02
5.350000e+01 2.388000e+02
5.250000e+01 2.388000e+02
5.200000e+01 2.388000e+02
5.150000e+01 2.388000e+02
5.150000e+01 2.388000e+02
5.100000e+01 2.388000e+02
5.050000e+01 2.394000e+02
5.050000e+01 2.394000e+02
5.050000e+01 2.394000e+02
