4.840000000000000000e+02 2.510000000000000000e+02
4.690000000000000000e+02 2.530000000000000000e+02
4.510000000000000000e+02 2.570000000000000000e+02
4.345000000000000000e+02 2.590000000000000000e+02
4.170000000000000000e+02 2.620000000000000000e+02
3.990000000000000000e+02 2.630000000000000000e+02
3.800000000000000000e+02 2.640000000000000000e+02
3.615000000000000000e+02 2.660000000000000000e+02
3.425000000000000000e+02 2.700000000000000000e+02
3.240000000000000000e+02 2.730000000000000000e+02
3.045000000000000000e+02 2.780000000000000000e+02
2.875000000000000000e+02 2.810000000000000000e+02
2.715000000000000000e+02 2.850000000000000000e+02
2.555000000000000000e+02 2.880000000000000000e+02
2.400000000000000000e+02 2.920000000000000000e+02
2.260000000000000000e+02 2.940000000000000000e+02
2.135000000000000000e+02 2.980000000000000000e+02
2.015000000000000000e+02 3.020000000000000000e+02
1.890000000000000000e+02 3.100000000000000000e+02
1.775000000000000000e+02 3.150000000000000000e+02
1.670000000000000000e+02 3.180000000000000000e+02
1.560000000000000000e+02 3.200000000000000000e+02
1.470000000000000000e+02 3.220000000000000000e+02
1.400000000000000000e+02 3.250000000000000000e+02
1.320000000000000000e+02 3.270000000000000000e+02
1.270000000000000000e+02 3.280000000000000000e+02
1.240000000000000000e+02 3.280000000000000000e+02
1.200000000000000000e+02 3.260000000000000000e+02
1.155000000000000000e+02 3.230000000000000000e+02
1.090000000000000000e+02 3.200000000000000000e+02
1.030000000000000000e+02 3.180000000000000000e+02
