2.432000e+02 1.160000e+02
2.448000e+02 1.168000e+02
2.512000e+02 1.200000e+02
2.544000e+02 1.208000e+02
2.632000e+02 1.264000e+02
2.760000e+02 1.368000e+02
2.856000e+02 1.440000e+02
3.144000e+02 1.664000e+02
3.320000e+02 1.792000e+02
3.680000e+02 2.056000e+02
3.840000e+02 2.192000e+02
4.120000e+02 2.424000e+02
4.240000e+02 2.536000e+02
4.432000e+02 2.680000e+02
4.496000e+02 2.736000e+02
4.592000e+02 2.816000e+02
4.608000e+02 2.840000e+02
4.608000e+02 2.856000e+02
4.600000e+02 2.872000e+02
4.536000e+02 2.920000e+02
4.368000e+02 2.976000e+02
4.256000e+02 3.016000e+02
3.936000e+02 3.096000e+02
3.768000e+02 3.128000e+02
3.472000e+02 3.176000e+02
3.328000e+02 3.200000e+02
3.128000e+02 3.224000e+02
3.040000e+02 3.232000e+02
2.912000e+02 3.240000e+02
2.856000e+02 3.248000e+02
2.776000e+02 3.256000e+02
2.744000e+02 3.256000e+02
2.688000e+02 3.256000e+02
2.656000e+02 3.256000e+02
2.600000e+02 3.256000e+02
2.576000e+02 3.256000e+02
2.568000e+02 3.256000e+02
2.552000e+02 3.256000e+02
2.544000e+02 3.256000e+02
2.544000e+02 3.240000e+02
2.544000e+02 3.232000e+02
2.544000e+02 3.216000e+02
2.552000e+02 3.192000e+02
2.560000e+02 3.184000e+02
2.640000e+02 3.120000e+02
2.696000e+02 3.064000e+02
2.768000e+02 3.016000e+02
2.824000e+02 2.952000e+02
2.984000e+02 2.792000e+02
3.112000e+02 2.648000e+02
3.384000e+02 2.328000e+02
3.544000e+02 2.120000e+02
3.880000e+02 1.736000e+02
4.048000e+02 1.584000e+02
4.304000e+02 1.376000e+02
4.392000e+02 1.312000e+02
4.528000e+02 1.216000e+02
4.576000e+02 1.184000e+02
4.624000e+02 1.144000e+02