2.625000000000000000e+02 2.075000000000000000e+02
2.865000000000000000e+02 2.080000000000000000e+02
3.080000000000000000e+02 2.050000000000000000e+02
3.315000000000000000e+02 2.070000000000000000e+02
3.565000000000000000e+02 2.085000000000000000e+02
3.820000000000000000e+02 2.075000000000000000e+02
4.070000000000000000e+02 2.050000000000000000e+02
4.320000000000000000e+02 2.085000000000000000e+02
4.570000000000000000e+02 2.065000000000000000e+02
4.820000000000000000e+02 2.075000000000000000e+02
5.165000000000000000e+02 2.010000000000000000e+02
5.400000000000000000e+02 2.070000000000000000e+02
5.530000000000000000e+02 2.225000000000000000e+02
5.670000000000000000e+02 2.370000000000000000e+02
5.790000000000000000e+02 2.505000000000000000e+02
5.910000000000000000e+02 2.690000000000000000e+02
6.030000000000000000e+02 2.785000000000000000e+02
6.120000000000000000e+02 2.820000000000000000e+02
6.180000000000000000e+02 2.810000000000000000e+02
6.200000000000000000e+02 2.680000000000000000e+02
6.200000000000000000e+02 2.460000000000000000e+02
6.190000000000000000e+02 2.400000000000000000e+02
6.180000000000000000e+02 2.400000000000000000e+02
6.180000000000000000e+02 2.400000000000000000e+02
