2.900000e+02 3.966000e+02
2.900000e+02 3.963000e+02
2.900000e+02 3.960000e+02
2.900000e+02 3.957000e+02
2.900000e+02 3.954000e+02
2.900000e+02 3.942000e+02
2.900000e+02 3.930000e+02
2.910000e+02 3.894000e+02
2.940000e+02 3.792000e+02
2.965000e+02 3.708000e+02
3.000000e+02 3.612000e+02
3.040000e+02 3.504000e+02
3.080000e+02 3.396000e+02
3.115000e+02 3.282000e+02
3.150000e+02 3.156000e+02
3.185000e+02 3.030000e+02
3.230000e+02 2.886000e+02
3.285000e+02 2.688000e+02
3.330000e+02 2.556000e+02
3.365000e+02 2.424000e+02
3.405000e+02 2.286000e+02
3.455000e+02 2.142000e+02
3.495000e+02 2.016000e+02
3.545000e+02 1.872000e+02
3.620000e+02 1.674000e+02
3.640000e+02 1.608000e+02
3.700000e+02 1.470000e+02
3.745000e+02 1.350000e+02
3.790000e+02 1.236000e+02
3.835000e+02 1.140000e+02
3.875000e+02 1.038000e+02
3.915000e+02 9.480000e+01
3.970000e+02 8.280000e+01
4.025000e+02 7.020000e+01
4.050000e+02 6.480000e+01
4.070000e+02 6.060000e+01
4.085000e+02 5.820000e+01
4.095000e+02 5.580000e+01
4.105000e+02 5.460000e+01
4.115000e+02 5.340000e+01
4.120000e+02 5.280000e+01
4.125000e+02 5.280000e+01
4.130000e+02 5.340000e+01
4.145000e+02 5.520000e+01
4.185000e+02 6.120000e+01
4.210000e+02 6.720000e+01
4.235000e+02 7.440000e+01
4.255000e+02 8.340000e+01
4.280000e+02 9.360000e+01
4.310000e+02 1.050000e+02
4.340000e+02 1.170000e+02
4.370000e+02 1.290000e+02
4.400000e+02 1.410000e+02
4.440000e+02 1.542000e+02
4.475000e+02 1.680000e+02
4.505000e+02 1.800000e+02
4.535000e+02 1.938000e+02
4.570000e+02 2.070000e+02
4.605000e+02 2.196000e+02
4.640000e+02 2.328000e+02
4.675000e+02 2.448000e+02
4.710000e+02 2.568000e+02
4.760000e+02 2.730000e+02
4.795000e+02 2.850000e+02
4.830000e+02 2.946000e+02
4.855000e+02 3.042000e+02
4.880000e+02 3.132000e+02
4.900000e+02 3.216000e+02
4.920000e+02 3.294000e+02
4.935000e+02 3.366000e+02
4.940000e+02 3.426000e+02
4.950000e+02 3.480000e+02
4.955000e+02 3.528000e+02
4.960000e+02 3.558000e+02
4.960000e+02 3.582000e+02
4.960000e+02 3.600000e+02
4.960000e+02 3.612000e+02
4.960000e+02 3.618000e+02
4.955000e+02 3.618000e+02
4.950000e+02 3.618000e+02
4.935000e+02 3.612000e+02
4.910000e+02 3.588000e+02
4.890000e+02 3.576000e+02
4.820000e+02 3.516000e+02
4.740000e+02 3.444000e+02
4.660000e+02 3.372000e+02
4.595000e+02 3.306000e+02
4.535000e+02 3.246000e+02
4.465000e+02 3.174000e+02
4.405000e+02 3.108000e+02
4.330000e+02 3.024000e+02
4.260000e+02 2.952000e+02
4.175000e+02 2.856000e+02
4.095000e+02 2.778000e+02
4.020000e+02 2.688000e+02
3.940000e+02 2.598000e+02
3.855000e+02 2.508000e+02
3.770000e+02 2.406000e+02
3.660000e+02 2.274000e+02
3.585000e+02 2.184000e+02
3.515000e+02 2.100000e+02
3.440000e+02 2.004000e+02
3.310000e+02 1.848000e+02
3.240000e+02 1.770000e+02
3.185000e+02 1.698000e+02
3.120000e+02 1.620000e+02
3.070000e+02 1.566000e+02
3.030000e+02 1.512000e+02
2.975000e+02 1.440000e+02
2.945000e+02 1.404000e+02
2.925000e+02 1.374000e+02
2.910000e+02 1.344000e+02
2.900000e+02 1.326000e+02
2.895000e+02 1.314000e+02
2.890000e+02 1.302000e+02
2.890000e+02 1.290000e+02
2.890000e+02 1.284000e+02
2.895000e+02 1.278000e+02
2.915000e+02 1.266000e+02
2.955000e+02 1.248000e+02
3.010000e+02 1.236000e+02
3.075000e+02 1.224000e+02
3.190000e+02 1.212000e+02
3.270000e+02 1.200000e+02
3.370000e+02 1.194000e+02
3.470000e+02 1.188000e+02
3.570000e+02 1.182000e+02
3.675000e+02 1.170000e+02
3.780000e+02 1.158000e+02
3.900000e+02 1.140000e+02
4.005000e+02 1.128000e+02
4.115000e+02 1.116000e+02
4.220000e+02 1.104000e+02
4.335000e+02 1.092000e+02
4.510000e+02 1.068000e+02
4.670000e+02 1.044000e+02
4.825000e+02 1.026000e+02
4.925000e+02 1.014000e+02
5.025000e+02 1.002000e+02
5.105000e+02 9.960000e+01
5.190000e+02 9.900000e+01
5.270000e+02 9.840000e+01
5.335000e+02 9.840000e+01
5.400000e+02 9.840000e+01
5.445000e+02 9.840000e+01
5.480000e+02 9.900000e+01
5.515000e+02 9.960000e+01
5.525000e+02 9.960000e+01
5.540000e+02 1.008000e+02
5.545000e+02 1.008000e+02
5.550000e+02 1.020000e+02
5.555000e+02 1.032000e+02
5.550000e+02 1.056000e+02
5.540000e+02 1.098000e+02
5.515000e+02 1.152000e+02
5.470000e+02 1.212000e+02
5.425000e+02 1.278000e+02
5.360000e+02 1.350000e+02
5.265000e+02 1.458000e+02
5.145000e+02 1.572000e+02
5.020000e+02 1.698000e+02
4.915000e+02 1.800000e+02
4.820000e+02 1.896000e+02
4.710000e+02 1.998000e+02
4.605000e+02 2.100000e+02
4.500000e+02 2.196000e+02
4.385000e+02 2.316000e+02
4.275000e+02 2.424000e+02
4.165000e+02 2.538000e+02
4.055000e+02 2.652000e+02
3.940000e+02 2.766000e+02
3.765000e+02 2.946000e+02
3.660000e+02 3.060000e+02
3.560000e+02 3.168000e+02
3.465000e+02 3.264000e+02
3.380000e+02 3.354000e+02
3.305000e+02 3.432000e+02
3.245000e+02 3.504000e+02
3.190000e+02 3.558000e+02
3.150000e+02 3.612000e+02
3.110000e+02 3.654000e+02
3.080000e+02 3.684000e+02
3.055000e+02 3.714000e+02
3.035000e+02 3.738000e+02
3.025000e+02 3.756000e+02
3.010000e+02 3.774000e+02
3.000000e+02 3.780000e+02
2.995000e+02 3.786000e+02
2.990000e+02 3.792000e+02
2.985000e+02 3.798000e+02
2.985000e+02 3.798000e+02
2.985000e+02 3.798000e+02
2.980000e+02 3.804000e+02
2.980000e+02 3.804000e+02
2.980000e+02 3.804000e+02
2.980000e+02 3.804000e+02
2.980000e+02 3.804000e+02
2.980000e+02 3.804000e+02
2.985000e+02 3.804000e+02
2.985000e+02 3.804000e+02
