4.560000e+02 2.508000e+02
4.560000e+02 2.508000e+02
4.560000e+02 2.508000e+02
4.560000e+02 2.508000e+02
4.560000e+02 2.508000e+02
4.561250e+02 2.508000e+02
4.562500e+02 2.508000e+02
4.563750e+02 2.508000e+02
4.565000e+02 2.508000e+02
4.565000e+02 2.509500e+02
4.565000e+02 2.511000e+02
4.565000e+02 2.512500e+02
4.565000e+02 2.514000e+02
4.565000e+02 2.514000e+02
4.565000e+02 2.514000e+02
4.565000e+02 2.514000e+02
4.565000e+02 2.514000e+02
4.563750e+02 2.515500e+02
4.562500e+02 2.517000e+02
4.561250e+02 2.518500e+02
4.560000e+02 2.520000e+02
4.557500e+02 2.520000e+02
4.555000e+02 2.520000e+02
4.552500e+02 2.520000e+02
4.550000e+02 2.520000e+02
4.547500e+02 2.520000e+02
4.545000e+02 2.520000e+02
4.542500e+02 2.520000e+02
4.540000e+02 2.520000e+02
4.532500e+02 2.520000e+02
4.525000e+02 2.520000e+02
4.517500e+02 2.520000e+02
4.510000e+02 2.520000e+02
4.500000e+02 2.520000e+02
4.490000e+02 2.520000e+02
4.480000e+02 2.520000e+02
4.470000e+02 2.520000e+02
4.458750e+02 2.520000e+02
4.447500e+02 2.520000e+02
4.436250e+02 2.520000e+02
4.425000e+02 2.520000e+02
4.412500e+02 2.520000e+02
4.400000e+02 2.520000e+02
4.387500e+02 2.520000e+02
4.375000e+02 2.520000e+02
4.360000e+02 2.520000e+02
4.345000e+02 2.520000e+02
4.330000e+02 2.520000e+02
4.315000e+02 2.520000e+02
4.300000e+02 2.521500e+02
4.285000e+02 2.523000e+02
4.270000e+02 2.524500e+02
4.255000e+02 2.526000e+02
4.237500e+02 2.526000e+02
4.220000e+02 2.526000e+02
4.202500e+02 2.526000e+02
4.185000e+02 2.526000e+02
4.165000e+02 2.527500e+02
4.145000e+02 2.529000e+02
4.125000e+02 2.530500e+02
4.105000e+02 2.532000e+02
4.087500e+02 2.532000e+02
4.070000e+02 2.532000e+02
4.052500e+02 2.532000e+02
4.035000e+02 2.532000e+02
4.005000e+02 2.533500e+02
3.975000e+02 2.535000e+02
3.945000e+02 2.536500e+02
3.915000e+02 2.538000e+02
3.893750e+02 2.539500e+02
3.872500e+02 2.541000e+02
3.851250e+02 2.542500e+02
3.830000e+02 2.544000e+02
3.807500e+02 2.545500e+02
3.785000e+02 2.547000e+02
3.762500e+02 2.548500e+02
3.740000e+02 2.550000e+02
3.708750e+02 2.551500e+02
3.677500e+02 2.553000e+02
3.646250e+02 2.554500e+02
3.615000e+02 2.556000e+02
3.595000e+02 2.556000e+02
3.575000e+02 2.556000e+02
3.555000e+02 2.556000e+02
3.535000e+02 2.556000e+02
3.512500e+02 2.557500e+02
3.490000e+02 2.559000e+02
3.467500e+02 2.560500e+02
3.445000e+02 2.562000e+02
3.423750e+02 2.562000e+02
3.402500e+02 2.562000e+02
3.381250e+02 2.562000e+02
3.360000e+02 2.562000e+02
3.340000e+02 2.562000e+02
3.320000e+02 2.562000e+02
3.300000e+02 2.562000e+02
3.280000e+02 2.562000e+02
3.260000e+02 2.563500e+02
3.240000e+02 2.565000e+02
3.220000e+02 2.566500e+02
3.200000e+02 2.568000e+02
3.171250e+02 2.566500e+02
3.142500e+02 2.565000e+02
3.113750e+02 2.563500e+02
3.085000e+02 2.562000e+02
3.055000e+02 2.562000e+02
3.025000e+02 2.562000e+02
2.995000e+02 2.562000e+02
2.965000e+02 2.562000e+02
2.937500e+02 2.562000e+02
2.910000e+02 2.562000e+02
2.882500e+02 2.562000e+02
2.855000e+02 2.562000e+02
2.837500e+02 2.562000e+02
2.820000e+02 2.562000e+02
2.802500e+02 2.562000e+02
2.785000e+02 2.562000e+02
2.766250e+02 2.563500e+02
2.747500e+02 2.565000e+02
2.728750e+02 2.566500e+02
2.710000e+02 2.568000e+02
2.691250e+02 2.568000e+02
2.672500e+02 2.568000e+02
2.653750e+02 2.568000e+02
2.635000e+02 2.568000e+02
2.616250e+02 2.568000e+02
2.597500e+02 2.568000e+02
2.578750e+02 2.568000e+02
2.560000e+02 2.568000e+02
2.543750e+02 2.569500e+02
2.527500e+02 2.571000e+02
2.511250e+02 2.572500e+02
2.495000e+02 2.574000e+02
2.480000e+02 2.575500e+02
2.465000e+02 2.577000e+02
2.450000e+02 2.578500e+02
2.435000e+02 2.580000e+02
2.418750e+02 2.581500e+02
2.402500e+02 2.583000e+02
2.386250e+02 2.584500e+02
2.370000e+02 2.586000e+02
2.356250e+02 2.586000e+02
2.342500e+02 2.586000e+02
2.328750e+02 2.586000e+02
2.315000e+02 2.586000e+02
2.300000e+02 2.586000e+02
2.285000e+02 2.586000e+02
2.270000e+02 2.586000e+02
2.255000e+02 2.586000e+02
2.242500e+02 2.587500e+02
2.230000e+02 2.589000e+02
2.217500e+02 2.590500e+02
2.205000e+02 2.592000e+02
2.188750e+02 2.593500e+02
2.172500e+02 2.595000e+02
2.156250e+02 2.596500e+02
2.140000e+02 2.598000e+02
2.131250e+02 2.598000e+02
2.122500e+02 2.598000e+02
2.113750e+02 2.598000e+02
2.105000e+02 2.598000e+02
2.096250e+02 2.598000e+02
2.087500e+02 2.598000e+02
2.078750e+02 2.598000e+02
2.070000e+02 2.598000e+02
2.062500e+02 2.598000e+02
2.055000e+02 2.598000e+02
2.047500e+02 2.598000e+02
2.040000e+02 2.598000e+02
2.033750e+02 2.599500e+02
2.027500e+02 2.601000e+02
2.021250e+02 2.602500e+02
2.015000e+02 2.604000e+02
2.010000e+02 2.604000e+02
2.005000e+02 2.604000e+02
1.995000e+02 2.604000e+02
1.985000e+02 2.604000e+02
1.975000e+02 2.604000e+02
1.967500e+02 2.604000e+02
1.960000e+02 2.604000e+02
1.950000e+02 2.604000e+02
1.940000e+02 2.604000e+02
1.937500e+02 2.604000e+02
1.935000e+02 2.604000e+02
1.927500e+02 2.604000e+02
1.920000e+02 2.604000e+02
1.917500e+02 2.607000e+02
1.915000e+02 2.610000e+02
1.912500e+02 2.610000e+02
1.910000e+02 2.610000e+02
1.907500e+02 2.610000e+02
1.905000e+02 2.610000e+02
1.905000e+02 2.610000e+02
1.905000e+02 2.610000e+02
1.905000e+02 2.607000e+02
1.905000e+02 2.604000e+02
1.905000e+02 2.604000e+02
1.905000e+02 2.604000e+02
1.905000e+02 2.604000e+02
1.905000e+02 2.604000e+02
