8.400000e+01 3.492000e+02
8.400000e+01 3.492000e+02
8.400000e+01 3.492000e+02
8.400000e+01 3.492000e+02
8.400000e+01 3.492000e+02
8.412500e+01 3.490500e+02
8.425000e+01 3.489000e+02
8.437500e+01 3.487500e+02
8.450000e+01 3.486000e+02
8.475000e+01 3.484500e+02
8.500000e+01 3.483000e+02
8.525000e+01 3.481500e+02
8.550000e+01 3.480000e+02
8.575000e+01 3.477000e+02
8.600000e+01 3.474000e+02
8.625000e+01 3.471000e+02
8.650000e+01 3.468000e+02
8.700000e+01 3.466500e+02
8.750000e+01 3.465000e+02
8.800000e+01 3.463500e+02
8.850000e+01 3.462000e+02
8.912500e+01 3.459000e+02
8.975000e+01 3.456000e+02
9.037500e+01 3.453000e+02
9.100000e+01 3.450000e+02
9.175000e+01 3.448500e+02
9.250000e+01 3.447000e+02
9.325000e+01 3.445500e+02
9.400000e+01 3.444000e+02
9.475000e+01 3.442500e+02
9.550000e+01 3.441000e+02
9.625000e+01 3.439500e+02
9.700000e+01 3.438000e+02
9.787500e+01 3.436500e+02
9.875000e+01 3.435000e+02
9.962500e+01 3.433500e+02
1.005000e+02 3.432000e+02
1.016250e+02 3.430500e+02
1.027500e+02 3.429000e+02
1.038750e+02 3.427500e+02
1.050000e+02 3.426000e+02
1.062500e+02 3.423000e+02
1.075000e+02 3.420000e+02
1.087500e+02 3.417000e+02
1.100000e+02 3.414000e+02
1.112500e+02 3.412500e+02
1.125000e+02 3.411000e+02
1.137500e+02 3.409500e+02
1.150000e+02 3.408000e+02
1.162500e+02 3.406500e+02
1.175000e+02 3.405000e+02
1.187500e+02 3.403500e+02
1.200000e+02 3.402000e+02
1.213750e+02 3.400500e+02
1.227500e+02 3.399000e+02
1.241250e+02 3.397500e+02
1.255000e+02 3.396000e+02
1.270000e+02 3.394500e+02
1.285000e+02 3.393000e+02
1.300000e+02 3.391500e+02
1.315000e+02 3.390000e+02
1.330000e+02 3.387000e+02
1.345000e+02 3.384000e+02
1.360000e+02 3.381000e+02
1.375000e+02 3.378000e+02
1.391250e+02 3.378000e+02
1.407500e+02 3.378000e+02
1.423750e+02 3.378000e+02
1.440000e+02 3.378000e+02
1.455000e+02 3.376500e+02
1.470000e+02 3.375000e+02
1.485000e+02 3.373500e+02
1.500000e+02 3.372000e+02
1.517500e+02 3.370500e+02
1.535000e+02 3.369000e+02
1.552500e+02 3.367500e+02
1.570000e+02 3.366000e+02
1.586250e+02 3.363000e+02
1.602500e+02 3.360000e+02
1.618750e+02 3.357000e+02
1.635000e+02 3.354000e+02
1.653750e+02 3.352500e+02
1.672500e+02 3.351000e+02
1.691250e+02 3.349500e+02
1.710000e+02 3.348000e+02
1.730000e+02 3.346500e+02
1.750000e+02 3.345000e+02
1.770000e+02 3.343500e+02
1.790000e+02 3.342000e+02
1.807500e+02 3.340500e+02
1.825000e+02 3.339000e+02
1.842500e+02 3.337500e+02
1.860000e+02 3.336000e+02
1.878750e+02 3.334500e+02
1.897500e+02 3.333000e+02
1.916250e+02 3.331500e+02
1.935000e+02 3.330000e+02
1.955000e+02 3.328500e+02
1.975000e+02 3.327000e+02
1.995000e+02 3.325500e+02
2.015000e+02 3.324000e+02
2.045000e+02 3.322500e+02
2.075000e+02 3.321000e+02
2.105000e+02 3.319500e+02
2.135000e+02 3.318000e+02
2.163750e+02 3.316500e+02
2.192500e+02 3.315000e+02
2.250000e+02 3.312000e+02
2.312500e+02 3.312000e+02
2.375000e+02 3.312000e+02
2.420000e+02 3.312000e+02
2.465000e+02 3.312000e+02
2.510000e+02 3.315000e+02
2.555000e+02 3.318000e+02
2.600000e+02 3.318000e+02
2.645000e+02 3.318000e+02
2.682500e+02 3.321000e+02
2.720000e+02 3.324000e+02
2.765000e+02 3.324000e+02
2.810000e+02 3.324000e+02
2.855000e+02 3.327000e+02
2.900000e+02 3.330000e+02
2.940000e+02 3.333000e+02
2.980000e+02 3.336000e+02
3.025000e+02 3.342000e+02
3.070000e+02 3.348000e+02
3.115000e+02 3.351000e+02
3.160000e+02 3.354000e+02
3.197500e+02 3.354000e+02
3.235000e+02 3.354000e+02
3.277500e+02 3.360000e+02
3.320000e+02 3.366000e+02
3.365000e+02 3.372000e+02
3.410000e+02 3.378000e+02
3.447500e+02 3.381000e+02
3.485000e+02 3.384000e+02
3.542500e+02 3.390000e+02
3.600000e+02 3.396000e+02
3.622500e+02 3.399000e+02
3.645000e+02 3.402000e+02
3.685000e+02 3.405000e+02
3.725000e+02 3.408000e+02
3.767500e+02 3.411000e+02
3.810000e+02 3.414000e+02
3.847500e+02 3.417000e+02
3.885000e+02 3.420000e+02
3.922500e+02 3.423000e+02
3.960000e+02 3.426000e+02
3.997500e+02 3.426000e+02
4.035000e+02 3.426000e+02
4.070000e+02 3.429000e+02
4.105000e+02 3.432000e+02
4.142500e+02 3.432000e+02
4.180000e+02 3.432000e+02
4.215000e+02 3.432000e+02
4.250000e+02 3.432000e+02
4.300000e+02 3.435000e+02
4.350000e+02 3.438000e+02
4.400000e+02 3.441000e+02
4.450000e+02 3.444000e+02
4.485000e+02 3.444000e+02
4.520000e+02 3.444000e+02
4.547500e+02 3.447000e+02
4.575000e+02 3.450000e+02
4.605000e+02 3.450000e+02
4.635000e+02 3.450000e+02
4.662500e+02 3.450000e+02
4.690000e+02 3.450000e+02
4.717500e+02 3.450000e+02
4.745000e+02 3.450000e+02
4.772500e+02 3.450000e+02
4.800000e+02 3.450000e+02
4.822500e+02 3.450000e+02
4.845000e+02 3.450000e+02
4.867500e+02 3.450000e+02
4.890000e+02 3.450000e+02
4.912500e+02 3.450000e+02
4.935000e+02 3.450000e+02
4.967500e+02 3.447000e+02
5.000000e+02 3.444000e+02
5.020000e+02 3.444000e+02
5.040000e+02 3.444000e+02
5.065000e+02 3.441000e+02
5.090000e+02 3.438000e+02
5.102500e+02 3.438000e+02
5.115000e+02 3.438000e+02
5.120000e+02 3.438000e+02
5.125000e+02 3.438000e+02
5.142500e+02 3.438000e+02
5.160000e+02 3.438000e+02
5.167500e+02 3.438000e+02
5.175000e+02 3.438000e+02
5.182500e+02 3.438000e+02
5.190000e+02 3.438000e+02
5.197500e+02 3.438000e+02
5.205000e+02 3.438000e+02
5.207500e+02 3.438000e+02
5.210000e+02 3.438000e+02
5.210000e+02 3.438000e+02
5.210000e+02 3.438000e+02
