5.600000e+01 1.500000e+02
5.600000e+01 1.500000e+02
5.600000e+01 1.500000e+02
5.600000e+01 1.500000e+02
5.600000e+01 1.500000e+02
5.612500e+01 1.500000e+02
5.625000e+01 1.500000e+02
5.637500e+01 1.500000e+02
5.650000e+01 1.500000e+02
5.662500e+01 1.500000e+02
5.675000e+01 1.500000e+02
5.687500e+01 1.500000e+02
5.700000e+01 1.500000e+02
5.762500e+01 1.498500e+02
5.825000e+01 1.497000e+02
5.887500e+01 1.495500e+02
5.950000e+01 1.494000e+02
6.000000e+01 1.494000e+02
6.050000e+01 1.494000e+02
6.100000e+01 1.494000e+02
6.150000e+01 1.494000e+02
6.225000e+01 1.494000e+02
6.300000e+01 1.494000e+02
6.375000e+01 1.494000e+02
6.450000e+01 1.494000e+02
6.562500e+01 1.492500e+02
6.675000e+01 1.491000e+02
6.787500e+01 1.489500e+02
6.900000e+01 1.488000e+02
7.012500e+01 1.486500e+02
7.125000e+01 1.485000e+02
7.237500e+01 1.483500e+02
7.350000e+01 1.482000e+02
7.412500e+01 1.482000e+02
7.475000e+01 1.482000e+02
7.537500e+01 1.482000e+02
7.600000e+01 1.482000e+02
7.737500e+01 1.479000e+02
7.875000e+01 1.476000e+02
8.150000e+01 1.470000e+02
8.400000e+01 1.467000e+02
8.650000e+01 1.464000e+02
8.975000e+01 1.461000e+02
9.300000e+01 1.458000e+02
9.450000e+01 1.455000e+02
9.600000e+01 1.452000e+02
9.900000e+01 1.449000e+02
1.020000e+02 1.446000e+02
1.065000e+02 1.440000e+02
1.110000e+02 1.434000e+02
1.147500e+02 1.431000e+02
1.185000e+02 1.428000e+02
1.237500e+02 1.422000e+02
1.290000e+02 1.416000e+02
1.342500e+02 1.413000e+02
1.395000e+02 1.410000e+02
1.430000e+02 1.407000e+02
1.465000e+02 1.404000e+02
1.500000e+02 1.401000e+02
1.535000e+02 1.398000e+02
1.590000e+02 1.395000e+02
1.645000e+02 1.392000e+02
1.682500e+02 1.389000e+02
1.720000e+02 1.386000e+02
1.757500e+02 1.383000e+02
1.795000e+02 1.380000e+02
1.832500e+02 1.377000e+02
1.870000e+02 1.374000e+02
1.910000e+02 1.371000e+02
1.950000e+02 1.368000e+02
1.990000e+02 1.365000e+02
2.030000e+02 1.362000e+02
2.082500e+02 1.359000e+02
2.135000e+02 1.356000e+02
2.190000e+02 1.356000e+02
2.245000e+02 1.356000e+02
2.282500e+02 1.353000e+02
2.320000e+02 1.350000e+02
2.380000e+02 1.347000e+02
2.440000e+02 1.344000e+02
2.475000e+02 1.341000e+02
2.510000e+02 1.338000e+02
2.545000e+02 1.335000e+02
2.580000e+02 1.332000e+02
2.615000e+02 1.332000e+02
2.650000e+02 1.332000e+02
2.682500e+02 1.329000e+02
2.715000e+02 1.326000e+02
2.750000e+02 1.323000e+02
2.785000e+02 1.320000e+02
2.835000e+02 1.317000e+02
2.885000e+02 1.314000e+02
2.935000e+02 1.311000e+02
2.985000e+02 1.308000e+02
3.020000e+02 1.305000e+02
3.055000e+02 1.302000e+02
3.102500e+02 1.299000e+02
3.150000e+02 1.296000e+02
3.165000e+02 1.296000e+02
3.180000e+02 1.296000e+02
3.207500e+02 1.293000e+02
3.235000e+02 1.290000e+02
3.267500e+02 1.290000e+02
3.300000e+02 1.290000e+02
3.335000e+02 1.287000e+02
3.370000e+02 1.284000e+02
3.405000e+02 1.284000e+02
3.440000e+02 1.284000e+02
3.472500e+02 1.281000e+02
3.505000e+02 1.278000e+02
3.535000e+02 1.278000e+02
3.565000e+02 1.278000e+02
3.590000e+02 1.275000e+02
3.615000e+02 1.272000e+02
3.645000e+02 1.272000e+02
3.675000e+02 1.272000e+02
3.700000e+02 1.269000e+02
3.725000e+02 1.266000e+02
3.765000e+02 1.263000e+02
3.805000e+02 1.260000e+02
3.815000e+02 1.260000e+02
3.825000e+02 1.260000e+02
3.862500e+02 1.257000e+02
3.900000e+02 1.254000e+02
3.932500e+02 1.254000e+02
3.965000e+02 1.254000e+02
3.987500e+02 1.251000e+02
4.010000e+02 1.248000e+02
4.032500e+02 1.248000e+02
4.055000e+02 1.248000e+02
4.072500e+02 1.248000e+02
4.090000e+02 1.248000e+02
4.112500e+02 1.248000e+02
4.135000e+02 1.248000e+02
4.157500e+02 1.245000e+02
4.180000e+02 1.242000e+02
4.205000e+02 1.242000e+02
4.230000e+02 1.242000e+02
4.240000e+02 1.239000e+02
4.250000e+02 1.236000e+02
4.267500e+02 1.236000e+02
4.285000e+02 1.236000e+02
4.305000e+02 1.233000e+02
4.325000e+02 1.230000e+02
4.332500e+02 1.230000e+02
4.340000e+02 1.230000e+02
4.352500e+02 1.230000e+02
4.365000e+02 1.230000e+02
4.380000e+02 1.230000e+02
4.395000e+02 1.230000e+02
4.402500e+02 1.230000e+02
4.410000e+02 1.230000e+02
4.422500e+02 1.227000e+02
4.435000e+02 1.224000e+02
4.447500e+02 1.224000e+02
4.460000e+02 1.224000e+02
4.467500e+02 1.224000e+02
4.475000e+02 1.224000e+02
4.482500e+02 1.224000e+02
4.490000e+02 1.224000e+02
4.495000e+02 1.224000e+02
4.500000e+02 1.224000e+02
4.507500e+02 1.224000e+02
4.515000e+02 1.224000e+02
4.520000e+02 1.224000e+02
4.525000e+02 1.224000e+02
4.530000e+02 1.224000e+02
4.535000e+02 1.224000e+02
4.540000e+02 1.224000e+02
4.545000e+02 1.224000e+02
4.550000e+02 1.221000e+02
4.555000e+02 1.218000e+02
4.560000e+02 1.218000e+02
4.565000e+02 1.218000e+02
4.570000e+02 1.218000e+02
4.575000e+02 1.218000e+02
4.580000e+02 1.218000e+02
4.585000e+02 1.218000e+02
4.587500e+02 1.218000e+02
4.590000e+02 1.218000e+02
4.592500e+02 1.215000e+02
4.595000e+02 1.212000e+02
4.597500e+02 1.212000e+02
4.600000e+02 1.212000e+02
4.602500e+02 1.212000e+02
4.605000e+02 1.212000e+02
4.607500e+02 1.212000e+02
4.610000e+02 1.212000e+02
4.610000e+02 1.212000e+02
4.610000e+02 1.212000e+02
4.612500e+02 1.212000e+02
4.615000e+02 1.212000e+02
4.615000e+02 1.215000e+02
4.615000e+02 1.218000e+02
4.617500e+02 1.218000e+02
4.620000e+02 1.218000e+02
4.620000e+02 1.221000e+02
4.620000e+02 1.224000e+02
4.620000e+02 1.224000e+02
4.620000e+02 1.224000e+02
