1.010000e+02 2.418000e+02
1.010000e+02 2.418000e+02
1.010000e+02 2.418000e+02
1.010000e+02 2.418000e+02
1.010000e+02 2.418000e+02
1.011250e+02 2.416500e+02
1.012500e+02 2.415000e+02
1.013750e+02 2.413500e+02
1.015000e+02 2.412000e+02
1.015000e+02 2.410500e+02
1.015000e+02 2.409000e+02
1.015000e+02 2.407500e+02
1.015000e+02 2.406000e+02
1.015000e+02 2.404500e+02
1.015000e+02 2.403000e+02
1.015000e+02 2.401500e+02
1.015000e+02 2.400000e+02
1.016250e+02 2.398500e+02
1.017500e+02 2.397000e+02
1.018750e+02 2.395500e+02
1.020000e+02 2.394000e+02
1.021250e+02 2.392500e+02
1.022500e+02 2.391000e+02
1.023750e+02 2.389500e+02
1.025000e+02 2.388000e+02
1.028750e+02 2.385000e+02
1.032500e+02 2.382000e+02
1.036250e+02 2.379000e+02
1.040000e+02 2.376000e+02
1.045000e+02 2.373000e+02
1.050000e+02 2.370000e+02
1.055000e+02 2.367000e+02
1.060000e+02 2.364000e+02
1.066250e+02 2.362500e+02
1.072500e+02 2.361000e+02
1.078750e+02 2.359500e+02
1.085000e+02 2.358000e+02
1.095000e+02 2.356500e+02
1.105000e+02 2.355000e+02
1.115000e+02 2.353500e+02
1.125000e+02 2.352000e+02
1.133750e+02 2.350500e+02
1.142500e+02 2.349000e+02
1.151250e+02 2.347500e+02
1.160000e+02 2.346000e+02
1.168750e+02 2.346000e+02
1.177500e+02 2.346000e+02
1.186250e+02 2.346000e+02
1.195000e+02 2.346000e+02
1.203750e+02 2.344500e+02
1.212500e+02 2.343000e+02
1.221250e+02 2.341500e+02
1.230000e+02 2.340000e+02
1.240000e+02 2.340000e+02
1.250000e+02 2.340000e+02
1.260000e+02 2.340000e+02
1.270000e+02 2.340000e+02
1.281250e+02 2.340000e+02
1.292500e+02 2.340000e+02
1.303750e+02 2.340000e+02
1.315000e+02 2.340000e+02
1.325000e+02 2.340000e+02
1.335000e+02 2.340000e+02
1.345000e+02 2.340000e+02
1.355000e+02 2.340000e+02
1.361250e+02 2.340000e+02
1.367500e+02 2.340000e+02
1.373750e+02 2.340000e+02
1.380000e+02 2.340000e+02
1.393750e+02 2.340000e+02
1.407500e+02 2.340000e+02
1.421250e+02 2.340000e+02
1.435000e+02 2.340000e+02
1.446250e+02 2.340000e+02
1.457500e+02 2.340000e+02
1.480000e+02 2.340000e+02
1.520000e+02 2.340000e+02
1.560000e+02 2.340000e+02
1.572500e+02 2.340000e+02
1.585000e+02 2.340000e+02
1.607500e+02 2.340000e+02
1.630000e+02 2.340000e+02
1.645000e+02 2.340000e+02
1.660000e+02 2.340000e+02
1.697500e+02 2.340000e+02
1.735000e+02 2.340000e+02
1.762500e+02 2.340000e+02
1.790000e+02 2.340000e+02
1.815000e+02 2.340000e+02
1.840000e+02 2.340000e+02
1.867500e+02 2.340000e+02
1.895000e+02 2.340000e+02
1.922500e+02 2.340000e+02
1.950000e+02 2.340000e+02
1.977500e+02 2.343000e+02
2.005000e+02 2.346000e+02
2.032500e+02 2.346000e+02
2.060000e+02 2.346000e+02
2.097500e+02 2.349000e+02
2.135000e+02 2.352000e+02
2.162500e+02 2.355000e+02
2.190000e+02 2.358000e+02
2.235000e+02 2.361000e+02
2.280000e+02 2.364000e+02
2.295000e+02 2.367000e+02
2.310000e+02 2.370000e+02
2.372500e+02 2.373000e+02
2.435000e+02 2.376000e+02
2.462500e+02 2.379000e+02
2.490000e+02 2.382000e+02
2.525000e+02 2.382000e+02
2.560000e+02 2.382000e+02
2.590000e+02 2.385000e+02
2.620000e+02 2.388000e+02
2.652500e+02 2.391000e+02
2.685000e+02 2.394000e+02
2.730000e+02 2.397000e+02
2.775000e+02 2.400000e+02
2.792500e+02 2.400000e+02
2.810000e+02 2.400000e+02
2.880000e+02 2.400000e+02
2.950000e+02 2.400000e+02
2.985000e+02 2.403000e+02
3.020000e+02 2.406000e+02
3.052500e+02 2.406000e+02
3.085000e+02 2.406000e+02
3.120000e+02 2.409000e+02
3.155000e+02 2.412000e+02
3.190000e+02 2.412000e+02
3.225000e+02 2.412000e+02
3.257500e+02 2.415000e+02
3.290000e+02 2.418000e+02
3.307500e+02 2.421000e+02
3.325000e+02 2.424000e+02
3.375000e+02 2.424000e+02
3.425000e+02 2.424000e+02
3.455000e+02 2.427000e+02
3.485000e+02 2.430000e+02
3.520000e+02 2.430000e+02
3.555000e+02 2.430000e+02
3.585000e+02 2.433000e+02
3.615000e+02 2.436000e+02
3.650000e+02 2.436000e+02
3.685000e+02 2.436000e+02
3.730000e+02 2.439000e+02
3.775000e+02 2.442000e+02
3.820000e+02 2.442000e+02
3.865000e+02 2.442000e+02
3.895000e+02 2.445000e+02
3.925000e+02 2.448000e+02
3.952500e+02 2.448000e+02
3.980000e+02 2.448000e+02
4.025000e+02 2.451000e+02
4.070000e+02 2.454000e+02
4.085000e+02 2.454000e+02
4.100000e+02 2.454000e+02
4.132500e+02 2.454000e+02
4.165000e+02 2.454000e+02
4.190000e+02 2.454000e+02
4.215000e+02 2.454000e+02
4.245000e+02 2.457000e+02
4.275000e+02 2.460000e+02
4.300000e+02 2.460000e+02
4.325000e+02 2.460000e+02
4.345000e+02 2.460000e+02
4.365000e+02 2.460000e+02
4.390000e+02 2.460000e+02
4.415000e+02 2.460000e+02
4.437500e+02 2.460000e+02
4.460000e+02 2.460000e+02
4.477500e+02 2.460000e+02
4.495000e+02 2.460000e+02
4.515000e+02 2.460000e+02
4.535000e+02 2.460000e+02
4.552500e+02 2.463000e+02
4.570000e+02 2.466000e+02
4.585000e+02 2.466000e+02
4.600000e+02 2.466000e+02
4.612500e+02 2.466000e+02
4.625000e+02 2.466000e+02
4.637500e+02 2.466000e+02
4.650000e+02 2.466000e+02
4.662500e+02 2.466000e+02
4.675000e+02 2.466000e+02
4.685000e+02 2.466000e+02
4.695000e+02 2.466000e+02
4.705000e+02 2.469000e+02
4.715000e+02 2.472000e+02
4.722500e+02 2.472000e+02
4.730000e+02 2.472000e+02
4.735000e+02 2.472000e+02
4.740000e+02 2.472000e+02
4.747500e+02 2.475000e+02
4.755000e+02 2.478000e+02
4.762500e+02 2.478000e+02
4.770000e+02 2.478000e+02
4.775000e+02 2.481000e+02
4.780000e+02 2.484000e+02
4.780000e+02 2.484000e+02
4.780000e+02 2.484000e+02
