2.340000e+02 3.438000e+02
2.340000e+02 3.435000e+02
2.340000e+02 3.432000e+02
2.340000e+02 3.429000e+02
2.340000e+02 3.426000e+02
2.342500e+02 3.421500e+02
2.345000e+02 3.417000e+02
2.347500e+02 3.412500e+02
2.350000e+02 3.408000e+02
2.355000e+02 3.400500e+02
2.360000e+02 3.393000e+02
2.365000e+02 3.385500e+02
2.370000e+02 3.378000e+02
2.372500e+02 3.372000e+02
2.375000e+02 3.366000e+02
2.377500e+02 3.360000e+02
2.380000e+02 3.354000e+02
2.386250e+02 3.342000e+02
2.392500e+02 3.330000e+02
2.398750e+02 3.318000e+02
2.405000e+02 3.306000e+02
2.411250e+02 3.291000e+02
2.417500e+02 3.276000e+02
2.423750e+02 3.261000e+02
2.430000e+02 3.246000e+02
2.432500e+02 3.237000e+02
2.435000e+02 3.228000e+02
2.437500e+02 3.219000e+02
2.440000e+02 3.210000e+02
2.446250e+02 3.190500e+02
2.452500e+02 3.171000e+02
2.458750e+02 3.151500e+02
2.465000e+02 3.132000e+02
2.471250e+02 3.112500e+02
2.477500e+02 3.093000e+02
2.490000e+02 3.054000e+02
2.497500e+02 3.030000e+02
2.505000e+02 3.006000e+02
2.515000e+02 2.955000e+02
2.525000e+02 2.904000e+02
2.532500e+02 2.850000e+02
2.540000e+02 2.796000e+02
2.547500e+02 2.763000e+02
2.555000e+02 2.730000e+02
2.565000e+02 2.670000e+02
2.575000e+02 2.610000e+02
2.587500e+02 2.550000e+02
2.600000e+02 2.490000e+02
2.607500e+02 2.460000e+02
2.615000e+02 2.430000e+02
2.627500e+02 2.367000e+02
2.640000e+02 2.304000e+02
2.647500e+02 2.274000e+02
2.655000e+02 2.244000e+02
2.667500e+02 2.178000e+02
2.680000e+02 2.112000e+02
2.695000e+02 2.046000e+02
2.710000e+02 1.980000e+02
2.727500e+02 1.920000e+02
2.745000e+02 1.860000e+02
2.762500e+02 1.800000e+02
2.780000e+02 1.740000e+02
2.795000e+02 1.689000e+02
2.810000e+02 1.638000e+02
2.825000e+02 1.590000e+02
2.840000e+02 1.542000e+02
2.857500e+02 1.500000e+02
2.875000e+02 1.458000e+02
2.882500e+02 1.437000e+02
2.890000e+02 1.416000e+02
2.902500e+02 1.380000e+02
2.915000e+02 1.344000e+02
2.930000e+02 1.311000e+02
2.945000e+02 1.278000e+02
2.950000e+02 1.266000e+02
2.955000e+02 1.254000e+02
2.967500e+02 1.230000e+02
2.980000e+02 1.206000e+02
2.990000e+02 1.188000e+02
3.000000e+02 1.170000e+02
3.002500e+02 1.161000e+02
3.005000e+02 1.152000e+02
3.012500e+02 1.140000e+02
3.020000e+02 1.128000e+02
3.025000e+02 1.122000e+02
3.030000e+02 1.116000e+02
3.032500e+02 1.116000e+02
3.035000e+02 1.116000e+02
3.035000e+02 1.113000e+02
3.035000e+02 1.110000e+02
3.040000e+02 1.110000e+02
3.045000e+02 1.110000e+02
3.045000e+02 1.110000e+02
3.045000e+02 1.110000e+02
3.050000e+02 1.116000e+02
3.055000e+02 1.122000e+02
3.062500e+02 1.131000e+02
3.070000e+02 1.140000e+02
3.072500e+02 1.146000e+02
3.075000e+02 1.152000e+02
3.085000e+02 1.170000e+02
3.095000e+02 1.188000e+02
3.110000e+02 1.203000e+02
3.125000e+02 1.218000e+02
3.130000e+02 1.227000e+02
3.135000e+02 1.236000e+02
3.152500e+02 1.260000e+02
3.170000e+02 1.284000e+02
3.187500e+02 1.308000e+02
3.205000e+02 1.332000e+02
3.215000e+02 1.344000e+02
3.225000e+02 1.356000e+02
3.245000e+02 1.386000e+02
3.265000e+02 1.416000e+02
3.285000e+02 1.446000e+02
3.305000e+02 1.476000e+02
3.315000e+02 1.488000e+02
3.325000e+02 1.500000e+02
3.347500e+02 1.533000e+02
3.370000e+02 1.566000e+02
3.390000e+02 1.596000e+02
3.410000e+02 1.626000e+02
3.422500e+02 1.644000e+02
3.435000e+02 1.662000e+02
3.457500e+02 1.698000e+02
3.480000e+02 1.734000e+02
3.502500e+02 1.773000e+02
3.525000e+02 1.812000e+02
3.547500e+02 1.851000e+02
3.570000e+02 1.890000e+02
3.592500e+02 1.932000e+02
3.615000e+02 1.974000e+02
3.635000e+02 2.016000e+02
3.655000e+02 2.058000e+02
3.677500e+02 2.100000e+02
3.700000e+02 2.142000e+02
3.712500e+02 2.160000e+02
3.725000e+02 2.178000e+02
3.747500e+02 2.220000e+02
3.770000e+02 2.262000e+02
3.792500e+02 2.304000e+02
3.815000e+02 2.346000e+02
3.837500e+02 2.385000e+02
3.860000e+02 2.424000e+02
3.882500e+02 2.466000e+02
3.905000e+02 2.508000e+02
3.927500e+02 2.547000e+02
3.950000e+02 2.586000e+02
3.960000e+02 2.607000e+02
3.970000e+02 2.628000e+02
3.980000e+02 2.646000e+02
3.990000e+02 2.664000e+02
4.010000e+02 2.700000e+02
4.030000e+02 2.736000e+02
4.047500e+02 2.769000e+02
4.065000e+02 2.802000e+02
4.075000e+02 2.820000e+02
4.085000e+02 2.838000e+02
4.102500e+02 2.868000e+02
4.120000e+02 2.898000e+02
4.137500e+02 2.928000e+02
4.155000e+02 2.958000e+02
4.162500e+02 2.970000e+02
4.170000e+02 2.982000e+02
4.177500e+02 2.997000e+02
4.185000e+02 3.012000e+02
4.200000e+02 3.036000e+02
4.215000e+02 3.060000e+02
4.222500e+02 3.069000e+02
4.230000e+02 3.078000e+02
4.245000e+02 3.105000e+02
4.260000e+02 3.132000e+02
4.270000e+02 3.153000e+02
4.280000e+02 3.174000e+02
4.292500e+02 3.189000e+02
4.305000e+02 3.204000e+02
4.310000e+02 3.213000e+02
4.315000e+02 3.222000e+02
4.322500e+02 3.228000e+02
4.330000e+02 3.234000e+02
4.342500e+02 3.249000e+02
4.355000e+02 3.264000e+02
4.365000e+02 3.276000e+02
4.375000e+02 3.288000e+02
4.380000e+02 3.291000e+02
4.385000e+02 3.294000e+02
4.395000e+02 3.303000e+02
4.405000e+02 3.312000e+02
4.410000e+02 3.315000e+02
4.415000e+02 3.318000e+02
4.422500e+02 3.321000e+02
4.430000e+02 3.324000e+02
4.435000e+02 3.327000e+02
4.440000e+02 3.330000e+02
4.440000e+02 3.330000e+02
4.440000e+02 3.330000e+02
4.432500e+02 3.330000e+02
4.425000e+02 3.330000e+02
4.425000e+02 3.330000e+02
4.425000e+02 3.330000e+02
