9.400000e+01 1.494000e+02
9.400000e+01 1.494000e+02
9.400000e+01 1.494000e+02
9.400000e+01 1.494000e+02
9.400000e+01 1.494000e+02
9.400000e+01 1.494000e+02
9.400000e+01 1.494000e+02
9.400000e+01 1.494000e+02
9.400000e+01 1.494000e+02
9.412500e+01 1.494000e+02
9.425000e+01 1.494000e+02
9.437500e+01 1.494000e+02
9.450000e+01 1.494000e+02
9.462500e+01 1.494000e+02
9.475000e+01 1.494000e+02
9.487500e+01 1.494000e+02
9.500000e+01 1.494000e+02
9.525000e+01 1.494000e+02
9.550000e+01 1.494000e+02
9.575000e+01 1.494000e+02
9.600000e+01 1.494000e+02
9.625000e+01 1.494000e+02
9.650000e+01 1.494000e+02
9.675000e+01 1.494000e+02
9.700000e+01 1.494000e+02
9.737500e+01 1.494000e+02
9.775000e+01 1.494000e+02
9.812500e+01 1.494000e+02
9.850000e+01 1.494000e+02
9.887500e+01 1.495500e+02
9.925000e+01 1.497000e+02
9.962500e+01 1.498500e+02
1.000000e+02 1.500000e+02
1.005000e+02 1.501500e+02
1.010000e+02 1.503000e+02
1.015000e+02 1.504500e+02
1.020000e+02 1.506000e+02
1.026250e+02 1.507500e+02
1.032500e+02 1.509000e+02
1.038750e+02 1.510500e+02
1.045000e+02 1.512000e+02
1.053750e+02 1.513500e+02
1.062500e+02 1.515000e+02
1.071250e+02 1.516500e+02
1.080000e+02 1.518000e+02
1.091250e+02 1.519500e+02
1.102500e+02 1.521000e+02
1.113750e+02 1.522500e+02
1.125000e+02 1.524000e+02
1.135000e+02 1.525500e+02
1.145000e+02 1.527000e+02
1.155000e+02 1.528500e+02
1.165000e+02 1.530000e+02
1.176250e+02 1.531500e+02
1.187500e+02 1.533000e+02
1.198750e+02 1.534500e+02
1.210000e+02 1.536000e+02
1.221250e+02 1.536000e+02
1.232500e+02 1.536000e+02
1.243750e+02 1.536000e+02
1.255000e+02 1.536000e+02
1.268750e+02 1.536000e+02
1.282500e+02 1.536000e+02
1.296250e+02 1.536000e+02
1.310000e+02 1.536000e+02
1.322500e+02 1.536000e+02
1.335000e+02 1.536000e+02
1.360000e+02 1.536000e+02
1.387500e+02 1.539000e+02
1.415000e+02 1.542000e+02
1.442500e+02 1.542000e+02
1.470000e+02 1.542000e+02
1.502500e+02 1.542000e+02
1.535000e+02 1.542000e+02
1.565000e+02 1.545000e+02
1.595000e+02 1.548000e+02
1.630000e+02 1.548000e+02
1.665000e+02 1.548000e+02
1.695000e+02 1.548000e+02
1.725000e+02 1.548000e+02
1.767500e+02 1.551000e+02
1.810000e+02 1.554000e+02
1.842500e+02 1.554000e+02
1.875000e+02 1.554000e+02
1.912500e+02 1.557000e+02
1.950000e+02 1.560000e+02
1.990000e+02 1.560000e+02
2.030000e+02 1.560000e+02
2.065000e+02 1.563000e+02
2.100000e+02 1.566000e+02
2.145000e+02 1.566000e+02
2.190000e+02 1.566000e+02
2.225000e+02 1.569000e+02
2.260000e+02 1.572000e+02
2.320000e+02 1.572000e+02
2.380000e+02 1.572000e+02
2.420000e+02 1.575000e+02
2.460000e+02 1.578000e+02
2.502500e+02 1.578000e+02
2.545000e+02 1.578000e+02
2.582500e+02 1.578000e+02
2.620000e+02 1.578000e+02
2.660000e+02 1.578000e+02
2.700000e+02 1.578000e+02
2.740000e+02 1.578000e+02
2.780000e+02 1.578000e+02
2.817500e+02 1.578000e+02
2.855000e+02 1.578000e+02
2.897500e+02 1.578000e+02
2.940000e+02 1.578000e+02
2.977500e+02 1.578000e+02
3.015000e+02 1.578000e+02
3.052500e+02 1.578000e+02
3.090000e+02 1.578000e+02
3.150000e+02 1.575000e+02
3.210000e+02 1.572000e+02
3.247500e+02 1.569000e+02
3.285000e+02 1.566000e+02
3.325000e+02 1.563000e+02
3.365000e+02 1.560000e+02
3.402500e+02 1.557000e+02
3.440000e+02 1.554000e+02
3.480000e+02 1.551000e+02
3.520000e+02 1.548000e+02
3.555000e+02 1.545000e+02
3.590000e+02 1.542000e+02
3.627500e+02 1.542000e+02
3.665000e+02 1.542000e+02
3.700000e+02 1.536000e+02
3.735000e+02 1.530000e+02
3.775000e+02 1.530000e+02
3.815000e+02 1.530000e+02
3.847500e+02 1.527000e+02
3.880000e+02 1.524000e+02
3.915000e+02 1.521000e+02
3.950000e+02 1.518000e+02
3.985000e+02 1.512000e+02
4.020000e+02 1.506000e+02
4.072500e+02 1.503000e+02
4.125000e+02 1.500000e+02
4.145000e+02 1.497000e+02
4.165000e+02 1.494000e+02
4.197500e+02 1.491000e+02
4.230000e+02 1.488000e+02
4.267500e+02 1.485000e+02
4.305000e+02 1.482000e+02
4.335000e+02 1.479000e+02
4.365000e+02 1.476000e+02
4.402500e+02 1.473000e+02
4.440000e+02 1.470000e+02
4.472500e+02 1.464000e+02
4.505000e+02 1.458000e+02
4.535000e+02 1.455000e+02
4.565000e+02 1.452000e+02
4.610000e+02 1.449000e+02
4.655000e+02 1.446000e+02
4.682500e+02 1.443000e+02
4.710000e+02 1.440000e+02
4.737500e+02 1.437000e+02
4.765000e+02 1.434000e+02
4.790000e+02 1.431000e+02
4.815000e+02 1.428000e+02
4.847500e+02 1.425000e+02
4.880000e+02 1.422000e+02
4.900000e+02 1.419000e+02
4.920000e+02 1.416000e+02
4.940000e+02 1.413000e+02
4.960000e+02 1.410000e+02
4.980000e+02 1.410000e+02
5.000000e+02 1.410000e+02
5.027500e+02 1.410000e+02
5.055000e+02 1.410000e+02
5.070000e+02 1.410000e+02
5.085000e+02 1.410000e+02
5.097500e+02 1.410000e+02
5.110000e+02 1.410000e+02
5.122500e+02 1.410000e+02
5.135000e+02 1.410000e+02
5.145000e+02 1.407000e+02
5.155000e+02 1.404000e+02
5.160000e+02 1.404000e+02
5.165000e+02 1.404000e+02
5.172500e+02 1.407000e+02
5.180000e+02 1.410000e+02
5.185000e+02 1.410000e+02
5.190000e+02 1.410000e+02
5.195000e+02 1.410000e+02
5.200000e+02 1.410000e+02
5.205000e+02 1.410000e+02
5.210000e+02 1.410000e+02
5.212500e+02 1.410000e+02
5.215000e+02 1.410000e+02
5.217500e+02 1.410000e+02
5.220000e+02 1.410000e+02
5.220000e+02 1.410000e+02
5.220000e+02 1.410000e+02
5.222500e+02 1.410000e+02
5.225000e+02 1.410000e+02
5.225000e+02 1.410000e+02
5.225000e+02 1.410000e+02
