2.800000e+02 1.170000e+02
2.800000e+02 1.170000e+02
2.800000e+02 1.170000e+02
2.800000e+02 1.170000e+02
2.800000e+02 1.170000e+02
2.800000e+02 1.170000e+02
2.800000e+02 1.170000e+02
2.800000e+02 1.170000e+02
2.800000e+02 1.170000e+02
2.800000e+02 1.170000e+02
2.800000e+02 1.170000e+02
2.800000e+02 1.170000e+02
2.800000e+02 1.170000e+02
2.800000e+02 1.170000e+02
2.800000e+02 1.170000e+02
2.800000e+02 1.170000e+02
2.800000e+02 1.170000e+02
2.800000e+02 1.171500e+02
2.800000e+02 1.173000e+02
2.800000e+02 1.174500e+02
2.800000e+02 1.176000e+02
2.800000e+02 1.176000e+02
2.800000e+02 1.176000e+02
2.800000e+02 1.176000e+02
2.800000e+02 1.176000e+02
2.800000e+02 1.177500e+02
2.800000e+02 1.179000e+02
2.800000e+02 1.180500e+02
2.800000e+02 1.182000e+02
2.800000e+02 1.185000e+02
2.800000e+02 1.188000e+02
2.800000e+02 1.191000e+02
2.800000e+02 1.194000e+02
2.801250e+02 1.200000e+02
2.802500e+02 1.206000e+02
2.803750e+02 1.212000e+02
2.805000e+02 1.218000e+02
2.805000e+02 1.221000e+02
2.805000e+02 1.224000e+02
2.805000e+02 1.227000e+02
2.805000e+02 1.230000e+02
2.805000e+02 1.236000e+02
2.805000e+02 1.242000e+02
2.805000e+02 1.248000e+02
2.805000e+02 1.254000e+02
2.805000e+02 1.261500e+02
2.805000e+02 1.269000e+02
2.805000e+02 1.276500e+02
2.805000e+02 1.284000e+02
2.805000e+02 1.291500e+02
2.805000e+02 1.299000e+02
2.805000e+02 1.306500e+02
2.805000e+02 1.314000e+02
2.805000e+02 1.321500e+02
2.805000e+02 1.329000e+02
2.805000e+02 1.336500e+02
2.805000e+02 1.344000e+02
2.805000e+02 1.351500e+02
2.805000e+02 1.359000e+02
2.805000e+02 1.366500e+02
2.805000e+02 1.374000e+02
2.805000e+02 1.383000e+02
2.805000e+02 1.392000e+02
2.805000e+02 1.401000e+02
2.805000e+02 1.410000e+02
2.805000e+02 1.420500e+02
2.805000e+02 1.431000e+02
2.805000e+02 1.441500e+02
2.805000e+02 1.452000e+02
2.805000e+02 1.462500e+02
2.805000e+02 1.473000e+02
2.805000e+02 1.483500e+02
2.805000e+02 1.494000e+02
2.803750e+02 1.510500e+02
2.802500e+02 1.527000e+02
2.801250e+02 1.543500e+02
2.800000e+02 1.560000e+02
2.800000e+02 1.572000e+02
2.800000e+02 1.584000e+02
2.800000e+02 1.596000e+02
2.800000e+02 1.608000e+02
2.800000e+02 1.618500e+02
2.800000e+02 1.629000e+02
2.800000e+02 1.639500e+02
2.800000e+02 1.650000e+02
2.800000e+02 1.662000e+02
2.800000e+02 1.674000e+02
2.800000e+02 1.698000e+02
2.797500e+02 1.713000e+02
2.795000e+02 1.728000e+02
2.795000e+02 1.764000e+02
2.795000e+02 1.800000e+02
2.795000e+02 1.830000e+02
2.795000e+02 1.860000e+02
2.795000e+02 1.890000e+02
2.795000e+02 1.920000e+02
2.792500e+02 1.950000e+02
2.790000e+02 1.980000e+02
2.790000e+02 2.013000e+02
2.790000e+02 2.046000e+02
2.790000e+02 2.076000e+02
2.790000e+02 2.106000e+02
2.787500e+02 2.139000e+02
2.785000e+02 2.172000e+02
2.785000e+02 2.202000e+02
2.785000e+02 2.232000e+02
2.785000e+02 2.259000e+02
2.785000e+02 2.286000e+02
2.785000e+02 2.328000e+02
2.785000e+02 2.370000e+02
2.785000e+02 2.391000e+02
2.785000e+02 2.412000e+02
2.785000e+02 2.436000e+02
2.785000e+02 2.460000e+02
2.787500e+02 2.487000e+02
2.790000e+02 2.514000e+02
2.790000e+02 2.538000e+02
2.790000e+02 2.562000e+02
2.790000e+02 2.586000e+02
2.790000e+02 2.610000e+02
2.792500e+02 2.634000e+02
2.795000e+02 2.658000e+02
2.795000e+02 2.673000e+02
2.795000e+02 2.688000e+02
2.797500e+02 2.703000e+02
2.800000e+02 2.718000e+02
2.800000e+02 2.730000e+02
2.800000e+02 2.742000e+02
2.800000e+02 2.754000e+02
2.800000e+02 2.766000e+02
2.802500e+02 2.784000e+02
2.805000e+02 2.802000e+02
2.805000e+02 2.817000e+02
2.805000e+02 2.832000e+02
2.807500e+02 2.859000e+02
2.810000e+02 2.886000e+02
2.810000e+02 2.904000e+02
2.810000e+02 2.922000e+02
2.812500e+02 2.940000e+02
2.815000e+02 2.958000e+02
2.815000e+02 2.973000e+02
2.815000e+02 2.988000e+02
2.815000e+02 3.003000e+02
2.815000e+02 3.018000e+02
2.815000e+02 3.030000e+02
2.815000e+02 3.042000e+02
2.815000e+02 3.054000e+02
2.815000e+02 3.066000e+02
2.815000e+02 3.087000e+02
2.815000e+02 3.108000e+02
2.815000e+02 3.117000e+02
2.815000e+02 3.126000e+02
2.817500e+02 3.138000e+02
2.820000e+02 3.150000e+02
2.820000e+02 3.156000e+02
2.820000e+02 3.162000e+02
2.820000e+02 3.168000e+02
2.820000e+02 3.174000e+02
2.820000e+02 3.180000e+02
2.820000e+02 3.186000e+02
2.820000e+02 3.195000e+02
2.820000e+02 3.204000e+02
2.820000e+02 3.210000e+02
2.820000e+02 3.216000e+02
2.820000e+02 3.222000e+02
2.820000e+02 3.228000e+02
2.820000e+02 3.234000e+02
2.820000e+02 3.240000e+02
2.822500e+02 3.243000e+02
2.825000e+02 3.246000e+02
2.825000e+02 3.249000e+02
2.825000e+02 3.252000e+02
2.825000e+02 3.255000e+02
2.825000e+02 3.258000e+02
2.825000e+02 3.261000e+02
2.825000e+02 3.264000e+02
2.825000e+02 3.264000e+02
2.825000e+02 3.264000e+02
2.825000e+02 3.264000e+02
2.825000e+02 3.264000e+02
2.825000e+02 3.267000e+02
2.825000e+02 3.270000e+02
2.825000e+02 3.270000e+02
2.825000e+02 3.270000e+02
2.825000e+02 3.270000e+02
2.825000e+02 3.270000e+02
2.827500e+02 3.273000e+02
2.830000e+02 3.276000e+02
2.830000e+02 3.276000e+02
2.830000e+02 3.276000e+02
2.830000e+02 3.276000e+02
2.830000e+02 3.276000e+02
2.832500e+02 3.273000e+02
2.835000e+02 3.270000e+02
2.835000e+02 3.267000e+02
2.835000e+02 3.264000e+02
2.837500e+02 3.261000e+02
2.840000e+02 3.258000e+02
2.840000e+02 3.258000e+02
2.840000e+02 3.258000e+02
