5.250000e+01 3.120000e+02
5.250000e+01 3.120000e+02
5.250000e+01 3.120000e+02
5.250000e+01 3.123000e+02
5.250000e+01 3.126000e+02
5.225000e+01 3.126000e+02
5.200000e+01 3.126000e+02
5.200000e+01 3.126000e+02
5.200000e+01 3.126000e+02
5.200000e+01 3.126000e+02
5.200000e+01 3.126000e+02
5.200000e+01 3.129000e+02
5.200000e+01 3.132000e+02
5.225000e+01 3.135000e+02
5.250000e+01 3.138000e+02
5.275000e+01 3.147000e+02
5.300000e+01 3.156000e+02
5.325000e+01 3.165000e+02
5.350000e+01 3.174000e+02
5.400000e+01 3.186000e+02
5.450000e+01 3.198000e+02
5.525000e+01 3.213000e+02
5.600000e+01 3.228000e+02
5.700000e+01 3.246000e+02
5.800000e+01 3.264000e+02
5.925000e+01 3.291000e+02
6.050000e+01 3.318000e+02
6.200000e+01 3.348000e+02
6.350000e+01 3.378000e+02
6.525000e+01 3.411000e+02
6.700000e+01 3.444000e+02
6.825000e+01 3.468000e+02
6.950000e+01 3.492000e+02
7.050000e+01 3.513000e+02
7.150000e+01 3.534000e+02
7.275000e+01 3.555000e+02
7.400000e+01 3.576000e+02
7.500000e+01 3.597000e+02
7.600000e+01 3.618000e+02
7.700000e+01 3.636000e+02
7.800000e+01 3.654000e+02
7.925000e+01 3.675000e+02
8.050000e+01 3.696000e+02
8.150000e+01 3.714000e+02
8.250000e+01 3.732000e+02
8.350000e+01 3.750000e+02
8.450000e+01 3.768000e+02
8.525000e+01 3.780000e+02
8.600000e+01 3.792000e+02
8.675000e+01 3.804000e+02
8.750000e+01 3.816000e+02
8.800000e+01 3.828000e+02
8.850000e+01 3.840000e+02
8.900000e+01 3.849000e+02
8.950000e+01 3.858000e+02
9.000000e+01 3.867000e+02
9.050000e+01 3.876000e+02
9.100000e+01 3.885000e+02
9.150000e+01 3.894000e+02
9.175000e+01 3.900000e+02
9.200000e+01 3.906000e+02
9.250000e+01 3.915000e+02
9.300000e+01 3.924000e+02
9.300000e+01 3.927000e+02
9.300000e+01 3.930000e+02
9.325000e+01 3.933000e+02
9.350000e+01 3.936000e+02
9.350000e+01 3.939000e+02
9.350000e+01 3.942000e+02
9.375000e+01 3.942000e+02
9.400000e+01 3.942000e+02
9.400000e+01 3.945000e+02
9.400000e+01 3.948000e+02
9.400000e+01 3.948000e+02
9.400000e+01 3.948000e+02
9.400000e+01 3.951000e+02
9.400000e+01 3.954000e+02
9.400000e+01 3.954000e+02
9.400000e+01 3.954000e+02
9.425000e+01 3.954000e+02
9.450000e+01 3.954000e+02
9.450000e+01 3.954000e+02
9.450000e+01 3.954000e+02
9.450000e+01 3.954000e+02
9.450000e+01 3.954000e+02
9.450000e+01 3.954000e+02
9.450000e+01 3.954000e+02
9.450000e+01 3.954000e+02
9.450000e+01 3.954000e+02
9.450000e+01 3.951000e+02
9.450000e+01 3.948000e+02
9.450000e+01 3.948000e+02
9.450000e+01 3.948000e+02
9.475000e+01 3.945000e+02
9.500000e+01 3.942000e+02
9.525000e+01 3.939000e+02
9.550000e+01 3.936000e+02
9.625000e+01 3.927000e+02
9.700000e+01 3.918000e+02
9.825000e+01 3.900000e+02
9.950000e+01 3.882000e+02
1.010000e+02 3.864000e+02
1.025000e+02 3.846000e+02
1.042500e+02 3.822000e+02
1.060000e+02 3.798000e+02
1.087500e+02 3.762000e+02
1.115000e+02 3.726000e+02
1.135000e+02 3.696000e+02
1.155000e+02 3.666000e+02
1.177500e+02 3.636000e+02
1.200000e+02 3.606000e+02
1.220000e+02 3.576000e+02
1.240000e+02 3.546000e+02
1.262500e+02 3.510000e+02
1.285000e+02 3.474000e+02
1.307500e+02 3.444000e+02
1.330000e+02 3.414000e+02
1.355000e+02 3.378000e+02
1.380000e+02 3.342000e+02
1.405000e+02 3.306000e+02
1.430000e+02 3.270000e+02
1.455000e+02 3.234000e+02
1.480000e+02 3.198000e+02
1.505000e+02 3.165000e+02
1.530000e+02 3.132000e+02
1.570000e+02 3.081000e+02
1.610000e+02 3.030000e+02
1.625000e+02 3.012000e+02
1.640000e+02 2.994000e+02
1.682500e+02 2.940000e+02
1.725000e+02 2.886000e+02
1.750000e+02 2.856000e+02
1.775000e+02 2.826000e+02
1.812500e+02 2.778000e+02
1.850000e+02 2.730000e+02
1.887500e+02 2.685000e+02
1.925000e+02 2.640000e+02
1.950000e+02 2.610000e+02
1.975000e+02 2.580000e+02
2.022500e+02 2.529000e+02
2.070000e+02 2.478000e+02
2.092500e+02 2.454000e+02
2.115000e+02 2.430000e+02
2.137500e+02 2.406000e+02
2.160000e+02 2.382000e+02
2.180000e+02 2.361000e+02
2.200000e+02 2.340000e+02
2.220000e+02 2.319000e+02
2.240000e+02 2.298000e+02
2.260000e+02 2.277000e+02
2.280000e+02 2.256000e+02
2.297500e+02 2.241000e+02
2.315000e+02 2.226000e+02
2.330000e+02 2.211000e+02
2.345000e+02 2.196000e+02
2.362500e+02 2.178000e+02
2.380000e+02 2.160000e+02
2.397500e+02 2.145000e+02
2.415000e+02 2.130000e+02
2.427500e+02 2.118000e+02
2.440000e+02 2.106000e+02
2.447500e+02 2.097000e+02
2.455000e+02 2.088000e+02
2.470000e+02 2.076000e+02
2.485000e+02 2.064000e+02
2.490000e+02 2.052000e+02
2.500000e+02 2.046000e+02
2.510000e+02 2.040000e+02
2.515000e+02 2.028000e+02
2.525000e+02 2.022000e+02
2.535000e+02 2.016000e+02
2.540000e+02 2.010000e+02
2.555000e+02 1.998000e+02
2.580000e+02 1.974000e+02
2.590000e+02 1.968000e+02
2.605000e+02 1.956000e+02
2.615000e+02 1.944000e+02
2.630000e+02 1.926000e+02
2.645000e+02 1.914000e+02
2.665000e+02 1.902000e+02
2.685000e+02 1.884000e+02
2.710000e+02 1.866000e+02
2.735000e+02 1.848000e+02
2.745000e+02 1.836000e+02
2.770000e+02 1.824000e+02
2.780000e+02 1.812000e+02
2.800000e+02 1.800000e+02
2.805000e+02 1.800000e+02
2.810000e+02 1.794000e+02
2.820000e+02 1.788000e+02
2.825000e+02 1.788000e+02
2.825000e+02 1.782000e+02
2.830000e+02 1.782000e+02
2.835000e+02 1.782000e+02
2.835000e+02 1.782000e+02
2.835000e+02 1.782000e+02
2.840000e+02 1.782000e+02
2.845000e+02 1.788000e+02
2.845000e+02 1.788000e+02
2.845000e+02 1.788000e+02
