1.660000e+02 4.980000e+01
1.660000e+02 4.980000e+01
1.660000e+02 4.980000e+01
1.660000e+02 4.980000e+01
1.655000e+02 4.980000e+01
1.655000e+02 4.980000e+01
1.655000e+02 4.980000e+01
1.655000e+02 5.040000e+01
1.660000e+02 5.040000e+01
1.670000e+02 5.040000e+01
1.690000e+02 5.040000e+01
1.730000e+02 5.040000e+01
1.785000e+02 5.100000e+01
1.845000e+02 5.100000e+01
1.915000e+02 5.100000e+01
1.985000e+02 5.100000e+01
2.070000e+02 5.100000e+01
2.160000e+02 5.040000e+01
2.260000e+02 5.040000e+01
2.360000e+02 4.980000e+01
2.460000e+02 4.920000e+01
2.560000e+02 4.920000e+01
2.665000e+02 4.860000e+01
2.785000e+02 4.800000e+01
2.890000e+02 4.800000e+01
2.990000e+02 4.800000e+01
3.145000e+02 4.740000e+01
3.195000e+02 4.740000e+01
3.350000e+02 4.740000e+01
3.445000e+02 4.740000e+01
3.490000e+02 4.740000e+01
3.630000e+02 4.740000e+01
3.715000e+02 4.740000e+01
3.815000e+02 4.680000e+01
3.905000e+02 4.680000e+01
4.030000e+02 4.620000e+01
4.110000e+02 4.560000e+01
4.155000e+02 4.560000e+01
4.280000e+02 4.500000e+01
4.345000e+02 4.500000e+01
4.415000e+02 4.440000e+01
4.440000e+02 4.440000e+01
4.515000e+02 4.380000e+01
4.555000e+02 4.320000e+01
4.585000e+02 4.320000e+01
4.605000e+02 4.320000e+01
4.625000e+02 4.320000e+01
4.640000e+02 4.320000e+01
4.655000e+02 4.320000e+01
4.660000e+02 4.320000e+01
4.665000e+02 4.260000e+01
4.670000e+02 4.320000e+01
4.670000e+02 4.320000e+01
4.675000e+02 4.320000e+01
4.680000e+02 4.380000e+01
4.680000e+02 4.440000e+01
4.680000e+02 4.560000e+01
4.685000e+02 4.740000e+01
4.685000e+02 5.040000e+01
4.685000e+02 5.400000e+01
4.685000e+02 5.820000e+01
4.680000e+02 6.300000e+01
4.680000e+02 6.960000e+01
4.675000e+02 7.980000e+01
4.675000e+02 8.340000e+01
4.670000e+02 9.420000e+01
4.665000e+02 1.026000e+02
4.660000e+02 1.122000e+02
4.650000e+02 1.200000e+02
4.640000e+02 1.302000e+02
4.635000e+02 1.392000e+02
4.625000e+02 1.482000e+02
4.615000e+02 1.590000e+02
4.600000e+02 1.740000e+02
4.585000e+02 1.836000e+02
4.565000e+02 1.932000e+02
4.550000e+02 2.046000e+02
4.535000e+02 2.142000e+02
4.520000e+02 2.238000e+02
4.510000e+02 2.334000e+02
4.490000e+02 2.430000e+02
4.475000e+02 2.538000e+02
4.460000e+02 2.634000e+02
4.440000e+02 2.778000e+02
4.430000e+02 2.862000e+02
4.415000e+02 2.958000e+02
4.405000e+02 3.042000e+02
4.400000e+02 3.084000e+02
4.390000e+02 3.156000e+02
4.385000e+02 3.228000e+02
4.375000e+02 3.294000e+02
4.370000e+02 3.348000e+02
4.360000e+02 3.426000e+02
4.360000e+02 3.450000e+02
4.350000e+02 3.492000e+02
4.345000e+02 3.522000e+02
4.340000e+02 3.552000e+02
4.330000e+02 3.576000e+02
4.325000e+02 3.594000e+02
4.315000e+02 3.606000e+02
4.310000e+02 3.624000e+02
4.300000e+02 3.630000e+02
4.285000e+02 3.648000e+02
4.280000e+02 3.648000e+02
4.255000e+02 3.660000e+02
4.220000e+02 3.666000e+02
4.175000e+02 3.672000e+02
4.145000e+02 3.678000e+02
4.090000e+02 3.684000e+02
4.025000e+02 3.684000e+02
3.960000e+02 3.690000e+02
3.890000e+02 3.690000e+02
3.815000e+02 3.696000e+02
3.735000e+02 3.696000e+02
3.620000e+02 3.702000e+02
3.580000e+02 3.708000e+02
3.485000e+02 3.708000e+02
3.385000e+02 3.714000e+02
3.290000e+02 3.720000e+02
3.190000e+02 3.732000e+02
3.090000e+02 3.738000e+02
3.005000e+02 3.750000e+02
2.920000e+02 3.756000e+02
2.805000e+02 3.768000e+02
2.760000e+02 3.774000e+02
2.680000e+02 3.786000e+02
2.590000e+02 3.798000e+02
2.485000e+02 3.810000e+02
2.385000e+02 3.828000e+02
2.305000e+02 3.846000e+02
2.235000e+02 3.864000e+02
2.190000e+02 3.870000e+02
2.150000e+02 3.870000e+02
2.120000e+02 3.870000e+02
2.095000e+02 3.870000e+02
2.075000e+02 3.870000e+02
2.060000e+02 3.870000e+02
2.030000e+02 3.870000e+02
2.010000e+02 3.870000e+02
1.985000e+02 3.876000e+02
1.960000e+02 3.882000e+02
1.945000e+02 3.888000e+02
1.925000e+02 3.900000e+02
1.915000e+02 3.906000e+02
1.895000e+02 3.912000e+02
1.885000e+02 3.918000e+02
1.880000e+02 3.918000e+02
1.870000e+02 3.918000e+02
1.865000e+02 3.918000e+02
1.860000e+02 3.918000e+02
1.855000e+02 3.912000e+02
1.850000e+02 3.912000e+02
1.840000e+02 3.900000e+02
1.835000e+02 3.888000e+02
1.830000e+02 3.870000e+02
1.820000e+02 3.846000e+02
1.815000e+02 3.798000e+02
1.805000e+02 3.750000e+02
1.800000e+02 3.696000e+02
1.800000e+02 3.636000e+02
1.795000e+02 3.570000e+02
1.795000e+02 3.492000e+02
1.790000e+02 3.414000e+02
1.790000e+02 3.282000e+02
1.785000e+02 3.228000e+02
1.785000e+02 3.132000e+02
1.780000e+02 3.024000e+02
1.780000e+02 2.922000e+02
1.775000e+02 2.820000e+02
1.770000e+02 2.706000e+02
1.770000e+02 2.592000e+02
1.765000e+02 2.466000e+02
1.765000e+02 2.358000e+02
1.765000e+02 2.238000e+02
1.770000e+02 2.064000e+02
1.770000e+02 2.010000e+02
1.775000e+02 1.830000e+02
1.780000e+02 1.662000e+02
1.790000e+02 1.506000e+02
1.790000e+02 1.392000e+02
1.795000e+02 1.296000e+02
1.800000e+02 1.194000e+02
1.805000e+02 1.110000e+02
1.805000e+02 1.026000e+02
1.810000e+02 9.480000e+01
1.820000e+02 8.340000e+01
1.825000e+02 7.680000e+01
1.830000e+02 6.780000e+01
1.835000e+02 6.240000e+01
1.840000e+02 5.760000e+01
1.845000e+02 5.400000e+01
1.845000e+02 5.100000e+01
1.845000e+02 4.860000e+01
1.850000e+02 4.680000e+01
1.850000e+02 4.560000e+01
1.850000e+02 4.440000e+01
1.850000e+02 4.380000e+01
1.850000e+02 4.380000e+01
1.855000e+02 4.380000e+01
1.855000e+02 4.380000e+01
