2.400000e+02 1.212000e+02
2.400000e+02 1.212000e+02
2.400000e+02 1.212000e+02
2.402500e+02 1.215000e+02
2.405000e+02 1.218000e+02
2.405000e+02 1.221000e+02
2.405000e+02 1.224000e+02
2.410000e+02 1.236000e+02
2.415000e+02 1.248000e+02
2.425000e+02 1.266000e+02
2.435000e+02 1.284000e+02
2.440000e+02 1.293000e+02
2.445000e+02 1.302000e+02
2.462500e+02 1.323000e+02
2.480000e+02 1.344000e+02
2.500000e+02 1.374000e+02
2.520000e+02 1.404000e+02
2.542500e+02 1.437000e+02
2.565000e+02 1.470000e+02
2.590000e+02 1.509000e+02
2.615000e+02 1.548000e+02
2.640000e+02 1.593000e+02
2.665000e+02 1.638000e+02
2.680000e+02 1.662000e+02
2.695000e+02 1.686000e+02
2.722500e+02 1.743000e+02
2.750000e+02 1.800000e+02
2.780000e+02 1.857000e+02
2.810000e+02 1.914000e+02
2.837500e+02 1.971000e+02
2.865000e+02 2.028000e+02
2.877500e+02 2.058000e+02
2.890000e+02 2.088000e+02
2.917500e+02 2.145000e+02
2.945000e+02 2.202000e+02
2.957500e+02 2.232000e+02
2.970000e+02 2.262000e+02
2.997500e+02 2.325000e+02
3.025000e+02 2.388000e+02
3.052500e+02 2.457000e+02
3.080000e+02 2.526000e+02
3.095000e+02 2.562000e+02
3.110000e+02 2.598000e+02
3.122500e+02 2.634000e+02
3.135000e+02 2.670000e+02
3.160000e+02 2.739000e+02
3.185000e+02 2.808000e+02
3.207500e+02 2.868000e+02
3.230000e+02 2.928000e+02
3.250000e+02 2.988000e+02
3.270000e+02 3.048000e+02
3.280000e+02 3.072000e+02
3.290000e+02 3.096000e+02
3.310000e+02 3.147000e+02
3.330000e+02 3.198000e+02
3.347500e+02 3.243000e+02
3.365000e+02 3.288000e+02
3.385000e+02 3.330000e+02
3.415000e+02 3.408000e+02
3.435000e+02 3.480000e+02
3.450000e+02 3.516000e+02
3.460000e+02 3.552000e+02
3.480000e+02 3.606000e+02
3.500000e+02 3.660000e+02
3.505000e+02 3.684000e+02
3.515000e+02 3.726000e+02
3.520000e+02 3.762000e+02
3.525000e+02 3.774000e+02
3.525000e+02 3.798000e+02
3.525000e+02 3.810000e+02
3.530000e+02 3.810000e+02
3.530000e+02 3.822000e+02
3.530000e+02 3.822000e+02
3.530000e+02 3.828000e+02
3.530000e+02 3.828000e+02
3.530000e+02 3.828000e+02
3.530000e+02 3.828000e+02
3.530000e+02 3.828000e+02
3.530000e+02 3.834000e+02
3.530000e+02 3.834000e+02
3.525000e+02 3.840000e+02
3.520000e+02 3.852000e+02
3.515000e+02 3.870000e+02
3.510000e+02 3.882000e+02
3.505000e+02 3.900000e+02
3.505000e+02 3.912000e+02
3.500000e+02 3.924000e+02
3.495000e+02 3.930000e+02
3.495000e+02 3.936000e+02
3.490000e+02 3.942000e+02
3.480000e+02 3.942000e+02
3.470000e+02 3.948000e+02
3.460000e+02 3.948000e+02
3.440000e+02 3.942000e+02
3.430000e+02 3.936000e+02
3.405000e+02 3.918000e+02
3.370000e+02 3.894000e+02
3.350000e+02 3.882000e+02
3.305000e+02 3.858000e+02
3.260000e+02 3.834000e+02
3.230000e+02 3.822000e+02
3.165000e+02 3.798000e+02
3.095000e+02 3.774000e+02
3.065000e+02 3.768000e+02
2.985000e+02 3.756000e+02
2.915000e+02 3.750000e+02
2.875000e+02 3.756000e+02
2.800000e+02 3.762000e+02
2.765000e+02 3.768000e+02
2.660000e+02 3.786000e+02
2.590000e+02 3.804000e+02
2.530000e+02 3.822000e+02
2.500000e+02 3.834000e+02
2.440000e+02 3.870000e+02
2.385000e+02 3.912000e+02
2.360000e+02 3.924000e+02
2.315000e+02 3.954000e+02
2.275000e+02 3.984000e+02
2.250000e+02 4.002000e+02
2.240000e+02 4.008000e+02
2.220000e+02 4.020000e+02
2.210000e+02 4.026000e+02
2.205000e+02 4.032000e+02
2.200000e+02 4.032000e+02
2.195000e+02 4.038000e+02
2.195000e+02 4.032000e+02
2.200000e+02 4.026000e+02
2.200000e+02 4.026000e+02
2.210000e+02 4.008000e+02
2.225000e+02 3.984000e+02
2.235000e+02 3.972000e+02
2.255000e+02 3.930000e+02
2.265000e+02 3.912000e+02
2.285000e+02 3.870000e+02
2.310000e+02 3.816000e+02
2.320000e+02 3.792000e+02
2.350000e+02 3.726000e+02
2.365000e+02 3.684000e+02
2.400000e+02 3.612000e+02
2.430000e+02 3.528000e+02
2.470000e+02 3.432000e+02
2.490000e+02 3.384000e+02
2.530000e+02 3.258000e+02
2.575000e+02 3.120000e+02
2.600000e+02 3.042000e+02
2.655000e+02 2.886000e+02
2.710000e+02 2.730000e+02
2.740000e+02 2.658000e+02
2.790000e+02 2.532000e+02
2.840000e+02 2.442000e+02
2.860000e+02 2.400000e+02
2.900000e+02 2.328000e+02
2.935000e+02 2.268000e+02
2.955000e+02 2.238000e+02
3.010000e+02 2.148000e+02
3.055000e+02 2.088000e+02
3.105000e+02 2.022000e+02
3.130000e+02 1.986000e+02
3.155000e+02 1.956000e+02
3.210000e+02 1.878000e+02
3.240000e+02 1.836000e+02
3.275000e+02 1.788000e+02
3.340000e+02 1.698000e+02
3.405000e+02 1.602000e+02
3.435000e+02 1.560000e+02
3.495000e+02 1.482000e+02
3.530000e+02 1.440000e+02
3.585000e+02 1.368000e+02
3.640000e+02 1.302000e+02
3.695000e+02 1.236000e+02
3.720000e+02 1.206000e+02
3.770000e+02 1.146000e+02
3.830000e+02 1.086000e+02
3.880000e+02 1.032000e+02
3.935000e+02 9.840000e+01
3.985000e+02 9.240000e+01
4.010000e+02 9.000000e+01
4.060000e+02 8.520000e+01
4.110000e+02 8.100000e+01
4.130000e+02 7.860000e+01
4.165000e+02 7.440000e+01
4.200000e+02 7.080000e+01
4.215000e+02 6.960000e+01
4.240000e+02 6.720000e+01
4.250000e+02 6.660000e+01
4.265000e+02 6.480000e+01
4.275000e+02 6.420000e+01
4.280000e+02 6.300000e+01
4.285000e+02 6.300000e+01
4.290000e+02 6.240000e+01
4.290000e+02 6.240000e+01
4.290000e+02 6.240000e+01
4.290000e+02 6.180000e+01
4.295000e+02 6.180000e+01
4.295000e+02 6.180000e+01
4.290000e+02 6.180000e+01
4.280000e+02 6.180000e+01
4.275000e+02 6.240000e+01
4.265000e+02 6.240000e+01
4.265000e+02 6.240000e+01
