2.935000e+02 1.470000e+02
2.935000e+02 1.470000e+02
2.935000e+02 1.470000e+02
2.922500e+02 1.476000e+02
2.910000e+02 1.482000e+02
2.900000e+02 1.488000e+02
2.890000e+02 1.494000e+02
2.872500e+02 1.503000e+02
2.855000e+02 1.512000e+02
2.842500e+02 1.518000e+02
2.830000e+02 1.524000e+02
2.807500e+02 1.536000e+02
2.785000e+02 1.548000e+02
2.760000e+02 1.563000e+02
2.735000e+02 1.578000e+02
2.720000e+02 1.587000e+02
2.705000e+02 1.596000e+02
2.677500e+02 1.617000e+02
2.650000e+02 1.638000e+02
2.625000e+02 1.656000e+02
2.600000e+02 1.674000e+02
2.585000e+02 1.683000e+02
2.570000e+02 1.692000e+02
2.547500e+02 1.716000e+02
2.525000e+02 1.740000e+02
2.500000e+02 1.764000e+02
2.475000e+02 1.788000e+02
2.462500e+02 1.800000e+02
2.450000e+02 1.812000e+02
2.430000e+02 1.839000e+02
2.410000e+02 1.866000e+02
2.390000e+02 1.896000e+02
2.370000e+02 1.926000e+02
2.360000e+02 1.938000e+02
2.350000e+02 1.950000e+02
2.332500e+02 1.983000e+02
2.315000e+02 2.016000e+02
2.297500e+02 2.043000e+02
2.280000e+02 2.070000e+02
2.270000e+02 2.085000e+02
2.260000e+02 2.100000e+02
2.247500e+02 2.133000e+02
2.235000e+02 2.166000e+02
2.225000e+02 2.196000e+02
2.215000e+02 2.226000e+02
2.210000e+02 2.238000e+02
2.205000e+02 2.250000e+02
2.200000e+02 2.277000e+02
2.195000e+02 2.304000e+02
2.192500e+02 2.331000e+02
2.190000e+02 2.358000e+02
2.187500e+02 2.370000e+02
2.185000e+02 2.382000e+02
2.185000e+02 2.403000e+02
2.185000e+02 2.424000e+02
2.185000e+02 2.451000e+02
2.185000e+02 2.478000e+02
2.187500e+02 2.490000e+02
2.190000e+02 2.502000e+02
2.190000e+02 2.526000e+02
2.190000e+02 2.550000e+02
2.195000e+02 2.574000e+02
2.200000e+02 2.598000e+02
2.202500e+02 2.613000e+02
2.205000e+02 2.628000e+02
2.210000e+02 2.652000e+02
2.215000e+02 2.676000e+02
2.220000e+02 2.700000e+02
2.225000e+02 2.724000e+02
2.227500e+02 2.736000e+02
2.230000e+02 2.748000e+02
2.237500e+02 2.775000e+02
2.245000e+02 2.802000e+02
2.252500e+02 2.823000e+02
2.260000e+02 2.844000e+02
2.265000e+02 2.853000e+02
2.270000e+02 2.862000e+02
2.277500e+02 2.877000e+02
2.285000e+02 2.892000e+02
2.292500e+02 2.904000e+02
2.300000e+02 2.916000e+02
2.302500e+02 2.922000e+02
2.305000e+02 2.928000e+02
2.320000e+02 2.958000e+02
2.340000e+02 2.982000e+02
2.350000e+02 2.994000e+02
2.375000e+02 3.024000e+02
2.400000e+02 3.042000e+02
2.415000e+02 3.054000e+02
2.445000e+02 3.072000e+02
2.460000e+02 3.084000e+02
2.495000e+02 3.102000e+02
2.530000e+02 3.120000e+02
2.545000e+02 3.132000e+02
2.580000e+02 3.156000e+02
2.615000e+02 3.174000e+02
2.630000e+02 3.180000e+02
2.665000e+02 3.198000e+02
2.700000e+02 3.204000e+02
2.715000e+02 3.210000e+02
2.750000e+02 3.216000e+02
2.785000e+02 3.216000e+02
2.800000e+02 3.222000e+02
2.840000e+02 3.222000e+02
2.875000e+02 3.216000e+02
2.895000e+02 3.216000e+02
2.940000e+02 3.216000e+02
2.980000e+02 3.210000e+02
3.000000e+02 3.204000e+02
3.040000e+02 3.192000e+02
3.065000e+02 3.186000e+02
3.110000e+02 3.168000e+02
3.150000e+02 3.150000e+02
3.165000e+02 3.138000e+02
3.210000e+02 3.126000e+02
3.245000e+02 3.108000e+02
3.265000e+02 3.102000e+02
3.300000e+02 3.078000e+02
3.335000e+02 3.054000e+02
3.355000e+02 3.042000e+02
3.390000e+02 3.012000e+02
3.420000e+02 2.988000e+02
3.435000e+02 2.970000e+02
3.460000e+02 2.946000e+02
3.490000e+02 2.916000e+02
3.505000e+02 2.892000e+02
3.530000e+02 2.856000e+02
3.540000e+02 2.838000e+02
3.565000e+02 2.808000e+02
3.585000e+02 2.778000e+02
3.590000e+02 2.766000e+02
3.610000e+02 2.736000e+02
3.625000e+02 2.700000e+02
3.630000e+02 2.682000e+02
3.645000e+02 2.652000e+02
3.660000e+02 2.622000e+02
3.665000e+02 2.598000e+02
3.675000e+02 2.562000e+02
3.685000e+02 2.526000e+02
3.690000e+02 2.508000e+02
3.705000e+02 2.472000e+02
3.720000e+02 2.424000e+02
3.725000e+02 2.400000e+02
3.740000e+02 2.358000e+02
3.750000e+02 2.310000e+02
3.755000e+02 2.286000e+02
3.765000e+02 2.238000e+02
3.770000e+02 2.202000e+02
3.770000e+02 2.178000e+02
3.770000e+02 2.130000e+02
3.770000e+02 2.106000e+02
3.770000e+02 2.064000e+02
3.760000e+02 2.028000e+02
3.750000e+02 1.980000e+02
3.745000e+02 1.962000e+02
3.735000e+02 1.926000e+02
3.720000e+02 1.902000e+02
3.710000e+02 1.884000e+02
3.695000e+02 1.848000e+02
3.675000e+02 1.806000e+02
3.665000e+02 1.788000e+02
3.640000e+02 1.758000e+02
3.630000e+02 1.746000e+02
3.605000e+02 1.716000e+02
3.585000e+02 1.692000e+02
3.560000e+02 1.662000e+02
3.550000e+02 1.650000e+02
3.525000e+02 1.620000e+02
3.510000e+02 1.608000e+02
3.485000e+02 1.590000e+02
3.460000e+02 1.572000e+02
3.450000e+02 1.560000e+02
3.425000e+02 1.542000e+02
3.400000e+02 1.524000e+02
3.390000e+02 1.518000e+02
3.365000e+02 1.500000e+02
3.350000e+02 1.494000e+02
3.325000e+02 1.482000e+02
3.300000e+02 1.470000e+02
3.285000e+02 1.464000e+02
3.255000e+02 1.452000e+02
3.225000e+02 1.446000e+02
3.210000e+02 1.446000e+02
3.185000e+02 1.440000e+02
3.155000e+02 1.440000e+02
3.125000e+02 1.434000e+02
3.110000e+02 1.434000e+02
3.080000e+02 1.434000e+02
3.065000e+02 1.428000e+02
3.035000e+02 1.428000e+02
3.000000e+02 1.428000e+02
2.985000e+02 1.428000e+02
2.950000e+02 1.428000e+02
2.910000e+02 1.434000e+02
2.890000e+02 1.434000e+02
2.845000e+02 1.440000e+02
2.800000e+02 1.458000e+02
2.780000e+02 1.470000e+02
2.740000e+02 1.494000e+02
2.740000e+02 1.494000e+02
