2.425000e+02 3.474000e+02
2.425000e+02 3.474000e+02
2.425000e+02 3.474000e+02
2.427500e+02 3.465000e+02
2.430000e+02 3.456000e+02
2.430000e+02 3.447000e+02
2.430000e+02 3.438000e+02
2.432500e+02 3.429000e+02
2.435000e+02 3.420000e+02
2.437500e+02 3.414000e+02
2.440000e+02 3.408000e+02
2.442500e+02 3.390000e+02
2.445000e+02 3.372000e+02
2.447500e+02 3.360000e+02
2.450000e+02 3.348000e+02
2.455000e+02 3.330000e+02
2.460000e+02 3.312000e+02
2.462500e+02 3.288000e+02
2.465000e+02 3.264000e+02
2.465000e+02 3.249000e+02
2.465000e+02 3.234000e+02
2.467500e+02 3.207000e+02
2.470000e+02 3.180000e+02
2.470000e+02 3.165000e+02
2.470000e+02 3.150000e+02
2.472500e+02 3.120000e+02
2.475000e+02 3.090000e+02
2.480000e+02 3.057000e+02
2.485000e+02 3.024000e+02
2.490000e+02 2.988000e+02
2.495000e+02 2.952000e+02
2.497500e+02 2.934000e+02
2.500000e+02 2.916000e+02
2.507500e+02 2.880000e+02
2.515000e+02 2.844000e+02
2.522500e+02 2.808000e+02
2.530000e+02 2.772000e+02
2.532500e+02 2.754000e+02
2.535000e+02 2.736000e+02
2.542500e+02 2.700000e+02
2.550000e+02 2.664000e+02
2.557500e+02 2.631000e+02
2.565000e+02 2.598000e+02
2.567500e+02 2.583000e+02
2.570000e+02 2.568000e+02
2.577500e+02 2.532000e+02
2.585000e+02 2.496000e+02
2.590000e+02 2.481000e+02
2.595000e+02 2.466000e+02
2.605000e+02 2.436000e+02
2.615000e+02 2.406000e+02
2.625000e+02 2.370000e+02
2.635000e+02 2.334000e+02
2.637500e+02 2.319000e+02
2.640000e+02 2.304000e+02
2.650000e+02 2.274000e+02
2.660000e+02 2.244000e+02
2.667500e+02 2.214000e+02
2.675000e+02 2.184000e+02
2.680000e+02 2.169000e+02
2.685000e+02 2.154000e+02
2.692500e+02 2.124000e+02
2.700000e+02 2.094000e+02
2.707500e+02 2.067000e+02
2.715000e+02 2.040000e+02
2.717500e+02 2.028000e+02
2.720000e+02 2.016000e+02
2.727500e+02 1.989000e+02
2.735000e+02 1.962000e+02
2.742500e+02 1.941000e+02
2.750000e+02 1.920000e+02
2.752500e+02 1.908000e+02
2.755000e+02 1.896000e+02
2.762500e+02 1.872000e+02
2.770000e+02 1.848000e+02
2.777500e+02 1.824000e+02
2.785000e+02 1.800000e+02
2.792500e+02 1.782000e+02
2.800000e+02 1.764000e+02
2.805000e+02 1.743000e+02
2.810000e+02 1.722000e+02
2.815000e+02 1.701000e+02
2.820000e+02 1.680000e+02
2.827500e+02 1.662000e+02
2.835000e+02 1.644000e+02
2.837500e+02 1.635000e+02
2.840000e+02 1.626000e+02
2.847500e+02 1.614000e+02
2.855000e+02 1.602000e+02
2.860000e+02 1.596000e+02
2.865000e+02 1.590000e+02
2.872500e+02 1.578000e+02
2.880000e+02 1.566000e+02
2.887500e+02 1.560000e+02
2.895000e+02 1.554000e+02
2.897500e+02 1.548000e+02
2.900000e+02 1.542000e+02
2.905000e+02 1.536000e+02
2.910000e+02 1.530000e+02
2.917500e+02 1.527000e+02
2.925000e+02 1.524000e+02
2.927500e+02 1.524000e+02
2.930000e+02 1.524000e+02
2.935000e+02 1.521000e+02
2.940000e+02 1.518000e+02
2.945000e+02 1.518000e+02
2.950000e+02 1.518000e+02
2.955000e+02 1.518000e+02
2.960000e+02 1.518000e+02
2.965000e+02 1.521000e+02
2.970000e+02 1.524000e+02
2.977500e+02 1.527000e+02
2.985000e+02 1.530000e+02
2.992500e+02 1.533000e+02
3.000000e+02 1.536000e+02
3.007500e+02 1.539000e+02
3.015000e+02 1.542000e+02
3.017500e+02 1.545000e+02
3.020000e+02 1.548000e+02
3.027500e+02 1.551000e+02
3.035000e+02 1.554000e+02
3.040000e+02 1.563000e+02
3.045000e+02 1.572000e+02
3.050000e+02 1.575000e+02
3.055000e+02 1.578000e+02
3.057500e+02 1.581000e+02
3.060000e+02 1.584000e+02
3.065000e+02 1.596000e+02
3.070000e+02 1.608000e+02
3.077500e+02 1.620000e+02
3.085000e+02 1.632000e+02
3.090000e+02 1.638000e+02
3.095000e+02 1.644000e+02
3.102500e+02 1.656000e+02
3.110000e+02 1.668000e+02
3.117500e+02 1.680000e+02
3.125000e+02 1.692000e+02
3.127500e+02 1.698000e+02
3.130000e+02 1.704000e+02
3.137500e+02 1.713000e+02
3.145000e+02 1.722000e+02
3.152500e+02 1.740000e+02
3.160000e+02 1.758000e+02
3.162500e+02 1.764000e+02
3.165000e+02 1.770000e+02
3.170000e+02 1.788000e+02
3.175000e+02 1.806000e+02
3.182500e+02 1.821000e+02
3.190000e+02 1.836000e+02
3.195000e+02 1.851000e+02
3.200000e+02 1.866000e+02
3.207500e+02 1.887000e+02
3.215000e+02 1.908000e+02
3.222500e+02 1.926000e+02
3.230000e+02 1.944000e+02
3.237500e+02 1.962000e+02
3.245000e+02 1.980000e+02
3.265000e+02 2.016000e+02
3.280000e+02 2.064000e+02
3.285000e+02 2.082000e+02
3.300000e+02 2.118000e+02
3.320000e+02 2.160000e+02
3.330000e+02 2.184000e+02
3.355000e+02 2.232000e+02
3.375000e+02 2.280000e+02
3.390000e+02 2.304000e+02
3.410000e+02 2.358000e+02
3.420000e+02 2.388000e+02
3.450000e+02 2.442000e+02
3.480000e+02 2.508000e+02
3.490000e+02 2.538000e+02
3.520000e+02 2.598000e+02
3.540000e+02 2.658000e+02
3.565000e+02 2.718000e+02
3.580000e+02 2.748000e+02
3.595000e+02 2.778000e+02
3.620000e+02 2.844000e+02
3.630000e+02 2.874000e+02
3.655000e+02 2.934000e+02
3.675000e+02 2.988000e+02
3.685000e+02 3.018000e+02
3.705000e+02 3.078000e+02
3.725000e+02 3.138000e+02
3.745000e+02 3.186000e+02
3.755000e+02 3.216000e+02
3.770000e+02 3.270000e+02
3.785000e+02 3.318000e+02
3.800000e+02 3.354000e+02
3.810000e+02 3.390000e+02
3.820000e+02 3.420000e+02
3.825000e+02 3.432000e+02
3.835000e+02 3.450000e+02
3.840000e+02 3.468000e+02
3.845000e+02 3.474000e+02
3.850000e+02 3.480000e+02
3.855000e+02 3.486000e+02
3.855000e+02 3.486000e+02
3.855000e+02 3.486000e+02
3.850000e+02 3.486000e+02
3.850000e+02 3.486000e+02
