1.590000e+02 1.278000e+02
1.590000e+02 1.278000e+02
1.590000e+02 1.278000e+02
1.590000e+02 1.278000e+02
1.590000e+02 1.278000e+02
1.590000e+02 1.281000e+02
1.590000e+02 1.284000e+02
1.597500e+02 1.290000e+02
1.605000e+02 1.296000e+02
1.607500e+02 1.302000e+02
1.610000e+02 1.308000e+02
1.620000e+02 1.317000e+02
1.630000e+02 1.326000e+02
1.635000e+02 1.332000e+02
1.640000e+02 1.338000e+02
1.650000e+02 1.350000e+02
1.660000e+02 1.362000e+02
1.670000e+02 1.371000e+02
1.680000e+02 1.380000e+02
1.695000e+02 1.392000e+02
1.710000e+02 1.404000e+02
1.717500e+02 1.413000e+02
1.725000e+02 1.422000e+02
1.740000e+02 1.440000e+02
1.755000e+02 1.458000e+02
1.770000e+02 1.476000e+02
1.785000e+02 1.494000e+02
1.795000e+02 1.506000e+02
1.805000e+02 1.518000e+02
1.822500e+02 1.542000e+02
1.840000e+02 1.566000e+02
1.850000e+02 1.578000e+02
1.860000e+02 1.590000e+02
1.880000e+02 1.614000e+02
1.900000e+02 1.638000e+02
1.910000e+02 1.653000e+02
1.920000e+02 1.668000e+02
1.942500e+02 1.698000e+02
1.965000e+02 1.728000e+02
1.985000e+02 1.755000e+02
2.005000e+02 1.782000e+02
2.015000e+02 1.797000e+02
2.025000e+02 1.812000e+02
2.045000e+02 1.845000e+02
2.065000e+02 1.878000e+02
2.105000e+02 1.938000e+02
2.125000e+02 1.968000e+02
2.165000e+02 2.040000e+02
2.205000e+02 2.112000e+02
2.245000e+02 2.184000e+02
2.265000e+02 2.220000e+02
2.305000e+02 2.286000e+02
2.325000e+02 2.322000e+02
2.365000e+02 2.388000e+02
2.410000e+02 2.466000e+02
2.430000e+02 2.502000e+02
2.470000e+02 2.574000e+02
2.510000e+02 2.646000e+02
2.525000e+02 2.682000e+02
2.560000e+02 2.760000e+02
2.575000e+02 2.796000e+02
2.610000e+02 2.868000e+02
2.645000e+02 2.940000e+02
2.665000e+02 2.976000e+02
2.695000e+02 3.060000e+02
2.715000e+02 3.102000e+02
2.755000e+02 3.186000e+02
2.790000e+02 3.270000e+02
2.825000e+02 3.342000e+02
2.860000e+02 3.408000e+02
2.900000e+02 3.480000e+02
2.935000e+02 3.552000e+02
2.970000e+02 3.606000e+02
2.985000e+02 3.630000e+02
3.010000e+02 3.678000e+02
3.030000e+02 3.720000e+02
3.040000e+02 3.738000e+02
3.055000e+02 3.768000e+02
3.065000e+02 3.786000e+02
3.065000e+02 3.792000e+02
3.075000e+02 3.804000e+02
3.080000e+02 3.810000e+02
3.080000e+02 3.810000e+02
3.080000e+02 3.816000e+02
3.080000e+02 3.816000e+02
3.080000e+02 3.822000e+02
3.075000e+02 3.822000e+02
3.075000e+02 3.822000e+02
3.060000e+02 3.822000e+02
3.040000e+02 3.822000e+02
3.030000e+02 3.822000e+02
3.020000e+02 3.816000e+02
2.995000e+02 3.816000e+02
2.980000e+02 3.816000e+02
2.950000e+02 3.816000e+02
2.915000e+02 3.822000e+02
2.895000e+02 3.828000e+02
2.855000e+02 3.834000e+02
2.805000e+02 3.840000e+02
2.755000e+02 3.846000e+02
2.730000e+02 3.852000e+02
2.675000e+02 3.864000e+02
2.615000e+02 3.876000e+02
2.590000e+02 3.882000e+02
2.500000e+02 3.900000e+02
2.440000e+02 3.906000e+02
2.380000e+02 3.924000e+02
2.315000e+02 3.936000e+02
2.255000e+02 3.942000e+02
2.220000e+02 3.948000e+02
2.160000e+02 3.954000e+02
2.090000e+02 3.960000e+02
2.055000e+02 3.960000e+02
1.985000e+02 3.966000e+02
1.920000e+02 3.972000e+02
1.890000e+02 3.972000e+02
1.830000e+02 3.978000e+02
1.780000e+02 3.984000e+02
1.735000e+02 3.990000e+02
1.710000e+02 3.996000e+02
1.675000e+02 3.996000e+02
1.640000e+02 4.002000e+02
1.630000e+02 4.002000e+02
1.605000e+02 4.002000e+02
1.590000e+02 4.002000e+02
1.585000e+02 3.996000e+02
1.575000e+02 3.996000e+02
1.565000e+02 3.990000e+02
1.565000e+02 3.984000e+02
1.560000e+02 3.978000e+02
1.560000e+02 3.966000e+02
1.565000e+02 3.960000e+02
1.565000e+02 3.930000e+02
1.575000e+02 3.906000e+02
1.580000e+02 3.888000e+02
1.590000e+02 3.858000e+02
1.610000e+02 3.810000e+02
1.630000e+02 3.768000e+02
1.640000e+02 3.738000e+02
1.665000e+02 3.678000e+02
1.690000e+02 3.624000e+02
1.725000e+02 3.558000e+02
1.780000e+02 3.444000e+02
1.800000e+02 3.402000e+02
1.840000e+02 3.318000e+02
1.860000e+02 3.270000e+02
1.905000e+02 3.180000e+02
1.925000e+02 3.138000e+02
1.975000e+02 3.054000e+02
2.020000e+02 2.964000e+02
2.045000e+02 2.922000e+02
2.095000e+02 2.826000e+02
2.150000e+02 2.736000e+02
2.240000e+02 2.586000e+02
2.300000e+02 2.490000e+02
2.355000e+02 2.406000e+02
2.385000e+02 2.364000e+02
2.410000e+02 2.328000e+02
2.465000e+02 2.250000e+02
2.515000e+02 2.172000e+02
2.540000e+02 2.136000e+02
2.590000e+02 2.070000e+02
2.640000e+02 1.998000e+02
2.665000e+02 1.968000e+02
2.710000e+02 1.914000e+02
2.750000e+02 1.848000e+02
2.790000e+02 1.800000e+02
2.830000e+02 1.752000e+02
2.865000e+02 1.704000e+02
2.905000e+02 1.650000e+02
2.920000e+02 1.626000e+02
2.960000e+02 1.584000e+02
2.995000e+02 1.542000e+02
3.030000e+02 1.506000e+02
3.045000e+02 1.482000e+02
3.085000e+02 1.446000e+02
3.105000e+02 1.428000e+02
3.140000e+02 1.386000e+02
3.155000e+02 1.362000e+02
3.190000e+02 1.326000e+02
3.220000e+02 1.284000e+02
3.240000e+02 1.266000e+02
3.270000e+02 1.224000e+02
3.300000e+02 1.188000e+02
3.315000e+02 1.170000e+02
3.345000e+02 1.134000e+02
3.370000e+02 1.104000e+02
3.400000e+02 1.074000e+02
3.425000e+02 1.044000e+02
3.445000e+02 1.020000e+02
3.455000e+02 1.014000e+02
3.465000e+02 9.960000e+01
3.475000e+02 9.840000e+01
3.480000e+02 9.840000e+01
3.485000e+02 9.780000e+01
3.485000e+02 9.780000e+01
3.490000e+02 9.780000e+01
3.485000e+02 9.780000e+01
3.475000e+02 9.780000e+01
3.475000e+02 9.780000e+01
