4.410000e+02 1.068000e+02
4.410000e+02 1.068000e+02
4.410000e+02 1.068000e+02
4.410000e+02 1.068000e+02
4.410000e+02 1.068000e+02
4.410000e+02 1.069500e+02
4.410000e+02 1.071000e+02
4.410000e+02 1.072500e+02
4.410000e+02 1.074000e+02
4.410000e+02 1.074000e+02
4.410000e+02 1.074000e+02
4.410000e+02 1.074000e+02
4.410000e+02 1.074000e+02
4.410000e+02 1.077000e+02
4.410000e+02 1.080000e+02
4.410000e+02 1.083000e+02
4.410000e+02 1.086000e+02
4.410000e+02 1.089000e+02
4.410000e+02 1.092000e+02
4.410000e+02 1.095000e+02
4.410000e+02 1.098000e+02
4.410000e+02 1.101000e+02
4.410000e+02 1.104000e+02
4.410000e+02 1.107000e+02
4.410000e+02 1.110000e+02
4.410000e+02 1.117500e+02
4.410000e+02 1.125000e+02
4.410000e+02 1.132500e+02
4.410000e+02 1.140000e+02
4.411250e+02 1.147500e+02
4.412500e+02 1.155000e+02
4.413750e+02 1.162500e+02
4.415000e+02 1.170000e+02
4.415000e+02 1.177500e+02
4.415000e+02 1.185000e+02
4.415000e+02 1.192500e+02
4.415000e+02 1.200000e+02
4.416250e+02 1.209000e+02
4.417500e+02 1.218000e+02
4.418750e+02 1.227000e+02
4.420000e+02 1.236000e+02
4.420000e+02 1.245000e+02
4.420000e+02 1.254000e+02
4.420000e+02 1.263000e+02
4.420000e+02 1.272000e+02
4.421250e+02 1.281000e+02
4.422500e+02 1.290000e+02
4.423750e+02 1.299000e+02
4.425000e+02 1.308000e+02
4.425000e+02 1.318500e+02
4.425000e+02 1.329000e+02
4.425000e+02 1.339500e+02
4.425000e+02 1.350000e+02
4.426250e+02 1.359000e+02
4.427500e+02 1.368000e+02
4.428750e+02 1.377000e+02
4.430000e+02 1.386000e+02
4.430000e+02 1.399500e+02
4.430000e+02 1.413000e+02
4.430000e+02 1.426500e+02
4.430000e+02 1.440000e+02
4.430000e+02 1.452000e+02
4.430000e+02 1.464000e+02
4.430000e+02 1.476000e+02
4.430000e+02 1.488000e+02
4.430000e+02 1.501500e+02
4.430000e+02 1.515000e+02
4.430000e+02 1.528500e+02
4.430000e+02 1.542000e+02
4.430000e+02 1.566000e+02
4.430000e+02 1.590000e+02
4.430000e+02 1.614000e+02
4.430000e+02 1.638000e+02
4.430000e+02 1.657500e+02
4.430000e+02 1.677000e+02
4.430000e+02 1.696500e+02
4.430000e+02 1.716000e+02
4.430000e+02 1.734000e+02
4.430000e+02 1.752000e+02
4.430000e+02 1.770000e+02
4.430000e+02 1.788000e+02
4.431250e+02 1.807500e+02
4.432500e+02 1.827000e+02
4.433750e+02 1.846500e+02
4.435000e+02 1.866000e+02
4.435000e+02 1.884000e+02
4.435000e+02 1.902000e+02
4.435000e+02 1.920000e+02
4.435000e+02 1.938000e+02
4.435000e+02 1.956000e+02
4.435000e+02 1.974000e+02
4.435000e+02 1.992000e+02
4.435000e+02 2.010000e+02
4.436250e+02 2.026500e+02
4.437500e+02 2.043000e+02
4.440000e+02 2.076000e+02
4.440000e+02 2.106000e+02
4.440000e+02 2.136000e+02
4.442500e+02 2.172000e+02
4.445000e+02 2.208000e+02
4.445000e+02 2.238000e+02
4.445000e+02 2.268000e+02
4.445000e+02 2.301000e+02
4.445000e+02 2.334000e+02
4.447500e+02 2.361000e+02
4.450000e+02 2.388000e+02
4.450000e+02 2.415000e+02
4.450000e+02 2.442000e+02
4.452500e+02 2.475000e+02
4.455000e+02 2.508000e+02
4.457500e+02 2.544000e+02
4.460000e+02 2.580000e+02
4.460000e+02 2.607000e+02
4.460000e+02 2.634000e+02
4.460000e+02 2.655000e+02
4.460000e+02 2.676000e+02
4.460000e+02 2.694000e+02
4.460000e+02 2.712000e+02
4.462500e+02 2.727000e+02
4.465000e+02 2.742000e+02
4.465000e+02 2.760000e+02
4.465000e+02 2.778000e+02
4.465000e+02 2.802000e+02
4.465000e+02 2.826000e+02
4.465000e+02 2.841000e+02
4.465000e+02 2.856000e+02
4.465000e+02 2.868000e+02
4.465000e+02 2.880000e+02
4.465000e+02 2.895000e+02
4.465000e+02 2.910000e+02
4.465000e+02 2.928000e+02
4.465000e+02 2.946000e+02
4.465000e+02 2.967000e+02
4.465000e+02 2.988000e+02
4.462500e+02 3.003000e+02
4.460000e+02 3.018000e+02
4.460000e+02 3.033000e+02
4.460000e+02 3.048000e+02
4.460000e+02 3.057000e+02
4.460000e+02 3.066000e+02
4.460000e+02 3.075000e+02
4.460000e+02 3.084000e+02
4.460000e+02 3.093000e+02
4.460000e+02 3.102000e+02
4.460000e+02 3.111000e+02
4.460000e+02 3.120000e+02
4.462500e+02 3.126000e+02
4.465000e+02 3.132000e+02
4.465000e+02 3.141000e+02
4.465000e+02 3.150000e+02
4.465000e+02 3.156000e+02
4.465000e+02 3.162000e+02
4.465000e+02 3.168000e+02
4.465000e+02 3.174000e+02
4.465000e+02 3.180000e+02
4.465000e+02 3.186000e+02
4.465000e+02 3.189000e+02
4.465000e+02 3.192000e+02
4.465000e+02 3.195000e+02
4.465000e+02 3.198000e+02
4.465000e+02 3.201000e+02
4.465000e+02 3.204000e+02
4.465000e+02 3.210000e+02
4.465000e+02 3.216000e+02
4.465000e+02 3.219000e+02
4.465000e+02 3.222000e+02
4.465000e+02 3.225000e+02
4.465000e+02 3.228000e+02
4.465000e+02 3.231000e+02
4.465000e+02 3.234000e+02
4.465000e+02 3.234000e+02
4.465000e+02 3.234000e+02
4.465000e+02 3.237000e+02
4.465000e+02 3.240000e+02
4.465000e+02 3.240000e+02
4.465000e+02 3.240000e+02
4.465000e+02 3.240000e+02
4.465000e+02 3.240000e+02
4.465000e+02 3.240000e+02
4.465000e+02 3.240000e+02
4.465000e+02 3.243000e+02
4.465000e+02 3.246000e+02
4.465000e+02 3.246000e+02
4.465000e+02 3.246000e+02
4.465000e+02 3.246000e+02
4.465000e+02 3.246000e+02
4.465000e+02 3.249000e+02
4.465000e+02 3.252000e+02
4.465000e+02 3.252000e+02
4.465000e+02 3.252000e+02
4.465000e+02 3.252000e+02
4.465000e+02 3.252000e+02
4.465000e+02 3.252000e+02
4.465000e+02 3.252000e+02
4.467500e+02 3.252000e+02
4.470000e+02 3.252000e+02
4.470000e+02 3.249000e+02
4.470000e+02 3.246000e+02
4.470000e+02 3.246000e+02
4.470000e+02 3.246000e+02
