2.000000e+01 3.564000e+02
2.000000e+01 3.564000e+02
2.000000e+01 3.564000e+02
2.050000e+01 3.564000e+02
2.100000e+01 3.564000e+02
2.125000e+01 3.564000e+02
2.150000e+01 3.564000e+02
2.175000e+01 3.564000e+02
2.200000e+01 3.564000e+02
2.275000e+01 3.564000e+02
2.350000e+01 3.564000e+02
2.425000e+01 3.564000e+02
2.500000e+01 3.564000e+02
2.650000e+01 3.564000e+02
2.800000e+01 3.564000e+02
3.025000e+01 3.564000e+02
3.250000e+01 3.564000e+02
3.475000e+01 3.561000e+02
3.700000e+01 3.558000e+02
3.975000e+01 3.558000e+02
4.250000e+01 3.558000e+02
4.675000e+01 3.555000e+02
5.100000e+01 3.552000e+02
5.550000e+01 3.549000e+02
6.000000e+01 3.546000e+02
6.325000e+01 3.543000e+02
6.650000e+01 3.540000e+02
6.925000e+01 3.537000e+02
7.200000e+01 3.534000e+02
7.525000e+01 3.531000e+02
7.850000e+01 3.528000e+02
8.125000e+01 3.525000e+02
8.400000e+01 3.522000e+02
8.725000e+01 3.519000e+02
9.050000e+01 3.516000e+02
9.350000e+01 3.513000e+02
9.650000e+01 3.510000e+02
9.975000e+01 3.507000e+02
1.030000e+02 3.504000e+02
1.060000e+02 3.501000e+02
1.090000e+02 3.498000e+02
1.122500e+02 3.492000e+02
1.155000e+02 3.486000e+02
1.185000e+02 3.483000e+02
1.215000e+02 3.480000e+02
1.247500e+02 3.477000e+02
1.280000e+02 3.474000e+02
1.310000e+02 3.471000e+02
1.340000e+02 3.468000e+02
1.370000e+02 3.465000e+02
1.400000e+02 3.462000e+02
1.430000e+02 3.462000e+02
1.460000e+02 3.462000e+02
1.507500e+02 3.459000e+02
1.555000e+02 3.456000e+02
1.597500e+02 3.453000e+02
1.640000e+02 3.450000e+02
1.670000e+02 3.447000e+02
1.700000e+02 3.444000e+02
1.732500e+02 3.444000e+02
1.765000e+02 3.444000e+02
1.797500e+02 3.441000e+02
1.830000e+02 3.438000e+02
1.860000e+02 3.435000e+02
1.890000e+02 3.432000e+02
1.920000e+02 3.432000e+02
1.950000e+02 3.432000e+02
1.982500e+02 3.429000e+02
2.015000e+02 3.426000e+02
2.042500e+02 3.426000e+02
2.070000e+02 3.426000e+02
2.100000e+02 3.426000e+02
2.130000e+02 3.426000e+02
2.160000e+02 3.426000e+02
2.190000e+02 3.426000e+02
2.215000e+02 3.426000e+02
2.240000e+02 3.426000e+02
2.270000e+02 3.426000e+02
2.300000e+02 3.426000e+02
2.325000e+02 3.426000e+02
2.350000e+02 3.426000e+02
2.382500e+02 3.429000e+02
2.415000e+02 3.432000e+02
2.427500e+02 3.432000e+02
2.440000e+02 3.432000e+02
2.467500e+02 3.432000e+02
2.495000e+02 3.432000e+02
2.525000e+02 3.432000e+02
2.555000e+02 3.432000e+02
2.565000e+02 3.432000e+02
2.575000e+02 3.432000e+02
2.602500e+02 3.432000e+02
2.630000e+02 3.432000e+02
2.655000e+02 3.432000e+02
2.680000e+02 3.432000e+02
2.715000e+02 3.432000e+02
2.750000e+02 3.432000e+02
2.785000e+02 3.432000e+02
2.820000e+02 3.432000e+02
2.842500e+02 3.432000e+02
2.865000e+02 3.432000e+02
2.887500e+02 3.432000e+02
2.910000e+02 3.432000e+02
2.930000e+02 3.432000e+02
2.950000e+02 3.432000e+02
2.967500e+02 3.432000e+02
2.985000e+02 3.432000e+02
3.005000e+02 3.432000e+02
3.025000e+02 3.432000e+02
3.045000e+02 3.432000e+02
3.065000e+02 3.432000e+02
3.082500e+02 3.432000e+02
3.100000e+02 3.432000e+02
3.117500e+02 3.432000e+02
3.135000e+02 3.432000e+02
3.155000e+02 3.429000e+02
3.175000e+02 3.426000e+02
3.192500e+02 3.426000e+02
3.210000e+02 3.426000e+02
3.230000e+02 3.426000e+02
3.250000e+02 3.426000e+02
3.272500e+02 3.426000e+02
3.295000e+02 3.426000e+02
3.315000e+02 3.423000e+02
3.335000e+02 3.420000e+02
3.355000e+02 3.420000e+02
3.375000e+02 3.420000e+02
3.395000e+02 3.417000e+02
3.415000e+02 3.414000e+02
3.432500e+02 3.414000e+02
3.450000e+02 3.414000e+02
3.467500e+02 3.414000e+02
3.485000e+02 3.414000e+02
3.502500e+02 3.414000e+02
3.520000e+02 3.414000e+02
3.547500e+02 3.411000e+02
3.575000e+02 3.408000e+02
3.590000e+02 3.408000e+02
3.605000e+02 3.408000e+02
3.622500e+02 3.408000e+02
3.640000e+02 3.408000e+02
3.662500e+02 3.408000e+02
3.685000e+02 3.408000e+02
3.702500e+02 3.408000e+02
3.720000e+02 3.408000e+02
3.740000e+02 3.408000e+02
3.760000e+02 3.408000e+02
3.780000e+02 3.405000e+02
3.800000e+02 3.402000e+02
3.820000e+02 3.402000e+02
3.840000e+02 3.402000e+02
3.862500e+02 3.402000e+02
3.885000e+02 3.402000e+02
3.905000e+02 3.402000e+02
3.925000e+02 3.402000e+02
3.945000e+02 3.402000e+02
3.965000e+02 3.402000e+02
4.015000e+02 3.402000e+02
4.085000e+02 3.396000e+02
4.105000e+02 3.396000e+02
4.155000e+02 3.396000e+02
4.195000e+02 3.390000e+02
4.230000e+02 3.390000e+02
4.270000e+02 3.390000e+02
4.310000e+02 3.390000e+02
4.365000e+02 3.390000e+02
4.425000e+02 3.390000e+02
4.465000e+02 3.396000e+02
4.505000e+02 3.396000e+02
4.545000e+02 3.402000e+02
4.565000e+02 3.402000e+02
4.600000e+02 3.402000e+02
4.625000e+02 3.408000e+02
4.645000e+02 3.408000e+02
4.665000e+02 3.408000e+02
4.675000e+02 3.408000e+02
4.690000e+02 3.408000e+02
4.705000e+02 3.414000e+02
4.715000e+02 3.414000e+02
4.740000e+02 3.414000e+02
4.770000e+02 3.414000e+02
4.790000e+02 3.414000e+02
4.800000e+02 3.414000e+02
4.815000e+02 3.414000e+02
4.825000e+02 3.414000e+02
4.835000e+02 3.414000e+02
4.845000e+02 3.414000e+02
4.855000e+02 3.414000e+02
4.860000e+02 3.414000e+02
4.865000e+02 3.414000e+02
4.870000e+02 3.414000e+02
4.875000e+02 3.414000e+02
4.880000e+02 3.414000e+02
4.880000e+02 3.414000e+02
4.885000e+02 3.414000e+02
4.885000e+02 3.414000e+02
4.885000e+02 3.420000e+02
4.885000e+02 3.420000e+02
4.885000e+02 3.426000e+02
4.885000e+02 3.426000e+02
