4.030000e+02 2.466000e+02
4.030000e+02 2.466000e+02
4.030000e+02 2.466000e+02
4.030000e+02 2.466000e+02
4.030000e+02 2.466000e+02
4.030000e+02 2.466000e+02
4.030000e+02 2.466000e+02
4.030000e+02 2.466000e+02
4.030000e+02 2.466000e+02
4.028750e+02 2.464500e+02
4.027500e+02 2.463000e+02
4.026250e+02 2.461500e+02
4.025000e+02 2.460000e+02
4.025000e+02 2.460000e+02
4.025000e+02 2.460000e+02
4.025000e+02 2.460000e+02
4.025000e+02 2.460000e+02
4.023750e+02 2.460000e+02
4.022500e+02 2.460000e+02
4.021250e+02 2.460000e+02
4.020000e+02 2.460000e+02
4.017500e+02 2.460000e+02
4.015000e+02 2.460000e+02
4.012500e+02 2.460000e+02
4.010000e+02 2.460000e+02
4.005000e+02 2.458500e+02
4.000000e+02 2.457000e+02
3.995000e+02 2.455500e+02
3.990000e+02 2.454000e+02
3.987500e+02 2.454000e+02
3.985000e+02 2.454000e+02
3.982500e+02 2.454000e+02
3.980000e+02 2.454000e+02
3.970000e+02 2.454000e+02
3.960000e+02 2.454000e+02
3.950000e+02 2.454000e+02
3.940000e+02 2.454000e+02
3.932500e+02 2.454000e+02
3.925000e+02 2.454000e+02
3.917500e+02 2.454000e+02
3.910000e+02 2.454000e+02
3.905000e+02 2.454000e+02
3.900000e+02 2.454000e+02
3.895000e+02 2.454000e+02
3.890000e+02 2.454000e+02
3.875000e+02 2.452500e+02
3.860000e+02 2.451000e+02
3.845000e+02 2.449500e+02
3.830000e+02 2.448000e+02
3.820000e+02 2.448000e+02
3.810000e+02 2.448000e+02
3.800000e+02 2.448000e+02
3.790000e+02 2.448000e+02
3.778750e+02 2.448000e+02
3.767500e+02 2.448000e+02
3.756250e+02 2.448000e+02
3.745000e+02 2.448000e+02
3.733750e+02 2.448000e+02
3.722500e+02 2.448000e+02
3.711250e+02 2.448000e+02
3.700000e+02 2.448000e+02
3.688750e+02 2.446500e+02
3.677500e+02 2.445000e+02
3.666250e+02 2.443500e+02
3.655000e+02 2.442000e+02
3.643750e+02 2.442000e+02
3.632500e+02 2.442000e+02
3.621250e+02 2.442000e+02
3.610000e+02 2.442000e+02
3.597500e+02 2.443500e+02
3.585000e+02 2.445000e+02
3.572500e+02 2.446500e+02
3.560000e+02 2.448000e+02
3.546250e+02 2.448000e+02
3.532500e+02 2.448000e+02
3.518750e+02 2.448000e+02
3.505000e+02 2.448000e+02
3.493750e+02 2.448000e+02
3.482500e+02 2.448000e+02
3.471250e+02 2.448000e+02
3.460000e+02 2.448000e+02
3.447500e+02 2.448000e+02
3.435000e+02 2.448000e+02
3.422500e+02 2.448000e+02
3.410000e+02 2.448000e+02
3.398750e+02 2.446500e+02
3.387500e+02 2.445000e+02
3.376250e+02 2.443500e+02
3.365000e+02 2.442000e+02
3.352500e+02 2.442000e+02
3.340000e+02 2.442000e+02
3.327500e+02 2.442000e+02
3.315000e+02 2.442000e+02
3.302500e+02 2.442000e+02
3.290000e+02 2.442000e+02
3.277500e+02 2.442000e+02
3.265000e+02 2.442000e+02
3.253750e+02 2.442000e+02
3.242500e+02 2.442000e+02
3.231250e+02 2.442000e+02
3.220000e+02 2.442000e+02
3.207500e+02 2.443500e+02
3.195000e+02 2.445000e+02
3.182500e+02 2.446500e+02
3.170000e+02 2.448000e+02
3.157500e+02 2.448000e+02
3.145000e+02 2.448000e+02
3.132500e+02 2.448000e+02
3.120000e+02 2.448000e+02
3.107500e+02 2.448000e+02
3.095000e+02 2.448000e+02
3.082500e+02 2.448000e+02
3.070000e+02 2.448000e+02
3.057500e+02 2.448000e+02
3.045000e+02 2.448000e+02
3.032500e+02 2.448000e+02
3.020000e+02 2.448000e+02
3.001250e+02 2.448000e+02
2.982500e+02 2.448000e+02
2.963750e+02 2.448000e+02
2.945000e+02 2.448000e+02
2.938750e+02 2.448000e+02
2.932500e+02 2.448000e+02
2.926250e+02 2.448000e+02
2.920000e+02 2.448000e+02
2.901250e+02 2.449500e+02
2.882500e+02 2.451000e+02
2.863750e+02 2.452500e+02
2.845000e+02 2.454000e+02
2.827500e+02 2.455500e+02
2.810000e+02 2.457000e+02
2.792500e+02 2.458500e+02
2.775000e+02 2.460000e+02
2.763750e+02 2.460000e+02
2.752500e+02 2.460000e+02
2.741250e+02 2.460000e+02
2.730000e+02 2.460000e+02
2.718750e+02 2.461500e+02
2.707500e+02 2.463000e+02
2.696250e+02 2.464500e+02
2.685000e+02 2.466000e+02
2.675000e+02 2.467500e+02
2.665000e+02 2.469000e+02
2.655000e+02 2.470500e+02
2.645000e+02 2.472000e+02
2.635000e+02 2.472000e+02
2.625000e+02 2.472000e+02
2.615000e+02 2.472000e+02
2.605000e+02 2.472000e+02
2.596250e+02 2.473500e+02
2.587500e+02 2.475000e+02
2.578750e+02 2.476500e+02
2.570000e+02 2.478000e+02
2.562500e+02 2.478000e+02
2.555000e+02 2.478000e+02
2.547500e+02 2.478000e+02
2.540000e+02 2.478000e+02
2.530000e+02 2.479500e+02
2.520000e+02 2.481000e+02
2.510000e+02 2.482500e+02
2.500000e+02 2.484000e+02
2.496250e+02 2.484000e+02
2.492500e+02 2.484000e+02
2.488750e+02 2.484000e+02
2.485000e+02 2.484000e+02
2.480000e+02 2.484000e+02
2.475000e+02 2.484000e+02
2.470000e+02 2.484000e+02
2.465000e+02 2.484000e+02
2.460000e+02 2.485500e+02
2.455000e+02 2.487000e+02
2.450000e+02 2.488500e+02
2.445000e+02 2.490000e+02
2.442500e+02 2.490000e+02
2.440000e+02 2.490000e+02
2.437500e+02 2.490000e+02
2.435000e+02 2.490000e+02
2.431250e+02 2.490000e+02
2.427500e+02 2.490000e+02
2.423750e+02 2.490000e+02
2.420000e+02 2.490000e+02
2.418750e+02 2.490000e+02
2.417500e+02 2.490000e+02
2.415000e+02 2.490000e+02
2.412500e+02 2.490000e+02
2.410000e+02 2.490000e+02
2.407500e+02 2.490000e+02
2.405000e+02 2.490000e+02
2.402500e+02 2.490000e+02
2.400000e+02 2.490000e+02
2.400000e+02 2.490000e+02
2.400000e+02 2.490000e+02
2.397500e+02 2.490000e+02
2.395000e+02 2.490000e+02
2.395000e+02 2.490000e+02
2.395000e+02 2.490000e+02
2.395000e+02 2.490000e+02
2.395000e+02 2.490000e+02
2.395000e+02 2.490000e+02
2.395000e+02 2.490000e+02
