1.625000e+02 1.608000e+02
1.625000e+02 1.608000e+02
1.625000e+02 1.608000e+02
1.625000e+02 1.608000e+02
1.625000e+02 1.608000e+02
1.625000e+02 1.608000e+02
1.625000e+02 1.608000e+02
1.625000e+02 1.608000e+02
1.625000e+02 1.608000e+02
1.625000e+02 1.608000e+02
1.625000e+02 1.608000e+02
1.625000e+02 1.608000e+02
1.625000e+02 1.608000e+02
1.625000e+02 1.608000e+02
1.625000e+02 1.608000e+02
1.625000e+02 1.608000e+02
1.625000e+02 1.608000e+02
1.625000e+02 1.608000e+02
1.625000e+02 1.608000e+02
1.625000e+02 1.608000e+02
1.625000e+02 1.608000e+02
1.625000e+02 1.609500e+02
1.625000e+02 1.611000e+02
1.625000e+02 1.612500e+02
1.625000e+02 1.614000e+02
1.627500e+02 1.617000e+02
1.630000e+02 1.620000e+02
1.632500e+02 1.623000e+02
1.635000e+02 1.626000e+02
1.637500e+02 1.630500e+02
1.640000e+02 1.635000e+02
1.645000e+02 1.644000e+02
1.650000e+02 1.659000e+02
1.655000e+02 1.674000e+02
1.665000e+02 1.689000e+02
1.675000e+02 1.704000e+02
1.685000e+02 1.725000e+02
1.695000e+02 1.746000e+02
1.707500e+02 1.767000e+02
1.720000e+02 1.788000e+02
1.732500e+02 1.812000e+02
1.745000e+02 1.836000e+02
1.757500e+02 1.863000e+02
1.770000e+02 1.890000e+02
1.782500e+02 1.917000e+02
1.795000e+02 1.944000e+02
1.812500e+02 1.974000e+02
1.830000e+02 2.004000e+02
1.847500e+02 2.034000e+02
1.865000e+02 2.064000e+02
1.885000e+02 2.109000e+02
1.905000e+02 2.154000e+02
1.920000e+02 2.181000e+02
1.935000e+02 2.208000e+02
1.942500e+02 2.220000e+02
1.950000e+02 2.232000e+02
1.965000e+02 2.259000e+02
1.980000e+02 2.286000e+02
1.992500e+02 2.310000e+02
2.005000e+02 2.334000e+02
2.022500e+02 2.370000e+02
2.040000e+02 2.406000e+02
2.052500e+02 2.427000e+02
2.065000e+02 2.448000e+02
2.080000e+02 2.472000e+02
2.095000e+02 2.496000e+02
2.105000e+02 2.514000e+02
2.115000e+02 2.532000e+02
2.122500e+02 2.550000e+02
2.130000e+02 2.568000e+02
2.137500e+02 2.583000e+02
2.145000e+02 2.598000e+02
2.152500e+02 2.610000e+02
2.160000e+02 2.622000e+02
2.167500e+02 2.637000e+02
2.175000e+02 2.652000e+02
2.182500e+02 2.667000e+02
2.190000e+02 2.682000e+02
2.197500e+02 2.691000e+02
2.205000e+02 2.700000e+02
2.207500e+02 2.709000e+02
2.210000e+02 2.718000e+02
2.215000e+02 2.724000e+02
2.220000e+02 2.730000e+02
2.222500e+02 2.736000e+02
2.225000e+02 2.742000e+02
2.227500e+02 2.745000e+02
2.230000e+02 2.748000e+02
2.232500e+02 2.751000e+02
2.235000e+02 2.754000e+02
2.235000e+02 2.754000e+02
2.235000e+02 2.754000e+02
2.237500e+02 2.754000e+02
2.240000e+02 2.754000e+02
2.240000e+02 2.754000e+02
2.240000e+02 2.754000e+02
2.242500e+02 2.754000e+02
2.245000e+02 2.754000e+02
2.247500e+02 2.751000e+02
2.250000e+02 2.748000e+02
2.255000e+02 2.745000e+02
2.260000e+02 2.742000e+02
2.270000e+02 2.730000e+02
2.280000e+02 2.718000e+02
2.297500e+02 2.700000e+02
2.315000e+02 2.682000e+02
2.330000e+02 2.664000e+02
2.345000e+02 2.646000e+02
2.372500e+02 2.619000e+02
2.400000e+02 2.592000e+02
2.420000e+02 2.571000e+02
2.440000e+02 2.550000e+02
2.450000e+02 2.538000e+02
2.460000e+02 2.526000e+02
2.477500e+02 2.502000e+02
2.495000e+02 2.478000e+02
2.532500e+02 2.430000e+02
2.570000e+02 2.382000e+02
2.592500e+02 2.352000e+02
2.615000e+02 2.322000e+02
2.642500e+02 2.286000e+02
2.670000e+02 2.250000e+02
2.697500e+02 2.217000e+02
2.725000e+02 2.184000e+02
2.755000e+02 2.148000e+02
2.785000e+02 2.112000e+02
2.812500e+02 2.079000e+02
2.840000e+02 2.046000e+02
2.867500e+02 2.010000e+02
2.895000e+02 1.974000e+02
2.925000e+02 1.941000e+02
2.955000e+02 1.908000e+02
2.990000e+02 1.863000e+02
3.025000e+02 1.818000e+02
3.060000e+02 1.779000e+02
3.095000e+02 1.740000e+02
3.130000e+02 1.701000e+02
3.165000e+02 1.662000e+02
3.210000e+02 1.608000e+02
3.255000e+02 1.554000e+02
3.272500e+02 1.536000e+02
3.290000e+02 1.518000e+02
3.320000e+02 1.482000e+02
3.350000e+02 1.446000e+02
3.380000e+02 1.416000e+02
3.410000e+02 1.386000e+02
3.450000e+02 1.341000e+02
3.490000e+02 1.296000e+02
3.517500e+02 1.269000e+02
3.545000e+02 1.242000e+02
3.572500e+02 1.215000e+02
3.600000e+02 1.188000e+02
3.630000e+02 1.158000e+02
3.660000e+02 1.128000e+02
3.687500e+02 1.104000e+02
3.715000e+02 1.080000e+02
3.742500e+02 1.056000e+02
3.770000e+02 1.032000e+02
3.805000e+02 9.990000e+01
3.840000e+02 9.660000e+01
3.860000e+02 9.450000e+01
3.880000e+02 9.240000e+01
3.897500e+02 9.060000e+01
3.915000e+02 8.880000e+01
3.932500e+02 8.730000e+01
3.950000e+02 8.580000e+01
3.965000e+02 8.430000e+01
3.980000e+02 8.280000e+01
3.995000e+02 8.160000e+01
4.010000e+02 8.040000e+01
4.020000e+02 7.950000e+01
4.030000e+02 7.860000e+01
4.040000e+02 7.770000e+01
4.050000e+02 7.680000e+01
4.057500e+02 7.620000e+01
4.065000e+02 7.560000e+01
4.070000e+02 7.530000e+01
4.075000e+02 7.500000e+01
4.077500e+02 7.470000e+01
4.080000e+02 7.440000e+01
4.082500e+02 7.410000e+01
4.085000e+02 7.380000e+01
4.087500e+02 7.350000e+01
4.090000e+02 7.320000e+01
4.090000e+02 7.320000e+01
4.090000e+02 7.320000e+01
4.092500e+02 7.290000e+01
4.095000e+02 7.260000e+01
4.095000e+02 7.260000e+01
4.095000e+02 7.260000e+01
4.095000e+02 7.260000e+01
4.095000e+02 7.260000e+01
4.095000e+02 7.260000e+01
4.095000e+02 7.260000e+01
4.095000e+02 7.290000e+01
4.095000e+02 7.320000e+01
4.095000e+02 7.320000e+01
4.095000e+02 7.320000e+01
4.095000e+02 7.320000e+01
4.095000e+02 7.320000e+01
