4.130000e+02 1.548000e+02
4.130000e+02 1.548000e+02
4.130000e+02 1.548000e+02
4.130000e+02 1.548000e+02
4.130000e+02 1.548000e+02
4.127500e+02 1.546500e+02
4.125000e+02 1.545000e+02
4.122500e+02 1.543500e+02
4.120000e+02 1.542000e+02
4.116250e+02 1.542000e+02
4.112500e+02 1.542000e+02
4.108750e+02 1.542000e+02
4.105000e+02 1.542000e+02
4.098750e+02 1.542000e+02
4.092500e+02 1.542000e+02
4.086250e+02 1.542000e+02
4.080000e+02 1.542000e+02
4.076250e+02 1.542000e+02
4.072500e+02 1.542000e+02
4.068750e+02 1.542000e+02
4.065000e+02 1.542000e+02
4.053750e+02 1.542000e+02
4.042500e+02 1.542000e+02
4.031250e+02 1.542000e+02
4.020000e+02 1.542000e+02
4.011250e+02 1.540500e+02
4.002500e+02 1.539000e+02
3.993750e+02 1.537500e+02
3.985000e+02 1.536000e+02
3.975000e+02 1.536000e+02
3.965000e+02 1.536000e+02
3.955000e+02 1.536000e+02
3.945000e+02 1.536000e+02
3.935000e+02 1.537500e+02
3.925000e+02 1.539000e+02
3.915000e+02 1.540500e+02
3.905000e+02 1.542000e+02
3.892500e+02 1.542000e+02
3.880000e+02 1.542000e+02
3.867500e+02 1.542000e+02
3.855000e+02 1.542000e+02
3.845000e+02 1.542000e+02
3.835000e+02 1.542000e+02
3.825000e+02 1.542000e+02
3.815000e+02 1.542000e+02
3.803750e+02 1.542000e+02
3.792500e+02 1.542000e+02
3.781250e+02 1.542000e+02
3.770000e+02 1.542000e+02
3.758750e+02 1.542000e+02
3.747500e+02 1.542000e+02
3.736250e+02 1.542000e+02
3.725000e+02 1.542000e+02
3.715000e+02 1.542000e+02
3.705000e+02 1.542000e+02
3.695000e+02 1.542000e+02
3.685000e+02 1.542000e+02
3.672500e+02 1.543500e+02
3.660000e+02 1.545000e+02
3.647500e+02 1.546500e+02
3.635000e+02 1.548000e+02
3.623750e+02 1.549500e+02
3.612500e+02 1.551000e+02
3.601250e+02 1.552500e+02
3.590000e+02 1.554000e+02
3.580000e+02 1.554000e+02
3.570000e+02 1.554000e+02
3.550000e+02 1.554000e+02
3.527500e+02 1.557000e+02
3.505000e+02 1.560000e+02
3.482500e+02 1.560000e+02
3.460000e+02 1.560000e+02
3.440000e+02 1.563000e+02
3.420000e+02 1.566000e+02
3.395000e+02 1.569000e+02
3.370000e+02 1.572000e+02
3.350000e+02 1.575000e+02
3.330000e+02 1.578000e+02
3.310000e+02 1.581000e+02
3.290000e+02 1.584000e+02
3.267500e+02 1.584000e+02
3.245000e+02 1.584000e+02
3.225000e+02 1.587000e+02
3.205000e+02 1.590000e+02
3.185000e+02 1.593000e+02
3.165000e+02 1.596000e+02
3.140000e+02 1.599000e+02
3.115000e+02 1.602000e+02
3.097500e+02 1.605000e+02
3.080000e+02 1.608000e+02
3.060000e+02 1.611000e+02
3.040000e+02 1.614000e+02
3.020000e+02 1.617000e+02
3.000000e+02 1.620000e+02
2.982500e+02 1.623000e+02
2.965000e+02 1.626000e+02
2.950000e+02 1.626000e+02
2.935000e+02 1.626000e+02
2.920000e+02 1.629000e+02
2.905000e+02 1.632000e+02
2.895000e+02 1.632000e+02
2.885000e+02 1.632000e+02
2.870000e+02 1.629000e+02
2.855000e+02 1.626000e+02
2.842500e+02 1.629000e+02
2.830000e+02 1.632000e+02
2.817500e+02 1.629000e+02
2.805000e+02 1.626000e+02
2.792500e+02 1.629000e+02
2.780000e+02 1.632000e+02
2.767500e+02 1.632000e+02
2.755000e+02 1.632000e+02
2.735000e+02 1.632000e+02
2.715000e+02 1.632000e+02
2.705000e+02 1.632000e+02
2.695000e+02 1.632000e+02
2.690000e+02 1.632000e+02
2.685000e+02 1.632000e+02
2.675000e+02 1.635000e+02
2.665000e+02 1.638000e+02
2.657500e+02 1.638000e+02
2.650000e+02 1.638000e+02
2.642500e+02 1.638000e+02
2.635000e+02 1.638000e+02
2.627500e+02 1.641000e+02
2.620000e+02 1.644000e+02
2.615000e+02 1.644000e+02
2.610000e+02 1.644000e+02
2.602500e+02 1.644000e+02
2.595000e+02 1.644000e+02
2.590000e+02 1.644000e+02
2.585000e+02 1.644000e+02
2.582500e+02 1.644000e+02
2.580000e+02 1.644000e+02
2.575000e+02 1.647000e+02
2.570000e+02 1.650000e+02
2.567500e+02 1.650000e+02
2.565000e+02 1.650000e+02
2.560000e+02 1.650000e+02
2.555000e+02 1.650000e+02
2.552500e+02 1.650000e+02
2.550000e+02 1.650000e+02
2.545000e+02 1.650000e+02
2.540000e+02 1.650000e+02
2.535000e+02 1.650000e+02
2.530000e+02 1.650000e+02
2.522500e+02 1.650000e+02
2.515000e+02 1.650000e+02
2.507500e+02 1.650000e+02
2.500000e+02 1.650000e+02
2.492500e+02 1.650000e+02
2.485000e+02 1.650000e+02
2.475000e+02 1.653000e+02
2.465000e+02 1.656000e+02
2.460000e+02 1.656000e+02
2.455000e+02 1.656000e+02
2.447500e+02 1.656000e+02
2.440000e+02 1.656000e+02
2.435000e+02 1.656000e+02
2.430000e+02 1.656000e+02
2.422500e+02 1.659000e+02
2.415000e+02 1.662000e+02
2.410000e+02 1.662000e+02
2.405000e+02 1.662000e+02
2.402500e+02 1.662000e+02
2.400000e+02 1.662000e+02
2.395000e+02 1.662000e+02
2.390000e+02 1.662000e+02
2.387500e+02 1.665000e+02
2.385000e+02 1.668000e+02
2.380000e+02 1.668000e+02
2.375000e+02 1.668000e+02
2.372500e+02 1.668000e+02
2.370000e+02 1.668000e+02
2.367500e+02 1.668000e+02
2.365000e+02 1.668000e+02
2.362500e+02 1.668000e+02
2.360000e+02 1.668000e+02
2.360000e+02 1.668000e+02
2.360000e+02 1.668000e+02
2.357500e+02 1.671000e+02
2.355000e+02 1.674000e+02
2.355000e+02 1.674000e+02
2.355000e+02 1.674000e+02
2.352500e+02 1.674000e+02
2.350000e+02 1.674000e+02
2.347500e+02 1.674000e+02
2.345000e+02 1.674000e+02
2.342500e+02 1.674000e+02
2.340000e+02 1.674000e+02
2.340000e+02 1.674000e+02
2.340000e+02 1.674000e+02
2.337500e+02 1.674000e+02
2.335000e+02 1.674000e+02
2.332500e+02 1.674000e+02
2.330000e+02 1.674000e+02
2.327500e+02 1.674000e+02
2.325000e+02 1.674000e+02
2.325000e+02 1.674000e+02
2.325000e+02 1.674000e+02
