2.215000e+02 3.702000e+02
2.215000e+02 3.702000e+02
2.215000e+02 3.702000e+02
2.215000e+02 3.702000e+02
2.215000e+02 3.702000e+02
2.215000e+02 3.697500e+02
2.215000e+02 3.693000e+02
2.215000e+02 3.688500e+02
2.215000e+02 3.684000e+02
2.216250e+02 3.678000e+02
2.217500e+02 3.672000e+02
2.218750e+02 3.666000e+02
2.220000e+02 3.660000e+02
2.223750e+02 3.649500e+02
2.227500e+02 3.639000e+02
2.231250e+02 3.628500e+02
2.235000e+02 3.618000e+02
2.238750e+02 3.604500e+02
2.242500e+02 3.591000e+02
2.246250e+02 3.577500e+02
2.250000e+02 3.564000e+02
2.252500e+02 3.555000e+02
2.255000e+02 3.546000e+02
2.257500e+02 3.537000e+02
2.260000e+02 3.528000e+02
2.263750e+02 3.511500e+02
2.267500e+02 3.495000e+02
2.275000e+02 3.462000e+02
2.280000e+02 3.423000e+02
2.285000e+02 3.384000e+02
2.290000e+02 3.363000e+02
2.295000e+02 3.342000e+02
2.300000e+02 3.297000e+02
2.305000e+02 3.252000e+02
2.310000e+02 3.207000e+02
2.315000e+02 3.162000e+02
2.320000e+02 3.138000e+02
2.325000e+02 3.114000e+02
2.332500e+02 3.063000e+02
2.340000e+02 3.012000e+02
2.352500e+02 2.955000e+02
2.365000e+02 2.898000e+02
2.370000e+02 2.868000e+02
2.375000e+02 2.838000e+02
2.385000e+02 2.781000e+02
2.395000e+02 2.724000e+02
2.405000e+02 2.670000e+02
2.415000e+02 2.616000e+02
2.420000e+02 2.586000e+02
2.425000e+02 2.556000e+02
2.432500e+02 2.499000e+02
2.440000e+02 2.442000e+02
2.445000e+02 2.412000e+02
2.450000e+02 2.382000e+02
2.460000e+02 2.328000e+02
2.470000e+02 2.274000e+02
2.480000e+02 2.220000e+02
2.490000e+02 2.166000e+02
2.500000e+02 2.109000e+02
2.510000e+02 2.052000e+02
2.515000e+02 2.022000e+02
2.520000e+02 1.992000e+02
2.530000e+02 1.935000e+02
2.540000e+02 1.878000e+02
2.552500e+02 1.818000e+02
2.565000e+02 1.758000e+02
2.572500e+02 1.731000e+02
2.580000e+02 1.704000e+02
2.592500e+02 1.650000e+02
2.605000e+02 1.596000e+02
2.617500e+02 1.548000e+02
2.630000e+02 1.500000e+02
2.637500e+02 1.476000e+02
2.645000e+02 1.452000e+02
2.657500e+02 1.404000e+02
2.670000e+02 1.356000e+02
2.682500e+02 1.311000e+02
2.695000e+02 1.266000e+02
2.710000e+02 1.227000e+02
2.725000e+02 1.188000e+02
2.732500e+02 1.167000e+02
2.740000e+02 1.146000e+02
2.752500e+02 1.113000e+02
2.765000e+02 1.080000e+02
2.772500e+02 1.065000e+02
2.780000e+02 1.050000e+02
2.792500e+02 1.023000e+02
2.805000e+02 9.960000e+01
2.820000e+02 9.720000e+01
2.835000e+02 9.480000e+01
2.842500e+02 9.360000e+01
2.850000e+02 9.240000e+01
2.865000e+02 9.090000e+01
2.880000e+02 8.940000e+01
2.892500e+02 8.820000e+01
2.905000e+02 8.700000e+01
2.910000e+02 8.640000e+01
2.915000e+02 8.580000e+01
2.927500e+02 8.550000e+01
2.940000e+02 8.520000e+01
2.950000e+02 8.550000e+01
2.960000e+02 8.580000e+01
2.972500e+02 8.670000e+01
2.985000e+02 8.760000e+01
2.997500e+02 8.850000e+01
3.010000e+02 8.940000e+01
3.020000e+02 9.060000e+01
3.030000e+02 9.180000e+01
3.042500e+02 9.360000e+01
3.055000e+02 9.540000e+01
3.067500e+02 9.780000e+01
3.080000e+02 1.002000e+02
3.095000e+02 1.023000e+02
3.110000e+02 1.044000e+02
3.117500e+02 1.056000e+02
3.125000e+02 1.068000e+02
3.142500e+02 1.092000e+02
3.160000e+02 1.116000e+02
3.167500e+02 1.128000e+02
3.175000e+02 1.140000e+02
3.192500e+02 1.167000e+02
3.210000e+02 1.194000e+02
3.230000e+02 1.224000e+02
3.250000e+02 1.254000e+02
3.270000e+02 1.287000e+02
3.290000e+02 1.320000e+02
3.300000e+02 1.335000e+02
3.310000e+02 1.350000e+02
3.332500e+02 1.383000e+02
3.355000e+02 1.416000e+02
3.375000e+02 1.452000e+02
3.395000e+02 1.488000e+02
3.420000e+02 1.530000e+02
3.445000e+02 1.572000e+02
3.470000e+02 1.614000e+02
3.495000e+02 1.656000e+02
3.517500e+02 1.698000e+02
3.540000e+02 1.740000e+02
3.567500e+02 1.788000e+02
3.595000e+02 1.836000e+02
3.617500e+02 1.884000e+02
3.640000e+02 1.932000e+02
3.667500e+02 1.980000e+02
3.695000e+02 2.028000e+02
3.722500e+02 2.082000e+02
3.750000e+02 2.136000e+02
3.775000e+02 2.190000e+02
3.800000e+02 2.244000e+02
3.825000e+02 2.292000e+02
3.850000e+02 2.340000e+02
3.862500e+02 2.370000e+02
3.875000e+02 2.400000e+02
3.900000e+02 2.451000e+02
3.925000e+02 2.502000e+02
3.950000e+02 2.556000e+02
3.975000e+02 2.610000e+02
3.987500e+02 2.634000e+02
4.000000e+02 2.658000e+02
4.020000e+02 2.712000e+02
4.040000e+02 2.766000e+02
4.052500e+02 2.790000e+02
4.065000e+02 2.814000e+02
4.085000e+02 2.862000e+02
4.105000e+02 2.910000e+02
4.115000e+02 2.934000e+02
4.125000e+02 2.958000e+02
4.142500e+02 3.003000e+02
4.160000e+02 3.048000e+02
4.175000e+02 3.087000e+02
4.190000e+02 3.126000e+02
4.207500e+02 3.168000e+02
4.225000e+02 3.210000e+02
4.240000e+02 3.243000e+02
4.255000e+02 3.276000e+02
4.260000e+02 3.291000e+02
4.265000e+02 3.306000e+02
4.277500e+02 3.339000e+02
4.290000e+02 3.372000e+02
4.297500e+02 3.387000e+02
4.305000e+02 3.402000e+02
4.315000e+02 3.429000e+02
4.325000e+02 3.456000e+02
4.337500e+02 3.477000e+02
4.350000e+02 3.498000e+02
4.360000e+02 3.519000e+02
4.370000e+02 3.540000e+02
4.375000e+02 3.549000e+02
4.380000e+02 3.558000e+02
4.390000e+02 3.573000e+02
4.400000e+02 3.588000e+02
4.407500e+02 3.600000e+02
4.415000e+02 3.612000e+02
4.420000e+02 3.618000e+02
4.425000e+02 3.624000e+02
4.430000e+02 3.633000e+02
4.435000e+02 3.642000e+02
4.435000e+02 3.642000e+02
4.435000e+02 3.642000e+02
4.435000e+02 3.642000e+02
4.435000e+02 3.642000e+02
