2.405000e+02 1.218000e+02
2.405000e+02 1.218000e+02
2.405000e+02 1.218000e+02
2.407500e+02 1.221000e+02
2.410000e+02 1.224000e+02
2.412500e+02 1.227000e+02
2.415000e+02 1.230000e+02
2.422500e+02 1.239000e+02
2.430000e+02 1.248000e+02
2.437500e+02 1.260000e+02
2.445000e+02 1.272000e+02
2.457500e+02 1.290000e+02
2.470000e+02 1.308000e+02
2.477500e+02 1.317000e+02
2.485000e+02 1.326000e+02
2.502500e+02 1.350000e+02
2.520000e+02 1.374000e+02
2.527500e+02 1.389000e+02
2.535000e+02 1.404000e+02
2.555000e+02 1.431000e+02
2.575000e+02 1.458000e+02
2.582500e+02 1.473000e+02
2.590000e+02 1.488000e+02
2.610000e+02 1.518000e+02
2.630000e+02 1.548000e+02
2.647500e+02 1.578000e+02
2.665000e+02 1.608000e+02
2.675000e+02 1.620000e+02
2.685000e+02 1.632000e+02
2.702500e+02 1.659000e+02
2.720000e+02 1.686000e+02
2.737500e+02 1.713000e+02
2.755000e+02 1.740000e+02
2.762500e+02 1.752000e+02
2.770000e+02 1.764000e+02
2.790000e+02 1.788000e+02
2.810000e+02 1.812000e+02
2.830000e+02 1.836000e+02
2.850000e+02 1.860000e+02
2.860000e+02 1.875000e+02
2.870000e+02 1.890000e+02
2.890000e+02 1.920000e+02
2.910000e+02 1.950000e+02
2.932500e+02 1.983000e+02
2.955000e+02 2.016000e+02
2.965000e+02 2.031000e+02
2.975000e+02 2.046000e+02
2.992500e+02 2.079000e+02
3.010000e+02 2.112000e+02
3.032500e+02 2.148000e+02
3.055000e+02 2.184000e+02
3.065000e+02 2.202000e+02
3.075000e+02 2.220000e+02
3.095000e+02 2.259000e+02
3.115000e+02 2.298000e+02
3.135000e+02 2.334000e+02
3.155000e+02 2.370000e+02
3.165000e+02 2.391000e+02
3.175000e+02 2.412000e+02
3.205000e+02 2.472000e+02
3.235000e+02 2.532000e+02
3.252500e+02 2.577000e+02
3.270000e+02 2.622000e+02
3.280000e+02 2.643000e+02
3.290000e+02 2.664000e+02
3.312500e+02 2.709000e+02
3.335000e+02 2.754000e+02
3.355000e+02 2.796000e+02
3.375000e+02 2.838000e+02
3.395000e+02 2.886000e+02
3.435000e+02 2.970000e+02
3.475000e+02 3.054000e+02
3.515000e+02 3.132000e+02
3.550000e+02 3.210000e+02
3.590000e+02 3.282000e+02
3.630000e+02 3.354000e+02
3.645000e+02 3.384000e+02
3.675000e+02 3.438000e+02
3.700000e+02 3.474000e+02
3.710000e+02 3.492000e+02
3.715000e+02 3.504000e+02
3.735000e+02 3.528000e+02
3.745000e+02 3.540000e+02
3.750000e+02 3.546000e+02
3.755000e+02 3.558000e+02
3.755000e+02 3.564000e+02
3.750000e+02 3.576000e+02
3.735000e+02 3.588000e+02
3.715000e+02 3.606000e+02
3.690000e+02 3.618000e+02
3.675000e+02 3.624000e+02
3.640000e+02 3.642000e+02
3.600000e+02 3.654000e+02
3.575000e+02 3.660000e+02
3.525000e+02 3.672000e+02
3.465000e+02 3.690000e+02
3.435000e+02 3.702000e+02
3.405000e+02 3.714000e+02
3.335000e+02 3.738000e+02
3.270000e+02 3.768000e+02
3.235000e+02 3.780000e+02
3.165000e+02 3.804000e+02
3.090000e+02 3.828000e+02
3.020000e+02 3.852000e+02
2.950000e+02 3.876000e+02
2.920000e+02 3.888000e+02
2.850000e+02 3.918000e+02
2.785000e+02 3.942000e+02
2.715000e+02 3.960000e+02
2.680000e+02 3.972000e+02
2.615000e+02 3.990000e+02
2.550000e+02 4.008000e+02
2.515000e+02 4.020000e+02
2.450000e+02 4.038000e+02
2.385000e+02 4.062000e+02
2.325000e+02 4.086000e+02
2.295000e+02 4.092000e+02
2.245000e+02 4.110000e+02
2.200000e+02 4.116000e+02
2.185000e+02 4.122000e+02
2.150000e+02 4.128000e+02
2.135000e+02 4.128000e+02
2.120000e+02 4.128000e+02
2.105000e+02 4.122000e+02
2.095000e+02 4.116000e+02
2.095000e+02 4.110000e+02
2.090000e+02 4.104000e+02
2.090000e+02 4.080000e+02
2.095000e+02 4.062000e+02
2.100000e+02 4.050000e+02
2.115000e+02 4.026000e+02
2.130000e+02 4.002000e+02
2.140000e+02 3.984000e+02
2.160000e+02 3.948000e+02
2.175000e+02 3.930000e+02
2.200000e+02 3.882000e+02
2.215000e+02 3.858000e+02
2.255000e+02 3.792000e+02
2.290000e+02 3.732000e+02
2.340000e+02 3.666000e+02
2.360000e+02 3.630000e+02
2.410000e+02 3.558000e+02
2.435000e+02 3.522000e+02
2.490000e+02 3.444000e+02
2.550000e+02 3.372000e+02
2.610000e+02 3.288000e+02
2.640000e+02 3.246000e+02
2.705000e+02 3.174000e+02
2.775000e+02 3.090000e+02
2.810000e+02 3.054000e+02
2.885000e+02 2.970000e+02
2.960000e+02 2.892000e+02
3.000000e+02 2.850000e+02
3.040000e+02 2.802000e+02
3.120000e+02 2.718000e+02
3.205000e+02 2.622000e+02
3.245000e+02 2.580000e+02
3.290000e+02 2.532000e+02
3.370000e+02 2.448000e+02
3.455000e+02 2.364000e+02
3.495000e+02 2.322000e+02
3.570000e+02 2.244000e+02
3.610000e+02 2.202000e+02
3.690000e+02 2.124000e+02
3.770000e+02 2.046000e+02
3.855000e+02 1.968000e+02
3.890000e+02 1.932000e+02
3.970000e+02 1.854000e+02
4.010000e+02 1.818000e+02
4.045000e+02 1.782000e+02
4.120000e+02 1.704000e+02
4.185000e+02 1.638000e+02
4.220000e+02 1.608000e+02
4.280000e+02 1.542000e+02
4.335000e+02 1.482000e+02
4.365000e+02 1.458000e+02
4.410000e+02 1.404000e+02
4.460000e+02 1.356000e+02
4.480000e+02 1.332000e+02
4.510000e+02 1.296000e+02
4.535000e+02 1.272000e+02
4.555000e+02 1.248000e+02
4.570000e+02 1.230000e+02
4.575000e+02 1.224000e+02
4.590000e+02 1.206000e+02
4.600000e+02 1.188000e+02
4.605000e+02 1.182000e+02
4.610000e+02 1.164000e+02
4.615000e+02 1.146000e+02
4.620000e+02 1.140000e+02
4.625000e+02 1.128000e+02
4.630000e+02 1.116000e+02
4.635000e+02 1.110000e+02
4.635000e+02 1.098000e+02
4.635000e+02 1.098000e+02
4.635000e+02 1.098000e+02
4.625000e+02 1.098000e+02
4.615000e+02 1.098000e+02
4.595000e+02 1.110000e+02
4.595000e+02 1.110000e+02
