2.820000e+02 1.374000e+02
2.820000e+02 1.374000e+02
2.820000e+02 1.374000e+02
2.795000e+02 1.377000e+02
2.770000e+02 1.380000e+02
2.755000e+02 1.383000e+02
2.740000e+02 1.386000e+02
2.710000e+02 1.392000e+02
2.680000e+02 1.398000e+02
2.640000e+02 1.413000e+02
2.600000e+02 1.428000e+02
2.580000e+02 1.437000e+02
2.560000e+02 1.446000e+02
2.515000e+02 1.470000e+02
2.470000e+02 1.494000e+02
2.425000e+02 1.515000e+02
2.380000e+02 1.536000e+02
2.360000e+02 1.551000e+02
2.340000e+02 1.566000e+02
2.297500e+02 1.593000e+02
2.255000e+02 1.620000e+02
2.220000e+02 1.644000e+02
2.185000e+02 1.668000e+02
2.170000e+02 1.683000e+02
2.155000e+02 1.698000e+02
2.122500e+02 1.728000e+02
2.090000e+02 1.758000e+02
2.035000e+02 1.812000e+02
2.015000e+02 1.842000e+02
1.975000e+02 1.902000e+02
1.935000e+02 1.974000e+02
1.920000e+02 2.010000e+02
1.890000e+02 2.088000e+02
1.865000e+02 2.172000e+02
1.855000e+02 2.208000e+02
1.835000e+02 2.292000e+02
1.825000e+02 2.370000e+02
1.820000e+02 2.412000e+02
1.815000e+02 2.490000e+02
1.815000e+02 2.580000e+02
1.815000e+02 2.622000e+02
1.820000e+02 2.706000e+02
1.825000e+02 2.748000e+02
1.835000e+02 2.832000e+02
1.850000e+02 2.910000e+02
1.860000e+02 2.940000e+02
1.885000e+02 3.006000e+02
1.915000e+02 3.072000e+02
1.945000e+02 3.126000e+02
1.965000e+02 3.150000e+02
2.010000e+02 3.204000e+02
2.060000e+02 3.258000e+02
2.090000e+02 3.282000e+02
2.145000e+02 3.330000e+02
2.205000e+02 3.378000e+02
2.235000e+02 3.396000e+02
2.300000e+02 3.444000e+02
2.370000e+02 3.480000e+02
2.410000e+02 3.498000e+02
2.480000e+02 3.522000e+02
2.550000e+02 3.546000e+02
2.585000e+02 3.558000e+02
2.660000e+02 3.576000e+02
2.730000e+02 3.594000e+02
2.765000e+02 3.606000e+02
2.825000e+02 3.618000e+02
2.885000e+02 3.636000e+02
2.915000e+02 3.642000e+02
2.975000e+02 3.654000e+02
3.030000e+02 3.660000e+02
3.060000e+02 3.666000e+02
3.115000e+02 3.672000e+02
3.175000e+02 3.678000e+02
3.200000e+02 3.678000e+02
3.255000e+02 3.678000e+02
3.310000e+02 3.678000e+02
3.360000e+02 3.678000e+02
3.420000e+02 3.672000e+02
3.440000e+02 3.672000e+02
3.480000e+02 3.666000e+02
3.515000e+02 3.660000e+02
3.530000e+02 3.660000e+02
3.565000e+02 3.654000e+02
3.595000e+02 3.648000e+02
3.610000e+02 3.642000e+02
3.635000e+02 3.630000e+02
3.650000e+02 3.630000e+02
3.670000e+02 3.618000e+02
3.690000e+02 3.612000e+02
3.705000e+02 3.606000e+02
3.720000e+02 3.594000e+02
3.745000e+02 3.588000e+02
3.755000e+02 3.582000e+02
3.775000e+02 3.576000e+02
3.790000e+02 3.564000e+02
3.800000e+02 3.558000e+02
3.820000e+02 3.552000e+02
3.845000e+02 3.546000e+02
3.855000e+02 3.540000e+02
3.875000e+02 3.528000e+02
3.895000e+02 3.516000e+02
3.905000e+02 3.510000e+02
3.920000e+02 3.492000e+02
3.940000e+02 3.474000e+02
3.950000e+02 3.468000e+02
3.970000e+02 3.450000e+02
3.985000e+02 3.438000e+02
3.995000e+02 3.426000e+02
4.010000e+02 3.420000e+02
4.020000e+02 3.408000e+02
4.025000e+02 3.402000e+02
4.035000e+02 3.390000e+02
4.045000e+02 3.378000e+02
4.055000e+02 3.366000e+02
4.060000e+02 3.354000e+02
4.065000e+02 3.330000e+02
4.075000e+02 3.312000e+02
4.080000e+02 3.300000e+02
4.085000e+02 3.276000e+02
4.095000e+02 3.258000e+02
4.095000e+02 3.246000e+02
4.105000e+02 3.210000e+02
4.110000e+02 3.168000e+02
4.115000e+02 3.144000e+02
4.120000e+02 3.096000e+02
4.125000e+02 3.042000e+02
4.125000e+02 3.024000e+02
4.130000e+02 2.964000e+02
4.125000e+02 2.904000e+02
4.125000e+02 2.880000e+02
4.115000e+02 2.820000e+02
4.100000e+02 2.760000e+02
4.090000e+02 2.730000e+02
4.070000e+02 2.664000e+02
4.040000e+02 2.598000e+02
4.025000e+02 2.568000e+02
3.990000e+02 2.502000e+02
3.945000e+02 2.436000e+02
3.925000e+02 2.406000e+02
3.875000e+02 2.340000e+02
3.845000e+02 2.310000e+02
3.790000e+02 2.250000e+02
3.735000e+02 2.196000e+02
3.675000e+02 2.136000e+02
3.580000e+02 2.058000e+02
3.545000e+02 2.028000e+02
3.480000e+02 1.968000e+02
3.415000e+02 1.920000e+02
3.385000e+02 1.890000e+02
3.320000e+02 1.836000e+02
3.265000e+02 1.788000e+02
3.235000e+02 1.764000e+02
3.175000e+02 1.722000e+02
3.120000e+02 1.674000e+02
3.095000e+02 1.650000e+02
3.040000e+02 1.614000e+02
2.995000e+02 1.578000e+02
2.970000e+02 1.566000e+02
2.920000e+02 1.536000e+02
2.880000e+02 1.512000e+02
2.860000e+02 1.500000e+02
2.825000e+02 1.476000e+02
2.805000e+02 1.464000e+02
2.770000e+02 1.452000e+02
2.740000e+02 1.434000e+02
2.730000e+02 1.428000e+02
2.710000e+02 1.422000e+02
2.685000e+02 1.410000e+02
2.680000e+02 1.410000e+02
2.665000e+02 1.404000e+02
2.650000e+02 1.398000e+02
2.640000e+02 1.392000e+02
2.630000e+02 1.386000e+02
2.620000e+02 1.386000e+02
2.615000e+02 1.380000e+02
2.610000e+02 1.380000e+02
2.610000e+02 1.380000e+02
2.605000e+02 1.380000e+02
2.600000e+02 1.374000e+02
2.595000e+02 1.374000e+02
2.590000e+02 1.374000e+02
2.590000e+02 1.374000e+02
2.585000e+02 1.368000e+02
2.585000e+02 1.368000e+02
2.580000e+02 1.368000e+02
2.575000e+02 1.362000e+02
2.570000e+02 1.362000e+02
2.565000e+02 1.356000e+02
2.565000e+02 1.356000e+02
2.560000e+02 1.356000e+02
2.560000e+02 1.356000e+02
2.560000e+02 1.350000e+02
2.555000e+02 1.350000e+02
2.555000e+02 1.350000e+02
2.555000e+02 1.350000e+02
2.555000e+02 1.344000e+02
2.555000e+02 1.344000e+02
2.560000e+02 1.326000e+02
2.560000e+02 1.314000e+02
2.560000e+02 1.314000e+02
