2.190000e+02 1.056000e+02
2.190000e+02 1.056000e+02
2.190000e+02 1.056000e+02
2.195000e+02 1.056000e+02
2.200000e+02 1.056000e+02
2.207500e+02 1.062000e+02
2.215000e+02 1.068000e+02
2.217500e+02 1.071000e+02
2.220000e+02 1.074000e+02
2.232500e+02 1.083000e+02
2.245000e+02 1.092000e+02
2.257500e+02 1.104000e+02
2.270000e+02 1.116000e+02
2.277500e+02 1.125000e+02
2.285000e+02 1.134000e+02
2.300000e+02 1.155000e+02
2.315000e+02 1.176000e+02
2.335000e+02 1.197000e+02
2.355000e+02 1.218000e+02
2.362500e+02 1.230000e+02
2.370000e+02 1.242000e+02
2.387500e+02 1.272000e+02
2.405000e+02 1.302000e+02
2.425000e+02 1.332000e+02
2.445000e+02 1.362000e+02
2.455000e+02 1.383000e+02
2.465000e+02 1.404000e+02
2.487500e+02 1.440000e+02
2.510000e+02 1.476000e+02
2.532500e+02 1.518000e+02
2.555000e+02 1.560000e+02
2.567500e+02 1.581000e+02
2.580000e+02 1.602000e+02
2.602500e+02 1.644000e+02
2.625000e+02 1.686000e+02
2.637500e+02 1.710000e+02
2.650000e+02 1.734000e+02
2.677500e+02 1.782000e+02
2.705000e+02 1.830000e+02
2.717500e+02 1.854000e+02
2.730000e+02 1.878000e+02
2.755000e+02 1.929000e+02
2.780000e+02 1.980000e+02
2.807500e+02 2.034000e+02
2.835000e+02 2.088000e+02
2.862500e+02 2.145000e+02
2.890000e+02 2.202000e+02
2.907500e+02 2.232000e+02
2.925000e+02 2.262000e+02
2.955000e+02 2.328000e+02
2.985000e+02 2.394000e+02
3.017500e+02 2.463000e+02
3.050000e+02 2.532000e+02
3.067500e+02 2.565000e+02
3.085000e+02 2.598000e+02
3.115000e+02 2.658000e+02
3.145000e+02 2.718000e+02
3.160000e+02 2.745000e+02
3.175000e+02 2.772000e+02
3.190000e+02 2.802000e+02
3.205000e+02 2.832000e+02
3.237500e+02 2.883000e+02
3.270000e+02 2.934000e+02
3.302500e+02 2.988000e+02
3.335000e+02 3.042000e+02
3.350000e+02 3.066000e+02
3.365000e+02 3.090000e+02
3.395000e+02 3.141000e+02
3.425000e+02 3.192000e+02
3.452500e+02 3.234000e+02
3.480000e+02 3.276000e+02
3.505000e+02 3.318000e+02
3.530000e+02 3.360000e+02
3.540000e+02 3.381000e+02
3.550000e+02 3.402000e+02
3.572500e+02 3.435000e+02
3.595000e+02 3.468000e+02
3.602500e+02 3.480000e+02
3.610000e+02 3.492000e+02
3.622500e+02 3.513000e+02
3.635000e+02 3.534000e+02
3.642500e+02 3.549000e+02
3.650000e+02 3.564000e+02
3.655000e+02 3.576000e+02
3.660000e+02 3.588000e+02
3.660000e+02 3.591000e+02
3.660000e+02 3.594000e+02
3.660000e+02 3.600000e+02
3.660000e+02 3.606000e+02
3.657500e+02 3.612000e+02
3.655000e+02 3.618000e+02
3.650000e+02 3.621000e+02
3.645000e+02 3.624000e+02
3.637500e+02 3.633000e+02
3.630000e+02 3.642000e+02
3.617500e+02 3.648000e+02
3.605000e+02 3.654000e+02
3.597500e+02 3.660000e+02
3.590000e+02 3.666000e+02
3.572500e+02 3.684000e+02
3.555000e+02 3.702000e+02
3.545000e+02 3.711000e+02
3.535000e+02 3.720000e+02
3.510000e+02 3.741000e+02
3.485000e+02 3.762000e+02
3.455000e+02 3.786000e+02
3.425000e+02 3.810000e+02
3.410000e+02 3.822000e+02
3.395000e+02 3.834000e+02
3.357500e+02 3.861000e+02
3.320000e+02 3.888000e+02
3.275000e+02 3.912000e+02
3.230000e+02 3.936000e+02
3.185000e+02 3.966000e+02
3.035000e+02 4.050000e+02
2.935000e+02 4.104000e+02
2.885000e+02 4.134000e+02
2.780000e+02 4.200000e+02
2.670000e+02 4.254000e+02
2.615000e+02 4.284000e+02
2.505000e+02 4.344000e+02
2.410000e+02 4.386000e+02
2.360000e+02 4.404000e+02
2.280000e+02 4.440000e+02
2.210000e+02 4.470000e+02
2.155000e+02 4.494000e+02
2.105000e+02 4.512000e+02
2.085000e+02 4.512000e+02
2.050000e+02 4.518000e+02
2.030000e+02 4.506000e+02
2.020000e+02 4.494000e+02
2.015000e+02 4.476000e+02
2.015000e+02 4.434000e+02
2.020000e+02 4.410000e+02
2.035000e+02 4.356000e+02
2.045000e+02 4.320000e+02
2.075000e+02 4.254000e+02
2.090000e+02 4.218000e+02
2.135000e+02 4.134000e+02
2.155000e+02 4.098000e+02
2.205000e+02 4.014000e+02
2.230000e+02 3.972000e+02
2.285000e+02 3.888000e+02
2.345000e+02 3.804000e+02
2.410000e+02 3.720000e+02
2.475000e+02 3.642000e+02
2.545000e+02 3.570000e+02
2.615000e+02 3.498000e+02
2.690000e+02 3.432000e+02
2.725000e+02 3.402000e+02
2.795000e+02 3.330000e+02
2.865000e+02 3.264000e+02
2.900000e+02 3.228000e+02
2.975000e+02 3.156000e+02
3.050000e+02 3.072000e+02
3.085000e+02 3.036000e+02
3.160000e+02 2.946000e+02
3.230000e+02 2.856000e+02
3.270000e+02 2.808000e+02
3.340000e+02 2.718000e+02
3.415000e+02 2.628000e+02
3.450000e+02 2.586000e+02
3.520000e+02 2.496000e+02
3.595000e+02 2.412000e+02
3.630000e+02 2.364000e+02
3.705000e+02 2.280000e+02
3.785000e+02 2.190000e+02
3.860000e+02 2.112000e+02
3.940000e+02 2.022000e+02
3.980000e+02 1.980000e+02
4.065000e+02 1.896000e+02
4.115000e+02 1.848000e+02
4.205000e+02 1.764000e+02
4.295000e+02 1.674000e+02
4.385000e+02 1.590000e+02
4.465000e+02 1.506000e+02
4.545000e+02 1.422000e+02
4.585000e+02 1.386000e+02
4.655000e+02 1.326000e+02
4.710000e+02 1.266000e+02
4.735000e+02 1.242000e+02
4.765000e+02 1.218000e+02
4.805000e+02 1.176000e+02
4.840000e+02 1.152000e+02
4.870000e+02 1.128000e+02
4.895000e+02 1.116000e+02
4.910000e+02 1.104000e+02
4.925000e+02 1.098000e+02
4.930000e+02 1.092000e+02
4.940000e+02 1.092000e+02
4.945000e+02 1.086000e+02
4.950000e+02 1.086000e+02
4.950000e+02 1.080000e+02
4.955000e+02 1.080000e+02
4.955000e+02 1.086000e+02
4.955000e+02 1.080000e+02
4.950000e+02 1.080000e+02
4.950000e+02 1.080000e+02
4.935000e+02 1.062000e+02
4.935000e+02 1.062000e+02
