1.365000e+02 3.546000e+02
1.365000e+02 3.546000e+02
1.360000e+02 3.540000e+02
1.360000e+02 3.534000e+02
1.380000e+02 3.480000e+02
1.450000e+02 3.348000e+02
1.590000e+02 3.114000e+02
1.745000e+02 2.856000e+02
1.925000e+02 2.574000e+02
2.160000e+02 2.220000e+02
2.360000e+02 1.938000e+02
2.540000e+02 1.698000e+02
2.715000e+02 1.464000e+02
2.875000e+02 1.260000e+02
3.010000e+02 1.098000e+02
3.120000e+02 9.600000e+01
3.190000e+02 8.760000e+01
3.225000e+02 8.340000e+01
3.230000e+02 8.280000e+01
3.240000e+02 8.160000e+01
3.245000e+02 8.100000e+01
3.255000e+02 8.040000e+01
3.255000e+02 8.040000e+01
3.260000e+02 7.980000e+01
3.265000e+02 8.040000e+01
3.265000e+02 8.100000e+01
3.270000e+02 8.280000e+01
3.280000e+02 8.580000e+01
3.290000e+02 9.120000e+01
3.300000e+02 9.780000e+01
3.310000e+02 1.062000e+02
3.315000e+02 1.152000e+02
3.320000e+02 1.248000e+02
3.325000e+02 1.362000e+02
3.335000e+02 1.476000e+02
3.340000e+02 1.602000e+02
3.345000e+02 1.728000e+02
3.355000e+02 1.860000e+02
3.370000e+02 2.076000e+02
3.380000e+02 2.202000e+02
3.390000e+02 2.346000e+02
3.400000e+02 2.484000e+02
3.415000e+02 2.616000e+02
3.430000e+02 2.760000e+02
3.450000e+02 2.886000e+02
3.470000e+02 3.012000e+02
3.490000e+02 3.138000e+02
3.505000e+02 3.258000e+02
3.515000e+02 3.378000e+02
3.530000e+02 3.480000e+02
3.545000e+02 3.630000e+02
3.555000e+02 3.726000e+02
3.560000e+02 3.804000e+02
3.565000e+02 3.882000e+02
3.570000e+02 3.942000e+02
3.570000e+02 3.984000e+02
3.570000e+02 4.026000e+02
3.570000e+02 4.050000e+02
3.570000e+02 4.068000e+02
3.570000e+02 4.080000e+02
3.570000e+02 4.086000e+02
3.570000e+02 4.086000e+02
3.565000e+02 4.086000e+02
3.555000e+02 4.074000e+02
3.535000e+02 4.050000e+02
3.460000e+02 3.960000e+02
3.415000e+02 3.900000e+02
3.365000e+02 3.840000e+02
3.310000e+02 3.780000e+02
3.255000e+02 3.714000e+02
3.190000e+02 3.636000e+02
3.120000e+02 3.552000e+02
3.050000e+02 3.468000e+02
2.975000e+02 3.378000e+02
2.905000e+02 3.282000e+02
2.825000e+02 3.174000e+02
2.745000e+02 3.066000e+02
2.640000e+02 2.904000e+02
2.600000e+02 2.844000e+02
2.490000e+02 2.676000e+02
2.455000e+02 2.622000e+02
2.345000e+02 2.430000e+02
2.285000e+02 2.328000e+02
2.220000e+02 2.208000e+02
2.165000e+02 2.106000e+02
2.100000e+02 1.986000e+02
2.050000e+02 1.902000e+02
1.995000e+02 1.806000e+02
1.950000e+02 1.728000e+02
1.905000e+02 1.644000e+02
1.860000e+02 1.572000e+02
1.810000e+02 1.470000e+02
1.780000e+02 1.422000e+02
1.740000e+02 1.350000e+02
1.710000e+02 1.302000e+02
1.695000e+02 1.284000e+02
1.685000e+02 1.266000e+02
1.675000e+02 1.254000e+02
1.670000e+02 1.248000e+02
1.670000e+02 1.242000e+02
1.670000e+02 1.242000e+02
1.670000e+02 1.242000e+02
1.670000e+02 1.242000e+02
1.670000e+02 1.242000e+02
1.690000e+02 1.248000e+02
1.760000e+02 1.260000e+02
1.825000e+02 1.272000e+02
1.910000e+02 1.284000e+02
2.005000e+02 1.290000e+02
2.110000e+02 1.290000e+02
2.215000e+02 1.290000e+02
2.335000e+02 1.284000e+02
2.455000e+02 1.278000e+02
2.590000e+02 1.266000e+02
2.720000e+02 1.254000e+02
2.855000e+02 1.248000e+02
2.985000e+02 1.236000e+02
3.115000e+02 1.224000e+02
3.255000e+02 1.212000e+02
3.390000e+02 1.206000e+02
3.515000e+02 1.194000e+02
3.635000e+02 1.194000e+02
3.815000e+02 1.182000e+02
3.885000e+02 1.176000e+02
4.045000e+02 1.170000e+02
4.150000e+02 1.164000e+02
4.245000e+02 1.164000e+02
4.340000e+02 1.158000e+02
4.435000e+02 1.158000e+02
4.510000e+02 1.158000e+02
4.575000e+02 1.164000e+02
4.635000e+02 1.164000e+02
4.680000e+02 1.164000e+02
4.710000e+02 1.170000e+02
4.735000e+02 1.170000e+02
4.750000e+02 1.170000e+02
4.765000e+02 1.176000e+02
4.765000e+02 1.176000e+02
4.770000e+02 1.182000e+02
4.775000e+02 1.182000e+02
4.775000e+02 1.188000e+02
4.775000e+02 1.194000e+02
4.765000e+02 1.206000e+02
4.750000e+02 1.236000e+02
4.710000e+02 1.278000e+02
4.660000e+02 1.320000e+02
4.595000e+02 1.374000e+02
4.515000e+02 1.434000e+02
4.430000e+02 1.494000e+02
4.335000e+02 1.566000e+02
4.180000e+02 1.674000e+02
4.120000e+02 1.716000e+02
3.940000e+02 1.848000e+02
3.765000e+02 1.980000e+02
3.580000e+02 2.124000e+02
3.455000e+02 2.220000e+02
3.310000e+02 2.334000e+02
3.180000e+02 2.436000e+02
3.040000e+02 2.544000e+02
2.905000e+02 2.652000e+02
2.780000e+02 2.754000e+02
2.585000e+02 2.904000e+02
2.460000e+02 3.012000e+02
2.345000e+02 3.102000e+02
2.235000e+02 3.186000e+02
2.115000e+02 3.282000e+02
2.020000e+02 3.360000e+02
1.925000e+02 3.432000e+02
1.835000e+02 3.498000e+02
1.750000e+02 3.564000e+02
1.675000e+02 3.624000e+02
1.600000e+02 3.678000e+02
1.535000e+02 3.726000e+02
1.480000e+02 3.768000e+02
1.415000e+02 3.816000e+02
1.375000e+02 3.834000e+02
1.345000e+02 3.852000e+02
1.315000e+02 3.870000e+02
1.300000e+02 3.876000e+02
1.290000e+02 3.882000e+02
1.285000e+02 3.882000e+02
1.280000e+02 3.888000e+02
1.280000e+02 3.888000e+02
1.275000e+02 3.888000e+02
1.275000e+02 3.888000e+02
1.270000e+02 3.894000e+02
1.270000e+02 3.894000e+02
1.270000e+02 3.894000e+02
1.270000e+02 3.894000e+02
1.270000e+02 3.894000e+02
1.270000e+02 3.894000e+02
1.270000e+02 3.894000e+02
1.270000e+02 3.894000e+02
1.270000e+02 3.900000e+02
1.270000e+02 3.900000e+02
1.270000e+02 3.900000e+02
1.270000e+02 3.900000e+02
1.270000e+02 3.906000e+02
1.275000e+02 3.912000e+02
1.275000e+02 3.912000e+02
