1.425000e+02 3.540000e+02
1.425000e+02 3.540000e+02
1.425000e+02 3.540000e+02
1.425000e+02 3.540000e+02
1.425000e+02 3.540000e+02
1.425000e+02 3.534000e+02
1.425000e+02 3.528000e+02
1.425000e+02 3.522000e+02
1.425000e+02 3.516000e+02
1.426250e+02 3.505500e+02
1.427500e+02 3.495000e+02
1.428750e+02 3.484500e+02
1.430000e+02 3.474000e+02
1.430000e+02 3.469500e+02
1.430000e+02 3.465000e+02
1.430000e+02 3.460500e+02
1.430000e+02 3.456000e+02
1.432500e+02 3.441000e+02
1.435000e+02 3.426000e+02
1.437500e+02 3.411000e+02
1.440000e+02 3.396000e+02
1.443750e+02 3.381000e+02
1.447500e+02 3.366000e+02
1.451250e+02 3.351000e+02
1.455000e+02 3.336000e+02
1.457500e+02 3.325500e+02
1.460000e+02 3.315000e+02
1.462500e+02 3.304500e+02
1.465000e+02 3.294000e+02
1.470000e+02 3.274500e+02
1.475000e+02 3.255000e+02
1.485000e+02 3.216000e+02
1.497500e+02 3.171000e+02
1.510000e+02 3.126000e+02
1.515000e+02 3.102000e+02
1.520000e+02 3.078000e+02
1.532500e+02 3.027000e+02
1.545000e+02 2.976000e+02
1.557500e+02 2.922000e+02
1.570000e+02 2.868000e+02
1.577500e+02 2.841000e+02
1.585000e+02 2.814000e+02
1.602500e+02 2.754000e+02
1.620000e+02 2.694000e+02
1.637500e+02 2.634000e+02
1.655000e+02 2.574000e+02
1.662500e+02 2.544000e+02
1.670000e+02 2.514000e+02
1.687500e+02 2.457000e+02
1.705000e+02 2.400000e+02
1.720000e+02 2.343000e+02
1.735000e+02 2.286000e+02
1.745000e+02 2.256000e+02
1.755000e+02 2.226000e+02
1.770000e+02 2.169000e+02
1.785000e+02 2.112000e+02
1.797500e+02 2.058000e+02
1.810000e+02 2.004000e+02
1.817500e+02 1.977000e+02
1.825000e+02 1.950000e+02
1.832500e+02 1.923000e+02
1.840000e+02 1.896000e+02
1.855000e+02 1.845000e+02
1.870000e+02 1.794000e+02
1.882500e+02 1.749000e+02
1.895000e+02 1.704000e+02
1.902500e+02 1.677000e+02
1.910000e+02 1.650000e+02
1.920000e+02 1.605000e+02
1.930000e+02 1.560000e+02
1.945000e+02 1.512000e+02
1.960000e+02 1.464000e+02
1.975000e+02 1.419000e+02
1.990000e+02 1.374000e+02
1.997500e+02 1.353000e+02
2.005000e+02 1.332000e+02
2.017500e+02 1.296000e+02
2.030000e+02 1.260000e+02
2.035000e+02 1.242000e+02
2.040000e+02 1.224000e+02
2.055000e+02 1.191000e+02
2.070000e+02 1.158000e+02
2.087500e+02 1.128000e+02
2.105000e+02 1.098000e+02
2.112500e+02 1.086000e+02
2.120000e+02 1.074000e+02
2.135000e+02 1.050000e+02
2.150000e+02 1.026000e+02
2.162500e+02 1.011000e+02
2.175000e+02 9.960000e+01
2.182500e+02 9.900000e+01
2.190000e+02 9.840000e+01
2.207500e+02 9.750000e+01
2.225000e+02 9.660000e+01
2.240000e+02 9.630000e+01
2.255000e+02 9.600000e+01
2.267500e+02 9.630000e+01
2.280000e+02 9.660000e+01
2.295000e+02 9.720000e+01
2.310000e+02 9.780000e+01
2.317500e+02 9.840000e+01
2.325000e+02 9.900000e+01
2.342500e+02 1.005000e+02
2.360000e+02 1.020000e+02
2.367500e+02 1.029000e+02
2.375000e+02 1.038000e+02
2.390000e+02 1.056000e+02
2.405000e+02 1.074000e+02
2.422500e+02 1.092000e+02
2.440000e+02 1.110000e+02
2.460000e+02 1.134000e+02
2.480000e+02 1.158000e+02
2.490000e+02 1.170000e+02
2.500000e+02 1.182000e+02
2.520000e+02 1.212000e+02
2.540000e+02 1.242000e+02
2.562500e+02 1.272000e+02
2.585000e+02 1.302000e+02
2.597500e+02 1.317000e+02
2.610000e+02 1.332000e+02
2.635000e+02 1.368000e+02
2.660000e+02 1.404000e+02
2.685000e+02 1.437000e+02
2.710000e+02 1.470000e+02
2.725000e+02 1.488000e+02
2.740000e+02 1.506000e+02
2.765000e+02 1.545000e+02
2.790000e+02 1.584000e+02
2.817500e+02 1.626000e+02
2.845000e+02 1.668000e+02
2.857500e+02 1.689000e+02
2.870000e+02 1.710000e+02
2.895000e+02 1.755000e+02
2.920000e+02 1.800000e+02
2.945000e+02 1.845000e+02
2.970000e+02 1.890000e+02
2.982500e+02 1.917000e+02
2.995000e+02 1.944000e+02
3.020000e+02 1.998000e+02
3.045000e+02 2.052000e+02
3.070000e+02 2.103000e+02
3.095000e+02 2.154000e+02
3.107500e+02 2.181000e+02
3.120000e+02 2.208000e+02
3.142500e+02 2.259000e+02
3.165000e+02 2.310000e+02
3.185000e+02 2.364000e+02
3.205000e+02 2.418000e+02
3.215000e+02 2.442000e+02
3.225000e+02 2.466000e+02
3.245000e+02 2.520000e+02
3.265000e+02 2.574000e+02
3.275000e+02 2.601000e+02
3.285000e+02 2.628000e+02
3.302500e+02 2.682000e+02
3.320000e+02 2.736000e+02
3.340000e+02 2.787000e+02
3.360000e+02 2.838000e+02
3.380000e+02 2.886000e+02
3.400000e+02 2.934000e+02
3.420000e+02 2.985000e+02
3.440000e+02 3.036000e+02
3.460000e+02 3.081000e+02
3.480000e+02 3.126000e+02
3.490000e+02 3.147000e+02
3.500000e+02 3.168000e+02
3.517500e+02 3.210000e+02
3.535000e+02 3.252000e+02
3.550000e+02 3.288000e+02
3.565000e+02 3.324000e+02
3.575000e+02 3.345000e+02
3.585000e+02 3.366000e+02
3.600000e+02 3.399000e+02
3.615000e+02 3.432000e+02
3.630000e+02 3.465000e+02
3.645000e+02 3.498000e+02
3.652500e+02 3.513000e+02
3.660000e+02 3.528000e+02
3.672500e+02 3.558000e+02
3.685000e+02 3.588000e+02
3.697500e+02 3.609000e+02
3.710000e+02 3.630000e+02
3.720000e+02 3.651000e+02
3.730000e+02 3.672000e+02
3.740000e+02 3.690000e+02
3.750000e+02 3.708000e+02
3.757500e+02 3.723000e+02
3.765000e+02 3.738000e+02
3.767500e+02 3.744000e+02
3.770000e+02 3.750000e+02
3.777500e+02 3.762000e+02
3.785000e+02 3.774000e+02
3.790000e+02 3.780000e+02
3.795000e+02 3.786000e+02
3.795000e+02 3.789000e+02
3.795000e+02 3.792000e+02
3.800000e+02 3.795000e+02
3.805000e+02 3.798000e+02
3.802500e+02 3.798000e+02
3.800000e+02 3.798000e+02
