1.525000e+02 2.028000e+02
1.525000e+02 2.028000e+02
1.525000e+02 2.028000e+02
1.525000e+02 2.028000e+02
1.525000e+02 2.028000e+02
1.525000e+02 2.028000e+02
1.525000e+02 2.028000e+02
1.525000e+02 2.028000e+02
1.525000e+02 2.028000e+02
1.525000e+02 2.028000e+02
1.525000e+02 2.028000e+02
1.525000e+02 2.028000e+02
1.525000e+02 2.028000e+02
1.525000e+02 2.028000e+02
1.525000e+02 2.028000e+02
1.525000e+02 2.028000e+02
1.527500e+02 2.031000e+02
1.530000e+02 2.034000e+02
1.535000e+02 2.043000e+02
1.540000e+02 2.052000e+02
1.550000e+02 2.064000e+02
1.560000e+02 2.076000e+02
1.570000e+02 2.097000e+02
1.580000e+02 2.118000e+02
1.595000e+02 2.139000e+02
1.610000e+02 2.160000e+02
1.630000e+02 2.199000e+02
1.650000e+02 2.238000e+02
1.665000e+02 2.262000e+02
1.680000e+02 2.286000e+02
1.695000e+02 2.316000e+02
1.710000e+02 2.346000e+02
1.727500e+02 2.376000e+02
1.745000e+02 2.406000e+02
1.765000e+02 2.442000e+02
1.785000e+02 2.478000e+02
1.805000e+02 2.511000e+02
1.825000e+02 2.544000e+02
1.842500e+02 2.577000e+02
1.860000e+02 2.610000e+02
1.880000e+02 2.643000e+02
1.900000e+02 2.676000e+02
1.920000e+02 2.712000e+02
1.940000e+02 2.748000e+02
1.962500e+02 2.787000e+02
1.985000e+02 2.826000e+02
2.002500e+02 2.862000e+02
2.020000e+02 2.898000e+02
2.040000e+02 2.934000e+02
2.060000e+02 2.970000e+02
2.080000e+02 3.003000e+02
2.100000e+02 3.036000e+02
2.117500e+02 3.066000e+02
2.135000e+02 3.096000e+02
2.152500e+02 3.129000e+02
2.170000e+02 3.162000e+02
2.185000e+02 3.186000e+02
2.200000e+02 3.210000e+02
2.220000e+02 3.243000e+02
2.240000e+02 3.276000e+02
2.250000e+02 3.294000e+02
2.260000e+02 3.312000e+02
2.265000e+02 3.318000e+02
2.270000e+02 3.324000e+02
2.277500e+02 3.336000e+02
2.285000e+02 3.348000e+02
2.295000e+02 3.363000e+02
2.305000e+02 3.378000e+02
2.310000e+02 3.384000e+02
2.315000e+02 3.390000e+02
2.320000e+02 3.396000e+02
2.325000e+02 3.402000e+02
2.327500e+02 3.405000e+02
2.330000e+02 3.408000e+02
2.332500e+02 3.411000e+02
2.335000e+02 3.414000e+02
2.337500e+02 3.414000e+02
2.340000e+02 3.414000e+02
2.342500e+02 3.417000e+02
2.345000e+02 3.420000e+02
2.347500e+02 3.420000e+02
2.350000e+02 3.420000e+02
2.355000e+02 3.420000e+02
2.360000e+02 3.420000e+02
2.367500e+02 3.420000e+02
2.375000e+02 3.420000e+02
2.390000e+02 3.414000e+02
2.405000e+02 3.408000e+02
2.427500e+02 3.396000e+02
2.450000e+02 3.384000e+02
2.472500e+02 3.372000e+02
2.495000e+02 3.360000e+02
2.527500e+02 3.339000e+02
2.560000e+02 3.318000e+02
2.587500e+02 3.300000e+02
2.615000e+02 3.282000e+02
2.650000e+02 3.258000e+02
2.685000e+02 3.234000e+02
2.722500e+02 3.210000e+02
2.760000e+02 3.186000e+02
2.800000e+02 3.159000e+02
2.840000e+02 3.132000e+02
2.887500e+02 3.102000e+02
2.935000e+02 3.072000e+02
3.002500e+02 3.024000e+02
3.070000e+02 2.976000e+02
3.145000e+02 2.928000e+02
3.220000e+02 2.880000e+02
3.270000e+02 2.850000e+02
3.320000e+02 2.820000e+02
3.405000e+02 2.769000e+02
3.490000e+02 2.718000e+02
3.545000e+02 2.685000e+02
3.600000e+02 2.652000e+02
3.657500e+02 2.616000e+02
3.715000e+02 2.580000e+02
3.772500e+02 2.547000e+02
3.830000e+02 2.514000e+02
3.885000e+02 2.484000e+02
3.940000e+02 2.454000e+02
4.002500e+02 2.418000e+02
4.065000e+02 2.382000e+02
4.117500e+02 2.355000e+02
4.170000e+02 2.328000e+02
4.227500e+02 2.298000e+02
4.285000e+02 2.268000e+02
4.332500e+02 2.241000e+02
4.380000e+02 2.214000e+02
4.430000e+02 2.187000e+02
4.480000e+02 2.160000e+02
4.535000e+02 2.133000e+02
4.590000e+02 2.106000e+02
4.640000e+02 2.082000e+02
4.690000e+02 2.058000e+02
4.735000e+02 2.037000e+02
4.780000e+02 2.016000e+02
4.842500e+02 1.986000e+02
4.905000e+02 1.956000e+02
4.925000e+02 1.944000e+02
4.945000e+02 1.932000e+02
4.987500e+02 1.914000e+02
5.030000e+02 1.896000e+02
5.065000e+02 1.881000e+02
5.100000e+02 1.866000e+02
5.155000e+02 1.842000e+02
5.210000e+02 1.818000e+02
5.245000e+02 1.803000e+02
5.280000e+02 1.788000e+02
5.312500e+02 1.773000e+02
5.345000e+02 1.758000e+02
5.387500e+02 1.740000e+02
5.430000e+02 1.722000e+02
5.462500e+02 1.707000e+02
5.495000e+02 1.692000e+02
5.515000e+02 1.683000e+02
5.535000e+02 1.674000e+02
5.550000e+02 1.665000e+02
5.565000e+02 1.656000e+02
5.577500e+02 1.650000e+02
5.590000e+02 1.644000e+02
5.600000e+02 1.638000e+02
5.610000e+02 1.632000e+02
5.617500e+02 1.629000e+02
5.625000e+02 1.626000e+02
5.632500e+02 1.623000e+02
5.640000e+02 1.620000e+02
5.645000e+02 1.617000e+02
5.650000e+02 1.614000e+02
5.655000e+02 1.608000e+02
5.660000e+02 1.602000e+02
5.662500e+02 1.602000e+02
5.665000e+02 1.602000e+02
5.667500e+02 1.599000e+02
5.670000e+02 1.596000e+02
5.670000e+02 1.596000e+02
5.670000e+02 1.596000e+02
5.672500e+02 1.596000e+02
5.675000e+02 1.596000e+02
5.675000e+02 1.593000e+02
5.675000e+02 1.590000e+02
5.675000e+02 1.590000e+02
5.675000e+02 1.590000e+02
5.677500e+02 1.590000e+02
5.680000e+02 1.590000e+02
5.680000e+02 1.590000e+02
5.680000e+02 1.590000e+02
5.680000e+02 1.590000e+02
5.680000e+02 1.590000e+02
5.680000e+02 1.590000e+02
5.680000e+02 1.590000e+02
5.680000e+02 1.590000e+02
5.680000e+02 1.590000e+02
5.680000e+02 1.593000e+02
5.680000e+02 1.596000e+02
5.677500e+02 1.599000e+02
5.675000e+02 1.602000e+02
5.675000e+02 1.608000e+02
5.675000e+02 1.614000e+02
5.675000e+02 1.614000e+02
5.675000e+02 1.614000e+02
