1.020000e+02 2.172000e+02
1.021250e+02 2.173500e+02
1.022500e+02 2.175000e+02
1.023750e+02 2.176500e+02
1.025000e+02 2.178000e+02
1.025000e+02 2.178000e+02
1.025000e+02 2.178000e+02
1.025000e+02 2.178000e+02
1.025000e+02 2.178000e+02
1.026250e+02 2.178000e+02
1.027500e+02 2.178000e+02
1.028750e+02 2.178000e+02
1.030000e+02 2.178000e+02
1.031250e+02 2.178000e+02
1.032500e+02 2.178000e+02
1.033750e+02 2.178000e+02
1.035000e+02 2.178000e+02
1.036250e+02 2.179500e+02
1.037500e+02 2.181000e+02
1.038750e+02 2.182500e+02
1.040000e+02 2.184000e+02
1.041250e+02 2.184000e+02
1.042500e+02 2.184000e+02
1.043750e+02 2.184000e+02
1.045000e+02 2.184000e+02
1.051250e+02 2.184000e+02
1.057500e+02 2.184000e+02
1.063750e+02 2.184000e+02
1.070000e+02 2.184000e+02
1.075000e+02 2.185500e+02
1.080000e+02 2.187000e+02
1.085000e+02 2.188500e+02
1.090000e+02 2.190000e+02
1.092500e+02 2.190000e+02
1.095000e+02 2.190000e+02
1.097500e+02 2.190000e+02
1.100000e+02 2.190000e+02
1.110000e+02 2.191500e+02
1.120000e+02 2.193000e+02
1.130000e+02 2.194500e+02
1.140000e+02 2.196000e+02
1.147500e+02 2.197500e+02
1.155000e+02 2.199000e+02
1.162500e+02 2.200500e+02
1.170000e+02 2.202000e+02
1.177500e+02 2.203500e+02
1.185000e+02 2.205000e+02
1.192500e+02 2.206500e+02
1.200000e+02 2.208000e+02
1.207500e+02 2.209500e+02
1.215000e+02 2.211000e+02
1.222500e+02 2.212500e+02
1.230000e+02 2.214000e+02
1.243750e+02 2.215500e+02
1.257500e+02 2.217000e+02
1.271250e+02 2.218500e+02
1.285000e+02 2.220000e+02
1.295000e+02 2.221500e+02
1.305000e+02 2.223000e+02
1.315000e+02 2.224500e+02
1.325000e+02 2.226000e+02
1.342500e+02 2.227500e+02
1.360000e+02 2.229000e+02
1.377500e+02 2.230500e+02
1.395000e+02 2.232000e+02
1.407500e+02 2.233500e+02
1.420000e+02 2.235000e+02
1.432500e+02 2.236500e+02
1.445000e+02 2.238000e+02
1.457500e+02 2.238000e+02
1.470000e+02 2.238000e+02
1.482500e+02 2.238000e+02
1.495000e+02 2.238000e+02
1.510000e+02 2.239500e+02
1.525000e+02 2.241000e+02
1.540000e+02 2.242500e+02
1.555000e+02 2.244000e+02
1.573750e+02 2.245500e+02
1.592500e+02 2.247000e+02
1.611250e+02 2.248500e+02
1.630000e+02 2.250000e+02
1.637500e+02 2.250000e+02
1.645000e+02 2.250000e+02
1.652500e+02 2.250000e+02
1.660000e+02 2.250000e+02
1.686250e+02 2.251500e+02
1.712500e+02 2.253000e+02
1.738750e+02 2.254500e+02
1.765000e+02 2.256000e+02
1.777500e+02 2.257500e+02
1.790000e+02 2.259000e+02
1.802500e+02 2.260500e+02
1.815000e+02 2.262000e+02
1.827500e+02 2.262000e+02
1.840000e+02 2.262000e+02
1.852500e+02 2.262000e+02
1.865000e+02 2.262000e+02
1.878750e+02 2.262000e+02
1.892500e+02 2.262000e+02
1.920000e+02 2.262000e+02
1.950000e+02 2.262000e+02
1.980000e+02 2.262000e+02
2.010000e+02 2.259000e+02
2.040000e+02 2.256000e+02
2.082500e+02 2.253000e+02
2.125000e+02 2.250000e+02
2.140000e+02 2.250000e+02
2.155000e+02 2.250000e+02
2.182500e+02 2.250000e+02
2.210000e+02 2.250000e+02
2.240000e+02 2.247000e+02
2.270000e+02 2.244000e+02
2.300000e+02 2.241000e+02
2.330000e+02 2.238000e+02
2.360000e+02 2.235000e+02
2.390000e+02 2.232000e+02
2.437500e+02 2.226000e+02
2.485000e+02 2.220000e+02
2.535000e+02 2.217000e+02
2.585000e+02 2.214000e+02
2.635000e+02 2.211000e+02
2.685000e+02 2.208000e+02
2.717500e+02 2.205000e+02
2.750000e+02 2.202000e+02
2.782500e+02 2.199000e+02
2.815000e+02 2.196000e+02
2.852500e+02 2.193000e+02
2.890000e+02 2.190000e+02
2.922500e+02 2.187000e+02
2.955000e+02 2.184000e+02
2.987500e+02 2.181000e+02
3.020000e+02 2.178000e+02
3.050000e+02 2.175000e+02
3.080000e+02 2.172000e+02
3.112500e+02 2.172000e+02
3.145000e+02 2.172000e+02
3.177500e+02 2.169000e+02
3.210000e+02 2.166000e+02
3.245000e+02 2.166000e+02
3.280000e+02 2.166000e+02
3.312500e+02 2.163000e+02
3.345000e+02 2.160000e+02
3.382500e+02 2.160000e+02
3.420000e+02 2.160000e+02
3.455000e+02 2.157000e+02
3.490000e+02 2.154000e+02
3.530000e+02 2.151000e+02
3.570000e+02 2.148000e+02
3.605000e+02 2.148000e+02
3.640000e+02 2.148000e+02
3.675000e+02 2.145000e+02
3.710000e+02 2.142000e+02
3.745000e+02 2.139000e+02
3.780000e+02 2.136000e+02
3.810000e+02 2.133000e+02
3.840000e+02 2.130000e+02
3.872500e+02 2.127000e+02
3.905000e+02 2.124000e+02
3.932500e+02 2.124000e+02
3.960000e+02 2.124000e+02
3.990000e+02 2.118000e+02
4.020000e+02 2.112000e+02
4.047500e+02 2.109000e+02
4.075000e+02 2.106000e+02
4.117500e+02 2.106000e+02
4.160000e+02 2.106000e+02
4.185000e+02 2.103000e+02
4.210000e+02 2.100000e+02
4.235000e+02 2.100000e+02
4.260000e+02 2.100000e+02
4.282500e+02 2.097000e+02
4.305000e+02 2.094000e+02
4.325000e+02 2.094000e+02
4.345000e+02 2.094000e+02
4.365000e+02 2.094000e+02
4.385000e+02 2.094000e+02
4.420000e+02 2.091000e+02
4.455000e+02 2.088000e+02
4.465000e+02 2.088000e+02
4.475000e+02 2.088000e+02
4.495000e+02 2.088000e+02
4.515000e+02 2.088000e+02
4.535000e+02 2.088000e+02
4.555000e+02 2.088000e+02
4.570000e+02 2.088000e+02
4.585000e+02 2.088000e+02
4.597500e+02 2.088000e+02
4.610000e+02 2.088000e+02
4.622500e+02 2.085000e+02
4.635000e+02 2.082000e+02
4.650000e+02 2.082000e+02
4.665000e+02 2.082000e+02
4.687500e+02 2.085000e+02
4.710000e+02 2.088000e+02
4.717500e+02 2.088000e+02
4.725000e+02 2.088000e+02
4.730000e+02 2.088000e+02
4.735000e+02 2.088000e+02
4.735000e+02 2.088000e+02
4.735000e+02 2.088000e+02
