1.020000e+02 2.094000e+02
1.020000e+02 2.094000e+02
1.020000e+02 2.094000e+02
1.020000e+02 2.094000e+02
1.020000e+02 2.094000e+02
1.020000e+02 2.092500e+02
1.020000e+02 2.091000e+02
1.020000e+02 2.089500e+02
1.020000e+02 2.088000e+02
1.020000e+02 2.088000e+02
1.020000e+02 2.088000e+02
1.020000e+02 2.088000e+02
1.020000e+02 2.088000e+02
1.023750e+02 2.085000e+02
1.027500e+02 2.082000e+02
1.031250e+02 2.079000e+02
1.035000e+02 2.076000e+02
1.038750e+02 2.074500e+02
1.042500e+02 2.073000e+02
1.046250e+02 2.071500e+02
1.050000e+02 2.070000e+02
1.053750e+02 2.068500e+02
1.057500e+02 2.067000e+02
1.061250e+02 2.065500e+02
1.065000e+02 2.064000e+02
1.067500e+02 2.064000e+02
1.070000e+02 2.064000e+02
1.072500e+02 2.064000e+02
1.075000e+02 2.064000e+02
1.083750e+02 2.061000e+02
1.092500e+02 2.058000e+02
1.101250e+02 2.055000e+02
1.110000e+02 2.052000e+02
1.120000e+02 2.050500e+02
1.130000e+02 2.049000e+02
1.140000e+02 2.047500e+02
1.150000e+02 2.046000e+02
1.160000e+02 2.044500e+02
1.170000e+02 2.043000e+02
1.180000e+02 2.041500e+02
1.190000e+02 2.040000e+02
1.201250e+02 2.040000e+02
1.212500e+02 2.040000e+02
1.223750e+02 2.040000e+02
1.235000e+02 2.040000e+02
1.247500e+02 2.038500e+02
1.260000e+02 2.037000e+02
1.272500e+02 2.035500e+02
1.285000e+02 2.034000e+02
1.297500e+02 2.034000e+02
1.310000e+02 2.034000e+02
1.322500e+02 2.034000e+02
1.335000e+02 2.034000e+02
1.356250e+02 2.032500e+02
1.377500e+02 2.031000e+02
1.398750e+02 2.029500e+02
1.420000e+02 2.028000e+02
1.435000e+02 2.028000e+02
1.450000e+02 2.028000e+02
1.465000e+02 2.028000e+02
1.480000e+02 2.028000e+02
1.496250e+02 2.028000e+02
1.512500e+02 2.028000e+02
1.528750e+02 2.028000e+02
1.545000e+02 2.028000e+02
1.560000e+02 2.028000e+02
1.575000e+02 2.028000e+02
1.590000e+02 2.028000e+02
1.605000e+02 2.028000e+02
1.622500e+02 2.028000e+02
1.640000e+02 2.028000e+02
1.675000e+02 2.028000e+02
1.705000e+02 2.028000e+02
1.735000e+02 2.028000e+02
1.775000e+02 2.028000e+02
1.815000e+02 2.028000e+02
1.850000e+02 2.028000e+02
1.885000e+02 2.028000e+02
1.922500e+02 2.028000e+02
1.960000e+02 2.028000e+02
2.000000e+02 2.028000e+02
2.040000e+02 2.028000e+02
2.075000e+02 2.028000e+02
2.110000e+02 2.028000e+02
2.170000e+02 2.031000e+02
2.230000e+02 2.034000e+02
2.272500e+02 2.034000e+02
2.315000e+02 2.034000e+02
2.355000e+02 2.034000e+02
2.395000e+02 2.034000e+02
2.432500e+02 2.037000e+02
2.470000e+02 2.040000e+02
2.515000e+02 2.040000e+02
2.560000e+02 2.040000e+02
2.602500e+02 2.043000e+02
2.645000e+02 2.046000e+02
2.665000e+02 2.046000e+02
2.685000e+02 2.046000e+02
2.722500e+02 2.046000e+02
2.760000e+02 2.046000e+02
2.822500e+02 2.049000e+02
2.885000e+02 2.052000e+02
2.907500e+02 2.052000e+02
2.930000e+02 2.052000e+02
2.995000e+02 2.052000e+02
3.060000e+02 2.052000e+02
3.117500e+02 2.052000e+02
3.175000e+02 2.052000e+02
3.212500e+02 2.055000e+02
3.250000e+02 2.058000e+02
3.287500e+02 2.058000e+02
3.325000e+02 2.058000e+02
3.367500e+02 2.058000e+02
3.410000e+02 2.058000e+02
3.445000e+02 2.058000e+02
3.480000e+02 2.058000e+02
3.517500e+02 2.061000e+02
3.555000e+02 2.064000e+02
3.607500e+02 2.064000e+02
3.660000e+02 2.064000e+02
3.677500e+02 2.064000e+02
3.695000e+02 2.064000e+02
3.732500e+02 2.064000e+02
3.770000e+02 2.064000e+02
3.820000e+02 2.064000e+02
3.870000e+02 2.064000e+02
3.902500e+02 2.061000e+02
3.935000e+02 2.058000e+02
3.967500e+02 2.058000e+02
4.000000e+02 2.058000e+02
4.032500e+02 2.055000e+02
4.065000e+02 2.052000e+02
4.097500e+02 2.049000e+02
4.130000e+02 2.046000e+02
4.160000e+02 2.043000e+02
4.190000e+02 2.040000e+02
4.222500e+02 2.037000e+02
4.255000e+02 2.034000e+02
4.285000e+02 2.034000e+02
4.315000e+02 2.034000e+02
4.347500e+02 2.028000e+02
4.380000e+02 2.022000e+02
4.410000e+02 2.022000e+02
4.440000e+02 2.022000e+02
4.467500e+02 2.019000e+02
4.495000e+02 2.016000e+02
4.522500e+02 2.016000e+02
4.550000e+02 2.016000e+02
4.572500e+02 2.013000e+02
4.595000e+02 2.010000e+02
4.635000e+02 2.007000e+02
4.675000e+02 2.004000e+02
4.685000e+02 2.004000e+02
4.695000e+02 2.004000e+02
4.725000e+02 2.001000e+02
4.755000e+02 1.998000e+02
4.785000e+02 1.998000e+02
4.815000e+02 1.998000e+02
4.835000e+02 1.995000e+02
4.855000e+02 1.992000e+02
4.877500e+02 1.992000e+02
4.900000e+02 1.992000e+02
4.920000e+02 1.992000e+02
4.940000e+02 1.992000e+02
4.960000e+02 1.989000e+02
4.980000e+02 1.986000e+02
5.000000e+02 1.986000e+02
5.020000e+02 1.986000e+02
5.037500e+02 1.986000e+02
5.055000e+02 1.986000e+02
5.065000e+02 1.986000e+02
5.075000e+02 1.986000e+02
5.087500e+02 1.983000e+02
5.100000e+02 1.980000e+02
5.107500e+02 1.980000e+02
5.115000e+02 1.980000e+02
5.125000e+02 1.980000e+02
5.135000e+02 1.980000e+02
5.147500e+02 1.977000e+02
5.160000e+02 1.974000e+02
5.170000e+02 1.974000e+02
5.180000e+02 1.974000e+02
5.187500e+02 1.974000e+02
5.195000e+02 1.974000e+02
5.205000e+02 1.974000e+02
5.215000e+02 1.974000e+02
5.217500e+02 1.977000e+02
5.220000e+02 1.980000e+02
5.225000e+02 1.980000e+02
5.230000e+02 1.980000e+02
5.232500e+02 1.980000e+02
5.235000e+02 1.980000e+02
5.237500e+02 1.983000e+02
5.240000e+02 1.986000e+02
5.242500e+02 1.986000e+02
5.245000e+02 1.986000e+02
5.245000e+02 1.989000e+02
5.245000e+02 1.992000e+02
5.245000e+02 1.992000e+02
5.245000e+02 1.992000e+02
