3.195000e+02 1.164000e+02
3.195000e+02 1.164000e+02
3.195000e+02 1.164000e+02
3.195000e+02 1.164000e+02
3.195000e+02 1.164000e+02
3.195000e+02 1.164000e+02
3.195000e+02 1.164000e+02
3.195000e+02 1.164000e+02
3.195000e+02 1.164000e+02
3.194375e+02 1.161000e+02
3.193750e+02 1.158000e+02
3.193125e+02 1.155000e+02
3.192500e+02 1.152000e+02
3.191875e+02 1.149000e+02
3.191250e+02 1.146000e+02
3.190000e+02 1.140000e+02
3.190000e+02 1.137000e+02
3.190000e+02 1.134000e+02
3.190000e+02 1.131000e+02
3.190000e+02 1.128000e+02
3.190000e+02 1.125000e+02
3.190000e+02 1.122000e+02
3.190000e+02 1.119000e+02
3.190000e+02 1.116000e+02
3.190000e+02 1.114500e+02
3.190000e+02 1.113000e+02
3.190000e+02 1.111500e+02
3.190000e+02 1.110000e+02
3.188750e+02 1.108500e+02
3.187500e+02 1.107000e+02
3.186250e+02 1.105500e+02
3.185000e+02 1.104000e+02
3.185000e+02 1.104000e+02
3.185000e+02 1.104000e+02
3.185000e+02 1.104000e+02
3.185000e+02 1.104000e+02
3.185000e+02 1.105500e+02
3.185000e+02 1.107000e+02
3.185000e+02 1.108500e+02
3.185000e+02 1.110000e+02
3.185000e+02 1.114500e+02
3.185000e+02 1.119000e+02
3.185000e+02 1.123500e+02
3.185000e+02 1.128000e+02
3.183750e+02 1.135500e+02
3.182500e+02 1.143000e+02
3.181250e+02 1.150500e+02
3.180000e+02 1.158000e+02
3.178750e+02 1.167000e+02
3.177500e+02 1.176000e+02
3.176250e+02 1.185000e+02
3.175000e+02 1.194000e+02
3.173750e+02 1.204500e+02
3.172500e+02 1.215000e+02
3.171250e+02 1.225500e+02
3.170000e+02 1.236000e+02
3.168750e+02 1.246500e+02
3.167500e+02 1.257000e+02
3.166250e+02 1.267500e+02
3.165000e+02 1.278000e+02
3.165000e+02 1.291500e+02
3.165000e+02 1.305000e+02
3.165000e+02 1.318500e+02
3.165000e+02 1.332000e+02
3.163750e+02 1.344000e+02
3.162500e+02 1.356000e+02
3.161250e+02 1.368000e+02
3.160000e+02 1.380000e+02
3.158750e+02 1.393500e+02
3.157500e+02 1.407000e+02
3.156250e+02 1.420500e+02
3.155000e+02 1.434000e+02
3.155000e+02 1.449000e+02
3.155000e+02 1.464000e+02
3.155000e+02 1.479000e+02
3.155000e+02 1.494000e+02
3.155000e+02 1.509000e+02
3.155000e+02 1.524000e+02
3.155000e+02 1.539000e+02
3.155000e+02 1.554000e+02
3.153750e+02 1.567500e+02
3.152500e+02 1.581000e+02
3.151250e+02 1.594500e+02
3.150000e+02 1.608000e+02
3.150000e+02 1.632000e+02
3.150000e+02 1.656000e+02
3.150000e+02 1.680000e+02
3.150000e+02 1.704000e+02
3.150000e+02 1.720500e+02
3.150000e+02 1.737000e+02
3.150000e+02 1.753500e+02
3.150000e+02 1.770000e+02
3.150000e+02 1.785000e+02
3.150000e+02 1.800000e+02
3.150000e+02 1.815000e+02
3.150000e+02 1.830000e+02
3.150000e+02 1.848000e+02
3.150000e+02 1.866000e+02
3.150000e+02 1.884000e+02
3.150000e+02 1.902000e+02
3.150000e+02 1.909500e+02
3.150000e+02 1.917000e+02
3.150000e+02 1.924500e+02
3.150000e+02 1.932000e+02
3.151250e+02 1.959000e+02
3.152500e+02 1.986000e+02
3.153750e+02 2.013000e+02
3.155000e+02 2.040000e+02
3.155000e+02 2.056500e+02
3.155000e+02 2.073000e+02
3.155000e+02 2.089500e+02
3.155000e+02 2.106000e+02
3.155000e+02 2.124000e+02
3.155000e+02 2.142000e+02
3.155000e+02 2.160000e+02
3.155000e+02 2.178000e+02
3.156250e+02 2.193000e+02
3.157500e+02 2.208000e+02
3.158750e+02 2.223000e+02
3.160000e+02 2.238000e+02
3.160000e+02 2.254500e+02
3.160000e+02 2.271000e+02
3.160000e+02 2.287500e+02
3.160000e+02 2.304000e+02
3.160000e+02 2.322000e+02
3.160000e+02 2.340000e+02
3.160000e+02 2.358000e+02
3.160000e+02 2.376000e+02
3.161250e+02 2.392500e+02
3.162500e+02 2.409000e+02
3.163750e+02 2.425500e+02
3.165000e+02 2.442000e+02
3.165000e+02 2.469000e+02
3.165000e+02 2.496000e+02
3.165000e+02 2.523000e+02
3.165000e+02 2.550000e+02
3.165000e+02 2.566500e+02
3.165000e+02 2.583000e+02
3.165000e+02 2.599500e+02
3.165000e+02 2.616000e+02
3.165000e+02 2.632500e+02
3.165000e+02 2.649000e+02
3.165000e+02 2.665500e+02
3.165000e+02 2.682000e+02
3.165000e+02 2.697000e+02
3.165000e+02 2.712000e+02
3.165000e+02 2.727000e+02
3.165000e+02 2.742000e+02
3.165000e+02 2.758500e+02
3.165000e+02 2.775000e+02
3.165000e+02 2.791500e+02
3.165000e+02 2.808000e+02
3.165000e+02 2.821500e+02
3.165000e+02 2.835000e+02
3.165000e+02 2.848500e+02
3.165000e+02 2.862000e+02
3.165000e+02 2.872500e+02
3.165000e+02 2.883000e+02
3.165000e+02 2.893500e+02
3.165000e+02 2.904000e+02
3.165000e+02 2.916000e+02
3.165000e+02 2.928000e+02
3.165000e+02 2.940000e+02
3.165000e+02 2.952000e+02
3.165000e+02 2.962500e+02
3.165000e+02 2.973000e+02
3.165000e+02 2.983500e+02
3.165000e+02 2.994000e+02
3.166250e+02 3.003000e+02
3.167500e+02 3.012000e+02
3.168750e+02 3.021000e+02
3.170000e+02 3.030000e+02
3.170000e+02 3.040500e+02
3.170000e+02 3.051000e+02
3.170000e+02 3.061500e+02
3.170000e+02 3.072000e+02
3.170000e+02 3.078000e+02
3.170000e+02 3.084000e+02
3.170000e+02 3.090000e+02
3.170000e+02 3.096000e+02
3.170000e+02 3.100500e+02
3.170000e+02 3.105000e+02
3.170000e+02 3.109500e+02
3.170000e+02 3.114000e+02
3.170000e+02 3.118500e+02
3.170000e+02 3.123000e+02
3.170000e+02 3.127500e+02
3.170000e+02 3.132000e+02
3.170000e+02 3.135000e+02
3.170000e+02 3.138000e+02
3.170000e+02 3.141000e+02
3.170000e+02 3.144000e+02
3.170000e+02 3.145500e+02
3.170000e+02 3.147000e+02
3.170000e+02 3.148500e+02
3.170000e+02 3.150000e+02
3.170000e+02 3.150000e+02
3.170000e+02 3.150000e+02
3.170000e+02 3.150000e+02
3.170000e+02 3.150000e+02
