3.075000e+02 9.780000e+01
3.075000e+02 9.780000e+01
3.075000e+02 9.780000e+01
3.075000e+02 9.780000e+01
3.075000e+02 9.780000e+01
3.075000e+02 9.765000e+01
3.075000e+02 9.750000e+01
3.075000e+02 9.735000e+01
3.075000e+02 9.720000e+01
3.073750e+02 9.705000e+01
3.072500e+02 9.690000e+01
3.071250e+02 9.675000e+01
3.070000e+02 9.660000e+01
3.070000e+02 9.645000e+01
3.070000e+02 9.630000e+01
3.070000e+02 9.615000e+01
3.070000e+02 9.600000e+01
3.068750e+02 9.600000e+01
3.067500e+02 9.600000e+01
3.066250e+02 9.600000e+01
3.065000e+02 9.600000e+01
3.065000e+02 9.600000e+01
3.065000e+02 9.600000e+01
3.065000e+02 9.600000e+01
3.065000e+02 9.600000e+01
3.065000e+02 9.600000e+01
3.065000e+02 9.600000e+01
3.065000e+02 9.600000e+01
3.065000e+02 9.600000e+01
3.065000e+02 9.615000e+01
3.065000e+02 9.630000e+01
3.065000e+02 9.645000e+01
3.065000e+02 9.660000e+01
3.065000e+02 9.675000e+01
3.065000e+02 9.690000e+01
3.065000e+02 9.705000e+01
3.065000e+02 9.720000e+01
3.063750e+02 9.765000e+01
3.062500e+02 9.810000e+01
3.061250e+02 9.855000e+01
3.060000e+02 9.900000e+01
3.060000e+02 9.945000e+01
3.060000e+02 9.990000e+01
3.060000e+02 1.003500e+02
3.060000e+02 1.008000e+02
3.058750e+02 1.015500e+02
3.057500e+02 1.023000e+02
3.056250e+02 1.030500e+02
3.055000e+02 1.038000e+02
3.055000e+02 1.045500e+02
3.055000e+02 1.053000e+02
3.055000e+02 1.060500e+02
3.055000e+02 1.068000e+02
3.055000e+02 1.081500e+02
3.055000e+02 1.095000e+02
3.055000e+02 1.108500e+02
3.055000e+02 1.122000e+02
3.055000e+02 1.131000e+02
3.055000e+02 1.140000e+02
3.055000e+02 1.149000e+02
3.055000e+02 1.158000e+02
3.055000e+02 1.167000e+02
3.055000e+02 1.176000e+02
3.055000e+02 1.185000e+02
3.055000e+02 1.194000e+02
3.055000e+02 1.204500e+02
3.055000e+02 1.215000e+02
3.055000e+02 1.225500e+02
3.055000e+02 1.236000e+02
3.053750e+02 1.246500e+02
3.052500e+02 1.257000e+02
3.051250e+02 1.267500e+02
3.050000e+02 1.278000e+02
3.050000e+02 1.290000e+02
3.050000e+02 1.302000e+02
3.050000e+02 1.314000e+02
3.050000e+02 1.326000e+02
3.050000e+02 1.336500e+02
3.050000e+02 1.347000e+02
3.050000e+02 1.357500e+02
3.050000e+02 1.368000e+02
3.050000e+02 1.381500e+02
3.050000e+02 1.395000e+02
3.050000e+02 1.422000e+02
3.050000e+02 1.446000e+02
3.050000e+02 1.470000e+02
3.050000e+02 1.494000e+02
3.050000e+02 1.518000e+02
3.050000e+02 1.560000e+02
3.050000e+02 1.602000e+02
3.050000e+02 1.617000e+02
3.050000e+02 1.632000e+02
3.052500e+02 1.662000e+02
3.055000e+02 1.692000e+02
3.055000e+02 1.722000e+02
3.055000e+02 1.752000e+02
3.057500e+02 1.779000e+02
3.060000e+02 1.806000e+02
3.060000e+02 1.839000e+02
3.060000e+02 1.872000e+02
3.060000e+02 1.902000e+02
3.060000e+02 1.932000e+02
3.062500e+02 1.962000e+02
3.065000e+02 1.992000e+02
3.065000e+02 2.040000e+02
3.065000e+02 2.088000e+02
3.065000e+02 2.118000e+02
3.065000e+02 2.148000e+02
3.067500e+02 2.181000e+02
3.070000e+02 2.214000e+02
3.070000e+02 2.244000e+02
3.070000e+02 2.274000e+02
3.072500e+02 2.304000e+02
3.075000e+02 2.334000e+02
3.077500e+02 2.364000e+02
3.080000e+02 2.394000e+02
3.080000e+02 2.421000e+02
3.080000e+02 2.448000e+02
3.082500e+02 2.490000e+02
3.085000e+02 2.532000e+02
3.085000e+02 2.547000e+02
3.085000e+02 2.562000e+02
3.085000e+02 2.604000e+02
3.085000e+02 2.646000e+02
3.085000e+02 2.673000e+02
3.085000e+02 2.700000e+02
3.085000e+02 2.727000e+02
3.085000e+02 2.754000e+02
3.085000e+02 2.784000e+02
3.085000e+02 2.814000e+02
3.087500e+02 2.841000e+02
3.090000e+02 2.868000e+02
3.090000e+02 2.895000e+02
3.090000e+02 2.922000e+02
3.090000e+02 2.949000e+02
3.090000e+02 2.976000e+02
3.090000e+02 3.000000e+02
3.090000e+02 3.024000e+02
3.092500e+02 3.048000e+02
3.095000e+02 3.072000e+02
3.095000e+02 3.099000e+02
3.095000e+02 3.126000e+02
3.095000e+02 3.150000e+02
3.095000e+02 3.174000e+02
3.095000e+02 3.198000e+02
3.095000e+02 3.222000e+02
3.097500e+02 3.243000e+02
3.100000e+02 3.264000e+02
3.100000e+02 3.282000e+02
3.100000e+02 3.300000e+02
3.100000e+02 3.321000e+02
3.100000e+02 3.342000e+02
3.102500e+02 3.366000e+02
3.105000e+02 3.390000e+02
3.107500e+02 3.414000e+02
3.110000e+02 3.438000e+02
3.110000e+02 3.450000e+02
3.110000e+02 3.462000e+02
3.112500e+02 3.474000e+02
3.115000e+02 3.486000e+02
3.115000e+02 3.504000e+02
3.115000e+02 3.522000e+02
3.117500e+02 3.537000e+02
3.120000e+02 3.552000e+02
3.120000e+02 3.567000e+02
3.120000e+02 3.582000e+02
3.120000e+02 3.591000e+02
3.120000e+02 3.600000e+02
3.122500e+02 3.609000e+02
3.125000e+02 3.618000e+02
3.125000e+02 3.624000e+02
3.125000e+02 3.630000e+02
3.125000e+02 3.636000e+02
3.125000e+02 3.642000e+02
3.125000e+02 3.648000e+02
3.125000e+02 3.654000e+02
3.125000e+02 3.657000e+02
3.125000e+02 3.660000e+02
3.125000e+02 3.666000e+02
3.125000e+02 3.672000e+02
3.125000e+02 3.675000e+02
3.125000e+02 3.678000e+02
3.127500e+02 3.678000e+02
3.130000e+02 3.678000e+02
3.130000e+02 3.681000e+02
3.130000e+02 3.684000e+02
3.130000e+02 3.690000e+02
3.130000e+02 3.696000e+02
3.130000e+02 3.699000e+02
3.130000e+02 3.702000e+02
3.130000e+02 3.705000e+02
3.130000e+02 3.708000e+02
3.130000e+02 3.708000e+02
3.130000e+02 3.708000e+02
3.132500e+02 3.708000e+02
3.135000e+02 3.708000e+02
3.135000e+02 3.708000e+02
3.135000e+02 3.708000e+02
3.135000e+02 3.708000e+02
3.135000e+02 3.708000e+02
