4.510000e+02 3.252000e+02
4.510000e+02 3.252000e+02
4.510000e+02 3.252000e+02
4.510000e+02 3.252000e+02
4.510000e+02 3.252000e+02
4.508750e+02 3.252000e+02
4.507500e+02 3.252000e+02
4.506250e+02 3.252000e+02
4.505000e+02 3.252000e+02
4.503750e+02 3.250500e+02
4.502500e+02 3.249000e+02
4.501250e+02 3.247500e+02
4.500000e+02 3.246000e+02
4.495000e+02 3.246000e+02
4.490000e+02 3.246000e+02
4.485000e+02 3.246000e+02
4.480000e+02 3.246000e+02
4.475000e+02 3.246000e+02
4.470000e+02 3.246000e+02
4.465000e+02 3.246000e+02
4.460000e+02 3.246000e+02
4.453750e+02 3.244500e+02
4.447500e+02 3.243000e+02
4.441250e+02 3.241500e+02
4.435000e+02 3.240000e+02
4.428750e+02 3.240000e+02
4.422500e+02 3.240000e+02
4.416250e+02 3.240000e+02
4.410000e+02 3.240000e+02
4.401250e+02 3.240000e+02
4.392500e+02 3.240000e+02
4.383750e+02 3.240000e+02
4.375000e+02 3.240000e+02
4.366250e+02 3.240000e+02
4.357500e+02 3.240000e+02
4.348750e+02 3.240000e+02
4.340000e+02 3.240000e+02
4.332500e+02 3.240000e+02
4.325000e+02 3.240000e+02
4.317500e+02 3.240000e+02
4.310000e+02 3.240000e+02
4.301250e+02 3.240000e+02
4.292500e+02 3.240000e+02
4.283750e+02 3.240000e+02
4.275000e+02 3.240000e+02
4.263750e+02 3.240000e+02
4.252500e+02 3.240000e+02
4.241250e+02 3.240000e+02
4.230000e+02 3.240000e+02
4.220000e+02 3.238500e+02
4.210000e+02 3.237000e+02
4.200000e+02 3.235500e+02
4.190000e+02 3.234000e+02
4.178750e+02 3.234000e+02
4.167500e+02 3.234000e+02
4.156250e+02 3.234000e+02
4.145000e+02 3.234000e+02
4.133750e+02 3.234000e+02
4.122500e+02 3.234000e+02
4.111250e+02 3.234000e+02
4.100000e+02 3.234000e+02
4.082500e+02 3.234000e+02
4.065000e+02 3.234000e+02
4.047500e+02 3.234000e+02
4.030000e+02 3.234000e+02
4.023750e+02 3.234000e+02
4.017500e+02 3.234000e+02
4.011250e+02 3.234000e+02
4.005000e+02 3.234000e+02
3.986250e+02 3.234000e+02
3.967500e+02 3.234000e+02
3.948750e+02 3.234000e+02
3.930000e+02 3.234000e+02
3.910000e+02 3.234000e+02
3.890000e+02 3.234000e+02
3.870000e+02 3.234000e+02
3.850000e+02 3.234000e+02
3.837500e+02 3.234000e+02
3.825000e+02 3.234000e+02
3.812500e+02 3.234000e+02
3.800000e+02 3.234000e+02
3.786250e+02 3.234000e+02
3.772500e+02 3.234000e+02
3.758750e+02 3.234000e+02
3.745000e+02 3.234000e+02
3.732500e+02 3.234000e+02
3.720000e+02 3.234000e+02
3.707500e+02 3.234000e+02
3.695000e+02 3.234000e+02
3.682500e+02 3.234000e+02
3.670000e+02 3.234000e+02
3.657500e+02 3.234000e+02
3.645000e+02 3.234000e+02
3.632500e+02 3.234000e+02
3.620000e+02 3.234000e+02
3.595000e+02 3.234000e+02
3.570000e+02 3.234000e+02
3.545000e+02 3.234000e+02
3.520000e+02 3.237000e+02
3.495000e+02 3.240000e+02
3.470000e+02 3.240000e+02
3.445000e+02 3.240000e+02
3.420000e+02 3.240000e+02
3.395000e+02 3.240000e+02
3.372500e+02 3.240000e+02
3.350000e+02 3.240000e+02
3.327500e+02 3.240000e+02
3.305000e+02 3.240000e+02
3.282500e+02 3.240000e+02
3.260000e+02 3.240000e+02
3.235000e+02 3.240000e+02
3.210000e+02 3.240000e+02
3.187500e+02 3.240000e+02
3.165000e+02 3.240000e+02
3.150000e+02 3.240000e+02
3.135000e+02 3.240000e+02
3.112500e+02 3.240000e+02
3.090000e+02 3.240000e+02
3.070000e+02 3.240000e+02
3.050000e+02 3.240000e+02
3.025000e+02 3.243000e+02
3.000000e+02 3.246000e+02
2.980000e+02 3.246000e+02
2.960000e+02 3.246000e+02
2.937500e+02 3.246000e+02
2.915000e+02 3.246000e+02
2.895000e+02 3.246000e+02
2.875000e+02 3.246000e+02
2.855000e+02 3.249000e+02
2.835000e+02 3.252000e+02
2.815000e+02 3.252000e+02
2.795000e+02 3.252000e+02
2.767500e+02 3.252000e+02
2.740000e+02 3.252000e+02
2.730000e+02 3.252000e+02
2.720000e+02 3.252000e+02
2.695000e+02 3.255000e+02
2.670000e+02 3.258000e+02
2.662500e+02 3.258000e+02
2.655000e+02 3.258000e+02
2.637500e+02 3.258000e+02
2.620000e+02 3.258000e+02
2.605000e+02 3.255000e+02
2.590000e+02 3.252000e+02
2.577500e+02 3.252000e+02
2.565000e+02 3.252000e+02
2.552500e+02 3.252000e+02
2.540000e+02 3.252000e+02
2.525000e+02 3.252000e+02
2.510000e+02 3.252000e+02
2.495000e+02 3.252000e+02
2.480000e+02 3.252000e+02
2.465000e+02 3.252000e+02
2.450000e+02 3.252000e+02
2.437500e+02 3.252000e+02
2.425000e+02 3.252000e+02
2.412500e+02 3.252000e+02
2.400000e+02 3.252000e+02
2.385000e+02 3.252000e+02
2.370000e+02 3.252000e+02
2.355000e+02 3.252000e+02
2.340000e+02 3.252000e+02
2.325000e+02 3.252000e+02
2.310000e+02 3.252000e+02
2.292500e+02 3.252000e+02
2.275000e+02 3.252000e+02
2.265000e+02 3.252000e+02
2.255000e+02 3.252000e+02
2.242500e+02 3.252000e+02
2.230000e+02 3.252000e+02
2.222500e+02 3.252000e+02
2.215000e+02 3.252000e+02
2.205000e+02 3.252000e+02
2.195000e+02 3.252000e+02
2.190000e+02 3.252000e+02
2.185000e+02 3.252000e+02
2.177500e+02 3.252000e+02
2.170000e+02 3.252000e+02
2.165000e+02 3.255000e+02
2.160000e+02 3.258000e+02
2.157500e+02 3.258000e+02
2.155000e+02 3.258000e+02
2.150000e+02 3.258000e+02
2.145000e+02 3.258000e+02
2.142500e+02 3.258000e+02
2.140000e+02 3.258000e+02
2.137500e+02 3.258000e+02
2.135000e+02 3.258000e+02
2.132500e+02 3.258000e+02
2.130000e+02 3.258000e+02
2.130000e+02 3.258000e+02
2.130000e+02 3.258000e+02
2.130000e+02 3.255000e+02
2.130000e+02 3.252000e+02
2.132500e+02 3.252000e+02
2.135000e+02 3.252000e+02
2.135000e+02 3.252000e+02
2.135000e+02 3.252000e+02
2.135000e+02 3.252000e+02
2.135000e+02 3.252000e+02
