2.290000e+02 3.384000e+02
2.290000e+02 3.384000e+02
2.290000e+02 3.384000e+02
2.290000e+02 3.384000e+02
2.290000e+02 3.384000e+02
2.290000e+02 3.375000e+02
2.290000e+02 3.366000e+02
2.290000e+02 3.357000e+02
2.290000e+02 3.348000e+02
2.291250e+02 3.336000e+02
2.292500e+02 3.324000e+02
2.293750e+02 3.312000e+02
2.295000e+02 3.300000e+02
2.297500e+02 3.291000e+02
2.300000e+02 3.282000e+02
2.302500e+02 3.273000e+02
2.305000e+02 3.264000e+02
2.306250e+02 3.255000e+02
2.307500e+02 3.246000e+02
2.308750e+02 3.237000e+02
2.310000e+02 3.228000e+02
2.313750e+02 3.208500e+02
2.317500e+02 3.189000e+02
2.321250e+02 3.169500e+02
2.325000e+02 3.150000e+02
2.327500e+02 3.138000e+02
2.330000e+02 3.126000e+02
2.332500e+02 3.114000e+02
2.335000e+02 3.102000e+02
2.341250e+02 3.076500e+02
2.347500e+02 3.051000e+02
2.353750e+02 3.025500e+02
2.360000e+02 3.000000e+02
2.366250e+02 2.974500e+02
2.372500e+02 2.949000e+02
2.378750e+02 2.923500e+02
2.385000e+02 2.898000e+02
2.387500e+02 2.883000e+02
2.390000e+02 2.868000e+02
2.392500e+02 2.853000e+02
2.395000e+02 2.838000e+02
2.400000e+02 2.809500e+02
2.405000e+02 2.781000e+02
2.410000e+02 2.752500e+02
2.415000e+02 2.724000e+02
2.420000e+02 2.694000e+02
2.425000e+02 2.664000e+02
2.430000e+02 2.634000e+02
2.435000e+02 2.604000e+02
2.436250e+02 2.589000e+02
2.437500e+02 2.574000e+02
2.438750e+02 2.559000e+02
2.440000e+02 2.544000e+02
2.446250e+02 2.514000e+02
2.452500e+02 2.484000e+02
2.465000e+02 2.424000e+02
2.477500e+02 2.367000e+02
2.490000e+02 2.310000e+02
2.502500e+02 2.250000e+02
2.515000e+02 2.190000e+02
2.522500e+02 2.130000e+02
2.530000e+02 2.070000e+02
2.540000e+02 2.016000e+02
2.550000e+02 1.962000e+02
2.557500e+02 1.908000e+02
2.565000e+02 1.854000e+02
2.575000e+02 1.800000e+02
2.585000e+02 1.746000e+02
2.592500e+02 1.722000e+02
2.600000e+02 1.698000e+02
2.612500e+02 1.647000e+02
2.625000e+02 1.596000e+02
2.637500e+02 1.548000e+02
2.650000e+02 1.500000e+02
2.657500e+02 1.476000e+02
2.665000e+02 1.452000e+02
2.677500e+02 1.407000e+02
2.690000e+02 1.362000e+02
2.705000e+02 1.320000e+02
2.720000e+02 1.278000e+02
2.727500e+02 1.260000e+02
2.735000e+02 1.242000e+02
2.750000e+02 1.209000e+02
2.765000e+02 1.176000e+02
2.777500e+02 1.146000e+02
2.790000e+02 1.116000e+02
2.795000e+02 1.101000e+02
2.800000e+02 1.086000e+02
2.810000e+02 1.059000e+02
2.820000e+02 1.032000e+02
2.830000e+02 1.011000e+02
2.840000e+02 9.900000e+01
2.850000e+02 9.720000e+01
2.860000e+02 9.540000e+01
2.862500e+02 9.480000e+01
2.865000e+02 9.420000e+01
2.872500e+02 9.270000e+01
2.880000e+02 9.120000e+01
2.882500e+02 9.060000e+01
2.885000e+02 9.000000e+01
2.892500e+02 8.910000e+01
2.900000e+02 8.820000e+01
2.907500e+02 8.790000e+01
2.915000e+02 8.760000e+01
2.922500e+02 8.730000e+01
2.930000e+02 8.700000e+01
2.937500e+02 8.760000e+01
2.945000e+02 8.820000e+01
2.957500e+02 8.940000e+01
2.970000e+02 9.060000e+01
2.985000e+02 9.180000e+01
3.000000e+02 9.300000e+01
3.007500e+02 9.390000e+01
3.015000e+02 9.480000e+01
3.022500e+02 9.600000e+01
3.030000e+02 9.720000e+01
3.047500e+02 9.960000e+01
3.065000e+02 1.020000e+02
3.082500e+02 1.050000e+02
3.100000e+02 1.080000e+02
3.110000e+02 1.095000e+02
3.120000e+02 1.110000e+02
3.140000e+02 1.143000e+02
3.160000e+02 1.176000e+02
3.180000e+02 1.215000e+02
3.200000e+02 1.254000e+02
3.212500e+02 1.272000e+02
3.225000e+02 1.290000e+02
3.245000e+02 1.332000e+02
3.265000e+02 1.374000e+02
3.290000e+02 1.419000e+02
3.315000e+02 1.464000e+02
3.327500e+02 1.488000e+02
3.340000e+02 1.512000e+02
3.365000e+02 1.557000e+02
3.390000e+02 1.602000e+02
3.415000e+02 1.653000e+02
3.440000e+02 1.704000e+02
3.455000e+02 1.728000e+02
3.470000e+02 1.752000e+02
3.482500e+02 1.779000e+02
3.495000e+02 1.806000e+02
3.520000e+02 1.857000e+02
3.545000e+02 1.908000e+02
3.570000e+02 1.959000e+02
3.595000e+02 2.010000e+02
3.630000e+02 2.088000e+02
3.665000e+02 2.166000e+02
3.677500e+02 2.196000e+02
3.690000e+02 2.226000e+02
3.712500e+02 2.280000e+02
3.735000e+02 2.334000e+02
3.755000e+02 2.391000e+02
3.775000e+02 2.448000e+02
3.795000e+02 2.502000e+02
3.815000e+02 2.556000e+02
3.822500e+02 2.583000e+02
3.830000e+02 2.610000e+02
3.850000e+02 2.667000e+02
3.870000e+02 2.724000e+02
3.885000e+02 2.775000e+02
3.900000e+02 2.826000e+02
3.915000e+02 2.874000e+02
3.930000e+02 2.922000e+02
3.937500e+02 2.946000e+02
3.945000e+02 2.970000e+02
3.960000e+02 3.018000e+02
3.975000e+02 3.066000e+02
3.990000e+02 3.111000e+02
4.005000e+02 3.156000e+02
4.010000e+02 3.180000e+02
4.015000e+02 3.204000e+02
4.030000e+02 3.243000e+02
4.045000e+02 3.282000e+02
4.057500e+02 3.321000e+02
4.070000e+02 3.360000e+02
4.090000e+02 3.411000e+02
4.110000e+02 3.462000e+02
4.122500e+02 3.492000e+02
4.135000e+02 3.522000e+02
4.142500e+02 3.537000e+02
4.150000e+02 3.552000e+02
4.155000e+02 3.564000e+02
4.160000e+02 3.576000e+02
4.170000e+02 3.597000e+02
4.180000e+02 3.618000e+02
4.185000e+02 3.633000e+02
4.190000e+02 3.648000e+02
4.195000e+02 3.654000e+02
4.200000e+02 3.660000e+02
4.205000e+02 3.669000e+02
4.210000e+02 3.678000e+02
4.212500e+02 3.681000e+02
4.215000e+02 3.684000e+02
4.215000e+02 3.687000e+02
4.215000e+02 3.690000e+02
4.210000e+02 3.693000e+02
4.205000e+02 3.696000e+02
4.205000e+02 3.696000e+02
4.205000e+02 3.696000e+02
