2.170000e+02 3.624000e+02
2.170000e+02 3.624000e+02
2.170000e+02 3.624000e+02
2.172500e+02 3.609000e+02
2.175000e+02 3.594000e+02
2.180000e+02 3.573000e+02
2.185000e+02 3.552000e+02
2.187500e+02 3.540000e+02
2.190000e+02 3.528000e+02
2.197500e+02 3.501000e+02
2.205000e+02 3.474000e+02
2.212500e+02 3.444000e+02
2.220000e+02 3.414000e+02
2.230000e+02 3.378000e+02
2.240000e+02 3.342000e+02
2.252500e+02 3.303000e+02
2.265000e+02 3.264000e+02
2.275000e+02 3.219000e+02
2.285000e+02 3.174000e+02
2.295000e+02 3.126000e+02
2.305000e+02 3.078000e+02
2.317500e+02 3.024000e+02
2.330000e+02 2.970000e+02
2.342500e+02 2.916000e+02
2.355000e+02 2.862000e+02
2.360000e+02 2.835000e+02
2.365000e+02 2.808000e+02
2.377500e+02 2.751000e+02
2.390000e+02 2.694000e+02
2.397500e+02 2.664000e+02
2.405000e+02 2.634000e+02
2.415000e+02 2.577000e+02
2.425000e+02 2.520000e+02
2.437500e+02 2.463000e+02
2.450000e+02 2.406000e+02
2.455000e+02 2.382000e+02
2.460000e+02 2.358000e+02
2.475000e+02 2.301000e+02
2.490000e+02 2.244000e+02
2.502500e+02 2.196000e+02
2.515000e+02 2.148000e+02
2.527500e+02 2.097000e+02
2.540000e+02 2.046000e+02
2.555000e+02 1.998000e+02
2.570000e+02 1.950000e+02
2.585000e+02 1.905000e+02
2.600000e+02 1.860000e+02
2.615000e+02 1.815000e+02
2.630000e+02 1.770000e+02
2.635000e+02 1.749000e+02
2.640000e+02 1.728000e+02
2.652500e+02 1.695000e+02
2.665000e+02 1.662000e+02
2.677500e+02 1.626000e+02
2.690000e+02 1.590000e+02
2.700000e+02 1.560000e+02
2.710000e+02 1.530000e+02
2.715000e+02 1.518000e+02
2.720000e+02 1.506000e+02
2.730000e+02 1.485000e+02
2.740000e+02 1.464000e+02
2.745000e+02 1.455000e+02
2.750000e+02 1.446000e+02
2.757500e+02 1.425000e+02
2.765000e+02 1.404000e+02
2.770000e+02 1.386000e+02
2.775000e+02 1.368000e+02
2.780000e+02 1.356000e+02
2.785000e+02 1.344000e+02
2.787500e+02 1.335000e+02
2.790000e+02 1.326000e+02
2.795000e+02 1.314000e+02
2.800000e+02 1.302000e+02
2.805000e+02 1.293000e+02
2.810000e+02 1.284000e+02
2.812500e+02 1.281000e+02
2.815000e+02 1.278000e+02
2.820000e+02 1.272000e+02
2.825000e+02 1.266000e+02
2.832500e+02 1.260000e+02
2.840000e+02 1.254000e+02
2.847500e+02 1.251000e+02
2.855000e+02 1.248000e+02
2.860000e+02 1.242000e+02
2.865000e+02 1.236000e+02
2.870000e+02 1.233000e+02
2.875000e+02 1.230000e+02
2.880000e+02 1.227000e+02
2.885000e+02 1.224000e+02
2.892500e+02 1.224000e+02
2.900000e+02 1.224000e+02
2.905000e+02 1.224000e+02
2.910000e+02 1.224000e+02
2.915000e+02 1.224000e+02
2.920000e+02 1.224000e+02
2.927500e+02 1.230000e+02
2.935000e+02 1.236000e+02
2.937500e+02 1.236000e+02
2.940000e+02 1.236000e+02
2.950000e+02 1.242000e+02
2.960000e+02 1.248000e+02
2.970000e+02 1.260000e+02
2.980000e+02 1.272000e+02
2.985000e+02 1.281000e+02
2.990000e+02 1.290000e+02
3.002500e+02 1.311000e+02
3.015000e+02 1.332000e+02
3.027500e+02 1.353000e+02
3.040000e+02 1.374000e+02
3.047500e+02 1.386000e+02
3.055000e+02 1.398000e+02
3.072500e+02 1.422000e+02
3.090000e+02 1.446000e+02
3.107500e+02 1.470000e+02
3.125000e+02 1.494000e+02
3.132500e+02 1.509000e+02
3.140000e+02 1.524000e+02
3.150000e+02 1.536000e+02
3.160000e+02 1.548000e+02
3.180000e+02 1.575000e+02
3.200000e+02 1.602000e+02
3.212500e+02 1.617000e+02
3.225000e+02 1.632000e+02
3.245000e+02 1.659000e+02
3.265000e+02 1.686000e+02
3.287500e+02 1.716000e+02
3.310000e+02 1.746000e+02
3.332500e+02 1.776000e+02
3.355000e+02 1.806000e+02
3.365000e+02 1.824000e+02
3.375000e+02 1.842000e+02
3.400000e+02 1.875000e+02
3.425000e+02 1.908000e+02
3.450000e+02 1.947000e+02
3.475000e+02 1.986000e+02
3.487500e+02 2.004000e+02
3.500000e+02 2.022000e+02
3.522500e+02 2.058000e+02
3.545000e+02 2.094000e+02
3.582500e+02 2.157000e+02
3.620000e+02 2.220000e+02
3.645000e+02 2.262000e+02
3.670000e+02 2.304000e+02
3.695000e+02 2.346000e+02
3.720000e+02 2.388000e+02
3.730000e+02 2.409000e+02
3.740000e+02 2.430000e+02
3.765000e+02 2.472000e+02
3.790000e+02 2.514000e+02
3.812500e+02 2.556000e+02
3.835000e+02 2.598000e+02
3.857500e+02 2.637000e+02
3.880000e+02 2.676000e+02
3.905000e+02 2.715000e+02
3.930000e+02 2.754000e+02
3.940000e+02 2.769000e+02
3.950000e+02 2.784000e+02
3.972500e+02 2.817000e+02
3.995000e+02 2.850000e+02
4.015000e+02 2.886000e+02
4.035000e+02 2.922000e+02
4.047500e+02 2.940000e+02
4.060000e+02 2.958000e+02
4.080000e+02 2.985000e+02
4.100000e+02 3.012000e+02
4.120000e+02 3.042000e+02
4.140000e+02 3.072000e+02
4.160000e+02 3.099000e+02
4.180000e+02 3.126000e+02
4.190000e+02 3.138000e+02
4.200000e+02 3.150000e+02
4.217500e+02 3.174000e+02
4.235000e+02 3.198000e+02
4.250000e+02 3.219000e+02
4.265000e+02 3.240000e+02
4.275000e+02 3.261000e+02
4.285000e+02 3.282000e+02
4.297500e+02 3.300000e+02
4.310000e+02 3.318000e+02
4.315000e+02 3.327000e+02
4.320000e+02 3.336000e+02
4.330000e+02 3.345000e+02
4.340000e+02 3.354000e+02
4.347500e+02 3.366000e+02
4.355000e+02 3.378000e+02
4.357500e+02 3.381000e+02
4.360000e+02 3.384000e+02
4.370000e+02 3.396000e+02
4.375000e+02 3.402000e+02
4.380000e+02 3.408000e+02
4.385000e+02 3.408000e+02
4.390000e+02 3.414000e+02
4.390000e+02 3.414000e+02
4.390000e+02 3.414000e+02
4.395000e+02 3.414000e+02
4.395000e+02 3.414000e+02
4.390000e+02 3.408000e+02
4.375000e+02 3.408000e+02
4.365000e+02 3.402000e+02
4.365000e+02 3.402000e+02
