2.315000e+02 3.744000e+02
2.315000e+02 3.744000e+02
2.315000e+02 3.744000e+02
2.315000e+02 3.744000e+02
2.315000e+02 3.744000e+02
2.316250e+02 3.738000e+02
2.317500e+02 3.732000e+02
2.318750e+02 3.726000e+02
2.320000e+02 3.720000e+02
2.321250e+02 3.709500e+02
2.322500e+02 3.699000e+02
2.323750e+02 3.688500e+02
2.325000e+02 3.678000e+02
2.328750e+02 3.664500e+02
2.332500e+02 3.651000e+02
2.340000e+02 3.624000e+02
2.352500e+02 3.573000e+02
2.365000e+02 3.522000e+02
2.375000e+02 3.477000e+02
2.385000e+02 3.432000e+02
2.390000e+02 3.408000e+02
2.395000e+02 3.384000e+02
2.405000e+02 3.333000e+02
2.415000e+02 3.282000e+02
2.420000e+02 3.255000e+02
2.425000e+02 3.228000e+02
2.440000e+02 3.171000e+02
2.455000e+02 3.114000e+02
2.470000e+02 3.054000e+02
2.485000e+02 2.994000e+02
2.500000e+02 2.934000e+02
2.515000e+02 2.874000e+02
2.522500e+02 2.844000e+02
2.530000e+02 2.814000e+02
2.545000e+02 2.751000e+02
2.560000e+02 2.688000e+02
2.580000e+02 2.625000e+02
2.600000e+02 2.562000e+02
2.607500e+02 2.529000e+02
2.615000e+02 2.496000e+02
2.632500e+02 2.436000e+02
2.650000e+02 2.376000e+02
2.665000e+02 2.316000e+02
2.680000e+02 2.256000e+02
2.685000e+02 2.226000e+02
2.690000e+02 2.196000e+02
2.705000e+02 2.139000e+02
2.720000e+02 2.082000e+02
2.732500e+02 2.028000e+02
2.745000e+02 1.974000e+02
2.750000e+02 1.950000e+02
2.755000e+02 1.926000e+02
2.760000e+02 1.902000e+02
2.765000e+02 1.878000e+02
2.777500e+02 1.824000e+02
2.790000e+02 1.770000e+02
2.800000e+02 1.716000e+02
2.810000e+02 1.662000e+02
2.817500e+02 1.635000e+02
2.825000e+02 1.608000e+02
2.830000e+02 1.584000e+02
2.835000e+02 1.560000e+02
2.847500e+02 1.512000e+02
2.860000e+02 1.464000e+02
2.865000e+02 1.443000e+02
2.870000e+02 1.422000e+02
2.880000e+02 1.380000e+02
2.890000e+02 1.338000e+02
2.900000e+02 1.296000e+02
2.910000e+02 1.254000e+02
2.912500e+02 1.236000e+02
2.915000e+02 1.218000e+02
2.925000e+02 1.179000e+02
2.935000e+02 1.140000e+02
2.942500e+02 1.107000e+02
2.950000e+02 1.074000e+02
2.955000e+02 1.059000e+02
2.960000e+02 1.044000e+02
2.970000e+02 1.014000e+02
2.980000e+02 9.840000e+01
2.982500e+02 9.720000e+01
2.985000e+02 9.600000e+01
2.995000e+02 9.390000e+01
3.005000e+02 9.180000e+01
3.010000e+02 9.000000e+01
3.015000e+02 8.820000e+01
3.020000e+02 8.700000e+01
3.025000e+02 8.580000e+01
3.027500e+02 8.520000e+01
3.030000e+02 8.460000e+01
3.035000e+02 8.400000e+01
3.040000e+02 8.340000e+01
3.042500e+02 8.310000e+01
3.045000e+02 8.280000e+01
3.047500e+02 8.280000e+01
3.050000e+02 8.280000e+01
3.052500e+02 8.280000e+01
3.055000e+02 8.280000e+01
3.060000e+02 8.310000e+01
3.065000e+02 8.340000e+01
3.070000e+02 8.400000e+01
3.075000e+02 8.460000e+01
3.080000e+02 8.610000e+01
3.085000e+02 8.760000e+01
3.095000e+02 8.880000e+01
3.105000e+02 9.000000e+01
3.115000e+02 9.150000e+01
3.125000e+02 9.300000e+01
3.132500e+02 9.420000e+01
3.140000e+02 9.540000e+01
3.150000e+02 9.750000e+01
3.160000e+02 9.960000e+01
3.175000e+02 1.017000e+02
3.190000e+02 1.038000e+02
3.197500e+02 1.050000e+02
3.205000e+02 1.062000e+02
3.232500e+02 1.107000e+02
3.260000e+02 1.152000e+02
3.267500e+02 1.167000e+02
3.275000e+02 1.182000e+02
3.295000e+02 1.218000e+02
3.315000e+02 1.254000e+02
3.337500e+02 1.287000e+02
3.360000e+02 1.320000e+02
3.370000e+02 1.338000e+02
3.380000e+02 1.356000e+02
3.392500e+02 1.377000e+02
3.405000e+02 1.398000e+02
3.430000e+02 1.434000e+02
3.455000e+02 1.470000e+02
3.467500e+02 1.491000e+02
3.480000e+02 1.512000e+02
3.507500e+02 1.551000e+02
3.535000e+02 1.590000e+02
3.562500e+02 1.635000e+02
3.590000e+02 1.680000e+02
3.617500e+02 1.722000e+02
3.645000e+02 1.764000e+02
3.675000e+02 1.809000e+02
3.705000e+02 1.854000e+02
3.737500e+02 1.902000e+02
3.770000e+02 1.950000e+02
3.802500e+02 1.995000e+02
3.835000e+02 2.040000e+02
3.867500e+02 2.091000e+02
3.900000e+02 2.142000e+02
3.932500e+02 2.187000e+02
3.965000e+02 2.232000e+02
3.982500e+02 2.259000e+02
4.000000e+02 2.286000e+02
4.032500e+02 2.334000e+02
4.065000e+02 2.382000e+02
4.097500e+02 2.433000e+02
4.130000e+02 2.484000e+02
4.160000e+02 2.532000e+02
4.190000e+02 2.580000e+02
4.205000e+02 2.604000e+02
4.220000e+02 2.628000e+02
4.247500e+02 2.676000e+02
4.275000e+02 2.724000e+02
4.290000e+02 2.748000e+02
4.305000e+02 2.772000e+02
4.330000e+02 2.817000e+02
4.355000e+02 2.862000e+02
4.365000e+02 2.886000e+02
4.375000e+02 2.910000e+02
4.407500e+02 2.973000e+02
4.440000e+02 3.036000e+02
4.457500e+02 3.072000e+02
4.475000e+02 3.108000e+02
4.490000e+02 3.141000e+02
4.505000e+02 3.174000e+02
4.517500e+02 3.204000e+02
4.530000e+02 3.234000e+02
4.540000e+02 3.261000e+02
4.550000e+02 3.288000e+02
4.557500e+02 3.306000e+02
4.565000e+02 3.324000e+02
4.567500e+02 3.333000e+02
4.570000e+02 3.342000e+02
4.577500e+02 3.354000e+02
4.585000e+02 3.366000e+02
4.587500e+02 3.375000e+02
4.590000e+02 3.384000e+02
4.590000e+02 3.387000e+02
4.590000e+02 3.390000e+02
4.592500e+02 3.396000e+02
4.595000e+02 3.402000e+02
4.597500e+02 3.405000e+02
4.600000e+02 3.408000e+02
4.600000e+02 3.408000e+02
4.600000e+02 3.408000e+02
4.602500e+02 3.411000e+02
4.605000e+02 3.414000e+02
4.605000e+02 3.417000e+02
4.605000e+02 3.420000e+02
4.605000e+02 3.420000e+02
4.605000e+02 3.420000e+02
4.605000e+02 3.420000e+02
4.605000e+02 3.420000e+02
