4.225000e+02 1.908000e+02
4.225000e+02 1.908000e+02
4.225000e+02 1.908000e+02
4.225000e+02 1.908000e+02
4.225000e+02 1.908000e+02
4.223750e+02 1.908000e+02
4.222500e+02 1.908000e+02
4.221250e+02 1.908000e+02
4.220000e+02 1.908000e+02
4.218750e+02 1.908000e+02
4.217500e+02 1.908000e+02
4.216250e+02 1.908000e+02
4.215000e+02 1.908000e+02
4.213750e+02 1.908000e+02
4.212500e+02 1.908000e+02
4.211250e+02 1.908000e+02
4.210000e+02 1.908000e+02
4.208750e+02 1.909500e+02
4.207500e+02 1.911000e+02
4.206250e+02 1.912500e+02
4.205000e+02 1.914000e+02
4.202500e+02 1.914000e+02
4.200000e+02 1.914000e+02
4.197500e+02 1.914000e+02
4.195000e+02 1.914000e+02
4.191250e+02 1.914000e+02
4.187500e+02 1.914000e+02
4.183750e+02 1.914000e+02
4.180000e+02 1.914000e+02
4.173750e+02 1.914000e+02
4.167500e+02 1.914000e+02
4.161250e+02 1.914000e+02
4.155000e+02 1.914000e+02
4.150000e+02 1.914000e+02
4.145000e+02 1.914000e+02
4.140000e+02 1.914000e+02
4.135000e+02 1.914000e+02
4.128750e+02 1.914000e+02
4.122500e+02 1.914000e+02
4.116250e+02 1.914000e+02
4.110000e+02 1.914000e+02
4.103750e+02 1.915500e+02
4.097500e+02 1.917000e+02
4.091250e+02 1.918500e+02
4.085000e+02 1.920000e+02
4.078750e+02 1.920000e+02
4.072500e+02 1.920000e+02
4.066250e+02 1.920000e+02
4.060000e+02 1.920000e+02
4.053750e+02 1.920000e+02
4.047500e+02 1.920000e+02
4.041250e+02 1.920000e+02
4.035000e+02 1.920000e+02
4.026250e+02 1.920000e+02
4.017500e+02 1.920000e+02
4.008750e+02 1.920000e+02
4.000000e+02 1.920000e+02
3.991250e+02 1.918500e+02
3.982500e+02 1.917000e+02
3.973750e+02 1.915500e+02
3.965000e+02 1.914000e+02
3.957500e+02 1.914000e+02
3.950000e+02 1.914000e+02
3.942500e+02 1.914000e+02
3.935000e+02 1.914000e+02
3.925000e+02 1.914000e+02
3.915000e+02 1.914000e+02
3.905000e+02 1.914000e+02
3.895000e+02 1.914000e+02
3.883750e+02 1.912500e+02
3.872500e+02 1.911000e+02
3.861250e+02 1.909500e+02
3.850000e+02 1.908000e+02
3.840000e+02 1.908000e+02
3.830000e+02 1.908000e+02
3.820000e+02 1.908000e+02
3.810000e+02 1.908000e+02
3.791250e+02 1.906500e+02
3.772500e+02 1.905000e+02
3.753750e+02 1.903500e+02
3.735000e+02 1.902000e+02
3.723750e+02 1.900500e+02
3.712500e+02 1.899000e+02
3.701250e+02 1.897500e+02
3.690000e+02 1.896000e+02
3.677500e+02 1.894500e+02
3.665000e+02 1.893000e+02
3.652500e+02 1.891500e+02
3.640000e+02 1.890000e+02
3.627500e+02 1.890000e+02
3.615000e+02 1.890000e+02
3.602500e+02 1.890000e+02
3.590000e+02 1.890000e+02
3.577500e+02 1.890000e+02
3.565000e+02 1.890000e+02
3.552500e+02 1.890000e+02
3.540000e+02 1.890000e+02
3.526250e+02 1.890000e+02
3.512500e+02 1.890000e+02
3.498750e+02 1.890000e+02
3.485000e+02 1.890000e+02
3.472500e+02 1.890000e+02
3.460000e+02 1.890000e+02
3.447500e+02 1.890000e+02
3.435000e+02 1.890000e+02
3.421250e+02 1.888500e+02
3.407500e+02 1.887000e+02
3.393750e+02 1.885500e+02
3.380000e+02 1.884000e+02
3.361250e+02 1.884000e+02
3.342500e+02 1.884000e+02
3.323750e+02 1.884000e+02
3.305000e+02 1.884000e+02
3.298750e+02 1.884000e+02
3.292500e+02 1.884000e+02
3.286250e+02 1.884000e+02
3.280000e+02 1.884000e+02
3.266250e+02 1.885500e+02
3.252500e+02 1.887000e+02
3.238750e+02 1.888500e+02
3.225000e+02 1.890000e+02
3.212500e+02 1.890000e+02
3.200000e+02 1.890000e+02
3.187500e+02 1.890000e+02
3.175000e+02 1.890000e+02
3.160000e+02 1.890000e+02
3.145000e+02 1.890000e+02
3.115000e+02 1.890000e+02
3.090000e+02 1.890000e+02
3.065000e+02 1.890000e+02
3.040000e+02 1.890000e+02
3.015000e+02 1.890000e+02
2.990000e+02 1.890000e+02
2.965000e+02 1.890000e+02
2.942500e+02 1.890000e+02
2.920000e+02 1.890000e+02
2.895000e+02 1.890000e+02
2.870000e+02 1.890000e+02
2.840000e+02 1.890000e+02
2.810000e+02 1.890000e+02
2.785000e+02 1.890000e+02
2.760000e+02 1.890000e+02
2.737500e+02 1.887000e+02
2.715000e+02 1.884000e+02
2.695000e+02 1.884000e+02
2.675000e+02 1.884000e+02
2.650000e+02 1.887000e+02
2.625000e+02 1.890000e+02
2.602500e+02 1.890000e+02
2.580000e+02 1.890000e+02
2.557500e+02 1.890000e+02
2.535000e+02 1.890000e+02
2.500000e+02 1.893000e+02
2.465000e+02 1.896000e+02
2.455000e+02 1.896000e+02
2.445000e+02 1.896000e+02
2.420000e+02 1.899000e+02
2.395000e+02 1.902000e+02
2.365000e+02 1.902000e+02
2.335000e+02 1.902000e+02
2.315000e+02 1.905000e+02
2.295000e+02 1.908000e+02
2.277500e+02 1.908000e+02
2.260000e+02 1.908000e+02
2.250000e+02 1.908000e+02
2.240000e+02 1.908000e+02
2.232500e+02 1.911000e+02
2.225000e+02 1.914000e+02
2.202500e+02 1.914000e+02
2.180000e+02 1.914000e+02
2.172500e+02 1.914000e+02
2.165000e+02 1.914000e+02
2.152500e+02 1.914000e+02
2.140000e+02 1.914000e+02
2.127500e+02 1.914000e+02
2.115000e+02 1.914000e+02
2.105000e+02 1.914000e+02
2.095000e+02 1.914000e+02
2.087500e+02 1.914000e+02
2.080000e+02 1.914000e+02
2.075000e+02 1.914000e+02
2.070000e+02 1.914000e+02
2.065000e+02 1.914000e+02
2.060000e+02 1.914000e+02
2.055000e+02 1.914000e+02
2.050000e+02 1.914000e+02
2.047500e+02 1.914000e+02
2.045000e+02 1.914000e+02
2.042500e+02 1.914000e+02
2.040000e+02 1.914000e+02
2.037500e+02 1.914000e+02
2.035000e+02 1.914000e+02
2.035000e+02 1.914000e+02
2.035000e+02 1.914000e+02
2.032500e+02 1.914000e+02
2.030000e+02 1.914000e+02
2.030000e+02 1.914000e+02
2.030000e+02 1.914000e+02
2.030000e+02 1.914000e+02
2.030000e+02 1.914000e+02
