2.725000e+02 2.304000e+02
2.725000e+02 2.304000e+02
2.725000e+02 2.304000e+02
2.725000e+02 2.304000e+02
2.725000e+02 2.304000e+02
2.725000e+02 2.302500e+02
2.725000e+02 2.301000e+02
2.725000e+02 2.299500e+02
2.725000e+02 2.298000e+02
2.725000e+02 2.298000e+02
2.725000e+02 2.298000e+02
2.725000e+02 2.298000e+02
2.725000e+02 2.298000e+02
2.723750e+02 2.298000e+02
2.722500e+02 2.298000e+02
2.721250e+02 2.298000e+02
2.720000e+02 2.298000e+02
2.720000e+02 2.298000e+02
2.720000e+02 2.298000e+02
2.720000e+02 2.298000e+02
2.720000e+02 2.298000e+02
2.720000e+02 2.298000e+02
2.720000e+02 2.298000e+02
2.720000e+02 2.298000e+02
2.720000e+02 2.298000e+02
2.718750e+02 2.301000e+02
2.717500e+02 2.304000e+02
2.716250e+02 2.307000e+02
2.715000e+02 2.310000e+02
2.715000e+02 2.314500e+02
2.715000e+02 2.319000e+02
2.715000e+02 2.323500e+02
2.715000e+02 2.328000e+02
2.713750e+02 2.335500e+02
2.712500e+02 2.343000e+02
2.711250e+02 2.350500e+02
2.710000e+02 2.358000e+02
2.710000e+02 2.367000e+02
2.710000e+02 2.376000e+02
2.710000e+02 2.385000e+02
2.710000e+02 2.394000e+02
2.708750e+02 2.404500e+02
2.707500e+02 2.415000e+02
2.706250e+02 2.425500e+02
2.705000e+02 2.436000e+02
2.703750e+02 2.448000e+02
2.702500e+02 2.460000e+02
2.701250e+02 2.472000e+02
2.700000e+02 2.484000e+02
2.698750e+02 2.494500e+02
2.697500e+02 2.505000e+02
2.696250e+02 2.515500e+02
2.695000e+02 2.526000e+02
2.693750e+02 2.538000e+02
2.692500e+02 2.550000e+02
2.691250e+02 2.562000e+02
2.690000e+02 2.574000e+02
2.690000e+02 2.587500e+02
2.690000e+02 2.601000e+02
2.690000e+02 2.614500e+02
2.690000e+02 2.628000e+02
2.690000e+02 2.640000e+02
2.690000e+02 2.652000e+02
2.690000e+02 2.664000e+02
2.690000e+02 2.676000e+02
2.688750e+02 2.695500e+02
2.687500e+02 2.715000e+02
2.686250e+02 2.734500e+02
2.685000e+02 2.754000e+02
2.685000e+02 2.769000e+02
2.685000e+02 2.784000e+02
2.685000e+02 2.799000e+02
2.685000e+02 2.814000e+02
2.685000e+02 2.827500e+02
2.685000e+02 2.841000e+02
2.685000e+02 2.854500e+02
2.685000e+02 2.868000e+02
2.686250e+02 2.883000e+02
2.687500e+02 2.898000e+02
2.688750e+02 2.913000e+02
2.690000e+02 2.928000e+02
2.690000e+02 2.941500e+02
2.690000e+02 2.955000e+02
2.690000e+02 2.968500e+02
2.690000e+02 2.982000e+02
2.690000e+02 2.995500e+02
2.690000e+02 3.009000e+02
2.690000e+02 3.022500e+02
2.690000e+02 3.036000e+02
2.690000e+02 3.049500e+02
2.690000e+02 3.063000e+02
2.690000e+02 3.076500e+02
2.690000e+02 3.090000e+02
2.690000e+02 3.103500e+02
2.690000e+02 3.117000e+02
2.690000e+02 3.130500e+02
2.690000e+02 3.144000e+02
2.691250e+02 3.156000e+02
2.692500e+02 3.168000e+02
2.693750e+02 3.180000e+02
2.695000e+02 3.192000e+02
2.695000e+02 3.207000e+02
2.695000e+02 3.222000e+02
2.695000e+02 3.237000e+02
2.695000e+02 3.252000e+02
2.696250e+02 3.265500e+02
2.697500e+02 3.279000e+02
2.698750e+02 3.292500e+02
2.700000e+02 3.306000e+02
2.701250e+02 3.319500e+02
2.702500e+02 3.333000e+02
2.703750e+02 3.346500e+02
2.705000e+02 3.360000e+02
2.706250e+02 3.382500e+02
2.707500e+02 3.405000e+02
2.708750e+02 3.427500e+02
2.710000e+02 3.450000e+02
2.710000e+02 3.466500e+02
2.710000e+02 3.483000e+02
2.710000e+02 3.499500e+02
2.710000e+02 3.516000e+02
2.711250e+02 3.531000e+02
2.712500e+02 3.546000e+02
2.713750e+02 3.561000e+02
2.715000e+02 3.576000e+02
2.716250e+02 3.591000e+02
2.717500e+02 3.606000e+02
2.718750e+02 3.621000e+02
2.720000e+02 3.636000e+02
2.720000e+02 3.651000e+02
2.720000e+02 3.666000e+02
2.720000e+02 3.696000e+02
2.722500e+02 3.720000e+02
2.725000e+02 3.744000e+02
2.725000e+02 3.771000e+02
2.725000e+02 3.798000e+02
2.727500e+02 3.825000e+02
2.730000e+02 3.852000e+02
2.730000e+02 3.876000e+02
2.730000e+02 3.900000e+02
2.730000e+02 3.924000e+02
2.730000e+02 3.948000e+02
2.732500e+02 3.972000e+02
2.735000e+02 3.996000e+02
2.735000e+02 4.023000e+02
2.735000e+02 4.050000e+02
2.735000e+02 4.068000e+02
2.735000e+02 4.086000e+02
2.737500e+02 4.098000e+02
2.740000e+02 4.110000e+02
2.740000e+02 4.125000e+02
2.740000e+02 4.140000e+02
2.740000e+02 4.155000e+02
2.740000e+02 4.170000e+02
2.740000e+02 4.182000e+02
2.740000e+02 4.194000e+02
2.742500e+02 4.206000e+02
2.745000e+02 4.218000e+02
2.745000e+02 4.230000e+02
2.745000e+02 4.242000e+02
2.745000e+02 4.251000e+02
2.745000e+02 4.260000e+02
2.747500e+02 4.269000e+02
2.750000e+02 4.278000e+02
2.750000e+02 4.287000e+02
2.750000e+02 4.296000e+02
2.750000e+02 4.305000e+02
2.750000e+02 4.314000e+02
2.750000e+02 4.320000e+02
2.750000e+02 4.326000e+02
2.750000e+02 4.332000e+02
2.750000e+02 4.338000e+02
2.750000e+02 4.341000e+02
2.750000e+02 4.344000e+02
2.750000e+02 4.350000e+02
2.750000e+02 4.356000e+02
2.752500e+02 4.359000e+02
2.755000e+02 4.362000e+02
2.755000e+02 4.365000e+02
2.755000e+02 4.368000e+02
2.755000e+02 4.371000e+02
2.755000e+02 4.374000e+02
2.755000e+02 4.374000e+02
2.755000e+02 4.374000e+02
2.755000e+02 4.374000e+02
2.755000e+02 4.374000e+02
2.755000e+02 4.377000e+02
2.755000e+02 4.380000e+02
2.755000e+02 4.380000e+02
2.755000e+02 4.380000e+02
2.755000e+02 4.380000e+02
2.755000e+02 4.380000e+02
2.755000e+02 4.383000e+02
2.755000e+02 4.386000e+02
2.752500e+02 4.380000e+02
2.750000e+02 4.374000e+02
2.750000e+02 4.371000e+02
2.750000e+02 4.368000e+02
2.750000e+02 4.368000e+02
2.750000e+02 4.368000e+02
