4.575000e+02 2.154000e+02
4.575000e+02 2.154000e+02
4.575000e+02 2.154000e+02
4.575000e+02 2.154000e+02
4.575000e+02 2.154000e+02
4.573750e+02 2.154000e+02
4.572500e+02 2.154000e+02
4.571250e+02 2.154000e+02
4.570000e+02 2.154000e+02
4.568750e+02 2.154000e+02
4.567500e+02 2.154000e+02
4.566250e+02 2.154000e+02
4.565000e+02 2.154000e+02
4.562500e+02 2.154000e+02
4.560000e+02 2.154000e+02
4.557500e+02 2.154000e+02
4.555000e+02 2.154000e+02
4.552500e+02 2.154000e+02
4.550000e+02 2.154000e+02
4.547500e+02 2.154000e+02
4.545000e+02 2.154000e+02
4.542500e+02 2.154000e+02
4.540000e+02 2.154000e+02
4.537500e+02 2.154000e+02
4.535000e+02 2.154000e+02
4.530000e+02 2.152500e+02
4.525000e+02 2.151000e+02
4.520000e+02 2.149500e+02
4.515000e+02 2.148000e+02
4.511250e+02 2.148000e+02
4.507500e+02 2.148000e+02
4.503750e+02 2.148000e+02
4.500000e+02 2.148000e+02
4.493750e+02 2.148000e+02
4.487500e+02 2.148000e+02
4.481250e+02 2.148000e+02
4.475000e+02 2.148000e+02
4.470000e+02 2.148000e+02
4.465000e+02 2.148000e+02
4.460000e+02 2.148000e+02
4.455000e+02 2.148000e+02
4.448750e+02 2.148000e+02
4.442500e+02 2.148000e+02
4.436250e+02 2.148000e+02
4.430000e+02 2.148000e+02
4.423750e+02 2.148000e+02
4.417500e+02 2.148000e+02
4.411250e+02 2.148000e+02
4.405000e+02 2.148000e+02
4.398750e+02 2.148000e+02
4.392500e+02 2.148000e+02
4.386250e+02 2.148000e+02
4.380000e+02 2.148000e+02
4.372500e+02 2.148000e+02
4.365000e+02 2.148000e+02
4.357500e+02 2.148000e+02
4.350000e+02 2.148000e+02
4.341250e+02 2.148000e+02
4.332500e+02 2.148000e+02
4.323750e+02 2.148000e+02
4.315000e+02 2.148000e+02
4.307500e+02 2.148000e+02
4.300000e+02 2.148000e+02
4.292500e+02 2.148000e+02
4.285000e+02 2.148000e+02
4.270000e+02 2.148000e+02
4.255000e+02 2.148000e+02
4.240000e+02 2.148000e+02
4.225000e+02 2.148000e+02
4.220000e+02 2.148000e+02
4.215000e+02 2.148000e+02
4.210000e+02 2.148000e+02
4.205000e+02 2.148000e+02
4.195000e+02 2.148000e+02
4.185000e+02 2.148000e+02
4.175000e+02 2.148000e+02
4.165000e+02 2.148000e+02
4.153750e+02 2.148000e+02
4.142500e+02 2.148000e+02
4.131250e+02 2.148000e+02
4.120000e+02 2.148000e+02
4.108750e+02 2.148000e+02
4.097500e+02 2.148000e+02
4.086250e+02 2.148000e+02
4.075000e+02 2.148000e+02
4.062500e+02 2.149500e+02
4.050000e+02 2.151000e+02
4.037500e+02 2.152500e+02
4.025000e+02 2.154000e+02
4.012500e+02 2.154000e+02
4.000000e+02 2.154000e+02
3.975000e+02 2.154000e+02
3.950000e+02 2.154000e+02
3.925000e+02 2.154000e+02
3.897500e+02 2.154000e+02
3.870000e+02 2.154000e+02
3.830000e+02 2.157000e+02
3.790000e+02 2.160000e+02
3.745000e+02 2.160000e+02
3.700000e+02 2.160000e+02
3.672500e+02 2.160000e+02
3.645000e+02 2.160000e+02
3.615000e+02 2.160000e+02
3.585000e+02 2.160000e+02
3.555000e+02 2.160000e+02
3.525000e+02 2.160000e+02
3.482500e+02 2.163000e+02
3.440000e+02 2.166000e+02
3.410000e+02 2.166000e+02
3.380000e+02 2.166000e+02
3.352500e+02 2.166000e+02
3.325000e+02 2.166000e+02
3.297500e+02 2.169000e+02
3.270000e+02 2.172000e+02
3.240000e+02 2.172000e+02
3.210000e+02 2.172000e+02
3.182500e+02 2.172000e+02
3.155000e+02 2.172000e+02
3.127500e+02 2.175000e+02
3.100000e+02 2.178000e+02
3.075000e+02 2.178000e+02
3.050000e+02 2.178000e+02
3.035000e+02 2.178000e+02
3.020000e+02 2.178000e+02
2.992500e+02 2.178000e+02
2.965000e+02 2.178000e+02
2.940000e+02 2.181000e+02
2.915000e+02 2.184000e+02
2.890000e+02 2.184000e+02
2.865000e+02 2.184000e+02
2.840000e+02 2.184000e+02
2.815000e+02 2.184000e+02
2.790000e+02 2.187000e+02
2.765000e+02 2.190000e+02
2.752500e+02 2.190000e+02
2.740000e+02 2.190000e+02
2.715000e+02 2.193000e+02
2.690000e+02 2.196000e+02
2.667500e+02 2.199000e+02
2.645000e+02 2.202000e+02
2.622500e+02 2.202000e+02
2.600000e+02 2.202000e+02
2.580000e+02 2.205000e+02
2.560000e+02 2.208000e+02
2.537500e+02 2.211000e+02
2.515000e+02 2.214000e+02
2.492500e+02 2.214000e+02
2.470000e+02 2.214000e+02
2.437500e+02 2.220000e+02
2.405000e+02 2.226000e+02
2.375000e+02 2.229000e+02
2.345000e+02 2.232000e+02
2.327500e+02 2.232000e+02
2.310000e+02 2.232000e+02
2.290000e+02 2.235000e+02
2.270000e+02 2.238000e+02
2.252500e+02 2.238000e+02
2.235000e+02 2.238000e+02
2.220000e+02 2.241000e+02
2.205000e+02 2.244000e+02
2.182500e+02 2.244000e+02
2.160000e+02 2.244000e+02
2.155000e+02 2.244000e+02
2.150000e+02 2.244000e+02
2.125000e+02 2.247000e+02
2.100000e+02 2.250000e+02
2.092500e+02 2.250000e+02
2.085000e+02 2.250000e+02
2.075000e+02 2.250000e+02
2.065000e+02 2.250000e+02
2.060000e+02 2.250000e+02
2.055000e+02 2.250000e+02
2.047500e+02 2.250000e+02
2.040000e+02 2.250000e+02
2.035000e+02 2.250000e+02
2.030000e+02 2.250000e+02
2.025000e+02 2.250000e+02
2.020000e+02 2.250000e+02
2.017500e+02 2.250000e+02
2.015000e+02 2.250000e+02
2.012500e+02 2.247000e+02
2.010000e+02 2.244000e+02
2.007500e+02 2.244000e+02
2.005000e+02 2.244000e+02
2.002500e+02 2.244000e+02
2.000000e+02 2.244000e+02
2.000000e+02 2.244000e+02
2.000000e+02 2.244000e+02
1.997500e+02 2.244000e+02
1.995000e+02 2.244000e+02
1.995000e+02 2.244000e+02
1.995000e+02 2.244000e+02
1.995000e+02 2.244000e+02
1.995000e+02 2.244000e+02
1.997500e+02 2.244000e+02
2.000000e+02 2.244000e+02
2.002500e+02 2.244000e+02
2.005000e+02 2.244000e+02
2.005000e+02 2.244000e+02
2.005000e+02 2.244000e+02
