2.265000e+02 3.684000e+02
2.265000e+02 3.684000e+02
2.265000e+02 3.684000e+02
2.265000e+02 3.684000e+02
2.265000e+02 3.684000e+02
2.263750e+02 3.684000e+02
2.262500e+02 3.684000e+02
2.261250e+02 3.684000e+02
2.260000e+02 3.684000e+02
2.258750e+02 3.684000e+02
2.257500e+02 3.684000e+02
2.256250e+02 3.684000e+02
2.255000e+02 3.684000e+02
2.253750e+02 3.682500e+02
2.252500e+02 3.681000e+02
2.251250e+02 3.679500e+02
2.250000e+02 3.678000e+02
2.248750e+02 3.675000e+02
2.247500e+02 3.672000e+02
2.246250e+02 3.669000e+02
2.245000e+02 3.666000e+02
2.243750e+02 3.661500e+02
2.242500e+02 3.657000e+02
2.241250e+02 3.652500e+02
2.240000e+02 3.648000e+02
2.238750e+02 3.643500e+02
2.237500e+02 3.639000e+02
2.236250e+02 3.634500e+02
2.235000e+02 3.630000e+02
2.235000e+02 3.624000e+02
2.235000e+02 3.618000e+02
2.235000e+02 3.612000e+02
2.235000e+02 3.606000e+02
2.233750e+02 3.594000e+02
2.232500e+02 3.582000e+02
2.231250e+02 3.570000e+02
2.230000e+02 3.558000e+02
2.230000e+02 3.543000e+02
2.230000e+02 3.528000e+02
2.230000e+02 3.513000e+02
2.230000e+02 3.498000e+02
2.231250e+02 3.478500e+02
2.232500e+02 3.459000e+02
2.233750e+02 3.439500e+02
2.235000e+02 3.420000e+02
2.236250e+02 3.403500e+02
2.237500e+02 3.387000e+02
2.238750e+02 3.370500e+02
2.240000e+02 3.354000e+02
2.240000e+02 3.337500e+02
2.240000e+02 3.321000e+02
2.240000e+02 3.304500e+02
2.240000e+02 3.288000e+02
2.241250e+02 3.267000e+02
2.242500e+02 3.246000e+02
2.243750e+02 3.225000e+02
2.245000e+02 3.204000e+02
2.246250e+02 3.184500e+02
2.247500e+02 3.165000e+02
2.248750e+02 3.145500e+02
2.250000e+02 3.126000e+02
2.250000e+02 3.102000e+02
2.250000e+02 3.078000e+02
2.250000e+02 3.054000e+02
2.250000e+02 3.030000e+02
2.251250e+02 3.009000e+02
2.252500e+02 2.988000e+02
2.253750e+02 2.967000e+02
2.255000e+02 2.946000e+02
2.255000e+02 2.925000e+02
2.255000e+02 2.904000e+02
2.255000e+02 2.883000e+02
2.255000e+02 2.862000e+02
2.255000e+02 2.841000e+02
2.255000e+02 2.820000e+02
2.255000e+02 2.799000e+02
2.255000e+02 2.778000e+02
2.255000e+02 2.755500e+02
2.255000e+02 2.733000e+02
2.255000e+02 2.710500e+02
2.255000e+02 2.688000e+02
2.256250e+02 2.667000e+02
2.257500e+02 2.646000e+02
2.258750e+02 2.625000e+02
2.260000e+02 2.604000e+02
2.260000e+02 2.584500e+02
2.260000e+02 2.565000e+02
2.260000e+02 2.545500e+02
2.260000e+02 2.526000e+02
2.260000e+02 2.503500e+02
2.260000e+02 2.481000e+02
2.260000e+02 2.458500e+02
2.260000e+02 2.436000e+02
2.260000e+02 2.415000e+02
2.260000e+02 2.394000e+02
2.260000e+02 2.373000e+02
2.260000e+02 2.352000e+02
2.260000e+02 2.329500e+02
2.260000e+02 2.307000e+02
2.260000e+02 2.284500e+02
2.260000e+02 2.262000e+02
2.260000e+02 2.239500e+02
2.260000e+02 2.217000e+02
2.260000e+02 2.194500e+02
2.260000e+02 2.172000e+02
2.258750e+02 2.151000e+02
2.257500e+02 2.130000e+02
2.256250e+02 2.109000e+02
2.255000e+02 2.088000e+02
2.255000e+02 2.056500e+02
2.255000e+02 2.025000e+02
2.255000e+02 1.993500e+02
2.255000e+02 1.962000e+02
2.253750e+02 1.953000e+02
2.252500e+02 1.944000e+02
2.251250e+02 1.935000e+02
2.250000e+02 1.926000e+02
2.250000e+02 1.894500e+02
2.250000e+02 1.863000e+02
2.250000e+02 1.831500e+02
2.250000e+02 1.800000e+02
2.248750e+02 1.792500e+02
2.247500e+02 1.785000e+02
2.246250e+02 1.777500e+02
2.245000e+02 1.770000e+02
2.245000e+02 1.752000e+02
2.245000e+02 1.734000e+02
2.245000e+02 1.716000e+02
2.245000e+02 1.698000e+02
2.245000e+02 1.681500e+02
2.245000e+02 1.665000e+02
2.245000e+02 1.648500e+02
2.245000e+02 1.632000e+02
2.245000e+02 1.618500e+02
2.245000e+02 1.605000e+02
2.245000e+02 1.591500e+02
2.245000e+02 1.578000e+02
2.245000e+02 1.563000e+02
2.245000e+02 1.548000e+02
2.245000e+02 1.533000e+02
2.245000e+02 1.518000e+02
2.245000e+02 1.506000e+02
2.245000e+02 1.494000e+02
2.245000e+02 1.482000e+02
2.245000e+02 1.470000e+02
2.245000e+02 1.459500e+02
2.245000e+02 1.449000e+02
2.245000e+02 1.438500e+02
2.245000e+02 1.428000e+02
2.245000e+02 1.419000e+02
2.245000e+02 1.410000e+02
2.245000e+02 1.401000e+02
2.245000e+02 1.392000e+02
2.245000e+02 1.383000e+02
2.245000e+02 1.374000e+02
2.245000e+02 1.365000e+02
2.245000e+02 1.356000e+02
2.245000e+02 1.347000e+02
2.245000e+02 1.338000e+02
2.245000e+02 1.329000e+02
2.245000e+02 1.320000e+02
2.245000e+02 1.311000e+02
2.245000e+02 1.302000e+02
2.245000e+02 1.284000e+02
2.242500e+02 1.272000e+02
2.240000e+02 1.260000e+02
2.240000e+02 1.245000e+02
2.240000e+02 1.230000e+02
2.240000e+02 1.218000e+02
2.240000e+02 1.206000e+02
2.240000e+02 1.194000e+02
2.240000e+02 1.182000e+02
2.240000e+02 1.173000e+02
2.240000e+02 1.164000e+02
2.237500e+02 1.155000e+02
2.235000e+02 1.146000e+02
2.235000e+02 1.137000e+02
2.235000e+02 1.128000e+02
2.235000e+02 1.125000e+02
2.235000e+02 1.122000e+02
2.235000e+02 1.116000e+02
2.235000e+02 1.110000e+02
2.235000e+02 1.104000e+02
2.235000e+02 1.098000e+02
2.235000e+02 1.095000e+02
2.235000e+02 1.092000e+02
2.235000e+02 1.092000e+02
2.235000e+02 1.092000e+02
2.235000e+02 1.089000e+02
2.235000e+02 1.086000e+02
2.235000e+02 1.086000e+02
2.235000e+02 1.086000e+02
2.235000e+02 1.086000e+02
2.235000e+02 1.086000e+02
2.235000e+02 1.092000e+02
2.235000e+02 1.098000e+02
2.235000e+02 1.101000e+02
2.235000e+02 1.104000e+02
2.235000e+02 1.104000e+02
2.235000e+02 1.104000e+02
