1.045000e+02 3.564000e+02
1.047500e+02 3.564000e+02
1.050000e+02 3.564000e+02
1.050000e+02 3.558000e+02
1.050000e+02 3.552000e+02
1.050000e+02 3.549000e+02
1.050000e+02 3.546000e+02
1.055000e+02 3.531000e+02
1.060000e+02 3.516000e+02
1.062500e+02 3.495000e+02
1.065000e+02 3.474000e+02
1.065000e+02 3.465000e+02
1.065000e+02 3.456000e+02
1.070000e+02 3.435000e+02
1.075000e+02 3.414000e+02
1.077500e+02 3.384000e+02
1.080000e+02 3.354000e+02
1.082500e+02 3.324000e+02
1.085000e+02 3.294000e+02
1.085000e+02 3.276000e+02
1.085000e+02 3.258000e+02
1.090000e+02 3.225000e+02
1.095000e+02 3.192000e+02
1.100000e+02 3.171000e+02
1.105000e+02 3.150000e+02
1.110000e+02 3.111000e+02
1.115000e+02 3.072000e+02
1.125000e+02 3.030000e+02
1.135000e+02 2.988000e+02
1.137500e+02 2.967000e+02
1.140000e+02 2.946000e+02
1.147500e+02 2.904000e+02
1.155000e+02 2.862000e+02
1.162500e+02 2.820000e+02
1.170000e+02 2.778000e+02
1.172500e+02 2.757000e+02
1.175000e+02 2.736000e+02
1.180000e+02 2.691000e+02
1.185000e+02 2.646000e+02
1.190000e+02 2.622000e+02
1.195000e+02 2.598000e+02
1.202500e+02 2.550000e+02
1.210000e+02 2.502000e+02
1.217500e+02 2.451000e+02
1.225000e+02 2.400000e+02
1.232500e+02 2.355000e+02
1.240000e+02 2.310000e+02
1.247500e+02 2.283000e+02
1.255000e+02 2.256000e+02
1.262500e+02 2.208000e+02
1.270000e+02 2.160000e+02
1.280000e+02 2.112000e+02
1.290000e+02 2.064000e+02
1.295000e+02 2.043000e+02
1.300000e+02 2.022000e+02
1.307500e+02 1.980000e+02
1.315000e+02 1.938000e+02
1.322500e+02 1.899000e+02
1.330000e+02 1.860000e+02
1.335000e+02 1.842000e+02
1.340000e+02 1.824000e+02
1.347500e+02 1.785000e+02
1.355000e+02 1.746000e+02
1.362500e+02 1.713000e+02
1.370000e+02 1.680000e+02
1.375000e+02 1.665000e+02
1.380000e+02 1.650000e+02
1.387500e+02 1.620000e+02
1.395000e+02 1.590000e+02
1.397500e+02 1.575000e+02
1.400000e+02 1.560000e+02
1.405000e+02 1.536000e+02
1.410000e+02 1.512000e+02
1.415000e+02 1.491000e+02
1.420000e+02 1.470000e+02
1.422500e+02 1.461000e+02
1.425000e+02 1.452000e+02
1.430000e+02 1.431000e+02
1.435000e+02 1.410000e+02
1.437500e+02 1.389000e+02
1.440000e+02 1.368000e+02
1.442500e+02 1.359000e+02
1.445000e+02 1.350000e+02
1.450000e+02 1.332000e+02
1.455000e+02 1.314000e+02
1.460000e+02 1.302000e+02
1.465000e+02 1.290000e+02
1.465000e+02 1.284000e+02
1.465000e+02 1.278000e+02
1.470000e+02 1.269000e+02
1.475000e+02 1.260000e+02
1.482500e+02 1.251000e+02
1.490000e+02 1.242000e+02
1.495000e+02 1.230000e+02
1.500000e+02 1.218000e+02
1.505000e+02 1.212000e+02
1.510000e+02 1.206000e+02
1.515000e+02 1.197000e+02
1.520000e+02 1.188000e+02
1.522500e+02 1.185000e+02
1.525000e+02 1.182000e+02
1.525000e+02 1.182000e+02
1.525000e+02 1.182000e+02
1.530000e+02 1.176000e+02
1.535000e+02 1.170000e+02
1.537500e+02 1.167000e+02
1.540000e+02 1.164000e+02
1.542500e+02 1.164000e+02
1.545000e+02 1.164000e+02
1.547500e+02 1.164000e+02
1.550000e+02 1.164000e+02
1.555000e+02 1.164000e+02
1.560000e+02 1.164000e+02
1.562500e+02 1.167000e+02
1.565000e+02 1.170000e+02
1.567500e+02 1.173000e+02
1.570000e+02 1.176000e+02
1.575000e+02 1.182000e+02
1.580000e+02 1.188000e+02
1.585000e+02 1.191000e+02
1.590000e+02 1.194000e+02
1.595000e+02 1.200000e+02
1.600000e+02 1.206000e+02
1.605000e+02 1.215000e+02
1.610000e+02 1.224000e+02
1.615000e+02 1.227000e+02
1.620000e+02 1.230000e+02
1.627500e+02 1.236000e+02
1.635000e+02 1.242000e+02
1.642500e+02 1.251000e+02
1.650000e+02 1.260000e+02
1.652500e+02 1.263000e+02
1.655000e+02 1.266000e+02
1.670000e+02 1.290000e+02
1.680000e+02 1.302000e+02
1.695000e+02 1.338000e+02
1.715000e+02 1.362000e+02
1.725000e+02 1.380000e+02
1.745000e+02 1.410000e+02
1.765000e+02 1.452000e+02
1.785000e+02 1.494000e+02
1.800000e+02 1.530000e+02
1.815000e+02 1.578000e+02
1.835000e+02 1.626000e+02
1.840000e+02 1.650000e+02
1.860000e+02 1.704000e+02
1.880000e+02 1.758000e+02
1.885000e+02 1.788000e+02
1.900000e+02 1.848000e+02
1.915000e+02 1.908000e+02
1.925000e+02 1.932000e+02
1.935000e+02 1.998000e+02
1.950000e+02 2.058000e+02
1.955000e+02 2.088000e+02
1.970000e+02 2.154000e+02
1.980000e+02 2.184000e+02
1.995000e+02 2.244000e+02
2.010000e+02 2.310000e+02
2.020000e+02 2.340000e+02
2.035000e+02 2.400000e+02
2.045000e+02 2.436000e+02
2.065000e+02 2.502000e+02
2.085000e+02 2.568000e+02
2.095000e+02 2.604000e+02
2.115000e+02 2.676000e+02
2.135000e+02 2.748000e+02
2.155000e+02 2.814000e+02
2.160000e+02 2.844000e+02
2.170000e+02 2.874000e+02
2.190000e+02 2.940000e+02
2.200000e+02 2.970000e+02
2.215000e+02 3.030000e+02
2.235000e+02 3.096000e+02
2.240000e+02 3.126000e+02
2.260000e+02 3.180000e+02
2.270000e+02 3.210000e+02
2.285000e+02 3.270000e+02
2.305000e+02 3.324000e+02
2.320000e+02 3.378000e+02
2.330000e+02 3.402000e+02
2.350000e+02 3.450000e+02
2.380000e+02 3.516000e+02
2.395000e+02 3.558000e+02
2.410000e+02 3.594000e+02
2.420000e+02 3.618000e+02
2.435000e+02 3.648000e+02
2.440000e+02 3.660000e+02
2.455000e+02 3.684000e+02
2.460000e+02 3.696000e+02
2.475000e+02 3.720000e+02
2.490000e+02 3.738000e+02
2.500000e+02 3.750000e+02
2.515000e+02 3.762000e+02
2.515000e+02 3.768000e+02
2.525000e+02 3.774000e+02
2.530000e+02 3.774000e+02
2.540000e+02 3.762000e+02
2.555000e+02 3.744000e+02
2.565000e+02 3.732000e+02
2.565000e+02 3.732000e+02
