4.350000e+02 2.166000e+02
4.350000e+02 2.166000e+02
4.350000e+02 2.166000e+02
4.350000e+02 2.166000e+02
4.350000e+02 2.166000e+02
4.350000e+02 2.166000e+02
4.350000e+02 2.166000e+02
4.350000e+02 2.166000e+02
4.350000e+02 2.166000e+02
4.347500e+02 2.165250e+02
4.345000e+02 2.164500e+02
4.342500e+02 2.163750e+02
4.340000e+02 2.163000e+02
4.337500e+02 2.162250e+02
4.335000e+02 2.161500e+02
4.332500e+02 2.160750e+02
4.330000e+02 2.160000e+02
4.327500e+02 2.160000e+02
4.325000e+02 2.160000e+02
4.322500e+02 2.160000e+02
4.320000e+02 2.160000e+02
4.317500e+02 2.160000e+02
4.315000e+02 2.160000e+02
4.312500e+02 2.160000e+02
4.310000e+02 2.160000e+02
4.303750e+02 2.159250e+02
4.297500e+02 2.158500e+02
4.291250e+02 2.157750e+02
4.285000e+02 2.157000e+02
4.278750e+02 2.156250e+02
4.272500e+02 2.155500e+02
4.266250e+02 2.154750e+02
4.260000e+02 2.154000e+02
4.252500e+02 2.153250e+02
4.245000e+02 2.152500e+02
4.237500e+02 2.151750e+02
4.230000e+02 2.151000e+02
4.222500e+02 2.150250e+02
4.215000e+02 2.149500e+02
4.207500e+02 2.148750e+02
4.200000e+02 2.148000e+02
4.191875e+02 2.148000e+02
4.183750e+02 2.148000e+02
4.175625e+02 2.148000e+02
4.167500e+02 2.148000e+02
4.159375e+02 2.148000e+02
4.151250e+02 2.148000e+02
4.143125e+02 2.148000e+02
4.135000e+02 2.148000e+02
4.128750e+02 2.148000e+02
4.122500e+02 2.148000e+02
4.116250e+02 2.148000e+02
4.110000e+02 2.148000e+02
4.103750e+02 2.148000e+02
4.097500e+02 2.148000e+02
4.091250e+02 2.148000e+02
4.085000e+02 2.148000e+02
4.079375e+02 2.147250e+02
4.073750e+02 2.146500e+02
4.068125e+02 2.145750e+02
4.062500e+02 2.145000e+02
4.056875e+02 2.144250e+02
4.051250e+02 2.143500e+02
4.040000e+02 2.142000e+02
4.025000e+02 2.142000e+02
4.010000e+02 2.142000e+02
3.995000e+02 2.142000e+02
3.980000e+02 2.142000e+02
3.965000e+02 2.142000e+02
3.950000e+02 2.142000e+02
3.935000e+02 2.142000e+02
3.920000e+02 2.142000e+02
3.903750e+02 2.142000e+02
3.887500e+02 2.142000e+02
3.871250e+02 2.142000e+02
3.855000e+02 2.142000e+02
3.840000e+02 2.142000e+02
3.825000e+02 2.142000e+02
3.810000e+02 2.142000e+02
3.795000e+02 2.142000e+02
3.778750e+02 2.142000e+02
3.762500e+02 2.142000e+02
3.746250e+02 2.142000e+02
3.730000e+02 2.142000e+02
3.713750e+02 2.143500e+02
3.697500e+02 2.145000e+02
3.681250e+02 2.146500e+02
3.665000e+02 2.148000e+02
3.647500e+02 2.148000e+02
3.630000e+02 2.148000e+02
3.612500e+02 2.148000e+02
3.595000e+02 2.148000e+02
3.581250e+02 2.149500e+02
3.567500e+02 2.151000e+02
3.553750e+02 2.152500e+02
3.540000e+02 2.154000e+02
3.523750e+02 2.154000e+02
3.507500e+02 2.154000e+02
3.491250e+02 2.154000e+02
3.475000e+02 2.154000e+02
3.461250e+02 2.154000e+02
3.447500e+02 2.154000e+02
3.433750e+02 2.154000e+02
3.420000e+02 2.154000e+02
3.405000e+02 2.154000e+02
3.390000e+02 2.154000e+02
3.375000e+02 2.154000e+02
3.360000e+02 2.154000e+02
3.347500e+02 2.154000e+02
3.335000e+02 2.154000e+02
3.322500e+02 2.154000e+02
3.310000e+02 2.154000e+02
3.291250e+02 2.155500e+02
3.272500e+02 2.157000e+02
3.253750e+02 2.158500e+02
3.235000e+02 2.160000e+02
3.223750e+02 2.160000e+02
3.212500e+02 2.160000e+02
3.201250e+02 2.160000e+02
3.190000e+02 2.160000e+02
3.180000e+02 2.160000e+02
3.170000e+02 2.160000e+02
3.160000e+02 2.160000e+02
3.150000e+02 2.160000e+02
3.138750e+02 2.160000e+02
3.127500e+02 2.160000e+02
3.116250e+02 2.160000e+02
3.105000e+02 2.160000e+02
3.095000e+02 2.160000e+02
3.085000e+02 2.160000e+02
3.075000e+02 2.160000e+02
3.065000e+02 2.160000e+02
3.057500e+02 2.160000e+02
3.050000e+02 2.160000e+02
3.042500e+02 2.160000e+02
3.035000e+02 2.160000e+02
3.025000e+02 2.161500e+02
3.015000e+02 2.163000e+02
3.005000e+02 2.164500e+02
2.995000e+02 2.166000e+02
2.987500e+02 2.166000e+02
2.980000e+02 2.166000e+02
2.972500e+02 2.166000e+02
2.965000e+02 2.166000e+02
2.957500e+02 2.166000e+02
2.950000e+02 2.166000e+02
2.942500e+02 2.166000e+02
2.935000e+02 2.166000e+02
2.930000e+02 2.166000e+02
2.925000e+02 2.166000e+02
2.920000e+02 2.166000e+02
2.915000e+02 2.166000e+02
2.910000e+02 2.167500e+02
2.905000e+02 2.169000e+02
2.900000e+02 2.170500e+02
2.895000e+02 2.172000e+02
2.890000e+02 2.172000e+02
2.885000e+02 2.172000e+02
2.880000e+02 2.172000e+02
2.875000e+02 2.172000e+02
2.871250e+02 2.172000e+02
2.867500e+02 2.172000e+02
2.863750e+02 2.172000e+02
2.860000e+02 2.172000e+02
2.856250e+02 2.172000e+02
2.852500e+02 2.172000e+02
2.848750e+02 2.172000e+02
2.845000e+02 2.172000e+02
2.842500e+02 2.172000e+02
2.840000e+02 2.172000e+02
2.837500e+02 2.172000e+02
2.835000e+02 2.172000e+02
2.832500e+02 2.172000e+02
2.830000e+02 2.172000e+02
2.827500e+02 2.172000e+02
2.825000e+02 2.172000e+02
2.823750e+02 2.172000e+02
2.822500e+02 2.172000e+02
2.821250e+02 2.172000e+02
2.820000e+02 2.172000e+02
2.818750e+02 2.172000e+02
2.817500e+02 2.172000e+02
2.816250e+02 2.172000e+02
2.815000e+02 2.172000e+02
2.813750e+02 2.172000e+02
2.812500e+02 2.172000e+02
2.811250e+02 2.172000e+02
2.810000e+02 2.172000e+02
2.810000e+02 2.172000e+02
2.810000e+02 2.172000e+02
2.810000e+02 2.172000e+02
2.810000e+02 2.172000e+02
2.810000e+02 2.172000e+02
2.810000e+02 2.172000e+02
2.810000e+02 2.172000e+02
2.810000e+02 2.172000e+02
2.810000e+02 2.172000e+02
2.810000e+02 2.172000e+02
2.810000e+02 2.172000e+02
2.810000e+02 2.172000e+02
