1.490000e+02 2.814000e+02
1.490000e+02 2.814000e+02
1.490000e+02 2.814000e+02
1.490000e+02 2.814000e+02
1.490000e+02 2.814000e+02
1.491250e+02 2.814000e+02
1.492500e+02 2.814000e+02
1.493750e+02 2.814000e+02
1.495000e+02 2.814000e+02
1.497500e+02 2.812500e+02
1.500000e+02 2.811000e+02
1.502500e+02 2.809500e+02
1.505000e+02 2.808000e+02
1.508750e+02 2.806500e+02
1.512500e+02 2.805000e+02
1.516250e+02 2.803500e+02
1.520000e+02 2.802000e+02
1.527500e+02 2.800500e+02
1.535000e+02 2.799000e+02
1.542500e+02 2.797500e+02
1.550000e+02 2.796000e+02
1.557500e+02 2.793000e+02
1.565000e+02 2.790000e+02
1.572500e+02 2.787000e+02
1.580000e+02 2.784000e+02
1.587500e+02 2.782500e+02
1.595000e+02 2.781000e+02
1.602500e+02 2.779500e+02
1.610000e+02 2.778000e+02
1.617500e+02 2.776500e+02
1.625000e+02 2.775000e+02
1.632500e+02 2.773500e+02
1.640000e+02 2.772000e+02
1.650000e+02 2.770500e+02
1.660000e+02 2.769000e+02
1.670000e+02 2.767500e+02
1.680000e+02 2.766000e+02
1.691250e+02 2.763000e+02
1.702500e+02 2.760000e+02
1.713750e+02 2.757000e+02
1.725000e+02 2.754000e+02
1.736250e+02 2.752500e+02
1.747500e+02 2.751000e+02
1.758750e+02 2.749500e+02
1.770000e+02 2.748000e+02
1.788750e+02 2.743500e+02
1.807500e+02 2.739000e+02
1.845000e+02 2.730000e+02
1.872500e+02 2.727000e+02
1.900000e+02 2.724000e+02
1.942500e+02 2.715000e+02
1.985000e+02 2.706000e+02
2.030000e+02 2.697000e+02
2.075000e+02 2.688000e+02
2.107500e+02 2.682000e+02
2.140000e+02 2.676000e+02
2.172500e+02 2.670000e+02
2.205000e+02 2.664000e+02
2.240000e+02 2.658000e+02
2.275000e+02 2.652000e+02
2.305000e+02 2.649000e+02
2.335000e+02 2.646000e+02
2.370000e+02 2.640000e+02
2.405000e+02 2.634000e+02
2.455000e+02 2.628000e+02
2.505000e+02 2.622000e+02
2.540000e+02 2.619000e+02
2.575000e+02 2.616000e+02
2.592500e+02 2.613000e+02
2.610000e+02 2.610000e+02
2.647500e+02 2.604000e+02
2.685000e+02 2.598000e+02
2.702500e+02 2.598000e+02
2.720000e+02 2.598000e+02
2.755000e+02 2.595000e+02
2.790000e+02 2.592000e+02
2.825000e+02 2.586000e+02
2.860000e+02 2.580000e+02
2.897500e+02 2.577000e+02
2.935000e+02 2.574000e+02
2.970000e+02 2.571000e+02
3.005000e+02 2.568000e+02
3.040000e+02 2.568000e+02
3.075000e+02 2.568000e+02
3.112500e+02 2.565000e+02
3.150000e+02 2.562000e+02
3.182500e+02 2.559000e+02
3.215000e+02 2.556000e+02
3.252500e+02 2.556000e+02
3.290000e+02 2.556000e+02
3.327500e+02 2.553000e+02
3.365000e+02 2.550000e+02
3.402500e+02 2.550000e+02
3.440000e+02 2.550000e+02
3.475000e+02 2.547000e+02
3.510000e+02 2.544000e+02
3.547500e+02 2.544000e+02
3.585000e+02 2.544000e+02
3.622500e+02 2.541000e+02
3.660000e+02 2.538000e+02
3.702500e+02 2.535000e+02
3.745000e+02 2.532000e+02
3.782500e+02 2.529000e+02
3.820000e+02 2.526000e+02
3.875000e+02 2.523000e+02
3.930000e+02 2.520000e+02
3.947500e+02 2.520000e+02
3.965000e+02 2.520000e+02
4.002500e+02 2.520000e+02
4.040000e+02 2.520000e+02
4.077500e+02 2.517000e+02
4.115000e+02 2.514000e+02
4.150000e+02 2.514000e+02
4.185000e+02 2.514000e+02
4.220000e+02 2.514000e+02
4.255000e+02 2.514000e+02
4.287500e+02 2.511000e+02
4.320000e+02 2.508000e+02
4.352500e+02 2.508000e+02
4.385000e+02 2.508000e+02
4.417500e+02 2.508000e+02
4.450000e+02 2.508000e+02
4.497500e+02 2.508000e+02
4.545000e+02 2.508000e+02
4.560000e+02 2.508000e+02
4.575000e+02 2.508000e+02
4.605000e+02 2.508000e+02
4.635000e+02 2.508000e+02
4.665000e+02 2.508000e+02
4.695000e+02 2.508000e+02
4.727500e+02 2.511000e+02
4.760000e+02 2.514000e+02
4.787500e+02 2.511000e+02
4.815000e+02 2.508000e+02
4.845000e+02 2.511000e+02
4.875000e+02 2.514000e+02
4.915000e+02 2.514000e+02
4.955000e+02 2.514000e+02
4.967500e+02 2.514000e+02
4.980000e+02 2.514000e+02
5.007500e+02 2.514000e+02
5.035000e+02 2.514000e+02
5.060000e+02 2.514000e+02
5.085000e+02 2.514000e+02
5.097500e+02 2.514000e+02
5.110000e+02 2.514000e+02
5.135000e+02 2.514000e+02
5.160000e+02 2.514000e+02
5.182500e+02 2.514000e+02
5.205000e+02 2.514000e+02
5.227500e+02 2.514000e+02
5.250000e+02 2.514000e+02
5.272500e+02 2.514000e+02
5.295000e+02 2.514000e+02
5.315000e+02 2.514000e+02
5.335000e+02 2.514000e+02
5.352500e+02 2.514000e+02
5.370000e+02 2.514000e+02
5.390000e+02 2.517000e+02
5.410000e+02 2.520000e+02
5.430000e+02 2.520000e+02
5.450000e+02 2.520000e+02
5.467500e+02 2.523000e+02
5.485000e+02 2.526000e+02
5.505000e+02 2.529000e+02
5.525000e+02 2.532000e+02
5.542500e+02 2.535000e+02
5.560000e+02 2.538000e+02
5.582500e+02 2.541000e+02
5.605000e+02 2.544000e+02
5.617500e+02 2.547000e+02
5.630000e+02 2.550000e+02
5.647500e+02 2.553000e+02
5.665000e+02 2.556000e+02
5.677500e+02 2.559000e+02
5.690000e+02 2.562000e+02
5.697500e+02 2.562000e+02
5.705000e+02 2.562000e+02
5.707500e+02 2.562000e+02
5.710000e+02 2.562000e+02
5.712500e+02 2.565000e+02
5.715000e+02 2.568000e+02
5.722500e+02 2.568000e+02
5.730000e+02 2.568000e+02
5.730000e+02 2.568000e+02
5.730000e+02 2.568000e+02
5.732500e+02 2.571000e+02
5.735000e+02 2.574000e+02
5.737500e+02 2.574000e+02
5.740000e+02 2.574000e+02
5.742500e+02 2.574000e+02
5.745000e+02 2.574000e+02
5.747500e+02 2.577000e+02
5.750000e+02 2.580000e+02
5.750000e+02 2.583000e+02
5.750000e+02 2.586000e+02
5.752500e+02 2.589000e+02
5.755000e+02 2.592000e+02
5.755000e+02 2.592000e+02
5.755000e+02 2.592000e+02
