1.615000e+02 3.690000e+02
1.615000e+02 3.690000e+02
1.615000e+02 3.690000e+02
1.615000e+02 3.690000e+02
1.615000e+02 3.690000e+02
1.615000e+02 3.681000e+02
1.615000e+02 3.672000e+02
1.615000e+02 3.663000e+02
1.615000e+02 3.654000e+02
1.613750e+02 3.648000e+02
1.612500e+02 3.642000e+02
1.611250e+02 3.636000e+02
1.610000e+02 3.630000e+02
1.611250e+02 3.616500e+02
1.612500e+02 3.603000e+02
1.615000e+02 3.576000e+02
1.620000e+02 3.537000e+02
1.625000e+02 3.498000e+02
1.630000e+02 3.474000e+02
1.635000e+02 3.450000e+02
1.645000e+02 3.396000e+02
1.655000e+02 3.342000e+02
1.662500e+02 3.285000e+02
1.670000e+02 3.228000e+02
1.675000e+02 3.198000e+02
1.680000e+02 3.168000e+02
1.685000e+02 3.141000e+02
1.690000e+02 3.114000e+02
1.700000e+02 3.054000e+02
1.710000e+02 2.994000e+02
1.722500e+02 2.931000e+02
1.735000e+02 2.868000e+02
1.740000e+02 2.838000e+02
1.745000e+02 2.808000e+02
1.760000e+02 2.739000e+02
1.775000e+02 2.670000e+02
1.785000e+02 2.604000e+02
1.795000e+02 2.538000e+02
1.807500e+02 2.475000e+02
1.820000e+02 2.412000e+02
1.825000e+02 2.385000e+02
1.830000e+02 2.358000e+02
1.840000e+02 2.298000e+02
1.850000e+02 2.238000e+02
1.855000e+02 2.208000e+02
1.860000e+02 2.178000e+02
1.870000e+02 2.118000e+02
1.880000e+02 2.058000e+02
1.890000e+02 2.001000e+02
1.900000e+02 1.944000e+02
1.902500e+02 1.917000e+02
1.905000e+02 1.890000e+02
1.912500e+02 1.836000e+02
1.920000e+02 1.782000e+02
1.927500e+02 1.731000e+02
1.935000e+02 1.680000e+02
1.937500e+02 1.653000e+02
1.940000e+02 1.626000e+02
1.950000e+02 1.584000e+02
1.960000e+02 1.542000e+02
1.965000e+02 1.518000e+02
1.970000e+02 1.494000e+02
1.982500e+02 1.455000e+02
1.995000e+02 1.416000e+02
2.010000e+02 1.380000e+02
2.025000e+02 1.344000e+02
2.037500e+02 1.311000e+02
2.050000e+02 1.278000e+02
2.065000e+02 1.248000e+02
2.080000e+02 1.218000e+02
2.097500e+02 1.194000e+02
2.115000e+02 1.170000e+02
2.127500e+02 1.149000e+02
2.140000e+02 1.128000e+02
2.147500e+02 1.119000e+02
2.155000e+02 1.110000e+02
2.160000e+02 1.104000e+02
2.165000e+02 1.098000e+02
2.177500e+02 1.083000e+02
2.190000e+02 1.068000e+02
2.202500e+02 1.059000e+02
2.215000e+02 1.050000e+02
2.220000e+02 1.044000e+02
2.225000e+02 1.038000e+02
2.237500e+02 1.035000e+02
2.250000e+02 1.032000e+02
2.262500e+02 1.032000e+02
2.275000e+02 1.032000e+02
2.280000e+02 1.035000e+02
2.285000e+02 1.038000e+02
2.297500e+02 1.047000e+02
2.310000e+02 1.056000e+02
2.327500e+02 1.071000e+02
2.345000e+02 1.086000e+02
2.352500e+02 1.092000e+02
2.360000e+02 1.098000e+02
2.367500e+02 1.107000e+02
2.375000e+02 1.116000e+02
2.385000e+02 1.134000e+02
2.395000e+02 1.152000e+02
2.407500e+02 1.170000e+02
2.420000e+02 1.188000e+02
2.432500e+02 1.209000e+02
2.445000e+02 1.230000e+02
2.457500e+02 1.254000e+02
2.470000e+02 1.278000e+02
2.482500e+02 1.302000e+02
2.495000e+02 1.326000e+02
2.507500e+02 1.356000e+02
2.520000e+02 1.386000e+02
2.527500e+02 1.401000e+02
2.535000e+02 1.416000e+02
2.547500e+02 1.446000e+02
2.560000e+02 1.476000e+02
2.572500e+02 1.512000e+02
2.585000e+02 1.548000e+02
2.592500e+02 1.563000e+02
2.600000e+02 1.578000e+02
2.620000e+02 1.635000e+02
2.640000e+02 1.692000e+02
2.652500e+02 1.725000e+02
2.665000e+02 1.758000e+02
2.675000e+02 1.800000e+02
2.685000e+02 1.842000e+02
2.692500e+02 1.860000e+02
2.700000e+02 1.878000e+02
2.715000e+02 1.920000e+02
2.730000e+02 1.962000e+02
2.745000e+02 2.004000e+02
2.760000e+02 2.046000e+02
2.765000e+02 2.067000e+02
2.770000e+02 2.088000e+02
2.785000e+02 2.133000e+02
2.800000e+02 2.178000e+02
2.815000e+02 2.217000e+02
2.830000e+02 2.256000e+02
2.847500e+02 2.301000e+02
2.865000e+02 2.346000e+02
2.882500e+02 2.385000e+02
2.900000e+02 2.424000e+02
2.915000e+02 2.466000e+02
2.930000e+02 2.508000e+02
2.947500e+02 2.547000e+02
2.965000e+02 2.586000e+02
2.975000e+02 2.607000e+02
2.985000e+02 2.628000e+02
3.000000e+02 2.670000e+02
3.015000e+02 2.712000e+02
3.030000e+02 2.754000e+02
3.045000e+02 2.796000e+02
3.057500e+02 2.835000e+02
3.070000e+02 2.874000e+02
3.077500e+02 2.898000e+02
3.085000e+02 2.922000e+02
3.097500e+02 2.958000e+02
3.110000e+02 2.994000e+02
3.117500e+02 3.015000e+02
3.125000e+02 3.036000e+02
3.137500e+02 3.075000e+02
3.150000e+02 3.114000e+02
3.162500e+02 3.153000e+02
3.175000e+02 3.192000e+02
3.182500e+02 3.213000e+02
3.190000e+02 3.234000e+02
3.200000e+02 3.270000e+02
3.210000e+02 3.306000e+02
3.222500e+02 3.342000e+02
3.235000e+02 3.378000e+02
3.240000e+02 3.396000e+02
3.245000e+02 3.414000e+02
3.255000e+02 3.444000e+02
3.265000e+02 3.474000e+02
3.270000e+02 3.489000e+02
3.275000e+02 3.504000e+02
3.282500e+02 3.534000e+02
3.290000e+02 3.564000e+02
3.300000e+02 3.588000e+02
3.310000e+02 3.612000e+02
3.317500e+02 3.633000e+02
3.325000e+02 3.654000e+02
3.330000e+02 3.660000e+02
3.335000e+02 3.666000e+02
3.340000e+02 3.681000e+02
3.345000e+02 3.696000e+02
3.350000e+02 3.702000e+02
3.355000e+02 3.708000e+02
3.360000e+02 3.717000e+02
3.365000e+02 3.726000e+02
3.370000e+02 3.732000e+02
3.375000e+02 3.738000e+02
3.380000e+02 3.744000e+02
3.385000e+02 3.750000e+02
3.385000e+02 3.750000e+02
3.385000e+02 3.750000e+02
3.385000e+02 3.753000e+02
3.385000e+02 3.756000e+02
3.377500e+02 3.756000e+02
3.370000e+02 3.756000e+02
3.370000e+02 3.756000e+02
3.370000e+02 3.756000e+02
