4.080000e+02 8.700000e+01
4.080000e+02 8.700000e+01
4.080000e+02 8.700000e+01
4.080000e+02 8.700000e+01
4.080000e+02 8.700000e+01
4.078750e+02 8.700000e+01
4.077500e+02 8.700000e+01
4.076250e+02 8.700000e+01
4.075000e+02 8.700000e+01
4.075000e+02 8.700000e+01
4.075000e+02 8.700000e+01
4.075000e+02 8.700000e+01
4.075000e+02 8.700000e+01
4.075000e+02 8.700000e+01
4.075000e+02 8.700000e+01
4.075000e+02 8.700000e+01
4.075000e+02 8.700000e+01
4.073750e+02 8.715000e+01
4.072500e+02 8.730000e+01
4.071250e+02 8.745000e+01
4.070000e+02 8.760000e+01
4.068750e+02 8.775000e+01
4.067500e+02 8.790000e+01
4.066250e+02 8.805000e+01
4.065000e+02 8.820000e+01
4.063750e+02 8.835000e+01
4.062500e+02 8.850000e+01
4.061250e+02 8.865000e+01
4.060000e+02 8.880000e+01
4.060000e+02 8.910000e+01
4.060000e+02 8.940000e+01
4.060000e+02 8.970000e+01
4.060000e+02 9.000000e+01
4.058750e+02 9.045000e+01
4.057500e+02 9.090000e+01
4.056250e+02 9.135000e+01
4.055000e+02 9.180000e+01
4.053750e+02 9.210000e+01
4.052500e+02 9.240000e+01
4.051250e+02 9.270000e+01
4.050000e+02 9.300000e+01
4.050000e+02 9.360000e+01
4.050000e+02 9.420000e+01
4.050000e+02 9.480000e+01
4.050000e+02 9.540000e+01
4.048750e+02 9.600000e+01
4.047500e+02 9.660000e+01
4.046250e+02 9.720000e+01
4.045000e+02 9.780000e+01
4.045000e+02 9.855000e+01
4.045000e+02 9.930000e+01
4.045000e+02 1.000500e+02
4.045000e+02 1.008000e+02
4.045000e+02 1.014000e+02
4.045000e+02 1.020000e+02
4.045000e+02 1.026000e+02
4.045000e+02 1.032000e+02
4.045000e+02 1.039500e+02
4.045000e+02 1.047000e+02
4.045000e+02 1.054500e+02
4.045000e+02 1.062000e+02
4.043750e+02 1.069500e+02
4.042500e+02 1.077000e+02
4.041250e+02 1.084500e+02
4.040000e+02 1.092000e+02
4.040000e+02 1.101000e+02
4.040000e+02 1.110000e+02
4.040000e+02 1.119000e+02
4.040000e+02 1.128000e+02
4.040000e+02 1.137000e+02
4.040000e+02 1.146000e+02
4.040000e+02 1.155000e+02
4.040000e+02 1.164000e+02
4.040000e+02 1.174500e+02
4.040000e+02 1.185000e+02
4.040000e+02 1.195500e+02
4.040000e+02 1.206000e+02
4.038750e+02 1.212000e+02
4.037500e+02 1.218000e+02
4.036250e+02 1.224000e+02
4.035000e+02 1.230000e+02
4.035000e+02 1.237500e+02
4.035000e+02 1.245000e+02
4.035000e+02 1.252500e+02
4.035000e+02 1.260000e+02
4.035000e+02 1.269000e+02
4.035000e+02 1.278000e+02
4.035000e+02 1.296000e+02
4.032500e+02 1.311000e+02
4.030000e+02 1.326000e+02
4.030000e+02 1.338000e+02
4.030000e+02 1.350000e+02
4.030000e+02 1.365000e+02
4.030000e+02 1.380000e+02
4.027500e+02 1.401000e+02
4.025000e+02 1.422000e+02
4.025000e+02 1.440000e+02
4.025000e+02 1.458000e+02
4.025000e+02 1.476000e+02
4.025000e+02 1.494000e+02
4.025000e+02 1.518000e+02
4.025000e+02 1.542000e+02
4.025000e+02 1.566000e+02
4.025000e+02 1.590000e+02
4.025000e+02 1.611000e+02
4.025000e+02 1.632000e+02
4.022500e+02 1.653000e+02
4.020000e+02 1.674000e+02
4.020000e+02 1.701000e+02
4.020000e+02 1.728000e+02
4.020000e+02 1.752000e+02
4.020000e+02 1.776000e+02
4.017500e+02 1.797000e+02
4.015000e+02 1.818000e+02
4.015000e+02 1.848000e+02
4.015000e+02 1.878000e+02
4.012500e+02 1.902000e+02
4.010000e+02 1.926000e+02
4.010000e+02 1.947000e+02
4.010000e+02 1.968000e+02
4.007500e+02 1.995000e+02
4.005000e+02 2.022000e+02
4.005000e+02 2.046000e+02
4.005000e+02 2.070000e+02
4.002500e+02 2.088000e+02
4.000000e+02 2.106000e+02
4.000000e+02 2.127000e+02
4.000000e+02 2.148000e+02
4.000000e+02 2.172000e+02
4.000000e+02 2.196000e+02
3.997500e+02 2.217000e+02
3.995000e+02 2.238000e+02
3.995000e+02 2.265000e+02
3.995000e+02 2.292000e+02
3.995000e+02 2.319000e+02
3.995000e+02 2.346000e+02
3.995000e+02 2.367000e+02
3.995000e+02 2.388000e+02
3.997500e+02 2.403000e+02
4.000000e+02 2.418000e+02
4.000000e+02 2.433000e+02
4.000000e+02 2.448000e+02
4.000000e+02 2.469000e+02
4.000000e+02 2.490000e+02
4.000000e+02 2.508000e+02
4.000000e+02 2.526000e+02
4.002500e+02 2.541000e+02
4.005000e+02 2.556000e+02
4.005000e+02 2.574000e+02
4.005000e+02 2.592000e+02
4.005000e+02 2.610000e+02
4.005000e+02 2.628000e+02
4.007500e+02 2.637000e+02
4.010000e+02 2.646000e+02
4.010000e+02 2.661000e+02
4.010000e+02 2.676000e+02
4.010000e+02 2.697000e+02
4.010000e+02 2.718000e+02
4.010000e+02 2.727000e+02
4.010000e+02 2.736000e+02
4.010000e+02 2.745000e+02
4.010000e+02 2.754000e+02
4.012500e+02 2.763000e+02
4.015000e+02 2.772000e+02
4.015000e+02 2.787000e+02
4.015000e+02 2.802000e+02
4.015000e+02 2.814000e+02
4.015000e+02 2.826000e+02
4.015000e+02 2.838000e+02
4.015000e+02 2.850000e+02
4.015000e+02 2.859000e+02
4.015000e+02 2.868000e+02
4.017500e+02 2.874000e+02
4.020000e+02 2.880000e+02
4.020000e+02 2.886000e+02
4.020000e+02 2.892000e+02
4.020000e+02 2.895000e+02
4.020000e+02 2.898000e+02
4.020000e+02 2.904000e+02
4.020000e+02 2.910000e+02
4.020000e+02 2.913000e+02
4.020000e+02 2.916000e+02
4.022500e+02 2.919000e+02
4.025000e+02 2.922000e+02
4.025000e+02 2.922000e+02
4.025000e+02 2.922000e+02
4.025000e+02 2.925000e+02
4.025000e+02 2.928000e+02
4.025000e+02 2.931000e+02
4.025000e+02 2.934000e+02
4.025000e+02 2.934000e+02
4.025000e+02 2.934000e+02
4.025000e+02 2.934000e+02
4.025000e+02 2.934000e+02
4.025000e+02 2.934000e+02
4.025000e+02 2.934000e+02
4.025000e+02 2.934000e+02
4.025000e+02 2.934000e+02
4.025000e+02 2.934000e+02
4.025000e+02 2.934000e+02
