2.055000e+02 3.414000e+02
2.055000e+02 3.414000e+02
2.055000e+02 3.414000e+02
2.055000e+02 3.414000e+02
2.055000e+02 3.414000e+02
2.057500e+02 3.406500e+02
2.060000e+02 3.399000e+02
2.062500e+02 3.391500e+02
2.065000e+02 3.384000e+02
2.066250e+02 3.378000e+02
2.067500e+02 3.372000e+02
2.068750e+02 3.366000e+02
2.070000e+02 3.360000e+02
2.072500e+02 3.354000e+02
2.075000e+02 3.348000e+02
2.077500e+02 3.342000e+02
2.080000e+02 3.336000e+02
2.085000e+02 3.319500e+02
2.090000e+02 3.303000e+02
2.095000e+02 3.286500e+02
2.100000e+02 3.270000e+02
2.106250e+02 3.250500e+02
2.112500e+02 3.231000e+02
2.118750e+02 3.211500e+02
2.125000e+02 3.192000e+02
2.127500e+02 3.181500e+02
2.130000e+02 3.171000e+02
2.135000e+02 3.150000e+02
2.147500e+02 3.102000e+02
2.160000e+02 3.054000e+02
2.170000e+02 3.000000e+02
2.180000e+02 2.946000e+02
2.190000e+02 2.889000e+02
2.200000e+02 2.832000e+02
2.210000e+02 2.769000e+02
2.220000e+02 2.706000e+02
2.232500e+02 2.640000e+02
2.245000e+02 2.574000e+02
2.250000e+02 2.541000e+02
2.255000e+02 2.508000e+02
2.270000e+02 2.439000e+02
2.285000e+02 2.370000e+02
2.300000e+02 2.301000e+02
2.315000e+02 2.232000e+02
2.322500e+02 2.196000e+02
2.330000e+02 2.160000e+02
2.347500e+02 2.094000e+02
2.365000e+02 2.028000e+02
2.385000e+02 1.959000e+02
2.405000e+02 1.890000e+02
2.422500e+02 1.824000e+02
2.440000e+02 1.758000e+02
2.462500e+02 1.695000e+02
2.485000e+02 1.632000e+02
2.495000e+02 1.602000e+02
2.505000e+02 1.572000e+02
2.522500e+02 1.515000e+02
2.540000e+02 1.458000e+02
2.557500e+02 1.410000e+02
2.575000e+02 1.362000e+02
2.582500e+02 1.338000e+02
2.590000e+02 1.314000e+02
2.607500e+02 1.269000e+02
2.625000e+02 1.224000e+02
2.640000e+02 1.179000e+02
2.655000e+02 1.134000e+02
2.662500e+02 1.113000e+02
2.670000e+02 1.092000e+02
2.685000e+02 1.056000e+02
2.700000e+02 1.020000e+02
2.715000e+02 9.840000e+01
2.730000e+02 9.480000e+01
2.742500e+02 9.180000e+01
2.755000e+02 8.880000e+01
2.772500e+02 8.520000e+01
2.790000e+02 8.160000e+01
2.800000e+02 7.920000e+01
2.810000e+02 7.680000e+01
2.815000e+02 7.590000e+01
2.820000e+02 7.500000e+01
2.832500e+02 7.350000e+01
2.845000e+02 7.200000e+01
2.855000e+02 7.080000e+01
2.865000e+02 6.960000e+01
2.870000e+02 6.930000e+01
2.875000e+02 6.900000e+01
2.885000e+02 6.840000e+01
2.895000e+02 6.780000e+01
2.907500e+02 6.780000e+01
2.920000e+02 6.780000e+01
2.930000e+02 6.810000e+01
2.940000e+02 6.840000e+01
2.952500e+02 6.930000e+01
2.965000e+02 7.020000e+01
2.980000e+02 7.140000e+01
2.995000e+02 7.260000e+01
3.010000e+02 7.380000e+01
3.025000e+02 7.500000e+01
3.040000e+02 7.650000e+01
3.055000e+02 7.800000e+01
3.072500e+02 8.010000e+01
3.090000e+02 8.220000e+01
3.100000e+02 8.340000e+01
3.110000e+02 8.460000e+01
3.117500e+02 8.550000e+01
3.125000e+02 8.640000e+01
3.145000e+02 8.880000e+01
3.165000e+02 9.120000e+01
3.177500e+02 9.240000e+01
3.190000e+02 9.360000e+01
3.212500e+02 9.630000e+01
3.235000e+02 9.900000e+01
3.257500e+02 1.017000e+02
3.280000e+02 1.044000e+02
3.305000e+02 1.080000e+02
3.330000e+02 1.116000e+02
3.355000e+02 1.149000e+02
3.380000e+02 1.182000e+02
3.405000e+02 1.221000e+02
3.430000e+02 1.260000e+02
3.455000e+02 1.299000e+02
3.480000e+02 1.338000e+02
3.505000e+02 1.383000e+02
3.530000e+02 1.428000e+02
3.545000e+02 1.446000e+02
3.560000e+02 1.464000e+02
3.582500e+02 1.509000e+02
3.605000e+02 1.554000e+02
3.630000e+02 1.596000e+02
3.655000e+02 1.638000e+02
3.667500e+02 1.662000e+02
3.680000e+02 1.686000e+02
3.707500e+02 1.734000e+02
3.735000e+02 1.782000e+02
3.760000e+02 1.833000e+02
3.785000e+02 1.884000e+02
3.800000e+02 1.908000e+02
3.815000e+02 1.932000e+02
3.840000e+02 1.980000e+02
3.865000e+02 2.028000e+02
3.892500e+02 2.079000e+02
3.920000e+02 2.130000e+02
3.935000e+02 2.154000e+02
3.950000e+02 2.178000e+02
3.980000e+02 2.229000e+02
4.010000e+02 2.280000e+02
4.040000e+02 2.328000e+02
4.070000e+02 2.376000e+02
4.082500e+02 2.400000e+02
4.095000e+02 2.424000e+02
4.125000e+02 2.472000e+02
4.155000e+02 2.520000e+02
4.170000e+02 2.547000e+02
4.185000e+02 2.574000e+02
4.215000e+02 2.619000e+02
4.245000e+02 2.664000e+02
4.275000e+02 2.709000e+02
4.305000e+02 2.754000e+02
4.335000e+02 2.796000e+02
4.365000e+02 2.838000e+02
4.380000e+02 2.859000e+02
4.395000e+02 2.880000e+02
4.425000e+02 2.922000e+02
4.455000e+02 2.964000e+02
4.467500e+02 2.982000e+02
4.480000e+02 3.000000e+02
4.507500e+02 3.039000e+02
4.535000e+02 3.078000e+02
4.560000e+02 3.111000e+02
4.585000e+02 3.144000e+02
4.597500e+02 3.159000e+02
4.610000e+02 3.174000e+02
4.632500e+02 3.204000e+02
4.655000e+02 3.234000e+02
4.675000e+02 3.261000e+02
4.695000e+02 3.288000e+02
4.702500e+02 3.300000e+02
4.710000e+02 3.312000e+02
4.727500e+02 3.327000e+02
4.745000e+02 3.342000e+02
4.757500e+02 3.357000e+02
4.770000e+02 3.372000e+02
4.780000e+02 3.381000e+02
4.790000e+02 3.390000e+02
4.795000e+02 3.393000e+02
4.800000e+02 3.396000e+02
4.805000e+02 3.402000e+02
4.810000e+02 3.408000e+02
4.815000e+02 3.411000e+02
4.820000e+02 3.414000e+02
4.820000e+02 3.417000e+02
4.820000e+02 3.420000e+02
4.822500e+02 3.420000e+02
4.825000e+02 3.420000e+02
4.820000e+02 3.420000e+02
4.815000e+02 3.420000e+02
4.812500e+02 3.420000e+02
4.810000e+02 3.420000e+02
4.810000e+02 3.420000e+02
4.810000e+02 3.420000e+02
