3.455000e+02 2.244000e+02
3.455000e+02 2.244000e+02
3.455000e+02 2.244000e+02
3.455000e+02 2.244000e+02
3.455000e+02 2.244000e+02
3.455000e+02 2.242500e+02
3.455000e+02 2.241000e+02
3.455000e+02 2.239500e+02
3.455000e+02 2.238000e+02
3.455000e+02 2.239500e+02
3.455000e+02 2.241000e+02
3.455000e+02 2.242500e+02
3.455000e+02 2.244000e+02
3.456250e+02 2.245500e+02
3.457500e+02 2.247000e+02
3.458750e+02 2.248500e+02
3.460000e+02 2.250000e+02
3.460000e+02 2.253000e+02
3.460000e+02 2.256000e+02
3.460000e+02 2.259000e+02
3.460000e+02 2.262000e+02
3.460000e+02 2.266500e+02
3.460000e+02 2.271000e+02
3.460000e+02 2.275500e+02
3.460000e+02 2.280000e+02
3.460000e+02 2.287500e+02
3.460000e+02 2.295000e+02
3.460000e+02 2.302500e+02
3.460000e+02 2.310000e+02
3.460000e+02 2.317500e+02
3.460000e+02 2.325000e+02
3.460000e+02 2.332500e+02
3.460000e+02 2.340000e+02
3.458750e+02 2.349000e+02
3.457500e+02 2.358000e+02
3.456250e+02 2.367000e+02
3.455000e+02 2.376000e+02
3.455000e+02 2.388000e+02
3.455000e+02 2.400000e+02
3.455000e+02 2.412000e+02
3.455000e+02 2.424000e+02
3.453750e+02 2.439000e+02
3.452500e+02 2.454000e+02
3.451250e+02 2.469000e+02
3.450000e+02 2.484000e+02
3.448750e+02 2.502000e+02
3.447500e+02 2.520000e+02
3.446250e+02 2.538000e+02
3.445000e+02 2.556000e+02
3.445000e+02 2.568000e+02
3.445000e+02 2.580000e+02
3.445000e+02 2.592000e+02
3.445000e+02 2.604000e+02
3.445000e+02 2.616000e+02
3.445000e+02 2.628000e+02
3.445000e+02 2.640000e+02
3.445000e+02 2.652000e+02
3.445000e+02 2.664000e+02
3.445000e+02 2.676000e+02
3.445000e+02 2.688000e+02
3.445000e+02 2.700000e+02
3.446250e+02 2.713500e+02
3.447500e+02 2.727000e+02
3.448750e+02 2.740500e+02
3.450000e+02 2.754000e+02
3.450000e+02 2.773500e+02
3.450000e+02 2.793000e+02
3.450000e+02 2.812500e+02
3.450000e+02 2.832000e+02
3.450000e+02 2.838000e+02
3.450000e+02 2.844000e+02
3.450000e+02 2.850000e+02
3.450000e+02 2.856000e+02
3.451250e+02 2.874000e+02
3.452500e+02 2.892000e+02
3.453750e+02 2.910000e+02
3.455000e+02 2.928000e+02
3.455000e+02 2.941500e+02
3.455000e+02 2.955000e+02
3.455000e+02 2.968500e+02
3.455000e+02 2.982000e+02
3.455000e+02 2.995500e+02
3.455000e+02 3.009000e+02
3.455000e+02 3.022500e+02
3.455000e+02 3.036000e+02
3.456250e+02 3.046500e+02
3.457500e+02 3.057000e+02
3.458750e+02 3.067500e+02
3.460000e+02 3.078000e+02
3.460000e+02 3.090000e+02
3.460000e+02 3.102000e+02
3.460000e+02 3.114000e+02
3.460000e+02 3.126000e+02
3.460000e+02 3.138000e+02
3.460000e+02 3.150000e+02
3.460000e+02 3.162000e+02
3.460000e+02 3.174000e+02
3.460000e+02 3.186000e+02
3.460000e+02 3.198000e+02
3.460000e+02 3.210000e+02
3.460000e+02 3.222000e+02
3.460000e+02 3.234000e+02
3.460000e+02 3.246000e+02
3.460000e+02 3.258000e+02
3.460000e+02 3.270000e+02
3.458750e+02 3.283500e+02
3.457500e+02 3.297000e+02
3.456250e+02 3.310500e+02
3.455000e+02 3.324000e+02
3.455000e+02 3.343500e+02
3.455000e+02 3.363000e+02
3.455000e+02 3.382500e+02
3.455000e+02 3.402000e+02
3.455000e+02 3.414000e+02
3.455000e+02 3.426000e+02
3.455000e+02 3.438000e+02
3.455000e+02 3.450000e+02
3.453750e+02 3.463500e+02
3.452500e+02 3.477000e+02
3.451250e+02 3.490500e+02
3.450000e+02 3.504000e+02
3.450000e+02 3.514500e+02
3.450000e+02 3.525000e+02
3.450000e+02 3.535500e+02
3.450000e+02 3.546000e+02
3.450000e+02 3.556500e+02
3.450000e+02 3.567000e+02
3.450000e+02 3.577500e+02
3.450000e+02 3.588000e+02
3.450000e+02 3.598500e+02
3.450000e+02 3.609000e+02
3.450000e+02 3.619500e+02
3.450000e+02 3.630000e+02
3.451250e+02 3.640500e+02
3.452500e+02 3.651000e+02
3.453750e+02 3.661500e+02
3.455000e+02 3.672000e+02
3.455000e+02 3.684000e+02
3.455000e+02 3.696000e+02
3.455000e+02 3.708000e+02
3.455000e+02 3.720000e+02
3.455000e+02 3.730500e+02
3.455000e+02 3.741000e+02
3.455000e+02 3.751500e+02
3.455000e+02 3.762000e+02
3.456250e+02 3.775500e+02
3.457500e+02 3.789000e+02
3.458750e+02 3.802500e+02
3.460000e+02 3.816000e+02
3.460000e+02 3.825000e+02
3.460000e+02 3.834000e+02
3.460000e+02 3.843000e+02
3.460000e+02 3.852000e+02
3.460000e+02 3.861000e+02
3.460000e+02 3.870000e+02
3.460000e+02 3.879000e+02
3.460000e+02 3.888000e+02
3.461250e+02 3.897000e+02
3.462500e+02 3.906000e+02
3.465000e+02 3.924000e+02
3.465000e+02 3.936000e+02
3.465000e+02 3.948000e+02
3.467500e+02 3.960000e+02
3.470000e+02 3.972000e+02
3.470000e+02 3.984000e+02
3.470000e+02 3.996000e+02
3.470000e+02 4.008000e+02
3.470000e+02 4.020000e+02
3.470000e+02 4.029000e+02
3.470000e+02 4.038000e+02
3.470000e+02 4.047000e+02
3.470000e+02 4.056000e+02
3.472500e+02 4.065000e+02
3.475000e+02 4.074000e+02
3.475000e+02 4.077000e+02
3.475000e+02 4.080000e+02
3.475000e+02 4.086000e+02
3.475000e+02 4.092000e+02
3.475000e+02 4.095000e+02
3.475000e+02 4.098000e+02
3.475000e+02 4.101000e+02
3.475000e+02 4.104000e+02
3.475000e+02 4.107000e+02
3.475000e+02 4.110000e+02
3.475000e+02 4.110000e+02
3.475000e+02 4.110000e+02
3.475000e+02 4.113000e+02
3.475000e+02 4.116000e+02
3.475000e+02 4.116000e+02
3.475000e+02 4.116000e+02
3.475000e+02 4.119000e+02
3.475000e+02 4.122000e+02
3.475000e+02 4.122000e+02
3.475000e+02 4.122000e+02
3.472500e+02 4.116000e+02
3.470000e+02 4.110000e+02
3.470000e+02 4.104000e+02
3.470000e+02 4.098000e+02
3.470000e+02 4.098000e+02
3.470000e+02 4.098000e+02
