1.340000e+02 4.020000e+02
1.340000e+02 4.020000e+02
1.330000e+02 4.014000e+02
1.315000e+02 3.984000e+02
1.295000e+02 3.870000e+02
1.290000e+02 3.678000e+02
1.300000e+02 3.456000e+02
1.310000e+02 3.186000e+02
1.315000e+02 2.886000e+02
1.325000e+02 2.598000e+02
1.335000e+02 2.298000e+02
1.340000e+02 2.034000e+02
1.340000e+02 1.836000e+02
1.340000e+02 1.698000e+02
1.345000e+02 1.584000e+02
1.345000e+02 1.470000e+02
1.345000e+02 1.362000e+02
1.350000e+02 1.254000e+02
1.350000e+02 1.164000e+02
1.350000e+02 1.080000e+02
1.350000e+02 1.008000e+02
1.350000e+02 9.480000e+01
1.350000e+02 8.880000e+01
1.355000e+02 8.400000e+01
1.355000e+02 8.040000e+01
1.355000e+02 7.680000e+01
1.355000e+02 7.380000e+01
1.355000e+02 7.320000e+01
1.360000e+02 7.140000e+01
1.360000e+02 7.080000e+01
1.365000e+02 7.080000e+01
1.370000e+02 7.140000e+01
1.395000e+02 7.440000e+01
1.445000e+02 8.100000e+01
1.480000e+02 8.700000e+01
1.515000e+02 9.480000e+01
1.555000e+02 1.032000e+02
1.595000e+02 1.122000e+02
1.635000e+02 1.212000e+02
1.685000e+02 1.320000e+02
1.740000e+02 1.434000e+02
1.790000e+02 1.536000e+02
1.870000e+02 1.692000e+02
1.930000e+02 1.800000e+02
1.990000e+02 1.914000e+02
2.050000e+02 2.034000e+02
2.105000e+02 2.148000e+02
2.155000e+02 2.256000e+02
2.210000e+02 2.364000e+02
2.255000e+02 2.466000e+02
2.300000e+02 2.580000e+02
2.345000e+02 2.682000e+02
2.385000e+02 2.778000e+02
2.420000e+02 2.874000e+02
2.455000e+02 2.964000e+02
2.490000e+02 3.054000e+02
2.515000e+02 3.138000e+02
2.550000e+02 3.246000e+02
2.570000e+02 3.306000e+02
2.585000e+02 3.360000e+02
2.600000e+02 3.408000e+02
2.610000e+02 3.450000e+02
2.615000e+02 3.474000e+02
2.615000e+02 3.498000e+02
2.620000e+02 3.516000e+02
2.620000e+02 3.528000e+02
2.615000e+02 3.540000e+02
2.610000e+02 3.546000e+02
2.605000e+02 3.552000e+02
2.590000e+02 3.552000e+02
2.570000e+02 3.552000e+02
2.515000e+02 3.528000e+02
2.460000e+02 3.504000e+02
2.400000e+02 3.474000e+02
2.250000e+02 3.408000e+02
2.170000e+02 3.372000e+02
2.085000e+02 3.336000e+02
2.000000e+02 3.294000e+02
1.955000e+02 3.270000e+02
1.825000e+02 3.210000e+02
1.735000e+02 3.162000e+02
1.655000e+02 3.120000e+02
1.575000e+02 3.078000e+02
1.480000e+02 3.024000e+02
1.395000e+02 2.976000e+02
1.315000e+02 2.934000e+02
1.235000e+02 2.892000e+02
1.155000e+02 2.850000e+02
1.080000e+02 2.808000e+02
1.010000e+02 2.772000e+02
9.450000e+01 2.736000e+02
8.850000e+01 2.694000e+02
8.050000e+01 2.646000e+02
7.800000e+01 2.634000e+02
7.350000e+01 2.604000e+02
7.000000e+01 2.586000e+02
6.700000e+01 2.562000e+02
6.300000e+01 2.532000e+02
6.200000e+01 2.526000e+02
5.950000e+01 2.508000e+02
5.750000e+01 2.484000e+02
5.700000e+01 2.478000e+02
5.700000e+01 2.472000e+02
5.650000e+01 2.466000e+02
5.700000e+01 2.454000e+02
5.850000e+01 2.430000e+02
6.150000e+01 2.400000e+02
6.550000e+01 2.364000e+02
7.350000e+01 2.310000e+02
7.900000e+01 2.274000e+02
8.600000e+01 2.232000e+02
9.400000e+01 2.190000e+02
1.010000e+02 2.160000e+02
1.095000e+02 2.118000e+02
1.180000e+02 2.076000e+02
1.265000e+02 2.034000e+02
1.415000e+02 1.968000e+02
1.465000e+02 1.944000e+02
1.600000e+02 1.872000e+02
1.700000e+02 1.830000e+02
1.745000e+02 1.806000e+02
1.895000e+02 1.740000e+02
1.980000e+02 1.704000e+02
2.075000e+02 1.668000e+02
2.115000e+02 1.644000e+02
2.205000e+02 1.608000e+02
2.330000e+02 1.560000e+02
2.405000e+02 1.530000e+02
2.505000e+02 1.494000e+02
2.605000e+02 1.458000e+02
2.665000e+02 1.440000e+02
2.715000e+02 1.422000e+02
2.765000e+02 1.404000e+02
2.805000e+02 1.392000e+02
2.840000e+02 1.380000e+02
2.865000e+02 1.374000e+02
2.885000e+02 1.374000e+02
2.900000e+02 1.374000e+02
2.910000e+02 1.368000e+02
2.920000e+02 1.368000e+02
2.930000e+02 1.374000e+02
2.935000e+02 1.374000e+02
2.935000e+02 1.380000e+02
2.940000e+02 1.386000e+02
2.940000e+02 1.404000e+02
2.930000e+02 1.434000e+02
2.910000e+02 1.482000e+02
2.865000e+02 1.572000e+02
2.845000e+02 1.614000e+02
2.800000e+02 1.686000e+02
2.755000e+02 1.770000e+02
2.680000e+02 1.896000e+02
2.620000e+02 1.992000e+02
2.565000e+02 2.088000e+02
2.505000e+02 2.208000e+02
2.445000e+02 2.304000e+02
2.385000e+02 2.412000e+02
2.325000e+02 2.526000e+02
2.265000e+02 2.634000e+02
2.200000e+02 2.754000e+02
2.135000e+02 2.868000e+02
2.045000e+02 3.042000e+02
1.980000e+02 3.162000e+02
1.920000e+02 3.276000e+02
1.865000e+02 3.384000e+02
1.815000e+02 3.486000e+02
1.770000e+02 3.588000e+02
1.725000e+02 3.678000e+02
1.700000e+02 3.720000e+02
1.645000e+02 3.840000e+02
1.615000e+02 3.900000e+02
1.590000e+02 3.960000e+02
1.565000e+02 4.008000e+02
1.545000e+02 4.050000e+02
1.535000e+02 4.086000e+02
1.520000e+02 4.110000e+02
1.510000e+02 4.134000e+02
1.500000e+02 4.152000e+02
1.495000e+02 4.164000e+02
1.490000e+02 4.176000e+02
1.485000e+02 4.182000e+02
1.480000e+02 4.194000e+02
1.475000e+02 4.200000e+02
1.475000e+02 4.200000e+02
1.470000e+02 4.206000e+02
1.470000e+02 4.212000e+02
1.465000e+02 4.212000e+02
1.465000e+02 4.218000e+02
1.465000e+02 4.218000e+02
1.465000e+02 4.218000e+02
1.460000e+02 4.224000e+02
1.460000e+02 4.224000e+02
1.460000e+02 4.224000e+02
1.460000e+02 4.224000e+02
1.460000e+02 4.224000e+02
1.460000e+02 4.224000e+02
1.460000e+02 4.224000e+02
1.460000e+02 4.224000e+02
1.465000e+02 4.230000e+02
1.465000e+02 4.230000e+02
