2.540000e+02 1.428000e+02
2.540000e+02 1.428000e+02
2.540000e+02 1.428000e+02
2.545000e+02 1.440000e+02
2.550000e+02 1.452000e+02
2.555000e+02 1.470000e+02
2.560000e+02 1.488000e+02
2.572500e+02 1.506000e+02
2.585000e+02 1.524000e+02
2.592500e+02 1.533000e+02
2.600000e+02 1.542000e+02
2.607500e+02 1.551000e+02
2.615000e+02 1.560000e+02
2.632500e+02 1.587000e+02
2.650000e+02 1.614000e+02
2.657500e+02 1.629000e+02
2.665000e+02 1.644000e+02
2.675000e+02 1.659000e+02
2.685000e+02 1.674000e+02
2.697500e+02 1.692000e+02
2.710000e+02 1.710000e+02
2.730000e+02 1.740000e+02
2.750000e+02 1.770000e+02
2.772500e+02 1.806000e+02
2.795000e+02 1.842000e+02
2.807500e+02 1.860000e+02
2.820000e+02 1.878000e+02
2.845000e+02 1.920000e+02
2.870000e+02 1.962000e+02
2.897500e+02 2.001000e+02
2.925000e+02 2.040000e+02
2.965000e+02 2.097000e+02
3.005000e+02 2.154000e+02
3.035000e+02 2.187000e+02
3.065000e+02 2.220000e+02
3.090000e+02 2.256000e+02
3.115000e+02 2.292000e+02
3.145000e+02 2.328000e+02
3.175000e+02 2.364000e+02
3.205000e+02 2.403000e+02
3.235000e+02 2.442000e+02
3.250000e+02 2.460000e+02
3.265000e+02 2.478000e+02
3.282500e+02 2.502000e+02
3.300000e+02 2.526000e+02
3.332500e+02 2.571000e+02
3.365000e+02 2.616000e+02
3.395000e+02 2.661000e+02
3.425000e+02 2.706000e+02
3.457500e+02 2.748000e+02
3.490000e+02 2.790000e+02
3.520000e+02 2.829000e+02
3.550000e+02 2.868000e+02
3.580000e+02 2.904000e+02
3.610000e+02 2.940000e+02
3.642500e+02 2.979000e+02
3.675000e+02 3.018000e+02
3.690000e+02 3.036000e+02
3.705000e+02 3.054000e+02
3.735000e+02 3.090000e+02
3.765000e+02 3.126000e+02
3.825000e+02 3.204000e+02
3.855000e+02 3.240000e+02
3.915000e+02 3.312000e+02
3.970000e+02 3.384000e+02
3.995000e+02 3.420000e+02
4.050000e+02 3.492000e+02
4.075000e+02 3.528000e+02
4.100000e+02 3.558000e+02
4.145000e+02 3.618000e+02
4.160000e+02 3.648000e+02
4.195000e+02 3.702000e+02
4.225000e+02 3.744000e+02
4.240000e+02 3.768000e+02
4.255000e+02 3.786000e+02
4.280000e+02 3.816000e+02
4.300000e+02 3.846000e+02
4.305000e+02 3.858000e+02
4.315000e+02 3.876000e+02
4.325000e+02 3.888000e+02
4.325000e+02 3.894000e+02
4.330000e+02 3.906000e+02
4.335000e+02 3.912000e+02
4.335000e+02 3.918000e+02
4.335000e+02 3.924000e+02
4.325000e+02 3.936000e+02
4.315000e+02 3.942000e+02
4.300000e+02 3.948000e+02
4.280000e+02 3.954000e+02
4.250000e+02 3.960000e+02
4.240000e+02 3.960000e+02
4.200000e+02 3.966000e+02
4.160000e+02 3.978000e+02
4.135000e+02 3.984000e+02
4.085000e+02 3.996000e+02
4.025000e+02 4.026000e+02
3.960000e+02 4.056000e+02
3.895000e+02 4.086000e+02
3.860000e+02 4.104000e+02
3.790000e+02 4.134000e+02
3.715000e+02 4.176000e+02
3.680000e+02 4.194000e+02
3.605000e+02 4.230000e+02
3.525000e+02 4.260000e+02
3.485000e+02 4.278000e+02
3.405000e+02 4.302000e+02
3.325000e+02 4.338000e+02
3.285000e+02 4.350000e+02
3.200000e+02 4.380000e+02
3.115000e+02 4.398000e+02
3.040000e+02 4.416000e+02
2.965000e+02 4.422000e+02
2.890000e+02 4.428000e+02
2.855000e+02 4.428000e+02
2.775000e+02 4.434000e+02
2.705000e+02 4.434000e+02
2.640000e+02 4.440000e+02
2.610000e+02 4.440000e+02
2.555000e+02 4.452000e+02
2.505000e+02 4.464000e+02
2.455000e+02 4.476000e+02
2.415000e+02 4.488000e+02
2.380000e+02 4.494000e+02
2.365000e+02 4.500000e+02
2.350000e+02 4.500000e+02
2.330000e+02 4.506000e+02
2.315000e+02 4.500000e+02
2.305000e+02 4.494000e+02
2.295000e+02 4.488000e+02
2.285000e+02 4.470000e+02
2.285000e+02 4.458000e+02
2.285000e+02 4.440000e+02
2.290000e+02 4.392000e+02
2.295000e+02 4.368000e+02
2.310000e+02 4.302000e+02
2.315000e+02 4.266000e+02
2.340000e+02 4.182000e+02
2.370000e+02 4.098000e+02
2.410000e+02 3.996000e+02
2.455000e+02 3.888000e+02
2.475000e+02 3.834000e+02
2.530000e+02 3.714000e+02
2.585000e+02 3.600000e+02
2.615000e+02 3.540000e+02
2.685000e+02 3.414000e+02
2.760000e+02 3.282000e+02
2.800000e+02 3.222000e+02
2.880000e+02 3.096000e+02
2.960000e+02 2.976000e+02
3.005000e+02 2.916000e+02
3.050000e+02 2.850000e+02
3.195000e+02 2.664000e+02
3.300000e+02 2.538000e+02
3.400000e+02 2.418000e+02
3.445000e+02 2.358000e+02
3.545000e+02 2.250000e+02
3.640000e+02 2.148000e+02
3.690000e+02 2.094000e+02
3.780000e+02 2.004000e+02
3.870000e+02 1.914000e+02
3.915000e+02 1.866000e+02
4.000000e+02 1.788000e+02
4.080000e+02 1.704000e+02
4.115000e+02 1.674000e+02
4.185000e+02 1.608000e+02
4.245000e+02 1.554000e+02
4.275000e+02 1.530000e+02
4.330000e+02 1.482000e+02
4.375000e+02 1.452000e+02
4.395000e+02 1.434000e+02
4.435000e+02 1.404000e+02
4.470000e+02 1.374000e+02
4.485000e+02 1.362000e+02
4.510000e+02 1.338000e+02
4.535000e+02 1.320000e+02
4.540000e+02 1.308000e+02
4.550000e+02 1.302000e+02
4.565000e+02 1.290000e+02
4.575000e+02 1.278000e+02
4.585000e+02 1.278000e+02
4.595000e+02 1.266000e+02
4.600000e+02 1.266000e+02
4.610000e+02 1.260000e+02
4.610000e+02 1.260000e+02
4.610000e+02 1.260000e+02
4.615000e+02 1.260000e+02
4.620000e+02 1.254000e+02
4.625000e+02 1.254000e+02
4.625000e+02 1.254000e+02
4.630000e+02 1.254000e+02
4.630000e+02 1.254000e+02
4.635000e+02 1.254000e+02
4.635000e+02 1.248000e+02
4.635000e+02 1.248000e+02
4.635000e+02 1.248000e+02
4.635000e+02 1.248000e+02
4.625000e+02 1.248000e+02
4.620000e+02 1.248000e+02
4.610000e+02 1.248000e+02
4.610000e+02 1.248000e+02
