2.850000e+02 3.084000e+02
2.850000e+02 3.084000e+02
2.850000e+02 3.084000e+02
2.850000e+02 3.084000e+02
2.850000e+02 3.084000e+02
2.850000e+02 3.082500e+02
2.850000e+02 3.081000e+02
2.850000e+02 3.079500e+02
2.850000e+02 3.078000e+02
2.851250e+02 3.073500e+02
2.852500e+02 3.069000e+02
2.853750e+02 3.064500e+02
2.855000e+02 3.060000e+02
2.855000e+02 3.054000e+02
2.855000e+02 3.048000e+02
2.855000e+02 3.042000e+02
2.855000e+02 3.036000e+02
2.855000e+02 3.030000e+02
2.855000e+02 3.024000e+02
2.855000e+02 3.018000e+02
2.855000e+02 3.012000e+02
2.853750e+02 3.001500e+02
2.852500e+02 2.991000e+02
2.851250e+02 2.980500e+02
2.850000e+02 2.970000e+02
2.850000e+02 2.965500e+02
2.850000e+02 2.961000e+02
2.850000e+02 2.956500e+02
2.850000e+02 2.952000e+02
2.850000e+02 2.944500e+02
2.850000e+02 2.937000e+02
2.850000e+02 2.929500e+02
2.850000e+02 2.922000e+02
2.848750e+02 2.911500e+02
2.847500e+02 2.901000e+02
2.846250e+02 2.890500e+02
2.845000e+02 2.880000e+02
2.845000e+02 2.868000e+02
2.845000e+02 2.856000e+02
2.845000e+02 2.844000e+02
2.845000e+02 2.832000e+02
2.843750e+02 2.820000e+02
2.842500e+02 2.808000e+02
2.841250e+02 2.796000e+02
2.840000e+02 2.784000e+02
2.840000e+02 2.769000e+02
2.840000e+02 2.754000e+02
2.840000e+02 2.739000e+02
2.840000e+02 2.724000e+02
2.840000e+02 2.698500e+02
2.840000e+02 2.673000e+02
2.840000e+02 2.647500e+02
2.840000e+02 2.622000e+02
2.840000e+02 2.596500e+02
2.840000e+02 2.571000e+02
2.840000e+02 2.545500e+02
2.840000e+02 2.520000e+02
2.841250e+02 2.500500e+02
2.842500e+02 2.481000e+02
2.843750e+02 2.461500e+02
2.845000e+02 2.442000e+02
2.846250e+02 2.412000e+02
2.847500e+02 2.382000e+02
2.848750e+02 2.352000e+02
2.850000e+02 2.322000e+02
2.850000e+02 2.301000e+02
2.850000e+02 2.280000e+02
2.850000e+02 2.259000e+02
2.850000e+02 2.238000e+02
2.850000e+02 2.218500e+02
2.850000e+02 2.199000e+02
2.850000e+02 2.179500e+02
2.850000e+02 2.160000e+02
2.850000e+02 2.139000e+02
2.850000e+02 2.118000e+02
2.850000e+02 2.097000e+02
2.850000e+02 2.076000e+02
2.850000e+02 2.056500e+02
2.850000e+02 2.037000e+02
2.850000e+02 2.017500e+02
2.850000e+02 1.998000e+02
2.850000e+02 1.987500e+02
2.850000e+02 1.977000e+02
2.850000e+02 1.966500e+02
2.850000e+02 1.956000e+02
2.850000e+02 1.936500e+02
2.850000e+02 1.917000e+02
2.850000e+02 1.897500e+02
2.850000e+02 1.878000e+02
2.850000e+02 1.858500e+02
2.850000e+02 1.839000e+02
2.850000e+02 1.819500e+02
2.850000e+02 1.800000e+02
2.850000e+02 1.782000e+02
2.850000e+02 1.764000e+02
2.850000e+02 1.746000e+02
2.850000e+02 1.728000e+02
2.850000e+02 1.710000e+02
2.850000e+02 1.692000e+02
2.850000e+02 1.674000e+02
2.850000e+02 1.656000e+02
2.850000e+02 1.639500e+02
2.850000e+02 1.623000e+02
2.850000e+02 1.606500e+02
2.850000e+02 1.590000e+02
2.850000e+02 1.579500e+02
2.850000e+02 1.569000e+02
2.850000e+02 1.558500e+02
2.850000e+02 1.548000e+02
2.850000e+02 1.531500e+02
2.850000e+02 1.515000e+02
2.850000e+02 1.498500e+02
2.850000e+02 1.482000e+02
2.850000e+02 1.467000e+02
2.850000e+02 1.452000e+02
2.850000e+02 1.437000e+02
2.850000e+02 1.422000e+02
2.850000e+02 1.407000e+02
2.850000e+02 1.392000e+02
2.850000e+02 1.377000e+02
2.850000e+02 1.362000e+02
2.851250e+02 1.348500e+02
2.852500e+02 1.335000e+02
2.853750e+02 1.321500e+02
2.855000e+02 1.308000e+02
2.855000e+02 1.291500e+02
2.855000e+02 1.275000e+02
2.855000e+02 1.258500e+02
2.855000e+02 1.242000e+02
2.855000e+02 1.228500e+02
2.855000e+02 1.215000e+02
2.855000e+02 1.201500e+02
2.855000e+02 1.188000e+02
2.856250e+02 1.176000e+02
2.857500e+02 1.164000e+02
2.858750e+02 1.152000e+02
2.860000e+02 1.140000e+02
2.860000e+02 1.128000e+02
2.860000e+02 1.116000e+02
2.860000e+02 1.104000e+02
2.860000e+02 1.092000e+02
2.861250e+02 1.078500e+02
2.862500e+02 1.065000e+02
2.863750e+02 1.051500e+02
2.865000e+02 1.038000e+02
2.865000e+02 1.027500e+02
2.865000e+02 1.017000e+02
2.865000e+02 1.006500e+02
2.865000e+02 9.960000e+01
2.865000e+02 9.870000e+01
2.865000e+02 9.780000e+01
2.865000e+02 9.690000e+01
2.865000e+02 9.600000e+01
2.865000e+02 9.510000e+01
2.865000e+02 9.420000e+01
2.865000e+02 9.330000e+01
2.865000e+02 9.240000e+01
2.865000e+02 9.195000e+01
2.865000e+02 9.150000e+01
2.865000e+02 9.105000e+01
2.865000e+02 9.060000e+01
2.863750e+02 8.985000e+01
2.862500e+02 8.910000e+01
2.861250e+02 8.835000e+01
2.860000e+02 8.760000e+01
2.860000e+02 8.715000e+01
2.860000e+02 8.670000e+01
2.860000e+02 8.625000e+01
2.860000e+02 8.580000e+01
2.860000e+02 8.520000e+01
2.860000e+02 8.460000e+01
2.860000e+02 8.400000e+01
2.860000e+02 8.340000e+01
2.860000e+02 8.310000e+01
2.860000e+02 8.280000e+01
2.860000e+02 8.250000e+01
2.860000e+02 8.220000e+01
2.858750e+02 8.190000e+01
2.857500e+02 8.160000e+01
2.856250e+02 8.130000e+01
2.855000e+02 8.100000e+01
2.855000e+02 8.085000e+01
2.855000e+02 8.070000e+01
2.855000e+02 8.055000e+01
2.855000e+02 8.040000e+01
2.855000e+02 8.025000e+01
2.855000e+02 8.010000e+01
2.855000e+02 7.995000e+01
2.855000e+02 7.980000e+01
2.855000e+02 7.980000e+01
2.855000e+02 7.980000e+01
2.855000e+02 7.980000e+01
2.855000e+02 7.980000e+01
2.855000e+02 7.980000e+01
2.855000e+02 7.980000e+01
2.855000e+02 7.980000e+01
2.855000e+02 7.980000e+01
2.855000e+02 7.980000e+01
2.855000e+02 7.980000e+01
2.855000e+02 7.980000e+01
