2.625000e+02 1.512000e+02
2.625000e+02 1.512000e+02
2.625000e+02 1.512000e+02
2.625000e+02 1.509000e+02
2.625000e+02 1.506000e+02
2.625000e+02 1.506000e+02
2.625000e+02 1.506000e+02
2.625000e+02 1.503000e+02
2.625000e+02 1.500000e+02
2.625000e+02 1.500000e+02
2.625000e+02 1.500000e+02
2.625000e+02 1.500000e+02
2.625000e+02 1.500000e+02
2.627500e+02 1.506000e+02
2.630000e+02 1.512000e+02
2.632500e+02 1.518000e+02
2.635000e+02 1.524000e+02
2.640000e+02 1.536000e+02
2.645000e+02 1.548000e+02
2.652500e+02 1.563000e+02
2.660000e+02 1.578000e+02
2.670000e+02 1.602000e+02
2.680000e+02 1.626000e+02
2.687500e+02 1.650000e+02
2.695000e+02 1.674000e+02
2.705000e+02 1.701000e+02
2.715000e+02 1.728000e+02
2.727500e+02 1.758000e+02
2.740000e+02 1.788000e+02
2.750000e+02 1.818000e+02
2.760000e+02 1.848000e+02
2.772500e+02 1.881000e+02
2.785000e+02 1.914000e+02
2.805000e+02 1.968000e+02
2.825000e+02 2.022000e+02
2.847500e+02 2.079000e+02
2.870000e+02 2.136000e+02
2.892500e+02 2.193000e+02
2.915000e+02 2.250000e+02
2.927500e+02 2.286000e+02
2.940000e+02 2.322000e+02
2.955000e+02 2.358000e+02
2.970000e+02 2.394000e+02
2.980000e+02 2.430000e+02
2.990000e+02 2.466000e+02
3.000000e+02 2.505000e+02
3.010000e+02 2.544000e+02
3.020000e+02 2.577000e+02
3.030000e+02 2.610000e+02
3.040000e+02 2.643000e+02
3.050000e+02 2.676000e+02
3.060000e+02 2.709000e+02
3.070000e+02 2.742000e+02
3.077500e+02 2.775000e+02
3.085000e+02 2.808000e+02
3.092500e+02 2.838000e+02
3.100000e+02 2.868000e+02
3.107500e+02 2.898000e+02
3.115000e+02 2.928000e+02
3.125000e+02 2.967000e+02
3.135000e+02 3.006000e+02
3.137500e+02 3.021000e+02
3.140000e+02 3.036000e+02
3.150000e+02 3.075000e+02
3.160000e+02 3.114000e+02
3.165000e+02 3.138000e+02
3.170000e+02 3.162000e+02
3.177500e+02 3.183000e+02
3.185000e+02 3.204000e+02
3.187500e+02 3.216000e+02
3.190000e+02 3.228000e+02
3.195000e+02 3.246000e+02
3.200000e+02 3.264000e+02
3.205000e+02 3.282000e+02
3.210000e+02 3.300000e+02
3.212500e+02 3.315000e+02
3.215000e+02 3.330000e+02
3.220000e+02 3.345000e+02
3.225000e+02 3.360000e+02
3.227500e+02 3.372000e+02
3.230000e+02 3.384000e+02
3.232500e+02 3.393000e+02
3.235000e+02 3.402000e+02
3.237500e+02 3.411000e+02
3.240000e+02 3.420000e+02
3.242500e+02 3.426000e+02
3.245000e+02 3.432000e+02
3.245000e+02 3.438000e+02
3.245000e+02 3.444000e+02
3.247500e+02 3.447000e+02
3.250000e+02 3.450000e+02
3.250000e+02 3.453000e+02
3.250000e+02 3.456000e+02
3.252500e+02 3.459000e+02
3.255000e+02 3.462000e+02
3.255000e+02 3.462000e+02
3.255000e+02 3.462000e+02
3.255000e+02 3.462000e+02
3.255000e+02 3.462000e+02
3.257500e+02 3.462000e+02
3.260000e+02 3.462000e+02
3.260000e+02 3.462000e+02
3.260000e+02 3.462000e+02
3.260000e+02 3.462000e+02
3.260000e+02 3.462000e+02
3.262500e+02 3.459000e+02
3.265000e+02 3.456000e+02
3.265000e+02 3.450000e+02
3.265000e+02 3.444000e+02
3.270000e+02 3.435000e+02
3.275000e+02 3.426000e+02
3.280000e+02 3.408000e+02
3.285000e+02 3.390000e+02
3.297500e+02 3.366000e+02
3.310000e+02 3.342000e+02
3.322500e+02 3.315000e+02
3.335000e+02 3.288000e+02
3.350000e+02 3.261000e+02
3.365000e+02 3.234000e+02
3.380000e+02 3.201000e+02
3.395000e+02 3.168000e+02
3.412500e+02 3.132000e+02
3.430000e+02 3.096000e+02
3.452500e+02 3.054000e+02
3.475000e+02 3.012000e+02
3.495000e+02 2.970000e+02
3.515000e+02 2.928000e+02
3.537500e+02 2.886000e+02
3.560000e+02 2.844000e+02
3.582500e+02 2.799000e+02
3.605000e+02 2.754000e+02
3.630000e+02 2.709000e+02
3.655000e+02 2.664000e+02
3.700000e+02 2.592000e+02
3.745000e+02 2.520000e+02
3.780000e+02 2.469000e+02
3.815000e+02 2.418000e+02
3.845000e+02 2.376000e+02
3.875000e+02 2.334000e+02
3.912500e+02 2.286000e+02
3.950000e+02 2.238000e+02
3.985000e+02 2.190000e+02
4.020000e+02 2.142000e+02
4.055000e+02 2.097000e+02
4.090000e+02 2.052000e+02
4.127500e+02 2.004000e+02
4.165000e+02 1.956000e+02
4.200000e+02 1.914000e+02
4.235000e+02 1.872000e+02
4.272500e+02 1.827000e+02
4.310000e+02 1.782000e+02
4.350000e+02 1.737000e+02
4.390000e+02 1.692000e+02
4.427500e+02 1.650000e+02
4.465000e+02 1.608000e+02
4.500000e+02 1.566000e+02
4.535000e+02 1.524000e+02
4.567500e+02 1.485000e+02
4.600000e+02 1.446000e+02
4.655000e+02 1.386000e+02
4.710000e+02 1.326000e+02
4.745000e+02 1.284000e+02
4.780000e+02 1.242000e+02
4.815000e+02 1.206000e+02
4.850000e+02 1.170000e+02
4.882500e+02 1.134000e+02
4.915000e+02 1.098000e+02
4.945000e+02 1.065000e+02
4.975000e+02 1.032000e+02
5.007500e+02 9.990000e+01
5.040000e+02 9.660000e+01
5.070000e+02 9.330000e+01
5.100000e+02 9.000000e+01
5.130000e+02 8.700000e+01
5.160000e+02 8.400000e+01
5.185000e+02 8.160000e+01
5.210000e+02 7.920000e+01
5.247500e+02 7.530000e+01
5.285000e+02 7.140000e+01
5.330000e+02 6.720000e+01
5.370000e+02 6.240000e+01
5.410000e+02 5.880000e+01
5.445000e+02 5.520000e+01
5.470000e+02 5.280000e+01
5.495000e+02 4.980000e+01
5.515000e+02 4.740000e+01
5.535000e+02 4.620000e+01
5.550000e+02 4.440000e+01
5.560000e+02 4.320000e+01
5.570000e+02 4.260000e+01
5.575000e+02 4.200000e+01
5.580000e+02 4.140000e+01
5.585000e+02 4.140000e+01
5.585000e+02 4.140000e+01
5.585000e+02 4.140000e+01
5.585000e+02 4.140000e+01
5.590000e+02 4.140000e+01
5.590000e+02 4.200000e+01
5.600000e+02 4.320000e+01
5.600000e+02 4.320000e+01
