1.735000e+02 2.160000e+02
1.735000e+02 2.160000e+02
1.735000e+02 2.160000e+02
1.735000e+02 2.160000e+02
1.735000e+02 2.160000e+02
1.735000e+02 2.158500e+02
1.735000e+02 2.157000e+02
1.735000e+02 2.155500e+02
1.735000e+02 2.154000e+02
1.735000e+02 2.152500e+02
1.735000e+02 2.151000e+02
1.735000e+02 2.149500e+02
1.735000e+02 2.148000e+02
1.735000e+02 2.148000e+02
1.735000e+02 2.148000e+02
1.735000e+02 2.148000e+02
1.735000e+02 2.148000e+02
1.735000e+02 2.148000e+02
1.735000e+02 2.148000e+02
1.735000e+02 2.148000e+02
1.735000e+02 2.148000e+02
1.735000e+02 2.148000e+02
1.735000e+02 2.148000e+02
1.735000e+02 2.148000e+02
1.735000e+02 2.148000e+02
1.736250e+02 2.149500e+02
1.737500e+02 2.151000e+02
1.738750e+02 2.152500e+02
1.740000e+02 2.154000e+02
1.741250e+02 2.157000e+02
1.742500e+02 2.160000e+02
1.743750e+02 2.163000e+02
1.745000e+02 2.166000e+02
1.748750e+02 2.172000e+02
1.752500e+02 2.178000e+02
1.756250e+02 2.184000e+02
1.760000e+02 2.190000e+02
1.763750e+02 2.199000e+02
1.767500e+02 2.208000e+02
1.771250e+02 2.217000e+02
1.775000e+02 2.226000e+02
1.781250e+02 2.242500e+02
1.787500e+02 2.259000e+02
1.793750e+02 2.275500e+02
1.800000e+02 2.292000e+02
1.805000e+02 2.304000e+02
1.810000e+02 2.316000e+02
1.815000e+02 2.328000e+02
1.820000e+02 2.340000e+02
1.822500e+02 2.346000e+02
1.825000e+02 2.352000e+02
1.827500e+02 2.358000e+02
1.830000e+02 2.364000e+02
1.836250e+02 2.379000e+02
1.842500e+02 2.394000e+02
1.848750e+02 2.409000e+02
1.855000e+02 2.424000e+02
1.862500e+02 2.446500e+02
1.870000e+02 2.469000e+02
1.885000e+02 2.514000e+02
1.895000e+02 2.544000e+02
1.905000e+02 2.574000e+02
1.920000e+02 2.607000e+02
1.935000e+02 2.640000e+02
1.947500e+02 2.676000e+02
1.960000e+02 2.712000e+02
1.975000e+02 2.745000e+02
1.990000e+02 2.778000e+02
2.002500e+02 2.811000e+02
2.015000e+02 2.844000e+02
2.025000e+02 2.880000e+02
2.035000e+02 2.916000e+02
2.047500e+02 2.949000e+02
2.060000e+02 2.982000e+02
2.072500e+02 3.021000e+02
2.085000e+02 3.060000e+02
2.095000e+02 3.093000e+02
2.105000e+02 3.126000e+02
2.120000e+02 3.171000e+02
2.135000e+02 3.216000e+02
2.137500e+02 3.234000e+02
2.140000e+02 3.252000e+02
2.152500e+02 3.291000e+02
2.165000e+02 3.330000e+02
2.175000e+02 3.360000e+02
2.185000e+02 3.390000e+02
2.192500e+02 3.411000e+02
2.200000e+02 3.432000e+02
2.210000e+02 3.453000e+02
2.220000e+02 3.474000e+02
2.232500e+02 3.498000e+02
2.245000e+02 3.522000e+02
2.252500e+02 3.534000e+02
2.260000e+02 3.546000e+02
2.272500e+02 3.561000e+02
2.285000e+02 3.576000e+02
2.297500e+02 3.585000e+02
2.310000e+02 3.594000e+02
2.335000e+02 3.606000e+02
2.360000e+02 3.618000e+02
2.380000e+02 3.621000e+02
2.400000e+02 3.624000e+02
2.427500e+02 3.624000e+02
2.455000e+02 3.624000e+02
2.487500e+02 3.615000e+02
2.520000e+02 3.606000e+02
2.557500e+02 3.597000e+02
2.595000e+02 3.588000e+02
2.635000e+02 3.576000e+02
2.675000e+02 3.564000e+02
2.717500e+02 3.549000e+02
2.760000e+02 3.534000e+02
2.807500e+02 3.519000e+02
2.855000e+02 3.504000e+02
2.900000e+02 3.486000e+02
2.945000e+02 3.468000e+02
2.990000e+02 3.450000e+02
3.035000e+02 3.432000e+02
3.080000e+02 3.417000e+02
3.125000e+02 3.402000e+02
3.172500e+02 3.387000e+02
3.220000e+02 3.372000e+02
3.277500e+02 3.351000e+02
3.335000e+02 3.330000e+02
3.385000e+02 3.315000e+02
3.435000e+02 3.300000e+02
3.487500e+02 3.282000e+02
3.540000e+02 3.264000e+02
3.592500e+02 3.246000e+02
3.645000e+02 3.228000e+02
3.697500e+02 3.207000e+02
3.750000e+02 3.186000e+02
3.807500e+02 3.165000e+02
3.865000e+02 3.144000e+02
3.945000e+02 3.114000e+02
4.025000e+02 3.084000e+02
4.080000e+02 3.066000e+02
4.135000e+02 3.048000e+02
4.187500e+02 3.024000e+02
4.240000e+02 3.000000e+02
4.295000e+02 2.979000e+02
4.350000e+02 2.958000e+02
4.400000e+02 2.937000e+02
4.450000e+02 2.916000e+02
4.497500e+02 2.895000e+02
4.545000e+02 2.874000e+02
4.590000e+02 2.856000e+02
4.635000e+02 2.838000e+02
4.677500e+02 2.820000e+02
4.720000e+02 2.802000e+02
4.762500e+02 2.787000e+02
4.805000e+02 2.772000e+02
4.842500e+02 2.757000e+02
4.880000e+02 2.742000e+02
4.912500e+02 2.727000e+02
4.945000e+02 2.712000e+02
4.975000e+02 2.700000e+02
5.005000e+02 2.688000e+02
5.030000e+02 2.679000e+02
5.055000e+02 2.670000e+02
5.077500e+02 2.661000e+02
5.100000e+02 2.652000e+02
5.117500e+02 2.643000e+02
5.135000e+02 2.634000e+02
5.150000e+02 2.631000e+02
5.165000e+02 2.628000e+02
5.175000e+02 2.625000e+02
5.185000e+02 2.622000e+02
5.192500e+02 2.619000e+02
5.200000e+02 2.616000e+02
5.205000e+02 2.613000e+02
5.210000e+02 2.610000e+02
5.212500e+02 2.610000e+02
5.215000e+02 2.610000e+02
5.217500e+02 2.607000e+02
5.220000e+02 2.604000e+02
5.222500e+02 2.604000e+02
5.225000e+02 2.604000e+02
5.227500e+02 2.604000e+02
5.230000e+02 2.604000e+02
5.230000e+02 2.601000e+02
5.230000e+02 2.598000e+02
5.232500e+02 2.598000e+02
5.235000e+02 2.598000e+02
5.235000e+02 2.598000e+02
5.235000e+02 2.598000e+02
5.235000e+02 2.598000e+02
5.235000e+02 2.598000e+02
5.235000e+02 2.598000e+02
5.235000e+02 2.598000e+02
5.235000e+02 2.598000e+02
5.235000e+02 2.598000e+02
5.235000e+02 2.598000e+02
5.235000e+02 2.598000e+02
5.235000e+02 2.598000e+02
5.235000e+02 2.598000e+02
5.235000e+02 2.601000e+02
5.235000e+02 2.604000e+02
5.235000e+02 2.604000e+02
5.235000e+02 2.604000e+02
