4.080000e+02 3.462000e+02
4.080000e+02 3.462000e+02
4.080000e+02 3.462000e+02
4.080000e+02 3.462000e+02
4.080000e+02 3.462000e+02
4.078750e+02 3.460500e+02
4.077500e+02 3.459000e+02
4.076250e+02 3.457500e+02
4.075000e+02 3.456000e+02
4.073750e+02 3.454500e+02
4.072500e+02 3.453000e+02
4.071250e+02 3.451500e+02
4.070000e+02 3.450000e+02
4.068750e+02 3.448500e+02
4.067500e+02 3.447000e+02
4.066250e+02 3.445500e+02
4.065000e+02 3.444000e+02
4.063750e+02 3.441000e+02
4.062500e+02 3.438000e+02
4.061250e+02 3.435000e+02
4.060000e+02 3.432000e+02
4.058750e+02 3.427500e+02
4.057500e+02 3.423000e+02
4.056250e+02 3.418500e+02
4.055000e+02 3.414000e+02
4.053750e+02 3.409500e+02
4.052500e+02 3.405000e+02
4.051250e+02 3.400500e+02
4.050000e+02 3.396000e+02
4.048750e+02 3.388500e+02
4.047500e+02 3.381000e+02
4.046250e+02 3.373500e+02
4.045000e+02 3.366000e+02
4.045000e+02 3.355500e+02
4.045000e+02 3.345000e+02
4.045000e+02 3.334500e+02
4.045000e+02 3.324000e+02
4.043750e+02 3.307500e+02
4.042500e+02 3.291000e+02
4.041250e+02 3.274500e+02
4.040000e+02 3.258000e+02
4.037500e+02 3.243000e+02
4.035000e+02 3.228000e+02
4.032500e+02 3.213000e+02
4.030000e+02 3.198000e+02
4.028750e+02 3.183000e+02
4.027500e+02 3.168000e+02
4.026250e+02 3.153000e+02
4.025000e+02 3.138000e+02
4.023750e+02 3.118500e+02
4.022500e+02 3.099000e+02
4.021250e+02 3.079500e+02
4.020000e+02 3.060000e+02
4.020000e+02 3.051000e+02
4.020000e+02 3.042000e+02
4.020000e+02 3.033000e+02
4.020000e+02 3.024000e+02
4.018750e+02 3.001500e+02
4.017500e+02 2.979000e+02
4.016250e+02 2.956500e+02
4.015000e+02 2.934000e+02
4.015000e+02 2.913000e+02
4.015000e+02 2.892000e+02
4.015000e+02 2.871000e+02
4.015000e+02 2.850000e+02
4.013750e+02 2.827500e+02
4.012500e+02 2.805000e+02
4.011250e+02 2.782500e+02
4.010000e+02 2.760000e+02
4.010000e+02 2.739000e+02
4.010000e+02 2.718000e+02
4.010000e+02 2.697000e+02
4.010000e+02 2.676000e+02
4.008750e+02 2.653500e+02
4.007500e+02 2.631000e+02
4.006250e+02 2.608500e+02
4.005000e+02 2.586000e+02
4.003750e+02 2.563500e+02
4.002500e+02 2.541000e+02
4.001250e+02 2.518500e+02
4.000000e+02 2.496000e+02
4.000000e+02 2.473500e+02
4.000000e+02 2.451000e+02
4.000000e+02 2.428500e+02
4.000000e+02 2.406000e+02
4.000000e+02 2.373000e+02
4.000000e+02 2.340000e+02
4.000000e+02 2.307000e+02
4.000000e+02 2.274000e+02
4.000000e+02 2.262000e+02
4.000000e+02 2.250000e+02
4.000000e+02 2.238000e+02
4.000000e+02 2.226000e+02
4.000000e+02 2.202000e+02
4.000000e+02 2.178000e+02
4.000000e+02 2.154000e+02
4.000000e+02 2.130000e+02
3.998750e+02 2.107500e+02
3.997500e+02 2.085000e+02
3.996250e+02 2.062500e+02
3.995000e+02 2.040000e+02
3.995000e+02 2.019000e+02
3.995000e+02 1.998000e+02
3.995000e+02 1.977000e+02
3.995000e+02 1.956000e+02
3.995000e+02 1.935000e+02
3.995000e+02 1.914000e+02
3.995000e+02 1.893000e+02
3.995000e+02 1.872000e+02
3.993750e+02 1.852500e+02
3.992500e+02 1.833000e+02
3.991250e+02 1.813500e+02
3.990000e+02 1.794000e+02
3.990000e+02 1.774500e+02
3.990000e+02 1.755000e+02
3.990000e+02 1.735500e+02
3.990000e+02 1.716000e+02
3.990000e+02 1.696500e+02
3.990000e+02 1.677000e+02
3.990000e+02 1.657500e+02
3.990000e+02 1.638000e+02
3.988750e+02 1.621500e+02
3.987500e+02 1.605000e+02
3.986250e+02 1.588500e+02
3.985000e+02 1.572000e+02
3.985000e+02 1.557000e+02
3.985000e+02 1.542000e+02
3.985000e+02 1.527000e+02
3.985000e+02 1.512000e+02
3.985000e+02 1.497000e+02
3.985000e+02 1.482000e+02
3.985000e+02 1.467000e+02
3.985000e+02 1.452000e+02
3.985000e+02 1.437000e+02
3.985000e+02 1.422000e+02
3.985000e+02 1.407000e+02
3.985000e+02 1.392000e+02
3.985000e+02 1.377000e+02
3.985000e+02 1.362000e+02
3.985000e+02 1.347000e+02
3.985000e+02 1.332000e+02
3.985000e+02 1.320000e+02
3.985000e+02 1.308000e+02
3.985000e+02 1.296000e+02
3.985000e+02 1.284000e+02
3.986250e+02 1.264500e+02
3.987500e+02 1.245000e+02
3.988750e+02 1.225500e+02
3.990000e+02 1.206000e+02
3.990000e+02 1.194000e+02
3.990000e+02 1.182000e+02
3.990000e+02 1.170000e+02
3.990000e+02 1.158000e+02
3.991250e+02 1.147500e+02
3.992500e+02 1.137000e+02
3.993750e+02 1.126500e+02
3.995000e+02 1.116000e+02
3.995000e+02 1.105500e+02
3.995000e+02 1.095000e+02
3.995000e+02 1.084500e+02
3.995000e+02 1.074000e+02
3.996250e+02 1.065000e+02
3.997500e+02 1.056000e+02
3.998750e+02 1.047000e+02
4.000000e+02 1.038000e+02
4.000000e+02 1.027500e+02
4.000000e+02 1.017000e+02
4.000000e+02 1.006500e+02
4.000000e+02 9.960000e+01
4.000000e+02 9.900000e+01
4.000000e+02 9.840000e+01
4.000000e+02 9.780000e+01
4.000000e+02 9.720000e+01
4.000000e+02 9.660000e+01
4.000000e+02 9.600000e+01
4.000000e+02 9.540000e+01
4.000000e+02 9.480000e+01
4.000000e+02 9.450000e+01
4.000000e+02 9.420000e+01
4.000000e+02 9.360000e+01
4.002500e+02 9.270000e+01
4.005000e+02 9.180000e+01
4.005000e+02 9.120000e+01
4.005000e+02 9.060000e+01
4.005000e+02 9.000000e+01
4.005000e+02 8.940000e+01
4.005000e+02 8.910000e+01
4.005000e+02 8.880000e+01
4.005000e+02 8.850000e+01
4.005000e+02 8.820000e+01
4.005000e+02 8.790000e+01
4.005000e+02 8.760000e+01
4.005000e+02 8.790000e+01
4.005000e+02 8.820000e+01
4.005000e+02 8.820000e+01
4.005000e+02 8.820000e+01
4.005000e+02 8.820000e+01
4.005000e+02 8.820000e+01
4.005000e+02 8.820000e+01
4.005000e+02 8.820000e+01
