1.97427274166
1.27334683991
1.34759024393
1.11556107833
1.08223598821
0.907171744944
0.846789219112
0.939935426494
1.91016157201
1.21761379084
1.17002999811
1.45714786012
1.44403731869
1.34650352282
1.25306086713
1.89359118704
1.42015019023
1.04444574151
1.63071373385
1.1873015678
0.996876540802
0.836371288444
0.982495726076
1.01595828834
1.1735366897
1.25179904184
1.38606861933
1.55923436466
1.12231564525
1.27488284148
1.42051422261
1.05858002799
1.22443517382
1.07709652695
1.06032799778
1.30340331869
1.31029228574
1.29729464043
1.09299107122
1.2188456641
1.21468463584
1.7495127035
1.58227362025
0.93191365828
1.00490752503
1.05376619906
1.31227295977
1.32774817561
1.26325070157
1.66321629513
1.98643864211
1.20046356527
1.22995633148
1.31363923317
1.3041045034
1.33611631218
1.27904002974
1.33589743196
1.35109847152
1.41754436357
1.15387817357
1.17527083548
0.975893991315
1.11326321998
0.954432977339
0.960452567503
0.920306862394
1.12000703489
1.17554193975
1.02710505176
1.05833042773
0.714541787691
0.737284594979
1.13907879842
1.11469246945
1.07505825286
1.35052323894
1.02032667681
1.11945561032
1.13228352746
1.18872467325
1.09528201757
1.06461881817
1.23427019189
1.1274397465
1.18774700825
1.09817430853
1.20796846896
1.05834578775
1.05340523869
1.27271016726
1.33411413413
1.39209742551
1.2643527827
1.32546721328
1.35863332724
1.15970576354
1.20391649681
1.3463898587
1.549803315
