2.045000e+02 1.302000e+02
2.045000e+02 1.302000e+02
2.045000e+02 1.302000e+02
2.047500e+02 1.302000e+02
2.050000e+02 1.302000e+02
2.052500e+02 1.305000e+02
2.055000e+02 1.308000e+02
2.057500e+02 1.314000e+02
2.060000e+02 1.320000e+02
2.067500e+02 1.332000e+02
2.075000e+02 1.344000e+02
2.080000e+02 1.350000e+02
2.085000e+02 1.356000e+02
2.095000e+02 1.371000e+02
2.105000e+02 1.386000e+02
2.120000e+02 1.410000e+02
2.135000e+02 1.434000e+02
2.145000e+02 1.449000e+02
2.155000e+02 1.464000e+02
2.175000e+02 1.491000e+02
2.195000e+02 1.518000e+02
2.217500e+02 1.551000e+02
2.240000e+02 1.584000e+02
2.252500e+02 1.602000e+02
2.265000e+02 1.620000e+02
2.280000e+02 1.635000e+02
2.295000e+02 1.650000e+02
2.322500e+02 1.689000e+02
2.350000e+02 1.728000e+02
2.375000e+02 1.761000e+02
2.400000e+02 1.794000e+02
2.415000e+02 1.815000e+02
2.430000e+02 1.836000e+02
2.457500e+02 1.872000e+02
2.485000e+02 1.908000e+02
2.517500e+02 1.947000e+02
2.550000e+02 1.986000e+02
2.580000e+02 2.028000e+02
2.610000e+02 2.070000e+02
2.645000e+02 2.115000e+02
2.680000e+02 2.160000e+02
2.710000e+02 2.202000e+02
2.740000e+02 2.244000e+02
2.757500e+02 2.265000e+02
2.775000e+02 2.286000e+02
2.810000e+02 2.328000e+02
2.880000e+02 2.424000e+02
2.915000e+02 2.472000e+02
2.980000e+02 2.556000e+02
3.040000e+02 2.634000e+02
3.100000e+02 2.712000e+02
3.160000e+02 2.784000e+02
3.245000e+02 2.898000e+02
3.270000e+02 2.934000e+02
3.325000e+02 3.006000e+02
3.350000e+02 3.042000e+02
3.395000e+02 3.108000e+02
3.440000e+02 3.174000e+02
3.485000e+02 3.240000e+02
3.505000e+02 3.270000e+02
3.525000e+02 3.300000e+02
3.565000e+02 3.366000e+02
3.600000e+02 3.426000e+02
3.615000e+02 3.450000e+02
3.645000e+02 3.504000e+02
3.670000e+02 3.552000e+02
3.680000e+02 3.576000e+02
3.695000e+02 3.618000e+02
3.710000e+02 3.654000e+02
3.715000e+02 3.672000e+02
3.730000e+02 3.708000e+02
3.740000e+02 3.744000e+02
3.750000e+02 3.756000e+02
3.750000e+02 3.768000e+02
3.755000e+02 3.780000e+02
3.760000e+02 3.798000e+02
3.760000e+02 3.804000e+02
3.760000e+02 3.816000e+02
3.760000e+02 3.822000e+02
3.755000e+02 3.828000e+02
3.750000e+02 3.828000e+02
3.740000e+02 3.834000e+02
3.730000e+02 3.840000e+02
3.720000e+02 3.840000e+02
3.695000e+02 3.840000e+02
3.660000e+02 3.846000e+02
3.645000e+02 3.840000e+02
3.605000e+02 3.840000e+02
3.555000e+02 3.846000e+02
3.530000e+02 3.846000e+02
3.475000e+02 3.858000e+02
3.420000e+02 3.864000e+02
3.390000e+02 3.876000e+02
3.325000e+02 3.888000e+02
3.255000e+02 3.906000e+02
3.220000e+02 3.918000e+02
3.150000e+02 3.936000e+02
3.075000e+02 3.954000e+02
3.040000e+02 3.960000e+02
2.970000e+02 3.972000e+02
2.935000e+02 3.978000e+02
2.865000e+02 3.990000e+02
2.805000e+02 4.002000e+02
2.770000e+02 4.008000e+02
2.705000e+02 4.014000e+02
2.675000e+02 4.014000e+02
2.615000e+02 4.020000e+02
2.555000e+02 4.020000e+02
2.525000e+02 4.026000e+02
2.465000e+02 4.026000e+02
2.415000e+02 4.032000e+02
2.365000e+02 4.044000e+02
2.345000e+02 4.044000e+02
2.280000e+02 4.056000e+02
2.240000e+02 4.062000e+02
2.225000e+02 4.062000e+02
2.205000e+02 4.068000e+02
2.175000e+02 4.068000e+02
2.160000e+02 4.068000e+02
2.135000e+02 4.068000e+02
2.115000e+02 4.068000e+02
2.105000e+02 4.062000e+02
2.090000e+02 4.056000e+02
2.080000e+02 4.044000e+02
2.080000e+02 4.038000e+02
2.075000e+02 4.026000e+02
2.075000e+02 4.014000e+02
2.080000e+02 4.008000e+02
2.085000e+02 3.990000e+02
2.090000e+02 3.978000e+02
2.105000e+02 3.942000e+02
2.125000e+02 3.912000e+02
2.150000e+02 3.876000e+02
2.165000e+02 3.852000e+02
2.195000e+02 3.804000e+02
2.225000e+02 3.750000e+02
2.245000e+02 3.726000e+02
2.285000e+02 3.660000e+02
2.305000e+02 3.630000e+02
2.350000e+02 3.564000e+02
2.395000e+02 3.498000e+02
2.450000e+02 3.432000e+02
2.475000e+02 3.396000e+02
2.525000e+02 3.330000e+02
2.585000e+02 3.258000e+02
2.640000e+02 3.186000e+02
2.670000e+02 3.144000e+02
2.735000e+02 3.066000e+02
2.805000e+02 2.982000e+02
2.840000e+02 2.934000e+02
2.905000e+02 2.850000e+02
2.940000e+02 2.808000e+02
3.010000e+02 2.724000e+02
3.045000e+02 2.682000e+02
3.120000e+02 2.592000e+02
3.160000e+02 2.556000e+02
3.235000e+02 2.472000e+02
3.270000e+02 2.430000e+02
3.345000e+02 2.352000e+02
3.415000e+02 2.274000e+02
3.450000e+02 2.238000e+02
3.520000e+02 2.160000e+02
3.590000e+02 2.094000e+02
3.625000e+02 2.058000e+02
3.690000e+02 1.980000e+02
3.760000e+02 1.914000e+02
3.790000e+02 1.878000e+02
3.855000e+02 1.806000e+02
3.920000e+02 1.734000e+02
3.955000e+02 1.692000e+02
4.015000e+02 1.626000e+02
4.080000e+02 1.548000e+02
4.140000e+02 1.482000e+02
4.170000e+02 1.446000e+02
4.235000e+02 1.380000e+02
4.295000e+02 1.314000e+02
4.325000e+02 1.284000e+02
4.380000e+02 1.224000e+02
4.405000e+02 1.194000e+02
4.455000e+02 1.146000e+02
4.500000e+02 1.098000e+02
4.535000e+02 1.056000e+02
4.565000e+02 1.020000e+02
4.585000e+02 9.960000e+01
4.605000e+02 9.780000e+01
4.620000e+02 9.660000e+01
4.635000e+02 9.540000e+01
4.640000e+02 9.480000e+01
4.640000e+02 9.480000e+01
4.645000e+02 9.420000e+01
4.645000e+02 9.360000e+01
4.645000e+02 9.360000e+01
4.650000e+02 9.360000e+01
4.650000e+02 9.360000e+01
4.650000e+02 9.360000e+01
4.650000e+02 9.360000e+01
4.640000e+02 9.300000e+01
4.635000e+02 9.300000e+01
4.625000e+02 9.240000e+01
4.625000e+02 9.240000e+01
