3.425000e+02 6.300000e+01
3.425000e+02 6.300000e+01
3.425000e+02 6.300000e+01
3.425000e+02 6.300000e+01
3.425000e+02 6.300000e+01
3.425000e+02 6.300000e+01
3.425000e+02 6.300000e+01
3.425000e+02 6.270000e+01
3.425000e+02 6.240000e+01
3.425000e+02 6.240000e+01
3.425000e+02 6.240000e+01
3.422500e+02 6.210000e+01
3.420000e+02 6.180000e+01
3.420000e+02 6.180000e+01
3.420000e+02 6.180000e+01
3.420000e+02 6.150000e+01
3.420000e+02 6.120000e+01
3.420000e+02 6.120000e+01
3.420000e+02 6.120000e+01
3.420000e+02 6.120000e+01
3.420000e+02 6.120000e+01
3.420000e+02 6.120000e+01
3.420000e+02 6.120000e+01
3.420000e+02 6.120000e+01
3.420000e+02 6.120000e+01
3.417500e+02 6.120000e+01
3.415000e+02 6.120000e+01
3.415000e+02 6.120000e+01
3.415000e+02 6.120000e+01
3.415000e+02 6.180000e+01
3.415000e+02 6.240000e+01
3.415000e+02 6.270000e+01
3.415000e+02 6.300000e+01
3.412500e+02 6.330000e+01
3.410000e+02 6.360000e+01
3.410000e+02 6.450000e+01
3.410000e+02 6.540000e+01
3.410000e+02 6.630000e+01
3.410000e+02 6.720000e+01
3.410000e+02 6.840000e+01
3.410000e+02 6.960000e+01
3.410000e+02 7.080000e+01
3.410000e+02 7.200000e+01
3.410000e+02 7.350000e+01
3.410000e+02 7.500000e+01
3.412500e+02 7.650000e+01
3.415000e+02 7.800000e+01
3.415000e+02 8.070000e+01
3.415000e+02 8.340000e+01
3.415000e+02 8.640000e+01
3.415000e+02 8.940000e+01
3.417500e+02 9.150000e+01
3.420000e+02 9.360000e+01
3.420000e+02 9.570000e+01
3.420000e+02 9.780000e+01
3.420000e+02 1.014000e+02
3.420000e+02 1.050000e+02
3.422500e+02 1.098000e+02
3.425000e+02 1.146000e+02
3.425000e+02 1.170000e+02
3.425000e+02 1.194000e+02
3.425000e+02 1.218000e+02
3.425000e+02 1.242000e+02
3.425000e+02 1.266000e+02
3.425000e+02 1.290000e+02
3.425000e+02 1.317000e+02
3.425000e+02 1.344000e+02
3.425000e+02 1.371000e+02
3.425000e+02 1.398000e+02
3.427500e+02 1.428000e+02
3.430000e+02 1.458000e+02
3.430000e+02 1.485000e+02
3.430000e+02 1.512000e+02
3.430000e+02 1.542000e+02
3.430000e+02 1.572000e+02
3.430000e+02 1.602000e+02
3.430000e+02 1.632000e+02
3.430000e+02 1.665000e+02
3.430000e+02 1.698000e+02
3.432500e+02 1.746000e+02
3.435000e+02 1.794000e+02
3.435000e+02 1.827000e+02
3.435000e+02 1.860000e+02
3.435000e+02 1.896000e+02
3.435000e+02 1.932000e+02
3.435000e+02 1.971000e+02
3.435000e+02 2.010000e+02
3.435000e+02 2.046000e+02
3.435000e+02 2.082000e+02
3.437500e+02 2.130000e+02
3.440000e+02 2.178000e+02
3.440000e+02 2.220000e+02
3.440000e+02 2.262000e+02
3.440000e+02 2.313000e+02
3.440000e+02 2.364000e+02
3.440000e+02 2.409000e+02
3.440000e+02 2.454000e+02
3.442500e+02 2.496000e+02
3.445000e+02 2.538000e+02
3.445000e+02 2.571000e+02
3.445000e+02 2.604000e+02
3.447500e+02 2.637000e+02
3.450000e+02 2.670000e+02
3.450000e+02 2.706000e+02
3.450000e+02 2.742000e+02
3.452500e+02 2.763000e+02
3.455000e+02 2.784000e+02
3.455000e+02 2.793000e+02
3.455000e+02 2.802000e+02
3.457500e+02 2.826000e+02
3.460000e+02 2.850000e+02
3.460000e+02 2.856000e+02
3.460000e+02 2.862000e+02
3.460000e+02 2.880000e+02
3.460000e+02 2.898000e+02
3.462500e+02 2.910000e+02
3.465000e+02 2.922000e+02
3.467500e+02 2.934000e+02
3.470000e+02 2.946000e+02
3.470000e+02 2.952000e+02
3.470000e+02 2.958000e+02
3.472500e+02 2.970000e+02
3.475000e+02 2.982000e+02
3.477500e+02 3.003000e+02
3.480000e+02 3.024000e+02
3.482500e+02 3.039000e+02
3.485000e+02 3.054000e+02
3.487500e+02 3.075000e+02
3.490000e+02 3.096000e+02
3.490000e+02 3.117000e+02
3.490000e+02 3.138000e+02
3.492500e+02 3.156000e+02
3.495000e+02 3.174000e+02
3.497500e+02 3.189000e+02
3.500000e+02 3.204000e+02
3.500000e+02 3.225000e+02
3.500000e+02 3.246000e+02
3.502500e+02 3.264000e+02
3.505000e+02 3.282000e+02
3.505000e+02 3.297000e+02
3.505000e+02 3.312000e+02
3.505000e+02 3.327000e+02
3.505000e+02 3.342000e+02
3.507500e+02 3.366000e+02
3.510000e+02 3.390000e+02
3.510000e+02 3.408000e+02
3.510000e+02 3.426000e+02
3.510000e+02 3.438000e+02
3.510000e+02 3.450000e+02
3.510000e+02 3.462000e+02
3.510000e+02 3.474000e+02
3.512500e+02 3.486000e+02
3.515000e+02 3.498000e+02
3.515000e+02 3.510000e+02
3.515000e+02 3.522000e+02
3.515000e+02 3.534000e+02
3.515000e+02 3.546000e+02
3.515000e+02 3.561000e+02
3.515000e+02 3.576000e+02
3.515000e+02 3.588000e+02
3.515000e+02 3.600000e+02
3.515000e+02 3.609000e+02
3.515000e+02 3.618000e+02
3.515000e+02 3.627000e+02
3.515000e+02 3.636000e+02
3.515000e+02 3.642000e+02
3.515000e+02 3.648000e+02
3.515000e+02 3.657000e+02
3.515000e+02 3.666000e+02
3.515000e+02 3.672000e+02
3.515000e+02 3.678000e+02
3.515000e+02 3.690000e+02
3.515000e+02 3.702000e+02
3.515000e+02 3.708000e+02
3.515000e+02 3.714000e+02
3.512500e+02 3.723000e+02
3.510000e+02 3.732000e+02
3.510000e+02 3.738000e+02
3.510000e+02 3.744000e+02
3.510000e+02 3.756000e+02
3.510000e+02 3.768000e+02
3.510000e+02 3.774000e+02
3.510000e+02 3.780000e+02
3.510000e+02 3.789000e+02
3.510000e+02 3.798000e+02
3.510000e+02 3.810000e+02
3.510000e+02 3.822000e+02
3.510000e+02 3.834000e+02
3.510000e+02 3.846000e+02
3.510000e+02 3.858000e+02
3.510000e+02 3.870000e+02
3.510000e+02 3.882000e+02
3.510000e+02 3.894000e+02
3.510000e+02 3.906000e+02
3.510000e+02 3.912000e+02
3.510000e+02 3.924000e+02
3.510000e+02 3.930000e+02
3.510000e+02 3.930000e+02
3.510000e+02 3.930000e+02
3.510000e+02 3.930000e+02
