3.240000e+02 1.038000e+02
3.240000e+02 1.038000e+02
3.240000e+02 1.038000e+02
3.240000e+02 1.038000e+02
3.240000e+02 1.038000e+02
3.240000e+02 1.039500e+02
3.240000e+02 1.041000e+02
3.240000e+02 1.042500e+02
3.240000e+02 1.044000e+02
3.238750e+02 1.048500e+02
3.237500e+02 1.053000e+02
3.236250e+02 1.057500e+02
3.235000e+02 1.062000e+02
3.235000e+02 1.068000e+02
3.235000e+02 1.074000e+02
3.235000e+02 1.080000e+02
3.235000e+02 1.086000e+02
3.233750e+02 1.096500e+02
3.232500e+02 1.107000e+02
3.231250e+02 1.117500e+02
3.230000e+02 1.128000e+02
3.228750e+02 1.144500e+02
3.227500e+02 1.161000e+02
3.226250e+02 1.177500e+02
3.225000e+02 1.194000e+02
3.222500e+02 1.218000e+02
3.220000e+02 1.242000e+02
3.217500e+02 1.266000e+02
3.215000e+02 1.290000e+02
3.212500e+02 1.314000e+02
3.210000e+02 1.338000e+02
3.207500e+02 1.362000e+02
3.205000e+02 1.386000e+02
3.202500e+02 1.402500e+02
3.200000e+02 1.419000e+02
3.197500e+02 1.435500e+02
3.195000e+02 1.452000e+02
3.193750e+02 1.467000e+02
3.192500e+02 1.482000e+02
3.191250e+02 1.497000e+02
3.190000e+02 1.512000e+02
3.188750e+02 1.528500e+02
3.187500e+02 1.545000e+02
3.186250e+02 1.561500e+02
3.185000e+02 1.578000e+02
3.182500e+02 1.593000e+02
3.180000e+02 1.608000e+02
3.177500e+02 1.623000e+02
3.175000e+02 1.638000e+02
3.173750e+02 1.660500e+02
3.172500e+02 1.683000e+02
3.171250e+02 1.705500e+02
3.170000e+02 1.728000e+02
3.168750e+02 1.744500e+02
3.167500e+02 1.761000e+02
3.166250e+02 1.777500e+02
3.165000e+02 1.794000e+02
3.165000e+02 1.801500e+02
3.165000e+02 1.809000e+02
3.165000e+02 1.816500e+02
3.165000e+02 1.824000e+02
3.165000e+02 1.849500e+02
3.165000e+02 1.875000e+02
3.165000e+02 1.900500e+02
3.165000e+02 1.926000e+02
3.165000e+02 1.941000e+02
3.165000e+02 1.956000e+02
3.165000e+02 1.971000e+02
3.165000e+02 1.986000e+02
3.163750e+02 2.004000e+02
3.162500e+02 2.022000e+02
3.161250e+02 2.040000e+02
3.160000e+02 2.058000e+02
3.160000e+02 2.073000e+02
3.160000e+02 2.088000e+02
3.160000e+02 2.103000e+02
3.160000e+02 2.118000e+02
3.160000e+02 2.133000e+02
3.160000e+02 2.148000e+02
3.160000e+02 2.163000e+02
3.160000e+02 2.178000e+02
3.160000e+02 2.193000e+02
3.160000e+02 2.208000e+02
3.160000e+02 2.223000e+02
3.160000e+02 2.238000e+02
3.161250e+02 2.253000e+02
3.162500e+02 2.268000e+02
3.165000e+02 2.298000e+02
3.165000e+02 2.331000e+02
3.165000e+02 2.364000e+02
3.165000e+02 2.391000e+02
3.165000e+02 2.418000e+02
3.165000e+02 2.466000e+02
3.165000e+02 2.514000e+02
3.165000e+02 2.538000e+02
3.165000e+02 2.562000e+02
3.167500e+02 2.589000e+02
3.170000e+02 2.616000e+02
3.170000e+02 2.640000e+02
3.170000e+02 2.664000e+02
3.170000e+02 2.688000e+02
3.170000e+02 2.712000e+02
3.172500e+02 2.739000e+02
3.175000e+02 2.766000e+02
3.175000e+02 2.790000e+02
3.175000e+02 2.814000e+02
3.175000e+02 2.835000e+02
3.175000e+02 2.856000e+02
3.175000e+02 2.874000e+02
3.175000e+02 2.892000e+02
3.175000e+02 2.910000e+02
3.175000e+02 2.928000e+02
3.175000e+02 2.943000e+02
3.175000e+02 2.958000e+02
3.175000e+02 2.973000e+02
3.175000e+02 2.988000e+02
3.175000e+02 3.006000e+02
3.175000e+02 3.024000e+02
3.175000e+02 3.033000e+02
3.175000e+02 3.042000e+02
3.175000e+02 3.054000e+02
3.175000e+02 3.066000e+02
3.175000e+02 3.078000e+02
3.175000e+02 3.090000e+02
3.175000e+02 3.102000e+02
3.175000e+02 3.114000e+02
3.175000e+02 3.126000e+02
3.175000e+02 3.138000e+02
3.175000e+02 3.147000e+02
3.175000e+02 3.156000e+02
3.175000e+02 3.165000e+02
3.175000e+02 3.174000e+02
3.175000e+02 3.180000e+02
3.175000e+02 3.186000e+02
3.175000e+02 3.195000e+02
3.175000e+02 3.204000e+02
3.175000e+02 3.210000e+02
3.175000e+02 3.216000e+02
3.175000e+02 3.222000e+02
3.175000e+02 3.228000e+02
3.175000e+02 3.234000e+02
3.175000e+02 3.240000e+02
3.175000e+02 3.246000e+02
3.175000e+02 3.252000e+02
3.175000e+02 3.261000e+02
3.175000e+02 3.270000e+02
3.175000e+02 3.276000e+02
3.175000e+02 3.282000e+02
3.175000e+02 3.288000e+02
3.175000e+02 3.294000e+02
3.175000e+02 3.297000e+02
3.175000e+02 3.300000e+02
3.175000e+02 3.306000e+02
3.175000e+02 3.312000e+02
3.172500e+02 3.318000e+02
3.170000e+02 3.324000e+02
3.170000e+02 3.327000e+02
3.170000e+02 3.330000e+02
3.170000e+02 3.333000e+02
3.170000e+02 3.336000e+02
3.170000e+02 3.342000e+02
3.170000e+02 3.348000e+02
3.170000e+02 3.351000e+02
3.170000e+02 3.354000e+02
3.170000e+02 3.360000e+02
3.170000e+02 3.366000e+02
3.170000e+02 3.372000e+02
3.170000e+02 3.378000e+02
3.170000e+02 3.381000e+02
3.170000e+02 3.384000e+02
3.170000e+02 3.390000e+02
3.170000e+02 3.396000e+02
3.170000e+02 3.399000e+02
3.170000e+02 3.402000e+02
3.170000e+02 3.408000e+02
3.170000e+02 3.414000e+02
3.170000e+02 3.417000e+02
3.170000e+02 3.420000e+02
3.170000e+02 3.426000e+02
3.170000e+02 3.432000e+02
3.170000e+02 3.438000e+02
3.170000e+02 3.444000e+02
3.170000e+02 3.450000e+02
3.170000e+02 3.456000e+02
3.170000e+02 3.462000e+02
3.170000e+02 3.468000e+02
3.170000e+02 3.471000e+02
3.170000e+02 3.474000e+02
3.172500e+02 3.477000e+02
3.175000e+02 3.480000e+02
3.175000e+02 3.486000e+02
3.175000e+02 3.492000e+02
3.175000e+02 3.495000e+02
3.175000e+02 3.498000e+02
3.177500e+02 3.504000e+02
3.180000e+02 3.510000e+02
3.180000e+02 3.513000e+02
3.180000e+02 3.516000e+02
3.180000e+02 3.516000e+02
3.180000e+02 3.516000e+02
