2.400000e+02 8.400000e+01
2.407500e+02 8.550000e+01
2.415000e+02 8.700000e+01
2.417500e+02 8.820000e+01
2.420000e+02 8.940000e+01
2.422500e+02 9.000000e+01
2.425000e+02 9.060000e+01
2.430000e+02 9.210000e+01
2.435000e+02 9.360000e+01
2.440000e+02 9.600000e+01
2.445000e+02 9.840000e+01
2.447500e+02 9.960000e+01
2.450000e+02 1.008000e+02
2.455000e+02 1.020000e+02
2.460000e+02 1.032000e+02
2.472500e+02 1.062000e+02
2.485000e+02 1.092000e+02
2.500000e+02 1.125000e+02
2.515000e+02 1.158000e+02
2.522500e+02 1.176000e+02
2.530000e+02 1.194000e+02
2.545000e+02 1.230000e+02
2.560000e+02 1.266000e+02
2.570000e+02 1.287000e+02
2.580000e+02 1.308000e+02
2.600000e+02 1.350000e+02
2.620000e+02 1.392000e+02
2.630000e+02 1.413000e+02
2.640000e+02 1.434000e+02
2.660000e+02 1.482000e+02
2.680000e+02 1.530000e+02
2.702500e+02 1.575000e+02
2.725000e+02 1.620000e+02
2.745000e+02 1.668000e+02
2.765000e+02 1.716000e+02
2.792500e+02 1.767000e+02
2.820000e+02 1.818000e+02
2.845000e+02 1.869000e+02
2.870000e+02 1.920000e+02
2.897500e+02 1.974000e+02
2.925000e+02 2.028000e+02
2.937500e+02 2.055000e+02
2.950000e+02 2.082000e+02
2.975000e+02 2.133000e+02
3.000000e+02 2.184000e+02
3.022500e+02 2.241000e+02
3.045000e+02 2.298000e+02
3.057500e+02 2.322000e+02
3.070000e+02 2.346000e+02
3.092500e+02 2.397000e+02
3.115000e+02 2.448000e+02
3.125000e+02 2.472000e+02
3.135000e+02 2.496000e+02
3.157500e+02 2.547000e+02
3.180000e+02 2.598000e+02
3.200000e+02 2.643000e+02
3.220000e+02 2.688000e+02
3.235000e+02 2.733000e+02
3.250000e+02 2.778000e+02
3.267500e+02 2.823000e+02
3.285000e+02 2.868000e+02
3.305000e+02 2.925000e+02
3.325000e+02 2.982000e+02
3.332500e+02 3.000000e+02
3.340000e+02 3.018000e+02
3.347500e+02 3.036000e+02
3.355000e+02 3.054000e+02
3.367500e+02 3.087000e+02
3.380000e+02 3.120000e+02
3.385000e+02 3.138000e+02
3.390000e+02 3.156000e+02
3.397500e+02 3.171000e+02
3.405000e+02 3.186000e+02
3.415000e+02 3.219000e+02
3.425000e+02 3.252000e+02
3.437500e+02 3.279000e+02
3.450000e+02 3.306000e+02
3.460000e+02 3.333000e+02
3.470000e+02 3.360000e+02
3.480000e+02 3.387000e+02
3.490000e+02 3.414000e+02
3.500000e+02 3.435000e+02
3.510000e+02 3.456000e+02
3.512500e+02 3.465000e+02
3.515000e+02 3.474000e+02
3.520000e+02 3.489000e+02
3.525000e+02 3.504000e+02
3.527500e+02 3.516000e+02
3.530000e+02 3.528000e+02
3.527500e+02 3.537000e+02
3.525000e+02 3.546000e+02
3.522500e+02 3.549000e+02
3.520000e+02 3.552000e+02
3.515000e+02 3.558000e+02
3.510000e+02 3.564000e+02
3.505000e+02 3.567000e+02
3.500000e+02 3.570000e+02
3.490000e+02 3.576000e+02
3.480000e+02 3.582000e+02
3.470000e+02 3.588000e+02
3.460000e+02 3.594000e+02
3.447500e+02 3.594000e+02
3.435000e+02 3.594000e+02
3.427500e+02 3.597000e+02
3.420000e+02 3.600000e+02
3.400000e+02 3.603000e+02
3.380000e+02 3.606000e+02
3.372500e+02 3.606000e+02
3.365000e+02 3.606000e+02
3.340000e+02 3.609000e+02
3.315000e+02 3.612000e+02
3.290000e+02 3.615000e+02
3.265000e+02 3.618000e+02
3.232500e+02 3.624000e+02
3.200000e+02 3.630000e+02
3.165000e+02 3.636000e+02
3.090000e+02 3.648000e+02
3.010000e+02 3.660000e+02
2.930000e+02 3.666000e+02
2.845000e+02 3.672000e+02
2.760000e+02 3.678000e+02
2.675000e+02 3.684000e+02
2.585000e+02 3.690000e+02
2.500000e+02 3.690000e+02
2.460000e+02 3.696000e+02
2.375000e+02 3.696000e+02
2.295000e+02 3.696000e+02
2.220000e+02 3.696000e+02
2.190000e+02 3.696000e+02
2.120000e+02 3.696000e+02
2.090000e+02 3.696000e+02
2.035000e+02 3.702000e+02
2.010000e+02 3.702000e+02
1.960000e+02 3.702000e+02
1.915000e+02 3.702000e+02
1.895000e+02 3.702000e+02
1.870000e+02 3.702000e+02
1.850000e+02 3.702000e+02
1.840000e+02 3.702000e+02
1.835000e+02 3.696000e+02
1.835000e+02 3.684000e+02
1.840000e+02 3.678000e+02
1.860000e+02 3.654000e+02
1.890000e+02 3.618000e+02
1.905000e+02 3.600000e+02
1.950000e+02 3.558000e+02
2.000000e+02 3.504000e+02
2.030000e+02 3.480000e+02
2.090000e+02 3.420000e+02
2.165000e+02 3.354000e+02
2.200000e+02 3.324000e+02
2.285000e+02 3.246000e+02
2.375000e+02 3.174000e+02
2.420000e+02 3.132000e+02
2.510000e+02 3.048000e+02
2.600000e+02 2.964000e+02
2.650000e+02 2.922000e+02
2.750000e+02 2.832000e+02
2.845000e+02 2.748000e+02
2.890000e+02 2.706000e+02
2.935000e+02 2.664000e+02
3.035000e+02 2.580000e+02
3.130000e+02 2.490000e+02
3.180000e+02 2.442000e+02
3.275000e+02 2.346000e+02
3.370000e+02 2.250000e+02
3.455000e+02 2.160000e+02
3.500000e+02 2.124000e+02
3.585000e+02 2.028000e+02
3.670000e+02 1.944000e+02
3.710000e+02 1.896000e+02
3.790000e+02 1.818000e+02
3.830000e+02 1.776000e+02
3.905000e+02 1.692000e+02
3.975000e+02 1.614000e+02
4.050000e+02 1.536000e+02
4.080000e+02 1.500000e+02
4.150000e+02 1.428000e+02
4.210000e+02 1.362000e+02
4.240000e+02 1.332000e+02
4.295000e+02 1.272000e+02
4.350000e+02 1.206000e+02
4.375000e+02 1.182000e+02
4.425000e+02 1.128000e+02
4.470000e+02 1.080000e+02
4.485000e+02 1.056000e+02
4.520000e+02 1.026000e+02
4.540000e+02 9.960000e+01
4.550000e+02 9.900000e+01
4.565000e+02 9.720000e+01
4.575000e+02 9.660000e+01
4.580000e+02 9.600000e+01
4.585000e+02 9.540000e+01
4.585000e+02 9.540000e+01
4.585000e+02 9.540000e+01
4.580000e+02 9.480000e+01
4.575000e+02 9.480000e+01
4.565000e+02 9.480000e+01
4.545000e+02 9.540000e+01
4.545000e+02 9.540000e+01
