6.300000e+01 2.418000e+02
6.300000e+01 2.418000e+02
6.300000e+01 2.418000e+02
6.325000e+01 2.418000e+02
6.350000e+01 2.418000e+02
6.350000e+01 2.418000e+02
6.350000e+01 2.418000e+02
6.350000e+01 2.415000e+02
6.350000e+01 2.412000e+02
6.375000e+01 2.412000e+02
6.400000e+01 2.412000e+02
6.425000e+01 2.409000e+02
6.450000e+01 2.406000e+02
6.525000e+01 2.403000e+02
6.600000e+01 2.400000e+02
6.700000e+01 2.394000e+02
6.800000e+01 2.388000e+02
7.000000e+01 2.382000e+02
7.200000e+01 2.376000e+02
7.300000e+01 2.373000e+02
7.400000e+01 2.370000e+02
7.650000e+01 2.364000e+02
7.900000e+01 2.358000e+02
8.150000e+01 2.352000e+02
8.400000e+01 2.346000e+02
8.575000e+01 2.343000e+02
8.750000e+01 2.340000e+02
8.925000e+01 2.337000e+02
9.100000e+01 2.334000e+02
9.300000e+01 2.331000e+02
9.500000e+01 2.328000e+02
9.675000e+01 2.325000e+02
9.850000e+01 2.322000e+02
1.007500e+02 2.316000e+02
1.030000e+02 2.310000e+02
1.052500e+02 2.307000e+02
1.075000e+02 2.304000e+02
1.097500e+02 2.301000e+02
1.120000e+02 2.298000e+02
1.145000e+02 2.295000e+02
1.170000e+02 2.292000e+02
1.195000e+02 2.286000e+02
1.220000e+02 2.280000e+02
1.230000e+02 2.280000e+02
1.240000e+02 2.280000e+02
1.267500e+02 2.277000e+02
1.295000e+02 2.274000e+02
1.320000e+02 2.274000e+02
1.345000e+02 2.274000e+02
1.372500e+02 2.271000e+02
1.400000e+02 2.268000e+02
1.412500e+02 2.265000e+02
1.425000e+02 2.262000e+02
1.455000e+02 2.259000e+02
1.485000e+02 2.256000e+02
1.527500e+02 2.253000e+02
1.570000e+02 2.250000e+02
1.615000e+02 2.247000e+02
1.660000e+02 2.244000e+02
1.705000e+02 2.238000e+02
1.750000e+02 2.232000e+02
1.782500e+02 2.229000e+02
1.815000e+02 2.226000e+02
1.847500e+02 2.223000e+02
1.880000e+02 2.220000e+02
1.912500e+02 2.217000e+02
1.945000e+02 2.214000e+02
1.980000e+02 2.211000e+02
2.015000e+02 2.208000e+02
2.050000e+02 2.205000e+02
2.085000e+02 2.202000e+02
2.100000e+02 2.199000e+02
2.115000e+02 2.196000e+02
2.150000e+02 2.193000e+02
2.185000e+02 2.190000e+02
2.235000e+02 2.184000e+02
2.285000e+02 2.178000e+02
2.302500e+02 2.175000e+02
2.320000e+02 2.172000e+02
2.352500e+02 2.169000e+02
2.385000e+02 2.166000e+02
2.420000e+02 2.160000e+02
2.455000e+02 2.154000e+02
2.490000e+02 2.151000e+02
2.525000e+02 2.148000e+02
2.557500e+02 2.142000e+02
2.590000e+02 2.136000e+02
2.625000e+02 2.133000e+02
2.660000e+02 2.130000e+02
2.690000e+02 2.127000e+02
2.720000e+02 2.124000e+02
2.760000e+02 2.118000e+02
2.800000e+02 2.112000e+02
2.830000e+02 2.109000e+02
2.860000e+02 2.106000e+02
2.905000e+02 2.103000e+02
2.950000e+02 2.100000e+02
2.992500e+02 2.094000e+02
3.035000e+02 2.088000e+02
3.075000e+02 2.082000e+02
3.115000e+02 2.076000e+02
3.145000e+02 2.073000e+02
3.175000e+02 2.070000e+02
3.202500e+02 2.067000e+02
3.230000e+02 2.064000e+02
3.260000e+02 2.061000e+02
3.290000e+02 2.058000e+02
3.317500e+02 2.055000e+02
3.345000e+02 2.052000e+02
3.375000e+02 2.049000e+02
3.405000e+02 2.046000e+02
3.432500e+02 2.043000e+02
3.460000e+02 2.040000e+02
3.487500e+02 2.037000e+02
3.515000e+02 2.034000e+02
3.542500e+02 2.031000e+02
3.570000e+02 2.028000e+02
3.597500e+02 2.028000e+02
3.625000e+02 2.028000e+02
3.652500e+02 2.025000e+02
3.680000e+02 2.022000e+02
3.705000e+02 2.022000e+02
3.730000e+02 2.022000e+02
3.760000e+02 2.019000e+02
3.790000e+02 2.016000e+02
3.815000e+02 2.016000e+02
3.840000e+02 2.016000e+02
3.872500e+02 2.013000e+02
3.905000e+02 2.010000e+02
3.930000e+02 2.010000e+02
3.955000e+02 2.010000e+02
3.982500e+02 2.007000e+02
4.010000e+02 2.004000e+02
4.037500e+02 2.004000e+02
4.065000e+02 2.004000e+02
4.090000e+02 2.004000e+02
4.115000e+02 2.004000e+02
4.145000e+02 2.004000e+02
4.175000e+02 2.004000e+02
4.200000e+02 2.004000e+02
4.225000e+02 2.004000e+02
4.255000e+02 2.004000e+02
4.285000e+02 2.004000e+02
4.310000e+02 2.004000e+02
4.335000e+02 2.004000e+02
4.360000e+02 2.004000e+02
4.385000e+02 2.004000e+02
4.410000e+02 2.004000e+02
4.435000e+02 2.004000e+02
4.460000e+02 2.007000e+02
4.485000e+02 2.010000e+02
4.515000e+02 2.010000e+02
4.545000e+02 2.010000e+02
4.570000e+02 2.010000e+02
4.595000e+02 2.010000e+02
4.622500e+02 2.010000e+02
4.650000e+02 2.010000e+02
4.677500e+02 2.013000e+02
4.705000e+02 2.016000e+02
4.732500e+02 2.016000e+02
4.760000e+02 2.016000e+02
4.782500e+02 2.019000e+02
4.805000e+02 2.022000e+02
4.827500e+02 2.022000e+02
4.850000e+02 2.022000e+02
4.870000e+02 2.022000e+02
4.890000e+02 2.022000e+02
4.912500e+02 2.025000e+02
4.935000e+02 2.028000e+02
4.952500e+02 2.028000e+02
4.970000e+02 2.028000e+02
4.987500e+02 2.028000e+02
5.005000e+02 2.028000e+02
5.022500e+02 2.031000e+02
5.040000e+02 2.034000e+02
5.057500e+02 2.034000e+02
5.075000e+02 2.034000e+02
5.082500e+02 2.034000e+02
5.090000e+02 2.034000e+02
5.117500e+02 2.037000e+02
5.145000e+02 2.040000e+02
5.165000e+02 2.040000e+02
5.200000e+02 2.040000e+02
5.230000e+02 2.046000e+02
5.260000e+02 2.046000e+02
5.290000e+02 2.046000e+02
5.315000e+02 2.052000e+02
5.340000e+02 2.052000e+02
5.350000e+02 2.052000e+02
5.365000e+02 2.052000e+02
5.375000e+02 2.052000e+02
5.385000e+02 2.058000e+02
5.390000e+02 2.058000e+02
5.395000e+02 2.058000e+02
5.400000e+02 2.058000e+02
5.410000e+02 2.064000e+02
5.415000e+02 2.064000e+02
5.430000e+02 2.076000e+02
5.430000e+02 2.076000e+02
5.430000e+02 2.076000e+02
