3.225000e+02 1.002000e+02
3.225000e+02 1.002000e+02
3.225000e+02 1.002000e+02
3.225000e+02 1.002000e+02
3.225000e+02 1.002000e+02
3.225000e+02 1.002000e+02
3.225000e+02 1.002000e+02
3.225000e+02 1.002000e+02
3.225000e+02 1.002000e+02
3.223750e+02 1.002000e+02
3.222500e+02 1.002000e+02
3.221250e+02 1.002000e+02
3.220000e+02 1.002000e+02
3.220000e+02 1.002000e+02
3.220000e+02 1.002000e+02
3.220000e+02 1.002000e+02
3.220000e+02 1.002000e+02
3.220000e+02 1.002000e+02
3.220000e+02 1.002000e+02
3.220000e+02 1.002000e+02
3.220000e+02 1.002000e+02
3.220000e+02 1.002000e+02
3.220000e+02 1.002000e+02
3.220000e+02 1.002000e+02
3.220000e+02 1.002000e+02
3.220000e+02 1.002000e+02
3.220000e+02 1.002000e+02
3.220000e+02 1.002000e+02
3.220000e+02 1.002000e+02
3.220000e+02 1.003500e+02
3.220000e+02 1.005000e+02
3.220000e+02 1.006500e+02
3.220000e+02 1.008000e+02
3.220000e+02 1.008000e+02
3.220000e+02 1.008000e+02
3.220000e+02 1.008000e+02
3.220000e+02 1.008000e+02
3.220000e+02 1.009500e+02
3.220000e+02 1.011000e+02
3.220000e+02 1.012500e+02
3.220000e+02 1.014000e+02
3.220000e+02 1.018500e+02
3.220000e+02 1.023000e+02
3.220000e+02 1.027500e+02
3.220000e+02 1.032000e+02
3.220000e+02 1.033500e+02
3.220000e+02 1.035000e+02
3.220000e+02 1.036500e+02
3.220000e+02 1.038000e+02
3.220000e+02 1.042500e+02
3.220000e+02 1.047000e+02
3.220000e+02 1.051500e+02
3.220000e+02 1.056000e+02
3.221250e+02 1.062000e+02
3.222500e+02 1.068000e+02
3.223750e+02 1.074000e+02
3.225000e+02 1.080000e+02
3.225000e+02 1.087500e+02
3.225000e+02 1.095000e+02
3.225000e+02 1.110000e+02
3.225000e+02 1.125000e+02
3.225000e+02 1.140000e+02
3.225000e+02 1.158000e+02
3.225000e+02 1.176000e+02
3.225000e+02 1.191000e+02
3.225000e+02 1.206000e+02
3.222500e+02 1.224000e+02
3.220000e+02 1.242000e+02
3.220000e+02 1.263000e+02
3.220000e+02 1.284000e+02
3.217500e+02 1.305000e+02
3.215000e+02 1.326000e+02
3.215000e+02 1.362000e+02
3.215000e+02 1.398000e+02
3.212500e+02 1.434000e+02
3.210000e+02 1.470000e+02
3.210000e+02 1.506000e+02
3.210000e+02 1.542000e+02
3.210000e+02 1.554000e+02
3.210000e+02 1.566000e+02
3.210000e+02 1.593000e+02
3.210000e+02 1.620000e+02
3.210000e+02 1.662000e+02
3.210000e+02 1.704000e+02
3.207500e+02 1.731000e+02
3.205000e+02 1.758000e+02
3.205000e+02 1.782000e+02
3.205000e+02 1.806000e+02
3.205000e+02 1.833000e+02
3.205000e+02 1.860000e+02
3.205000e+02 1.890000e+02
3.205000e+02 1.920000e+02
3.207500e+02 1.944000e+02
3.210000e+02 1.968000e+02
3.210000e+02 1.998000e+02
3.210000e+02 2.028000e+02
3.210000e+02 2.055000e+02
3.210000e+02 2.082000e+02
3.212500e+02 2.109000e+02
3.215000e+02 2.136000e+02
3.215000e+02 2.163000e+02
3.215000e+02 2.190000e+02
3.215000e+02 2.229000e+02
3.215000e+02 2.268000e+02
3.215000e+02 2.292000e+02
3.215000e+02 2.316000e+02
3.215000e+02 2.328000e+02
3.215000e+02 2.340000e+02
3.215000e+02 2.379000e+02
3.215000e+02 2.418000e+02
3.217500e+02 2.457000e+02
3.220000e+02 2.496000e+02
3.220000e+02 2.532000e+02
3.220000e+02 2.568000e+02
3.222500e+02 2.592000e+02
3.225000e+02 2.616000e+02
3.225000e+02 2.640000e+02
3.225000e+02 2.664000e+02
3.227500e+02 2.685000e+02
3.230000e+02 2.706000e+02
3.232500e+02 2.730000e+02
3.235000e+02 2.754000e+02
3.235000e+02 2.775000e+02
3.235000e+02 2.796000e+02
3.237500e+02 2.817000e+02
3.240000e+02 2.838000e+02
3.240000e+02 2.859000e+02
3.240000e+02 2.880000e+02
3.242500e+02 2.901000e+02
3.245000e+02 2.922000e+02
3.245000e+02 2.949000e+02
3.245000e+02 2.976000e+02
3.247500e+02 2.994000e+02
3.250000e+02 3.012000e+02
3.250000e+02 3.030000e+02
3.250000e+02 3.048000e+02
3.250000e+02 3.075000e+02
3.250000e+02 3.102000e+02
3.250000e+02 3.129000e+02
3.250000e+02 3.156000e+02
3.250000e+02 3.171000e+02
3.250000e+02 3.186000e+02
3.247500e+02 3.204000e+02
3.245000e+02 3.222000e+02
3.245000e+02 3.237000e+02
3.245000e+02 3.252000e+02
3.245000e+02 3.270000e+02
3.245000e+02 3.288000e+02
3.245000e+02 3.300000e+02
3.245000e+02 3.312000e+02
3.245000e+02 3.327000e+02
3.245000e+02 3.342000e+02
3.245000e+02 3.357000e+02
3.245000e+02 3.372000e+02
3.245000e+02 3.384000e+02
3.245000e+02 3.396000e+02
3.245000e+02 3.411000e+02
3.245000e+02 3.426000e+02
3.245000e+02 3.438000e+02
3.245000e+02 3.450000e+02
3.245000e+02 3.462000e+02
3.245000e+02 3.474000e+02
3.245000e+02 3.483000e+02
3.245000e+02 3.492000e+02
3.245000e+02 3.501000e+02
3.245000e+02 3.510000e+02
3.245000e+02 3.519000e+02
3.245000e+02 3.528000e+02
3.245000e+02 3.534000e+02
3.245000e+02 3.540000e+02
3.245000e+02 3.549000e+02
3.245000e+02 3.558000e+02
3.245000e+02 3.564000e+02
3.245000e+02 3.570000e+02
3.245000e+02 3.579000e+02
3.245000e+02 3.588000e+02
3.245000e+02 3.594000e+02
3.245000e+02 3.600000e+02
3.245000e+02 3.606000e+02
3.245000e+02 3.612000e+02
3.245000e+02 3.615000e+02
3.245000e+02 3.618000e+02
3.245000e+02 3.621000e+02
3.245000e+02 3.624000e+02
3.247500e+02 3.627000e+02
3.250000e+02 3.630000e+02
3.250000e+02 3.633000e+02
3.250000e+02 3.636000e+02
3.250000e+02 3.639000e+02
3.250000e+02 3.642000e+02
3.250000e+02 3.642000e+02
3.250000e+02 3.642000e+02
3.252500e+02 3.645000e+02
3.255000e+02 3.648000e+02
3.255000e+02 3.648000e+02
3.255000e+02 3.648000e+02
3.257500e+02 3.645000e+02
3.260000e+02 3.642000e+02
3.260000e+02 3.642000e+02
3.260000e+02 3.642000e+02
