4.570000e+02 3.042000e+02
4.570000e+02 3.042000e+02
4.570000e+02 3.042000e+02
4.570000e+02 3.042000e+02
4.570000e+02 3.042000e+02
4.567500e+02 3.039000e+02
4.565000e+02 3.036000e+02
4.562500e+02 3.033000e+02
4.560000e+02 3.030000e+02
4.556250e+02 3.028500e+02
4.552500e+02 3.027000e+02
4.548750e+02 3.025500e+02
4.545000e+02 3.024000e+02
4.541250e+02 3.021000e+02
4.537500e+02 3.018000e+02
4.533750e+02 3.015000e+02
4.530000e+02 3.012000e+02
4.523750e+02 3.010500e+02
4.517500e+02 3.009000e+02
4.511250e+02 3.007500e+02
4.505000e+02 3.006000e+02
4.497500e+02 3.004500e+02
4.490000e+02 3.003000e+02
4.482500e+02 3.001500e+02
4.475000e+02 3.000000e+02
4.466250e+02 2.998500e+02
4.457500e+02 2.997000e+02
4.448750e+02 2.995500e+02
4.440000e+02 2.994000e+02
4.430000e+02 2.994000e+02
4.420000e+02 2.994000e+02
4.410000e+02 2.994000e+02
4.400000e+02 2.994000e+02
4.388750e+02 2.992500e+02
4.377500e+02 2.991000e+02
4.366250e+02 2.989500e+02
4.355000e+02 2.988000e+02
4.343750e+02 2.986500e+02
4.332500e+02 2.985000e+02
4.321250e+02 2.983500e+02
4.310000e+02 2.982000e+02
4.297500e+02 2.980500e+02
4.285000e+02 2.979000e+02
4.272500e+02 2.977500e+02
4.260000e+02 2.976000e+02
4.247500e+02 2.974500e+02
4.235000e+02 2.973000e+02
4.222500e+02 2.971500e+02
4.210000e+02 2.970000e+02
4.196250e+02 2.968500e+02
4.182500e+02 2.967000e+02
4.168750e+02 2.965500e+02
4.155000e+02 2.964000e+02
4.141250e+02 2.962500e+02
4.127500e+02 2.961000e+02
4.113750e+02 2.959500e+02
4.100000e+02 2.958000e+02
4.086250e+02 2.958000e+02
4.072500e+02 2.958000e+02
4.058750e+02 2.958000e+02
4.045000e+02 2.958000e+02
4.030000e+02 2.958000e+02
4.015000e+02 2.958000e+02
4.000000e+02 2.958000e+02
3.985000e+02 2.958000e+02
3.971250e+02 2.958000e+02
3.957500e+02 2.958000e+02
3.943750e+02 2.958000e+02
3.930000e+02 2.958000e+02
3.915000e+02 2.958000e+02
3.900000e+02 2.958000e+02
3.885000e+02 2.958000e+02
3.870000e+02 2.958000e+02
3.856250e+02 2.958000e+02
3.842500e+02 2.958000e+02
3.828750e+02 2.958000e+02
3.815000e+02 2.958000e+02
3.808750e+02 2.959500e+02
3.802500e+02 2.961000e+02
3.796250e+02 2.962500e+02
3.790000e+02 2.964000e+02
3.776250e+02 2.964000e+02
3.762500e+02 2.964000e+02
3.748750e+02 2.964000e+02
3.735000e+02 2.964000e+02
3.722500e+02 2.964000e+02
3.710000e+02 2.964000e+02
3.697500e+02 2.964000e+02
3.685000e+02 2.964000e+02
3.671250e+02 2.964000e+02
3.657500e+02 2.964000e+02
3.643750e+02 2.964000e+02
3.630000e+02 2.964000e+02
3.617500e+02 2.964000e+02
3.605000e+02 2.964000e+02
3.592500e+02 2.964000e+02
3.580000e+02 2.964000e+02
3.567500e+02 2.964000e+02
3.555000e+02 2.964000e+02
3.542500e+02 2.964000e+02
3.530000e+02 2.964000e+02
3.516250e+02 2.964000e+02
3.502500e+02 2.964000e+02
3.475000e+02 2.964000e+02
3.450000e+02 2.964000e+02
3.425000e+02 2.964000e+02
3.397500e+02 2.964000e+02
3.370000e+02 2.964000e+02
3.335000e+02 2.961000e+02
3.300000e+02 2.958000e+02
3.287500e+02 2.958000e+02
3.275000e+02 2.958000e+02
3.235000e+02 2.955000e+02
3.195000e+02 2.952000e+02
3.157500e+02 2.949000e+02
3.120000e+02 2.946000e+02
3.095000e+02 2.943000e+02
3.070000e+02 2.940000e+02
3.042500e+02 2.940000e+02
3.015000e+02 2.940000e+02
2.990000e+02 2.940000e+02
2.965000e+02 2.940000e+02
2.940000e+02 2.937000e+02
2.915000e+02 2.934000e+02
2.890000e+02 2.931000e+02
2.865000e+02 2.928000e+02
2.845000e+02 2.928000e+02
2.825000e+02 2.928000e+02
2.800000e+02 2.928000e+02
2.775000e+02 2.928000e+02
2.750000e+02 2.925000e+02
2.725000e+02 2.922000e+02
2.702500e+02 2.922000e+02
2.680000e+02 2.922000e+02
2.667500e+02 2.922000e+02
2.655000e+02 2.922000e+02
2.630000e+02 2.919000e+02
2.605000e+02 2.916000e+02
2.580000e+02 2.913000e+02
2.555000e+02 2.910000e+02
2.530000e+02 2.910000e+02
2.505000e+02 2.910000e+02
2.482500e+02 2.907000e+02
2.460000e+02 2.904000e+02
2.442500e+02 2.901000e+02
2.425000e+02 2.898000e+02
2.400000e+02 2.895000e+02
2.375000e+02 2.892000e+02
2.367500e+02 2.892000e+02
2.360000e+02 2.892000e+02
2.335000e+02 2.889000e+02
2.310000e+02 2.886000e+02
2.297500e+02 2.886000e+02
2.285000e+02 2.886000e+02
2.272500e+02 2.886000e+02
2.260000e+02 2.886000e+02
2.250000e+02 2.886000e+02
2.240000e+02 2.886000e+02
2.227500e+02 2.886000e+02
2.215000e+02 2.886000e+02
2.202500e+02 2.886000e+02
2.190000e+02 2.886000e+02
2.175000e+02 2.886000e+02
2.160000e+02 2.886000e+02
2.150000e+02 2.883000e+02
2.140000e+02 2.880000e+02
2.132500e+02 2.880000e+02
2.125000e+02 2.880000e+02
2.115000e+02 2.880000e+02
2.105000e+02 2.880000e+02
2.097500e+02 2.880000e+02
2.090000e+02 2.880000e+02
2.085000e+02 2.883000e+02
2.080000e+02 2.886000e+02
2.072500e+02 2.886000e+02
2.065000e+02 2.886000e+02
2.060000e+02 2.886000e+02
2.055000e+02 2.886000e+02
2.050000e+02 2.886000e+02
2.045000e+02 2.886000e+02
2.040000e+02 2.886000e+02
2.035000e+02 2.886000e+02
2.030000e+02 2.889000e+02
2.025000e+02 2.892000e+02
2.020000e+02 2.892000e+02
2.015000e+02 2.892000e+02
2.012500e+02 2.892000e+02
2.010000e+02 2.892000e+02
2.005000e+02 2.892000e+02
2.000000e+02 2.892000e+02
1.997500e+02 2.895000e+02
1.995000e+02 2.898000e+02
1.990000e+02 2.898000e+02
1.985000e+02 2.898000e+02
1.982500e+02 2.901000e+02
1.980000e+02 2.904000e+02
1.980000e+02 2.904000e+02
1.980000e+02 2.904000e+02
1.980000e+02 2.904000e+02
1.980000e+02 2.904000e+02
