1.365000e+02 3.630000e+02
1.365000e+02 3.630000e+02
1.365000e+02 3.600000e+02
1.380000e+02 3.504000e+02
1.430000e+02 3.336000e+02
1.500000e+02 3.126000e+02
1.545000e+02 2.994000e+02
1.595000e+02 2.856000e+02
1.640000e+02 2.724000e+02
1.690000e+02 2.586000e+02
1.740000e+02 2.448000e+02
1.790000e+02 2.298000e+02
1.855000e+02 2.148000e+02
1.935000e+02 1.938000e+02
2.020000e+02 1.722000e+02
2.080000e+02 1.578000e+02
2.170000e+02 1.380000e+02
2.220000e+02 1.272000e+02
2.285000e+02 1.128000e+02
2.340000e+02 1.002000e+02
2.375000e+02 9.240000e+01
2.430000e+02 8.160000e+01
2.455000e+02 7.680000e+01
2.475000e+02 7.260000e+01
2.490000e+02 7.020000e+01
2.500000e+02 6.840000e+01
2.510000e+02 6.780000e+01
2.515000e+02 6.660000e+01
2.515000e+02 6.660000e+01
2.525000e+02 6.660000e+01
2.540000e+02 6.780000e+01
2.570000e+02 7.200000e+01
2.590000e+02 7.680000e+01
2.615000e+02 8.220000e+01
2.640000e+02 8.880000e+01
2.665000e+02 9.540000e+01
2.700000e+02 1.026000e+02
2.740000e+02 1.116000e+02
2.775000e+02 1.200000e+02
2.820000e+02 1.290000e+02
2.885000e+02 1.422000e+02
2.905000e+02 1.470000e+02
2.980000e+02 1.626000e+02
3.030000e+02 1.728000e+02
3.080000e+02 1.830000e+02
3.130000e+02 1.932000e+02
3.185000e+02 2.040000e+02
3.235000e+02 2.148000e+02
3.305000e+02 2.304000e+02
3.355000e+02 2.406000e+02
3.395000e+02 2.508000e+02
3.445000e+02 2.616000e+02
3.485000e+02 2.712000e+02
3.520000e+02 2.808000e+02
3.560000e+02 2.898000e+02
3.595000e+02 2.994000e+02
3.630000e+02 3.084000e+02
3.660000e+02 3.168000e+02
3.715000e+02 3.288000e+02
3.755000e+02 3.390000e+02
3.780000e+02 3.456000e+02
3.815000e+02 3.534000e+02
3.835000e+02 3.582000e+02
3.850000e+02 3.624000e+02
3.855000e+02 3.636000e+02
3.870000e+02 3.672000e+02
3.875000e+02 3.690000e+02
3.880000e+02 3.702000e+02
3.885000e+02 3.714000e+02
3.885000e+02 3.720000e+02
3.885000e+02 3.726000e+02
3.885000e+02 3.726000e+02
3.880000e+02 3.726000e+02
3.875000e+02 3.726000e+02
3.855000e+02 3.714000e+02
3.825000e+02 3.696000e+02
3.790000e+02 3.672000e+02
3.740000e+02 3.636000e+02
3.690000e+02 3.600000e+02
3.590000e+02 3.540000e+02
3.515000e+02 3.498000e+02
3.440000e+02 3.450000e+02
3.360000e+02 3.402000e+02
3.280000e+02 3.360000e+02
3.185000e+02 3.294000e+02
3.095000e+02 3.240000e+02
3.005000e+02 3.174000e+02
2.915000e+02 3.114000e+02
2.820000e+02 3.042000e+02
2.715000e+02 2.964000e+02
2.620000e+02 2.886000e+02
2.530000e+02 2.814000e+02
2.385000e+02 2.694000e+02
2.340000e+02 2.658000e+02
2.195000e+02 2.526000e+02
2.115000e+02 2.454000e+02
2.030000e+02 2.376000e+02
1.945000e+02 2.310000e+02
1.860000e+02 2.232000e+02
1.780000e+02 2.166000e+02
1.710000e+02 2.094000e+02
1.640000e+02 2.034000e+02
1.580000e+02 1.980000e+02
1.525000e+02 1.920000e+02
1.470000e+02 1.872000e+02
1.425000e+02 1.824000e+02
1.380000e+02 1.776000e+02
1.345000e+02 1.740000e+02
1.315000e+02 1.704000e+02
1.285000e+02 1.662000e+02
1.260000e+02 1.626000e+02
1.245000e+02 1.608000e+02
1.240000e+02 1.602000e+02
1.235000e+02 1.590000e+02
1.230000e+02 1.590000e+02
1.230000e+02 1.584000e+02
1.230000e+02 1.584000e+02
1.235000e+02 1.584000e+02
1.250000e+02 1.584000e+02
1.310000e+02 1.584000e+02
1.370000e+02 1.584000e+02
1.445000e+02 1.578000e+02
1.535000e+02 1.578000e+02
1.615000e+02 1.566000e+02
1.715000e+02 1.560000e+02
1.825000e+02 1.542000e+02
1.940000e+02 1.524000e+02
2.055000e+02 1.512000e+02
2.170000e+02 1.494000e+02
2.345000e+02 1.464000e+02
2.465000e+02 1.446000e+02
2.535000e+02 1.440000e+02
2.655000e+02 1.422000e+02
2.830000e+02 1.404000e+02
2.950000e+02 1.386000e+02
3.065000e+02 1.374000e+02
3.190000e+02 1.362000e+02
3.300000e+02 1.356000e+02
3.415000e+02 1.344000e+02
3.520000e+02 1.332000e+02
3.615000e+02 1.320000e+02
3.770000e+02 1.308000e+02
3.860000e+02 1.302000e+02
3.945000e+02 1.290000e+02
4.020000e+02 1.284000e+02
4.090000e+02 1.284000e+02
4.150000e+02 1.284000e+02
4.195000e+02 1.284000e+02
4.230000e+02 1.284000e+02
4.255000e+02 1.290000e+02
4.275000e+02 1.296000e+02
4.285000e+02 1.302000e+02
4.295000e+02 1.308000e+02
4.300000e+02 1.320000e+02
4.305000e+02 1.326000e+02
4.290000e+02 1.368000e+02
4.270000e+02 1.410000e+02
4.240000e+02 1.458000e+02
4.190000e+02 1.512000e+02
4.135000e+02 1.578000e+02
4.070000e+02 1.638000e+02
4.005000e+02 1.704000e+02
3.935000e+02 1.776000e+02
3.855000e+02 1.854000e+02
3.760000e+02 1.956000e+02
3.675000e+02 2.040000e+02
3.575000e+02 2.136000e+02
3.470000e+02 2.238000e+02
3.365000e+02 2.340000e+02
3.255000e+02 2.448000e+02
3.095000e+02 2.604000e+02
2.995000e+02 2.706000e+02
2.900000e+02 2.814000e+02
2.850000e+02 2.862000e+02
2.700000e+02 3.018000e+02
2.595000e+02 3.126000e+02
2.510000e+02 3.216000e+02
2.420000e+02 3.312000e+02
2.320000e+02 3.414000e+02
2.240000e+02 3.498000e+02
2.160000e+02 3.588000e+02
2.085000e+02 3.666000e+02
2.015000e+02 3.744000e+02
1.950000e+02 3.816000e+02
1.890000e+02 3.882000e+02
1.815000e+02 3.966000e+02
1.775000e+02 4.008000e+02
1.750000e+02 4.026000e+02
1.700000e+02 4.074000e+02
1.680000e+02 4.098000e+02
1.665000e+02 4.110000e+02
1.650000e+02 4.122000e+02
1.640000e+02 4.128000e+02
1.630000e+02 4.134000e+02
1.625000e+02 4.140000e+02
1.620000e+02 4.140000e+02
1.620000e+02 4.140000e+02
1.620000e+02 4.140000e+02
1.620000e+02 4.140000e+02
1.620000e+02 4.140000e+02
