2.005000e+02 1.542000e+02
2.005000e+02 1.542000e+02
2.000000e+02 1.542000e+02
2.000000e+02 1.542000e+02
2.005000e+02 1.536000e+02
2.035000e+02 1.536000e+02
2.180000e+02 1.530000e+02
2.365000e+02 1.518000e+02
2.525000e+02 1.500000e+02
2.730000e+02 1.488000e+02
2.995000e+02 1.476000e+02
3.260000e+02 1.470000e+02
3.525000e+02 1.464000e+02
3.700000e+02 1.464000e+02
3.930000e+02 1.470000e+02
4.075000e+02 1.470000e+02
4.160000e+02 1.470000e+02
4.205000e+02 1.476000e+02
4.225000e+02 1.482000e+02
4.235000e+02 1.488000e+02
4.240000e+02 1.500000e+02
4.240000e+02 1.518000e+02
4.240000e+02 1.536000e+02
4.235000e+02 1.584000e+02
4.235000e+02 1.656000e+02
4.230000e+02 1.728000e+02
4.230000e+02 1.836000e+02
4.230000e+02 1.956000e+02
4.230000e+02 2.112000e+02
4.230000e+02 2.214000e+02
4.225000e+02 2.328000e+02
4.220000e+02 2.382000e+02
4.215000e+02 2.430000e+02
4.210000e+02 2.496000e+02
4.210000e+02 2.514000e+02
4.200000e+02 2.580000e+02
4.195000e+02 2.604000e+02
4.195000e+02 2.622000e+02
4.190000e+02 2.646000e+02
4.190000e+02 2.658000e+02
4.185000e+02 2.670000e+02
4.185000e+02 2.670000e+02
4.185000e+02 2.676000e+02
4.185000e+02 2.676000e+02
4.185000e+02 2.682000e+02
4.185000e+02 2.682000e+02
4.180000e+02 2.688000e+02
4.180000e+02 2.688000e+02
4.180000e+02 2.688000e+02
4.175000e+02 2.688000e+02
4.175000e+02 2.688000e+02
4.170000e+02 2.688000e+02
4.165000e+02 2.688000e+02
4.165000e+02 2.688000e+02
4.160000e+02 2.688000e+02
4.160000e+02 2.688000e+02
4.155000e+02 2.682000e+02
4.150000e+02 2.682000e+02
4.145000e+02 2.682000e+02
4.140000e+02 2.682000e+02
4.140000e+02 2.676000e+02
4.135000e+02 2.676000e+02
4.130000e+02 2.676000e+02
4.120000e+02 2.676000e+02
4.115000e+02 2.670000e+02
4.105000e+02 2.670000e+02
4.090000e+02 2.670000e+02
4.070000e+02 2.664000e+02
4.040000e+02 2.664000e+02
3.950000e+02 2.658000e+02
3.820000e+02 2.664000e+02
3.650000e+02 2.682000e+02
3.585000e+02 2.700000e+02
3.460000e+02 2.724000e+02
3.360000e+02 2.748000e+02
3.255000e+02 2.766000e+02
3.185000e+02 2.778000e+02
3.110000e+02 2.790000e+02
3.060000e+02 2.802000e+02
3.005000e+02 2.808000e+02
2.955000e+02 2.808000e+02
2.905000e+02 2.814000e+02
2.855000e+02 2.814000e+02
2.795000e+02 2.826000e+02
2.755000e+02 2.826000e+02
2.690000e+02 2.838000e+02
2.650000e+02 2.844000e+02
2.605000e+02 2.856000e+02
2.570000e+02 2.862000e+02
2.535000e+02 2.868000e+02
2.500000e+02 2.874000e+02
2.470000e+02 2.880000e+02
2.445000e+02 2.886000e+02
2.425000e+02 2.892000e+02
2.405000e+02 2.892000e+02
2.375000e+02 2.898000e+02
2.355000e+02 2.904000e+02
2.335000e+02 2.904000e+02
2.325000e+02 2.904000e+02
2.315000e+02 2.904000e+02
2.300000e+02 2.910000e+02
2.290000e+02 2.910000e+02
2.280000e+02 2.910000e+02
2.270000e+02 2.916000e+02
2.260000e+02 2.916000e+02
2.250000e+02 2.916000e+02
2.240000e+02 2.922000e+02
2.230000e+02 2.922000e+02
2.220000e+02 2.922000e+02
2.210000e+02 2.922000e+02
2.200000e+02 2.922000e+02
2.190000e+02 2.922000e+02
2.180000e+02 2.928000e+02
2.170000e+02 2.928000e+02
2.165000e+02 2.928000e+02
2.155000e+02 2.928000e+02
2.150000e+02 2.928000e+02
2.140000e+02 2.934000e+02
2.135000e+02 2.934000e+02
2.125000e+02 2.934000e+02
2.120000e+02 2.934000e+02
2.110000e+02 2.940000e+02
2.100000e+02 2.940000e+02
2.095000e+02 2.940000e+02
2.085000e+02 2.946000e+02
2.080000e+02 2.946000e+02
2.075000e+02 2.946000e+02
2.065000e+02 2.952000e+02
2.060000e+02 2.952000e+02
2.055000e+02 2.952000e+02
2.050000e+02 2.952000e+02
2.045000e+02 2.952000e+02
2.040000e+02 2.958000e+02
2.040000e+02 2.958000e+02
2.035000e+02 2.958000e+02
2.030000e+02 2.958000e+02
2.025000e+02 2.958000e+02
2.025000e+02 2.958000e+02
2.020000e+02 2.958000e+02
2.020000e+02 2.958000e+02
2.015000e+02 2.958000e+02
2.015000e+02 2.958000e+02
2.015000e+02 2.958000e+02
2.015000e+02 2.952000e+02
2.015000e+02 2.952000e+02
2.010000e+02 2.946000e+02
2.010000e+02 2.940000e+02
2.010000e+02 2.934000e+02
2.010000e+02 2.922000e+02
2.010000e+02 2.892000e+02
2.015000e+02 2.826000e+02
2.025000e+02 2.766000e+02
2.030000e+02 2.712000e+02
2.040000e+02 2.658000e+02
2.045000e+02 2.616000e+02
2.055000e+02 2.568000e+02
2.065000e+02 2.532000e+02
2.075000e+02 2.496000e+02
2.085000e+02 2.448000e+02
2.105000e+02 2.376000e+02
2.115000e+02 2.352000e+02
2.120000e+02 2.322000e+02
2.135000e+02 2.256000e+02
2.150000e+02 2.208000e+02
2.160000e+02 2.154000e+02
2.170000e+02 2.106000e+02
2.185000e+02 2.040000e+02
2.185000e+02 2.022000e+02
2.190000e+02 1.974000e+02
2.195000e+02 1.932000e+02
2.205000e+02 1.890000e+02
2.210000e+02 1.848000e+02
2.215000e+02 1.818000e+02
2.215000e+02 1.776000e+02
2.225000e+02 1.740000e+02
2.230000e+02 1.710000e+02
2.230000e+02 1.680000e+02
2.235000e+02 1.662000e+02
2.235000e+02 1.644000e+02
2.235000e+02 1.632000e+02
2.240000e+02 1.620000e+02
2.240000e+02 1.614000e+02
2.240000e+02 1.608000e+02
2.240000e+02 1.602000e+02
2.240000e+02 1.596000e+02
2.240000e+02 1.590000e+02
2.240000e+02 1.590000e+02
2.240000e+02 1.584000e+02
2.240000e+02 1.584000e+02
2.240000e+02 1.584000e+02
2.240000e+02 1.584000e+02
2.240000e+02 1.584000e+02
2.240000e+02 1.584000e+02
2.240000e+02 1.584000e+02
2.240000e+02 1.590000e+02
2.240000e+02 1.590000e+02
2.240000e+02 1.590000e+02
2.245000e+02 1.602000e+02
2.250000e+02 1.620000e+02
2.250000e+02 1.620000e+02
