3.055000e+02 1.380000e+02
3.055000e+02 1.380000e+02
3.055000e+02 1.380000e+02
3.045000e+02 1.383000e+02
3.035000e+02 1.386000e+02
3.027500e+02 1.386000e+02
3.020000e+02 1.386000e+02
3.005000e+02 1.392000e+02
2.990000e+02 1.398000e+02
2.972500e+02 1.404000e+02
2.955000e+02 1.410000e+02
2.947500e+02 1.416000e+02
2.940000e+02 1.422000e+02
2.917500e+02 1.437000e+02
2.895000e+02 1.452000e+02
2.872500e+02 1.470000e+02
2.850000e+02 1.488000e+02
2.840000e+02 1.497000e+02
2.830000e+02 1.506000e+02
2.807500e+02 1.524000e+02
2.785000e+02 1.542000e+02
2.765000e+02 1.563000e+02
2.745000e+02 1.584000e+02
2.735000e+02 1.593000e+02
2.725000e+02 1.602000e+02
2.707500e+02 1.623000e+02
2.690000e+02 1.644000e+02
2.672500e+02 1.668000e+02
2.655000e+02 1.692000e+02
2.647500e+02 1.707000e+02
2.640000e+02 1.722000e+02
2.625000e+02 1.746000e+02
2.610000e+02 1.770000e+02
2.597500e+02 1.797000e+02
2.585000e+02 1.824000e+02
2.580000e+02 1.839000e+02
2.575000e+02 1.854000e+02
2.562500e+02 1.881000e+02
2.550000e+02 1.908000e+02
2.540000e+02 1.935000e+02
2.530000e+02 1.962000e+02
2.525000e+02 1.977000e+02
2.520000e+02 1.992000e+02
2.510000e+02 2.025000e+02
2.500000e+02 2.058000e+02
2.492500e+02 2.088000e+02
2.485000e+02 2.118000e+02
2.480000e+02 2.136000e+02
2.475000e+02 2.154000e+02
2.467500e+02 2.187000e+02
2.460000e+02 2.220000e+02
2.455000e+02 2.259000e+02
2.450000e+02 2.298000e+02
2.442500e+02 2.352000e+02
2.435000e+02 2.406000e+02
2.432500e+02 2.421000e+02
2.430000e+02 2.436000e+02
2.427500e+02 2.469000e+02
2.425000e+02 2.502000e+02
2.425000e+02 2.529000e+02
2.425000e+02 2.556000e+02
2.425000e+02 2.571000e+02
2.425000e+02 2.586000e+02
2.427500e+02 2.616000e+02
2.430000e+02 2.646000e+02
2.432500e+02 2.673000e+02
2.435000e+02 2.700000e+02
2.437500e+02 2.712000e+02
2.440000e+02 2.724000e+02
2.442500e+02 2.751000e+02
2.445000e+02 2.778000e+02
2.450000e+02 2.802000e+02
2.455000e+02 2.826000e+02
2.457500e+02 2.838000e+02
2.460000e+02 2.850000e+02
2.467500e+02 2.871000e+02
2.475000e+02 2.892000e+02
2.482500e+02 2.910000e+02
2.490000e+02 2.928000e+02
2.495000e+02 2.940000e+02
2.500000e+02 2.952000e+02
2.507500e+02 2.973000e+02
2.515000e+02 2.994000e+02
2.525000e+02 3.012000e+02
2.535000e+02 3.030000e+02
2.537500e+02 3.039000e+02
2.540000e+02 3.048000e+02
2.560000e+02 3.078000e+02
2.570000e+02 3.096000e+02
2.590000e+02 3.132000e+02
2.610000e+02 3.168000e+02
2.630000e+02 3.198000e+02
2.650000e+02 3.234000e+02
2.670000e+02 3.264000e+02
2.685000e+02 3.300000e+02
2.705000e+02 3.330000e+02
2.725000e+02 3.360000e+02
2.750000e+02 3.378000e+02
2.775000e+02 3.396000e+02
2.785000e+02 3.408000e+02
2.805000e+02 3.426000e+02
2.820000e+02 3.432000e+02
2.845000e+02 3.444000e+02
2.875000e+02 3.462000e+02
2.905000e+02 3.468000e+02
2.915000e+02 3.474000e+02
2.945000e+02 3.480000e+02
2.975000e+02 3.480000e+02
3.025000e+02 3.480000e+02
3.040000e+02 3.480000e+02
3.080000e+02 3.468000e+02
3.120000e+02 3.456000e+02
3.135000e+02 3.444000e+02
3.180000e+02 3.432000e+02
3.200000e+02 3.420000e+02
3.240000e+02 3.408000e+02
3.280000e+02 3.390000e+02
3.295000e+02 3.384000e+02
3.335000e+02 3.360000e+02
3.375000e+02 3.336000e+02
3.390000e+02 3.324000e+02
3.430000e+02 3.294000e+02
3.465000e+02 3.264000e+02
3.480000e+02 3.252000e+02
3.515000e+02 3.222000e+02
3.525000e+02 3.204000e+02
3.555000e+02 3.168000e+02
3.580000e+02 3.132000e+02
3.590000e+02 3.114000e+02
3.615000e+02 3.078000e+02
3.635000e+02 3.030000e+02
3.645000e+02 3.012000e+02
3.660000e+02 2.964000e+02
3.675000e+02 2.910000e+02
3.700000e+02 2.832000e+02
3.710000e+02 2.802000e+02
3.720000e+02 2.742000e+02
3.735000e+02 2.694000e+02
3.735000e+02 2.670000e+02
3.745000e+02 2.616000e+02
3.750000e+02 2.592000e+02
3.755000e+02 2.544000e+02
3.760000e+02 2.490000e+02
3.765000e+02 2.460000e+02
3.770000e+02 2.406000e+02
3.770000e+02 2.358000e+02
3.770000e+02 2.334000e+02
3.765000e+02 2.280000e+02
3.760000e+02 2.238000e+02
3.755000e+02 2.220000e+02
3.750000e+02 2.172000e+02
3.740000e+02 2.124000e+02
3.740000e+02 2.100000e+02
3.730000e+02 2.058000e+02
3.730000e+02 2.034000e+02
3.715000e+02 1.986000e+02
3.705000e+02 1.944000e+02
3.690000e+02 1.908000e+02
3.685000e+02 1.890000e+02
3.670000e+02 1.854000e+02
3.660000e+02 1.836000e+02
3.640000e+02 1.794000e+02
3.620000e+02 1.758000e+02
3.615000e+02 1.746000e+02
3.595000e+02 1.722000e+02
3.575000e+02 1.686000e+02
3.565000e+02 1.674000e+02
3.545000e+02 1.638000e+02
3.525000e+02 1.608000e+02
3.515000e+02 1.596000e+02
3.495000e+02 1.572000e+02
3.475000e+02 1.548000e+02
3.470000e+02 1.536000e+02
3.450000e+02 1.512000e+02
3.430000e+02 1.488000e+02
3.420000e+02 1.476000e+02
3.400000e+02 1.458000e+02
3.390000e+02 1.446000e+02
3.370000e+02 1.434000e+02
3.350000e+02 1.422000e+02
3.335000e+02 1.416000e+02
3.315000e+02 1.410000e+02
3.285000e+02 1.410000e+02
3.270000e+02 1.404000e+02
3.240000e+02 1.404000e+02
3.205000e+02 1.404000e+02
3.190000e+02 1.404000e+02
3.150000e+02 1.410000e+02
3.120000e+02 1.416000e+02
3.105000e+02 1.422000e+02
3.085000e+02 1.428000e+02
3.065000e+02 1.434000e+02
3.045000e+02 1.446000e+02
3.035000e+02 1.458000e+02
3.020000e+02 1.476000e+02
3.005000e+02 1.494000e+02
2.995000e+02 1.506000e+02
2.985000e+02 1.530000e+02
2.970000e+02 1.554000e+02
2.970000e+02 1.554000e+02
