1.280000e+02 1.512000e+02
1.280000e+02 1.512000e+02
1.280000e+02 1.512000e+02
1.280000e+02 1.512000e+02
1.280000e+02 1.512000e+02
1.278750e+02 1.512000e+02
1.277500e+02 1.512000e+02
1.276250e+02 1.512000e+02
1.275000e+02 1.512000e+02
1.275000e+02 1.512000e+02
1.275000e+02 1.512000e+02
1.275000e+02 1.512000e+02
1.275000e+02 1.512000e+02
1.275000e+02 1.512000e+02
1.275000e+02 1.512000e+02
1.275000e+02 1.512000e+02
1.275000e+02 1.512000e+02
1.275000e+02 1.512000e+02
1.275000e+02 1.512000e+02
1.275000e+02 1.512000e+02
1.275000e+02 1.512000e+02
1.276250e+02 1.515000e+02
1.277500e+02 1.518000e+02
1.278750e+02 1.521000e+02
1.280000e+02 1.524000e+02
1.281250e+02 1.530000e+02
1.282500e+02 1.536000e+02
1.283750e+02 1.542000e+02
1.285000e+02 1.548000e+02
1.287500e+02 1.560000e+02
1.290000e+02 1.572000e+02
1.292500e+02 1.584000e+02
1.295000e+02 1.596000e+02
1.300000e+02 1.609500e+02
1.305000e+02 1.623000e+02
1.310000e+02 1.636500e+02
1.315000e+02 1.650000e+02
1.321250e+02 1.666500e+02
1.327500e+02 1.683000e+02
1.333750e+02 1.699500e+02
1.340000e+02 1.716000e+02
1.345000e+02 1.732500e+02
1.350000e+02 1.749000e+02
1.355000e+02 1.765500e+02
1.360000e+02 1.782000e+02
1.368750e+02 1.810500e+02
1.377500e+02 1.839000e+02
1.386250e+02 1.867500e+02
1.395000e+02 1.896000e+02
1.402500e+02 1.917000e+02
1.410000e+02 1.938000e+02
1.417500e+02 1.959000e+02
1.425000e+02 1.980000e+02
1.433750e+02 1.999500e+02
1.442500e+02 2.019000e+02
1.451250e+02 2.038500e+02
1.460000e+02 2.058000e+02
1.467500e+02 2.077500e+02
1.475000e+02 2.097000e+02
1.490000e+02 2.136000e+02
1.505000e+02 2.181000e+02
1.520000e+02 2.226000e+02
1.537500e+02 2.271000e+02
1.555000e+02 2.316000e+02
1.572500e+02 2.364000e+02
1.590000e+02 2.412000e+02
1.607500e+02 2.460000e+02
1.625000e+02 2.508000e+02
1.642500e+02 2.550000e+02
1.660000e+02 2.592000e+02
1.677500e+02 2.640000e+02
1.695000e+02 2.688000e+02
1.712500e+02 2.730000e+02
1.730000e+02 2.772000e+02
1.747500e+02 2.817000e+02
1.765000e+02 2.862000e+02
1.780000e+02 2.901000e+02
1.795000e+02 2.940000e+02
1.815000e+02 2.991000e+02
1.835000e+02 3.042000e+02
1.847500e+02 3.075000e+02
1.860000e+02 3.108000e+02
1.870000e+02 3.132000e+02
1.880000e+02 3.156000e+02
1.890000e+02 3.180000e+02
1.900000e+02 3.204000e+02
1.907500e+02 3.225000e+02
1.915000e+02 3.246000e+02
1.922500e+02 3.264000e+02
1.930000e+02 3.282000e+02
1.935000e+02 3.294000e+02
1.940000e+02 3.306000e+02
1.945000e+02 3.315000e+02
1.950000e+02 3.324000e+02
1.955000e+02 3.333000e+02
1.960000e+02 3.342000e+02
1.962500e+02 3.348000e+02
1.965000e+02 3.354000e+02
1.967500e+02 3.357000e+02
1.970000e+02 3.360000e+02
1.972500e+02 3.363000e+02
1.975000e+02 3.366000e+02
1.977500e+02 3.369000e+02
1.980000e+02 3.372000e+02
1.982500e+02 3.372000e+02
1.985000e+02 3.372000e+02
1.987500e+02 3.372000e+02
1.990000e+02 3.372000e+02
1.995000e+02 3.372000e+02
2.000000e+02 3.372000e+02
2.007500e+02 3.366000e+02
2.015000e+02 3.360000e+02
2.030000e+02 3.354000e+02
2.045000e+02 3.348000e+02
2.065000e+02 3.336000e+02
2.085000e+02 3.324000e+02
2.107500e+02 3.309000e+02
2.130000e+02 3.294000e+02
2.160000e+02 3.276000e+02
2.190000e+02 3.258000e+02
2.222500e+02 3.240000e+02
2.255000e+02 3.222000e+02
2.297500e+02 3.195000e+02
2.340000e+02 3.168000e+02
2.382500e+02 3.144000e+02
2.425000e+02 3.120000e+02
2.467500e+02 3.096000e+02
2.510000e+02 3.072000e+02
2.555000e+02 3.048000e+02
2.600000e+02 3.024000e+02
2.670000e+02 2.988000e+02
2.740000e+02 2.952000e+02
2.797500e+02 2.922000e+02
2.855000e+02 2.892000e+02
2.907500e+02 2.865000e+02
2.960000e+02 2.838000e+02
3.012500e+02 2.808000e+02
3.065000e+02 2.778000e+02
3.117500e+02 2.751000e+02
3.170000e+02 2.724000e+02
3.222500e+02 2.694000e+02
3.275000e+02 2.664000e+02
3.332500e+02 2.631000e+02
3.390000e+02 2.598000e+02
3.447500e+02 2.565000e+02
3.505000e+02 2.532000e+02
3.557500e+02 2.502000e+02
3.610000e+02 2.472000e+02
3.667500e+02 2.439000e+02
3.725000e+02 2.406000e+02
3.782500e+02 2.376000e+02
3.840000e+02 2.346000e+02
3.900000e+02 2.316000e+02
3.960000e+02 2.286000e+02
4.015000e+02 2.256000e+02
4.070000e+02 2.226000e+02
4.125000e+02 2.199000e+02
4.180000e+02 2.172000e+02
4.235000e+02 2.145000e+02
4.290000e+02 2.118000e+02
4.342500e+02 2.088000e+02
4.395000e+02 2.058000e+02
4.450000e+02 2.031000e+02
4.505000e+02 2.004000e+02
4.580000e+02 1.968000e+02
4.655000e+02 1.932000e+02
4.700000e+02 1.908000e+02
4.745000e+02 1.884000e+02
4.790000e+02 1.866000e+02
4.835000e+02 1.848000e+02
4.882500e+02 1.824000e+02
4.930000e+02 1.800000e+02
4.970000e+02 1.782000e+02
5.010000e+02 1.764000e+02
5.042500e+02 1.749000e+02
5.075000e+02 1.734000e+02
5.105000e+02 1.722000e+02
5.135000e+02 1.710000e+02
5.162500e+02 1.701000e+02
5.190000e+02 1.692000e+02
5.207500e+02 1.683000e+02
5.225000e+02 1.674000e+02
5.237500e+02 1.668000e+02
5.250000e+02 1.662000e+02
5.260000e+02 1.656000e+02
5.270000e+02 1.650000e+02
5.277500e+02 1.647000e+02
5.285000e+02 1.644000e+02
5.290000e+02 1.641000e+02
5.295000e+02 1.638000e+02
5.300000e+02 1.638000e+02
5.305000e+02 1.638000e+02
5.307500e+02 1.635000e+02
5.310000e+02 1.632000e+02
5.312500e+02 1.632000e+02
5.315000e+02 1.632000e+02
5.315000e+02 1.635000e+02
5.315000e+02 1.638000e+02
5.315000e+02 1.638000e+02
5.315000e+02 1.638000e+02
