1.630000e+02 1.722000e+02
1.630000e+02 1.722000e+02
1.630000e+02 1.722000e+02
1.630000e+02 1.722000e+02
1.630000e+02 1.722000e+02
1.628750e+02 1.722000e+02
1.627500e+02 1.722000e+02
1.626250e+02 1.722000e+02
1.625000e+02 1.722000e+02
1.625000e+02 1.722000e+02
1.625000e+02 1.722000e+02
1.625000e+02 1.722000e+02
1.625000e+02 1.722000e+02
1.625000e+02 1.722000e+02
1.625000e+02 1.722000e+02
1.625000e+02 1.722000e+02
1.625000e+02 1.722000e+02
1.625000e+02 1.722000e+02
1.625000e+02 1.722000e+02
1.625000e+02 1.722000e+02
1.625000e+02 1.722000e+02
1.625000e+02 1.722000e+02
1.625000e+02 1.722000e+02
1.625000e+02 1.722000e+02
1.625000e+02 1.722000e+02
1.625000e+02 1.723500e+02
1.625000e+02 1.725000e+02
1.625000e+02 1.726500e+02
1.625000e+02 1.728000e+02
1.625000e+02 1.728000e+02
1.625000e+02 1.728000e+02
1.625000e+02 1.728000e+02
1.625000e+02 1.728000e+02
1.623750e+02 1.729500e+02
1.622500e+02 1.731000e+02
1.621250e+02 1.732500e+02
1.620000e+02 1.734000e+02
1.620000e+02 1.737000e+02
1.620000e+02 1.740000e+02
1.620000e+02 1.743000e+02
1.620000e+02 1.746000e+02
1.620000e+02 1.750500e+02
1.620000e+02 1.755000e+02
1.620000e+02 1.759500e+02
1.620000e+02 1.764000e+02
1.621250e+02 1.768500e+02
1.622500e+02 1.773000e+02
1.623750e+02 1.777500e+02
1.625000e+02 1.782000e+02
1.626250e+02 1.789500e+02
1.627500e+02 1.797000e+02
1.628750e+02 1.804500e+02
1.630000e+02 1.812000e+02
1.631250e+02 1.824000e+02
1.632500e+02 1.836000e+02
1.635000e+02 1.860000e+02
1.637500e+02 1.881000e+02
1.640000e+02 1.902000e+02
1.642500e+02 1.923000e+02
1.645000e+02 1.944000e+02
1.647500e+02 1.965000e+02
1.650000e+02 1.986000e+02
1.652500e+02 2.016000e+02
1.655000e+02 2.046000e+02
1.657500e+02 2.070000e+02
1.660000e+02 2.094000e+02
1.662500e+02 2.118000e+02
1.665000e+02 2.142000e+02
1.667500e+02 2.172000e+02
1.670000e+02 2.202000e+02
1.672500e+02 2.238000e+02
1.675000e+02 2.274000e+02
1.675000e+02 2.301000e+02
1.675000e+02 2.328000e+02
1.677500e+02 2.355000e+02
1.680000e+02 2.382000e+02
1.682500e+02 2.409000e+02
1.685000e+02 2.436000e+02
1.685000e+02 2.469000e+02
1.685000e+02 2.502000e+02
1.687500e+02 2.532000e+02
1.690000e+02 2.562000e+02
1.692500e+02 2.595000e+02
1.695000e+02 2.628000e+02
1.697500e+02 2.661000e+02
1.700000e+02 2.694000e+02
1.702500e+02 2.733000e+02
1.705000e+02 2.772000e+02
1.707500e+02 2.808000e+02
1.710000e+02 2.844000e+02
1.710000e+02 2.886000e+02
1.710000e+02 2.928000e+02
1.710000e+02 2.961000e+02
1.710000e+02 2.994000e+02
1.712500e+02 3.048000e+02
1.715000e+02 3.102000e+02
1.715000e+02 3.132000e+02
1.715000e+02 3.162000e+02
1.715000e+02 3.189000e+02
1.715000e+02 3.216000e+02
1.715000e+02 3.246000e+02
1.715000e+02 3.276000e+02
1.715000e+02 3.300000e+02
1.715000e+02 3.324000e+02
1.717500e+02 3.351000e+02
1.720000e+02 3.378000e+02
1.722500e+02 3.411000e+02
1.725000e+02 3.444000e+02
1.727500e+02 3.471000e+02
1.730000e+02 3.498000e+02
1.732500e+02 3.534000e+02
1.735000e+02 3.570000e+02
1.737500e+02 3.594000e+02
1.740000e+02 3.618000e+02
1.742500e+02 3.642000e+02
1.745000e+02 3.666000e+02
1.747500e+02 3.693000e+02
1.750000e+02 3.720000e+02
1.752500e+02 3.744000e+02
1.755000e+02 3.768000e+02
1.760000e+02 3.801000e+02
1.765000e+02 3.834000e+02
1.767500e+02 3.861000e+02
1.770000e+02 3.888000e+02
1.772500e+02 3.909000e+02
1.775000e+02 3.930000e+02
1.775000e+02 3.945000e+02
1.775000e+02 3.960000e+02
1.777500e+02 3.981000e+02
1.780000e+02 4.002000e+02
1.782500e+02 4.020000e+02
1.785000e+02 4.038000e+02
1.787500e+02 4.053000e+02
1.790000e+02 4.068000e+02
1.790000e+02 4.077000e+02
1.790000e+02 4.086000e+02
1.792500e+02 4.098000e+02
1.795000e+02 4.110000e+02
1.797500e+02 4.122000e+02
1.800000e+02 4.134000e+02
1.802500e+02 4.146000e+02
1.805000e+02 4.158000e+02
1.807500e+02 4.176000e+02
1.810000e+02 4.194000e+02
1.812500e+02 4.209000e+02
1.815000e+02 4.224000e+02
1.815000e+02 4.230000e+02
1.815000e+02 4.236000e+02
1.817500e+02 4.248000e+02
1.820000e+02 4.260000e+02
1.822500e+02 4.272000e+02
1.825000e+02 4.284000e+02
1.825000e+02 4.296000e+02
1.825000e+02 4.308000e+02
1.827500e+02 4.326000e+02
1.830000e+02 4.344000e+02
1.832500e+02 4.353000e+02
1.835000e+02 4.362000e+02
1.835000e+02 4.371000e+02
1.835000e+02 4.380000e+02
1.835000e+02 4.386000e+02
1.835000e+02 4.392000e+02
1.837500e+02 4.398000e+02
1.840000e+02 4.404000e+02
1.840000e+02 4.410000e+02
1.840000e+02 4.416000e+02
1.840000e+02 4.422000e+02
1.840000e+02 4.428000e+02
1.840000e+02 4.434000e+02
1.840000e+02 4.440000e+02
1.840000e+02 4.443000e+02
1.840000e+02 4.446000e+02
1.840000e+02 4.449000e+02
1.840000e+02 4.452000e+02
1.842500e+02 4.455000e+02
1.845000e+02 4.458000e+02
1.845000e+02 4.461000e+02
1.845000e+02 4.464000e+02
1.845000e+02 4.467000e+02
1.845000e+02 4.470000e+02
1.845000e+02 4.473000e+02
1.845000e+02 4.476000e+02
1.845000e+02 4.482000e+02
1.845000e+02 4.488000e+02
1.847500e+02 4.491000e+02
1.850000e+02 4.494000e+02
1.850000e+02 4.497000e+02
1.850000e+02 4.500000e+02
1.850000e+02 4.503000e+02
1.850000e+02 4.506000e+02
1.850000e+02 4.509000e+02
1.850000e+02 4.512000e+02
1.852500e+02 4.512000e+02
1.855000e+02 4.512000e+02
1.855000e+02 4.506000e+02
1.855000e+02 4.500000e+02
1.852500e+02 4.494000e+02
1.850000e+02 4.488000e+02
1.850000e+02 4.488000e+02
1.850000e+02 4.488000e+02
