3.950000e+02 9.600000e+01
3.950000e+02 9.600000e+01
3.950000e+02 9.600000e+01
3.950000e+02 9.660000e+01
3.950000e+02 9.720000e+01
3.952500e+02 9.780000e+01
3.955000e+02 9.840000e+01
3.960000e+02 9.990000e+01
3.965000e+02 1.014000e+02
3.975000e+02 1.029000e+02
3.985000e+02 1.044000e+02
3.990000e+02 1.053000e+02
3.995000e+02 1.062000e+02
4.007500e+02 1.086000e+02
4.020000e+02 1.110000e+02
4.035000e+02 1.134000e+02
4.050000e+02 1.158000e+02
4.070000e+02 1.191000e+02
4.090000e+02 1.224000e+02
4.102500e+02 1.239000e+02
4.115000e+02 1.254000e+02
4.137500e+02 1.290000e+02
4.160000e+02 1.326000e+02
4.175000e+02 1.347000e+02
4.190000e+02 1.368000e+02
4.217500e+02 1.410000e+02
4.245000e+02 1.452000e+02
4.277500e+02 1.503000e+02
4.310000e+02 1.554000e+02
4.327500e+02 1.578000e+02
4.345000e+02 1.602000e+02
4.377500e+02 1.653000e+02
4.410000e+02 1.704000e+02
4.445000e+02 1.755000e+02
4.480000e+02 1.806000e+02
4.495000e+02 1.830000e+02
4.510000e+02 1.854000e+02
4.547500e+02 1.914000e+02
4.585000e+02 1.974000e+02
4.625000e+02 2.040000e+02
4.665000e+02 2.106000e+02
4.682500e+02 2.139000e+02
4.700000e+02 2.172000e+02
4.732500e+02 2.232000e+02
4.765000e+02 2.292000e+02
4.795000e+02 2.346000e+02
4.825000e+02 2.400000e+02
4.850000e+02 2.445000e+02
4.875000e+02 2.490000e+02
4.900000e+02 2.538000e+02
4.925000e+02 2.586000e+02
4.950000e+02 2.634000e+02
4.975000e+02 2.682000e+02
4.985000e+02 2.706000e+02
4.995000e+02 2.730000e+02
5.017500e+02 2.778000e+02
5.040000e+02 2.826000e+02
5.060000e+02 2.871000e+02
5.080000e+02 2.916000e+02
5.097500e+02 2.958000e+02
5.115000e+02 3.000000e+02
5.127500e+02 3.039000e+02
5.140000e+02 3.078000e+02
5.152500e+02 3.105000e+02
5.165000e+02 3.132000e+02
5.172500e+02 3.147000e+02
5.180000e+02 3.162000e+02
5.192500e+02 3.192000e+02
5.205000e+02 3.222000e+02
5.217500e+02 3.249000e+02
5.230000e+02 3.276000e+02
5.235000e+02 3.288000e+02
5.240000e+02 3.300000e+02
5.250000e+02 3.324000e+02
5.260000e+02 3.348000e+02
5.267500e+02 3.366000e+02
5.275000e+02 3.384000e+02
5.280000e+02 3.402000e+02
5.285000e+02 3.420000e+02
5.287500e+02 3.426000e+02
5.290000e+02 3.432000e+02
5.292500e+02 3.438000e+02
5.295000e+02 3.444000e+02
5.297500e+02 3.453000e+02
5.300000e+02 3.462000e+02
5.302500e+02 3.468000e+02
5.305000e+02 3.474000e+02
5.307500e+02 3.480000e+02
5.310000e+02 3.486000e+02
5.312500e+02 3.492000e+02
5.315000e+02 3.498000e+02
5.315000e+02 3.498000e+02
5.315000e+02 3.498000e+02
5.315000e+02 3.501000e+02
5.315000e+02 3.504000e+02
5.315000e+02 3.510000e+02
5.315000e+02 3.510000e+02
5.315000e+02 3.510000e+02
5.310000e+02 3.510000e+02
5.300000e+02 3.516000e+02
5.295000e+02 3.516000e+02
5.275000e+02 3.522000e+02
5.265000e+02 3.522000e+02
5.245000e+02 3.528000e+02
5.215000e+02 3.534000e+02
5.185000e+02 3.540000e+02
5.165000e+02 3.546000e+02
5.130000e+02 3.552000e+02
5.085000e+02 3.564000e+02
5.060000e+02 3.570000e+02
5.015000e+02 3.588000e+02
4.960000e+02 3.606000e+02
4.905000e+02 3.624000e+02
4.845000e+02 3.642000e+02
4.785000e+02 3.660000e+02
4.750000e+02 3.672000e+02
4.675000e+02 3.684000e+02
4.595000e+02 3.702000e+02
4.550000e+02 3.714000e+02
4.465000e+02 3.732000e+02
4.370000e+02 3.750000e+02
4.325000e+02 3.762000e+02
4.235000e+02 3.774000e+02
4.150000e+02 3.792000e+02
4.060000e+02 3.804000e+02
3.980000e+02 3.816000e+02
3.940000e+02 3.816000e+02
3.870000e+02 3.822000e+02
3.805000e+02 3.828000e+02
3.780000e+02 3.834000e+02
3.725000e+02 3.840000e+02
3.675000e+02 3.846000e+02
3.655000e+02 3.846000e+02
3.615000e+02 3.846000e+02
3.590000e+02 3.846000e+02
3.580000e+02 3.840000e+02
3.560000e+02 3.834000e+02
3.555000e+02 3.828000e+02
3.550000e+02 3.816000e+02
3.550000e+02 3.786000e+02
3.560000e+02 3.750000e+02
3.565000e+02 3.732000e+02
3.580000e+02 3.690000e+02
3.605000e+02 3.642000e+02
3.635000e+02 3.594000e+02
3.650000e+02 3.570000e+02
3.685000e+02 3.516000e+02
3.730000e+02 3.462000e+02
3.755000e+02 3.426000e+02
3.805000e+02 3.360000e+02
3.835000e+02 3.324000e+02
3.890000e+02 3.252000e+02
3.945000e+02 3.174000e+02
3.975000e+02 3.138000e+02
4.070000e+02 3.018000e+02
4.105000e+02 2.970000e+02
4.170000e+02 2.880000e+02
4.245000e+02 2.784000e+02
4.280000e+02 2.736000e+02
4.360000e+02 2.640000e+02
4.400000e+02 2.586000e+02
4.480000e+02 2.484000e+02
4.560000e+02 2.376000e+02
4.600000e+02 2.328000e+02
4.690000e+02 2.214000e+02
4.775000e+02 2.106000e+02
4.820000e+02 2.046000e+02
4.910000e+02 1.938000e+02
4.995000e+02 1.836000e+02
5.080000e+02 1.734000e+02
5.160000e+02 1.644000e+02
5.230000e+02 1.560000e+02
5.295000e+02 1.488000e+02
5.355000e+02 1.422000e+02
5.405000e+02 1.362000e+02
5.455000e+02 1.314000e+02
5.495000e+02 1.278000e+02
5.510000e+02 1.260000e+02
5.540000e+02 1.224000e+02
5.560000e+02 1.194000e+02
5.580000e+02 1.170000e+02
5.590000e+02 1.152000e+02
5.595000e+02 1.134000e+02
5.605000e+02 1.128000e+02
5.610000e+02 1.116000e+02
5.615000e+02 1.110000e+02
5.620000e+02 1.098000e+02
5.625000e+02 1.092000e+02
5.630000e+02 1.086000e+02
5.640000e+02 1.080000e+02
5.640000e+02 1.074000e+02
5.645000e+02 1.068000e+02
5.650000e+02 1.068000e+02
5.660000e+02 1.062000e+02
5.665000e+02 1.056000e+02
5.670000e+02 1.050000e+02
5.670000e+02 1.038000e+02
5.660000e+02 1.020000e+02
5.645000e+02 1.014000e+02
5.645000e+02 1.014000e+02
