2.045000e+02 3.924000e+02
2.045000e+02 3.924000e+02
2.045000e+02 3.924000e+02
2.045000e+02 3.924000e+02
2.045000e+02 3.918000e+02
2.045000e+02 3.900000e+02
2.055000e+02 3.840000e+02
2.075000e+02 3.774000e+02
2.095000e+02 3.696000e+02
2.120000e+02 3.606000e+02
2.150000e+02 3.498000e+02
2.180000e+02 3.384000e+02
2.215000e+02 3.258000e+02
2.255000e+02 3.132000e+02
2.295000e+02 2.994000e+02
2.350000e+02 2.838000e+02
2.395000e+02 2.700000e+02
2.445000e+02 2.562000e+02
2.495000e+02 2.418000e+02
2.545000e+02 2.274000e+02
2.600000e+02 2.118000e+02
2.645000e+02 1.974000e+02
2.695000e+02 1.842000e+02
2.740000e+02 1.716000e+02
2.780000e+02 1.596000e+02
2.830000e+02 1.464000e+02
2.870000e+02 1.350000e+02
2.910000e+02 1.236000e+02
2.950000e+02 1.134000e+02
2.985000e+02 1.032000e+02
3.010000e+02 9.600000e+01
3.035000e+02 8.880000e+01
3.050000e+02 8.340000e+01
3.075000e+02 7.680000e+01
3.085000e+02 7.320000e+01
3.095000e+02 7.140000e+01
3.100000e+02 6.960000e+01
3.100000e+02 6.900000e+01
3.105000e+02 6.840000e+01
3.110000e+02 6.780000e+01
3.110000e+02 6.840000e+01
3.125000e+02 7.020000e+01
3.160000e+02 7.620000e+01
3.185000e+02 8.280000e+01
3.230000e+02 9.480000e+01
3.275000e+02 1.092000e+02
3.320000e+02 1.248000e+02
3.360000e+02 1.374000e+02
3.390000e+02 1.494000e+02
3.430000e+02 1.620000e+02
3.475000e+02 1.746000e+02
3.515000e+02 1.872000e+02
3.565000e+02 2.010000e+02
3.605000e+02 2.136000e+02
3.640000e+02 2.262000e+02
3.685000e+02 2.394000e+02
3.725000e+02 2.514000e+02
3.765000e+02 2.646000e+02
3.810000e+02 2.760000e+02
3.850000e+02 2.868000e+02
3.885000e+02 2.976000e+02
3.915000e+02 3.078000e+02
3.950000e+02 3.174000e+02
3.980000e+02 3.270000e+02
4.000000e+02 3.348000e+02
4.030000e+02 3.456000e+02
4.045000e+02 3.516000e+02
4.060000e+02 3.570000e+02
4.070000e+02 3.606000e+02
4.080000e+02 3.630000e+02
4.080000e+02 3.648000e+02
4.085000e+02 3.660000e+02
4.085000e+02 3.666000e+02
4.085000e+02 3.672000e+02
4.085000e+02 3.672000e+02
4.085000e+02 3.672000e+02
4.080000e+02 3.672000e+02
4.060000e+02 3.654000e+02
4.025000e+02 3.624000e+02
3.955000e+02 3.558000e+02
3.905000e+02 3.510000e+02
3.840000e+02 3.450000e+02
3.785000e+02 3.396000e+02
3.715000e+02 3.330000e+02
3.645000e+02 3.270000e+02
3.570000e+02 3.204000e+02
3.490000e+02 3.126000e+02
3.415000e+02 3.060000e+02
3.295000e+02 2.940000e+02
3.250000e+02 2.892000e+02
3.175000e+02 2.814000e+02
3.080000e+02 2.718000e+02
2.955000e+02 2.592000e+02
2.915000e+02 2.550000e+02
2.785000e+02 2.424000e+02
2.735000e+02 2.382000e+02
2.595000e+02 2.250000e+02
2.515000e+02 2.178000e+02
2.425000e+02 2.106000e+02
2.340000e+02 2.034000e+02
2.260000e+02 1.962000e+02
2.175000e+02 1.896000e+02
2.100000e+02 1.836000e+02
2.030000e+02 1.782000e+02
1.960000e+02 1.728000e+02
1.905000e+02 1.686000e+02
1.840000e+02 1.644000e+02
1.790000e+02 1.602000e+02
1.745000e+02 1.572000e+02
1.710000e+02 1.548000e+02
1.680000e+02 1.524000e+02
1.655000e+02 1.506000e+02
1.640000e+02 1.488000e+02
1.625000e+02 1.476000e+02
1.620000e+02 1.470000e+02
1.620000e+02 1.464000e+02
1.615000e+02 1.458000e+02
1.615000e+02 1.458000e+02
1.625000e+02 1.452000e+02
1.650000e+02 1.440000e+02
1.700000e+02 1.428000e+02
1.760000e+02 1.422000e+02
1.830000e+02 1.410000e+02
1.910000e+02 1.404000e+02
1.990000e+02 1.398000e+02
2.090000e+02 1.386000e+02
2.195000e+02 1.374000e+02
2.355000e+02 1.362000e+02
2.470000e+02 1.344000e+02
2.590000e+02 1.332000e+02
2.725000e+02 1.308000e+02
2.850000e+02 1.290000e+02
2.980000e+02 1.272000e+02
3.110000e+02 1.254000e+02
3.235000e+02 1.236000e+02
3.380000e+02 1.218000e+02
3.505000e+02 1.200000e+02
3.620000e+02 1.182000e+02
3.745000e+02 1.164000e+02
3.860000e+02 1.146000e+02
3.975000e+02 1.128000e+02
4.075000e+02 1.122000e+02
4.175000e+02 1.110000e+02
4.260000e+02 1.104000e+02
4.340000e+02 1.098000e+02
4.425000e+02 1.092000e+02
4.510000e+02 1.092000e+02
4.555000e+02 1.092000e+02
4.585000e+02 1.092000e+02
4.605000e+02 1.092000e+02
4.615000e+02 1.092000e+02
4.625000e+02 1.098000e+02
4.630000e+02 1.098000e+02
4.635000e+02 1.104000e+02
4.635000e+02 1.110000e+02
4.635000e+02 1.116000e+02
4.635000e+02 1.128000e+02
4.620000e+02 1.158000e+02
4.590000e+02 1.188000e+02
4.550000e+02 1.236000e+02
4.490000e+02 1.284000e+02
4.430000e+02 1.338000e+02
4.310000e+02 1.434000e+02
4.225000e+02 1.500000e+02
4.125000e+02 1.584000e+02
4.030000e+02 1.662000e+02
3.915000e+02 1.758000e+02
3.795000e+02 1.854000e+02
3.675000e+02 1.962000e+02
3.540000e+02 2.082000e+02
3.415000e+02 2.190000e+02
3.285000e+02 2.310000e+02
3.155000e+02 2.436000e+02
3.030000e+02 2.562000e+02
2.890000e+02 2.694000e+02
2.765000e+02 2.814000e+02
2.645000e+02 2.934000e+02
2.535000e+02 3.048000e+02
2.425000e+02 3.162000e+02
2.320000e+02 3.270000e+02
2.240000e+02 3.354000e+02
2.125000e+02 3.486000e+02
2.060000e+02 3.552000e+02
2.000000e+02 3.624000e+02
1.975000e+02 3.648000e+02
1.930000e+02 3.696000e+02
1.880000e+02 3.756000e+02
1.850000e+02 3.786000e+02
1.830000e+02 3.810000e+02
1.815000e+02 3.828000e+02
1.800000e+02 3.840000e+02
1.790000e+02 3.852000e+02
1.785000e+02 3.858000e+02
1.780000e+02 3.864000e+02
1.780000e+02 3.870000e+02
1.775000e+02 3.870000e+02
1.775000e+02 3.876000e+02
1.775000e+02 3.876000e+02
1.775000e+02 3.876000e+02
1.775000e+02 3.876000e+02
