2.455000e+02 3.468000e+02
2.455000e+02 3.468000e+02
2.455000e+02 3.468000e+02
2.457500e+02 3.456000e+02
2.460000e+02 3.444000e+02
2.462500e+02 3.438000e+02
2.465000e+02 3.432000e+02
2.472500e+02 3.411000e+02
2.480000e+02 3.390000e+02
2.490000e+02 3.363000e+02
2.500000e+02 3.336000e+02
2.505000e+02 3.324000e+02
2.510000e+02 3.312000e+02
2.520000e+02 3.279000e+02
2.530000e+02 3.246000e+02
2.542500e+02 3.213000e+02
2.555000e+02 3.180000e+02
2.560000e+02 3.159000e+02
2.565000e+02 3.138000e+02
2.575000e+02 3.102000e+02
2.585000e+02 3.066000e+02
2.597500e+02 3.024000e+02
2.610000e+02 2.982000e+02
2.615000e+02 2.961000e+02
2.620000e+02 2.940000e+02
2.632500e+02 2.892000e+02
2.645000e+02 2.844000e+02
2.655000e+02 2.796000e+02
2.665000e+02 2.748000e+02
2.672500e+02 2.721000e+02
2.680000e+02 2.694000e+02
2.685000e+02 2.670000e+02
2.690000e+02 2.646000e+02
2.702500e+02 2.598000e+02
2.715000e+02 2.550000e+02
2.730000e+02 2.502000e+02
2.745000e+02 2.454000e+02
2.752500e+02 2.430000e+02
2.760000e+02 2.406000e+02
2.772500e+02 2.355000e+02
2.785000e+02 2.304000e+02
2.800000e+02 2.256000e+02
2.815000e+02 2.208000e+02
2.830000e+02 2.160000e+02
2.845000e+02 2.112000e+02
2.852500e+02 2.088000e+02
2.860000e+02 2.064000e+02
2.872500e+02 2.019000e+02
2.885000e+02 1.974000e+02
2.892500e+02 1.953000e+02
2.900000e+02 1.932000e+02
2.912500e+02 1.887000e+02
2.925000e+02 1.842000e+02
2.935000e+02 1.800000e+02
2.945000e+02 1.758000e+02
2.952500e+02 1.740000e+02
2.960000e+02 1.722000e+02
2.970000e+02 1.683000e+02
2.980000e+02 1.644000e+02
2.990000e+02 1.608000e+02
3.000000e+02 1.572000e+02
3.007500e+02 1.539000e+02
3.015000e+02 1.506000e+02
3.025000e+02 1.473000e+02
3.035000e+02 1.440000e+02
3.040000e+02 1.410000e+02
3.045000e+02 1.380000e+02
3.047500e+02 1.368000e+02
3.050000e+02 1.356000e+02
3.055000e+02 1.335000e+02
3.060000e+02 1.314000e+02
3.065000e+02 1.293000e+02
3.070000e+02 1.272000e+02
3.072500e+02 1.260000e+02
3.075000e+02 1.248000e+02
3.080000e+02 1.230000e+02
3.085000e+02 1.212000e+02
3.087500e+02 1.197000e+02
3.090000e+02 1.182000e+02
3.092500e+02 1.173000e+02
3.095000e+02 1.164000e+02
3.097500e+02 1.158000e+02
3.100000e+02 1.152000e+02
3.102500e+02 1.146000e+02
3.105000e+02 1.140000e+02
3.107500e+02 1.134000e+02
3.110000e+02 1.128000e+02
3.112500e+02 1.128000e+02
3.115000e+02 1.128000e+02
3.120000e+02 1.125000e+02
3.125000e+02 1.122000e+02
3.127500e+02 1.122000e+02
3.130000e+02 1.122000e+02
3.135000e+02 1.125000e+02
3.140000e+02 1.128000e+02
3.147500e+02 1.131000e+02
3.155000e+02 1.134000e+02
3.157500e+02 1.140000e+02
3.160000e+02 1.146000e+02
3.167500e+02 1.155000e+02
3.175000e+02 1.164000e+02
3.185000e+02 1.179000e+02
3.195000e+02 1.194000e+02
3.200000e+02 1.200000e+02
3.205000e+02 1.206000e+02
3.217500e+02 1.218000e+02
3.230000e+02 1.230000e+02
3.237500e+02 1.239000e+02
3.245000e+02 1.248000e+02
3.260000e+02 1.272000e+02
3.275000e+02 1.296000e+02
3.292500e+02 1.317000e+02
3.310000e+02 1.338000e+02
3.317500e+02 1.350000e+02
3.325000e+02 1.362000e+02
3.345000e+02 1.386000e+02
3.365000e+02 1.410000e+02
3.385000e+02 1.437000e+02
3.405000e+02 1.464000e+02
3.430000e+02 1.494000e+02
3.455000e+02 1.524000e+02
3.465000e+02 1.542000e+02
3.475000e+02 1.560000e+02
3.500000e+02 1.593000e+02
3.525000e+02 1.626000e+02
3.552500e+02 1.662000e+02
3.580000e+02 1.698000e+02
3.592500e+02 1.716000e+02
3.605000e+02 1.734000e+02
3.630000e+02 1.770000e+02
3.655000e+02 1.806000e+02
3.682500e+02 1.848000e+02
3.710000e+02 1.890000e+02
3.737500e+02 1.929000e+02
3.765000e+02 1.968000e+02
3.777500e+02 1.989000e+02
3.790000e+02 2.010000e+02
3.820000e+02 2.052000e+02
3.850000e+02 2.094000e+02
3.877500e+02 2.136000e+02
3.905000e+02 2.178000e+02
3.920000e+02 2.199000e+02
3.935000e+02 2.220000e+02
3.960000e+02 2.265000e+02
3.985000e+02 2.310000e+02
4.015000e+02 2.355000e+02
4.045000e+02 2.400000e+02
4.060000e+02 2.424000e+02
4.075000e+02 2.448000e+02
4.100000e+02 2.490000e+02
4.125000e+02 2.532000e+02
4.152500e+02 2.577000e+02
4.180000e+02 2.622000e+02
4.207500e+02 2.664000e+02
4.235000e+02 2.706000e+02
4.260000e+02 2.751000e+02
4.285000e+02 2.796000e+02
4.297500e+02 2.817000e+02
4.310000e+02 2.838000e+02
4.325000e+02 2.859000e+02
4.340000e+02 2.880000e+02
4.362500e+02 2.919000e+02
4.385000e+02 2.958000e+02
4.395000e+02 2.976000e+02
4.405000e+02 2.994000e+02
4.430000e+02 3.033000e+02
4.455000e+02 3.072000e+02
4.475000e+02 3.105000e+02
4.495000e+02 3.138000e+02
4.505000e+02 3.156000e+02
4.515000e+02 3.174000e+02
4.537500e+02 3.207000e+02
4.560000e+02 3.240000e+02
4.577500e+02 3.270000e+02
4.595000e+02 3.300000e+02
4.602500e+02 3.312000e+02
4.610000e+02 3.324000e+02
4.627500e+02 3.348000e+02
4.645000e+02 3.372000e+02
4.660000e+02 3.396000e+02
4.675000e+02 3.420000e+02
4.687500e+02 3.438000e+02
4.700000e+02 3.456000e+02
4.707500e+02 3.471000e+02
4.715000e+02 3.486000e+02
4.725000e+02 3.495000e+02
4.735000e+02 3.504000e+02
4.742500e+02 3.513000e+02
4.750000e+02 3.522000e+02
4.755000e+02 3.525000e+02
4.760000e+02 3.528000e+02
4.762500e+02 3.534000e+02
4.765000e+02 3.540000e+02
4.775000e+02 3.546000e+02
4.780000e+02 3.546000e+02
4.785000e+02 3.552000e+02
4.790000e+02 3.552000e+02
4.790000e+02 3.558000e+02
4.775000e+02 3.558000e+02
4.775000e+02 3.558000e+02
