1.390000e+02 1.722000e+02
1.390000e+02 1.722000e+02
1.390000e+02 1.722000e+02
1.390000e+02 1.722000e+02
1.390000e+02 1.722000e+02
1.385000e+02 1.725000e+02
1.380000e+02 1.728000e+02
1.375000e+02 1.731000e+02
1.370000e+02 1.734000e+02
1.367500e+02 1.735500e+02
1.365000e+02 1.737000e+02
1.362500e+02 1.738500e+02
1.360000e+02 1.740000e+02
1.356250e+02 1.743000e+02
1.352500e+02 1.746000e+02
1.348750e+02 1.749000e+02
1.345000e+02 1.752000e+02
1.342500e+02 1.753500e+02
1.340000e+02 1.755000e+02
1.337500e+02 1.756500e+02
1.335000e+02 1.758000e+02
1.332500e+02 1.759500e+02
1.330000e+02 1.761000e+02
1.327500e+02 1.762500e+02
1.325000e+02 1.764000e+02
1.323750e+02 1.765500e+02
1.322500e+02 1.767000e+02
1.321250e+02 1.768500e+02
1.320000e+02 1.770000e+02
1.321250e+02 1.771500e+02
1.322500e+02 1.773000e+02
1.323750e+02 1.774500e+02
1.325000e+02 1.776000e+02
1.328750e+02 1.779000e+02
1.332500e+02 1.782000e+02
1.336250e+02 1.785000e+02
1.340000e+02 1.788000e+02
1.346250e+02 1.792500e+02
1.352500e+02 1.797000e+02
1.358750e+02 1.801500e+02
1.365000e+02 1.806000e+02
1.376250e+02 1.810500e+02
1.387500e+02 1.815000e+02
1.398750e+02 1.819500e+02
1.410000e+02 1.824000e+02
1.422500e+02 1.825500e+02
1.435000e+02 1.827000e+02
1.447500e+02 1.828500e+02
1.460000e+02 1.830000e+02
1.472500e+02 1.831500e+02
1.485000e+02 1.833000e+02
1.497500e+02 1.834500e+02
1.510000e+02 1.836000e+02
1.525000e+02 1.837500e+02
1.540000e+02 1.839000e+02
1.555000e+02 1.840500e+02
1.570000e+02 1.842000e+02
1.583750e+02 1.840500e+02
1.597500e+02 1.839000e+02
1.611250e+02 1.837500e+02
1.625000e+02 1.836000e+02
1.648750e+02 1.834500e+02
1.672500e+02 1.833000e+02
1.696250e+02 1.831500e+02
1.720000e+02 1.830000e+02
1.727500e+02 1.830000e+02
1.735000e+02 1.830000e+02
1.742500e+02 1.830000e+02
1.750000e+02 1.830000e+02
1.768750e+02 1.828500e+02
1.787500e+02 1.827000e+02
1.806250e+02 1.825500e+02
1.825000e+02 1.824000e+02
1.832500e+02 1.824000e+02
1.840000e+02 1.824000e+02
1.847500e+02 1.824000e+02
1.855000e+02 1.824000e+02
1.872500e+02 1.822500e+02
1.890000e+02 1.821000e+02
1.907500e+02 1.819500e+02
1.925000e+02 1.818000e+02
1.941250e+02 1.818000e+02
1.957500e+02 1.818000e+02
1.990000e+02 1.818000e+02
2.007500e+02 1.815000e+02
2.025000e+02 1.812000e+02
2.060000e+02 1.812000e+02
2.095000e+02 1.812000e+02
2.135000e+02 1.809000e+02
2.175000e+02 1.806000e+02
2.230000e+02 1.806000e+02
2.285000e+02 1.806000e+02
2.305000e+02 1.806000e+02
2.325000e+02 1.806000e+02
2.362500e+02 1.803000e+02
2.400000e+02 1.800000e+02
2.435000e+02 1.800000e+02
2.470000e+02 1.800000e+02
2.515000e+02 1.797000e+02
2.560000e+02 1.794000e+02
2.597500e+02 1.794000e+02
2.635000e+02 1.794000e+02
2.675000e+02 1.794000e+02
2.715000e+02 1.794000e+02
2.755000e+02 1.794000e+02
2.795000e+02 1.794000e+02
2.830000e+02 1.797000e+02
2.865000e+02 1.800000e+02
2.925000e+02 1.803000e+02
2.985000e+02 1.806000e+02
3.005000e+02 1.809000e+02
3.025000e+02 1.812000e+02
3.060000e+02 1.815000e+02
3.095000e+02 1.818000e+02
3.135000e+02 1.824000e+02
3.175000e+02 1.830000e+02
3.207500e+02 1.839000e+02
3.240000e+02 1.848000e+02
3.282500e+02 1.857000e+02
3.325000e+02 1.866000e+02
3.360000e+02 1.872000e+02
3.395000e+02 1.878000e+02
3.427500e+02 1.884000e+02
3.460000e+02 1.890000e+02
3.495000e+02 1.893000e+02
3.530000e+02 1.896000e+02
3.560000e+02 1.902000e+02
3.590000e+02 1.908000e+02
3.627500e+02 1.911000e+02
3.665000e+02 1.914000e+02
3.695000e+02 1.914000e+02
3.725000e+02 1.914000e+02
3.757500e+02 1.914000e+02
3.790000e+02 1.914000e+02
3.837500e+02 1.914000e+02
3.885000e+02 1.914000e+02
3.917500e+02 1.914000e+02
3.950000e+02 1.914000e+02
3.965000e+02 1.914000e+02
3.980000e+02 1.914000e+02
4.025000e+02 1.917000e+02
4.070000e+02 1.920000e+02
4.097500e+02 1.920000e+02
4.125000e+02 1.920000e+02
4.155000e+02 1.917000e+02
4.185000e+02 1.914000e+02
4.212500e+02 1.914000e+02
4.240000e+02 1.914000e+02
4.267500e+02 1.911000e+02
4.295000e+02 1.908000e+02
4.320000e+02 1.905000e+02
4.345000e+02 1.902000e+02
4.370000e+02 1.899000e+02
4.395000e+02 1.896000e+02
4.420000e+02 1.893000e+02
4.445000e+02 1.890000e+02
4.470000e+02 1.887000e+02
4.495000e+02 1.884000e+02
4.530000e+02 1.878000e+02
4.565000e+02 1.872000e+02
4.585000e+02 1.872000e+02
4.605000e+02 1.872000e+02
4.627500e+02 1.866000e+02
4.650000e+02 1.860000e+02
4.672500e+02 1.857000e+02
4.695000e+02 1.854000e+02
4.715000e+02 1.851000e+02
4.735000e+02 1.848000e+02
4.755000e+02 1.842000e+02
4.775000e+02 1.836000e+02
4.795000e+02 1.833000e+02
4.815000e+02 1.830000e+02
4.842500e+02 1.824000e+02
4.870000e+02 1.818000e+02
4.890000e+02 1.815000e+02
4.910000e+02 1.812000e+02
4.935000e+02 1.809000e+02
4.960000e+02 1.806000e+02
4.965000e+02 1.806000e+02
4.970000e+02 1.806000e+02
4.982500e+02 1.803000e+02
4.995000e+02 1.800000e+02
5.010000e+02 1.800000e+02
5.025000e+02 1.800000e+02
5.037500e+02 1.797000e+02
5.050000e+02 1.794000e+02
5.062500e+02 1.791000e+02
5.075000e+02 1.788000e+02
5.085000e+02 1.788000e+02
5.095000e+02 1.788000e+02
5.105000e+02 1.785000e+02
5.115000e+02 1.782000e+02
5.122500e+02 1.779000e+02
5.130000e+02 1.776000e+02
5.137500e+02 1.770000e+02
5.145000e+02 1.764000e+02
5.150000e+02 1.758000e+02
5.155000e+02 1.752000e+02
5.155000e+02 1.752000e+02
5.155000e+02 1.752000e+02
