1.100000e+02 3.708000e+02
1.100000e+02 3.708000e+02
1.100000e+02 3.708000e+02
1.100000e+02 3.708000e+02
1.100000e+02 3.708000e+02
1.101250e+02 3.708000e+02
1.102500e+02 3.708000e+02
1.103750e+02 3.708000e+02
1.105000e+02 3.708000e+02
1.106250e+02 3.708000e+02
1.107500e+02 3.708000e+02
1.108750e+02 3.708000e+02
1.110000e+02 3.708000e+02
1.112500e+02 3.708000e+02
1.115000e+02 3.708000e+02
1.117500e+02 3.708000e+02
1.120000e+02 3.708000e+02
1.123750e+02 3.708000e+02
1.127500e+02 3.708000e+02
1.131250e+02 3.708000e+02
1.135000e+02 3.708000e+02
1.140000e+02 3.708000e+02
1.145000e+02 3.708000e+02
1.150000e+02 3.708000e+02
1.155000e+02 3.708000e+02
1.161250e+02 3.709500e+02
1.167500e+02 3.711000e+02
1.173750e+02 3.712500e+02
1.180000e+02 3.714000e+02
1.187500e+02 3.715500e+02
1.195000e+02 3.717000e+02
1.202500e+02 3.718500e+02
1.210000e+02 3.720000e+02
1.217500e+02 3.720000e+02
1.225000e+02 3.720000e+02
1.232500e+02 3.720000e+02
1.240000e+02 3.720000e+02
1.251250e+02 3.721500e+02
1.262500e+02 3.723000e+02
1.273750e+02 3.724500e+02
1.285000e+02 3.726000e+02
1.295000e+02 3.727500e+02
1.305000e+02 3.729000e+02
1.315000e+02 3.730500e+02
1.325000e+02 3.732000e+02
1.335000e+02 3.732000e+02
1.345000e+02 3.732000e+02
1.355000e+02 3.732000e+02
1.365000e+02 3.732000e+02
1.378750e+02 3.732000e+02
1.392500e+02 3.732000e+02
1.406250e+02 3.732000e+02
1.420000e+02 3.732000e+02
1.431250e+02 3.733500e+02
1.442500e+02 3.735000e+02
1.453750e+02 3.736500e+02
1.465000e+02 3.738000e+02
1.480000e+02 3.738000e+02
1.495000e+02 3.738000e+02
1.510000e+02 3.738000e+02
1.525000e+02 3.738000e+02
1.538750e+02 3.736500e+02
1.552500e+02 3.735000e+02
1.566250e+02 3.733500e+02
1.580000e+02 3.732000e+02
1.603750e+02 3.732000e+02
1.627500e+02 3.732000e+02
1.675000e+02 3.732000e+02
1.702500e+02 3.732000e+02
1.730000e+02 3.732000e+02
1.765000e+02 3.729000e+02
1.800000e+02 3.726000e+02
1.832500e+02 3.726000e+02
1.865000e+02 3.726000e+02
1.900000e+02 3.726000e+02
1.935000e+02 3.726000e+02
1.970000e+02 3.726000e+02
2.005000e+02 3.726000e+02
2.040000e+02 3.726000e+02
2.075000e+02 3.726000e+02
2.110000e+02 3.726000e+02
2.145000e+02 3.726000e+02
2.180000e+02 3.729000e+02
2.215000e+02 3.732000e+02
2.250000e+02 3.735000e+02
2.285000e+02 3.738000e+02
2.320000e+02 3.738000e+02
2.355000e+02 3.738000e+02
2.395000e+02 3.738000e+02
2.435000e+02 3.738000e+02
2.492500e+02 3.741000e+02
2.550000e+02 3.744000e+02
2.605000e+02 3.744000e+02
2.660000e+02 3.744000e+02
2.695000e+02 3.747000e+02
2.730000e+02 3.750000e+02
2.772500e+02 3.750000e+02
2.815000e+02 3.750000e+02
2.852500e+02 3.750000e+02
2.890000e+02 3.750000e+02
2.930000e+02 3.750000e+02
2.970000e+02 3.750000e+02
3.012500e+02 3.747000e+02
3.055000e+02 3.744000e+02
3.095000e+02 3.744000e+02
3.135000e+02 3.744000e+02
3.172500e+02 3.744000e+02
3.210000e+02 3.744000e+02
3.230000e+02 3.741000e+02
3.250000e+02 3.738000e+02
3.312500e+02 3.738000e+02
3.375000e+02 3.738000e+02
3.412500e+02 3.738000e+02
3.450000e+02 3.738000e+02
3.490000e+02 3.738000e+02
3.530000e+02 3.738000e+02
3.565000e+02 3.738000e+02
3.600000e+02 3.738000e+02
3.637500e+02 3.738000e+02
3.675000e+02 3.738000e+02
3.712500e+02 3.741000e+02
3.750000e+02 3.744000e+02
3.787500e+02 3.744000e+02
3.825000e+02 3.744000e+02
3.860000e+02 3.744000e+02
3.895000e+02 3.744000e+02
3.925000e+02 3.747000e+02
3.955000e+02 3.750000e+02
3.987500e+02 3.750000e+02
4.020000e+02 3.750000e+02
4.065000e+02 3.753000e+02
4.110000e+02 3.756000e+02
4.140000e+02 3.759000e+02
4.170000e+02 3.762000e+02
4.182500e+02 3.762000e+02
4.195000e+02 3.762000e+02
4.222500e+02 3.762000e+02
4.250000e+02 3.762000e+02
4.265000e+02 3.765000e+02
4.280000e+02 3.768000e+02
4.305000e+02 3.768000e+02
4.330000e+02 3.768000e+02
4.357500e+02 3.771000e+02
4.385000e+02 3.774000e+02
4.412500e+02 3.774000e+02
4.440000e+02 3.774000e+02
4.462500e+02 3.777000e+02
4.485000e+02 3.780000e+02
4.512500e+02 3.780000e+02
4.540000e+02 3.780000e+02
4.565000e+02 3.783000e+02
4.590000e+02 3.786000e+02
4.615000e+02 3.786000e+02
4.640000e+02 3.786000e+02
4.665000e+02 3.786000e+02
4.690000e+02 3.786000e+02
4.710000e+02 3.786000e+02
4.730000e+02 3.786000e+02
4.755000e+02 3.786000e+02
4.780000e+02 3.786000e+02
4.802500e+02 3.789000e+02
4.825000e+02 3.792000e+02
4.845000e+02 3.792000e+02
4.865000e+02 3.792000e+02
4.890000e+02 3.792000e+02
4.915000e+02 3.792000e+02
4.935000e+02 3.789000e+02
4.955000e+02 3.786000e+02
4.972500e+02 3.786000e+02
4.990000e+02 3.786000e+02
5.002500e+02 3.786000e+02
5.015000e+02 3.786000e+02
5.045000e+02 3.783000e+02
5.075000e+02 3.780000e+02
5.082500e+02 3.780000e+02
5.090000e+02 3.780000e+02
5.117500e+02 3.780000e+02
5.145000e+02 3.780000e+02
5.160000e+02 3.780000e+02
5.175000e+02 3.780000e+02
5.190000e+02 3.780000e+02
5.205000e+02 3.780000e+02
5.217500e+02 3.777000e+02
5.230000e+02 3.774000e+02
5.237500e+02 3.774000e+02
5.245000e+02 3.774000e+02
5.252500e+02 3.774000e+02
5.260000e+02 3.774000e+02
5.267500e+02 3.774000e+02
5.275000e+02 3.774000e+02
5.280000e+02 3.774000e+02
5.285000e+02 3.774000e+02
5.287500e+02 3.774000e+02
5.290000e+02 3.774000e+02
5.290000e+02 3.771000e+02
5.290000e+02 3.768000e+02
5.290000e+02 3.768000e+02
5.290000e+02 3.768000e+02
5.290000e+02 3.768000e+02
5.290000e+02 3.768000e+02
