3.740000e+02 3.792000e+02
3.740000e+02 3.792000e+02
3.740000e+02 3.792000e+02
3.740000e+02 3.792000e+02
3.740000e+02 3.792000e+02
3.740000e+02 3.792000e+02
3.740000e+02 3.792000e+02
3.740000e+02 3.792000e+02
3.740000e+02 3.792000e+02
3.740000e+02 3.790500e+02
3.740000e+02 3.789000e+02
3.740000e+02 3.787500e+02
3.740000e+02 3.786000e+02
3.740000e+02 3.786000e+02
3.740000e+02 3.786000e+02
3.740000e+02 3.786000e+02
3.740000e+02 3.786000e+02
3.738750e+02 3.784500e+02
3.737500e+02 3.783000e+02
3.736250e+02 3.781500e+02
3.735000e+02 3.780000e+02
3.735000e+02 3.777000e+02
3.735000e+02 3.774000e+02
3.735000e+02 3.771000e+02
3.735000e+02 3.768000e+02
3.735000e+02 3.763500e+02
3.735000e+02 3.759000e+02
3.735000e+02 3.754500e+02
3.735000e+02 3.750000e+02
3.735000e+02 3.745500e+02
3.735000e+02 3.741000e+02
3.735000e+02 3.736500e+02
3.735000e+02 3.732000e+02
3.735000e+02 3.724500e+02
3.735000e+02 3.717000e+02
3.735000e+02 3.709500e+02
3.735000e+02 3.702000e+02
3.735000e+02 3.691500e+02
3.735000e+02 3.681000e+02
3.735000e+02 3.670500e+02
3.735000e+02 3.660000e+02
3.735000e+02 3.642000e+02
3.735000e+02 3.624000e+02
3.735000e+02 3.606000e+02
3.735000e+02 3.588000e+02
3.735000e+02 3.582000e+02
3.735000e+02 3.576000e+02
3.735000e+02 3.570000e+02
3.735000e+02 3.564000e+02
3.735000e+02 3.544500e+02
3.735000e+02 3.525000e+02
3.735000e+02 3.505500e+02
3.735000e+02 3.486000e+02
3.735000e+02 3.468000e+02
3.735000e+02 3.450000e+02
3.735000e+02 3.432000e+02
3.735000e+02 3.414000e+02
3.735000e+02 3.394500e+02
3.735000e+02 3.375000e+02
3.735000e+02 3.355500e+02
3.735000e+02 3.336000e+02
3.735000e+02 3.324000e+02
3.735000e+02 3.312000e+02
3.735000e+02 3.300000e+02
3.735000e+02 3.288000e+02
3.735000e+02 3.274500e+02
3.735000e+02 3.261000e+02
3.735000e+02 3.247500e+02
3.735000e+02 3.234000e+02
3.735000e+02 3.220500e+02
3.735000e+02 3.207000e+02
3.735000e+02 3.193500e+02
3.735000e+02 3.180000e+02
3.735000e+02 3.168000e+02
3.735000e+02 3.156000e+02
3.735000e+02 3.144000e+02
3.735000e+02 3.132000e+02
3.735000e+02 3.117000e+02
3.735000e+02 3.102000e+02
3.735000e+02 3.087000e+02
3.735000e+02 3.072000e+02
3.735000e+02 3.057000e+02
3.735000e+02 3.042000e+02
3.735000e+02 3.027000e+02
3.735000e+02 3.012000e+02
3.735000e+02 2.997000e+02
3.735000e+02 2.982000e+02
3.735000e+02 2.967000e+02
3.735000e+02 2.952000e+02
3.733750e+02 2.938500e+02
3.732500e+02 2.925000e+02
3.731250e+02 2.911500e+02
3.730000e+02 2.898000e+02
3.730000e+02 2.883000e+02
3.730000e+02 2.868000e+02
3.730000e+02 2.853000e+02
3.730000e+02 2.838000e+02
3.730000e+02 2.823000e+02
3.730000e+02 2.808000e+02
3.730000e+02 2.793000e+02
3.730000e+02 2.778000e+02
3.730000e+02 2.758500e+02
3.730000e+02 2.739000e+02
3.730000e+02 2.719500e+02
3.730000e+02 2.700000e+02
3.728750e+02 2.683500e+02
3.727500e+02 2.667000e+02
3.726250e+02 2.650500e+02
3.725000e+02 2.634000e+02
3.725000e+02 2.616000e+02
3.725000e+02 2.598000e+02
3.725000e+02 2.580000e+02
3.725000e+02 2.562000e+02
3.725000e+02 2.548500e+02
3.725000e+02 2.535000e+02
3.725000e+02 2.521500e+02
3.725000e+02 2.508000e+02
3.723750e+02 2.496000e+02
3.722500e+02 2.484000e+02
3.721250e+02 2.472000e+02
3.720000e+02 2.460000e+02
3.720000e+02 2.449500e+02
3.720000e+02 2.439000e+02
3.720000e+02 2.428500e+02
3.720000e+02 2.418000e+02
3.720000e+02 2.406000e+02
3.720000e+02 2.394000e+02
3.720000e+02 2.382000e+02
3.720000e+02 2.370000e+02
3.720000e+02 2.359500e+02
3.720000e+02 2.349000e+02
3.720000e+02 2.338500e+02
3.720000e+02 2.328000e+02
3.718750e+02 2.316000e+02
3.717500e+02 2.304000e+02
3.716250e+02 2.292000e+02
3.715000e+02 2.280000e+02
3.715000e+02 2.268000e+02
3.715000e+02 2.256000e+02
3.715000e+02 2.244000e+02
3.715000e+02 2.232000e+02
3.715000e+02 2.221500e+02
3.715000e+02 2.211000e+02
3.715000e+02 2.200500e+02
3.715000e+02 2.190000e+02
3.715000e+02 2.173500e+02
3.715000e+02 2.157000e+02
3.715000e+02 2.140500e+02
3.715000e+02 2.124000e+02
3.715000e+02 2.119500e+02
3.715000e+02 2.115000e+02
3.715000e+02 2.106000e+02
3.715000e+02 2.076000e+02
3.715000e+02 2.046000e+02
3.715000e+02 2.016000e+02
3.715000e+02 1.986000e+02
3.715000e+02 1.968000e+02
3.715000e+02 1.950000e+02
3.715000e+02 1.932000e+02
3.715000e+02 1.914000e+02
3.715000e+02 1.896000e+02
3.715000e+02 1.878000e+02
3.715000e+02 1.860000e+02
3.715000e+02 1.842000e+02
3.715000e+02 1.827000e+02
3.715000e+02 1.812000e+02
3.715000e+02 1.806000e+02
3.715000e+02 1.800000e+02
3.715000e+02 1.785000e+02
3.715000e+02 1.770000e+02
3.715000e+02 1.758000e+02
3.715000e+02 1.746000e+02
3.715000e+02 1.737000e+02
3.715000e+02 1.728000e+02
3.715000e+02 1.710000e+02
3.715000e+02 1.692000e+02
3.715000e+02 1.680000e+02
3.715000e+02 1.668000e+02
3.712500e+02 1.656000e+02
3.710000e+02 1.644000e+02
3.710000e+02 1.635000e+02
3.710000e+02 1.626000e+02
3.710000e+02 1.623000e+02
3.710000e+02 1.620000e+02
3.710000e+02 1.614000e+02
3.710000e+02 1.608000e+02
3.710000e+02 1.605000e+02
3.710000e+02 1.602000e+02
3.710000e+02 1.599000e+02
3.710000e+02 1.596000e+02
3.710000e+02 1.593000e+02
3.710000e+02 1.590000e+02
3.710000e+02 1.590000e+02
3.710000e+02 1.590000e+02
3.710000e+02 1.590000e+02
3.710000e+02 1.590000e+02
3.710000e+02 1.590000e+02
3.710000e+02 1.590000e+02
3.710000e+02 1.590000e+02
3.710000e+02 1.590000e+02
