1.490000e+02 1.416000e+02
1.490000e+02 1.416000e+02
1.490000e+02 1.416000e+02
1.490000e+02 1.419000e+02
1.490000e+02 1.422000e+02
1.490000e+02 1.422000e+02
1.490000e+02 1.422000e+02
1.492500e+02 1.425000e+02
1.495000e+02 1.428000e+02
1.500000e+02 1.440000e+02
1.505000e+02 1.452000e+02
1.507500e+02 1.455000e+02
1.510000e+02 1.458000e+02
1.520000e+02 1.476000e+02
1.530000e+02 1.494000e+02
1.537500e+02 1.509000e+02
1.545000e+02 1.524000e+02
1.555000e+02 1.539000e+02
1.565000e+02 1.554000e+02
1.572500e+02 1.572000e+02
1.580000e+02 1.590000e+02
1.587500e+02 1.608000e+02
1.595000e+02 1.626000e+02
1.602500e+02 1.647000e+02
1.610000e+02 1.668000e+02
1.617500e+02 1.689000e+02
1.625000e+02 1.710000e+02
1.630000e+02 1.731000e+02
1.635000e+02 1.752000e+02
1.642500e+02 1.773000e+02
1.650000e+02 1.794000e+02
1.655000e+02 1.818000e+02
1.660000e+02 1.842000e+02
1.667500e+02 1.866000e+02
1.675000e+02 1.890000e+02
1.682500e+02 1.914000e+02
1.690000e+02 1.938000e+02
1.695000e+02 1.962000e+02
1.700000e+02 1.986000e+02
1.712500e+02 2.022000e+02
1.725000e+02 2.058000e+02
1.730000e+02 2.079000e+02
1.735000e+02 2.100000e+02
1.742500e+02 2.121000e+02
1.750000e+02 2.142000e+02
1.757500e+02 2.166000e+02
1.765000e+02 2.190000e+02
1.770000e+02 2.208000e+02
1.775000e+02 2.226000e+02
1.780000e+02 2.244000e+02
1.785000e+02 2.262000e+02
1.790000e+02 2.280000e+02
1.795000e+02 2.298000e+02
1.802500e+02 2.319000e+02
1.810000e+02 2.340000e+02
1.817500e+02 2.364000e+02
1.825000e+02 2.388000e+02
1.832500e+02 2.403000e+02
1.840000e+02 2.418000e+02
1.842500e+02 2.427000e+02
1.845000e+02 2.436000e+02
1.850000e+02 2.442000e+02
1.855000e+02 2.448000e+02
1.857500e+02 2.454000e+02
1.860000e+02 2.460000e+02
1.860000e+02 2.463000e+02
1.860000e+02 2.466000e+02
1.865000e+02 2.472000e+02
1.870000e+02 2.478000e+02
1.870000e+02 2.478000e+02
1.870000e+02 2.478000e+02
1.870000e+02 2.478000e+02
1.870000e+02 2.478000e+02
1.872500e+02 2.481000e+02
1.875000e+02 2.484000e+02
1.877500e+02 2.484000e+02
1.880000e+02 2.484000e+02
1.880000e+02 2.484000e+02
1.880000e+02 2.484000e+02
1.882500e+02 2.484000e+02
1.885000e+02 2.484000e+02
1.890000e+02 2.484000e+02
1.895000e+02 2.484000e+02
1.905000e+02 2.481000e+02
1.915000e+02 2.478000e+02
1.930000e+02 2.469000e+02
1.945000e+02 2.460000e+02
1.962500e+02 2.451000e+02
1.980000e+02 2.442000e+02
2.000000e+02 2.427000e+02
2.020000e+02 2.412000e+02
2.055000e+02 2.391000e+02
2.090000e+02 2.370000e+02
2.102500e+02 2.364000e+02
2.115000e+02 2.358000e+02
2.152500e+02 2.343000e+02
2.190000e+02 2.328000e+02
2.215000e+02 2.316000e+02
2.240000e+02 2.304000e+02
2.272500e+02 2.292000e+02
2.305000e+02 2.280000e+02
2.332500e+02 2.268000e+02
2.360000e+02 2.256000e+02
2.387500e+02 2.244000e+02
2.415000e+02 2.232000e+02
2.445000e+02 2.220000e+02
2.475000e+02 2.208000e+02
2.505000e+02 2.196000e+02
2.535000e+02 2.184000e+02
2.567500e+02 2.175000e+02
2.600000e+02 2.166000e+02
2.647500e+02 2.151000e+02
2.695000e+02 2.136000e+02
2.725000e+02 2.124000e+02
2.755000e+02 2.112000e+02
2.785000e+02 2.100000e+02
2.815000e+02 2.088000e+02
2.845000e+02 2.076000e+02
2.875000e+02 2.064000e+02
2.905000e+02 2.055000e+02
2.935000e+02 2.046000e+02
2.960000e+02 2.040000e+02
2.985000e+02 2.034000e+02
3.010000e+02 2.028000e+02
3.035000e+02 2.022000e+02
3.060000e+02 2.016000e+02
3.085000e+02 2.010000e+02
3.107500e+02 2.004000e+02
3.130000e+02 1.998000e+02
3.155000e+02 1.992000e+02
3.180000e+02 1.986000e+02
3.200000e+02 1.980000e+02
3.220000e+02 1.974000e+02
3.242500e+02 1.971000e+02
3.265000e+02 1.968000e+02
3.300000e+02 1.959000e+02
3.335000e+02 1.950000e+02
3.357500e+02 1.944000e+02
3.380000e+02 1.938000e+02
3.405000e+02 1.932000e+02
3.430000e+02 1.926000e+02
3.450000e+02 1.920000e+02
3.470000e+02 1.914000e+02
3.495000e+02 1.905000e+02
3.520000e+02 1.896000e+02
3.545000e+02 1.890000e+02
3.570000e+02 1.884000e+02
3.595000e+02 1.881000e+02
3.620000e+02 1.878000e+02
3.650000e+02 1.869000e+02
3.680000e+02 1.860000e+02
3.707500e+02 1.854000e+02
3.735000e+02 1.848000e+02
3.762500e+02 1.842000e+02
3.790000e+02 1.836000e+02
3.815000e+02 1.830000e+02
3.840000e+02 1.824000e+02
3.867500e+02 1.818000e+02
3.895000e+02 1.812000e+02
3.920000e+02 1.806000e+02
3.945000e+02 1.800000e+02
3.982500e+02 1.791000e+02
4.020000e+02 1.782000e+02
4.042500e+02 1.776000e+02
4.065000e+02 1.770000e+02
4.077500e+02 1.767000e+02
4.090000e+02 1.764000e+02
4.125000e+02 1.755000e+02
4.160000e+02 1.746000e+02
4.185000e+02 1.740000e+02
4.210000e+02 1.734000e+02
4.232500e+02 1.731000e+02
4.255000e+02 1.728000e+02
4.280000e+02 1.722000e+02
4.305000e+02 1.716000e+02
4.322500e+02 1.710000e+02
4.340000e+02 1.704000e+02
4.355000e+02 1.701000e+02
4.370000e+02 1.698000e+02
4.382500e+02 1.695000e+02
4.395000e+02 1.692000e+02
4.405000e+02 1.689000e+02
4.415000e+02 1.686000e+02
4.425000e+02 1.686000e+02
4.435000e+02 1.686000e+02
4.442500e+02 1.686000e+02
4.450000e+02 1.686000e+02
4.460000e+02 1.680000e+02
4.470000e+02 1.680000e+02
4.480000e+02 1.680000e+02
4.485000e+02 1.680000e+02
4.485000e+02 1.680000e+02
4.490000e+02 1.674000e+02
4.495000e+02 1.674000e+02
4.495000e+02 1.674000e+02
4.495000e+02 1.674000e+02
4.500000e+02 1.680000e+02
4.500000e+02 1.680000e+02
4.500000e+02 1.680000e+02
4.500000e+02 1.680000e+02
