1.605000e+02 3.252000e+02
1.605000e+02 3.252000e+02
1.605000e+02 3.252000e+02
1.612500e+02 3.234000e+02
1.620000e+02 3.216000e+02
1.627500e+02 3.195000e+02
1.635000e+02 3.174000e+02
1.645000e+02 3.147000e+02
1.655000e+02 3.120000e+02
1.662500e+02 3.087000e+02
1.670000e+02 3.054000e+02
1.675000e+02 3.039000e+02
1.680000e+02 3.024000e+02
1.690000e+02 2.985000e+02
1.700000e+02 2.946000e+02
1.710000e+02 2.913000e+02
1.720000e+02 2.880000e+02
1.725000e+02 2.862000e+02
1.730000e+02 2.844000e+02
1.740000e+02 2.805000e+02
1.750000e+02 2.766000e+02
1.757500e+02 2.727000e+02
1.765000e+02 2.688000e+02
1.775000e+02 2.649000e+02
1.785000e+02 2.610000e+02
1.797500e+02 2.565000e+02
1.810000e+02 2.520000e+02
1.815000e+02 2.499000e+02
1.820000e+02 2.478000e+02
1.835000e+02 2.436000e+02
1.850000e+02 2.394000e+02
1.862500e+02 2.352000e+02
1.875000e+02 2.310000e+02
1.887500e+02 2.265000e+02
1.900000e+02 2.220000e+02
1.905000e+02 2.202000e+02
1.910000e+02 2.184000e+02
1.920000e+02 2.142000e+02
1.930000e+02 2.100000e+02
1.940000e+02 2.058000e+02
1.950000e+02 2.016000e+02
1.960000e+02 1.977000e+02
1.970000e+02 1.938000e+02
1.980000e+02 1.902000e+02
1.990000e+02 1.866000e+02
2.000000e+02 1.830000e+02
2.010000e+02 1.794000e+02
2.012500e+02 1.776000e+02
2.015000e+02 1.758000e+02
2.025000e+02 1.722000e+02
2.035000e+02 1.686000e+02
2.045000e+02 1.656000e+02
2.055000e+02 1.626000e+02
2.060000e+02 1.608000e+02
2.065000e+02 1.590000e+02
2.075000e+02 1.560000e+02
2.085000e+02 1.530000e+02
2.095000e+02 1.500000e+02
2.105000e+02 1.470000e+02
2.107500e+02 1.455000e+02
2.110000e+02 1.440000e+02
2.125000e+02 1.398000e+02
2.140000e+02 1.356000e+02
2.147500e+02 1.335000e+02
2.155000e+02 1.314000e+02
2.157500e+02 1.302000e+02
2.160000e+02 1.290000e+02
2.167500e+02 1.269000e+02
2.175000e+02 1.248000e+02
2.177500e+02 1.236000e+02
2.180000e+02 1.224000e+02
2.185000e+02 1.206000e+02
2.190000e+02 1.188000e+02
2.195000e+02 1.173000e+02
2.200000e+02 1.158000e+02
2.207500e+02 1.143000e+02
2.215000e+02 1.128000e+02
2.215000e+02 1.125000e+02
2.215000e+02 1.122000e+02
2.222500e+02 1.110000e+02
2.230000e+02 1.098000e+02
2.235000e+02 1.086000e+02
2.240000e+02 1.074000e+02
2.242500e+02 1.071000e+02
2.245000e+02 1.068000e+02
2.250000e+02 1.059000e+02
2.255000e+02 1.050000e+02
2.257500e+02 1.041000e+02
2.260000e+02 1.032000e+02
2.262500e+02 1.029000e+02
2.265000e+02 1.026000e+02
2.267500e+02 1.023000e+02
2.270000e+02 1.020000e+02
2.275000e+02 1.014000e+02
2.280000e+02 1.008000e+02
2.280000e+02 1.008000e+02
2.280000e+02 1.008000e+02
2.282500e+02 1.005000e+02
2.285000e+02 1.002000e+02
2.287500e+02 1.002000e+02
2.290000e+02 1.002000e+02
2.292500e+02 1.002000e+02
2.295000e+02 1.002000e+02
2.300000e+02 1.005000e+02
2.305000e+02 1.008000e+02
2.310000e+02 1.008000e+02
2.315000e+02 1.008000e+02
2.317500e+02 1.011000e+02
2.320000e+02 1.014000e+02
2.327500e+02 1.020000e+02
2.335000e+02 1.026000e+02
2.342500e+02 1.032000e+02
2.350000e+02 1.038000e+02
2.355000e+02 1.044000e+02
2.360000e+02 1.050000e+02
2.370000e+02 1.059000e+02
2.380000e+02 1.068000e+02
2.390000e+02 1.074000e+02
2.400000e+02 1.080000e+02
2.412500e+02 1.089000e+02
2.425000e+02 1.098000e+02
2.430000e+02 1.104000e+02
2.435000e+02 1.110000e+02
2.440000e+02 1.116000e+02
2.445000e+02 1.122000e+02
2.460000e+02 1.137000e+02
2.475000e+02 1.152000e+02
2.480000e+02 1.161000e+02
2.485000e+02 1.170000e+02
2.500000e+02 1.185000e+02
2.515000e+02 1.200000e+02
2.527500e+02 1.215000e+02
2.540000e+02 1.230000e+02
2.555000e+02 1.248000e+02
2.570000e+02 1.266000e+02
2.577500e+02 1.275000e+02
2.585000e+02 1.284000e+02
2.602500e+02 1.305000e+02
2.620000e+02 1.326000e+02
2.637500e+02 1.344000e+02
2.655000e+02 1.362000e+02
2.672500e+02 1.386000e+02
2.690000e+02 1.410000e+02
2.710000e+02 1.434000e+02
2.730000e+02 1.458000e+02
2.747500e+02 1.482000e+02
2.765000e+02 1.506000e+02
2.775000e+02 1.518000e+02
2.785000e+02 1.530000e+02
2.805000e+02 1.560000e+02
2.825000e+02 1.590000e+02
2.835000e+02 1.605000e+02
2.845000e+02 1.620000e+02
2.865000e+02 1.650000e+02
2.885000e+02 1.680000e+02
2.925000e+02 1.740000e+02
2.965000e+02 1.800000e+02
3.010000e+02 1.872000e+02
3.050000e+02 1.938000e+02
3.095000e+02 2.010000e+02
3.135000e+02 2.076000e+02
3.160000e+02 2.106000e+02
3.205000e+02 2.178000e+02
3.245000e+02 2.244000e+02
3.290000e+02 2.322000e+02
3.335000e+02 2.388000e+02
3.355000e+02 2.424000e+02
3.395000e+02 2.490000e+02
3.415000e+02 2.526000e+02
3.455000e+02 2.592000e+02
3.495000e+02 2.658000e+02
3.515000e+02 2.688000e+02
3.555000e+02 2.754000e+02
3.600000e+02 2.814000e+02
3.615000e+02 2.844000e+02
3.635000e+02 2.874000e+02
3.680000e+02 2.934000e+02
3.720000e+02 2.988000e+02
3.760000e+02 3.036000e+02
3.795000e+02 3.084000e+02
3.835000e+02 3.132000e+02
3.855000e+02 3.156000e+02
3.885000e+02 3.192000e+02
3.915000e+02 3.222000e+02
3.940000e+02 3.246000e+02
3.955000e+02 3.276000e+02
3.975000e+02 3.300000e+02
3.990000e+02 3.324000e+02
4.000000e+02 3.330000e+02
4.005000e+02 3.336000e+02
4.015000e+02 3.348000e+02
4.025000e+02 3.360000e+02
4.025000e+02 3.360000e+02
4.030000e+02 3.366000e+02
4.035000e+02 3.366000e+02
4.035000e+02 3.366000e+02
4.030000e+02 3.366000e+02
4.020000e+02 3.348000e+02
4.010000e+02 3.336000e+02
4.010000e+02 3.336000e+02
