1.185000e+02 2.412000e+02
1.185000e+02 2.412000e+02
1.185000e+02 2.412000e+02
1.185000e+02 2.412000e+02
1.185000e+02 2.412000e+02
1.185000e+02 2.412000e+02
1.185000e+02 2.412000e+02
1.185000e+02 2.412000e+02
1.185000e+02 2.412000e+02
1.186250e+02 2.412000e+02
1.187500e+02 2.412000e+02
1.188750e+02 2.412000e+02
1.190000e+02 2.412000e+02
1.191250e+02 2.412000e+02
1.192500e+02 2.412000e+02
1.193750e+02 2.412000e+02
1.195000e+02 2.412000e+02
1.206250e+02 2.412000e+02
1.217500e+02 2.412000e+02
1.228750e+02 2.412000e+02
1.240000e+02 2.412000e+02
1.253750e+02 2.412000e+02
1.267500e+02 2.412000e+02
1.281250e+02 2.412000e+02
1.295000e+02 2.412000e+02
1.308750e+02 2.410500e+02
1.322500e+02 2.409000e+02
1.336250e+02 2.407500e+02
1.350000e+02 2.406000e+02
1.367500e+02 2.403000e+02
1.385000e+02 2.400000e+02
1.402500e+02 2.397000e+02
1.420000e+02 2.394000e+02
1.438750e+02 2.391000e+02
1.457500e+02 2.388000e+02
1.476250e+02 2.385000e+02
1.495000e+02 2.382000e+02
1.517500e+02 2.380500e+02
1.540000e+02 2.379000e+02
1.562500e+02 2.377500e+02
1.585000e+02 2.376000e+02
1.606250e+02 2.373000e+02
1.627500e+02 2.370000e+02
1.648750e+02 2.367000e+02
1.670000e+02 2.364000e+02
1.703750e+02 2.359500e+02
1.737500e+02 2.355000e+02
1.771250e+02 2.350500e+02
1.805000e+02 2.346000e+02
1.816250e+02 2.346000e+02
1.827500e+02 2.346000e+02
1.838750e+02 2.346000e+02
1.850000e+02 2.346000e+02
1.877500e+02 2.343000e+02
1.905000e+02 2.340000e+02
1.932500e+02 2.337000e+02
1.960000e+02 2.334000e+02
1.972500e+02 2.334000e+02
1.985000e+02 2.334000e+02
1.997500e+02 2.334000e+02
2.010000e+02 2.334000e+02
2.035000e+02 2.332500e+02
2.060000e+02 2.331000e+02
2.085000e+02 2.329500e+02
2.110000e+02 2.328000e+02
2.151250e+02 2.326500e+02
2.192500e+02 2.325000e+02
2.233750e+02 2.323500e+02
2.275000e+02 2.322000e+02
2.287500e+02 2.322000e+02
2.300000e+02 2.322000e+02
2.312500e+02 2.322000e+02
2.325000e+02 2.322000e+02
2.353750e+02 2.322000e+02
2.382500e+02 2.322000e+02
2.411250e+02 2.322000e+02
2.440000e+02 2.322000e+02
2.470000e+02 2.323500e+02
2.500000e+02 2.325000e+02
2.530000e+02 2.326500e+02
2.560000e+02 2.328000e+02
2.586250e+02 2.329500e+02
2.612500e+02 2.331000e+02
2.638750e+02 2.332500e+02
2.665000e+02 2.334000e+02
2.705000e+02 2.337000e+02
2.745000e+02 2.340000e+02
2.785000e+02 2.343000e+02
2.825000e+02 2.346000e+02
2.852500e+02 2.347500e+02
2.880000e+02 2.349000e+02
2.907500e+02 2.350500e+02
2.935000e+02 2.352000e+02
2.975000e+02 2.353500e+02
3.015000e+02 2.355000e+02
3.055000e+02 2.356500e+02
3.095000e+02 2.358000e+02
3.120000e+02 2.358000e+02
3.145000e+02 2.358000e+02
3.170000e+02 2.358000e+02
3.195000e+02 2.358000e+02
3.236250e+02 2.358000e+02
3.277500e+02 2.358000e+02
3.318750e+02 2.358000e+02
3.360000e+02 2.358000e+02
3.386250e+02 2.358000e+02
3.412500e+02 2.358000e+02
3.438750e+02 2.358000e+02
3.465000e+02 2.358000e+02
3.493750e+02 2.358000e+02
3.522500e+02 2.358000e+02
3.551250e+02 2.358000e+02
3.580000e+02 2.358000e+02
3.607500e+02 2.358000e+02
3.635000e+02 2.358000e+02
3.662500e+02 2.358000e+02
3.690000e+02 2.358000e+02
3.727500e+02 2.361000e+02
3.765000e+02 2.364000e+02
3.802500e+02 2.367000e+02
3.840000e+02 2.370000e+02
3.866250e+02 2.370000e+02
3.892500e+02 2.370000e+02
3.918750e+02 2.370000e+02
3.945000e+02 2.370000e+02
3.971250e+02 2.371500e+02
3.997500e+02 2.373000e+02
4.023750e+02 2.374500e+02
4.050000e+02 2.376000e+02
4.063750e+02 2.377500e+02
4.077500e+02 2.379000e+02
4.091250e+02 2.380500e+02
4.105000e+02 2.382000e+02
4.128750e+02 2.382000e+02
4.152500e+02 2.382000e+02
4.176250e+02 2.382000e+02
4.200000e+02 2.382000e+02
4.210000e+02 2.382000e+02
4.220000e+02 2.382000e+02
4.230000e+02 2.382000e+02
4.240000e+02 2.382000e+02
4.262500e+02 2.380500e+02
4.285000e+02 2.379000e+02
4.307500e+02 2.377500e+02
4.330000e+02 2.376000e+02
4.361250e+02 2.374500e+02
4.392500e+02 2.373000e+02
4.423750e+02 2.371500e+02
4.455000e+02 2.370000e+02
4.463750e+02 2.370000e+02
4.472500e+02 2.370000e+02
4.481250e+02 2.370000e+02
4.490000e+02 2.370000e+02
4.511250e+02 2.371500e+02
4.532500e+02 2.373000e+02
4.553750e+02 2.374500e+02
4.575000e+02 2.376000e+02
4.591250e+02 2.376000e+02
4.607500e+02 2.376000e+02
4.623750e+02 2.376000e+02
4.640000e+02 2.376000e+02
4.655000e+02 2.376000e+02
4.670000e+02 2.376000e+02
4.685000e+02 2.376000e+02
4.700000e+02 2.376000e+02
4.711250e+02 2.376000e+02
4.722500e+02 2.376000e+02
4.733750e+02 2.376000e+02
4.745000e+02 2.376000e+02
4.757500e+02 2.376000e+02
4.770000e+02 2.376000e+02
4.782500e+02 2.376000e+02
4.795000e+02 2.376000e+02
4.803750e+02 2.374500e+02
4.812500e+02 2.373000e+02
4.821250e+02 2.371500e+02
4.830000e+02 2.370000e+02
4.837500e+02 2.370000e+02
4.845000e+02 2.370000e+02
4.852500e+02 2.370000e+02
4.860000e+02 2.370000e+02
4.866250e+02 2.368500e+02
4.872500e+02 2.367000e+02
4.878750e+02 2.365500e+02
4.885000e+02 2.364000e+02
4.893750e+02 2.364000e+02
4.902500e+02 2.364000e+02
4.911250e+02 2.364000e+02
4.920000e+02 2.364000e+02
4.923750e+02 2.364000e+02
4.927500e+02 2.364000e+02
4.931250e+02 2.364000e+02
4.935000e+02 2.364000e+02
4.940000e+02 2.364000e+02
4.945000e+02 2.364000e+02
4.955000e+02 2.364000e+02
4.962500e+02 2.364000e+02
4.970000e+02 2.364000e+02
4.970000e+02 2.364000e+02
4.970000e+02 2.364000e+02
