1.385000e+02 2.658000e+02
1.385000e+02 2.658000e+02
1.385000e+02 2.658000e+02
1.385000e+02 2.658000e+02
1.385000e+02 2.658000e+02
1.387500e+02 2.658000e+02
1.390000e+02 2.658000e+02
1.392500e+02 2.658000e+02
1.395000e+02 2.658000e+02
1.402500e+02 2.659500e+02
1.410000e+02 2.661000e+02
1.417500e+02 2.662500e+02
1.425000e+02 2.664000e+02
1.432500e+02 2.665500e+02
1.440000e+02 2.667000e+02
1.447500e+02 2.668500e+02
1.455000e+02 2.670000e+02
1.463750e+02 2.670000e+02
1.472500e+02 2.670000e+02
1.481250e+02 2.670000e+02
1.490000e+02 2.670000e+02
1.501250e+02 2.670000e+02
1.512500e+02 2.670000e+02
1.523750e+02 2.670000e+02
1.535000e+02 2.670000e+02
1.546250e+02 2.670000e+02
1.557500e+02 2.670000e+02
1.568750e+02 2.670000e+02
1.580000e+02 2.670000e+02
1.591250e+02 2.668500e+02
1.602500e+02 2.667000e+02
1.613750e+02 2.665500e+02
1.625000e+02 2.664000e+02
1.640000e+02 2.664000e+02
1.655000e+02 2.664000e+02
1.670000e+02 2.664000e+02
1.685000e+02 2.664000e+02
1.691250e+02 2.664000e+02
1.697500e+02 2.664000e+02
1.703750e+02 2.664000e+02
1.710000e+02 2.664000e+02
1.740000e+02 2.664000e+02
1.770000e+02 2.664000e+02
1.800000e+02 2.664000e+02
1.830000e+02 2.664000e+02
1.847500e+02 2.664000e+02
1.865000e+02 2.664000e+02
1.882500e+02 2.664000e+02
1.900000e+02 2.664000e+02
1.917500e+02 2.664000e+02
1.935000e+02 2.664000e+02
1.952500e+02 2.664000e+02
1.970000e+02 2.664000e+02
1.988750e+02 2.662500e+02
2.007500e+02 2.661000e+02
2.026250e+02 2.659500e+02
2.045000e+02 2.658000e+02
2.062500e+02 2.658000e+02
2.080000e+02 2.658000e+02
2.097500e+02 2.658000e+02
2.115000e+02 2.658000e+02
2.135000e+02 2.659500e+02
2.155000e+02 2.661000e+02
2.175000e+02 2.662500e+02
2.195000e+02 2.664000e+02
2.212500e+02 2.664000e+02
2.230000e+02 2.664000e+02
2.247500e+02 2.664000e+02
2.265000e+02 2.664000e+02
2.286250e+02 2.665500e+02
2.307500e+02 2.667000e+02
2.328750e+02 2.668500e+02
2.350000e+02 2.670000e+02
2.370000e+02 2.671500e+02
2.390000e+02 2.673000e+02
2.410000e+02 2.674500e+02
2.430000e+02 2.676000e+02
2.448750e+02 2.677500e+02
2.467500e+02 2.679000e+02
2.486250e+02 2.680500e+02
2.505000e+02 2.682000e+02
2.526250e+02 2.683500e+02
2.547500e+02 2.685000e+02
2.568750e+02 2.686500e+02
2.590000e+02 2.688000e+02
2.621250e+02 2.692500e+02
2.652500e+02 2.697000e+02
2.683750e+02 2.701500e+02
2.715000e+02 2.706000e+02
2.736250e+02 2.707500e+02
2.757500e+02 2.709000e+02
2.778750e+02 2.710500e+02
2.800000e+02 2.712000e+02
2.828750e+02 2.713500e+02
2.857500e+02 2.715000e+02
2.886250e+02 2.716500e+02
2.915000e+02 2.718000e+02
2.932500e+02 2.719500e+02
2.950000e+02 2.721000e+02
2.967500e+02 2.722500e+02
2.985000e+02 2.724000e+02
3.002500e+02 2.724000e+02
3.020000e+02 2.724000e+02
3.037500e+02 2.724000e+02
3.055000e+02 2.724000e+02
3.071250e+02 2.724000e+02
3.087500e+02 2.724000e+02
3.103750e+02 2.724000e+02
3.120000e+02 2.724000e+02
3.137500e+02 2.724000e+02
3.155000e+02 2.724000e+02
3.172500e+02 2.724000e+02
3.190000e+02 2.724000e+02
3.203750e+02 2.724000e+02
3.217500e+02 2.724000e+02
3.245000e+02 2.724000e+02
3.290000e+02 2.724000e+02
3.335000e+02 2.724000e+02
3.380000e+02 2.721000e+02
3.425000e+02 2.718000e+02
3.467500e+02 2.718000e+02
3.510000e+02 2.718000e+02
3.525000e+02 2.715000e+02
3.540000e+02 2.712000e+02
3.555000e+02 2.712000e+02
3.570000e+02 2.712000e+02
3.597500e+02 2.712000e+02
3.625000e+02 2.712000e+02
3.655000e+02 2.712000e+02
3.685000e+02 2.712000e+02
3.727500e+02 2.706000e+02
3.770000e+02 2.700000e+02
3.782500e+02 2.697000e+02
3.795000e+02 2.694000e+02
3.822500e+02 2.688000e+02
3.850000e+02 2.682000e+02
3.865000e+02 2.679000e+02
3.880000e+02 2.676000e+02
3.907500e+02 2.670000e+02
3.935000e+02 2.664000e+02
3.960000e+02 2.652000e+02
3.985000e+02 2.640000e+02
4.015000e+02 2.631000e+02
4.045000e+02 2.622000e+02
4.070000e+02 2.613000e+02
4.095000e+02 2.604000e+02
4.125000e+02 2.592000e+02
4.155000e+02 2.580000e+02
4.180000e+02 2.571000e+02
4.205000e+02 2.562000e+02
4.232500e+02 2.550000e+02
4.260000e+02 2.538000e+02
4.285000e+02 2.529000e+02
4.310000e+02 2.520000e+02
4.335000e+02 2.517000e+02
4.360000e+02 2.514000e+02
4.372500e+02 2.511000e+02
4.385000e+02 2.508000e+02
4.410000e+02 2.505000e+02
4.435000e+02 2.502000e+02
4.472500e+02 2.502000e+02
4.510000e+02 2.502000e+02
4.522500e+02 2.505000e+02
4.535000e+02 2.508000e+02
4.567500e+02 2.514000e+02
4.600000e+02 2.520000e+02
4.610000e+02 2.523000e+02
4.620000e+02 2.526000e+02
4.645000e+02 2.532000e+02
4.670000e+02 2.538000e+02
4.690000e+02 2.544000e+02
4.710000e+02 2.550000e+02
4.740000e+02 2.562000e+02
4.770000e+02 2.574000e+02
4.790000e+02 2.580000e+02
4.810000e+02 2.586000e+02
4.817500e+02 2.589000e+02
4.825000e+02 2.592000e+02
4.840000e+02 2.598000e+02
4.855000e+02 2.604000e+02
4.880000e+02 2.613000e+02
4.905000e+02 2.622000e+02
4.920000e+02 2.625000e+02
4.935000e+02 2.628000e+02
4.950000e+02 2.634000e+02
4.965000e+02 2.640000e+02
4.972500e+02 2.643000e+02
4.980000e+02 2.646000e+02
4.987500e+02 2.646000e+02
4.995000e+02 2.646000e+02
5.000000e+02 2.649000e+02
5.005000e+02 2.652000e+02
5.015000e+02 2.652000e+02
5.025000e+02 2.652000e+02
5.027500e+02 2.652000e+02
5.030000e+02 2.652000e+02
5.035000e+02 2.652000e+02
5.040000e+02 2.652000e+02
5.040000e+02 2.652000e+02
5.040000e+02 2.652000e+02
