3.180000e+02 1.644000e+02
3.175000e+02 1.635000e+02
3.170000e+02 1.626000e+02
3.165000e+02 1.620000e+02
3.160000e+02 1.614000e+02
3.152500e+02 1.608000e+02
3.145000e+02 1.602000e+02
3.140000e+02 1.599000e+02
3.135000e+02 1.596000e+02
3.125000e+02 1.590000e+02
3.115000e+02 1.584000e+02
3.102500e+02 1.581000e+02
3.090000e+02 1.578000e+02
3.080000e+02 1.575000e+02
3.070000e+02 1.572000e+02
3.052500e+02 1.569000e+02
3.035000e+02 1.566000e+02
3.015000e+02 1.566000e+02
2.995000e+02 1.566000e+02
2.985000e+02 1.566000e+02
2.975000e+02 1.566000e+02
2.950000e+02 1.569000e+02
2.925000e+02 1.572000e+02
2.912500e+02 1.572000e+02
2.900000e+02 1.572000e+02
2.872500e+02 1.578000e+02
2.845000e+02 1.584000e+02
2.817500e+02 1.590000e+02
2.790000e+02 1.596000e+02
2.777500e+02 1.602000e+02
2.765000e+02 1.608000e+02
2.735000e+02 1.617000e+02
2.705000e+02 1.626000e+02
2.677500e+02 1.638000e+02
2.650000e+02 1.650000e+02
2.607500e+02 1.668000e+02
2.565000e+02 1.686000e+02
2.537500e+02 1.695000e+02
2.510000e+02 1.704000e+02
2.482500e+02 1.719000e+02
2.455000e+02 1.734000e+02
2.440000e+02 1.740000e+02
2.425000e+02 1.746000e+02
2.397500e+02 1.764000e+02
2.370000e+02 1.782000e+02
2.355000e+02 1.791000e+02
2.340000e+02 1.800000e+02
2.315000e+02 1.815000e+02
2.290000e+02 1.830000e+02
2.265000e+02 1.848000e+02
2.240000e+02 1.866000e+02
2.230000e+02 1.878000e+02
2.220000e+02 1.890000e+02
2.197500e+02 1.911000e+02
2.175000e+02 1.932000e+02
2.165000e+02 1.941000e+02
2.155000e+02 1.950000e+02
2.137500e+02 1.968000e+02
2.120000e+02 1.986000e+02
2.107500e+02 2.007000e+02
2.095000e+02 2.028000e+02
2.090000e+02 2.037000e+02
2.085000e+02 2.046000e+02
2.075000e+02 2.070000e+02
2.065000e+02 2.094000e+02
2.057500e+02 2.112000e+02
2.050000e+02 2.130000e+02
2.047500e+02 2.142000e+02
2.045000e+02 2.154000e+02
2.040000e+02 2.178000e+02
2.035000e+02 2.202000e+02
2.032500e+02 2.226000e+02
2.030000e+02 2.250000e+02
2.027500e+02 2.259000e+02
2.025000e+02 2.268000e+02
2.025000e+02 2.292000e+02
2.025000e+02 2.316000e+02
2.027500e+02 2.343000e+02
2.030000e+02 2.370000e+02
2.032500e+02 2.379000e+02
2.035000e+02 2.388000e+02
2.037500e+02 2.412000e+02
2.040000e+02 2.436000e+02
2.047500e+02 2.466000e+02
2.055000e+02 2.496000e+02
2.057500e+02 2.508000e+02
2.060000e+02 2.520000e+02
2.070000e+02 2.547000e+02
2.080000e+02 2.574000e+02
2.085000e+02 2.586000e+02
2.090000e+02 2.598000e+02
2.102500e+02 2.625000e+02
2.115000e+02 2.652000e+02
2.130000e+02 2.676000e+02
2.145000e+02 2.700000e+02
2.152500e+02 2.712000e+02
2.160000e+02 2.724000e+02
2.175000e+02 2.748000e+02
2.190000e+02 2.772000e+02
2.210000e+02 2.796000e+02
2.230000e+02 2.820000e+02
2.237500e+02 2.832000e+02
2.245000e+02 2.844000e+02
2.265000e+02 2.865000e+02
2.285000e+02 2.886000e+02
2.305000e+02 2.904000e+02
2.350000e+02 2.946000e+02
2.395000e+02 2.994000e+02
2.445000e+02 3.030000e+02
2.470000e+02 3.048000e+02
2.525000e+02 3.078000e+02
2.580000e+02 3.108000e+02
2.610000e+02 3.126000e+02
2.670000e+02 3.156000e+02
2.730000e+02 3.180000e+02
2.765000e+02 3.186000e+02
2.830000e+02 3.204000e+02
2.860000e+02 3.210000e+02
2.925000e+02 3.216000e+02
2.990000e+02 3.222000e+02
3.060000e+02 3.228000e+02
3.090000e+02 3.222000e+02
3.160000e+02 3.216000e+02
3.225000e+02 3.210000e+02
3.260000e+02 3.198000e+02
3.325000e+02 3.180000e+02
3.360000e+02 3.174000e+02
3.420000e+02 3.150000e+02
3.485000e+02 3.126000e+02
3.515000e+02 3.120000e+02
3.580000e+02 3.096000e+02
3.640000e+02 3.072000e+02
3.705000e+02 3.036000e+02
3.735000e+02 3.018000e+02
3.790000e+02 2.982000e+02
3.820000e+02 2.964000e+02
3.880000e+02 2.922000e+02
3.940000e+02 2.874000e+02
3.965000e+02 2.856000e+02
4.025000e+02 2.814000e+02
4.080000e+02 2.766000e+02
4.110000e+02 2.742000e+02
4.160000e+02 2.694000e+02
4.185000e+02 2.676000e+02
4.235000e+02 2.628000e+02
4.275000e+02 2.580000e+02
4.310000e+02 2.538000e+02
4.330000e+02 2.514000e+02
4.355000e+02 2.466000e+02
4.380000e+02 2.424000e+02
4.385000e+02 2.400000e+02
4.400000e+02 2.364000e+02
4.405000e+02 2.316000e+02
4.410000e+02 2.298000e+02
4.410000e+02 2.256000e+02
4.410000e+02 2.232000e+02
4.405000e+02 2.196000e+02
4.395000e+02 2.154000e+02
4.385000e+02 2.136000e+02
4.370000e+02 2.094000e+02
4.350000e+02 2.064000e+02
4.340000e+02 2.046000e+02
4.315000e+02 2.010000e+02
4.285000e+02 1.968000e+02
4.265000e+02 1.950000e+02
4.230000e+02 1.920000e+02
4.185000e+02 1.890000e+02
4.145000e+02 1.866000e+02
4.120000e+02 1.848000e+02
4.070000e+02 1.818000e+02
4.020000e+02 1.788000e+02
3.995000e+02 1.776000e+02
3.935000e+02 1.752000e+02
3.875000e+02 1.728000e+02
3.840000e+02 1.722000e+02
3.785000e+02 1.704000e+02
3.725000e+02 1.692000e+02
3.695000e+02 1.686000e+02
3.640000e+02 1.680000e+02
3.585000e+02 1.668000e+02
3.555000e+02 1.662000e+02
3.505000e+02 1.650000e+02
3.455000e+02 1.644000e+02
3.430000e+02 1.638000e+02
3.385000e+02 1.632000e+02
3.345000e+02 1.626000e+02
3.325000e+02 1.626000e+02
3.290000e+02 1.626000e+02
3.260000e+02 1.620000e+02
3.245000e+02 1.620000e+02
3.225000e+02 1.620000e+02
3.215000e+02 1.620000e+02
3.205000e+02 1.620000e+02
3.195000e+02 1.626000e+02
3.190000e+02 1.626000e+02
3.185000e+02 1.626000e+02
3.175000e+02 1.638000e+02
3.165000e+02 1.644000e+02
3.165000e+02 1.644000e+02
3.165000e+02 1.644000e+02
