2.290000e+02 1.062000e+02
2.290000e+02 1.062000e+02
2.290000e+02 1.062000e+02
2.290000e+02 1.062000e+02
2.290000e+02 1.062000e+02
2.290000e+02 1.062000e+02
2.290000e+02 1.062000e+02
2.290000e+02 1.062000e+02
2.290000e+02 1.062000e+02
2.290000e+02 1.063500e+02
2.290000e+02 1.065000e+02
2.290000e+02 1.066500e+02
2.290000e+02 1.068000e+02
2.290000e+02 1.069500e+02
2.290000e+02 1.071000e+02
2.290000e+02 1.072500e+02
2.290000e+02 1.074000e+02
2.291250e+02 1.083000e+02
2.292500e+02 1.092000e+02
2.293750e+02 1.101000e+02
2.295000e+02 1.110000e+02
2.298750e+02 1.128000e+02
2.302500e+02 1.146000e+02
2.306250e+02 1.164000e+02
2.310000e+02 1.182000e+02
2.312500e+02 1.197000e+02
2.315000e+02 1.212000e+02
2.317500e+02 1.227000e+02
2.320000e+02 1.242000e+02
2.323750e+02 1.257000e+02
2.327500e+02 1.272000e+02
2.331250e+02 1.287000e+02
2.335000e+02 1.302000e+02
2.337500e+02 1.317000e+02
2.340000e+02 1.332000e+02
2.342500e+02 1.347000e+02
2.345000e+02 1.362000e+02
2.348750e+02 1.378500e+02
2.352500e+02 1.395000e+02
2.356250e+02 1.411500e+02
2.360000e+02 1.428000e+02
2.361250e+02 1.441500e+02
2.362500e+02 1.455000e+02
2.363750e+02 1.468500e+02
2.365000e+02 1.482000e+02
2.367500e+02 1.495500e+02
2.370000e+02 1.509000e+02
2.372500e+02 1.522500e+02
2.375000e+02 1.536000e+02
2.377500e+02 1.549500e+02
2.380000e+02 1.563000e+02
2.382500e+02 1.576500e+02
2.385000e+02 1.590000e+02
2.386250e+02 1.608000e+02
2.387500e+02 1.626000e+02
2.388750e+02 1.644000e+02
2.390000e+02 1.662000e+02
2.392500e+02 1.681500e+02
2.395000e+02 1.701000e+02
2.397500e+02 1.720500e+02
2.400000e+02 1.740000e+02
2.401250e+02 1.753500e+02
2.402500e+02 1.767000e+02
2.403750e+02 1.780500e+02
2.405000e+02 1.794000e+02
2.406250e+02 1.807500e+02
2.407500e+02 1.821000e+02
2.408750e+02 1.834500e+02
2.410000e+02 1.848000e+02
2.411250e+02 1.869000e+02
2.412500e+02 1.890000e+02
2.413750e+02 1.911000e+02
2.415000e+02 1.932000e+02
2.417500e+02 1.951500e+02
2.420000e+02 1.971000e+02
2.422500e+02 1.990500e+02
2.425000e+02 2.010000e+02
2.426250e+02 2.031000e+02
2.427500e+02 2.052000e+02
2.428750e+02 2.073000e+02
2.430000e+02 2.094000e+02
2.431250e+02 2.107500e+02
2.432500e+02 2.121000e+02
2.433750e+02 2.134500e+02
2.435000e+02 2.148000e+02
2.436250e+02 2.163000e+02
2.437500e+02 2.178000e+02
2.438750e+02 2.193000e+02
2.440000e+02 2.208000e+02
2.441250e+02 2.221500e+02
2.442500e+02 2.235000e+02
2.443750e+02 2.248500e+02
2.445000e+02 2.262000e+02
2.446250e+02 2.275500e+02
2.447500e+02 2.289000e+02
2.448750e+02 2.302500e+02
2.450000e+02 2.316000e+02
2.451250e+02 2.331000e+02
2.452500e+02 2.346000e+02
2.453750e+02 2.361000e+02
2.455000e+02 2.376000e+02
2.456250e+02 2.389500e+02
2.457500e+02 2.403000e+02
2.458750e+02 2.416500e+02
2.460000e+02 2.430000e+02
2.460000e+02 2.443500e+02
2.460000e+02 2.457000e+02
2.460000e+02 2.470500e+02
2.460000e+02 2.484000e+02
2.461250e+02 2.497500e+02
2.462500e+02 2.511000e+02
2.463750e+02 2.524500e+02
2.465000e+02 2.538000e+02
2.466250e+02 2.550000e+02
2.467500e+02 2.562000e+02
2.468750e+02 2.574000e+02
2.470000e+02 2.586000e+02
2.472500e+02 2.607000e+02
2.475000e+02 2.628000e+02
2.477500e+02 2.649000e+02
2.480000e+02 2.670000e+02
2.481250e+02 2.683500e+02
2.482500e+02 2.697000e+02
2.485000e+02 2.724000e+02
2.487500e+02 2.763000e+02
2.490000e+02 2.802000e+02
2.492500e+02 2.835000e+02
2.495000e+02 2.868000e+02
2.497500e+02 2.892000e+02
2.500000e+02 2.916000e+02
2.505000e+02 2.943000e+02
2.510000e+02 2.970000e+02
2.512500e+02 2.991000e+02
2.515000e+02 3.012000e+02
2.517500e+02 3.033000e+02
2.520000e+02 3.054000e+02
2.522500e+02 3.078000e+02
2.525000e+02 3.102000e+02
2.530000e+02 3.123000e+02
2.535000e+02 3.144000e+02
2.537500e+02 3.162000e+02
2.540000e+02 3.180000e+02
2.542500e+02 3.201000e+02
2.545000e+02 3.222000e+02
2.550000e+02 3.243000e+02
2.555000e+02 3.264000e+02
2.557500e+02 3.282000e+02
2.560000e+02 3.300000e+02
2.567500e+02 3.330000e+02
2.575000e+02 3.360000e+02
2.580000e+02 3.381000e+02
2.585000e+02 3.402000e+02
2.587500e+02 3.423000e+02
2.590000e+02 3.444000e+02
2.595000e+02 3.465000e+02
2.600000e+02 3.486000e+02
2.602500e+02 3.510000e+02
2.605000e+02 3.534000e+02
2.610000e+02 3.558000e+02
2.615000e+02 3.582000e+02
2.620000e+02 3.612000e+02
2.625000e+02 3.642000e+02
2.627500e+02 3.666000e+02
2.630000e+02 3.690000e+02
2.632500e+02 3.711000e+02
2.635000e+02 3.732000e+02
2.637500e+02 3.750000e+02
2.640000e+02 3.768000e+02
2.640000e+02 3.789000e+02
2.640000e+02 3.810000e+02
2.642500e+02 3.828000e+02
2.645000e+02 3.846000e+02
2.645000e+02 3.864000e+02
2.645000e+02 3.882000e+02
2.647500e+02 3.900000e+02
2.650000e+02 3.918000e+02
2.650000e+02 3.930000e+02
2.650000e+02 3.942000e+02
2.650000e+02 3.957000e+02
2.650000e+02 3.972000e+02
2.650000e+02 3.984000e+02
2.650000e+02 3.996000e+02
2.650000e+02 4.008000e+02
2.650000e+02 4.020000e+02
2.650000e+02 4.032000e+02
2.650000e+02 4.044000e+02
2.650000e+02 4.056000e+02
2.650000e+02 4.068000e+02
2.650000e+02 4.077000e+02
2.650000e+02 4.086000e+02
2.650000e+02 4.095000e+02
2.650000e+02 4.104000e+02
2.650000e+02 4.110000e+02
2.650000e+02 4.116000e+02
2.650000e+02 4.122000e+02
2.650000e+02 4.128000e+02
2.650000e+02 4.152000e+02
2.650000e+02 4.176000e+02
2.650000e+02 4.176000e+02
2.650000e+02 4.176000e+02
