9.750000e+01 2.706000e+02
9.750000e+01 2.706000e+02
9.750000e+01 2.706000e+02
9.750000e+01 2.706000e+02
9.750000e+01 2.706000e+02
9.850000e+01 2.703000e+02
9.950000e+01 2.700000e+02
1.005000e+02 2.697000e+02
1.015000e+02 2.694000e+02
1.025000e+02 2.689500e+02
1.035000e+02 2.685000e+02
1.045000e+02 2.680500e+02
1.055000e+02 2.676000e+02
1.066250e+02 2.673000e+02
1.077500e+02 2.670000e+02
1.088750e+02 2.667000e+02
1.100000e+02 2.664000e+02
1.115000e+02 2.662500e+02
1.130000e+02 2.661000e+02
1.145000e+02 2.659500e+02
1.160000e+02 2.658000e+02
1.172500e+02 2.655000e+02
1.185000e+02 2.652000e+02
1.197500e+02 2.649000e+02
1.210000e+02 2.646000e+02
1.225000e+02 2.643000e+02
1.240000e+02 2.640000e+02
1.255000e+02 2.637000e+02
1.270000e+02 2.634000e+02
1.286250e+02 2.634000e+02
1.302500e+02 2.634000e+02
1.318750e+02 2.634000e+02
1.335000e+02 2.634000e+02
1.352500e+02 2.632500e+02
1.370000e+02 2.631000e+02
1.387500e+02 2.629500e+02
1.405000e+02 2.628000e+02
1.420000e+02 2.628000e+02
1.435000e+02 2.628000e+02
1.465000e+02 2.628000e+02
1.500000e+02 2.628000e+02
1.535000e+02 2.628000e+02
1.565000e+02 2.625000e+02
1.595000e+02 2.622000e+02
1.632500e+02 2.622000e+02
1.670000e+02 2.622000e+02
1.705000e+02 2.622000e+02
1.740000e+02 2.622000e+02
1.777500e+02 2.622000e+02
1.815000e+02 2.622000e+02
1.830000e+02 2.622000e+02
1.845000e+02 2.622000e+02
1.882500e+02 2.622000e+02
1.920000e+02 2.622000e+02
1.957500e+02 2.625000e+02
1.995000e+02 2.628000e+02
2.015000e+02 2.628000e+02
2.035000e+02 2.628000e+02
2.095000e+02 2.631000e+02
2.155000e+02 2.634000e+02
2.187500e+02 2.634000e+02
2.220000e+02 2.634000e+02
2.240000e+02 2.637000e+02
2.260000e+02 2.640000e+02
2.292500e+02 2.643000e+02
2.325000e+02 2.646000e+02
2.357500e+02 2.649000e+02
2.390000e+02 2.652000e+02
2.425000e+02 2.658000e+02
2.460000e+02 2.664000e+02
2.490000e+02 2.667000e+02
2.520000e+02 2.670000e+02
2.565000e+02 2.676000e+02
2.610000e+02 2.682000e+02
2.660000e+02 2.688000e+02
2.710000e+02 2.694000e+02
2.747500e+02 2.700000e+02
2.785000e+02 2.706000e+02
2.815000e+02 2.706000e+02
2.845000e+02 2.706000e+02
2.880000e+02 2.709000e+02
2.915000e+02 2.712000e+02
2.947500e+02 2.712000e+02
2.980000e+02 2.712000e+02
3.015000e+02 2.715000e+02
3.050000e+02 2.718000e+02
3.087500e+02 2.718000e+02
3.125000e+02 2.718000e+02
3.157500e+02 2.718000e+02
3.190000e+02 2.718000e+02
3.222500e+02 2.718000e+02
3.255000e+02 2.718000e+02
3.287500e+02 2.718000e+02
3.320000e+02 2.718000e+02
3.352500e+02 2.718000e+02
3.385000e+02 2.718000e+02
3.417500e+02 2.718000e+02
3.450000e+02 2.718000e+02
3.482500e+02 2.718000e+02
3.515000e+02 2.718000e+02
3.542500e+02 2.718000e+02
3.570000e+02 2.718000e+02
3.615000e+02 2.715000e+02
3.660000e+02 2.712000e+02
3.675000e+02 2.712000e+02
3.690000e+02 2.712000e+02
3.720000e+02 2.712000e+02
3.750000e+02 2.712000e+02
3.795000e+02 2.709000e+02
3.840000e+02 2.706000e+02
3.870000e+02 2.706000e+02
3.900000e+02 2.706000e+02
3.927500e+02 2.703000e+02
3.955000e+02 2.700000e+02
3.985000e+02 2.700000e+02
4.015000e+02 2.700000e+02
4.042500e+02 2.697000e+02
4.070000e+02 2.694000e+02
4.097500e+02 2.691000e+02
4.125000e+02 2.688000e+02
4.152500e+02 2.688000e+02
4.180000e+02 2.688000e+02
4.207500e+02 2.685000e+02
4.235000e+02 2.682000e+02
4.265000e+02 2.679000e+02
4.295000e+02 2.676000e+02
4.320000e+02 2.673000e+02
4.345000e+02 2.670000e+02
4.372500e+02 2.670000e+02
4.400000e+02 2.670000e+02
4.425000e+02 2.667000e+02
4.450000e+02 2.664000e+02
4.460000e+02 2.664000e+02
4.470000e+02 2.664000e+02
4.495000e+02 2.661000e+02
4.520000e+02 2.658000e+02
4.542500e+02 2.655000e+02
4.565000e+02 2.652000e+02
4.585000e+02 2.652000e+02
4.605000e+02 2.652000e+02
4.625000e+02 2.652000e+02
4.645000e+02 2.652000e+02
4.665000e+02 2.649000e+02
4.685000e+02 2.646000e+02
4.702500e+02 2.646000e+02
4.720000e+02 2.646000e+02
4.737500e+02 2.646000e+02
4.755000e+02 2.646000e+02
4.772500e+02 2.646000e+02
4.790000e+02 2.646000e+02
4.812500e+02 2.646000e+02
4.835000e+02 2.646000e+02
4.840000e+02 2.646000e+02
4.845000e+02 2.646000e+02
4.857500e+02 2.646000e+02
4.870000e+02 2.646000e+02
4.882500e+02 2.646000e+02
4.895000e+02 2.646000e+02
4.902500e+02 2.646000e+02
4.910000e+02 2.646000e+02
4.915000e+02 2.646000e+02
4.920000e+02 2.646000e+02
4.927500e+02 2.646000e+02
4.935000e+02 2.646000e+02
4.937500e+02 2.646000e+02
4.940000e+02 2.646000e+02
4.945000e+02 2.646000e+02
4.950000e+02 2.646000e+02
4.955000e+02 2.646000e+02
4.960000e+02 2.646000e+02
4.962500e+02 2.649000e+02
4.965000e+02 2.652000e+02
4.967500e+02 2.652000e+02
4.970000e+02 2.652000e+02
4.972500e+02 2.652000e+02
4.975000e+02 2.652000e+02
4.977500e+02 2.652000e+02
4.980000e+02 2.652000e+02
4.982500e+02 2.652000e+02
4.985000e+02 2.652000e+02
4.985000e+02 2.652000e+02
4.985000e+02 2.652000e+02
4.987500e+02 2.652000e+02
4.990000e+02 2.652000e+02
4.990000e+02 2.652000e+02
4.990000e+02 2.652000e+02
4.992500e+02 2.652000e+02
4.995000e+02 2.652000e+02
4.995000e+02 2.655000e+02
4.995000e+02 2.658000e+02
4.995000e+02 2.658000e+02
4.995000e+02 2.658000e+02
4.997500e+02 2.658000e+02
5.000000e+02 2.658000e+02
5.000000e+02 2.658000e+02
5.000000e+02 2.658000e+02
5.000000e+02 2.661000e+02
5.000000e+02 2.664000e+02
5.000000e+02 2.664000e+02
5.000000e+02 2.664000e+02
