5.040000e+02 8.700000e+01
5.040000e+02 8.700000e+01
5.040000e+02 8.700000e+01
5.040000e+02 8.700000e+01
5.040000e+02 8.700000e+01
5.040000e+02 8.700000e+01
5.040000e+02 8.700000e+01
5.040000e+02 8.700000e+01
5.040000e+02 8.700000e+01
5.040000e+02 8.700000e+01
5.040000e+02 8.700000e+01
5.040000e+02 8.700000e+01
5.040000e+02 8.700000e+01
5.040000e+02 8.700000e+01
5.040000e+02 8.700000e+01
5.040000e+02 8.700000e+01
5.040000e+02 8.700000e+01
5.038750e+02 8.700000e+01
5.037500e+02 8.700000e+01
5.036250e+02 8.700000e+01
5.035000e+02 8.700000e+01
5.035000e+02 8.700000e+01
5.035000e+02 8.700000e+01
5.035000e+02 8.700000e+01
5.035000e+02 8.700000e+01
5.035000e+02 8.700000e+01
5.035000e+02 8.700000e+01
5.035000e+02 8.700000e+01
5.035000e+02 8.700000e+01
5.033750e+02 8.730000e+01
5.032500e+02 8.760000e+01
5.031250e+02 8.790000e+01
5.030000e+02 8.820000e+01
5.028750e+02 8.820000e+01
5.027500e+02 8.820000e+01
5.026250e+02 8.820000e+01
5.025000e+02 8.820000e+01
5.023750e+02 8.865000e+01
5.022500e+02 8.910000e+01
5.021250e+02 8.955000e+01
5.020000e+02 9.000000e+01
5.018750e+02 9.045000e+01
5.017500e+02 9.090000e+01
5.016250e+02 9.135000e+01
5.015000e+02 9.180000e+01
5.015000e+02 9.225000e+01
5.015000e+02 9.270000e+01
5.015000e+02 9.315000e+01
5.015000e+02 9.360000e+01
5.013750e+02 9.420000e+01
5.012500e+02 9.480000e+01
5.011250e+02 9.540000e+01
5.010000e+02 9.600000e+01
5.008750e+02 9.675000e+01
5.007500e+02 9.750000e+01
5.006250e+02 9.825000e+01
5.005000e+02 9.900000e+01
5.003750e+02 9.990000e+01
5.002500e+02 1.008000e+02
5.001250e+02 1.017000e+02
5.000000e+02 1.026000e+02
4.998750e+02 1.033500e+02
4.997500e+02 1.041000e+02
4.996250e+02 1.048500e+02
4.995000e+02 1.056000e+02
4.993750e+02 1.063500e+02
4.992500e+02 1.071000e+02
4.991250e+02 1.078500e+02
4.990000e+02 1.086000e+02
4.990000e+02 1.096500e+02
4.990000e+02 1.107000e+02
4.990000e+02 1.117500e+02
4.990000e+02 1.128000e+02
4.988750e+02 1.135500e+02
4.987500e+02 1.143000e+02
4.986250e+02 1.150500e+02
4.985000e+02 1.158000e+02
4.983750e+02 1.165500e+02
4.982500e+02 1.173000e+02
4.981250e+02 1.180500e+02
4.980000e+02 1.188000e+02
4.980000e+02 1.195500e+02
4.980000e+02 1.203000e+02
4.980000e+02 1.210500e+02
4.980000e+02 1.218000e+02
4.978750e+02 1.227000e+02
4.977500e+02 1.236000e+02
4.976250e+02 1.245000e+02
4.975000e+02 1.254000e+02
4.973750e+02 1.264500e+02
4.972500e+02 1.275000e+02
4.971250e+02 1.285500e+02
4.970000e+02 1.296000e+02
4.968750e+02 1.305000e+02
4.967500e+02 1.314000e+02
4.966250e+02 1.323000e+02
4.965000e+02 1.332000e+02
4.965000e+02 1.341000e+02
4.965000e+02 1.350000e+02
4.965000e+02 1.359000e+02
4.965000e+02 1.368000e+02
4.963750e+02 1.377000e+02
4.962500e+02 1.386000e+02
4.960000e+02 1.404000e+02
4.955000e+02 1.431000e+02
4.950000e+02 1.458000e+02
4.950000e+02 1.473000e+02
4.950000e+02 1.488000e+02
4.947500e+02 1.500000e+02
4.945000e+02 1.512000e+02
4.942500e+02 1.527000e+02
4.940000e+02 1.542000e+02
4.937500e+02 1.563000e+02
4.935000e+02 1.584000e+02
4.932500e+02 1.602000e+02
4.930000e+02 1.620000e+02
4.930000e+02 1.635000e+02
4.930000e+02 1.650000e+02
4.927500e+02 1.665000e+02
4.925000e+02 1.680000e+02
4.922500e+02 1.701000e+02
4.920000e+02 1.722000e+02
4.917500e+02 1.740000e+02
4.915000e+02 1.758000e+02
4.915000e+02 1.782000e+02
4.915000e+02 1.806000e+02
4.912500e+02 1.824000e+02
4.910000e+02 1.842000e+02
4.907500e+02 1.866000e+02
4.905000e+02 1.890000e+02
4.905000e+02 1.908000e+02
4.905000e+02 1.926000e+02
4.905000e+02 1.938000e+02
4.905000e+02 1.950000e+02
4.905000e+02 1.965000e+02
4.905000e+02 1.980000e+02
4.905000e+02 1.998000e+02
4.905000e+02 2.016000e+02
4.905000e+02 2.037000e+02
4.905000e+02 2.058000e+02
4.905000e+02 2.073000e+02
4.905000e+02 2.088000e+02
4.905000e+02 2.109000e+02
4.905000e+02 2.130000e+02
4.902500e+02 2.160000e+02
4.900000e+02 2.190000e+02
4.900000e+02 2.214000e+02
4.900000e+02 2.238000e+02
4.900000e+02 2.250000e+02
4.900000e+02 2.262000e+02
4.897500e+02 2.274000e+02
4.895000e+02 2.286000e+02
4.895000e+02 2.304000e+02
4.895000e+02 2.322000e+02
4.895000e+02 2.340000e+02
4.895000e+02 2.358000e+02
4.895000e+02 2.376000e+02
4.895000e+02 2.394000e+02
4.895000e+02 2.409000e+02
4.895000e+02 2.424000e+02
4.897500e+02 2.445000e+02
4.900000e+02 2.466000e+02
4.900000e+02 2.481000e+02
4.900000e+02 2.496000e+02
4.900000e+02 2.511000e+02
4.900000e+02 2.526000e+02
4.900000e+02 2.535000e+02
4.900000e+02 2.544000e+02
4.900000e+02 2.553000e+02
4.900000e+02 2.562000e+02
4.902500e+02 2.568000e+02
4.905000e+02 2.574000e+02
4.905000e+02 2.580000e+02
4.905000e+02 2.586000e+02
4.905000e+02 2.592000e+02
4.905000e+02 2.598000e+02
4.905000e+02 2.604000e+02
4.905000e+02 2.610000e+02
4.905000e+02 2.616000e+02
4.905000e+02 2.622000e+02
4.905000e+02 2.625000e+02
4.905000e+02 2.628000e+02
4.905000e+02 2.631000e+02
4.905000e+02 2.634000e+02
4.905000e+02 2.640000e+02
4.905000e+02 2.646000e+02
4.905000e+02 2.649000e+02
4.905000e+02 2.652000e+02
4.905000e+02 2.655000e+02
4.905000e+02 2.658000e+02
4.905000e+02 2.661000e+02
4.905000e+02 2.664000e+02
4.905000e+02 2.664000e+02
4.905000e+02 2.664000e+02
4.902500e+02 2.664000e+02
4.900000e+02 2.664000e+02
4.900000e+02 2.664000e+02
4.900000e+02 2.664000e+02
4.900000e+02 2.664000e+02
4.900000e+02 2.664000e+02
