5.570000e+02 2.802000e+02
5.570000e+02 2.802000e+02
5.570000e+02 2.802000e+02
5.570000e+02 2.802000e+02
5.567500e+02 2.802000e+02
5.565000e+02 2.802000e+02
5.562500e+02 2.799000e+02
5.560000e+02 2.796000e+02
5.555000e+02 2.796000e+02
5.550000e+02 2.796000e+02
5.537500e+02 2.793000e+02
5.525000e+02 2.790000e+02
5.512500e+02 2.790000e+02
5.500000e+02 2.790000e+02
5.482500e+02 2.787000e+02
5.465000e+02 2.784000e+02
5.455000e+02 2.784000e+02
5.445000e+02 2.784000e+02
5.412500e+02 2.781000e+02
5.380000e+02 2.778000e+02
5.330000e+02 2.778000e+02
5.280000e+02 2.778000e+02
5.250000e+02 2.778000e+02
5.220000e+02 2.778000e+02
5.190000e+02 2.778000e+02
5.160000e+02 2.778000e+02
5.127500e+02 2.778000e+02
5.095000e+02 2.778000e+02
5.065000e+02 2.775000e+02
5.035000e+02 2.772000e+02
5.000000e+02 2.772000e+02
4.965000e+02 2.772000e+02
4.932500e+02 2.772000e+02
4.900000e+02 2.772000e+02
4.862500e+02 2.772000e+02
4.825000e+02 2.772000e+02
4.785000e+02 2.769000e+02
4.745000e+02 2.766000e+02
4.690000e+02 2.766000e+02
4.635000e+02 2.766000e+02
4.600000e+02 2.766000e+02
4.565000e+02 2.766000e+02
4.542500e+02 2.766000e+02
4.520000e+02 2.766000e+02
4.477500e+02 2.766000e+02
4.435000e+02 2.766000e+02
4.392500e+02 2.766000e+02
4.350000e+02 2.766000e+02
4.307500e+02 2.766000e+02
4.265000e+02 2.766000e+02
4.225000e+02 2.769000e+02
4.185000e+02 2.772000e+02
4.140000e+02 2.772000e+02
4.095000e+02 2.772000e+02
4.050000e+02 2.775000e+02
4.005000e+02 2.778000e+02
3.937500e+02 2.781000e+02
3.870000e+02 2.784000e+02
3.850000e+02 2.787000e+02
3.830000e+02 2.790000e+02
3.785000e+02 2.790000e+02
3.740000e+02 2.790000e+02
3.720000e+02 2.793000e+02
3.700000e+02 2.796000e+02
3.655000e+02 2.796000e+02
3.610000e+02 2.796000e+02
3.560000e+02 2.799000e+02
3.510000e+02 2.802000e+02
3.472500e+02 2.805000e+02
3.435000e+02 2.808000e+02
3.370000e+02 2.811000e+02
3.305000e+02 2.814000e+02
3.260000e+02 2.817000e+02
3.215000e+02 2.820000e+02
3.172500e+02 2.826000e+02
3.130000e+02 2.832000e+02
3.090000e+02 2.835000e+02
3.050000e+02 2.838000e+02
3.012500e+02 2.838000e+02
2.975000e+02 2.838000e+02
2.935000e+02 2.844000e+02
2.895000e+02 2.850000e+02
2.860000e+02 2.850000e+02
2.825000e+02 2.850000e+02
2.782500e+02 2.856000e+02
2.740000e+02 2.862000e+02
2.705000e+02 2.865000e+02
2.670000e+02 2.868000e+02
2.635000e+02 2.868000e+02
2.600000e+02 2.868000e+02
2.567500e+02 2.871000e+02
2.535000e+02 2.874000e+02
2.500000e+02 2.877000e+02
2.465000e+02 2.880000e+02
2.430000e+02 2.880000e+02
2.395000e+02 2.880000e+02
2.365000e+02 2.883000e+02
2.335000e+02 2.886000e+02
2.307500e+02 2.886000e+02
2.280000e+02 2.886000e+02
2.252500e+02 2.889000e+02
2.225000e+02 2.892000e+02
2.182500e+02 2.892000e+02
2.140000e+02 2.892000e+02
2.125000e+02 2.892000e+02
2.110000e+02 2.892000e+02
2.085000e+02 2.892000e+02
2.060000e+02 2.892000e+02
2.022500e+02 2.892000e+02
1.985000e+02 2.892000e+02
1.960000e+02 2.892000e+02
1.935000e+02 2.892000e+02
1.910000e+02 2.892000e+02
1.885000e+02 2.892000e+02
1.862500e+02 2.892000e+02
1.840000e+02 2.892000e+02
1.817500e+02 2.892000e+02
1.795000e+02 2.892000e+02
1.772500e+02 2.892000e+02
1.750000e+02 2.892000e+02
1.730000e+02 2.892000e+02
1.710000e+02 2.892000e+02
1.690000e+02 2.892000e+02
1.670000e+02 2.892000e+02
1.647500e+02 2.892000e+02
1.625000e+02 2.892000e+02
1.605000e+02 2.892000e+02
1.585000e+02 2.892000e+02
1.565000e+02 2.892000e+02
1.545000e+02 2.892000e+02
1.525000e+02 2.892000e+02
1.505000e+02 2.892000e+02
1.485000e+02 2.892000e+02
1.465000e+02 2.892000e+02
1.442500e+02 2.895000e+02
1.420000e+02 2.898000e+02
1.400000e+02 2.898000e+02
1.380000e+02 2.898000e+02
1.360000e+02 2.901000e+02
1.340000e+02 2.904000e+02
1.322500e+02 2.907000e+02
1.305000e+02 2.910000e+02
1.285000e+02 2.910000e+02
1.265000e+02 2.910000e+02
1.245000e+02 2.913000e+02
1.225000e+02 2.916000e+02
1.200000e+02 2.919000e+02
1.175000e+02 2.922000e+02
1.157500e+02 2.922000e+02
1.140000e+02 2.922000e+02
1.122500e+02 2.925000e+02
1.105000e+02 2.928000e+02
1.092500e+02 2.928000e+02
1.080000e+02 2.928000e+02
1.065000e+02 2.931000e+02
1.050000e+02 2.934000e+02
1.037500e+02 2.934000e+02
1.025000e+02 2.934000e+02
1.012500e+02 2.934000e+02
1.000000e+02 2.934000e+02
9.850000e+01 2.934000e+02
9.700000e+01 2.934000e+02
9.600000e+01 2.934000e+02
9.500000e+01 2.934000e+02
9.350000e+01 2.934000e+02
9.200000e+01 2.934000e+02
9.050000e+01 2.937000e+02
8.900000e+01 2.940000e+02
8.775000e+01 2.940000e+02
8.650000e+01 2.940000e+02
8.500000e+01 2.943000e+02
8.350000e+01 2.946000e+02
8.225000e+01 2.946000e+02
8.100000e+01 2.946000e+02
8.050000e+01 2.946000e+02
8.000000e+01 2.946000e+02
7.950000e+01 2.946000e+02
7.900000e+01 2.946000e+02
7.850000e+01 2.946000e+02
7.800000e+01 2.946000e+02
7.775000e+01 2.946000e+02
7.750000e+01 2.946000e+02
7.700000e+01 2.946000e+02
7.650000e+01 2.946000e+02
7.625000e+01 2.946000e+02
7.600000e+01 2.946000e+02
7.575000e+01 2.946000e+02
7.550000e+01 2.946000e+02
7.525000e+01 2.946000e+02
7.500000e+01 2.946000e+02
7.475000e+01 2.946000e+02
7.450000e+01 2.946000e+02
7.450000e+01 2.946000e+02
7.450000e+01 2.946000e+02
7.400000e+01 2.949000e+02
7.350000e+01 2.952000e+02
7.300000e+01 2.952000e+02
7.250000e+01 2.952000e+02
7.250000e+01 2.952000e+02
7.250000e+01 2.952000e+02
