3.460000e+02 3.546000e+02
3.460000e+02 3.546000e+02
3.460000e+02 3.546000e+02
3.460000e+02 3.546000e+02
3.460000e+02 3.546000e+02
3.460000e+02 3.546000e+02
3.460000e+02 3.546000e+02
3.460000e+02 3.546000e+02
3.460000e+02 3.546000e+02
3.460000e+02 3.546000e+02
3.460000e+02 3.546000e+02
3.460000e+02 3.546000e+02
3.460000e+02 3.546000e+02
3.458750e+02 3.544500e+02
3.457500e+02 3.543000e+02
3.456250e+02 3.541500e+02
3.455000e+02 3.540000e+02
3.455000e+02 3.538500e+02
3.455000e+02 3.537000e+02
3.455000e+02 3.535500e+02
3.455000e+02 3.534000e+02
3.455000e+02 3.532500e+02
3.455000e+02 3.531000e+02
3.455000e+02 3.529500e+02
3.455000e+02 3.528000e+02
3.453750e+02 3.523500e+02
3.452500e+02 3.519000e+02
3.451250e+02 3.514500e+02
3.450000e+02 3.510000e+02
3.450000e+02 3.502500e+02
3.450000e+02 3.495000e+02
3.450000e+02 3.487500e+02
3.450000e+02 3.480000e+02
3.450000e+02 3.471000e+02
3.450000e+02 3.462000e+02
3.450000e+02 3.453000e+02
3.450000e+02 3.444000e+02
3.450000e+02 3.426000e+02
3.450000e+02 3.408000e+02
3.450000e+02 3.390000e+02
3.450000e+02 3.372000e+02
3.451250e+02 3.355500e+02
3.452500e+02 3.339000e+02
3.453750e+02 3.322500e+02
3.455000e+02 3.306000e+02
3.456250e+02 3.298500e+02
3.457500e+02 3.291000e+02
3.458750e+02 3.283500e+02
3.460000e+02 3.276000e+02
3.460000e+02 3.246000e+02
3.460000e+02 3.216000e+02
3.460000e+02 3.186000e+02
3.460000e+02 3.156000e+02
3.461250e+02 3.126000e+02
3.462500e+02 3.096000e+02
3.463750e+02 3.066000e+02
3.465000e+02 3.036000e+02
3.465000e+02 3.016500e+02
3.465000e+02 2.997000e+02
3.465000e+02 2.977500e+02
3.465000e+02 2.958000e+02
3.465000e+02 2.937000e+02
3.465000e+02 2.916000e+02
3.465000e+02 2.895000e+02
3.465000e+02 2.874000e+02
3.465000e+02 2.851500e+02
3.465000e+02 2.829000e+02
3.465000e+02 2.806500e+02
3.465000e+02 2.784000e+02
3.465000e+02 2.763000e+02
3.465000e+02 2.742000e+02
3.465000e+02 2.721000e+02
3.465000e+02 2.700000e+02
3.463750e+02 2.677500e+02
3.462500e+02 2.655000e+02
3.461250e+02 2.632500e+02
3.460000e+02 2.610000e+02
3.460000e+02 2.589000e+02
3.460000e+02 2.568000e+02
3.460000e+02 2.547000e+02
3.460000e+02 2.526000e+02
3.458750e+02 2.506500e+02
3.457500e+02 2.487000e+02
3.456250e+02 2.467500e+02
3.455000e+02 2.448000e+02
3.453750e+02 2.424000e+02
3.452500e+02 2.400000e+02
3.451250e+02 2.376000e+02
3.450000e+02 2.352000e+02
3.448750e+02 2.331000e+02
3.447500e+02 2.310000e+02
3.446250e+02 2.289000e+02
3.445000e+02 2.268000e+02
3.445000e+02 2.236500e+02
3.445000e+02 2.205000e+02
3.445000e+02 2.173500e+02
3.445000e+02 2.142000e+02
3.443750e+02 2.124000e+02
3.442500e+02 2.106000e+02
3.441250e+02 2.088000e+02
3.440000e+02 2.070000e+02
3.440000e+02 2.050500e+02
3.440000e+02 2.031000e+02
3.440000e+02 2.011500e+02
3.440000e+02 1.992000e+02
3.440000e+02 1.974000e+02
3.440000e+02 1.956000e+02
3.440000e+02 1.938000e+02
3.440000e+02 1.920000e+02
3.440000e+02 1.902000e+02
3.440000e+02 1.884000e+02
3.440000e+02 1.866000e+02
3.440000e+02 1.848000e+02
3.440000e+02 1.831500e+02
3.440000e+02 1.815000e+02
3.440000e+02 1.798500e+02
3.440000e+02 1.782000e+02
3.440000e+02 1.765500e+02
3.440000e+02 1.749000e+02
3.440000e+02 1.732500e+02
3.440000e+02 1.716000e+02
3.440000e+02 1.701000e+02
3.440000e+02 1.686000e+02
3.440000e+02 1.671000e+02
3.440000e+02 1.656000e+02
3.441250e+02 1.641000e+02
3.442500e+02 1.626000e+02
3.443750e+02 1.611000e+02
3.445000e+02 1.596000e+02
3.445000e+02 1.576500e+02
3.445000e+02 1.557000e+02
3.445000e+02 1.537500e+02
3.445000e+02 1.518000e+02
3.445000e+02 1.504500e+02
3.445000e+02 1.491000e+02
3.445000e+02 1.477500e+02
3.445000e+02 1.464000e+02
3.445000e+02 1.453500e+02
3.445000e+02 1.443000e+02
3.445000e+02 1.432500e+02
3.445000e+02 1.422000e+02
3.446250e+02 1.410000e+02
3.447500e+02 1.398000e+02
3.448750e+02 1.386000e+02
3.450000e+02 1.374000e+02
3.450000e+02 1.363500e+02
3.450000e+02 1.353000e+02
3.450000e+02 1.342500e+02
3.450000e+02 1.332000e+02
3.450000e+02 1.323000e+02
3.450000e+02 1.314000e+02
3.450000e+02 1.305000e+02
3.450000e+02 1.296000e+02
3.450000e+02 1.288500e+02
3.450000e+02 1.281000e+02
3.450000e+02 1.273500e+02
3.450000e+02 1.266000e+02
3.450000e+02 1.258500e+02
3.450000e+02 1.251000e+02
3.450000e+02 1.243500e+02
3.450000e+02 1.236000e+02
3.450000e+02 1.230000e+02
3.450000e+02 1.224000e+02
3.450000e+02 1.218000e+02
3.450000e+02 1.212000e+02
3.451250e+02 1.207500e+02
3.452500e+02 1.203000e+02
3.453750e+02 1.198500e+02
3.455000e+02 1.194000e+02
3.455000e+02 1.189500e+02
3.455000e+02 1.185000e+02
3.455000e+02 1.180500e+02
3.455000e+02 1.176000e+02
3.455000e+02 1.173000e+02
3.455000e+02 1.170000e+02
3.455000e+02 1.167000e+02
3.455000e+02 1.164000e+02
3.455000e+02 1.162500e+02
3.455000e+02 1.161000e+02
3.455000e+02 1.159500e+02
3.455000e+02 1.158000e+02
3.455000e+02 1.156500e+02
3.455000e+02 1.155000e+02
3.455000e+02 1.153500e+02
3.455000e+02 1.152000e+02
3.455000e+02 1.150500e+02
3.455000e+02 1.149000e+02
3.455000e+02 1.147500e+02
3.455000e+02 1.146000e+02
3.455000e+02 1.144500e+02
3.455000e+02 1.143000e+02
3.455000e+02 1.141500e+02
3.455000e+02 1.140000e+02
3.455000e+02 1.140000e+02
3.455000e+02 1.140000e+02
3.455000e+02 1.140000e+02
3.455000e+02 1.140000e+02
3.455000e+02 1.140000e+02
3.455000e+02 1.140000e+02
3.455000e+02 1.140000e+02
