1.440000e+02 1.434000e+02
1.440000e+02 1.434000e+02
1.440000e+02 1.434000e+02
1.440000e+02 1.437000e+02
1.440000e+02 1.440000e+02
1.442500e+02 1.443000e+02
1.445000e+02 1.446000e+02
1.447500e+02 1.455000e+02
1.450000e+02 1.464000e+02
1.452500e+02 1.467000e+02
1.455000e+02 1.470000e+02
1.462500e+02 1.479000e+02
1.470000e+02 1.488000e+02
1.477500e+02 1.494000e+02
1.485000e+02 1.500000e+02
1.500000e+02 1.512000e+02
1.515000e+02 1.524000e+02
1.520000e+02 1.530000e+02
1.525000e+02 1.536000e+02
1.537500e+02 1.545000e+02
1.550000e+02 1.554000e+02
1.562500e+02 1.566000e+02
1.575000e+02 1.578000e+02
1.582500e+02 1.587000e+02
1.590000e+02 1.596000e+02
1.605000e+02 1.611000e+02
1.620000e+02 1.626000e+02
1.627500e+02 1.635000e+02
1.635000e+02 1.644000e+02
1.647500e+02 1.659000e+02
1.660000e+02 1.674000e+02
1.675000e+02 1.686000e+02
1.690000e+02 1.698000e+02
1.707500e+02 1.716000e+02
1.725000e+02 1.734000e+02
1.742500e+02 1.752000e+02
1.760000e+02 1.770000e+02
1.790000e+02 1.806000e+02
1.805000e+02 1.824000e+02
1.845000e+02 1.860000e+02
1.880000e+02 1.908000e+02
1.900000e+02 1.932000e+02
1.935000e+02 1.974000e+02
1.975000e+02 2.022000e+02
1.995000e+02 2.046000e+02
2.035000e+02 2.094000e+02
2.075000e+02 2.142000e+02
2.090000e+02 2.172000e+02
2.130000e+02 2.220000e+02
2.165000e+02 2.268000e+02
2.180000e+02 2.292000e+02
2.215000e+02 2.352000e+02
2.255000e+02 2.406000e+02
2.270000e+02 2.436000e+02
2.305000e+02 2.502000e+02
2.340000e+02 2.550000e+02
2.375000e+02 2.604000e+02
2.390000e+02 2.634000e+02
2.425000e+02 2.682000e+02
2.460000e+02 2.736000e+02
2.480000e+02 2.766000e+02
2.515000e+02 2.826000e+02
2.550000e+02 2.892000e+02
2.570000e+02 2.928000e+02
2.610000e+02 2.988000e+02
2.630000e+02 3.024000e+02
2.670000e+02 3.090000e+02
2.710000e+02 3.150000e+02
2.735000e+02 3.180000e+02
2.775000e+02 3.252000e+02
2.800000e+02 3.282000e+02
2.845000e+02 3.348000e+02
2.885000e+02 3.408000e+02
2.925000e+02 3.474000e+02
2.965000e+02 3.534000e+02
3.005000e+02 3.594000e+02
3.035000e+02 3.648000e+02
3.065000e+02 3.708000e+02
3.095000e+02 3.756000e+02
3.115000e+02 3.792000e+02
3.125000e+02 3.816000e+02
3.145000e+02 3.852000e+02
3.160000e+02 3.888000e+02
3.170000e+02 3.912000e+02
3.180000e+02 3.930000e+02
3.185000e+02 3.948000e+02
3.185000e+02 3.948000e+02
3.185000e+02 3.960000e+02
3.185000e+02 3.966000e+02
3.180000e+02 3.966000e+02
3.175000e+02 3.966000e+02
3.165000e+02 3.972000e+02
3.150000e+02 3.972000e+02
3.140000e+02 3.978000e+02
3.115000e+02 3.978000e+02
3.100000e+02 3.978000e+02
3.070000e+02 3.978000e+02
3.035000e+02 3.978000e+02
3.010000e+02 3.978000e+02
2.970000e+02 3.984000e+02
2.945000e+02 3.984000e+02
2.895000e+02 3.990000e+02
2.840000e+02 3.990000e+02
2.810000e+02 3.990000e+02
2.750000e+02 3.996000e+02
2.685000e+02 3.996000e+02
2.625000e+02 3.996000e+02
2.560000e+02 3.996000e+02
2.500000e+02 3.996000e+02
2.465000e+02 3.996000e+02
2.400000e+02 4.002000e+02
2.330000e+02 4.002000e+02
2.295000e+02 4.008000e+02
2.225000e+02 4.008000e+02
2.155000e+02 4.014000e+02
2.120000e+02 4.020000e+02
2.055000e+02 4.026000e+02
1.990000e+02 4.038000e+02
1.955000e+02 4.044000e+02
1.890000e+02 4.062000e+02
1.820000e+02 4.080000e+02
1.790000e+02 4.086000e+02
1.730000e+02 4.104000e+02
1.670000e+02 4.116000e+02
1.645000e+02 4.116000e+02
1.590000e+02 4.122000e+02
1.550000e+02 4.128000e+02
1.530000e+02 4.128000e+02
1.500000e+02 4.128000e+02
1.490000e+02 4.128000e+02
1.470000e+02 4.128000e+02
1.455000e+02 4.116000e+02
1.445000e+02 4.110000e+02
1.445000e+02 4.104000e+02
1.440000e+02 4.092000e+02
1.440000e+02 4.080000e+02
1.440000e+02 4.062000e+02
1.440000e+02 4.044000e+02
1.445000e+02 4.026000e+02
1.450000e+02 4.008000e+02
1.455000e+02 3.984000e+02
1.470000e+02 3.936000e+02
1.490000e+02 3.894000e+02
1.510000e+02 3.846000e+02
1.530000e+02 3.792000e+02
1.555000e+02 3.732000e+02
1.570000e+02 3.696000e+02
1.605000e+02 3.624000e+02
1.620000e+02 3.588000e+02
1.660000e+02 3.510000e+02
1.700000e+02 3.420000e+02
1.745000e+02 3.330000e+02
1.790000e+02 3.234000e+02
1.840000e+02 3.138000e+02
1.885000e+02 3.048000e+02
1.930000e+02 2.952000e+02
1.975000e+02 2.862000e+02
2.000000e+02 2.814000e+02
2.050000e+02 2.724000e+02
2.100000e+02 2.628000e+02
2.125000e+02 2.586000e+02
2.180000e+02 2.496000e+02
2.235000e+02 2.406000e+02
2.285000e+02 2.310000e+02
2.340000e+02 2.220000e+02
2.370000e+02 2.178000e+02
2.425000e+02 2.100000e+02
2.475000e+02 2.016000e+02
2.500000e+02 1.980000e+02
2.560000e+02 1.896000e+02
2.585000e+02 1.854000e+02
2.640000e+02 1.782000e+02
2.690000e+02 1.698000e+02
2.740000e+02 1.626000e+02
2.765000e+02 1.590000e+02
2.820000e+02 1.524000e+02
2.845000e+02 1.488000e+02
2.895000e+02 1.416000e+02
2.955000e+02 1.344000e+02
3.005000e+02 1.278000e+02
3.035000e+02 1.248000e+02
3.060000e+02 1.218000e+02
3.105000e+02 1.164000e+02
3.145000e+02 1.116000e+02
3.185000e+02 1.074000e+02
3.200000e+02 1.050000e+02
3.230000e+02 1.020000e+02
3.240000e+02 1.008000e+02
3.255000e+02 9.900000e+01
3.265000e+02 9.780000e+01
3.275000e+02 9.720000e+01
3.280000e+02 9.660000e+01
3.280000e+02 9.660000e+01
3.280000e+02 9.660000e+01
3.280000e+02 9.660000e+01
3.280000e+02 9.660000e+01
3.280000e+02 9.660000e+01
3.280000e+02 9.720000e+01
3.270000e+02 9.780000e+01
3.270000e+02 9.780000e+01
