2.315000e+02 3.384000e+02
2.315000e+02 3.384000e+02
2.315000e+02 3.384000e+02
2.317500e+02 3.372000e+02
2.320000e+02 3.360000e+02
2.322500e+02 3.342000e+02
2.325000e+02 3.324000e+02
2.332500e+02 3.300000e+02
2.340000e+02 3.276000e+02
2.342500e+02 3.264000e+02
2.345000e+02 3.252000e+02
2.350000e+02 3.222000e+02
2.355000e+02 3.192000e+02
2.357500e+02 3.177000e+02
2.360000e+02 3.162000e+02
2.365000e+02 3.123000e+02
2.370000e+02 3.084000e+02
2.372500e+02 3.066000e+02
2.375000e+02 3.048000e+02
2.380000e+02 3.006000e+02
2.385000e+02 2.964000e+02
2.387500e+02 2.916000e+02
2.390000e+02 2.868000e+02
2.395000e+02 2.820000e+02
2.400000e+02 2.772000e+02
2.407500e+02 2.724000e+02
2.415000e+02 2.676000e+02
2.422500e+02 2.628000e+02
2.430000e+02 2.580000e+02
2.435000e+02 2.553000e+02
2.440000e+02 2.526000e+02
2.450000e+02 2.475000e+02
2.460000e+02 2.424000e+02
2.475000e+02 2.376000e+02
2.490000e+02 2.328000e+02
2.495000e+02 2.301000e+02
2.500000e+02 2.274000e+02
2.512500e+02 2.226000e+02
2.525000e+02 2.178000e+02
2.537500e+02 2.130000e+02
2.550000e+02 2.082000e+02
2.560000e+02 2.040000e+02
2.570000e+02 1.998000e+02
2.580000e+02 1.959000e+02
2.590000e+02 1.920000e+02
2.600000e+02 1.881000e+02
2.610000e+02 1.842000e+02
2.617500e+02 1.821000e+02
2.625000e+02 1.800000e+02
2.635000e+02 1.761000e+02
2.645000e+02 1.722000e+02
2.655000e+02 1.686000e+02
2.665000e+02 1.650000e+02
2.670000e+02 1.635000e+02
2.675000e+02 1.620000e+02
2.682500e+02 1.587000e+02
2.690000e+02 1.554000e+02
2.697500e+02 1.524000e+02
2.705000e+02 1.494000e+02
2.710000e+02 1.485000e+02
2.715000e+02 1.476000e+02
2.722500e+02 1.449000e+02
2.730000e+02 1.422000e+02
2.735000e+02 1.410000e+02
2.740000e+02 1.398000e+02
2.747500e+02 1.374000e+02
2.755000e+02 1.350000e+02
2.762500e+02 1.332000e+02
2.770000e+02 1.314000e+02
2.772500e+02 1.305000e+02
2.775000e+02 1.296000e+02
2.780000e+02 1.287000e+02
2.785000e+02 1.278000e+02
2.790000e+02 1.266000e+02
2.795000e+02 1.254000e+02
2.797500e+02 1.251000e+02
2.800000e+02 1.248000e+02
2.802500e+02 1.242000e+02
2.805000e+02 1.236000e+02
2.807500e+02 1.230000e+02
2.810000e+02 1.224000e+02
2.815000e+02 1.218000e+02
2.820000e+02 1.212000e+02
2.822500e+02 1.212000e+02
2.825000e+02 1.212000e+02
2.827500e+02 1.209000e+02
2.830000e+02 1.206000e+02
2.835000e+02 1.203000e+02
2.840000e+02 1.200000e+02
2.842500e+02 1.200000e+02
2.845000e+02 1.200000e+02
2.852500e+02 1.203000e+02
2.860000e+02 1.206000e+02
2.862500e+02 1.209000e+02
2.865000e+02 1.212000e+02
2.872500e+02 1.218000e+02
2.880000e+02 1.224000e+02
2.890000e+02 1.233000e+02
2.900000e+02 1.242000e+02
2.902500e+02 1.248000e+02
2.905000e+02 1.254000e+02
2.915000e+02 1.266000e+02
2.925000e+02 1.278000e+02
2.932500e+02 1.296000e+02
2.940000e+02 1.314000e+02
2.947500e+02 1.323000e+02
2.955000e+02 1.332000e+02
2.967500e+02 1.350000e+02
2.980000e+02 1.368000e+02
2.992500e+02 1.389000e+02
3.005000e+02 1.410000e+02
3.012500e+02 1.422000e+02
3.020000e+02 1.434000e+02
3.032500e+02 1.458000e+02
3.045000e+02 1.482000e+02
3.060000e+02 1.506000e+02
3.075000e+02 1.530000e+02
3.092500e+02 1.557000e+02
3.110000e+02 1.584000e+02
3.125000e+02 1.614000e+02
3.140000e+02 1.644000e+02
3.157500e+02 1.677000e+02
3.175000e+02 1.710000e+02
3.182500e+02 1.725000e+02
3.190000e+02 1.740000e+02
3.210000e+02 1.773000e+02
3.230000e+02 1.806000e+02
3.247500e+02 1.842000e+02
3.265000e+02 1.878000e+02
3.275000e+02 1.896000e+02
3.285000e+02 1.914000e+02
3.305000e+02 1.953000e+02
3.325000e+02 1.992000e+02
3.347500e+02 2.031000e+02
3.370000e+02 2.070000e+02
3.380000e+02 2.088000e+02
3.390000e+02 2.106000e+02
3.402500e+02 2.127000e+02
3.415000e+02 2.148000e+02
3.440000e+02 2.190000e+02
3.465000e+02 2.232000e+02
3.490000e+02 2.277000e+02
3.515000e+02 2.322000e+02
3.540000e+02 2.370000e+02
3.565000e+02 2.418000e+02
3.590000e+02 2.463000e+02
3.615000e+02 2.508000e+02
3.640000e+02 2.553000e+02
3.665000e+02 2.598000e+02
3.690000e+02 2.640000e+02
3.715000e+02 2.682000e+02
3.727500e+02 2.706000e+02
3.740000e+02 2.730000e+02
3.765000e+02 2.772000e+02
3.790000e+02 2.814000e+02
3.800000e+02 2.835000e+02
3.810000e+02 2.856000e+02
3.832500e+02 2.898000e+02
3.855000e+02 2.940000e+02
3.875000e+02 2.979000e+02
3.895000e+02 3.018000e+02
3.905000e+02 3.039000e+02
3.915000e+02 3.060000e+02
3.935000e+02 3.093000e+02
3.955000e+02 3.126000e+02
3.972500e+02 3.159000e+02
3.990000e+02 3.192000e+02
3.997500e+02 3.207000e+02
4.005000e+02 3.222000e+02
4.020000e+02 3.249000e+02
4.035000e+02 3.276000e+02
4.047500e+02 3.300000e+02
4.060000e+02 3.324000e+02
4.072500e+02 3.342000e+02
4.085000e+02 3.360000e+02
4.090000e+02 3.369000e+02
4.095000e+02 3.378000e+02
4.105000e+02 3.393000e+02
4.115000e+02 3.408000e+02
4.125000e+02 3.420000e+02
4.135000e+02 3.432000e+02
4.137500e+02 3.438000e+02
4.140000e+02 3.444000e+02
4.147500e+02 3.453000e+02
4.155000e+02 3.462000e+02
4.160000e+02 3.468000e+02
4.165000e+02 3.474000e+02
4.167500e+02 3.477000e+02
4.170000e+02 3.480000e+02
4.175000e+02 3.483000e+02
4.180000e+02 3.486000e+02
4.180000e+02 3.489000e+02
4.180000e+02 3.492000e+02
4.182500e+02 3.489000e+02
4.185000e+02 3.486000e+02
4.182500e+02 3.477000e+02
4.180000e+02 3.468000e+02
4.175000e+02 3.465000e+02
4.170000e+02 3.462000e+02
4.170000e+02 3.462000e+02
