2.605000e+02 1.866000e+02
2.605000e+02 1.866000e+02
2.605000e+02 1.866000e+02
2.605000e+02 1.866000e+02
2.605000e+02 1.866000e+02
2.605000e+02 1.866000e+02
2.605000e+02 1.866000e+02
2.605000e+02 1.866000e+02
2.605000e+02 1.866000e+02
2.605000e+02 1.866000e+02
2.605000e+02 1.866000e+02
2.605000e+02 1.866000e+02
2.605000e+02 1.866000e+02
2.605000e+02 1.866000e+02
2.605000e+02 1.866000e+02
2.605000e+02 1.866000e+02
2.605000e+02 1.866000e+02
2.605000e+02 1.867500e+02
2.605000e+02 1.869000e+02
2.605000e+02 1.872000e+02
2.605000e+02 1.872000e+02
2.605000e+02 1.872000e+02
2.607500e+02 1.875000e+02
2.610000e+02 1.878000e+02
2.615000e+02 1.896000e+02
2.620000e+02 1.914000e+02
2.625000e+02 1.929000e+02
2.630000e+02 1.944000e+02
2.635000e+02 1.962000e+02
2.640000e+02 1.980000e+02
2.647500e+02 2.004000e+02
2.655000e+02 2.028000e+02
2.662500e+02 2.052000e+02
2.670000e+02 2.076000e+02
2.680000e+02 2.109000e+02
2.690000e+02 2.142000e+02
2.700000e+02 2.172000e+02
2.710000e+02 2.202000e+02
2.720000e+02 2.235000e+02
2.730000e+02 2.268000e+02
2.740000e+02 2.298000e+02
2.750000e+02 2.328000e+02
2.760000e+02 2.358000e+02
2.770000e+02 2.388000e+02
2.780000e+02 2.424000e+02
2.790000e+02 2.460000e+02
2.802500e+02 2.496000e+02
2.815000e+02 2.532000e+02
2.825000e+02 2.565000e+02
2.835000e+02 2.598000e+02
2.847500e+02 2.631000e+02
2.860000e+02 2.664000e+02
2.870000e+02 2.697000e+02
2.880000e+02 2.730000e+02
2.890000e+02 2.769000e+02
2.900000e+02 2.808000e+02
2.910000e+02 2.841000e+02
2.920000e+02 2.874000e+02
2.932500e+02 2.904000e+02
2.945000e+02 2.934000e+02
2.955000e+02 2.964000e+02
2.965000e+02 2.994000e+02
2.980000e+02 3.033000e+02
2.995000e+02 3.072000e+02
2.997500e+02 3.084000e+02
3.000000e+02 3.096000e+02
3.010000e+02 3.120000e+02
3.020000e+02 3.144000e+02
3.022500e+02 3.156000e+02
3.025000e+02 3.168000e+02
3.030000e+02 3.177000e+02
3.035000e+02 3.186000e+02
3.035000e+02 3.192000e+02
3.035000e+02 3.198000e+02
3.037500e+02 3.204000e+02
3.040000e+02 3.210000e+02
3.040000e+02 3.213000e+02
3.040000e+02 3.216000e+02
3.042500e+02 3.219000e+02
3.045000e+02 3.222000e+02
3.045000e+02 3.222000e+02
3.045000e+02 3.222000e+02
3.045000e+02 3.225000e+02
3.045000e+02 3.228000e+02
3.047500e+02 3.228000e+02
3.050000e+02 3.228000e+02
3.050000e+02 3.228000e+02
3.050000e+02 3.228000e+02
3.050000e+02 3.231000e+02
3.050000e+02 3.234000e+02
3.050000e+02 3.234000e+02
3.050000e+02 3.234000e+02
3.050000e+02 3.234000e+02
3.050000e+02 3.234000e+02
3.050000e+02 3.234000e+02
3.050000e+02 3.234000e+02
3.050000e+02 3.234000e+02
3.050000e+02 3.234000e+02
3.050000e+02 3.234000e+02
3.050000e+02 3.234000e+02
3.052500e+02 3.234000e+02
3.055000e+02 3.234000e+02
3.055000e+02 3.234000e+02
3.055000e+02 3.234000e+02
3.055000e+02 3.234000e+02
3.055000e+02 3.234000e+02
3.055000e+02 3.231000e+02
3.055000e+02 3.228000e+02
3.057500e+02 3.228000e+02
3.060000e+02 3.228000e+02
3.062500e+02 3.228000e+02
3.065000e+02 3.228000e+02
3.067500e+02 3.228000e+02
3.070000e+02 3.228000e+02
3.075000e+02 3.225000e+02
3.080000e+02 3.222000e+02
3.090000e+02 3.213000e+02
3.100000e+02 3.204000e+02
3.115000e+02 3.195000e+02
3.130000e+02 3.186000e+02
3.152500e+02 3.171000e+02
3.175000e+02 3.156000e+02
3.197500e+02 3.141000e+02
3.220000e+02 3.126000e+02
3.247500e+02 3.105000e+02
3.275000e+02 3.084000e+02
3.322500e+02 3.048000e+02
3.370000e+02 3.012000e+02
3.407500e+02 2.982000e+02
3.445000e+02 2.952000e+02
3.507500e+02 2.901000e+02
3.570000e+02 2.850000e+02
3.635000e+02 2.799000e+02
3.700000e+02 2.748000e+02
3.747500e+02 2.712000e+02
3.795000e+02 2.676000e+02
3.840000e+02 2.643000e+02
3.885000e+02 2.610000e+02
3.937500e+02 2.574000e+02
3.990000e+02 2.538000e+02
4.040000e+02 2.505000e+02
4.090000e+02 2.472000e+02
4.145000e+02 2.430000e+02
4.200000e+02 2.388000e+02
4.252500e+02 2.358000e+02
4.305000e+02 2.328000e+02
4.355000e+02 2.295000e+02
4.405000e+02 2.262000e+02
4.455000e+02 2.229000e+02
4.505000e+02 2.196000e+02
4.547500e+02 2.172000e+02
4.590000e+02 2.148000e+02
4.640000e+02 2.121000e+02
4.690000e+02 2.094000e+02
4.757500e+02 2.058000e+02
4.825000e+02 2.022000e+02
4.895000e+02 1.986000e+02
4.965000e+02 1.950000e+02
5.010000e+02 1.929000e+02
5.055000e+02 1.908000e+02
5.120000e+02 1.878000e+02
5.185000e+02 1.848000e+02
5.227500e+02 1.827000e+02
5.270000e+02 1.806000e+02
5.292500e+02 1.797000e+02
5.315000e+02 1.788000e+02
5.355000e+02 1.770000e+02
5.395000e+02 1.752000e+02
5.442500e+02 1.731000e+02
5.490000e+02 1.710000e+02
5.522500e+02 1.698000e+02
5.555000e+02 1.686000e+02
5.577500e+02 1.674000e+02
5.600000e+02 1.662000e+02
5.612500e+02 1.659000e+02
5.625000e+02 1.656000e+02
5.655000e+02 1.644000e+02
5.685000e+02 1.632000e+02
5.690000e+02 1.632000e+02
5.695000e+02 1.632000e+02
5.707500e+02 1.626000e+02
5.720000e+02 1.620000e+02
5.725000e+02 1.620000e+02
5.730000e+02 1.620000e+02
5.732500e+02 1.617000e+02
5.735000e+02 1.614000e+02
5.737500e+02 1.614000e+02
5.740000e+02 1.614000e+02
5.740000e+02 1.614000e+02
5.740000e+02 1.614000e+02
5.742500e+02 1.614000e+02
5.745000e+02 1.614000e+02
5.745000e+02 1.614000e+02
5.745000e+02 1.614000e+02
5.747500e+02 1.614000e+02
5.750000e+02 1.614000e+02
5.750000e+02 1.620000e+02
5.750000e+02 1.626000e+02
5.750000e+02 1.626000e+02
5.750000e+02 1.626000e+02
