3.300000e+02 3.498000e+02
3.300000e+02 3.498000e+02
3.300000e+02 3.498000e+02
3.300000e+02 3.498000e+02
3.300000e+02 3.498000e+02
3.300000e+02 3.498000e+02
3.300000e+02 3.498000e+02
3.300000e+02 3.498000e+02
3.300000e+02 3.498000e+02
3.300000e+02 3.495000e+02
3.300000e+02 3.492000e+02
3.300000e+02 3.489000e+02
3.300000e+02 3.486000e+02
3.298750e+02 3.484500e+02
3.297500e+02 3.483000e+02
3.296250e+02 3.481500e+02
3.295000e+02 3.480000e+02
3.295000e+02 3.475500e+02
3.295000e+02 3.471000e+02
3.295000e+02 3.466500e+02
3.295000e+02 3.462000e+02
3.293750e+02 3.459000e+02
3.292500e+02 3.456000e+02
3.291250e+02 3.453000e+02
3.290000e+02 3.450000e+02
3.290000e+02 3.444000e+02
3.290000e+02 3.438000e+02
3.290000e+02 3.432000e+02
3.290000e+02 3.426000e+02
3.290000e+02 3.420000e+02
3.290000e+02 3.414000e+02
3.290000e+02 3.408000e+02
3.290000e+02 3.402000e+02
3.290000e+02 3.393000e+02
3.290000e+02 3.384000e+02
3.290000e+02 3.375000e+02
3.290000e+02 3.366000e+02
3.288750e+02 3.355500e+02
3.287500e+02 3.345000e+02
3.286250e+02 3.334500e+02
3.285000e+02 3.324000e+02
3.285000e+02 3.313500e+02
3.285000e+02 3.303000e+02
3.285000e+02 3.292500e+02
3.285000e+02 3.282000e+02
3.285000e+02 3.271500e+02
3.285000e+02 3.261000e+02
3.285000e+02 3.250500e+02
3.285000e+02 3.240000e+02
3.285000e+02 3.228000e+02
3.285000e+02 3.216000e+02
3.285000e+02 3.204000e+02
3.285000e+02 3.192000e+02
3.285000e+02 3.178500e+02
3.285000e+02 3.165000e+02
3.285000e+02 3.151500e+02
3.285000e+02 3.138000e+02
3.285000e+02 3.126000e+02
3.285000e+02 3.114000e+02
3.285000e+02 3.102000e+02
3.285000e+02 3.090000e+02
3.285000e+02 3.084000e+02
3.285000e+02 3.078000e+02
3.285000e+02 3.072000e+02
3.285000e+02 3.066000e+02
3.285000e+02 3.054000e+02
3.285000e+02 3.042000e+02
3.285000e+02 3.030000e+02
3.285000e+02 3.018000e+02
3.285000e+02 3.006000e+02
3.285000e+02 2.994000e+02
3.285000e+02 2.982000e+02
3.285000e+02 2.970000e+02
3.285000e+02 2.956500e+02
3.285000e+02 2.943000e+02
3.285000e+02 2.929500e+02
3.285000e+02 2.916000e+02
3.283750e+02 2.904000e+02
3.282500e+02 2.892000e+02
3.281250e+02 2.880000e+02
3.280000e+02 2.868000e+02
3.280000e+02 2.848500e+02
3.280000e+02 2.829000e+02
3.280000e+02 2.809500e+02
3.280000e+02 2.790000e+02
3.280000e+02 2.776500e+02
3.280000e+02 2.763000e+02
3.280000e+02 2.749500e+02
3.280000e+02 2.736000e+02
3.280000e+02 2.722500e+02
3.280000e+02 2.709000e+02
3.280000e+02 2.695500e+02
3.280000e+02 2.682000e+02
3.278750e+02 2.667000e+02
3.277500e+02 2.652000e+02
3.276250e+02 2.637000e+02
3.275000e+02 2.622000e+02
3.275000e+02 2.607000e+02
3.275000e+02 2.592000e+02
3.275000e+02 2.577000e+02
3.275000e+02 2.562000e+02
3.275000e+02 2.550000e+02
3.275000e+02 2.538000e+02
3.275000e+02 2.526000e+02
3.275000e+02 2.514000e+02
3.276250e+02 2.506500e+02
3.277500e+02 2.499000e+02
3.278750e+02 2.491500e+02
3.280000e+02 2.484000e+02
3.280000e+02 2.470500e+02
3.280000e+02 2.457000e+02
3.280000e+02 2.443500e+02
3.280000e+02 2.430000e+02
3.280000e+02 2.416500e+02
3.280000e+02 2.403000e+02
3.280000e+02 2.389500e+02
3.280000e+02 2.376000e+02
3.281250e+02 2.362500e+02
3.282500e+02 2.349000e+02
3.283750e+02 2.335500e+02
3.285000e+02 2.322000e+02
3.285000e+02 2.310000e+02
3.285000e+02 2.298000e+02
3.285000e+02 2.286000e+02
3.285000e+02 2.274000e+02
3.285000e+02 2.260500e+02
3.285000e+02 2.247000e+02
3.285000e+02 2.233500e+02
3.285000e+02 2.220000e+02
3.285000e+02 2.208000e+02
3.285000e+02 2.196000e+02
3.285000e+02 2.184000e+02
3.285000e+02 2.172000e+02
3.285000e+02 2.158500e+02
3.285000e+02 2.145000e+02
3.285000e+02 2.131500e+02
3.285000e+02 2.118000e+02
3.286250e+02 2.104500e+02
3.287500e+02 2.091000e+02
3.290000e+02 2.064000e+02
3.290000e+02 2.040000e+02
3.290000e+02 2.016000e+02
3.290000e+02 1.992000e+02
3.290000e+02 1.968000e+02
3.290000e+02 1.944000e+02
3.290000e+02 1.920000e+02
3.290000e+02 1.899000e+02
3.290000e+02 1.878000e+02
3.290000e+02 1.854000e+02
3.290000e+02 1.830000e+02
3.290000e+02 1.809000e+02
3.290000e+02 1.788000e+02
3.290000e+02 1.770000e+02
3.290000e+02 1.752000e+02
3.287500e+02 1.731000e+02
3.285000e+02 1.710000e+02
3.285000e+02 1.689000e+02
3.285000e+02 1.668000e+02
3.285000e+02 1.650000e+02
3.285000e+02 1.632000e+02
3.285000e+02 1.611000e+02
3.285000e+02 1.590000e+02
3.285000e+02 1.575000e+02
3.285000e+02 1.560000e+02
3.282500e+02 1.542000e+02
3.280000e+02 1.524000e+02
3.280000e+02 1.503000e+02
3.280000e+02 1.482000e+02
3.280000e+02 1.470000e+02
3.280000e+02 1.458000e+02
3.280000e+02 1.446000e+02
3.280000e+02 1.434000e+02
3.280000e+02 1.422000e+02
3.280000e+02 1.410000e+02
3.280000e+02 1.401000e+02
3.280000e+02 1.392000e+02
3.280000e+02 1.380000e+02
3.280000e+02 1.368000e+02
3.280000e+02 1.356000e+02
3.280000e+02 1.344000e+02
3.280000e+02 1.335000e+02
3.280000e+02 1.326000e+02
3.280000e+02 1.320000e+02
3.280000e+02 1.314000e+02
3.280000e+02 1.308000e+02
3.280000e+02 1.302000e+02
3.280000e+02 1.299000e+02
3.280000e+02 1.296000e+02
3.280000e+02 1.293000e+02
3.280000e+02 1.290000e+02
3.280000e+02 1.287000e+02
3.280000e+02 1.284000e+02
3.280000e+02 1.284000e+02
3.280000e+02 1.284000e+02
3.280000e+02 1.284000e+02
3.280000e+02 1.284000e+02
3.280000e+02 1.284000e+02
3.280000e+02 1.284000e+02
3.280000e+02 1.284000e+02
3.280000e+02 1.284000e+02
