2.340000e+02 1.314000e+02
2.340000e+02 1.314000e+02
2.340000e+02 1.314000e+02
2.340000e+02 1.314000e+02
2.350000e+02 1.308000e+02
2.415000e+02 1.302000e+02
2.515000e+02 1.296000e+02
2.720000e+02 1.290000e+02
2.945000e+02 1.284000e+02
3.135000e+02 1.284000e+02
3.385000e+02 1.284000e+02
3.540000e+02 1.290000e+02
3.765000e+02 1.284000e+02
3.965000e+02 1.290000e+02
4.160000e+02 1.290000e+02
4.370000e+02 1.296000e+02
4.560000e+02 1.290000e+02
4.670000e+02 1.290000e+02
4.740000e+02 1.290000e+02
4.785000e+02 1.290000e+02
4.810000e+02 1.290000e+02
4.820000e+02 1.296000e+02
4.825000e+02 1.302000e+02
4.830000e+02 1.308000e+02
4.835000e+02 1.320000e+02
4.835000e+02 1.356000e+02
4.835000e+02 1.422000e+02
4.830000e+02 1.554000e+02
4.820000e+02 1.740000e+02
4.805000e+02 1.908000e+02
4.795000e+02 2.094000e+02
4.780000e+02 2.274000e+02
4.765000e+02 2.466000e+02
4.755000e+02 2.646000e+02
4.755000e+02 2.814000e+02
4.755000e+02 2.928000e+02
4.755000e+02 3.078000e+02
4.755000e+02 3.222000e+02
4.760000e+02 3.354000e+02
4.760000e+02 3.480000e+02
4.760000e+02 3.582000e+02
4.760000e+02 3.672000e+02
4.760000e+02 3.744000e+02
4.755000e+02 3.792000e+02
4.755000e+02 3.822000e+02
4.755000e+02 3.840000e+02
4.750000e+02 3.852000e+02
4.750000e+02 3.852000e+02
4.745000e+02 3.858000e+02
4.745000e+02 3.858000e+02
4.740000e+02 3.858000e+02
4.735000e+02 3.852000e+02
4.730000e+02 3.852000e+02
4.730000e+02 3.852000e+02
4.720000e+02 3.852000e+02
4.710000e+02 3.846000e+02
4.700000e+02 3.846000e+02
4.690000e+02 3.840000e+02
4.680000e+02 3.840000e+02
4.660000e+02 3.834000e+02
4.645000e+02 3.828000e+02
4.620000e+02 3.828000e+02
4.585000e+02 3.822000e+02
4.570000e+02 3.822000e+02
4.535000e+02 3.816000e+02
4.460000e+02 3.816000e+02
4.405000e+02 3.816000e+02
4.310000e+02 3.816000e+02
4.245000e+02 3.822000e+02
4.180000e+02 3.828000e+02
4.105000e+02 3.834000e+02
4.035000e+02 3.840000e+02
3.960000e+02 3.846000e+02
3.895000e+02 3.852000e+02
3.830000e+02 3.864000e+02
3.760000e+02 3.870000e+02
3.695000e+02 3.876000e+02
3.590000e+02 3.894000e+02
3.525000e+02 3.906000e+02
3.435000e+02 3.924000e+02
3.360000e+02 3.936000e+02
3.305000e+02 3.948000e+02
3.240000e+02 3.960000e+02
3.190000e+02 3.972000e+02
3.130000e+02 3.984000e+02
3.100000e+02 3.990000e+02
3.050000e+02 4.002000e+02
2.995000e+02 4.020000e+02
2.945000e+02 4.032000e+02
2.900000e+02 4.044000e+02
2.825000e+02 4.068000e+02
2.780000e+02 4.086000e+02
2.730000e+02 4.098000e+02
2.685000e+02 4.116000e+02
2.635000e+02 4.128000e+02
2.590000e+02 4.146000e+02
2.550000e+02 4.164000e+02
2.505000e+02 4.176000e+02
2.465000e+02 4.188000e+02
2.435000e+02 4.200000e+02
2.400000e+02 4.206000e+02
2.365000e+02 4.218000e+02
2.320000e+02 4.230000e+02
2.285000e+02 4.242000e+02
2.260000e+02 4.248000e+02
2.245000e+02 4.248000e+02
2.220000e+02 4.260000e+02
2.200000e+02 4.260000e+02
2.180000e+02 4.266000e+02
2.160000e+02 4.272000e+02
2.140000e+02 4.278000e+02
2.120000e+02 4.278000e+02
2.105000e+02 4.284000e+02
2.085000e+02 4.284000e+02
2.070000e+02 4.284000e+02
2.060000e+02 4.290000e+02
2.050000e+02 4.290000e+02
2.035000e+02 4.290000e+02
2.030000e+02 4.290000e+02
2.025000e+02 4.290000e+02
2.015000e+02 4.290000e+02
2.015000e+02 4.290000e+02
2.010000e+02 4.290000e+02
2.005000e+02 4.290000e+02
2.005000e+02 4.290000e+02
2.005000e+02 4.290000e+02
2.000000e+02 4.290000e+02
2.000000e+02 4.284000e+02
2.000000e+02 4.284000e+02
2.000000e+02 4.278000e+02
2.000000e+02 4.278000e+02
2.000000e+02 4.278000e+02
2.000000e+02 4.266000e+02
2.000000e+02 4.260000e+02
2.000000e+02 4.242000e+02
1.995000e+02 4.224000e+02
1.995000e+02 4.200000e+02
1.995000e+02 4.170000e+02
1.995000e+02 4.116000e+02
1.995000e+02 4.056000e+02
1.995000e+02 3.990000e+02
1.995000e+02 3.918000e+02
2.000000e+02 3.840000e+02
2.000000e+02 3.768000e+02
2.005000e+02 3.684000e+02
2.010000e+02 3.612000e+02
2.015000e+02 3.522000e+02
2.020000e+02 3.432000e+02
2.025000e+02 3.336000e+02
2.035000e+02 3.234000e+02
2.040000e+02 3.138000e+02
2.045000e+02 3.036000e+02
2.055000e+02 2.934000e+02
2.065000e+02 2.832000e+02
2.075000e+02 2.712000e+02
2.090000e+02 2.616000e+02
2.100000e+02 2.526000e+02
2.110000e+02 2.424000e+02
2.115000e+02 2.340000e+02
2.125000e+02 2.238000e+02
2.135000e+02 2.148000e+02
2.145000e+02 2.070000e+02
2.155000e+02 1.986000e+02
2.160000e+02 1.914000e+02
2.180000e+02 1.800000e+02
2.185000e+02 1.770000e+02
2.195000e+02 1.698000e+02
2.205000e+02 1.638000e+02
2.215000e+02 1.584000e+02
2.230000e+02 1.500000e+02
2.240000e+02 1.440000e+02
2.240000e+02 1.404000e+02
2.245000e+02 1.362000e+02
2.250000e+02 1.326000e+02
2.250000e+02 1.302000e+02
2.255000e+02 1.278000e+02
2.255000e+02 1.266000e+02
2.255000e+02 1.248000e+02
2.255000e+02 1.242000e+02
2.255000e+02 1.230000e+02
2.255000e+02 1.224000e+02
2.255000e+02 1.224000e+02
2.255000e+02 1.218000e+02
2.255000e+02 1.218000e+02
2.255000e+02 1.212000e+02
2.255000e+02 1.212000e+02
2.255000e+02 1.212000e+02
2.260000e+02 1.212000e+02
2.260000e+02 1.212000e+02
2.260000e+02 1.212000e+02
2.260000e+02 1.212000e+02
2.260000e+02 1.212000e+02
2.260000e+02 1.218000e+02
2.265000e+02 1.218000e+02
2.265000e+02 1.224000e+02
2.265000e+02 1.224000e+02
2.270000e+02 1.230000e+02
2.270000e+02 1.236000e+02
2.275000e+02 1.242000e+02
2.275000e+02 1.242000e+02
