3.865000e+02 1.020000e+02
3.862500e+02 1.018500e+02
3.860000e+02 1.017000e+02
3.857500e+02 1.015500e+02
3.855000e+02 1.014000e+02
3.853750e+02 1.012500e+02
3.852500e+02 1.011000e+02
3.851250e+02 1.009500e+02
3.850000e+02 1.008000e+02
3.850000e+02 1.008000e+02
3.850000e+02 1.008000e+02
3.850000e+02 1.008000e+02
3.850000e+02 1.008000e+02
3.848750e+02 1.009500e+02
3.847500e+02 1.011000e+02
3.846250e+02 1.012500e+02
3.845000e+02 1.014000e+02
3.845000e+02 1.014000e+02
3.845000e+02 1.014000e+02
3.845000e+02 1.014000e+02
3.845000e+02 1.014000e+02
3.843750e+02 1.017000e+02
3.842500e+02 1.020000e+02
3.841250e+02 1.023000e+02
3.840000e+02 1.026000e+02
3.840000e+02 1.030500e+02
3.840000e+02 1.035000e+02
3.840000e+02 1.039500e+02
3.840000e+02 1.044000e+02
3.838750e+02 1.051500e+02
3.837500e+02 1.059000e+02
3.836250e+02 1.066500e+02
3.835000e+02 1.074000e+02
3.832500e+02 1.090500e+02
3.830000e+02 1.107000e+02
3.827500e+02 1.123500e+02
3.825000e+02 1.140000e+02
3.823750e+02 1.150500e+02
3.822500e+02 1.161000e+02
3.821250e+02 1.171500e+02
3.820000e+02 1.182000e+02
3.820000e+02 1.194000e+02
3.820000e+02 1.206000e+02
3.820000e+02 1.218000e+02
3.820000e+02 1.230000e+02
3.818750e+02 1.243500e+02
3.817500e+02 1.257000e+02
3.816250e+02 1.270500e+02
3.815000e+02 1.284000e+02
3.813750e+02 1.296000e+02
3.812500e+02 1.308000e+02
3.811250e+02 1.320000e+02
3.810000e+02 1.332000e+02
3.810000e+02 1.345500e+02
3.810000e+02 1.359000e+02
3.810000e+02 1.372500e+02
3.810000e+02 1.386000e+02
3.808750e+02 1.399500e+02
3.807500e+02 1.413000e+02
3.806250e+02 1.426500e+02
3.805000e+02 1.440000e+02
3.805000e+02 1.453500e+02
3.805000e+02 1.467000e+02
3.805000e+02 1.480500e+02
3.805000e+02 1.494000e+02
3.803750e+02 1.509000e+02
3.802500e+02 1.524000e+02
3.801250e+02 1.539000e+02
3.800000e+02 1.554000e+02
3.800000e+02 1.567500e+02
3.800000e+02 1.581000e+02
3.800000e+02 1.594500e+02
3.800000e+02 1.608000e+02
3.800000e+02 1.620000e+02
3.800000e+02 1.632000e+02
3.800000e+02 1.644000e+02
3.800000e+02 1.656000e+02
3.798750e+02 1.677000e+02
3.797500e+02 1.698000e+02
3.796250e+02 1.719000e+02
3.795000e+02 1.740000e+02
3.795000e+02 1.758000e+02
3.795000e+02 1.776000e+02
3.795000e+02 1.794000e+02
3.795000e+02 1.812000e+02
3.793750e+02 1.833000e+02
3.792500e+02 1.854000e+02
3.791250e+02 1.875000e+02
3.790000e+02 1.896000e+02
3.790000e+02 1.908000e+02
3.790000e+02 1.920000e+02
3.790000e+02 1.932000e+02
3.790000e+02 1.944000e+02
3.790000e+02 1.950000e+02
3.790000e+02 1.956000e+02
3.790000e+02 1.962000e+02
3.790000e+02 1.968000e+02
3.790000e+02 1.989000e+02
3.790000e+02 2.010000e+02
3.790000e+02 2.031000e+02
3.790000e+02 2.052000e+02
3.790000e+02 2.064000e+02
3.790000e+02 2.076000e+02
3.790000e+02 2.088000e+02
3.790000e+02 2.100000e+02
3.790000e+02 2.110500e+02
3.790000e+02 2.121000e+02
3.790000e+02 2.131500e+02
3.790000e+02 2.142000e+02
3.790000e+02 2.154000e+02
3.790000e+02 2.166000e+02
3.790000e+02 2.178000e+02
3.790000e+02 2.190000e+02
3.790000e+02 2.200500e+02
3.790000e+02 2.211000e+02
3.790000e+02 2.221500e+02
3.790000e+02 2.232000e+02
3.790000e+02 2.242500e+02
3.790000e+02 2.253000e+02
3.790000e+02 2.263500e+02
3.790000e+02 2.274000e+02
3.790000e+02 2.284500e+02
3.790000e+02 2.295000e+02
3.790000e+02 2.305500e+02
3.790000e+02 2.316000e+02
3.790000e+02 2.326500e+02
3.790000e+02 2.337000e+02
3.790000e+02 2.347500e+02
3.790000e+02 2.358000e+02
3.790000e+02 2.367000e+02
3.790000e+02 2.376000e+02
3.790000e+02 2.385000e+02
3.790000e+02 2.394000e+02
3.791250e+02 2.406000e+02
3.792500e+02 2.418000e+02
3.793750e+02 2.430000e+02
3.795000e+02 2.442000e+02
3.795000e+02 2.451000e+02
3.795000e+02 2.460000e+02
3.795000e+02 2.469000e+02
3.795000e+02 2.478000e+02
3.796250e+02 2.487000e+02
3.797500e+02 2.496000e+02
3.798750e+02 2.505000e+02
3.800000e+02 2.514000e+02
3.800000e+02 2.521500e+02
3.800000e+02 2.529000e+02
3.800000e+02 2.536500e+02
3.800000e+02 2.544000e+02
3.800000e+02 2.550000e+02
3.800000e+02 2.556000e+02
3.800000e+02 2.568000e+02
3.802500e+02 2.580000e+02
3.805000e+02 2.592000e+02
3.805000e+02 2.604000e+02
3.805000e+02 2.616000e+02
3.807500e+02 2.625000e+02
3.810000e+02 2.634000e+02
3.810000e+02 2.646000e+02
3.810000e+02 2.658000e+02
3.812500e+02 2.670000e+02
3.815000e+02 2.682000e+02
3.815000e+02 2.691000e+02
3.815000e+02 2.700000e+02
3.815000e+02 2.709000e+02
3.815000e+02 2.718000e+02
3.817500e+02 2.727000e+02
3.820000e+02 2.736000e+02
3.820000e+02 2.742000e+02
3.820000e+02 2.748000e+02
3.822500e+02 2.757000e+02
3.825000e+02 2.766000e+02
3.825000e+02 2.772000e+02
3.825000e+02 2.778000e+02
3.825000e+02 2.781000e+02
3.825000e+02 2.784000e+02
3.825000e+02 2.790000e+02
3.825000e+02 2.796000e+02
3.825000e+02 2.799000e+02
3.825000e+02 2.802000e+02
3.825000e+02 2.805000e+02
3.825000e+02 2.808000e+02
3.825000e+02 2.811000e+02
3.825000e+02 2.814000e+02
3.825000e+02 2.814000e+02
3.825000e+02 2.814000e+02
3.825000e+02 2.817000e+02
3.825000e+02 2.820000e+02
3.825000e+02 2.820000e+02
3.825000e+02 2.820000e+02
3.825000e+02 2.823000e+02
3.825000e+02 2.826000e+02
3.825000e+02 2.826000e+02
3.825000e+02 2.826000e+02
3.825000e+02 2.826000e+02
3.825000e+02 2.826000e+02
3.827500e+02 2.823000e+02
3.830000e+02 2.820000e+02
3.830000e+02 2.820000e+02
3.830000e+02 2.820000e+02
