1.895000e+02 5.520000e+01
1.895000e+02 5.520000e+01
1.895000e+02 5.520000e+01
1.895000e+02 5.520000e+01
1.895000e+02 5.520000e+01
1.900000e+02 5.460000e+01
1.910000e+02 5.400000e+01
1.945000e+02 5.340000e+01
2.025000e+02 5.340000e+01
2.150000e+02 5.400000e+01
2.320000e+02 5.400000e+01
2.520000e+02 5.460000e+01
2.735000e+02 5.520000e+01
2.975000e+02 5.640000e+01
3.190000e+02 5.760000e+01
3.380000e+02 5.940000e+01
3.525000e+02 6.120000e+01
3.630000e+02 6.240000e+01
3.700000e+02 6.360000e+01
3.735000e+02 6.480000e+01
3.750000e+02 6.540000e+01
3.755000e+02 6.540000e+01
3.755000e+02 6.600000e+01
3.760000e+02 6.600000e+01
3.760000e+02 6.600000e+01
3.760000e+02 6.660000e+01
3.760000e+02 6.660000e+01
3.760000e+02 6.720000e+01
3.760000e+02 6.720000e+01
3.760000e+02 6.840000e+01
3.765000e+02 7.020000e+01
3.765000e+02 7.260000e+01
3.765000e+02 7.380000e+01
3.765000e+02 7.740000e+01
3.770000e+02 8.280000e+01
3.775000e+02 8.820000e+01
3.780000e+02 9.480000e+01
3.780000e+02 9.840000e+01
3.795000e+02 1.116000e+02
3.805000e+02 1.200000e+02
3.815000e+02 1.302000e+02
3.825000e+02 1.458000e+02
3.830000e+02 1.584000e+02
3.835000e+02 1.698000e+02
3.835000e+02 1.818000e+02
3.835000e+02 1.944000e+02
3.830000e+02 2.136000e+02
3.825000e+02 2.340000e+02
3.820000e+02 2.472000e+02
3.815000e+02 2.586000e+02
3.810000e+02 2.718000e+02
3.800000e+02 2.850000e+02
3.795000e+02 2.970000e+02
3.790000e+02 3.018000e+02
3.785000e+02 3.120000e+02
3.780000e+02 3.216000e+02
3.775000e+02 3.306000e+02
3.775000e+02 3.396000e+02
3.770000e+02 3.474000e+02
3.770000e+02 3.552000e+02
3.770000e+02 3.618000e+02
3.775000e+02 3.714000e+02
3.775000e+02 3.738000e+02
3.775000e+02 3.786000e+02
3.780000e+02 3.828000e+02
3.780000e+02 3.894000e+02
3.780000e+02 3.942000e+02
3.780000e+02 3.966000e+02
3.780000e+02 3.990000e+02
3.780000e+02 4.008000e+02
3.780000e+02 4.026000e+02
3.775000e+02 4.050000e+02
3.775000e+02 4.068000e+02
3.775000e+02 4.074000e+02
3.775000e+02 4.086000e+02
3.770000e+02 4.092000e+02
3.770000e+02 4.098000e+02
3.770000e+02 4.098000e+02
3.770000e+02 4.104000e+02
3.765000e+02 4.110000e+02
3.765000e+02 4.110000e+02
3.765000e+02 4.110000e+02
3.760000e+02 4.116000e+02
3.760000e+02 4.116000e+02
3.760000e+02 4.116000e+02
3.755000e+02 4.116000e+02
3.750000e+02 4.116000e+02
3.745000e+02 4.116000e+02
3.740000e+02 4.116000e+02
3.730000e+02 4.110000e+02
3.715000e+02 4.110000e+02
3.700000e+02 4.104000e+02
3.680000e+02 4.104000e+02
3.625000e+02 4.110000e+02
3.495000e+02 4.140000e+02
3.455000e+02 4.146000e+02
3.315000e+02 4.182000e+02
3.270000e+02 4.194000e+02
3.155000e+02 4.218000e+02
3.045000e+02 4.236000e+02
2.965000e+02 4.248000e+02
2.895000e+02 4.260000e+02
2.820000e+02 4.272000e+02
2.785000e+02 4.278000e+02
2.705000e+02 4.290000e+02
2.590000e+02 4.308000e+02
2.515000e+02 4.320000e+02
2.445000e+02 4.326000e+02
2.370000e+02 4.338000e+02
2.305000e+02 4.350000e+02
2.220000e+02 4.356000e+02
2.160000e+02 4.368000e+02
2.090000e+02 4.374000e+02
2.035000e+02 4.380000e+02
1.985000e+02 4.386000e+02
1.935000e+02 4.386000e+02
1.865000e+02 4.392000e+02
1.845000e+02 4.392000e+02
1.795000e+02 4.392000e+02
1.740000e+02 4.386000e+02
1.710000e+02 4.386000e+02
1.685000e+02 4.380000e+02
1.660000e+02 4.380000e+02
1.635000e+02 4.374000e+02
1.615000e+02 4.374000e+02
1.595000e+02 4.368000e+02
1.570000e+02 4.362000e+02
1.550000e+02 4.356000e+02
1.535000e+02 4.356000e+02
1.525000e+02 4.350000e+02
1.515000e+02 4.350000e+02
1.510000e+02 4.344000e+02
1.500000e+02 4.344000e+02
1.495000e+02 4.338000e+02
1.490000e+02 4.338000e+02
1.480000e+02 4.332000e+02
1.480000e+02 4.326000e+02
1.475000e+02 4.320000e+02
1.470000e+02 4.308000e+02
1.465000e+02 4.290000e+02
1.460000e+02 4.254000e+02
1.455000e+02 4.212000e+02
1.455000e+02 4.146000e+02
1.455000e+02 4.080000e+02
1.460000e+02 4.008000e+02
1.460000e+02 3.936000e+02
1.460000e+02 3.852000e+02
1.460000e+02 3.768000e+02
1.455000e+02 3.636000e+02
1.445000e+02 3.492000e+02
1.440000e+02 3.396000e+02
1.440000e+02 3.294000e+02
1.435000e+02 3.174000e+02
1.435000e+02 3.060000e+02
1.430000e+02 2.946000e+02
1.420000e+02 2.832000e+02
1.415000e+02 2.706000e+02
1.410000e+02 2.586000e+02
1.405000e+02 2.478000e+02
1.400000e+02 2.370000e+02
1.395000e+02 2.256000e+02
1.385000e+02 2.136000e+02
1.380000e+02 1.968000e+02
1.370000e+02 1.866000e+02
1.365000e+02 1.758000e+02
1.360000e+02 1.650000e+02
1.350000e+02 1.536000e+02
1.345000e+02 1.446000e+02
1.340000e+02 1.344000e+02
1.330000e+02 1.254000e+02
1.320000e+02 1.170000e+02
1.310000e+02 1.086000e+02
1.305000e+02 1.008000e+02
1.300000e+02 9.300000e+01
1.300000e+02 8.640000e+01
1.300000e+02 8.040000e+01
1.300000e+02 7.500000e+01
1.300000e+02 7.020000e+01
1.300000e+02 6.660000e+01
1.305000e+02 6.300000e+01
1.310000e+02 5.940000e+01
1.310000e+02 5.700000e+01
1.315000e+02 5.520000e+01
1.315000e+02 5.340000e+01
1.320000e+02 5.280000e+01
1.320000e+02 5.160000e+01
1.325000e+02 5.040000e+01
1.325000e+02 5.040000e+01
1.330000e+02 4.980000e+01
1.330000e+02 4.920000e+01
1.335000e+02 4.920000e+01
1.340000e+02 4.860000e+01
1.340000e+02 4.860000e+01
1.345000e+02 4.860000e+01
1.345000e+02 4.860000e+01
1.345000e+02 4.860000e+01
1.350000e+02 4.920000e+01
1.355000e+02 5.040000e+01
1.360000e+02 5.160000e+01
1.360000e+02 5.160000e+01
