1.070000e+02 2.178000e+02
1.070000e+02 2.178000e+02
1.070000e+02 2.178000e+02
1.070000e+02 2.178000e+02
1.070000e+02 2.178000e+02
1.071250e+02 2.179500e+02
1.072500e+02 2.181000e+02
1.073750e+02 2.182500e+02
1.075000e+02 2.184000e+02
1.076250e+02 2.184000e+02
1.077500e+02 2.184000e+02
1.080000e+02 2.184000e+02
1.082500e+02 2.184000e+02
1.085000e+02 2.184000e+02
1.095000e+02 2.184000e+02
1.105000e+02 2.184000e+02
1.112500e+02 2.184000e+02
1.120000e+02 2.184000e+02
1.135000e+02 2.184000e+02
1.150000e+02 2.184000e+02
1.167500e+02 2.184000e+02
1.185000e+02 2.184000e+02
1.212500e+02 2.187000e+02
1.240000e+02 2.190000e+02
1.250000e+02 2.190000e+02
1.260000e+02 2.190000e+02
1.285000e+02 2.193000e+02
1.310000e+02 2.196000e+02
1.332500e+02 2.196000e+02
1.355000e+02 2.196000e+02
1.382500e+02 2.196000e+02
1.410000e+02 2.196000e+02
1.450000e+02 2.199000e+02
1.490000e+02 2.202000e+02
1.507500e+02 2.202000e+02
1.525000e+02 2.202000e+02
1.567500e+02 2.205000e+02
1.610000e+02 2.208000e+02
1.627500e+02 2.208000e+02
1.645000e+02 2.208000e+02
1.675000e+02 2.211000e+02
1.705000e+02 2.214000e+02
1.735000e+02 2.214000e+02
1.765000e+02 2.214000e+02
1.795000e+02 2.217000e+02
1.825000e+02 2.220000e+02
1.857500e+02 2.220000e+02
1.890000e+02 2.220000e+02
1.920000e+02 2.220000e+02
1.950000e+02 2.220000e+02
2.002500e+02 2.220000e+02
2.055000e+02 2.220000e+02
2.085000e+02 2.220000e+02
2.115000e+02 2.220000e+02
2.152500e+02 2.220000e+02
2.190000e+02 2.220000e+02
2.222500e+02 2.217000e+02
2.255000e+02 2.214000e+02
2.295000e+02 2.214000e+02
2.335000e+02 2.214000e+02
2.375000e+02 2.211000e+02
2.415000e+02 2.208000e+02
2.447500e+02 2.208000e+02
2.480000e+02 2.208000e+02
2.517500e+02 2.205000e+02
2.555000e+02 2.202000e+02
2.587500e+02 2.202000e+02
2.620000e+02 2.202000e+02
2.657500e+02 2.199000e+02
2.695000e+02 2.196000e+02
2.725000e+02 2.196000e+02
2.755000e+02 2.196000e+02
2.787500e+02 2.196000e+02
2.820000e+02 2.196000e+02
2.852500e+02 2.196000e+02
2.885000e+02 2.196000e+02
2.917500e+02 2.196000e+02
2.950000e+02 2.196000e+02
2.987500e+02 2.196000e+02
3.025000e+02 2.196000e+02
3.057500e+02 2.193000e+02
3.090000e+02 2.190000e+02
3.125000e+02 2.190000e+02
3.160000e+02 2.190000e+02
3.190000e+02 2.190000e+02
3.220000e+02 2.190000e+02
3.272500e+02 2.190000e+02
3.325000e+02 2.190000e+02
3.342500e+02 2.187000e+02
3.360000e+02 2.184000e+02
3.427500e+02 2.181000e+02
3.495000e+02 2.178000e+02
3.530000e+02 2.178000e+02
3.565000e+02 2.178000e+02
3.600000e+02 2.178000e+02
3.635000e+02 2.178000e+02
3.687500e+02 2.172000e+02
3.740000e+02 2.166000e+02
3.790000e+02 2.163000e+02
3.840000e+02 2.160000e+02
3.875000e+02 2.157000e+02
3.910000e+02 2.154000e+02
3.937500e+02 2.154000e+02
3.965000e+02 2.154000e+02
4.002500e+02 2.151000e+02
4.040000e+02 2.148000e+02
4.070000e+02 2.148000e+02
4.100000e+02 2.148000e+02
4.132500e+02 2.145000e+02
4.165000e+02 2.142000e+02
4.195000e+02 2.139000e+02
4.225000e+02 2.136000e+02
4.257500e+02 2.136000e+02
4.290000e+02 2.136000e+02
4.320000e+02 2.133000e+02
4.350000e+02 2.130000e+02
4.380000e+02 2.127000e+02
4.410000e+02 2.124000e+02
4.447500e+02 2.124000e+02
4.485000e+02 2.124000e+02
4.512500e+02 2.121000e+02
4.540000e+02 2.118000e+02
4.552500e+02 2.118000e+02
4.565000e+02 2.118000e+02
4.592500e+02 2.115000e+02
4.620000e+02 2.112000e+02
4.645000e+02 2.112000e+02
4.670000e+02 2.112000e+02
4.692500e+02 2.109000e+02
4.715000e+02 2.106000e+02
4.737500e+02 2.106000e+02
4.760000e+02 2.106000e+02
4.782500e+02 2.103000e+02
4.805000e+02 2.100000e+02
4.830000e+02 2.097000e+02
4.855000e+02 2.094000e+02
4.865000e+02 2.094000e+02
4.875000e+02 2.094000e+02
4.907500e+02 2.091000e+02
4.940000e+02 2.088000e+02
4.952500e+02 2.085000e+02
4.965000e+02 2.082000e+02
4.980000e+02 2.082000e+02
4.995000e+02 2.082000e+02
5.020000e+02 2.079000e+02
5.045000e+02 2.076000e+02
5.065000e+02 2.076000e+02
5.085000e+02 2.076000e+02
5.107500e+02 2.076000e+02
5.130000e+02 2.076000e+02
5.140000e+02 2.076000e+02
5.150000e+02 2.076000e+02
5.165000e+02 2.076000e+02
5.180000e+02 2.076000e+02
5.197500e+02 2.076000e+02
5.215000e+02 2.076000e+02
5.227500e+02 2.076000e+02
5.240000e+02 2.076000e+02
5.255000e+02 2.073000e+02
5.270000e+02 2.070000e+02
5.285000e+02 2.070000e+02
5.300000e+02 2.070000e+02
5.312500e+02 2.070000e+02
5.325000e+02 2.070000e+02
5.335000e+02 2.070000e+02
5.345000e+02 2.070000e+02
5.352500e+02 2.070000e+02
5.360000e+02 2.070000e+02
5.370000e+02 2.070000e+02
5.380000e+02 2.070000e+02
5.390000e+02 2.070000e+02
5.400000e+02 2.070000e+02
5.405000e+02 2.070000e+02
5.410000e+02 2.070000e+02
5.415000e+02 2.070000e+02
5.420000e+02 2.070000e+02
5.427500e+02 2.070000e+02
5.435000e+02 2.070000e+02
5.437500e+02 2.070000e+02
5.440000e+02 2.070000e+02
5.442500e+02 2.070000e+02
5.445000e+02 2.070000e+02
5.447500e+02 2.070000e+02
5.450000e+02 2.070000e+02
5.452500e+02 2.070000e+02
5.455000e+02 2.070000e+02
5.457500e+02 2.070000e+02
5.460000e+02 2.070000e+02
5.460000e+02 2.070000e+02
5.460000e+02 2.070000e+02
5.462500e+02 2.073000e+02
5.465000e+02 2.076000e+02
5.465000e+02 2.076000e+02
5.465000e+02 2.076000e+02
5.467500e+02 2.076000e+02
5.470000e+02 2.076000e+02
5.475000e+02 2.082000e+02
5.480000e+02 2.088000e+02
5.480000e+02 2.088000e+02
5.480000e+02 2.088000e+02
