1.565000e+02 1.548000e+02
1.565000e+02 1.548000e+02
1.565000e+02 1.548000e+02
1.567500e+02 1.548000e+02
1.570000e+02 1.548000e+02
1.572500e+02 1.548000e+02
1.575000e+02 1.548000e+02
1.575000e+02 1.548000e+02
1.575000e+02 1.548000e+02
1.580000e+02 1.545000e+02
1.585000e+02 1.542000e+02
1.592500e+02 1.542000e+02
1.600000e+02 1.542000e+02
1.610000e+02 1.539000e+02
1.620000e+02 1.536000e+02
1.660000e+02 1.536000e+02
1.685000e+02 1.530000e+02
1.730000e+02 1.530000e+02
1.795000e+02 1.524000e+02
1.860000e+02 1.518000e+02
1.950000e+02 1.512000e+02
2.045000e+02 1.500000e+02
2.190000e+02 1.476000e+02
2.240000e+02 1.470000e+02
2.345000e+02 1.452000e+02
2.465000e+02 1.428000e+02
2.580000e+02 1.410000e+02
2.695000e+02 1.392000e+02
2.810000e+02 1.374000e+02
2.935000e+02 1.356000e+02
3.065000e+02 1.338000e+02
3.200000e+02 1.326000e+02
3.330000e+02 1.314000e+02
3.455000e+02 1.302000e+02
3.575000e+02 1.290000e+02
3.705000e+02 1.284000e+02
3.820000e+02 1.278000e+02
3.935000e+02 1.278000e+02
4.045000e+02 1.272000e+02
4.155000e+02 1.272000e+02
4.270000e+02 1.266000e+02
4.420000e+02 1.260000e+02
4.510000e+02 1.260000e+02
4.590000e+02 1.254000e+02
4.665000e+02 1.254000e+02
4.725000e+02 1.254000e+02
4.780000e+02 1.248000e+02
4.815000e+02 1.248000e+02
4.845000e+02 1.248000e+02
4.870000e+02 1.248000e+02
4.885000e+02 1.248000e+02
4.905000e+02 1.248000e+02
4.910000e+02 1.254000e+02
4.915000e+02 1.254000e+02
4.915000e+02 1.254000e+02
4.925000e+02 1.260000e+02
4.930000e+02 1.272000e+02
4.935000e+02 1.278000e+02
4.935000e+02 1.296000e+02
4.940000e+02 1.320000e+02
4.945000e+02 1.344000e+02
4.950000e+02 1.380000e+02
4.955000e+02 1.422000e+02
4.960000e+02 1.470000e+02
4.960000e+02 1.524000e+02
4.965000e+02 1.596000e+02
4.965000e+02 1.662000e+02
4.960000e+02 1.740000e+02
4.955000e+02 1.818000e+02
4.950000e+02 1.908000e+02
4.945000e+02 1.950000e+02
4.925000e+02 2.100000e+02
4.915000e+02 2.148000e+02
4.905000e+02 2.238000e+02
4.895000e+02 2.340000e+02
4.890000e+02 2.430000e+02
4.880000e+02 2.538000e+02
4.875000e+02 2.628000e+02
4.870000e+02 2.712000e+02
4.865000e+02 2.796000e+02
4.865000e+02 2.874000e+02
4.860000e+02 2.958000e+02
4.855000e+02 3.060000e+02
4.855000e+02 3.126000e+02
4.855000e+02 3.180000e+02
4.850000e+02 3.228000e+02
4.850000e+02 3.270000e+02
4.850000e+02 3.300000e+02
4.850000e+02 3.324000e+02
4.850000e+02 3.342000e+02
4.850000e+02 3.354000e+02
4.845000e+02 3.366000e+02
4.845000e+02 3.372000e+02
4.845000e+02 3.378000e+02
4.845000e+02 3.384000e+02
4.845000e+02 3.384000e+02
4.840000e+02 3.384000e+02
4.840000e+02 3.390000e+02
4.835000e+02 3.390000e+02
4.825000e+02 3.396000e+02
4.815000e+02 3.402000e+02
4.785000e+02 3.408000e+02
4.765000e+02 3.414000e+02
4.680000e+02 3.420000e+02
4.620000e+02 3.426000e+02
4.560000e+02 3.426000e+02
4.490000e+02 3.426000e+02
4.420000e+02 3.432000e+02
4.340000e+02 3.432000e+02
4.250000e+02 3.438000e+02
4.110000e+02 3.444000e+02
4.070000e+02 3.444000e+02
3.970000e+02 3.450000e+02
3.875000e+02 3.462000e+02
3.830000e+02 3.468000e+02
3.720000e+02 3.480000e+02
3.620000e+02 3.486000e+02
3.465000e+02 3.504000e+02
3.365000e+02 3.516000e+02
3.200000e+02 3.534000e+02
3.095000e+02 3.546000e+02
2.990000e+02 3.558000e+02
2.885000e+02 3.570000e+02
2.785000e+02 3.582000e+02
2.675000e+02 3.594000e+02
2.575000e+02 3.606000e+02
2.475000e+02 3.618000e+02
2.335000e+02 3.636000e+02
2.235000e+02 3.648000e+02
2.145000e+02 3.660000e+02
2.060000e+02 3.672000e+02
1.975000e+02 3.684000e+02
1.895000e+02 3.696000e+02
1.820000e+02 3.708000e+02
1.745000e+02 3.720000e+02
1.685000e+02 3.732000e+02
1.615000e+02 3.744000e+02
1.565000e+02 3.750000e+02
1.510000e+02 3.762000e+02
1.465000e+02 3.768000e+02
1.430000e+02 3.774000e+02
1.385000e+02 3.780000e+02
1.375000e+02 3.780000e+02
1.355000e+02 3.780000e+02
1.340000e+02 3.780000e+02
1.325000e+02 3.774000e+02
1.320000e+02 3.774000e+02
1.310000e+02 3.768000e+02
1.305000e+02 3.756000e+02
1.300000e+02 3.744000e+02
1.295000e+02 3.732000e+02
1.295000e+02 3.714000e+02
1.290000e+02 3.696000e+02
1.285000e+02 3.666000e+02
1.285000e+02 3.648000e+02
1.285000e+02 3.618000e+02
1.280000e+02 3.582000e+02
1.275000e+02 3.534000e+02
1.275000e+02 3.480000e+02
1.270000e+02 3.426000e+02
1.270000e+02 3.318000e+02
1.275000e+02 3.228000e+02
1.280000e+02 3.102000e+02
1.285000e+02 3.006000e+02
1.290000e+02 2.910000e+02
1.300000e+02 2.814000e+02
1.315000e+02 2.700000e+02
1.335000e+02 2.586000e+02
1.350000e+02 2.490000e+02
1.365000e+02 2.382000e+02
1.380000e+02 2.280000e+02
1.395000e+02 2.184000e+02
1.410000e+02 2.094000e+02
1.425000e+02 2.010000e+02
1.440000e+02 1.926000e+02
1.460000e+02 1.848000e+02
1.470000e+02 1.776000e+02
1.485000e+02 1.704000e+02
1.495000e+02 1.644000e+02
1.505000e+02 1.596000e+02
1.515000e+02 1.548000e+02
1.520000e+02 1.500000e+02
1.530000e+02 1.470000e+02
1.535000e+02 1.428000e+02
1.540000e+02 1.404000e+02
1.545000e+02 1.392000e+02
1.545000e+02 1.374000e+02
1.550000e+02 1.368000e+02
1.550000e+02 1.356000e+02
1.550000e+02 1.356000e+02
1.550000e+02 1.350000e+02
1.555000e+02 1.350000e+02
1.555000e+02 1.344000e+02
1.555000e+02 1.344000e+02
1.555000e+02 1.344000e+02
1.555000e+02 1.350000e+02
1.555000e+02 1.350000e+02
1.555000e+02 1.362000e+02
1.555000e+02 1.380000e+02
1.555000e+02 1.380000e+02
