9.150000e+01 1.350000e+02
9.150000e+01 1.350000e+02
9.150000e+01 1.350000e+02
9.150000e+01 1.350000e+02
9.150000e+01 1.350000e+02
9.137500e+01 1.350000e+02
9.125000e+01 1.350000e+02
9.112500e+01 1.350000e+02
9.100000e+01 1.350000e+02
9.087500e+01 1.350000e+02
9.075000e+01 1.350000e+02
9.062500e+01 1.350000e+02
9.050000e+01 1.350000e+02
9.037500e+01 1.350000e+02
9.025000e+01 1.350000e+02
9.012500e+01 1.350000e+02
9.000000e+01 1.350000e+02
9.000000e+01 1.350000e+02
9.000000e+01 1.350000e+02
9.000000e+01 1.350000e+02
9.000000e+01 1.350000e+02
8.975000e+01 1.351500e+02
8.950000e+01 1.353000e+02
8.925000e+01 1.354500e+02
8.900000e+01 1.356000e+02
8.900000e+01 1.357500e+02
8.900000e+01 1.359000e+02
8.900000e+01 1.360500e+02
8.900000e+01 1.362000e+02
8.887500e+01 1.363500e+02
8.875000e+01 1.365000e+02
8.862500e+01 1.366500e+02
8.850000e+01 1.368000e+02
8.850000e+01 1.369500e+02
8.850000e+01 1.371000e+02
8.850000e+01 1.372500e+02
8.850000e+01 1.374000e+02
8.837500e+01 1.378500e+02
8.825000e+01 1.383000e+02
8.812500e+01 1.387500e+02
8.800000e+01 1.392000e+02
8.800000e+01 1.396500e+02
8.800000e+01 1.401000e+02
8.800000e+01 1.405500e+02
8.800000e+01 1.410000e+02
8.800000e+01 1.417500e+02
8.800000e+01 1.425000e+02
8.800000e+01 1.432500e+02
8.800000e+01 1.440000e+02
8.800000e+01 1.447500e+02
8.800000e+01 1.455000e+02
8.800000e+01 1.462500e+02
8.800000e+01 1.470000e+02
8.800000e+01 1.482000e+02
8.800000e+01 1.494000e+02
8.800000e+01 1.506000e+02
8.800000e+01 1.518000e+02
8.800000e+01 1.533000e+02
8.800000e+01 1.548000e+02
8.800000e+01 1.563000e+02
8.800000e+01 1.578000e+02
8.787500e+01 1.588500e+02
8.775000e+01 1.599000e+02
8.762500e+01 1.609500e+02
8.750000e+01 1.620000e+02
8.750000e+01 1.638000e+02
8.750000e+01 1.656000e+02
8.750000e+01 1.674000e+02
8.750000e+01 1.692000e+02
8.737500e+01 1.704000e+02
8.725000e+01 1.716000e+02
8.712500e+01 1.728000e+02
8.700000e+01 1.740000e+02
8.687500e+01 1.753500e+02
8.675000e+01 1.767000e+02
8.662500e+01 1.780500e+02
8.650000e+01 1.794000e+02
8.637500e+01 1.806000e+02
8.625000e+01 1.818000e+02
8.612500e+01 1.830000e+02
8.600000e+01 1.842000e+02
8.600000e+01 1.855500e+02
8.600000e+01 1.869000e+02
8.600000e+01 1.882500e+02
8.600000e+01 1.896000e+02
8.587500e+01 1.908000e+02
8.575000e+01 1.920000e+02
8.562500e+01 1.932000e+02
8.550000e+01 1.944000e+02
8.550000e+01 1.956000e+02
8.550000e+01 1.968000e+02
8.550000e+01 1.980000e+02
8.550000e+01 1.992000e+02
8.550000e+01 2.005500e+02
8.550000e+01 2.019000e+02
8.550000e+01 2.032500e+02
8.550000e+01 2.046000e+02
8.550000e+01 2.058000e+02
8.550000e+01 2.070000e+02
8.550000e+01 2.082000e+02
8.550000e+01 2.094000e+02
8.550000e+01 2.107500e+02
8.550000e+01 2.121000e+02
8.550000e+01 2.134500e+02
8.550000e+01 2.148000e+02
8.550000e+01 2.160000e+02
8.550000e+01 2.172000e+02
8.550000e+01 2.184000e+02
8.550000e+01 2.196000e+02
8.562500e+01 2.208000e+02
8.575000e+01 2.220000e+02
8.587500e+01 2.232000e+02
8.600000e+01 2.244000e+02
8.600000e+01 2.257500e+02
8.600000e+01 2.271000e+02
8.600000e+01 2.284500e+02
8.600000e+01 2.298000e+02
8.612500e+01 2.317500e+02
8.625000e+01 2.337000e+02
8.637500e+01 2.356500e+02
8.650000e+01 2.376000e+02
8.650000e+01 2.389500e+02
8.650000e+01 2.403000e+02
8.650000e+01 2.416500e+02
8.650000e+01 2.430000e+02
8.650000e+01 2.442000e+02
8.650000e+01 2.454000e+02
8.650000e+01 2.466000e+02
8.650000e+01 2.478000e+02
8.637500e+01 2.488500e+02
8.625000e+01 2.499000e+02
8.612500e+01 2.509500e+02
8.600000e+01 2.520000e+02
8.600000e+01 2.530500e+02
8.600000e+01 2.541000e+02
8.600000e+01 2.551500e+02
8.600000e+01 2.562000e+02
8.600000e+01 2.574000e+02
8.600000e+01 2.586000e+02
8.600000e+01 2.598000e+02
8.600000e+01 2.610000e+02
8.587500e+01 2.620500e+02
8.575000e+01 2.631000e+02
8.562500e+01 2.641500e+02
8.550000e+01 2.652000e+02
8.537500e+01 2.661000e+02
8.525000e+01 2.670000e+02
8.512500e+01 2.679000e+02
8.500000e+01 2.688000e+02
8.500000e+01 2.697000e+02
8.500000e+01 2.706000e+02
8.500000e+01 2.724000e+02
8.475000e+01 2.742000e+02
8.450000e+01 2.760000e+02
8.425000e+01 2.778000e+02
8.400000e+01 2.796000e+02
8.400000e+01 2.811000e+02
8.400000e+01 2.826000e+02
8.375000e+01 2.838000e+02
8.350000e+01 2.850000e+02
8.350000e+01 2.862000e+02
8.350000e+01 2.874000e+02
8.350000e+01 2.883000e+02
8.350000e+01 2.892000e+02
8.325000e+01 2.898000e+02
8.300000e+01 2.904000e+02
8.300000e+01 2.913000e+02
8.300000e+01 2.922000e+02
8.300000e+01 2.925000e+02
8.300000e+01 2.928000e+02
8.275000e+01 2.934000e+02
8.250000e+01 2.940000e+02
8.250000e+01 2.943000e+02
8.250000e+01 2.946000e+02
8.250000e+01 2.949000e+02
8.250000e+01 2.952000e+02
8.250000e+01 2.955000e+02
8.250000e+01 2.958000e+02
8.250000e+01 2.961000e+02
8.250000e+01 2.964000e+02
8.250000e+01 2.964000e+02
8.250000e+01 2.964000e+02
8.225000e+01 2.967000e+02
8.200000e+01 2.970000e+02
8.200000e+01 2.970000e+02
8.200000e+01 2.970000e+02
8.200000e+01 2.973000e+02
8.200000e+01 2.976000e+02
8.200000e+01 2.976000e+02
8.200000e+01 2.976000e+02
8.200000e+01 2.976000e+02
8.200000e+01 2.976000e+02
8.200000e+01 2.976000e+02
8.200000e+01 2.976000e+02
8.200000e+01 2.976000e+02
8.200000e+01 2.976000e+02
8.200000e+01 2.976000e+02
8.200000e+01 2.976000e+02
8.200000e+01 2.976000e+02
8.200000e+01 2.976000e+02
