1.665000e+02 2.436000e+02
1.665000e+02 2.436000e+02
1.665000e+02 2.436000e+02
1.665000e+02 2.436000e+02
1.665000e+02 2.436000e+02
1.675000e+02 2.436000e+02
1.685000e+02 2.436000e+02
1.695000e+02 2.436000e+02
1.705000e+02 2.436000e+02
1.720000e+02 2.434500e+02
1.735000e+02 2.433000e+02
1.750000e+02 2.431500e+02
1.765000e+02 2.430000e+02
1.771250e+02 2.430000e+02
1.777500e+02 2.430000e+02
1.783750e+02 2.430000e+02
1.790000e+02 2.430000e+02
1.806250e+02 2.428500e+02
1.822500e+02 2.427000e+02
1.838750e+02 2.425500e+02
1.855000e+02 2.424000e+02
1.867500e+02 2.425500e+02
1.880000e+02 2.427000e+02
1.905000e+02 2.430000e+02
1.932500e+02 2.430000e+02
1.960000e+02 2.430000e+02
1.987500e+02 2.430000e+02
2.015000e+02 2.430000e+02
2.060000e+02 2.433000e+02
2.105000e+02 2.436000e+02
2.135000e+02 2.436000e+02
2.165000e+02 2.436000e+02
2.195000e+02 2.436000e+02
2.225000e+02 2.436000e+02
2.255000e+02 2.436000e+02
2.285000e+02 2.436000e+02
2.312500e+02 2.436000e+02
2.340000e+02 2.436000e+02
2.370000e+02 2.436000e+02
2.400000e+02 2.436000e+02
2.430000e+02 2.439000e+02
2.460000e+02 2.442000e+02
2.487500e+02 2.442000e+02
2.515000e+02 2.442000e+02
2.547500e+02 2.442000e+02
2.580000e+02 2.442000e+02
2.610000e+02 2.442000e+02
2.640000e+02 2.442000e+02
2.667500e+02 2.445000e+02
2.695000e+02 2.448000e+02
2.737500e+02 2.448000e+02
2.780000e+02 2.448000e+02
2.810000e+02 2.448000e+02
2.840000e+02 2.448000e+02
2.867500e+02 2.448000e+02
2.895000e+02 2.448000e+02
2.922500e+02 2.448000e+02
2.950000e+02 2.448000e+02
2.975000e+02 2.448000e+02
3.000000e+02 2.448000e+02
3.027500e+02 2.448000e+02
3.055000e+02 2.448000e+02
3.082500e+02 2.448000e+02
3.110000e+02 2.448000e+02
3.150000e+02 2.451000e+02
3.190000e+02 2.454000e+02
3.230000e+02 2.454000e+02
3.270000e+02 2.454000e+02
3.307500e+02 2.454000e+02
3.345000e+02 2.454000e+02
3.360000e+02 2.454000e+02
3.375000e+02 2.454000e+02
3.400000e+02 2.454000e+02
3.425000e+02 2.454000e+02
3.450000e+02 2.454000e+02
3.475000e+02 2.454000e+02
3.502500e+02 2.454000e+02
3.530000e+02 2.454000e+02
3.552500e+02 2.454000e+02
3.575000e+02 2.454000e+02
3.602500e+02 2.451000e+02
3.630000e+02 2.448000e+02
3.645000e+02 2.448000e+02
3.660000e+02 2.448000e+02
3.700000e+02 2.448000e+02
3.740000e+02 2.448000e+02
3.782500e+02 2.448000e+02
3.825000e+02 2.448000e+02
3.855000e+02 2.445000e+02
3.885000e+02 2.442000e+02
3.912500e+02 2.442000e+02
3.940000e+02 2.442000e+02
3.980000e+02 2.439000e+02
4.020000e+02 2.436000e+02
4.032500e+02 2.436000e+02
4.045000e+02 2.436000e+02
4.070000e+02 2.436000e+02
4.095000e+02 2.436000e+02
4.122500e+02 2.433000e+02
4.150000e+02 2.430000e+02
4.177500e+02 2.430000e+02
4.205000e+02 2.430000e+02
4.235000e+02 2.430000e+02
4.265000e+02 2.430000e+02
4.292500e+02 2.427000e+02
4.320000e+02 2.424000e+02
4.347500e+02 2.424000e+02
4.375000e+02 2.424000e+02
4.402500e+02 2.421000e+02
4.430000e+02 2.418000e+02
4.457500e+02 2.418000e+02
4.485000e+02 2.418000e+02
4.515000e+02 2.415000e+02
4.545000e+02 2.412000e+02
4.570000e+02 2.409000e+02
4.595000e+02 2.406000e+02
4.632500e+02 2.406000e+02
4.670000e+02 2.406000e+02
4.707500e+02 2.403000e+02
4.745000e+02 2.400000e+02
4.770000e+02 2.400000e+02
4.795000e+02 2.400000e+02
4.815000e+02 2.400000e+02
4.835000e+02 2.400000e+02
4.855000e+02 2.397000e+02
4.875000e+02 2.394000e+02
4.897500e+02 2.394000e+02
4.920000e+02 2.394000e+02
4.940000e+02 2.394000e+02
4.960000e+02 2.394000e+02
4.977500e+02 2.391000e+02
4.995000e+02 2.388000e+02
5.012500e+02 2.388000e+02
5.030000e+02 2.388000e+02
5.057500e+02 2.388000e+02
5.085000e+02 2.388000e+02
5.092500e+02 2.388000e+02
5.100000e+02 2.388000e+02
5.127500e+02 2.385000e+02
5.155000e+02 2.382000e+02
5.182500e+02 2.382000e+02
5.210000e+02 2.382000e+02
5.227500e+02 2.382000e+02
5.245000e+02 2.382000e+02
5.267500e+02 2.379000e+02
5.290000e+02 2.376000e+02
5.310000e+02 2.376000e+02
5.330000e+02 2.376000e+02
5.350000e+02 2.376000e+02
5.370000e+02 2.376000e+02
5.390000e+02 2.373000e+02
5.410000e+02 2.370000e+02
5.427500e+02 2.370000e+02
5.445000e+02 2.370000e+02
5.460000e+02 2.367000e+02
5.475000e+02 2.364000e+02
5.490000e+02 2.364000e+02
5.505000e+02 2.364000e+02
5.520000e+02 2.361000e+02
5.535000e+02 2.358000e+02
5.542500e+02 2.358000e+02
5.550000e+02 2.358000e+02
5.562500e+02 2.358000e+02
5.575000e+02 2.358000e+02
5.587500e+02 2.355000e+02
5.600000e+02 2.352000e+02
5.612500e+02 2.352000e+02
5.625000e+02 2.352000e+02
5.642500e+02 2.349000e+02
5.660000e+02 2.346000e+02
5.675000e+02 2.343000e+02
5.690000e+02 2.340000e+02
5.697500e+02 2.340000e+02
5.705000e+02 2.340000e+02
5.712500e+02 2.340000e+02
5.720000e+02 2.340000e+02
5.725000e+02 2.340000e+02
5.730000e+02 2.340000e+02
5.735000e+02 2.340000e+02
5.740000e+02 2.340000e+02
5.745000e+02 2.340000e+02
5.750000e+02 2.340000e+02
5.755000e+02 2.340000e+02
5.760000e+02 2.340000e+02
5.765000e+02 2.340000e+02
5.770000e+02 2.340000e+02
5.775000e+02 2.340000e+02
5.780000e+02 2.340000e+02
5.782500e+02 2.340000e+02
5.785000e+02 2.340000e+02
5.790000e+02 2.340000e+02
5.795000e+02 2.340000e+02
5.800000e+02 2.340000e+02
5.805000e+02 2.340000e+02
5.807500e+02 2.340000e+02
5.810000e+02 2.340000e+02
5.815000e+02 2.346000e+02
5.820000e+02 2.352000e+02
5.820000e+02 2.352000e+02
5.820000e+02 2.352000e+02
