1.275000e+02 3.636000e+02
1.275000e+02 3.636000e+02
1.275000e+02 3.636000e+02
1.277500e+02 3.630000e+02
1.280000e+02 3.624000e+02
1.280000e+02 3.618000e+02
1.280000e+02 3.612000e+02
1.282500e+02 3.600000e+02
1.285000e+02 3.588000e+02
1.287500e+02 3.576000e+02
1.290000e+02 3.564000e+02
1.295000e+02 3.546000e+02
1.300000e+02 3.528000e+02
1.307500e+02 3.513000e+02
1.315000e+02 3.498000e+02
1.322500e+02 3.477000e+02
1.330000e+02 3.456000e+02
1.337500e+02 3.435000e+02
1.345000e+02 3.414000e+02
1.355000e+02 3.390000e+02
1.365000e+02 3.366000e+02
1.375000e+02 3.342000e+02
1.385000e+02 3.318000e+02
1.392500e+02 3.297000e+02
1.400000e+02 3.276000e+02
1.415000e+02 3.234000e+02
1.430000e+02 3.192000e+02
1.447500e+02 3.153000e+02
1.465000e+02 3.114000e+02
1.482500e+02 3.069000e+02
1.500000e+02 3.024000e+02
1.512500e+02 2.994000e+02
1.525000e+02 2.964000e+02
1.542500e+02 2.931000e+02
1.560000e+02 2.898000e+02
1.575000e+02 2.865000e+02
1.590000e+02 2.832000e+02
1.607500e+02 2.796000e+02
1.625000e+02 2.760000e+02
1.645000e+02 2.724000e+02
1.665000e+02 2.688000e+02
1.685000e+02 2.649000e+02
1.705000e+02 2.610000e+02
1.720000e+02 2.577000e+02
1.735000e+02 2.544000e+02
1.752500e+02 2.511000e+02
1.770000e+02 2.478000e+02
1.797500e+02 2.427000e+02
1.825000e+02 2.376000e+02
1.832500e+02 2.358000e+02
1.840000e+02 2.340000e+02
1.867500e+02 2.286000e+02
1.895000e+02 2.232000e+02
1.902500e+02 2.217000e+02
1.910000e+02 2.202000e+02
1.937500e+02 2.154000e+02
1.965000e+02 2.106000e+02
1.977500e+02 2.076000e+02
1.990000e+02 2.046000e+02
2.007500e+02 2.013000e+02
2.025000e+02 1.980000e+02
2.042500e+02 1.950000e+02
2.060000e+02 1.920000e+02
2.067500e+02 1.902000e+02
2.075000e+02 1.884000e+02
2.092500e+02 1.857000e+02
2.110000e+02 1.830000e+02
2.132500e+02 1.791000e+02
2.155000e+02 1.752000e+02
2.172500e+02 1.722000e+02
2.190000e+02 1.692000e+02
2.197500e+02 1.680000e+02
2.205000e+02 1.668000e+02
2.220000e+02 1.644000e+02
2.235000e+02 1.620000e+02
2.247500e+02 1.596000e+02
2.260000e+02 1.572000e+02
2.275000e+02 1.548000e+02
2.290000e+02 1.524000e+02
2.302500e+02 1.500000e+02
2.315000e+02 1.476000e+02
2.330000e+02 1.455000e+02
2.345000e+02 1.434000e+02
2.357500e+02 1.413000e+02
2.370000e+02 1.392000e+02
2.382500e+02 1.368000e+02
2.395000e+02 1.344000e+02
2.407500e+02 1.323000e+02
2.420000e+02 1.302000e+02
2.432500e+02 1.284000e+02
2.445000e+02 1.266000e+02
2.457500e+02 1.248000e+02
2.470000e+02 1.230000e+02
2.480000e+02 1.212000e+02
2.490000e+02 1.194000e+02
2.497500e+02 1.182000e+02
2.505000e+02 1.170000e+02
2.525000e+02 1.134000e+02
2.530000e+02 1.122000e+02
2.540000e+02 1.104000e+02
2.550000e+02 1.092000e+02
2.555000e+02 1.080000e+02
2.560000e+02 1.074000e+02
2.570000e+02 1.062000e+02
2.570000e+02 1.056000e+02
2.575000e+02 1.050000e+02
2.580000e+02 1.050000e+02
2.580000e+02 1.044000e+02
2.580000e+02 1.044000e+02
2.585000e+02 1.038000e+02
2.585000e+02 1.038000e+02
2.585000e+02 1.038000e+02
2.585000e+02 1.038000e+02
2.590000e+02 1.038000e+02
2.590000e+02 1.044000e+02
2.595000e+02 1.044000e+02
2.600000e+02 1.050000e+02
2.605000e+02 1.056000e+02
2.610000e+02 1.068000e+02
2.620000e+02 1.074000e+02
2.630000e+02 1.086000e+02
2.640000e+02 1.104000e+02
2.660000e+02 1.128000e+02
2.675000e+02 1.152000e+02
2.710000e+02 1.194000e+02
2.725000e+02 1.212000e+02
2.740000e+02 1.236000e+02
2.760000e+02 1.260000e+02
2.775000e+02 1.284000e+02
2.795000e+02 1.308000e+02
2.815000e+02 1.338000e+02
2.840000e+02 1.362000e+02
2.860000e+02 1.386000e+02
2.885000e+02 1.422000e+02
2.910000e+02 1.452000e+02
2.930000e+02 1.482000e+02
2.955000e+02 1.512000e+02
2.980000e+02 1.542000e+02
3.005000e+02 1.578000e+02
3.040000e+02 1.632000e+02
3.065000e+02 1.662000e+02
3.090000e+02 1.698000e+02
3.120000e+02 1.734000e+02
3.145000e+02 1.776000e+02
3.175000e+02 1.812000e+02
3.200000e+02 1.848000e+02
3.230000e+02 1.890000e+02
3.255000e+02 1.926000e+02
3.290000e+02 1.974000e+02
3.315000e+02 2.016000e+02
3.345000e+02 2.058000e+02
3.370000e+02 2.094000e+02
3.405000e+02 2.142000e+02
3.445000e+02 2.208000e+02
3.460000e+02 2.232000e+02
3.490000e+02 2.274000e+02
3.515000e+02 2.316000e+02
3.545000e+02 2.364000e+02
3.570000e+02 2.406000e+02
3.600000e+02 2.448000e+02
3.625000e+02 2.490000e+02
3.645000e+02 2.532000e+02
3.675000e+02 2.580000e+02
3.705000e+02 2.622000e+02
3.730000e+02 2.664000e+02
3.750000e+02 2.700000e+02
3.770000e+02 2.742000e+02
3.800000e+02 2.790000e+02
3.825000e+02 2.832000e+02
3.850000e+02 2.874000e+02
3.880000e+02 2.928000e+02
3.890000e+02 2.952000e+02
3.930000e+02 3.012000e+02
3.960000e+02 3.066000e+02
3.990000e+02 3.120000e+02
4.010000e+02 3.156000e+02
4.025000e+02 3.186000e+02
4.040000e+02 3.222000e+02
4.060000e+02 3.252000e+02
4.075000e+02 3.276000e+02
4.085000e+02 3.294000e+02
4.095000e+02 3.318000e+02
4.110000e+02 3.336000e+02
4.120000e+02 3.360000e+02
4.125000e+02 3.372000e+02
4.135000e+02 3.384000e+02
4.140000e+02 3.396000e+02
4.150000e+02 3.414000e+02
4.155000e+02 3.426000e+02
4.160000e+02 3.438000e+02
4.170000e+02 3.456000e+02
4.180000e+02 3.468000e+02
4.185000e+02 3.480000e+02
4.190000e+02 3.492000e+02
4.195000e+02 3.498000e+02
4.200000e+02 3.510000e+02
4.205000e+02 3.510000e+02
4.205000e+02 3.516000e+02
4.210000e+02 3.522000e+02
4.210000e+02 3.522000e+02
