3.750000e+02 3.768000e+02
3.750000e+02 3.768000e+02
3.750000e+02 3.768000e+02
3.750000e+02 3.768000e+02
3.750000e+02 3.768000e+02
3.748750e+02 3.766500e+02
3.747500e+02 3.765000e+02
3.746250e+02 3.763500e+02
3.745000e+02 3.762000e+02
3.745000e+02 3.762000e+02
3.745000e+02 3.762000e+02
3.745000e+02 3.762000e+02
3.745000e+02 3.762000e+02
3.743750e+02 3.760500e+02
3.742500e+02 3.759000e+02
3.741250e+02 3.757500e+02
3.740000e+02 3.756000e+02
3.740000e+02 3.756000e+02
3.740000e+02 3.756000e+02
3.740000e+02 3.756000e+02
3.740000e+02 3.756000e+02
3.738750e+02 3.753000e+02
3.737500e+02 3.750000e+02
3.736250e+02 3.747000e+02
3.735000e+02 3.744000e+02
3.733750e+02 3.742500e+02
3.732500e+02 3.741000e+02
3.731250e+02 3.739500e+02
3.730000e+02 3.738000e+02
3.728750e+02 3.733500e+02
3.727500e+02 3.729000e+02
3.726250e+02 3.724500e+02
3.725000e+02 3.720000e+02
3.723750e+02 3.714000e+02
3.722500e+02 3.708000e+02
3.721250e+02 3.702000e+02
3.720000e+02 3.696000e+02
3.718750e+02 3.687000e+02
3.717500e+02 3.678000e+02
3.716250e+02 3.669000e+02
3.715000e+02 3.660000e+02
3.712500e+02 3.645000e+02
3.710000e+02 3.630000e+02
3.707500e+02 3.615000e+02
3.705000e+02 3.600000e+02
3.705000e+02 3.589500e+02
3.705000e+02 3.579000e+02
3.705000e+02 3.568500e+02
3.705000e+02 3.558000e+02
3.705000e+02 3.535500e+02
3.705000e+02 3.513000e+02
3.705000e+02 3.490500e+02
3.705000e+02 3.468000e+02
3.705000e+02 3.460500e+02
3.705000e+02 3.453000e+02
3.705000e+02 3.445500e+02
3.705000e+02 3.438000e+02
3.705000e+02 3.423000e+02
3.705000e+02 3.408000e+02
3.705000e+02 3.393000e+02
3.705000e+02 3.378000e+02
3.705000e+02 3.363000e+02
3.705000e+02 3.348000e+02
3.705000e+02 3.333000e+02
3.705000e+02 3.318000e+02
3.705000e+02 3.303000e+02
3.705000e+02 3.288000e+02
3.705000e+02 3.273000e+02
3.705000e+02 3.258000e+02
3.703750e+02 3.241500e+02
3.702500e+02 3.225000e+02
3.701250e+02 3.208500e+02
3.700000e+02 3.192000e+02
3.700000e+02 3.168000e+02
3.700000e+02 3.144000e+02
3.700000e+02 3.120000e+02
3.700000e+02 3.096000e+02
3.700000e+02 3.079500e+02
3.700000e+02 3.063000e+02
3.700000e+02 3.046500e+02
3.700000e+02 3.030000e+02
3.700000e+02 3.022500e+02
3.700000e+02 3.015000e+02
3.700000e+02 3.007500e+02
3.700000e+02 3.000000e+02
3.700000e+02 2.985000e+02
3.700000e+02 2.970000e+02
3.700000e+02 2.955000e+02
3.700000e+02 2.940000e+02
3.700000e+02 2.923500e+02
3.700000e+02 2.907000e+02
3.700000e+02 2.890500e+02
3.700000e+02 2.874000e+02
3.700000e+02 2.859000e+02
3.700000e+02 2.844000e+02
3.700000e+02 2.829000e+02
3.700000e+02 2.814000e+02
3.700000e+02 2.800500e+02
3.700000e+02 2.787000e+02
3.700000e+02 2.773500e+02
3.700000e+02 2.760000e+02
3.700000e+02 2.746500e+02
3.700000e+02 2.733000e+02
3.700000e+02 2.719500e+02
3.700000e+02 2.706000e+02
3.700000e+02 2.694000e+02
3.700000e+02 2.682000e+02
3.700000e+02 2.670000e+02
3.700000e+02 2.658000e+02
3.698750e+02 2.643000e+02
3.697500e+02 2.628000e+02
3.696250e+02 2.613000e+02
3.695000e+02 2.598000e+02
3.695000e+02 2.586000e+02
3.695000e+02 2.574000e+02
3.695000e+02 2.562000e+02
3.695000e+02 2.550000e+02
3.693750e+02 2.529000e+02
3.692500e+02 2.508000e+02
3.691250e+02 2.487000e+02
3.690000e+02 2.466000e+02
3.690000e+02 2.460000e+02
3.690000e+02 2.454000e+02
3.690000e+02 2.448000e+02
3.690000e+02 2.442000e+02
3.688750e+02 2.427000e+02
3.687500e+02 2.412000e+02
3.686250e+02 2.397000e+02
3.685000e+02 2.382000e+02
3.685000e+02 2.367000e+02
3.685000e+02 2.352000e+02
3.685000e+02 2.337000e+02
3.685000e+02 2.322000e+02
3.683750e+02 2.307000e+02
3.682500e+02 2.292000e+02
3.681250e+02 2.277000e+02
3.680000e+02 2.262000e+02
3.680000e+02 2.247000e+02
3.680000e+02 2.232000e+02
3.680000e+02 2.217000e+02
3.680000e+02 2.202000e+02
3.680000e+02 2.187000e+02
3.680000e+02 2.172000e+02
3.680000e+02 2.157000e+02
3.680000e+02 2.142000e+02
3.678750e+02 2.128500e+02
3.677500e+02 2.115000e+02
3.675000e+02 2.088000e+02
3.675000e+02 2.073000e+02
3.675000e+02 2.058000e+02
3.675000e+02 2.028000e+02
3.675000e+02 1.998000e+02
3.675000e+02 1.968000e+02
3.675000e+02 1.938000e+02
3.675000e+02 1.911000e+02
3.675000e+02 1.884000e+02
3.675000e+02 1.857000e+02
3.675000e+02 1.830000e+02
3.672500e+02 1.806000e+02
3.670000e+02 1.782000e+02
3.670000e+02 1.758000e+02
3.670000e+02 1.734000e+02
3.670000e+02 1.710000e+02
3.670000e+02 1.686000e+02
3.670000e+02 1.656000e+02
3.670000e+02 1.626000e+02
3.670000e+02 1.617000e+02
3.670000e+02 1.608000e+02
3.670000e+02 1.587000e+02
3.670000e+02 1.566000e+02
3.670000e+02 1.548000e+02
3.670000e+02 1.530000e+02
3.670000e+02 1.515000e+02
3.670000e+02 1.500000e+02
3.670000e+02 1.485000e+02
3.670000e+02 1.470000e+02
3.670000e+02 1.458000e+02
3.670000e+02 1.446000e+02
3.670000e+02 1.440000e+02
3.670000e+02 1.434000e+02
3.670000e+02 1.416000e+02
3.670000e+02 1.398000e+02
3.670000e+02 1.392000e+02
3.670000e+02 1.386000e+02
3.670000e+02 1.368000e+02
3.670000e+02 1.350000e+02
3.670000e+02 1.341000e+02
3.670000e+02 1.332000e+02
3.670000e+02 1.326000e+02
3.670000e+02 1.320000e+02
3.670000e+02 1.317000e+02
3.670000e+02 1.314000e+02
3.670000e+02 1.311000e+02
3.670000e+02 1.308000e+02
3.670000e+02 1.308000e+02
3.670000e+02 1.308000e+02
3.670000e+02 1.308000e+02
3.670000e+02 1.308000e+02
3.670000e+02 1.308000e+02
3.670000e+02 1.308000e+02
