3.530000e+02 3.528000e+02
3.530000e+02 3.528000e+02
3.530000e+02 3.528000e+02
3.530000e+02 3.528000e+02
3.530000e+02 3.528000e+02
3.530000e+02 3.523500e+02
3.530000e+02 3.519000e+02
3.530000e+02 3.514500e+02
3.530000e+02 3.510000e+02
3.530000e+02 3.504000e+02
3.530000e+02 3.498000e+02
3.530000e+02 3.492000e+02
3.530000e+02 3.486000e+02
3.530000e+02 3.478500e+02
3.530000e+02 3.471000e+02
3.530000e+02 3.463500e+02
3.530000e+02 3.456000e+02
3.530000e+02 3.448500e+02
3.530000e+02 3.441000e+02
3.530000e+02 3.433500e+02
3.530000e+02 3.426000e+02
3.530000e+02 3.415500e+02
3.530000e+02 3.405000e+02
3.530000e+02 3.394500e+02
3.530000e+02 3.384000e+02
3.530000e+02 3.373500e+02
3.530000e+02 3.363000e+02
3.530000e+02 3.352500e+02
3.530000e+02 3.342000e+02
3.530000e+02 3.325500e+02
3.530000e+02 3.309000e+02
3.530000e+02 3.292500e+02
3.530000e+02 3.276000e+02
3.530000e+02 3.261000e+02
3.530000e+02 3.246000e+02
3.530000e+02 3.231000e+02
3.530000e+02 3.216000e+02
3.530000e+02 3.202500e+02
3.530000e+02 3.189000e+02
3.530000e+02 3.175500e+02
3.530000e+02 3.162000e+02
3.530000e+02 3.147000e+02
3.530000e+02 3.132000e+02
3.530000e+02 3.117000e+02
3.530000e+02 3.102000e+02
3.530000e+02 3.084000e+02
3.530000e+02 3.066000e+02
3.530000e+02 3.048000e+02
3.530000e+02 3.030000e+02
3.530000e+02 3.015000e+02
3.530000e+02 3.000000e+02
3.530000e+02 2.985000e+02
3.530000e+02 2.970000e+02
3.530000e+02 2.953500e+02
3.530000e+02 2.937000e+02
3.530000e+02 2.920500e+02
3.530000e+02 2.904000e+02
3.530000e+02 2.887500e+02
3.530000e+02 2.871000e+02
3.530000e+02 2.854500e+02
3.530000e+02 2.838000e+02
3.530000e+02 2.814000e+02
3.530000e+02 2.790000e+02
3.530000e+02 2.766000e+02
3.530000e+02 2.742000e+02
3.528750e+02 2.727000e+02
3.527500e+02 2.712000e+02
3.526250e+02 2.697000e+02
3.525000e+02 2.682000e+02
3.525000e+02 2.674500e+02
3.525000e+02 2.667000e+02
3.525000e+02 2.659500e+02
3.525000e+02 2.652000e+02
3.525000e+02 2.634000e+02
3.525000e+02 2.616000e+02
3.525000e+02 2.598000e+02
3.525000e+02 2.580000e+02
3.525000e+02 2.565000e+02
3.525000e+02 2.550000e+02
3.525000e+02 2.535000e+02
3.525000e+02 2.520000e+02
3.523750e+02 2.505000e+02
3.522500e+02 2.490000e+02
3.521250e+02 2.475000e+02
3.520000e+02 2.460000e+02
3.520000e+02 2.443500e+02
3.520000e+02 2.427000e+02
3.520000e+02 2.410500e+02
3.520000e+02 2.394000e+02
3.520000e+02 2.379000e+02
3.520000e+02 2.364000e+02
3.520000e+02 2.349000e+02
3.520000e+02 2.334000e+02
3.518750e+02 2.319000e+02
3.517500e+02 2.304000e+02
3.516250e+02 2.289000e+02
3.515000e+02 2.274000e+02
3.515000e+02 2.259000e+02
3.515000e+02 2.244000e+02
3.515000e+02 2.229000e+02
3.515000e+02 2.214000e+02
3.515000e+02 2.200500e+02
3.515000e+02 2.187000e+02
3.515000e+02 2.173500e+02
3.515000e+02 2.160000e+02
3.515000e+02 2.146500e+02
3.515000e+02 2.133000e+02
3.515000e+02 2.119500e+02
3.515000e+02 2.106000e+02
3.515000e+02 2.092500e+02
3.515000e+02 2.079000e+02
3.515000e+02 2.065500e+02
3.515000e+02 2.052000e+02
3.515000e+02 2.032500e+02
3.515000e+02 2.013000e+02
3.515000e+02 1.993500e+02
3.515000e+02 1.974000e+02
3.515000e+02 1.963500e+02
3.515000e+02 1.953000e+02
3.515000e+02 1.942500e+02
3.515000e+02 1.932000e+02
3.515000e+02 1.920000e+02
3.515000e+02 1.908000e+02
3.515000e+02 1.896000e+02
3.515000e+02 1.884000e+02
3.515000e+02 1.873500e+02
3.515000e+02 1.863000e+02
3.515000e+02 1.852500e+02
3.515000e+02 1.842000e+02
3.515000e+02 1.831500e+02
3.515000e+02 1.821000e+02
3.515000e+02 1.810500e+02
3.515000e+02 1.800000e+02
3.515000e+02 1.791000e+02
3.515000e+02 1.782000e+02
3.515000e+02 1.773000e+02
3.515000e+02 1.764000e+02
3.515000e+02 1.756500e+02
3.515000e+02 1.749000e+02
3.515000e+02 1.741500e+02
3.515000e+02 1.734000e+02
3.515000e+02 1.726500e+02
3.515000e+02 1.719000e+02
3.515000e+02 1.711500e+02
3.515000e+02 1.704000e+02
3.515000e+02 1.693500e+02
3.515000e+02 1.683000e+02
3.515000e+02 1.672500e+02
3.515000e+02 1.662000e+02
3.515000e+02 1.651500e+02
3.515000e+02 1.641000e+02
3.515000e+02 1.630500e+02
3.515000e+02 1.620000e+02
3.515000e+02 1.611000e+02
3.515000e+02 1.602000e+02
3.515000e+02 1.593000e+02
3.515000e+02 1.584000e+02
3.515000e+02 1.579500e+02
3.515000e+02 1.575000e+02
3.515000e+02 1.570500e+02
3.515000e+02 1.566000e+02
3.515000e+02 1.563000e+02
3.515000e+02 1.560000e+02
3.515000e+02 1.557000e+02
3.515000e+02 1.554000e+02
3.515000e+02 1.549500e+02
3.515000e+02 1.545000e+02
3.515000e+02 1.540500e+02
3.515000e+02 1.536000e+02
3.515000e+02 1.533000e+02
3.515000e+02 1.530000e+02
3.515000e+02 1.527000e+02
3.515000e+02 1.524000e+02
3.515000e+02 1.521000e+02
3.515000e+02 1.518000e+02
3.515000e+02 1.515000e+02
3.515000e+02 1.512000e+02
3.515000e+02 1.509000e+02
3.515000e+02 1.506000e+02
3.515000e+02 1.503000e+02
3.515000e+02 1.500000e+02
3.515000e+02 1.497000e+02
3.515000e+02 1.494000e+02
3.515000e+02 1.491000e+02
3.515000e+02 1.488000e+02
3.515000e+02 1.486500e+02
3.515000e+02 1.485000e+02
3.515000e+02 1.482000e+02
3.515000e+02 1.479000e+02
3.515000e+02 1.476000e+02
3.515000e+02 1.473000e+02
3.515000e+02 1.470000e+02
3.515000e+02 1.470000e+02
3.515000e+02 1.470000e+02
3.515000e+02 1.473000e+02
3.515000e+02 1.476000e+02
3.515000e+02 1.476000e+02
3.515000e+02 1.476000e+02
3.515000e+02 1.476000e+02
3.515000e+02 1.476000e+02
