5.435000e+02 2.460000e+02
5.435000e+02 2.460000e+02
5.435000e+02 2.460000e+02
5.435000e+02 2.460000e+02
5.435000e+02 2.460000e+02
5.435000e+02 2.460000e+02
5.435000e+02 2.460000e+02
5.435000e+02 2.460000e+02
5.435000e+02 2.460000e+02
5.426250e+02 2.458500e+02
5.417500e+02 2.457000e+02
5.408750e+02 2.455500e+02
5.400000e+02 2.454000e+02
5.391250e+02 2.452500e+02
5.382500e+02 2.451000e+02
5.373750e+02 2.449500e+02
5.365000e+02 2.448000e+02
5.359375e+02 2.447250e+02
5.353750e+02 2.446500e+02
5.348125e+02 2.445750e+02
5.342500e+02 2.445000e+02
5.336875e+02 2.444250e+02
5.331250e+02 2.443500e+02
5.325625e+02 2.442750e+02
5.320000e+02 2.442000e+02
5.305000e+02 2.439750e+02
5.290000e+02 2.437500e+02
5.275000e+02 2.435250e+02
5.260000e+02 2.433000e+02
5.245000e+02 2.430750e+02
5.230000e+02 2.428500e+02
5.215000e+02 2.426250e+02
5.200000e+02 2.424000e+02
5.183125e+02 2.421750e+02
5.166250e+02 2.419500e+02
5.149375e+02 2.417250e+02
5.132500e+02 2.415000e+02
5.115625e+02 2.412750e+02
5.098750e+02 2.410500e+02
5.081875e+02 2.408250e+02
5.065000e+02 2.406000e+02
5.026875e+02 2.402250e+02
4.988750e+02 2.398500e+02
4.950625e+02 2.394750e+02
4.912500e+02 2.391000e+02
4.874375e+02 2.387250e+02
4.836250e+02 2.383500e+02
4.798125e+02 2.379750e+02
4.760000e+02 2.376000e+02
4.738750e+02 2.374500e+02
4.717500e+02 2.373000e+02
4.696250e+02 2.371500e+02
4.675000e+02 2.370000e+02
4.653750e+02 2.368500e+02
4.632500e+02 2.367000e+02
4.611250e+02 2.365500e+02
4.590000e+02 2.364000e+02
4.567500e+02 2.362500e+02
4.545000e+02 2.361000e+02
4.522500e+02 2.359500e+02
4.500000e+02 2.358000e+02
4.477500e+02 2.356500e+02
4.455000e+02 2.355000e+02
4.432500e+02 2.353500e+02
4.410000e+02 2.352000e+02
4.385625e+02 2.350500e+02
4.361250e+02 2.349000e+02
4.336875e+02 2.347500e+02
4.312500e+02 2.346000e+02
4.288125e+02 2.344500e+02
4.263750e+02 2.343000e+02
4.239375e+02 2.341500e+02
4.215000e+02 2.340000e+02
4.189375e+02 2.339250e+02
4.163750e+02 2.338500e+02
4.138125e+02 2.337750e+02
4.112500e+02 2.337000e+02
4.086875e+02 2.336250e+02
4.061250e+02 2.335500e+02
4.035625e+02 2.334750e+02
4.010000e+02 2.334000e+02
3.985625e+02 2.333250e+02
3.961250e+02 2.332500e+02
3.936875e+02 2.331750e+02
3.912500e+02 2.331000e+02
3.888125e+02 2.330250e+02
3.863750e+02 2.329500e+02
3.839375e+02 2.328750e+02
3.815000e+02 2.328000e+02
3.790000e+02 2.328000e+02
3.765000e+02 2.328000e+02
3.740000e+02 2.328000e+02
3.715000e+02 2.328000e+02
3.690000e+02 2.328000e+02
3.665000e+02 2.328000e+02
3.640000e+02 2.328000e+02
3.615000e+02 2.328000e+02
3.588750e+02 2.327250e+02
3.562500e+02 2.326500e+02
3.536250e+02 2.325750e+02
3.510000e+02 2.325000e+02
3.483750e+02 2.324250e+02
3.457500e+02 2.323500e+02
3.431250e+02 2.322750e+02
3.405000e+02 2.322000e+02
3.378125e+02 2.321250e+02
3.351250e+02 2.320500e+02
3.324375e+02 2.319750e+02
3.297500e+02 2.319000e+02
3.270625e+02 2.318250e+02
3.243750e+02 2.317500e+02
3.216875e+02 2.316750e+02
3.190000e+02 2.316000e+02
3.161875e+02 2.316000e+02
3.133750e+02 2.316000e+02
3.105625e+02 2.316000e+02
3.077500e+02 2.316000e+02
3.049375e+02 2.316000e+02
3.021250e+02 2.316000e+02
2.993125e+02 2.316000e+02
2.965000e+02 2.316000e+02
2.937500e+02 2.317500e+02
2.910000e+02 2.319000e+02
2.882500e+02 2.320500e+02
2.855000e+02 2.322000e+02
2.827500e+02 2.323500e+02
2.800000e+02 2.325000e+02
2.772500e+02 2.326500e+02
2.745000e+02 2.328000e+02
2.703750e+02 2.329500e+02
2.662500e+02 2.331000e+02
2.621250e+02 2.332500e+02
2.580000e+02 2.334000e+02
2.538750e+02 2.335500e+02
2.497500e+02 2.337000e+02
2.456250e+02 2.338500e+02
2.415000e+02 2.340000e+02
2.401250e+02 2.340750e+02
2.387500e+02 2.341500e+02
2.373750e+02 2.342250e+02
2.360000e+02 2.343000e+02
2.346250e+02 2.343750e+02
2.332500e+02 2.344500e+02
2.318750e+02 2.345250e+02
2.305000e+02 2.346000e+02
2.279375e+02 2.348250e+02
2.253750e+02 2.350500e+02
2.228125e+02 2.352750e+02
2.202500e+02 2.355000e+02
2.176875e+02 2.357250e+02
2.151250e+02 2.359500e+02
2.125625e+02 2.361750e+02
2.100000e+02 2.364000e+02
2.075000e+02 2.365500e+02
2.050000e+02 2.367000e+02
2.025000e+02 2.368500e+02
2.000000e+02 2.370000e+02
1.975000e+02 2.371500e+02
1.950000e+02 2.373000e+02
1.925000e+02 2.374500e+02
1.900000e+02 2.376000e+02
1.867500e+02 2.379750e+02
1.835000e+02 2.383500e+02
1.802500e+02 2.387250e+02
1.770000e+02 2.391000e+02
1.737500e+02 2.394750e+02
1.705000e+02 2.398500e+02
1.672500e+02 2.402250e+02
1.640000e+02 2.406000e+02
1.619375e+02 2.409000e+02
1.598750e+02 2.412000e+02
1.578125e+02 2.415000e+02
1.557500e+02 2.418000e+02
1.536875e+02 2.421000e+02
1.516250e+02 2.424000e+02
1.495625e+02 2.427000e+02
1.475000e+02 2.430000e+02
1.453750e+02 2.433750e+02
1.432500e+02 2.437500e+02
1.411250e+02 2.441250e+02
1.390000e+02 2.445000e+02
1.368750e+02 2.448750e+02
1.347500e+02 2.452500e+02
1.326250e+02 2.456250e+02
1.305000e+02 2.460000e+02
1.294375e+02 2.462250e+02
1.283750e+02 2.464500e+02
1.273125e+02 2.466750e+02
1.262500e+02 2.469000e+02
1.251875e+02 2.471250e+02
1.241250e+02 2.473500e+02
1.230625e+02 2.475750e+02
1.220000e+02 2.478000e+02
1.220000e+02 2.478000e+02
1.220000e+02 2.478000e+02
1.220000e+02 2.478000e+02
1.220000e+02 2.478000e+02
1.220000e+02 2.478000e+02
1.220000e+02 2.478000e+02
1.220000e+02 2.478000e+02
