3.045000e+02 3.486000e+02
3.045000e+02 3.486000e+02
3.045000e+02 3.486000e+02
3.045000e+02 3.486000e+02
3.045000e+02 3.486000e+02
3.047500e+02 3.478500e+02
3.050000e+02 3.471000e+02
3.052500e+02 3.463500e+02
3.055000e+02 3.456000e+02
3.057500e+02 3.445500e+02
3.060000e+02 3.435000e+02
3.062500e+02 3.424500e+02
3.065000e+02 3.414000e+02
3.068750e+02 3.406500e+02
3.072500e+02 3.399000e+02
3.076250e+02 3.391500e+02
3.080000e+02 3.384000e+02
3.085000e+02 3.370500e+02
3.090000e+02 3.357000e+02
3.095000e+02 3.343500e+02
3.100000e+02 3.330000e+02
3.107500e+02 3.312000e+02
3.115000e+02 3.294000e+02
3.122500e+02 3.276000e+02
3.130000e+02 3.258000e+02
3.133750e+02 3.247500e+02
3.137500e+02 3.237000e+02
3.141250e+02 3.226500e+02
3.145000e+02 3.216000e+02
3.152500e+02 3.192000e+02
3.160000e+02 3.168000e+02
3.167500e+02 3.144000e+02
3.175000e+02 3.120000e+02
3.183750e+02 3.096000e+02
3.192500e+02 3.072000e+02
3.210000e+02 3.024000e+02
3.217500e+02 2.997000e+02
3.225000e+02 2.970000e+02
3.245000e+02 2.913000e+02
3.265000e+02 2.856000e+02
3.272500e+02 2.829000e+02
3.280000e+02 2.802000e+02
3.302500e+02 2.739000e+02
3.325000e+02 2.676000e+02
3.345000e+02 2.610000e+02
3.365000e+02 2.544000e+02
3.377500e+02 2.511000e+02
3.390000e+02 2.478000e+02
3.400000e+02 2.445000e+02
3.410000e+02 2.412000e+02
3.432500e+02 2.352000e+02
3.455000e+02 2.292000e+02
3.475000e+02 2.235000e+02
3.495000e+02 2.178000e+02
3.505000e+02 2.151000e+02
3.515000e+02 2.124000e+02
3.535000e+02 2.070000e+02
3.555000e+02 2.016000e+02
3.575000e+02 1.962000e+02
3.595000e+02 1.908000e+02
3.605000e+02 1.884000e+02
3.615000e+02 1.860000e+02
3.632500e+02 1.812000e+02
3.650000e+02 1.764000e+02
3.667500e+02 1.719000e+02
3.685000e+02 1.674000e+02
3.692500e+02 1.653000e+02
3.700000e+02 1.632000e+02
3.717500e+02 1.590000e+02
3.735000e+02 1.548000e+02
3.752500e+02 1.509000e+02
3.770000e+02 1.470000e+02
3.777500e+02 1.449000e+02
3.785000e+02 1.428000e+02
3.790000e+02 1.413000e+02
3.795000e+02 1.398000e+02
3.807500e+02 1.371000e+02
3.820000e+02 1.344000e+02
3.832500e+02 1.320000e+02
3.845000e+02 1.296000e+02
3.855000e+02 1.275000e+02
3.865000e+02 1.254000e+02
3.875000e+02 1.236000e+02
3.885000e+02 1.218000e+02
3.892500e+02 1.206000e+02
3.900000e+02 1.194000e+02
3.902500e+02 1.188000e+02
3.905000e+02 1.182000e+02
3.910000e+02 1.173000e+02
3.915000e+02 1.164000e+02
3.920000e+02 1.161000e+02
3.925000e+02 1.158000e+02
3.927500e+02 1.155000e+02
3.930000e+02 1.152000e+02
3.935000e+02 1.152000e+02
3.940000e+02 1.152000e+02
3.945000e+02 1.152000e+02
3.950000e+02 1.152000e+02
3.952500e+02 1.155000e+02
3.955000e+02 1.158000e+02
3.962500e+02 1.164000e+02
3.970000e+02 1.170000e+02
3.977500e+02 1.182000e+02
3.985000e+02 1.194000e+02
3.995000e+02 1.209000e+02
4.005000e+02 1.224000e+02
4.015000e+02 1.242000e+02
4.025000e+02 1.260000e+02
4.030000e+02 1.272000e+02
4.035000e+02 1.284000e+02
4.047500e+02 1.311000e+02
4.060000e+02 1.338000e+02
4.065000e+02 1.350000e+02
4.070000e+02 1.362000e+02
4.087500e+02 1.395000e+02
4.105000e+02 1.428000e+02
4.120000e+02 1.458000e+02
4.135000e+02 1.488000e+02
4.152500e+02 1.524000e+02
4.170000e+02 1.560000e+02
4.180000e+02 1.578000e+02
4.190000e+02 1.596000e+02
4.212500e+02 1.635000e+02
4.235000e+02 1.674000e+02
4.255000e+02 1.716000e+02
4.275000e+02 1.758000e+02
4.287500e+02 1.779000e+02
4.300000e+02 1.800000e+02
4.322500e+02 1.845000e+02
4.345000e+02 1.890000e+02
4.367500e+02 1.938000e+02
4.390000e+02 1.986000e+02
4.400000e+02 2.007000e+02
4.410000e+02 2.028000e+02
4.435000e+02 2.073000e+02
4.460000e+02 2.118000e+02
4.482500e+02 2.163000e+02
4.505000e+02 2.208000e+02
4.530000e+02 2.256000e+02
4.555000e+02 2.304000e+02
4.580000e+02 2.355000e+02
4.605000e+02 2.406000e+02
4.627500e+02 2.454000e+02
4.650000e+02 2.502000e+02
4.677500e+02 2.553000e+02
4.705000e+02 2.604000e+02
4.717500e+02 2.628000e+02
4.730000e+02 2.652000e+02
4.755000e+02 2.703000e+02
4.780000e+02 2.754000e+02
4.807500e+02 2.802000e+02
4.835000e+02 2.850000e+02
4.847500e+02 2.874000e+02
4.860000e+02 2.898000e+02
4.885000e+02 2.943000e+02
4.910000e+02 2.988000e+02
4.935000e+02 3.033000e+02
4.960000e+02 3.078000e+02
4.972500e+02 3.096000e+02
4.985000e+02 3.114000e+02
5.010000e+02 3.156000e+02
5.035000e+02 3.198000e+02
5.047500e+02 3.216000e+02
5.060000e+02 3.234000e+02
5.080000e+02 3.267000e+02
5.100000e+02 3.300000e+02
5.122500e+02 3.333000e+02
5.145000e+02 3.366000e+02
5.162500e+02 3.393000e+02
5.180000e+02 3.420000e+02
5.187500e+02 3.432000e+02
5.195000e+02 3.444000e+02
5.212500e+02 3.465000e+02
5.230000e+02 3.486000e+02
5.242500e+02 3.501000e+02
5.255000e+02 3.516000e+02
5.260000e+02 3.522000e+02
5.265000e+02 3.528000e+02
5.270000e+02 3.534000e+02
5.275000e+02 3.540000e+02
5.282500e+02 3.552000e+02
5.290000e+02 3.564000e+02
5.297500e+02 3.570000e+02
5.305000e+02 3.576000e+02
5.310000e+02 3.582000e+02
5.315000e+02 3.588000e+02
5.317500e+02 3.591000e+02
5.320000e+02 3.594000e+02
5.320000e+02 3.594000e+02
5.320000e+02 3.594000e+02
5.320000e+02 3.594000e+02
5.320000e+02 3.594000e+02
5.312500e+02 3.591000e+02
5.305000e+02 3.588000e+02
5.297500e+02 3.588000e+02
5.290000e+02 3.588000e+02
5.282500e+02 3.585000e+02
5.275000e+02 3.582000e+02
5.275000e+02 3.582000e+02
5.275000e+02 3.582000e+02
