3.290000e+02 5.760000e+01
3.290000e+02 5.760000e+01
3.290000e+02 5.760000e+01
3.290000e+02 5.760000e+01
3.290000e+02 5.760000e+01
3.290000e+02 5.775000e+01
3.290000e+02 5.790000e+01
3.290000e+02 5.805000e+01
3.290000e+02 5.820000e+01
3.288750e+02 5.865000e+01
3.287500e+02 5.910000e+01
3.286250e+02 5.955000e+01
3.285000e+02 6.000000e+01
3.283750e+02 6.090000e+01
3.282500e+02 6.180000e+01
3.281250e+02 6.270000e+01
3.280000e+02 6.360000e+01
3.280000e+02 6.435000e+01
3.280000e+02 6.510000e+01
3.280000e+02 6.585000e+01
3.280000e+02 6.660000e+01
3.278750e+02 6.750000e+01
3.277500e+02 6.840000e+01
3.276250e+02 6.930000e+01
3.275000e+02 7.020000e+01
3.273750e+02 7.125000e+01
3.272500e+02 7.230000e+01
3.271250e+02 7.335000e+01
3.270000e+02 7.440000e+01
3.268750e+02 7.575000e+01
3.267500e+02 7.710000e+01
3.266250e+02 7.845000e+01
3.265000e+02 7.980000e+01
3.265000e+02 8.115000e+01
3.265000e+02 8.250000e+01
3.265000e+02 8.385000e+01
3.265000e+02 8.520000e+01
3.263750e+02 8.670000e+01
3.262500e+02 8.820000e+01
3.261250e+02 8.970000e+01
3.260000e+02 9.120000e+01
3.260000e+02 9.270000e+01
3.260000e+02 9.420000e+01
3.260000e+02 9.570000e+01
3.260000e+02 9.720000e+01
3.260000e+02 9.855000e+01
3.260000e+02 9.990000e+01
3.260000e+02 1.012500e+02
3.260000e+02 1.026000e+02
3.258750e+02 1.042500e+02
3.257500e+02 1.059000e+02
3.256250e+02 1.075500e+02
3.255000e+02 1.092000e+02
3.255000e+02 1.114500e+02
3.255000e+02 1.137000e+02
3.255000e+02 1.159500e+02
3.255000e+02 1.182000e+02
3.255000e+02 1.198500e+02
3.255000e+02 1.215000e+02
3.255000e+02 1.231500e+02
3.255000e+02 1.248000e+02
3.255000e+02 1.255500e+02
3.255000e+02 1.263000e+02
3.255000e+02 1.270500e+02
3.255000e+02 1.278000e+02
3.253750e+02 1.305000e+02
3.252500e+02 1.332000e+02
3.251250e+02 1.359000e+02
3.250000e+02 1.386000e+02
3.250000e+02 1.405500e+02
3.250000e+02 1.425000e+02
3.250000e+02 1.444500e+02
3.250000e+02 1.464000e+02
3.248750e+02 1.482000e+02
3.247500e+02 1.500000e+02
3.246250e+02 1.518000e+02
3.245000e+02 1.536000e+02
3.245000e+02 1.555500e+02
3.245000e+02 1.575000e+02
3.245000e+02 1.594500e+02
3.245000e+02 1.614000e+02
3.243750e+02 1.635000e+02
3.242500e+02 1.656000e+02
3.241250e+02 1.677000e+02
3.240000e+02 1.698000e+02
3.238750e+02 1.720500e+02
3.237500e+02 1.743000e+02
3.236250e+02 1.765500e+02
3.235000e+02 1.788000e+02
3.235000e+02 1.809000e+02
3.235000e+02 1.830000e+02
3.235000e+02 1.851000e+02
3.235000e+02 1.872000e+02
3.233750e+02 1.891500e+02
3.232500e+02 1.911000e+02
3.231250e+02 1.930500e+02
3.230000e+02 1.950000e+02
3.228750e+02 1.974000e+02
3.227500e+02 1.998000e+02
3.226250e+02 2.022000e+02
3.225000e+02 2.046000e+02
3.223750e+02 2.065500e+02
3.222500e+02 2.085000e+02
3.221250e+02 2.104500e+02
3.220000e+02 2.124000e+02
3.218750e+02 2.149500e+02
3.217500e+02 2.175000e+02
3.216250e+02 2.200500e+02
3.215000e+02 2.226000e+02
3.212500e+02 2.262000e+02
3.210000e+02 2.298000e+02
3.207500e+02 2.334000e+02
3.205000e+02 2.370000e+02
3.203750e+02 2.394000e+02
3.202500e+02 2.418000e+02
3.201250e+02 2.442000e+02
3.200000e+02 2.466000e+02
3.198750e+02 2.478000e+02
3.197500e+02 2.490000e+02
3.196250e+02 2.502000e+02
3.195000e+02 2.514000e+02
3.193750e+02 2.551500e+02
3.192500e+02 2.589000e+02
3.191250e+02 2.626500e+02
3.190000e+02 2.664000e+02
3.187500e+02 2.689500e+02
3.185000e+02 2.715000e+02
3.182500e+02 2.740500e+02
3.180000e+02 2.766000e+02
3.178750e+02 2.788500e+02
3.177500e+02 2.811000e+02
3.176250e+02 2.833500e+02
3.175000e+02 2.856000e+02
3.172500e+02 2.881500e+02
3.170000e+02 2.907000e+02
3.167500e+02 2.932500e+02
3.165000e+02 2.958000e+02
3.165000e+02 2.980500e+02
3.165000e+02 3.003000e+02
3.165000e+02 3.025500e+02
3.165000e+02 3.048000e+02
3.162500e+02 3.072000e+02
3.160000e+02 3.096000e+02
3.157500e+02 3.120000e+02
3.155000e+02 3.144000e+02
3.153750e+02 3.166500e+02
3.152500e+02 3.189000e+02
3.151250e+02 3.211500e+02
3.150000e+02 3.234000e+02
3.147500e+02 3.255000e+02
3.145000e+02 3.276000e+02
3.140000e+02 3.318000e+02
3.137500e+02 3.360000e+02
3.135000e+02 3.402000e+02
3.132500e+02 3.435000e+02
3.130000e+02 3.468000e+02
3.125000e+02 3.507000e+02
3.120000e+02 3.546000e+02
3.115000e+02 3.582000e+02
3.110000e+02 3.618000e+02
3.107500e+02 3.648000e+02
3.105000e+02 3.678000e+02
3.100000e+02 3.708000e+02
3.095000e+02 3.738000e+02
3.090000e+02 3.765000e+02
3.085000e+02 3.792000e+02
3.080000e+02 3.819000e+02
3.075000e+02 3.846000e+02
3.070000e+02 3.882000e+02
3.065000e+02 3.918000e+02
3.060000e+02 3.936000e+02
3.055000e+02 3.954000e+02
3.052500e+02 3.975000e+02
3.050000e+02 3.996000e+02
3.047500e+02 4.014000e+02
3.045000e+02 4.032000e+02
3.040000e+02 4.050000e+02
3.035000e+02 4.068000e+02
3.035000e+02 4.083000e+02
3.035000e+02 4.098000e+02
3.030000e+02 4.110000e+02
3.025000e+02 4.122000e+02
3.022500e+02 4.134000e+02
3.020000e+02 4.146000e+02
3.017500e+02 4.158000e+02
3.015000e+02 4.170000e+02
3.012500e+02 4.179000e+02
3.010000e+02 4.188000e+02
3.010000e+02 4.197000e+02
3.010000e+02 4.206000e+02
3.007500e+02 4.209000e+02
3.005000e+02 4.212000e+02
3.002500e+02 4.215000e+02
3.000000e+02 4.218000e+02
3.000000e+02 4.221000e+02
3.000000e+02 4.224000e+02
2.997500e+02 4.224000e+02
2.995000e+02 4.224000e+02
2.995000e+02 4.224000e+02
2.995000e+02 4.224000e+02
