1.830000e+02 1.362000e+02
1.830000e+02 1.362000e+02
1.830000e+02 1.362000e+02
1.830000e+02 1.362000e+02
1.830000e+02 1.362000e+02
1.832500e+02 1.362000e+02
1.835000e+02 1.362000e+02
1.847500e+02 1.362000e+02
1.860000e+02 1.362000e+02
1.892500e+02 1.365000e+02
1.925000e+02 1.368000e+02
1.952500e+02 1.368000e+02
1.980000e+02 1.368000e+02
2.015000e+02 1.371000e+02
2.050000e+02 1.374000e+02
2.090000e+02 1.374000e+02
2.130000e+02 1.374000e+02
2.170000e+02 1.377000e+02
2.210000e+02 1.380000e+02
2.255000e+02 1.380000e+02
2.300000e+02 1.380000e+02
2.347500e+02 1.380000e+02
2.395000e+02 1.380000e+02
2.442500e+02 1.383000e+02
2.490000e+02 1.386000e+02
2.550000e+02 1.386000e+02
2.610000e+02 1.386000e+02
2.665000e+02 1.386000e+02
2.720000e+02 1.386000e+02
2.780000e+02 1.389000e+02
2.840000e+02 1.392000e+02
2.900000e+02 1.392000e+02
2.960000e+02 1.392000e+02
3.020000e+02 1.392000e+02
3.080000e+02 1.392000e+02
3.145000e+02 1.395000e+02
3.210000e+02 1.398000e+02
3.297500e+02 1.401000e+02
3.385000e+02 1.404000e+02
3.440000e+02 1.404000e+02
3.495000e+02 1.404000e+02
3.522500e+02 1.407000e+02
3.550000e+02 1.410000e+02
3.597500e+02 1.410000e+02
3.645000e+02 1.410000e+02
3.667500e+02 1.410000e+02
3.690000e+02 1.410000e+02
3.752500e+02 1.413000e+02
3.815000e+02 1.416000e+02
3.850000e+02 1.416000e+02
3.885000e+02 1.416000e+02
3.917500e+02 1.419000e+02
3.950000e+02 1.422000e+02
3.975000e+02 1.422000e+02
4.000000e+02 1.422000e+02
4.025000e+02 1.425000e+02
4.050000e+02 1.428000e+02
4.065000e+02 1.428000e+02
4.080000e+02 1.428000e+02
4.087500e+02 1.428000e+02
4.095000e+02 1.428000e+02
4.102500e+02 1.428000e+02
4.110000e+02 1.428000e+02
4.115000e+02 1.428000e+02
4.120000e+02 1.428000e+02
4.122500e+02 1.428000e+02
4.125000e+02 1.428000e+02
4.130000e+02 1.428000e+02
4.135000e+02 1.428000e+02
4.135000e+02 1.434000e+02
4.135000e+02 1.440000e+02
4.135000e+02 1.452000e+02
4.135000e+02 1.470000e+02
4.130000e+02 1.512000e+02
4.125000e+02 1.554000e+02
4.120000e+02 1.608000e+02
4.115000e+02 1.662000e+02
4.110000e+02 1.722000e+02
4.100000e+02 1.788000e+02
4.095000e+02 1.854000e+02
4.085000e+02 1.926000e+02
4.080000e+02 1.992000e+02
4.075000e+02 2.064000e+02
4.075000e+02 2.130000e+02
4.070000e+02 2.208000e+02
4.070000e+02 2.286000e+02
4.070000e+02 2.394000e+02
4.070000e+02 2.460000e+02
4.075000e+02 2.526000e+02
4.075000e+02 2.586000e+02
4.075000e+02 2.658000e+02
4.070000e+02 2.712000e+02
4.065000e+02 2.766000e+02
4.060000e+02 2.838000e+02
4.055000e+02 2.874000e+02
4.050000e+02 2.922000e+02
4.045000e+02 2.946000e+02
4.040000e+02 2.964000e+02
4.040000e+02 2.982000e+02
4.035000e+02 2.994000e+02
4.035000e+02 3.000000e+02
4.030000e+02 3.006000e+02
4.030000e+02 3.018000e+02
4.025000e+02 3.018000e+02
4.025000e+02 3.024000e+02
4.020000e+02 3.024000e+02
4.015000e+02 3.030000e+02
4.015000e+02 3.030000e+02
4.005000e+02 3.030000e+02
3.985000e+02 3.036000e+02
3.955000e+02 3.036000e+02
3.915000e+02 3.036000e+02
3.835000e+02 3.036000e+02
3.810000e+02 3.036000e+02
3.700000e+02 3.036000e+02
3.585000e+02 3.036000e+02
3.505000e+02 3.042000e+02
3.420000e+02 3.042000e+02
3.325000e+02 3.048000e+02
3.230000e+02 3.054000e+02
3.140000e+02 3.060000e+02
3.000000e+02 3.072000e+02
2.900000e+02 3.084000e+02
2.850000e+02 3.084000e+02
2.755000e+02 3.096000e+02
2.615000e+02 3.120000e+02
2.540000e+02 3.132000e+02
2.455000e+02 3.144000e+02
2.375000e+02 3.156000e+02
2.310000e+02 3.168000e+02
2.235000e+02 3.180000e+02
2.175000e+02 3.186000e+02
2.110000e+02 3.198000e+02
2.035000e+02 3.210000e+02
2.015000e+02 3.216000e+02
1.955000e+02 3.228000e+02
1.920000e+02 3.234000e+02
1.880000e+02 3.240000e+02
1.845000e+02 3.252000e+02
1.805000e+02 3.264000e+02
1.795000e+02 3.264000e+02
1.770000e+02 3.270000e+02
1.750000e+02 3.276000e+02
1.735000e+02 3.282000e+02
1.720000e+02 3.282000e+02
1.710000e+02 3.288000e+02
1.705000e+02 3.288000e+02
1.700000e+02 3.288000e+02
1.695000e+02 3.288000e+02
1.690000e+02 3.282000e+02
1.690000e+02 3.282000e+02
1.685000e+02 3.276000e+02
1.685000e+02 3.264000e+02
1.685000e+02 3.258000e+02
1.685000e+02 3.240000e+02
1.690000e+02 3.228000e+02
1.690000e+02 3.198000e+02
1.690000e+02 3.168000e+02
1.695000e+02 3.132000e+02
1.700000e+02 3.090000e+02
1.710000e+02 3.036000e+02
1.710000e+02 3.012000e+02
1.720000e+02 2.952000e+02
1.730000e+02 2.886000e+02
1.740000e+02 2.832000e+02
1.745000e+02 2.766000e+02
1.755000e+02 2.700000e+02
1.760000e+02 2.628000e+02
1.765000e+02 2.520000e+02
1.775000e+02 2.406000e+02
1.785000e+02 2.328000e+02
1.790000e+02 2.256000e+02
1.795000e+02 2.220000e+02
1.800000e+02 2.148000e+02
1.805000e+02 2.076000e+02
1.810000e+02 2.010000e+02
1.815000e+02 1.932000e+02
1.820000e+02 1.860000e+02
1.825000e+02 1.782000e+02
1.825000e+02 1.722000e+02
1.830000e+02 1.662000e+02
1.835000e+02 1.608000e+02
1.835000e+02 1.560000e+02
1.835000e+02 1.512000e+02
1.835000e+02 1.476000e+02
1.840000e+02 1.446000e+02
1.840000e+02 1.422000e+02
1.840000e+02 1.386000e+02
1.840000e+02 1.374000e+02
1.840000e+02 1.356000e+02
1.840000e+02 1.344000e+02
1.840000e+02 1.332000e+02
1.840000e+02 1.326000e+02
1.840000e+02 1.320000e+02
1.840000e+02 1.314000e+02
1.840000e+02 1.314000e+02
1.840000e+02 1.314000e+02
1.840000e+02 1.314000e+02
1.845000e+02 1.326000e+02
1.845000e+02 1.326000e+02
