1.800000e+02 2.802000e+02
1.800000e+02 2.802000e+02
1.800000e+02 2.802000e+02
1.805000e+02 2.802000e+02
1.810000e+02 2.802000e+02
1.812500e+02 2.802000e+02
1.815000e+02 2.802000e+02
1.822500e+02 2.802000e+02
1.830000e+02 2.802000e+02
1.835000e+02 2.802000e+02
1.840000e+02 2.802000e+02
1.850000e+02 2.802000e+02
1.860000e+02 2.802000e+02
1.867500e+02 2.802000e+02
1.875000e+02 2.802000e+02
1.897500e+02 2.799000e+02
1.920000e+02 2.796000e+02
1.935000e+02 2.796000e+02
1.950000e+02 2.796000e+02
1.957500e+02 2.793000e+02
1.965000e+02 2.790000e+02
1.997500e+02 2.790000e+02
2.030000e+02 2.790000e+02
2.050000e+02 2.790000e+02
2.070000e+02 2.790000e+02
2.092500e+02 2.787000e+02
2.115000e+02 2.784000e+02
2.137500e+02 2.784000e+02
2.160000e+02 2.784000e+02
2.182500e+02 2.784000e+02
2.205000e+02 2.784000e+02
2.227500e+02 2.784000e+02
2.250000e+02 2.784000e+02
2.272500e+02 2.784000e+02
2.295000e+02 2.784000e+02
2.317500e+02 2.784000e+02
2.340000e+02 2.784000e+02
2.365000e+02 2.781000e+02
2.390000e+02 2.778000e+02
2.415000e+02 2.778000e+02
2.440000e+02 2.778000e+02
2.465000e+02 2.778000e+02
2.490000e+02 2.778000e+02
2.517500e+02 2.778000e+02
2.545000e+02 2.778000e+02
2.572500e+02 2.775000e+02
2.600000e+02 2.772000e+02
2.627500e+02 2.772000e+02
2.655000e+02 2.772000e+02
2.680000e+02 2.769000e+02
2.705000e+02 2.766000e+02
2.732500e+02 2.766000e+02
2.760000e+02 2.766000e+02
2.785000e+02 2.766000e+02
2.810000e+02 2.766000e+02
2.835000e+02 2.766000e+02
2.860000e+02 2.766000e+02
2.900000e+02 2.766000e+02
2.940000e+02 2.766000e+02
2.950000e+02 2.766000e+02
2.960000e+02 2.766000e+02
3.012500e+02 2.766000e+02
3.065000e+02 2.766000e+02
3.087500e+02 2.766000e+02
3.110000e+02 2.766000e+02
3.135000e+02 2.766000e+02
3.160000e+02 2.766000e+02
3.182500e+02 2.766000e+02
3.205000e+02 2.766000e+02
3.230000e+02 2.766000e+02
3.255000e+02 2.766000e+02
3.280000e+02 2.766000e+02
3.305000e+02 2.766000e+02
3.340000e+02 2.763000e+02
3.375000e+02 2.760000e+02
3.390000e+02 2.760000e+02
3.405000e+02 2.760000e+02
3.427500e+02 2.760000e+02
3.450000e+02 2.760000e+02
3.472500e+02 2.760000e+02
3.495000e+02 2.760000e+02
3.530000e+02 2.760000e+02
3.565000e+02 2.760000e+02
3.575000e+02 2.760000e+02
3.585000e+02 2.760000e+02
3.617500e+02 2.757000e+02
3.650000e+02 2.754000e+02
3.660000e+02 2.754000e+02
3.670000e+02 2.754000e+02
3.692500e+02 2.754000e+02
3.715000e+02 2.754000e+02
3.737500e+02 2.754000e+02
3.760000e+02 2.754000e+02
3.782500e+02 2.754000e+02
3.805000e+02 2.754000e+02
3.825000e+02 2.754000e+02
3.845000e+02 2.754000e+02
3.867500e+02 2.751000e+02
3.890000e+02 2.748000e+02
3.912500e+02 2.748000e+02
3.935000e+02 2.748000e+02
3.955000e+02 2.748000e+02
3.975000e+02 2.748000e+02
4.000000e+02 2.748000e+02
4.025000e+02 2.748000e+02
4.057500e+02 2.745000e+02
4.090000e+02 2.742000e+02
4.102500e+02 2.742000e+02
4.115000e+02 2.742000e+02
4.140000e+02 2.742000e+02
4.165000e+02 2.742000e+02
4.175000e+02 2.742000e+02
4.185000e+02 2.742000e+02
4.207500e+02 2.742000e+02
4.230000e+02 2.742000e+02
4.252500e+02 2.742000e+02
4.275000e+02 2.742000e+02
4.295000e+02 2.742000e+02
4.315000e+02 2.742000e+02
4.335000e+02 2.742000e+02
4.355000e+02 2.742000e+02
4.375000e+02 2.742000e+02
4.395000e+02 2.742000e+02
4.415000e+02 2.742000e+02
4.435000e+02 2.742000e+02
4.462500e+02 2.742000e+02
4.490000e+02 2.742000e+02
4.522500e+02 2.742000e+02
4.555000e+02 2.742000e+02
4.575000e+02 2.739000e+02
4.595000e+02 2.736000e+02
4.617500e+02 2.736000e+02
4.640000e+02 2.736000e+02
4.660000e+02 2.733000e+02
4.680000e+02 2.730000e+02
4.700000e+02 2.730000e+02
4.720000e+02 2.730000e+02
4.740000e+02 2.730000e+02
4.760000e+02 2.730000e+02
4.780000e+02 2.727000e+02
4.800000e+02 2.724000e+02
4.825000e+02 2.724000e+02
4.850000e+02 2.724000e+02
4.870000e+02 2.724000e+02
4.890000e+02 2.724000e+02
4.907500e+02 2.721000e+02
4.925000e+02 2.718000e+02
4.932500e+02 2.718000e+02
4.940000e+02 2.718000e+02
4.957500e+02 2.718000e+02
4.975000e+02 2.718000e+02
4.995000e+02 2.718000e+02
5.015000e+02 2.718000e+02
5.032500e+02 2.718000e+02
5.050000e+02 2.718000e+02
5.067500e+02 2.718000e+02
5.085000e+02 2.718000e+02
5.102500e+02 2.715000e+02
5.120000e+02 2.712000e+02
5.137500e+02 2.712000e+02
5.155000e+02 2.712000e+02
5.162500e+02 2.712000e+02
5.170000e+02 2.712000e+02
5.187500e+02 2.712000e+02
5.205000e+02 2.712000e+02
5.235000e+02 2.706000e+02
5.270000e+02 2.706000e+02
5.310000e+02 2.706000e+02
5.370000e+02 2.712000e+02
5.435000e+02 2.712000e+02
5.495000e+02 2.718000e+02
5.550000e+02 2.724000e+02
5.565000e+02 2.724000e+02
5.600000e+02 2.724000e+02
5.635000e+02 2.730000e+02
5.670000e+02 2.730000e+02
5.700000e+02 2.736000e+02
5.725000e+02 2.736000e+02
5.750000e+02 2.742000e+02
5.775000e+02 2.742000e+02
5.795000e+02 2.748000e+02
5.820000e+02 2.748000e+02
5.835000e+02 2.754000e+02
5.850000e+02 2.754000e+02
5.865000e+02 2.754000e+02
5.875000e+02 2.754000e+02
5.885000e+02 2.760000e+02
5.895000e+02 2.760000e+02
5.905000e+02 2.760000e+02
5.910000e+02 2.760000e+02
5.915000e+02 2.760000e+02
5.920000e+02 2.760000e+02
5.920000e+02 2.760000e+02
5.925000e+02 2.760000e+02
5.925000e+02 2.760000e+02
5.925000e+02 2.760000e+02
5.925000e+02 2.760000e+02
5.925000e+02 2.766000e+02
5.925000e+02 2.766000e+02
5.925000e+02 2.766000e+02
