3.675000e+02 3.300000e+02
3.675000e+02 3.300000e+02
3.675000e+02 3.300000e+02
3.675000e+02 3.300000e+02
3.675000e+02 3.300000e+02
3.675000e+02 3.300000e+02
3.675000e+02 3.300000e+02
3.675000e+02 3.300000e+02
3.675000e+02 3.300000e+02
3.675000e+02 3.298500e+02
3.675000e+02 3.297000e+02
3.675000e+02 3.295500e+02
3.675000e+02 3.294000e+02
3.675000e+02 3.292500e+02
3.675000e+02 3.291000e+02
3.675000e+02 3.289500e+02
3.675000e+02 3.288000e+02
3.675000e+02 3.285750e+02
3.675000e+02 3.283500e+02
3.675000e+02 3.281250e+02
3.675000e+02 3.279000e+02
3.675000e+02 3.276750e+02
3.675000e+02 3.274500e+02
3.675000e+02 3.272250e+02
3.675000e+02 3.270000e+02
3.675000e+02 3.266250e+02
3.675000e+02 3.262500e+02
3.675000e+02 3.258750e+02
3.675000e+02 3.255000e+02
3.675000e+02 3.251250e+02
3.675000e+02 3.247500e+02
3.675000e+02 3.243750e+02
3.675000e+02 3.240000e+02
3.675000e+02 3.235500e+02
3.675000e+02 3.231000e+02
3.675000e+02 3.226500e+02
3.675000e+02 3.222000e+02
3.675000e+02 3.217500e+02
3.675000e+02 3.213000e+02
3.675000e+02 3.208500e+02
3.675000e+02 3.204000e+02
3.675000e+02 3.199500e+02
3.675000e+02 3.195000e+02
3.675000e+02 3.190500e+02
3.675000e+02 3.186000e+02
3.675000e+02 3.181500e+02
3.675000e+02 3.177000e+02
3.675000e+02 3.172500e+02
3.675000e+02 3.168000e+02
3.675625e+02 3.157500e+02
3.676250e+02 3.147000e+02
3.676875e+02 3.136500e+02
3.677500e+02 3.126000e+02
3.678125e+02 3.115500e+02
3.678750e+02 3.105000e+02
3.679375e+02 3.094500e+02
3.680000e+02 3.084000e+02
3.680000e+02 3.080250e+02
3.680000e+02 3.076500e+02
3.680000e+02 3.072750e+02
3.680000e+02 3.069000e+02
3.680000e+02 3.065250e+02
3.680000e+02 3.061500e+02
3.680000e+02 3.057750e+02
3.680000e+02 3.054000e+02
3.680625e+02 3.045000e+02
3.681250e+02 3.036000e+02
3.681875e+02 3.027000e+02
3.682500e+02 3.018000e+02
3.683125e+02 3.009000e+02
3.683750e+02 3.000000e+02
3.684375e+02 2.991000e+02
3.685000e+02 2.982000e+02
3.685000e+02 2.972250e+02
3.685000e+02 2.962500e+02
3.685000e+02 2.952750e+02
3.685000e+02 2.943000e+02
3.685000e+02 2.933250e+02
3.685000e+02 2.923500e+02
3.685000e+02 2.913750e+02
3.685000e+02 2.904000e+02
3.685000e+02 2.895000e+02
3.685000e+02 2.886000e+02
3.685000e+02 2.877000e+02
3.685000e+02 2.868000e+02
3.685000e+02 2.859000e+02
3.685000e+02 2.850000e+02
3.685000e+02 2.841000e+02
3.685000e+02 2.832000e+02
3.685000e+02 2.823000e+02
3.685000e+02 2.814000e+02
3.685000e+02 2.805000e+02
3.685000e+02 2.796000e+02
3.685000e+02 2.787000e+02
3.685000e+02 2.778000e+02
3.685000e+02 2.760000e+02
3.685000e+02 2.743500e+02
3.685000e+02 2.727000e+02
3.685000e+02 2.710500e+02
3.685000e+02 2.694000e+02
3.685000e+02 2.677500e+02
3.685000e+02 2.661000e+02
3.685000e+02 2.644500e+02
3.685000e+02 2.628000e+02
3.683750e+02 2.614500e+02
3.682500e+02 2.601000e+02
3.681250e+02 2.587500e+02
3.680000e+02 2.574000e+02
3.680000e+02 2.560500e+02
3.680000e+02 2.547000e+02
3.680000e+02 2.533500e+02
3.680000e+02 2.520000e+02
3.680000e+02 2.506500e+02
3.680000e+02 2.493000e+02
3.680000e+02 2.479500e+02
3.680000e+02 2.466000e+02
3.680000e+02 2.454000e+02
3.680000e+02 2.442000e+02
3.680000e+02 2.430000e+02
3.680000e+02 2.418000e+02
3.680000e+02 2.406000e+02
3.680000e+02 2.394000e+02
3.680000e+02 2.382000e+02
3.680000e+02 2.370000e+02
3.681250e+02 2.358000e+02
3.682500e+02 2.346000e+02
3.683750e+02 2.334000e+02
3.685000e+02 2.322000e+02
3.685000e+02 2.305500e+02
3.685000e+02 2.289000e+02
3.685000e+02 2.272500e+02
3.685000e+02 2.256000e+02
3.686250e+02 2.239500e+02
3.687500e+02 2.223000e+02
3.688750e+02 2.206500e+02
3.690000e+02 2.190000e+02
3.690000e+02 2.175000e+02
3.690000e+02 2.160000e+02
3.690000e+02 2.145000e+02
3.690000e+02 2.130000e+02
3.690000e+02 2.121000e+02
3.690000e+02 2.112000e+02
3.690000e+02 2.103000e+02
3.690000e+02 2.094000e+02
3.690000e+02 2.085000e+02
3.690000e+02 2.076000e+02
3.690000e+02 2.067000e+02
3.690000e+02 2.058000e+02
3.690000e+02 2.049000e+02
3.690000e+02 2.040000e+02
3.690000e+02 2.031000e+02
3.690000e+02 2.022000e+02
3.690000e+02 2.013000e+02
3.690000e+02 2.004000e+02
3.690000e+02 1.995000e+02
3.690000e+02 1.986000e+02
3.690000e+02 1.977000e+02
3.690000e+02 1.968000e+02
3.690000e+02 1.959000e+02
3.690000e+02 1.950000e+02
3.690000e+02 1.942500e+02
3.690000e+02 1.935000e+02
3.690000e+02 1.927500e+02
3.690000e+02 1.920000e+02
3.688750e+02 1.912500e+02
3.687500e+02 1.905000e+02
3.686250e+02 1.897500e+02
3.685000e+02 1.890000e+02
3.685000e+02 1.885500e+02
3.685000e+02 1.881000e+02
3.685000e+02 1.876500e+02
3.685000e+02 1.872000e+02
3.685000e+02 1.869000e+02
3.685000e+02 1.866000e+02
3.685000e+02 1.863000e+02
3.685000e+02 1.860000e+02
3.683750e+02 1.857000e+02
3.682500e+02 1.854000e+02
3.681250e+02 1.851000e+02
3.680000e+02 1.848000e+02
3.680000e+02 1.845000e+02
3.680000e+02 1.842000e+02
3.680000e+02 1.839000e+02
3.680000e+02 1.836000e+02
3.680000e+02 1.834500e+02
3.680000e+02 1.833000e+02
3.680000e+02 1.831500e+02
3.680000e+02 1.830000e+02
3.680000e+02 1.828500e+02
3.680000e+02 1.827000e+02
3.680000e+02 1.825500e+02
3.680000e+02 1.824000e+02
3.680000e+02 1.824000e+02
3.680000e+02 1.824000e+02
3.680000e+02 1.824000e+02
3.680000e+02 1.824000e+02
3.680000e+02 1.824000e+02
3.680000e+02 1.824000e+02
3.680000e+02 1.824000e+02
3.680000e+02 1.824000e+02
