1.220000e+02 1.890000e+02
1.220000e+02 1.890000e+02
1.220000e+02 1.890000e+02
1.217500e+02 1.890000e+02
1.215000e+02 1.890000e+02
1.215000e+02 1.890000e+02
1.215000e+02 1.890000e+02
1.215000e+02 1.890000e+02
1.215000e+02 1.890000e+02
1.215000e+02 1.890000e+02
1.215000e+02 1.890000e+02
1.215000e+02 1.890000e+02
1.215000e+02 1.890000e+02
1.217500e+02 1.890000e+02
1.220000e+02 1.890000e+02
1.222500e+02 1.896000e+02
1.225000e+02 1.902000e+02
1.232500e+02 1.908000e+02
1.240000e+02 1.914000e+02
1.250000e+02 1.926000e+02
1.260000e+02 1.938000e+02
1.270000e+02 1.950000e+02
1.280000e+02 1.962000e+02
1.297500e+02 1.977000e+02
1.315000e+02 1.992000e+02
1.335000e+02 2.013000e+02
1.355000e+02 2.034000e+02
1.377500e+02 2.055000e+02
1.400000e+02 2.076000e+02
1.435000e+02 2.112000e+02
1.470000e+02 2.148000e+02
1.497500e+02 2.175000e+02
1.525000e+02 2.202000e+02
1.552500e+02 2.232000e+02
1.580000e+02 2.262000e+02
1.607500e+02 2.292000e+02
1.635000e+02 2.322000e+02
1.665000e+02 2.355000e+02
1.695000e+02 2.388000e+02
1.722500e+02 2.418000e+02
1.750000e+02 2.448000e+02
1.782500e+02 2.481000e+02
1.815000e+02 2.514000e+02
1.842500e+02 2.541000e+02
1.870000e+02 2.568000e+02
1.902500e+02 2.604000e+02
1.935000e+02 2.640000e+02
1.965000e+02 2.673000e+02
1.995000e+02 2.706000e+02
2.025000e+02 2.736000e+02
2.055000e+02 2.766000e+02
2.085000e+02 2.796000e+02
2.115000e+02 2.826000e+02
2.142500e+02 2.853000e+02
2.170000e+02 2.880000e+02
2.200000e+02 2.910000e+02
2.230000e+02 2.940000e+02
2.257500e+02 2.970000e+02
2.285000e+02 3.000000e+02
2.312500e+02 3.027000e+02
2.340000e+02 3.054000e+02
2.365000e+02 3.078000e+02
2.390000e+02 3.102000e+02
2.415000e+02 3.126000e+02
2.440000e+02 3.150000e+02
2.462500e+02 3.171000e+02
2.485000e+02 3.192000e+02
2.515000e+02 3.222000e+02
2.545000e+02 3.252000e+02
2.565000e+02 3.270000e+02
2.585000e+02 3.288000e+02
2.600000e+02 3.300000e+02
2.615000e+02 3.312000e+02
2.622500e+02 3.318000e+02
2.630000e+02 3.324000e+02
2.652500e+02 3.342000e+02
2.675000e+02 3.360000e+02
2.687500e+02 3.366000e+02
2.700000e+02 3.372000e+02
2.710000e+02 3.378000e+02
2.720000e+02 3.384000e+02
2.727500e+02 3.387000e+02
2.735000e+02 3.390000e+02
2.740000e+02 3.396000e+02
2.745000e+02 3.402000e+02
2.752500e+02 3.405000e+02
2.760000e+02 3.408000e+02
2.762500e+02 3.408000e+02
2.765000e+02 3.408000e+02
2.770000e+02 3.411000e+02
2.775000e+02 3.414000e+02
2.777500e+02 3.414000e+02
2.780000e+02 3.414000e+02
2.782500e+02 3.414000e+02
2.785000e+02 3.414000e+02
2.787500e+02 3.414000e+02
2.790000e+02 3.414000e+02
2.792500e+02 3.411000e+02
2.795000e+02 3.408000e+02
2.797500e+02 3.408000e+02
2.800000e+02 3.408000e+02
2.802500e+02 3.405000e+02
2.805000e+02 3.402000e+02
2.810000e+02 3.396000e+02
2.815000e+02 3.390000e+02
2.827500e+02 3.375000e+02
2.840000e+02 3.360000e+02
2.860000e+02 3.327000e+02
2.880000e+02 3.294000e+02
2.907500e+02 3.249000e+02
2.935000e+02 3.204000e+02
2.955000e+02 3.171000e+02
2.975000e+02 3.138000e+02
2.995000e+02 3.099000e+02
3.015000e+02 3.060000e+02
3.040000e+02 3.024000e+02
3.065000e+02 2.988000e+02
3.087500e+02 2.946000e+02
3.110000e+02 2.904000e+02
3.135000e+02 2.859000e+02
3.160000e+02 2.814000e+02
3.190000e+02 2.763000e+02
3.220000e+02 2.712000e+02
3.250000e+02 2.661000e+02
3.280000e+02 2.610000e+02
3.310000e+02 2.565000e+02
3.340000e+02 2.520000e+02
3.375000e+02 2.469000e+02
3.410000e+02 2.418000e+02
3.462500e+02 2.343000e+02
3.515000e+02 2.268000e+02
3.552500e+02 2.220000e+02
3.590000e+02 2.172000e+02
3.625000e+02 2.124000e+02
3.660000e+02 2.076000e+02
3.677500e+02 2.055000e+02
3.695000e+02 2.034000e+02
3.750000e+02 1.962000e+02
3.805000e+02 1.890000e+02
3.840000e+02 1.848000e+02
3.875000e+02 1.806000e+02
3.917500e+02 1.758000e+02
3.960000e+02 1.710000e+02
4.017500e+02 1.644000e+02
4.075000e+02 1.578000e+02
4.135000e+02 1.512000e+02
4.195000e+02 1.446000e+02
4.230000e+02 1.407000e+02
4.265000e+02 1.368000e+02
4.305000e+02 1.326000e+02
4.345000e+02 1.284000e+02
4.377500e+02 1.248000e+02
4.410000e+02 1.212000e+02
4.445000e+02 1.176000e+02
4.480000e+02 1.140000e+02
4.512500e+02 1.104000e+02
4.545000e+02 1.068000e+02
4.577500e+02 1.035000e+02
4.610000e+02 1.002000e+02
4.647500e+02 9.690000e+01
4.685000e+02 9.360000e+01
4.712500e+02 9.060000e+01
4.740000e+02 8.760000e+01
4.767500e+02 8.490000e+01
4.795000e+02 8.220000e+01
4.817500e+02 8.010000e+01
4.840000e+02 7.800000e+01
4.862500e+02 7.590000e+01
4.885000e+02 7.380000e+01
4.902500e+02 7.200000e+01
4.920000e+02 7.020000e+01
4.935000e+02 6.870000e+01
4.950000e+02 6.720000e+01
4.957500e+02 6.630000e+01
4.965000e+02 6.540000e+01
4.975000e+02 6.450000e+01
4.985000e+02 6.360000e+01
4.990000e+02 6.300000e+01
4.995000e+02 6.240000e+01
4.997500e+02 6.180000e+01
5.000000e+02 6.120000e+01
5.005000e+02 6.060000e+01
5.010000e+02 6.000000e+01
5.012500e+02 5.970000e+01
5.015000e+02 5.940000e+01
5.015000e+02 5.910000e+01
5.015000e+02 5.880000e+01
5.015000e+02 5.880000e+01
5.015000e+02 5.880000e+01
5.017500e+02 5.880000e+01
5.020000e+02 5.880000e+01
5.020000e+02 5.850000e+01
5.020000e+02 5.820000e+01
5.020000e+02 5.850000e+01
5.020000e+02 5.880000e+01
5.020000e+02 5.910000e+01
5.020000e+02 5.940000e+01
5.022500e+02 5.940000e+01
5.025000e+02 5.940000e+01
5.025000e+02 5.940000e+01
