2.705000e+02 1.896000e+02
2.705000e+02 1.896000e+02
2.705000e+02 1.896000e+02
2.705000e+02 1.896000e+02
2.705000e+02 1.896000e+02
2.703750e+02 1.894500e+02
2.702500e+02 1.893000e+02
2.701250e+02 1.891500e+02
2.700000e+02 1.890000e+02
2.700000e+02 1.890000e+02
2.700000e+02 1.890000e+02
2.700000e+02 1.890000e+02
2.700000e+02 1.890000e+02
2.698750e+02 1.888500e+02
2.697500e+02 1.887000e+02
2.696250e+02 1.885500e+02
2.695000e+02 1.884000e+02
2.692500e+02 1.882500e+02
2.690000e+02 1.881000e+02
2.687500e+02 1.879500e+02
2.685000e+02 1.878000e+02
2.685000e+02 1.878000e+02
2.685000e+02 1.878000e+02
2.685000e+02 1.878000e+02
2.685000e+02 1.878000e+02
2.683750e+02 1.878000e+02
2.682500e+02 1.878000e+02
2.681250e+02 1.878000e+02
2.680000e+02 1.878000e+02
2.678750e+02 1.878000e+02
2.677500e+02 1.878000e+02
2.676250e+02 1.878000e+02
2.675000e+02 1.878000e+02
2.673750e+02 1.879500e+02
2.672500e+02 1.881000e+02
2.671250e+02 1.882500e+02
2.670000e+02 1.884000e+02
2.668750e+02 1.888500e+02
2.667500e+02 1.893000e+02
2.666250e+02 1.897500e+02
2.665000e+02 1.902000e+02
2.663750e+02 1.908000e+02
2.662500e+02 1.914000e+02
2.661250e+02 1.920000e+02
2.660000e+02 1.926000e+02
2.660000e+02 1.929000e+02
2.660000e+02 1.932000e+02
2.660000e+02 1.935000e+02
2.660000e+02 1.938000e+02
2.658750e+02 1.948500e+02
2.657500e+02 1.959000e+02
2.656250e+02 1.969500e+02
2.655000e+02 1.980000e+02
2.655000e+02 1.990500e+02
2.655000e+02 2.001000e+02
2.655000e+02 2.011500e+02
2.655000e+02 2.022000e+02
2.655000e+02 2.034000e+02
2.655000e+02 2.046000e+02
2.655000e+02 2.058000e+02
2.655000e+02 2.070000e+02
2.655000e+02 2.079000e+02
2.655000e+02 2.088000e+02
2.655000e+02 2.097000e+02
2.655000e+02 2.106000e+02
2.653750e+02 2.118000e+02
2.652500e+02 2.130000e+02
2.651250e+02 2.142000e+02
2.650000e+02 2.154000e+02
2.650000e+02 2.169000e+02
2.650000e+02 2.184000e+02
2.650000e+02 2.199000e+02
2.650000e+02 2.214000e+02
2.651250e+02 2.223000e+02
2.652500e+02 2.232000e+02
2.653750e+02 2.241000e+02
2.655000e+02 2.250000e+02
2.655000e+02 2.271000e+02
2.655000e+02 2.292000e+02
2.655000e+02 2.313000e+02
2.655000e+02 2.334000e+02
2.656250e+02 2.347500e+02
2.657500e+02 2.361000e+02
2.658750e+02 2.374500e+02
2.660000e+02 2.388000e+02
2.660000e+02 2.400000e+02
2.660000e+02 2.412000e+02
2.660000e+02 2.424000e+02
2.660000e+02 2.436000e+02
2.661250e+02 2.452500e+02
2.662500e+02 2.469000e+02
2.663750e+02 2.485500e+02
2.665000e+02 2.502000e+02
2.665000e+02 2.512500e+02
2.665000e+02 2.523000e+02
2.665000e+02 2.533500e+02
2.665000e+02 2.544000e+02
2.665000e+02 2.556000e+02
2.665000e+02 2.568000e+02
2.665000e+02 2.580000e+02
2.665000e+02 2.592000e+02
2.666250e+02 2.607000e+02
2.667500e+02 2.622000e+02
2.668750e+02 2.637000e+02
2.670000e+02 2.652000e+02
2.670000e+02 2.664000e+02
2.670000e+02 2.676000e+02
2.670000e+02 2.688000e+02
2.670000e+02 2.700000e+02
2.670000e+02 2.724000e+02
2.670000e+02 2.748000e+02
2.670000e+02 2.772000e+02
2.670000e+02 2.796000e+02
2.671250e+02 2.808000e+02
2.672500e+02 2.820000e+02
2.673750e+02 2.832000e+02
2.675000e+02 2.844000e+02
2.675000e+02 2.857500e+02
2.675000e+02 2.871000e+02
2.675000e+02 2.884500e+02
2.675000e+02 2.898000e+02
2.675000e+02 2.914500e+02
2.675000e+02 2.931000e+02
2.675000e+02 2.964000e+02
2.672500e+02 2.988000e+02
2.670000e+02 3.012000e+02
2.667500e+02 3.036000e+02
2.665000e+02 3.060000e+02
2.665000e+02 3.090000e+02
2.665000e+02 3.120000e+02
2.662500e+02 3.144000e+02
2.660000e+02 3.168000e+02
2.660000e+02 3.213000e+02
2.660000e+02 3.258000e+02
2.660000e+02 3.282000e+02
2.660000e+02 3.306000e+02
2.657500e+02 3.327000e+02
2.655000e+02 3.348000e+02
2.655000e+02 3.378000e+02
2.655000e+02 3.408000e+02
2.655000e+02 3.429000e+02
2.655000e+02 3.450000e+02
2.655000e+02 3.468000e+02
2.655000e+02 3.486000e+02
2.655000e+02 3.510000e+02
2.655000e+02 3.534000e+02
2.655000e+02 3.561000e+02
2.655000e+02 3.588000e+02
2.652500e+02 3.618000e+02
2.650000e+02 3.648000e+02
2.650000e+02 3.657000e+02
2.650000e+02 3.666000e+02
2.650000e+02 3.693000e+02
2.650000e+02 3.720000e+02
2.650000e+02 3.747000e+02
2.650000e+02 3.774000e+02
2.647500e+02 3.786000e+02
2.645000e+02 3.798000e+02
2.645000e+02 3.810000e+02
2.645000e+02 3.822000e+02
2.645000e+02 3.834000e+02
2.645000e+02 3.846000e+02
2.645000e+02 3.858000e+02
2.645000e+02 3.870000e+02
2.645000e+02 3.882000e+02
2.645000e+02 3.894000e+02
2.645000e+02 3.903000e+02
2.645000e+02 3.912000e+02
2.645000e+02 3.921000e+02
2.645000e+02 3.930000e+02
2.645000e+02 3.936000e+02
2.645000e+02 3.942000e+02
2.645000e+02 3.945000e+02
2.645000e+02 3.948000e+02
2.645000e+02 3.954000e+02
2.645000e+02 3.960000e+02
2.645000e+02 3.966000e+02
2.645000e+02 3.972000e+02
2.642500e+02 3.972000e+02
2.640000e+02 3.972000e+02
2.640000e+02 3.975000e+02
2.640000e+02 3.978000e+02
2.640000e+02 3.981000e+02
2.640000e+02 3.984000e+02
2.640000e+02 3.987000e+02
2.640000e+02 3.990000e+02
2.640000e+02 3.993000e+02
2.640000e+02 3.996000e+02
2.637500e+02 3.999000e+02
2.635000e+02 4.002000e+02
2.635000e+02 4.002000e+02
2.635000e+02 4.002000e+02
2.632500e+02 4.002000e+02
2.630000e+02 4.002000e+02
2.627500e+02 4.002000e+02
2.625000e+02 4.002000e+02
2.622500e+02 3.996000e+02
2.620000e+02 3.990000e+02
2.620000e+02 3.990000e+02
2.620000e+02 3.990000e+02
