2.155000e+02 1.422000e+02
2.155000e+02 1.422000e+02
2.155000e+02 1.422000e+02
2.157500e+02 1.422000e+02
2.160000e+02 1.422000e+02
2.162500e+02 1.422000e+02
2.165000e+02 1.422000e+02
2.177500e+02 1.419000e+02
2.190000e+02 1.416000e+02
2.210000e+02 1.410000e+02
2.230000e+02 1.404000e+02
2.262500e+02 1.398000e+02
2.295000e+02 1.392000e+02
2.327500e+02 1.386000e+02
2.360000e+02 1.380000e+02
2.402500e+02 1.374000e+02
2.445000e+02 1.368000e+02
2.492500e+02 1.359000e+02
2.540000e+02 1.350000e+02
2.585000e+02 1.344000e+02
2.630000e+02 1.338000e+02
2.677500e+02 1.329000e+02
2.725000e+02 1.320000e+02
2.777500e+02 1.311000e+02
2.830000e+02 1.302000e+02
2.880000e+02 1.299000e+02
2.930000e+02 1.296000e+02
2.982500e+02 1.290000e+02
3.035000e+02 1.284000e+02
3.082500e+02 1.281000e+02
3.130000e+02 1.278000e+02
3.200000e+02 1.272000e+02
3.270000e+02 1.266000e+02
3.315000e+02 1.263000e+02
3.360000e+02 1.260000e+02
3.407500e+02 1.260000e+02
3.455000e+02 1.260000e+02
3.497500e+02 1.257000e+02
3.540000e+02 1.254000e+02
3.572500e+02 1.251000e+02
3.605000e+02 1.248000e+02
3.640000e+02 1.248000e+02
3.675000e+02 1.248000e+02
3.705000e+02 1.245000e+02
3.735000e+02 1.242000e+02
3.765000e+02 1.242000e+02
3.795000e+02 1.242000e+02
3.817500e+02 1.239000e+02
3.840000e+02 1.236000e+02
3.862500e+02 1.236000e+02
3.885000e+02 1.236000e+02
3.905000e+02 1.236000e+02
3.925000e+02 1.236000e+02
3.942500e+02 1.233000e+02
3.960000e+02 1.230000e+02
3.972500e+02 1.230000e+02
3.985000e+02 1.230000e+02
3.997500e+02 1.230000e+02
4.010000e+02 1.230000e+02
4.020000e+02 1.233000e+02
4.030000e+02 1.236000e+02
4.040000e+02 1.236000e+02
4.050000e+02 1.236000e+02
4.057500e+02 1.236000e+02
4.065000e+02 1.236000e+02
4.070000e+02 1.239000e+02
4.075000e+02 1.242000e+02
4.080000e+02 1.242000e+02
4.085000e+02 1.242000e+02
4.087500e+02 1.242000e+02
4.090000e+02 1.242000e+02
4.092500e+02 1.245000e+02
4.095000e+02 1.248000e+02
4.095000e+02 1.248000e+02
4.095000e+02 1.248000e+02
4.100000e+02 1.254000e+02
4.105000e+02 1.260000e+02
4.110000e+02 1.278000e+02
4.110000e+02 1.296000e+02
4.115000e+02 1.320000e+02
4.115000e+02 1.356000e+02
4.115000e+02 1.392000e+02
4.115000e+02 1.446000e+02
4.115000e+02 1.494000e+02
4.115000e+02 1.554000e+02
4.115000e+02 1.620000e+02
4.115000e+02 1.686000e+02
4.110000e+02 1.800000e+02
4.100000e+02 1.926000e+02
4.095000e+02 2.016000e+02
4.085000e+02 2.130000e+02
4.075000e+02 2.220000e+02
4.070000e+02 2.298000e+02
4.065000e+02 2.382000e+02
4.060000e+02 2.460000e+02
4.060000e+02 2.544000e+02
4.060000e+02 2.622000e+02
4.060000e+02 2.700000e+02
4.055000e+02 2.790000e+02
4.055000e+02 2.862000e+02
4.055000e+02 2.940000e+02
4.055000e+02 3.012000e+02
4.055000e+02 3.084000e+02
4.055000e+02 3.150000e+02
4.055000e+02 3.210000e+02
4.055000e+02 3.276000e+02
4.055000e+02 3.318000e+02
4.055000e+02 3.360000e+02
4.050000e+02 3.426000e+02
4.050000e+02 3.444000e+02
4.050000e+02 3.474000e+02
4.045000e+02 3.504000e+02
4.045000e+02 3.516000e+02
4.045000e+02 3.528000e+02
4.045000e+02 3.534000e+02
4.045000e+02 3.546000e+02
4.040000e+02 3.552000e+02
4.040000e+02 3.558000e+02
4.040000e+02 3.558000e+02
4.040000e+02 3.564000e+02
4.035000e+02 3.564000e+02
4.035000e+02 3.564000e+02
4.030000e+02 3.564000e+02
4.015000e+02 3.564000e+02
3.990000e+02 3.564000e+02
3.930000e+02 3.558000e+02
3.815000e+02 3.552000e+02
3.680000e+02 3.540000e+02
3.575000e+02 3.534000e+02
3.490000e+02 3.528000e+02
3.415000e+02 3.522000e+02
3.325000e+02 3.516000e+02
3.225000e+02 3.510000e+02
3.085000e+02 3.498000e+02
2.985000e+02 3.486000e+02
2.885000e+02 3.486000e+02
2.785000e+02 3.480000e+02
2.680000e+02 3.486000e+02
2.585000e+02 3.486000e+02
2.485000e+02 3.492000e+02
2.410000e+02 3.498000e+02
2.340000e+02 3.498000e+02
2.275000e+02 3.504000e+02
2.220000e+02 3.510000e+02
2.175000e+02 3.510000e+02
2.130000e+02 3.516000e+02
2.100000e+02 3.516000e+02
2.075000e+02 3.516000e+02
2.055000e+02 3.516000e+02
2.040000e+02 3.516000e+02
2.025000e+02 3.510000e+02
2.015000e+02 3.510000e+02
2.010000e+02 3.510000e+02
2.000000e+02 3.504000e+02
1.995000e+02 3.498000e+02
1.985000e+02 3.492000e+02
1.975000e+02 3.474000e+02
1.965000e+02 3.462000e+02
1.960000e+02 3.444000e+02
1.950000e+02 3.426000e+02
1.945000e+02 3.396000e+02
1.935000e+02 3.342000e+02
1.935000e+02 3.288000e+02
1.930000e+02 3.210000e+02
1.930000e+02 3.138000e+02
1.930000e+02 3.030000e+02
1.935000e+02 2.874000e+02
1.935000e+02 2.784000e+02
1.940000e+02 2.694000e+02
1.940000e+02 2.610000e+02
1.945000e+02 2.538000e+02
1.950000e+02 2.442000e+02
1.960000e+02 2.370000e+02
1.965000e+02 2.274000e+02
1.975000e+02 2.208000e+02
1.990000e+02 2.106000e+02
2.000000e+02 2.028000e+02
2.015000e+02 1.938000e+02
2.030000e+02 1.818000e+02
2.045000e+02 1.758000e+02
2.055000e+02 1.686000e+02
2.065000e+02 1.632000e+02
2.075000e+02 1.596000e+02
2.085000e+02 1.560000e+02
2.095000e+02 1.518000e+02
2.100000e+02 1.488000e+02
2.105000e+02 1.464000e+02
2.105000e+02 1.446000e+02
2.110000e+02 1.434000e+02
2.110000e+02 1.428000e+02
2.110000e+02 1.416000e+02
2.115000e+02 1.410000e+02
2.115000e+02 1.404000e+02
2.115000e+02 1.398000e+02
2.115000e+02 1.398000e+02
2.115000e+02 1.398000e+02
2.115000e+02 1.398000e+02
2.115000e+02 1.392000e+02
2.120000e+02 1.392000e+02
2.120000e+02 1.392000e+02
