4.170000e+02 2.802000e+02
4.170000e+02 2.802000e+02
4.170000e+02 2.802000e+02
4.170000e+02 2.802000e+02
4.170000e+02 2.802000e+02
4.170000e+02 2.802000e+02
4.170000e+02 2.802000e+02
4.170000e+02 2.802000e+02
4.170000e+02 2.802000e+02
4.168750e+02 2.800500e+02
4.167500e+02 2.799000e+02
4.166250e+02 2.797500e+02
4.165000e+02 2.796000e+02
4.163750e+02 2.794500e+02
4.162500e+02 2.793000e+02
4.161250e+02 2.791500e+02
4.160000e+02 2.790000e+02
4.158750e+02 2.789250e+02
4.157500e+02 2.788500e+02
4.156250e+02 2.787750e+02
4.155000e+02 2.787000e+02
4.153750e+02 2.786250e+02
4.152500e+02 2.785500e+02
4.151250e+02 2.784750e+02
4.150000e+02 2.784000e+02
4.146875e+02 2.782500e+02
4.143750e+02 2.781000e+02
4.140625e+02 2.779500e+02
4.137500e+02 2.778000e+02
4.134375e+02 2.776500e+02
4.131250e+02 2.775000e+02
4.128125e+02 2.773500e+02
4.125000e+02 2.772000e+02
4.120000e+02 2.771250e+02
4.115000e+02 2.770500e+02
4.110000e+02 2.769750e+02
4.105000e+02 2.769000e+02
4.100000e+02 2.768250e+02
4.095000e+02 2.767500e+02
4.090000e+02 2.766750e+02
4.085000e+02 2.766000e+02
4.077500e+02 2.764500e+02
4.070000e+02 2.763000e+02
4.062500e+02 2.761500e+02
4.055000e+02 2.760000e+02
4.047500e+02 2.758500e+02
4.040000e+02 2.757000e+02
4.032500e+02 2.755500e+02
4.025000e+02 2.754000e+02
4.014375e+02 2.753250e+02
4.003750e+02 2.752500e+02
3.993125e+02 2.751750e+02
3.982500e+02 2.751000e+02
3.971875e+02 2.750250e+02
3.961250e+02 2.749500e+02
3.950625e+02 2.748750e+02
3.940000e+02 2.748000e+02
3.926875e+02 2.746500e+02
3.913750e+02 2.745000e+02
3.900625e+02 2.743500e+02
3.887500e+02 2.742000e+02
3.874375e+02 2.740500e+02
3.861250e+02 2.739000e+02
3.848125e+02 2.737500e+02
3.835000e+02 2.736000e+02
3.820625e+02 2.734500e+02
3.806250e+02 2.733000e+02
3.791875e+02 2.731500e+02
3.777500e+02 2.730000e+02
3.763125e+02 2.728500e+02
3.748750e+02 2.727000e+02
3.734375e+02 2.725500e+02
3.720000e+02 2.724000e+02
3.706250e+02 2.723250e+02
3.692500e+02 2.722500e+02
3.678750e+02 2.721750e+02
3.665000e+02 2.721000e+02
3.651250e+02 2.720250e+02
3.637500e+02 2.719500e+02
3.623750e+02 2.718750e+02
3.610000e+02 2.718000e+02
3.600000e+02 2.716500e+02
3.590000e+02 2.715000e+02
3.580000e+02 2.713500e+02
3.570000e+02 2.712000e+02
3.560000e+02 2.710500e+02
3.550000e+02 2.709000e+02
3.540000e+02 2.707500e+02
3.530000e+02 2.706000e+02
3.514375e+02 2.705250e+02
3.498750e+02 2.704500e+02
3.483125e+02 2.703750e+02
3.467500e+02 2.703000e+02
3.451875e+02 2.702250e+02
3.436250e+02 2.701500e+02
3.420625e+02 2.700750e+02
3.405000e+02 2.700000e+02
3.394375e+02 2.700750e+02
3.383750e+02 2.701500e+02
3.373125e+02 2.702250e+02
3.362500e+02 2.703000e+02
3.351875e+02 2.703750e+02
3.341250e+02 2.704500e+02
3.330625e+02 2.705250e+02
3.320000e+02 2.706000e+02
3.309375e+02 2.706750e+02
3.298750e+02 2.707500e+02
3.288125e+02 2.708250e+02
3.277500e+02 2.709000e+02
3.266875e+02 2.709750e+02
3.256250e+02 2.710500e+02
3.245625e+02 2.711250e+02
3.235000e+02 2.712000e+02
3.226250e+02 2.713500e+02
3.217500e+02 2.715000e+02
3.208750e+02 2.716500e+02
3.200000e+02 2.718000e+02
3.191250e+02 2.719500e+02
3.182500e+02 2.721000e+02
3.173750e+02 2.722500e+02
3.165000e+02 2.724000e+02
3.156250e+02 2.725500e+02
3.147500e+02 2.727000e+02
3.138750e+02 2.728500e+02
3.130000e+02 2.730000e+02
3.121250e+02 2.731500e+02
3.112500e+02 2.733000e+02
3.103750e+02 2.734500e+02
3.095000e+02 2.736000e+02
3.088125e+02 2.736750e+02
3.081250e+02 2.737500e+02
3.074375e+02 2.738250e+02
3.067500e+02 2.739000e+02
3.060625e+02 2.739750e+02
3.053750e+02 2.740500e+02
3.046875e+02 2.741250e+02
3.040000e+02 2.742000e+02
3.033750e+02 2.742750e+02
3.027500e+02 2.743500e+02
3.021250e+02 2.744250e+02
3.015000e+02 2.745000e+02
3.008750e+02 2.745750e+02
3.002500e+02 2.746500e+02
2.996250e+02 2.747250e+02
2.990000e+02 2.748000e+02
2.985000e+02 2.748000e+02
2.980000e+02 2.748000e+02
2.975000e+02 2.748000e+02
2.970000e+02 2.748000e+02
2.965000e+02 2.748000e+02
2.960000e+02 2.748000e+02
2.955000e+02 2.748000e+02
2.950000e+02 2.748000e+02
2.946250e+02 2.748750e+02
2.942500e+02 2.749500e+02
2.938750e+02 2.750250e+02
2.935000e+02 2.751000e+02
2.931250e+02 2.751750e+02
2.927500e+02 2.752500e+02
2.920000e+02 2.754000e+02
2.915000e+02 2.754000e+02
2.910000e+02 2.754000e+02
2.905000e+02 2.754000e+02
2.900000e+02 2.754000e+02
2.896250e+02 2.754000e+02
2.892500e+02 2.754000e+02
2.888750e+02 2.754000e+02
2.885000e+02 2.754000e+02
2.883750e+02 2.754000e+02
2.882500e+02 2.754000e+02
2.881250e+02 2.754000e+02
2.880000e+02 2.754000e+02
2.877500e+02 2.754000e+02
2.875000e+02 2.754000e+02
2.872500e+02 2.754000e+02
2.870000e+02 2.754000e+02
2.868750e+02 2.752500e+02
2.867500e+02 2.751000e+02
2.866250e+02 2.749500e+02
2.865000e+02 2.748000e+02
2.865000e+02 2.748000e+02
2.865000e+02 2.748000e+02
2.865000e+02 2.748000e+02
2.865000e+02 2.748000e+02
2.865000e+02 2.748000e+02
2.865000e+02 2.748000e+02
2.865000e+02 2.748000e+02
2.865000e+02 2.748000e+02
2.863750e+02 2.748000e+02
2.862500e+02 2.748000e+02
2.861250e+02 2.748000e+02
2.860000e+02 2.748000e+02
2.860000e+02 2.748000e+02
2.860000e+02 2.748000e+02
2.860000e+02 2.748000e+02
2.860000e+02 2.748000e+02
2.860000e+02 2.748000e+02
2.860000e+02 2.748000e+02
2.860000e+02 2.748000e+02
2.860000e+02 2.748000e+02
