3.290000e+02 1.896000e+02
3.290000e+02 1.896000e+02
3.290000e+02 1.896000e+02
3.295000e+02 1.890000e+02
3.300000e+02 1.884000e+02
3.307500e+02 1.881000e+02
3.315000e+02 1.878000e+02
3.320000e+02 1.872000e+02
3.325000e+02 1.866000e+02
3.335000e+02 1.857000e+02
3.345000e+02 1.848000e+02
3.355000e+02 1.833000e+02
3.365000e+02 1.818000e+02
3.367500e+02 1.812000e+02
3.370000e+02 1.806000e+02
3.377500e+02 1.791000e+02
3.385000e+02 1.776000e+02
3.387500e+02 1.770000e+02
3.390000e+02 1.764000e+02
3.392500e+02 1.752000e+02
3.395000e+02 1.740000e+02
3.395000e+02 1.731000e+02
3.395000e+02 1.722000e+02
3.395000e+02 1.713000e+02
3.395000e+02 1.704000e+02
3.392500e+02 1.692000e+02
3.390000e+02 1.680000e+02
3.387500e+02 1.668000e+02
3.385000e+02 1.656000e+02
3.380000e+02 1.644000e+02
3.375000e+02 1.632000e+02
3.370000e+02 1.626000e+02
3.365000e+02 1.620000e+02
3.355000e+02 1.596000e+02
3.345000e+02 1.584000e+02
3.330000e+02 1.566000e+02
3.310000e+02 1.548000e+02
3.285000e+02 1.524000e+02
3.235000e+02 1.488000e+02
3.215000e+02 1.476000e+02
3.175000e+02 1.458000e+02
3.130000e+02 1.440000e+02
3.105000e+02 1.434000e+02
3.055000e+02 1.422000e+02
3.005000e+02 1.410000e+02
2.945000e+02 1.404000e+02
2.920000e+02 1.404000e+02
2.860000e+02 1.398000e+02
2.830000e+02 1.398000e+02
2.770000e+02 1.404000e+02
2.705000e+02 1.404000e+02
2.645000e+02 1.410000e+02
2.545000e+02 1.434000e+02
2.515000e+02 1.440000e+02
2.440000e+02 1.476000e+02
2.375000e+02 1.512000e+02
2.340000e+02 1.524000e+02
2.275000e+02 1.560000e+02
2.215000e+02 1.608000e+02
2.185000e+02 1.632000e+02
2.130000e+02 1.680000e+02
2.080000e+02 1.734000e+02
2.055000e+02 1.764000e+02
2.015000e+02 1.818000e+02
1.985000e+02 1.884000e+02
1.960000e+02 1.944000e+02
1.950000e+02 1.980000e+02
1.935000e+02 2.046000e+02
1.930000e+02 2.112000e+02
1.930000e+02 2.142000e+02
1.925000e+02 2.208000e+02
1.925000e+02 2.244000e+02
1.935000e+02 2.316000e+02
1.940000e+02 2.376000e+02
1.945000e+02 2.412000e+02
1.955000e+02 2.478000e+02
1.975000e+02 2.544000e+02
1.985000e+02 2.580000e+02
2.010000e+02 2.652000e+02
2.035000e+02 2.718000e+02
2.045000e+02 2.748000e+02
2.075000e+02 2.814000e+02
2.110000e+02 2.868000e+02
2.130000e+02 2.898000e+02
2.160000e+02 2.958000e+02
2.205000e+02 3.012000e+02
2.225000e+02 3.030000e+02
2.265000e+02 3.078000e+02
2.315000e+02 3.114000e+02
2.335000e+02 3.132000e+02
2.380000e+02 3.174000e+02
2.430000e+02 3.198000e+02
2.475000e+02 3.222000e+02
2.495000e+02 3.234000e+02
2.545000e+02 3.252000e+02
2.595000e+02 3.276000e+02
2.620000e+02 3.282000e+02
2.665000e+02 3.300000e+02
2.710000e+02 3.312000e+02
2.735000e+02 3.318000e+02
2.775000e+02 3.324000e+02
2.825000e+02 3.336000e+02
2.865000e+02 3.336000e+02
2.890000e+02 3.342000e+02
2.940000e+02 3.342000e+02
2.985000e+02 3.330000e+02
3.010000e+02 3.324000e+02
3.060000e+02 3.312000e+02
3.110000e+02 3.294000e+02
3.135000e+02 3.288000e+02
3.190000e+02 3.270000e+02
3.215000e+02 3.264000e+02
3.270000e+02 3.246000e+02
3.330000e+02 3.234000e+02
3.385000e+02 3.204000e+02
3.415000e+02 3.192000e+02
3.470000e+02 3.162000e+02
3.530000e+02 3.132000e+02
3.560000e+02 3.120000e+02
3.615000e+02 3.084000e+02
3.670000e+02 3.048000e+02
3.695000e+02 3.024000e+02
3.745000e+02 2.988000e+02
3.795000e+02 2.940000e+02
3.815000e+02 2.916000e+02
3.855000e+02 2.862000e+02
3.890000e+02 2.808000e+02
3.910000e+02 2.778000e+02
3.935000e+02 2.724000e+02
3.955000e+02 2.676000e+02
3.975000e+02 2.622000e+02
3.985000e+02 2.574000e+02
3.995000e+02 2.520000e+02
4.000000e+02 2.466000e+02
4.000000e+02 2.436000e+02
4.000000e+02 2.388000e+02
3.995000e+02 2.334000e+02
3.990000e+02 2.310000e+02
3.985000e+02 2.262000e+02
3.970000e+02 2.226000e+02
3.960000e+02 2.202000e+02
3.945000e+02 2.160000e+02
3.935000e+02 2.136000e+02
3.915000e+02 2.100000e+02
3.885000e+02 2.070000e+02
3.860000e+02 2.040000e+02
3.840000e+02 2.028000e+02
3.815000e+02 1.998000e+02
3.785000e+02 1.968000e+02
3.770000e+02 1.956000e+02
3.740000e+02 1.932000e+02
3.705000e+02 1.914000e+02
3.690000e+02 1.908000e+02
3.650000e+02 1.896000e+02
3.625000e+02 1.896000e+02
3.575000e+02 1.890000e+02
3.525000e+02 1.884000e+02
3.500000e+02 1.884000e+02
3.435000e+02 1.890000e+02
3.410000e+02 1.896000e+02
3.345000e+02 1.908000e+02
3.280000e+02 1.926000e+02
3.250000e+02 1.938000e+02
3.185000e+02 1.962000e+02
3.120000e+02 1.980000e+02
3.090000e+02 1.992000e+02
3.030000e+02 2.010000e+02
2.970000e+02 2.040000e+02
2.940000e+02 2.058000e+02
2.890000e+02 2.100000e+02
2.865000e+02 2.118000e+02
2.815000e+02 2.154000e+02
2.775000e+02 2.196000e+02
2.760000e+02 2.220000e+02
2.730000e+02 2.256000e+02
2.705000e+02 2.286000e+02
2.690000e+02 2.304000e+02
2.670000e+02 2.328000e+02
2.650000e+02 2.358000e+02
2.640000e+02 2.370000e+02
2.625000e+02 2.388000e+02
2.615000e+02 2.406000e+02
2.610000e+02 2.412000e+02
2.600000e+02 2.424000e+02
2.600000e+02 2.430000e+02
2.595000e+02 2.436000e+02
2.590000e+02 2.442000e+02
2.590000e+02 2.442000e+02
2.590000e+02 2.448000e+02
2.585000e+02 2.448000e+02
2.585000e+02 2.448000e+02
2.585000e+02 2.448000e+02
2.585000e+02 2.448000e+02
2.585000e+02 2.454000e+02
2.585000e+02 2.454000e+02
2.585000e+02 2.454000e+02
2.585000e+02 2.454000e+02
2.585000e+02 2.448000e+02
2.585000e+02 2.436000e+02
2.585000e+02 2.436000e+02
