1.345000e+02 1.464000e+02
1.345000e+02 1.464000e+02
1.345000e+02 1.464000e+02
1.345000e+02 1.464000e+02
1.345000e+02 1.464000e+02
1.345000e+02 1.464000e+02
1.345000e+02 1.464000e+02
1.345000e+02 1.464000e+02
1.345000e+02 1.464000e+02
1.342500e+02 1.464000e+02
1.340000e+02 1.464000e+02
1.340000e+02 1.464000e+02
1.340000e+02 1.464000e+02
1.340000e+02 1.467000e+02
1.340000e+02 1.470000e+02
1.342500e+02 1.473000e+02
1.345000e+02 1.476000e+02
1.350000e+02 1.488000e+02
1.355000e+02 1.500000e+02
1.357500e+02 1.515000e+02
1.360000e+02 1.530000e+02
1.365000e+02 1.554000e+02
1.370000e+02 1.578000e+02
1.375000e+02 1.602000e+02
1.380000e+02 1.626000e+02
1.385000e+02 1.650000e+02
1.390000e+02 1.674000e+02
1.397500e+02 1.704000e+02
1.405000e+02 1.734000e+02
1.410000e+02 1.764000e+02
1.415000e+02 1.794000e+02
1.430000e+02 1.839000e+02
1.445000e+02 1.884000e+02
1.457500e+02 1.929000e+02
1.470000e+02 1.974000e+02
1.485000e+02 2.022000e+02
1.500000e+02 2.070000e+02
1.507500e+02 2.100000e+02
1.515000e+02 2.130000e+02
1.525000e+02 2.160000e+02
1.535000e+02 2.190000e+02
1.542500e+02 2.220000e+02
1.550000e+02 2.250000e+02
1.557500e+02 2.277000e+02
1.565000e+02 2.304000e+02
1.575000e+02 2.331000e+02
1.585000e+02 2.358000e+02
1.592500e+02 2.385000e+02
1.600000e+02 2.412000e+02
1.605000e+02 2.433000e+02
1.610000e+02 2.454000e+02
1.617500e+02 2.475000e+02
1.625000e+02 2.496000e+02
1.630000e+02 2.514000e+02
1.635000e+02 2.532000e+02
1.637500e+02 2.550000e+02
1.640000e+02 2.568000e+02
1.647500e+02 2.589000e+02
1.655000e+02 2.610000e+02
1.657500e+02 2.619000e+02
1.660000e+02 2.628000e+02
1.662500e+02 2.640000e+02
1.665000e+02 2.652000e+02
1.665000e+02 2.658000e+02
1.665000e+02 2.664000e+02
1.667500e+02 2.670000e+02
1.670000e+02 2.676000e+02
1.670000e+02 2.679000e+02
1.670000e+02 2.682000e+02
1.670000e+02 2.685000e+02
1.670000e+02 2.688000e+02
1.672500e+02 2.691000e+02
1.675000e+02 2.694000e+02
1.675000e+02 2.697000e+02
1.675000e+02 2.700000e+02
1.675000e+02 2.700000e+02
1.675000e+02 2.700000e+02
1.675000e+02 2.703000e+02
1.675000e+02 2.706000e+02
1.675000e+02 2.706000e+02
1.675000e+02 2.706000e+02
1.675000e+02 2.709000e+02
1.675000e+02 2.712000e+02
1.677500e+02 2.712000e+02
1.680000e+02 2.712000e+02
1.680000e+02 2.712000e+02
1.680000e+02 2.712000e+02
1.680000e+02 2.712000e+02
1.680000e+02 2.712000e+02
1.680000e+02 2.712000e+02
1.680000e+02 2.712000e+02
1.680000e+02 2.712000e+02
1.680000e+02 2.712000e+02
1.680000e+02 2.712000e+02
1.680000e+02 2.712000e+02
1.682500e+02 2.712000e+02
1.685000e+02 2.712000e+02
1.685000e+02 2.712000e+02
1.685000e+02 2.712000e+02
1.685000e+02 2.712000e+02
1.685000e+02 2.712000e+02
1.687500e+02 2.712000e+02
1.690000e+02 2.712000e+02
1.690000e+02 2.712000e+02
1.690000e+02 2.712000e+02
1.692500e+02 2.712000e+02
1.695000e+02 2.712000e+02
1.700000e+02 2.709000e+02
1.705000e+02 2.706000e+02
1.712500e+02 2.703000e+02
1.720000e+02 2.700000e+02
1.735000e+02 2.694000e+02
1.750000e+02 2.688000e+02
1.775000e+02 2.676000e+02
1.800000e+02 2.664000e+02
1.827500e+02 2.652000e+02
1.855000e+02 2.640000e+02
1.877500e+02 2.631000e+02
1.900000e+02 2.622000e+02
1.930000e+02 2.610000e+02
1.960000e+02 2.598000e+02
1.990000e+02 2.580000e+02
2.020000e+02 2.562000e+02
2.055000e+02 2.544000e+02
2.090000e+02 2.526000e+02
2.127500e+02 2.508000e+02
2.165000e+02 2.490000e+02
2.202500e+02 2.472000e+02
2.240000e+02 2.454000e+02
2.287500e+02 2.427000e+02
2.335000e+02 2.400000e+02
2.375000e+02 2.379000e+02
2.415000e+02 2.358000e+02
2.460000e+02 2.337000e+02
2.505000e+02 2.316000e+02
2.550000e+02 2.292000e+02
2.595000e+02 2.268000e+02
2.620000e+02 2.256000e+02
2.645000e+02 2.244000e+02
2.720000e+02 2.208000e+02
2.795000e+02 2.172000e+02
2.845000e+02 2.151000e+02
2.895000e+02 2.130000e+02
2.942500e+02 2.109000e+02
2.990000e+02 2.088000e+02
3.042500e+02 2.064000e+02
3.095000e+02 2.040000e+02
3.145000e+02 2.022000e+02
3.195000e+02 2.004000e+02
3.250000e+02 1.983000e+02
3.305000e+02 1.962000e+02
3.355000e+02 1.944000e+02
3.405000e+02 1.926000e+02
3.477500e+02 1.896000e+02
3.550000e+02 1.866000e+02
3.600000e+02 1.848000e+02
3.650000e+02 1.830000e+02
3.702500e+02 1.809000e+02
3.755000e+02 1.788000e+02
3.805000e+02 1.770000e+02
3.855000e+02 1.752000e+02
3.902500e+02 1.737000e+02
3.950000e+02 1.722000e+02
3.997500e+02 1.704000e+02
4.045000e+02 1.686000e+02
4.092500e+02 1.668000e+02
4.140000e+02 1.650000e+02
4.185000e+02 1.635000e+02
4.230000e+02 1.620000e+02
4.272500e+02 1.605000e+02
4.315000e+02 1.590000e+02
4.355000e+02 1.578000e+02
4.395000e+02 1.566000e+02
4.430000e+02 1.554000e+02
4.465000e+02 1.542000e+02
4.502500e+02 1.530000e+02
4.540000e+02 1.518000e+02
4.605000e+02 1.494000e+02
4.665000e+02 1.476000e+02
4.715000e+02 1.458000e+02
4.790000e+02 1.434000e+02
4.835000e+02 1.422000e+02
4.865000e+02 1.410000e+02
4.880000e+02 1.410000e+02
4.890000e+02 1.404000e+02
4.895000e+02 1.398000e+02
4.900000e+02 1.398000e+02
4.905000e+02 1.398000e+02
4.910000e+02 1.392000e+02
4.910000e+02 1.392000e+02
4.910000e+02 1.392000e+02
4.910000e+02 1.392000e+02
4.910000e+02 1.392000e+02
4.910000e+02 1.392000e+02
4.910000e+02 1.392000e+02
4.910000e+02 1.386000e+02
4.910000e+02 1.386000e+02
4.910000e+02 1.386000e+02
4.905000e+02 1.386000e+02
4.905000e+02 1.386000e+02
