4.270000e+02 4.002000e+02
4.270000e+02 4.002000e+02
4.270000e+02 4.002000e+02
4.270000e+02 4.002000e+02
4.270000e+02 4.002000e+02
4.268750e+02 4.002000e+02
4.267500e+02 4.002000e+02
4.266250e+02 4.002000e+02
4.265000e+02 4.002000e+02
4.265000e+02 4.002000e+02
4.265000e+02 4.002000e+02
4.265000e+02 4.002000e+02
4.265000e+02 4.002000e+02
4.265000e+02 4.002000e+02
4.265000e+02 4.002000e+02
4.265000e+02 4.002000e+02
4.265000e+02 4.002000e+02
4.265000e+02 4.002000e+02
4.265000e+02 4.002000e+02
4.265000e+02 4.002000e+02
4.265000e+02 4.002000e+02
4.263750e+02 4.002000e+02
4.262500e+02 4.002000e+02
4.261250e+02 4.002000e+02
4.260000e+02 4.002000e+02
4.258750e+02 4.003500e+02
4.257500e+02 4.005000e+02
4.256250e+02 4.006500e+02
4.255000e+02 4.008000e+02
4.253750e+02 4.008000e+02
4.252500e+02 4.008000e+02
4.251250e+02 4.008000e+02
4.250000e+02 4.008000e+02
4.247500e+02 4.009500e+02
4.245000e+02 4.011000e+02
4.242500e+02 4.012500e+02
4.240000e+02 4.014000e+02
4.237500e+02 4.014000e+02
4.235000e+02 4.014000e+02
4.232500e+02 4.014000e+02
4.230000e+02 4.014000e+02
4.226250e+02 4.015500e+02
4.222500e+02 4.017000e+02
4.218750e+02 4.018500e+02
4.215000e+02 4.020000e+02
4.210000e+02 4.020000e+02
4.205000e+02 4.020000e+02
4.200000e+02 4.020000e+02
4.195000e+02 4.020000e+02
4.190000e+02 4.020000e+02
4.185000e+02 4.020000e+02
4.180000e+02 4.020000e+02
4.175000e+02 4.020000e+02
4.168750e+02 4.021500e+02
4.162500e+02 4.023000e+02
4.150000e+02 4.026000e+02
4.135000e+02 4.026000e+02
4.120000e+02 4.026000e+02
4.102500e+02 4.026000e+02
4.085000e+02 4.026000e+02
4.065000e+02 4.026000e+02
4.045000e+02 4.026000e+02
4.022500e+02 4.023000e+02
4.000000e+02 4.020000e+02
3.975000e+02 4.020000e+02
3.950000e+02 4.020000e+02
3.925000e+02 4.020000e+02
3.900000e+02 4.020000e+02
3.870000e+02 4.020000e+02
3.840000e+02 4.020000e+02
3.792500e+02 4.020000e+02
3.745000e+02 4.020000e+02
3.730000e+02 4.020000e+02
3.715000e+02 4.020000e+02
3.682500e+02 4.020000e+02
3.650000e+02 4.020000e+02
3.617500e+02 4.020000e+02
3.585000e+02 4.020000e+02
3.547500e+02 4.020000e+02
3.510000e+02 4.020000e+02
3.472500e+02 4.020000e+02
3.435000e+02 4.020000e+02
3.400000e+02 4.017000e+02
3.365000e+02 4.014000e+02
3.310000e+02 4.014000e+02
3.255000e+02 4.014000e+02
3.235000e+02 4.014000e+02
3.215000e+02 4.014000e+02
3.157500e+02 4.017000e+02
3.100000e+02 4.020000e+02
3.047500e+02 4.020000e+02
2.995000e+02 4.020000e+02
2.962500e+02 4.020000e+02
2.930000e+02 4.020000e+02
2.895000e+02 4.020000e+02
2.860000e+02 4.020000e+02
2.827500e+02 4.020000e+02
2.795000e+02 4.020000e+02
2.745000e+02 4.020000e+02
2.695000e+02 4.020000e+02
2.677500e+02 4.020000e+02
2.660000e+02 4.020000e+02
2.625000e+02 4.023000e+02
2.590000e+02 4.026000e+02
2.560000e+02 4.026000e+02
2.530000e+02 4.026000e+02
2.495000e+02 4.026000e+02
2.460000e+02 4.026000e+02
2.430000e+02 4.026000e+02
2.400000e+02 4.026000e+02
2.372500e+02 4.023000e+02
2.345000e+02 4.020000e+02
2.302500e+02 4.017000e+02
2.260000e+02 4.014000e+02
2.235000e+02 4.011000e+02
2.210000e+02 4.008000e+02
2.185000e+02 4.005000e+02
2.160000e+02 4.002000e+02
2.120000e+02 4.002000e+02
2.080000e+02 4.002000e+02
2.052500e+02 4.002000e+02
2.025000e+02 4.002000e+02
1.997500e+02 4.002000e+02
1.970000e+02 4.002000e+02
1.945000e+02 4.005000e+02
1.920000e+02 4.008000e+02
1.892500e+02 4.011000e+02
1.865000e+02 4.014000e+02
1.840000e+02 4.014000e+02
1.815000e+02 4.014000e+02
1.792500e+02 4.017000e+02
1.770000e+02 4.020000e+02
1.747500e+02 4.023000e+02
1.725000e+02 4.026000e+02
1.705000e+02 4.026000e+02
1.685000e+02 4.026000e+02
1.675000e+02 4.026000e+02
1.665000e+02 4.026000e+02
1.637500e+02 4.029000e+02
1.610000e+02 4.032000e+02
1.602500e+02 4.032000e+02
1.595000e+02 4.032000e+02
1.580000e+02 4.032000e+02
1.565000e+02 4.032000e+02
1.550000e+02 4.035000e+02
1.535000e+02 4.038000e+02
1.520000e+02 4.038000e+02
1.505000e+02 4.038000e+02
1.492500e+02 4.038000e+02
1.480000e+02 4.038000e+02
1.470000e+02 4.041000e+02
1.460000e+02 4.044000e+02
1.447500e+02 4.044000e+02
1.435000e+02 4.044000e+02
1.425000e+02 4.044000e+02
1.415000e+02 4.044000e+02
1.407500e+02 4.044000e+02
1.400000e+02 4.044000e+02
1.392500e+02 4.044000e+02
1.385000e+02 4.044000e+02
1.375000e+02 4.044000e+02
1.365000e+02 4.044000e+02
1.357500e+02 4.044000e+02
1.350000e+02 4.044000e+02
1.345000e+02 4.044000e+02
1.340000e+02 4.044000e+02
1.332500e+02 4.044000e+02
1.325000e+02 4.044000e+02
1.317500e+02 4.044000e+02
1.310000e+02 4.044000e+02
1.305000e+02 4.044000e+02
1.300000e+02 4.044000e+02
1.297500e+02 4.044000e+02
1.295000e+02 4.044000e+02
1.290000e+02 4.044000e+02
1.285000e+02 4.044000e+02
1.282500e+02 4.047000e+02
1.280000e+02 4.050000e+02
1.277500e+02 4.050000e+02
1.275000e+02 4.050000e+02
1.272500e+02 4.050000e+02
1.270000e+02 4.050000e+02
1.270000e+02 4.050000e+02
1.270000e+02 4.050000e+02
1.267500e+02 4.050000e+02
1.265000e+02 4.050000e+02
1.262500e+02 4.050000e+02
1.260000e+02 4.050000e+02
1.260000e+02 4.050000e+02
1.260000e+02 4.050000e+02
1.260000e+02 4.050000e+02
1.260000e+02 4.050000e+02
1.257500e+02 4.050000e+02
1.255000e+02 4.050000e+02
1.255000e+02 4.050000e+02
1.255000e+02 4.050000e+02
1.255000e+02 4.050000e+02
1.255000e+02 4.050000e+02
1.255000e+02 4.050000e+02
1.255000e+02 4.050000e+02
