2.775000e+02 3.696000e+02
2.775000e+02 3.696000e+02
2.775000e+02 3.696000e+02
2.775000e+02 3.696000e+02
2.775000e+02 3.696000e+02
2.775000e+02 3.697500e+02
2.775000e+02 3.699000e+02
2.775000e+02 3.700500e+02
2.775000e+02 3.702000e+02
2.775000e+02 3.702000e+02
2.775000e+02 3.702000e+02
2.775000e+02 3.702000e+02
2.775000e+02 3.702000e+02
2.775000e+02 3.702000e+02
2.775000e+02 3.702000e+02
2.775000e+02 3.702000e+02
2.775000e+02 3.702000e+02
2.773750e+02 3.703500e+02
2.772500e+02 3.705000e+02
2.771250e+02 3.706500e+02
2.770000e+02 3.708000e+02
2.770000e+02 3.708000e+02
2.770000e+02 3.708000e+02
2.770000e+02 3.708000e+02
2.770000e+02 3.708000e+02
2.768750e+02 3.706500e+02
2.767500e+02 3.705000e+02
2.766250e+02 3.703500e+02
2.765000e+02 3.702000e+02
2.762500e+02 3.696000e+02
2.760000e+02 3.690000e+02
2.757500e+02 3.684000e+02
2.755000e+02 3.678000e+02
2.747500e+02 3.664500e+02
2.740000e+02 3.651000e+02
2.732500e+02 3.637500e+02
2.725000e+02 3.624000e+02
2.716250e+02 3.606000e+02
2.707500e+02 3.588000e+02
2.698750e+02 3.570000e+02
2.690000e+02 3.552000e+02
2.683750e+02 3.531000e+02
2.677500e+02 3.510000e+02
2.671250e+02 3.489000e+02
2.665000e+02 3.468000e+02
2.657500e+02 3.445500e+02
2.650000e+02 3.423000e+02
2.642500e+02 3.400500e+02
2.635000e+02 3.378000e+02
2.627500e+02 3.352500e+02
2.620000e+02 3.327000e+02
2.612500e+02 3.301500e+02
2.605000e+02 3.276000e+02
2.597500e+02 3.250500e+02
2.590000e+02 3.225000e+02
2.582500e+02 3.199500e+02
2.575000e+02 3.174000e+02
2.566250e+02 3.136500e+02
2.557500e+02 3.099000e+02
2.548750e+02 3.061500e+02
2.540000e+02 3.024000e+02
2.533750e+02 3.001500e+02
2.527500e+02 2.979000e+02
2.521250e+02 2.956500e+02
2.515000e+02 2.934000e+02
2.510000e+02 2.911500e+02
2.505000e+02 2.889000e+02
2.500000e+02 2.866500e+02
2.495000e+02 2.844000e+02
2.488750e+02 2.820000e+02
2.482500e+02 2.796000e+02
2.476250e+02 2.772000e+02
2.470000e+02 2.748000e+02
2.465000e+02 2.728500e+02
2.460000e+02 2.709000e+02
2.455000e+02 2.689500e+02
2.450000e+02 2.670000e+02
2.445000e+02 2.647500e+02
2.440000e+02 2.625000e+02
2.435000e+02 2.602500e+02
2.430000e+02 2.580000e+02
2.426250e+02 2.559000e+02
2.422500e+02 2.538000e+02
2.418750e+02 2.517000e+02
2.415000e+02 2.496000e+02
2.410000e+02 2.470500e+02
2.405000e+02 2.445000e+02
2.400000e+02 2.419500e+02
2.395000e+02 2.394000e+02
2.390000e+02 2.368500e+02
2.385000e+02 2.343000e+02
2.380000e+02 2.317500e+02
2.375000e+02 2.292000e+02
2.371250e+02 2.271000e+02
2.367500e+02 2.250000e+02
2.363750e+02 2.229000e+02
2.360000e+02 2.208000e+02
2.355000e+02 2.185500e+02
2.350000e+02 2.163000e+02
2.345000e+02 2.140500e+02
2.340000e+02 2.118000e+02
2.332500e+02 2.085000e+02
2.325000e+02 2.052000e+02
2.317500e+02 2.019000e+02
2.310000e+02 1.986000e+02
2.308750e+02 1.975500e+02
2.307500e+02 1.965000e+02
2.306250e+02 1.954500e+02
2.305000e+02 1.944000e+02
2.298750e+02 1.908000e+02
2.292500e+02 1.872000e+02
2.286250e+02 1.836000e+02
2.280000e+02 1.800000e+02
2.276250e+02 1.777500e+02
2.272500e+02 1.755000e+02
2.268750e+02 1.732500e+02
2.265000e+02 1.710000e+02
2.262500e+02 1.689000e+02
2.260000e+02 1.668000e+02
2.257500e+02 1.647000e+02
2.255000e+02 1.626000e+02
2.251250e+02 1.606500e+02
2.247500e+02 1.587000e+02
2.243750e+02 1.567500e+02
2.240000e+02 1.548000e+02
2.237500e+02 1.528500e+02
2.235000e+02 1.509000e+02
2.232500e+02 1.489500e+02
2.230000e+02 1.470000e+02
2.226250e+02 1.450500e+02
2.222500e+02 1.431000e+02
2.218750e+02 1.411500e+02
2.215000e+02 1.392000e+02
2.212500e+02 1.375500e+02
2.210000e+02 1.359000e+02
2.207500e+02 1.342500e+02
2.205000e+02 1.326000e+02
2.202500e+02 1.309500e+02
2.200000e+02 1.293000e+02
2.197500e+02 1.276500e+02
2.195000e+02 1.260000e+02
2.192500e+02 1.243500e+02
2.190000e+02 1.227000e+02
2.187500e+02 1.210500e+02
2.185000e+02 1.194000e+02
2.183750e+02 1.179000e+02
2.182500e+02 1.164000e+02
2.181250e+02 1.149000e+02
2.180000e+02 1.134000e+02
2.177500e+02 1.117500e+02
2.175000e+02 1.101000e+02
2.172500e+02 1.084500e+02
2.170000e+02 1.068000e+02
2.168750e+02 1.053000e+02
2.167500e+02 1.038000e+02
2.166250e+02 1.023000e+02
2.165000e+02 1.008000e+02
2.163750e+02 9.930000e+01
2.162500e+02 9.780000e+01
2.161250e+02 9.630000e+01
2.160000e+02 9.480000e+01
2.158750e+02 9.330000e+01
2.157500e+02 9.180000e+01
2.156250e+02 9.030000e+01
2.155000e+02 8.880000e+01
2.153750e+02 8.685000e+01
2.152500e+02 8.490000e+01
2.151250e+02 8.295000e+01
2.150000e+02 8.100000e+01
2.150000e+02 7.965000e+01
2.150000e+02 7.830000e+01
2.150000e+02 7.695000e+01
2.150000e+02 7.560000e+01
2.148750e+02 7.440000e+01
2.147500e+02 7.320000e+01
2.146250e+02 7.200000e+01
2.145000e+02 7.080000e+01
2.145000e+02 6.960000e+01
2.145000e+02 6.840000e+01
2.145000e+02 6.720000e+01
2.145000e+02 6.600000e+01
2.145000e+02 6.420000e+01
2.145000e+02 6.240000e+01
2.145000e+02 6.060000e+01
2.145000e+02 5.880000e+01
2.145000e+02 5.835000e+01
2.145000e+02 5.790000e+01
2.145000e+02 5.745000e+01
2.145000e+02 5.700000e+01
2.146250e+02 5.595000e+01
2.147500e+02 5.490000e+01
2.148750e+02 5.385000e+01
2.150000e+02 5.280000e+01
2.151250e+02 5.235000e+01
2.152500e+02 5.190000e+01
2.153750e+02 5.145000e+01
2.155000e+02 5.100000e+01
2.155000e+02 5.100000e+01
2.155000e+02 5.100000e+01
2.155000e+02 5.100000e+01
