3.224000e+02 4.136000e+02
3.224000e+02 4.120000e+02
3.224000e+02 4.072000e+02
3.224000e+02 4.008000e+02
3.224000e+02 3.952000e+02
3.224000e+02 3.912000e+02
3.224000e+02 3.832000e+02
3.224000e+02 3.752000e+02
3.224000e+02 3.696000e+02
3.224000e+02 3.648000e+02
3.216000e+02 3.600000e+02
3.208000e+02 3.528000e+02
3.200000e+02 3.480000e+02
3.200000e+02 3.440000e+02
3.200000e+02 3.352000e+02
3.200000e+02 3.296000e+02
3.200000e+02 3.208000e+02
3.200000e+02 3.136000e+02
3.200000e+02 3.088000e+02
3.200000e+02 3.040000e+02
3.200000e+02 2.976000e+02
3.208000e+02 2.920000e+02
3.208000e+02 2.800000e+02
3.208000e+02 2.728000e+02
3.208000e+02 2.648000e+02
3.208000e+02 2.600000e+02
3.208000e+02 2.552000e+02
3.208000e+02 2.520000e+02
3.208000e+02 2.472000e+02
3.208000e+02 2.392000e+02
3.224000e+02 2.240000e+02
3.232000e+02 2.136000e+02
3.232000e+02 2.072000e+02
3.232000e+02 2.032000e+02
3.240000e+02 1.992000e+02
3.248000e+02 1.968000e+02
3.248000e+02 1.936000e+02
3.248000e+02 1.896000e+02
3.248000e+02 1.856000e+02
3.248000e+02 1.776000e+02
3.248000e+02 1.712000e+02
3.248000e+02 1.648000e+02
3.248000e+02 1.616000e+02
3.248000e+02 1.568000e+02
3.248000e+02 1.536000e+02
3.248000e+02 1.472000e+02
3.248000e+02 1.416000e+02
3.240000e+02 1.320000e+02
3.240000e+02 1.272000e+02
3.240000e+02 1.232000e+02
3.240000e+02 1.192000e+02
3.240000e+02 1.168000e+02
3.240000e+02 1.088000e+02
3.240000e+02 1.016000e+02
3.240000e+02 9.920000e+01
3.240000e+02 9.360000e+01
3.224000e+02 8.960000e+01
3.224000e+02 8.800000e+01
3.224000e+02 8.560000e+01
3.224000e+02 8.320000e+01
3.224000e+02 7.920000e+01
3.224000e+02 7.520000e+01
3.232000e+02 7.280000e+01
3.232000e+02 7.120000e+01
3.232000e+02 6.880000e+01
