1.550000e+02 1.314000e+02
1.550000e+02 1.314000e+02
1.550000e+02 1.314000e+02
1.550000e+02 1.314000e+02
1.555000e+02 1.314000e+02
1.555000e+02 1.314000e+02
1.560000e+02 1.314000e+02
1.570000e+02 1.308000e+02
1.595000e+02 1.308000e+02
1.635000e+02 1.308000e+02
1.690000e+02 1.302000e+02
1.800000e+02 1.296000e+02
1.890000e+02 1.290000e+02
2.050000e+02 1.284000e+02
2.175000e+02 1.272000e+02
2.310000e+02 1.260000e+02
2.445000e+02 1.248000e+02
2.650000e+02 1.224000e+02
2.720000e+02 1.224000e+02
2.865000e+02 1.212000e+02
3.025000e+02 1.200000e+02
3.180000e+02 1.188000e+02
3.335000e+02 1.176000e+02
3.485000e+02 1.170000e+02
3.625000e+02 1.164000e+02
3.770000e+02 1.158000e+02
3.905000e+02 1.158000e+02
4.090000e+02 1.158000e+02
4.215000e+02 1.158000e+02
4.355000e+02 1.158000e+02
4.485000e+02 1.164000e+02
4.605000e+02 1.170000e+02
4.715000e+02 1.176000e+02
4.815000e+02 1.182000e+02
4.920000e+02 1.182000e+02
5.005000e+02 1.188000e+02
5.080000e+02 1.188000e+02
5.150000e+02 1.194000e+02
5.205000e+02 1.200000e+02
5.260000e+02 1.200000e+02
5.305000e+02 1.206000e+02
5.335000e+02 1.212000e+02
5.360000e+02 1.212000e+02
5.370000e+02 1.218000e+02
5.385000e+02 1.218000e+02
5.390000e+02 1.224000e+02
5.395000e+02 1.224000e+02
5.400000e+02 1.230000e+02
5.400000e+02 1.236000e+02
5.400000e+02 1.242000e+02
5.405000e+02 1.254000e+02
5.405000e+02 1.266000e+02
5.405000e+02 1.284000e+02
5.405000e+02 1.314000e+02
5.405000e+02 1.326000e+02
5.405000e+02 1.362000e+02
5.405000e+02 1.398000e+02
5.405000e+02 1.422000e+02
5.405000e+02 1.470000e+02
5.400000e+02 1.530000e+02
5.400000e+02 1.596000e+02
5.400000e+02 1.656000e+02
5.395000e+02 1.770000e+02
5.395000e+02 1.806000e+02
5.395000e+02 1.944000e+02
5.395000e+02 2.088000e+02
5.390000e+02 2.190000e+02
5.385000e+02 2.286000e+02
5.375000e+02 2.388000e+02
5.370000e+02 2.490000e+02
5.360000e+02 2.634000e+02
5.355000e+02 2.688000e+02
5.340000e+02 2.784000e+02
5.330000e+02 2.874000e+02
5.315000e+02 2.952000e+02
5.305000e+02 3.012000e+02
5.295000e+02 3.072000e+02
5.285000e+02 3.126000e+02
5.275000e+02 3.162000e+02
5.265000e+02 3.192000e+02
5.255000e+02 3.228000e+02
5.245000e+02 3.246000e+02
5.240000e+02 3.252000e+02
5.235000e+02 3.264000e+02
5.225000e+02 3.264000e+02
5.210000e+02 3.270000e+02
5.190000e+02 3.270000e+02
5.160000e+02 3.264000e+02
5.120000e+02 3.258000e+02
5.080000e+02 3.246000e+02
5.005000e+02 3.228000e+02
4.975000e+02 3.222000e+02
4.870000e+02 3.204000e+02
4.755000e+02 3.192000e+02
4.680000e+02 3.180000e+02
4.590000e+02 3.174000e+02
4.495000e+02 3.168000e+02
4.405000e+02 3.162000e+02
4.240000e+02 3.150000e+02
4.140000e+02 3.144000e+02
4.030000e+02 3.144000e+02
3.865000e+02 3.138000e+02
3.700000e+02 3.138000e+02
3.590000e+02 3.138000e+02
3.470000e+02 3.138000e+02
3.365000e+02 3.138000e+02
3.265000e+02 3.138000e+02
3.165000e+02 3.144000e+02
3.115000e+02 3.144000e+02
3.020000e+02 3.144000e+02
2.930000e+02 3.150000e+02
2.810000e+02 3.156000e+02
2.765000e+02 3.156000e+02
2.665000e+02 3.162000e+02
2.625000e+02 3.162000e+02
2.520000e+02 3.168000e+02
2.465000e+02 3.168000e+02
2.415000e+02 3.174000e+02
2.360000e+02 3.174000e+02
2.320000e+02 3.174000e+02
2.280000e+02 3.174000e+02
2.245000e+02 3.168000e+02
2.210000e+02 3.168000e+02
2.185000e+02 3.168000e+02
2.160000e+02 3.162000e+02
2.135000e+02 3.156000e+02
2.115000e+02 3.150000e+02
2.090000e+02 3.144000e+02
2.075000e+02 3.138000e+02
2.060000e+02 3.132000e+02
2.045000e+02 3.120000e+02
2.030000e+02 3.108000e+02
2.015000e+02 3.090000e+02
2.010000e+02 3.072000e+02
2.000000e+02 3.036000e+02
1.995000e+02 3.000000e+02
1.990000e+02 2.946000e+02
1.990000e+02 2.886000e+02
1.990000e+02 2.832000e+02
1.995000e+02 2.796000e+02
1.995000e+02 2.724000e+02
2.000000e+02 2.658000e+02
2.000000e+02 2.580000e+02
2.000000e+02 2.514000e+02
2.000000e+02 2.424000e+02
2.005000e+02 2.352000e+02
2.005000e+02 2.220000e+02
2.010000e+02 2.130000e+02
2.010000e+02 2.046000e+02
2.015000e+02 1.944000e+02
2.015000e+02 1.860000e+02
2.015000e+02 1.776000e+02
2.020000e+02 1.692000e+02
2.020000e+02 1.620000e+02
2.025000e+02 1.542000e+02
2.025000e+02 1.470000e+02
2.030000e+02 1.410000e+02
2.030000e+02 1.320000e+02
2.030000e+02 1.296000e+02
2.030000e+02 1.218000e+02
2.030000e+02 1.176000e+02
2.030000e+02 1.146000e+02
2.030000e+02 1.122000e+02
2.030000e+02 1.098000e+02
2.025000e+02 1.080000e+02
2.025000e+02 1.068000e+02
2.025000e+02 1.056000e+02
2.025000e+02 1.050000e+02
2.025000e+02 1.044000e+02
2.025000e+02 1.038000e+02
2.025000e+02 1.032000e+02
2.025000e+02 1.032000e+02
2.025000e+02 1.032000e+02
2.025000e+02 1.026000e+02
2.025000e+02 1.032000e+02
2.025000e+02 1.032000e+02
2.030000e+02 1.038000e+02
2.035000e+02 1.056000e+02
2.035000e+02 1.056000e+02
