2.905000e+02 1.554000e+02
2.905000e+02 1.554000e+02
2.875000e+02 1.560000e+02
2.840000e+02 1.578000e+02
2.815000e+02 1.602000e+02
2.760000e+02 1.644000e+02
2.695000e+02 1.686000e+02
2.590000e+02 1.776000e+02
2.555000e+02 1.800000e+02
2.500000e+02 1.848000e+02
2.465000e+02 1.878000e+02
2.455000e+02 1.890000e+02
2.445000e+02 1.908000e+02
2.455000e+02 1.920000e+02
2.465000e+02 1.926000e+02
2.490000e+02 1.950000e+02
2.505000e+02 1.962000e+02
2.525000e+02 1.998000e+02
2.540000e+02 2.040000e+02
2.545000e+02 2.064000e+02
2.555000e+02 2.112000e+02
2.560000e+02 2.160000e+02
2.565000e+02 2.184000e+02
2.570000e+02 2.238000e+02
2.570000e+02 2.268000e+02
2.570000e+02 2.340000e+02
2.570000e+02 2.412000e+02
2.565000e+02 2.454000e+02
2.560000e+02 2.532000e+02
2.560000e+02 2.610000e+02
2.560000e+02 2.652000e+02
2.560000e+02 2.730000e+02
2.560000e+02 2.808000e+02
2.570000e+02 2.886000e+02
2.585000e+02 2.988000e+02
2.595000e+02 3.024000e+02
2.615000e+02 3.096000e+02
2.635000e+02 3.150000e+02
2.645000e+02 3.174000e+02
2.670000e+02 3.222000e+02
2.700000e+02 3.264000e+02
2.715000e+02 3.276000e+02
2.755000e+02 3.294000e+02
2.800000e+02 3.312000e+02
2.825000e+02 3.312000e+02
2.870000e+02 3.318000e+02
2.925000e+02 3.324000e+02
2.950000e+02 3.330000e+02
3.005000e+02 3.330000e+02
3.040000e+02 3.336000e+02
3.095000e+02 3.342000e+02
3.155000e+02 3.360000e+02
3.185000e+02 3.366000e+02
3.230000e+02 3.378000e+02
3.275000e+02 3.390000e+02
3.290000e+02 3.396000e+02
3.330000e+02 3.414000e+02
3.360000e+02 3.432000e+02
3.375000e+02 3.444000e+02
3.405000e+02 3.456000e+02
3.435000e+02 3.468000e+02
3.465000e+02 3.480000e+02
3.500000e+02 3.480000e+02
3.535000e+02 3.486000e+02
3.560000e+02 3.480000e+02
3.605000e+02 3.474000e+02
3.650000e+02 3.462000e+02
3.680000e+02 3.456000e+02
3.730000e+02 3.438000e+02
3.790000e+02 3.420000e+02
3.820000e+02 3.414000e+02
3.875000e+02 3.390000e+02
3.935000e+02 3.372000e+02
4.010000e+02 3.324000e+02
4.060000e+02 3.294000e+02
4.085000e+02 3.276000e+02
4.125000e+02 3.240000e+02
4.140000e+02 3.222000e+02
4.170000e+02 3.180000e+02
4.190000e+02 3.144000e+02
4.205000e+02 3.114000e+02
4.210000e+02 3.102000e+02
4.220000e+02 3.078000e+02
4.225000e+02 3.060000e+02
4.235000e+02 3.024000e+02
4.250000e+02 2.994000e+02
4.260000e+02 2.976000e+02
4.280000e+02 2.940000e+02
4.295000e+02 2.898000e+02
4.305000e+02 2.880000e+02
4.310000e+02 2.850000e+02
4.315000e+02 2.832000e+02
4.320000e+02 2.808000e+02
4.320000e+02 2.778000e+02
4.325000e+02 2.736000e+02
4.325000e+02 2.712000e+02
4.330000e+02 2.682000e+02
4.325000e+02 2.652000e+02
4.325000e+02 2.634000e+02
4.310000e+02 2.604000e+02
4.305000e+02 2.586000e+02
4.290000e+02 2.556000e+02
4.275000e+02 2.526000e+02
4.270000e+02 2.508000e+02
4.250000e+02 2.478000e+02
4.235000e+02 2.442000e+02
4.220000e+02 2.424000e+02
4.195000e+02 2.400000e+02
4.185000e+02 2.382000e+02
4.155000e+02 2.358000e+02
4.130000e+02 2.328000e+02
4.115000e+02 2.316000e+02
4.095000e+02 2.280000e+02
4.085000e+02 2.262000e+02
4.065000e+02 2.232000e+02
4.040000e+02 2.208000e+02
4.015000e+02 2.184000e+02
4.005000e+02 2.178000e+02
3.985000e+02 2.148000e+02
3.975000e+02 2.136000e+02
3.950000e+02 2.112000e+02
3.930000e+02 2.082000e+02
3.915000e+02 2.070000e+02
3.885000e+02 2.052000e+02
3.860000e+02 2.028000e+02
3.845000e+02 2.016000e+02
3.815000e+02 1.992000e+02
3.785000e+02 1.956000e+02
3.770000e+02 1.944000e+02
3.740000e+02 1.920000e+02
3.725000e+02 1.908000e+02
3.695000e+02 1.890000e+02
3.665000e+02 1.872000e+02
3.650000e+02 1.860000e+02
3.620000e+02 1.836000e+02
3.590000e+02 1.812000e+02
3.580000e+02 1.800000e+02
3.545000e+02 1.770000e+02
3.515000e+02 1.752000e+02
3.500000e+02 1.740000e+02
3.465000e+02 1.722000e+02
3.435000e+02 1.698000e+02
3.420000e+02 1.686000e+02
3.385000e+02 1.662000e+02
3.355000e+02 1.638000e+02
3.335000e+02 1.626000e+02
3.305000e+02 1.608000e+02
3.270000e+02 1.590000e+02
3.250000e+02 1.584000e+02
3.215000e+02 1.578000e+02
3.175000e+02 1.566000e+02
3.155000e+02 1.560000e+02
3.110000e+02 1.554000e+02
3.065000e+02 1.554000e+02
3.040000e+02 1.554000e+02
3.000000e+02 1.554000e+02
2.955000e+02 1.560000e+02
2.935000e+02 1.566000e+02
2.895000e+02 1.578000e+02
2.865000e+02 1.590000e+02
2.865000e+02 1.590000e+02
