4.530000e+02 1.848000e+02
4.500000e+02 1.842000e+02
4.470000e+02 1.848000e+02
4.435000e+02 1.848000e+02
4.385000e+02 1.854000e+02
4.335000e+02 1.854000e+02
4.275000e+02 1.860000e+02
4.210000e+02 1.866000e+02
4.140000e+02 1.866000e+02
4.075000e+02 1.872000e+02
4.010000e+02 1.872000e+02
3.940000e+02 1.872000e+02
3.825000e+02 1.878000e+02
3.755000e+02 1.872000e+02
3.680000e+02 1.878000e+02
3.605000e+02 1.878000e+02
3.530000e+02 1.884000e+02
3.450000e+02 1.884000e+02
3.375000e+02 1.890000e+02
3.305000e+02 1.890000e+02
3.230000e+02 1.896000e+02
3.165000e+02 1.902000e+02
3.095000e+02 1.908000e+02
3.025000e+02 1.914000e+02
2.960000e+02 1.914000e+02
2.895000e+02 1.920000e+02
2.835000e+02 1.926000e+02
2.735000e+02 1.932000e+02
2.645000e+02 1.938000e+02
2.560000e+02 1.944000e+02
2.505000e+02 1.944000e+02
2.450000e+02 1.950000e+02
2.395000e+02 1.956000e+02
2.345000e+02 1.962000e+02
2.275000e+02 1.968000e+02
2.250000e+02 1.968000e+02
2.165000e+02 1.980000e+02
2.100000e+02 1.986000e+02
2.085000e+02 1.986000e+02
2.010000e+02 1.998000e+02
1.980000e+02 1.998000e+02
1.945000e+02 2.004000e+02
1.920000e+02 2.004000e+02
1.890000e+02 2.010000e+02
1.860000e+02 2.010000e+02
1.835000e+02 2.016000e+02
1.815000e+02 2.016000e+02
1.795000e+02 2.016000e+02
1.780000e+02 2.022000e+02
1.760000e+02 2.022000e+02
1.755000e+02 2.022000e+02
1.735000e+02 2.022000e+02
1.725000e+02 2.022000e+02
1.720000e+02 2.022000e+02
1.715000e+02 2.022000e+02
1.710000e+02 2.022000e+02
1.705000e+02 2.022000e+02
1.705000e+02 2.022000e+02
1.700000e+02 2.022000e+02
1.695000e+02 2.022000e+02
1.695000e+02 2.022000e+02
1.690000e+02 2.022000e+02
1.690000e+02 2.022000e+02
1.690000e+02 2.022000e+02
1.690000e+02 2.022000e+02
1.690000e+02 2.016000e+02
1.690000e+02 2.016000e+02
1.690000e+02 2.016000e+02
