2.215000e+02 1.278000e+02
2.215000e+02 1.278000e+02
2.215000e+02 1.278000e+02
2.215000e+02 1.278000e+02
2.215000e+02 1.278000e+02
2.215000e+02 1.278000e+02
2.215000e+02 1.278000e+02
2.220000e+02 1.272000e+02
2.225000e+02 1.266000e+02
2.230000e+02 1.254000e+02
2.250000e+02 1.224000e+02
2.260000e+02 1.206000e+02
2.280000e+02 1.164000e+02
2.310000e+02 1.122000e+02
2.325000e+02 1.092000e+02
2.360000e+02 1.044000e+02
2.390000e+02 1.008000e+02
2.415000e+02 9.780000e+01
2.425000e+02 9.660000e+01
2.440000e+02 9.540000e+01
2.460000e+02 9.420000e+01
2.480000e+02 9.300000e+01
2.485000e+02 9.300000e+01
2.505000e+02 9.360000e+01
2.515000e+02 9.480000e+01
2.520000e+02 9.600000e+01
2.530000e+02 9.900000e+01
2.540000e+02 1.026000e+02
2.550000e+02 1.056000e+02
2.560000e+02 1.104000e+02
2.580000e+02 1.158000e+02
2.590000e+02 1.188000e+02
2.610000e+02 1.266000e+02
2.625000e+02 1.302000e+02
2.650000e+02 1.392000e+02
2.670000e+02 1.494000e+02
2.685000e+02 1.536000e+02
2.715000e+02 1.632000e+02
2.750000e+02 1.722000e+02
2.800000e+02 1.872000e+02
2.845000e+02 1.980000e+02
2.865000e+02 2.034000e+02
2.905000e+02 2.154000e+02
2.925000e+02 2.220000e+02
2.975000e+02 2.352000e+02
3.020000e+02 2.478000e+02
3.065000e+02 2.604000e+02
3.090000e+02 2.670000e+02
3.140000e+02 2.796000e+02
3.185000e+02 2.916000e+02
3.210000e+02 2.976000e+02
3.255000e+02 3.090000e+02
3.275000e+02 3.144000e+02
3.295000e+02 3.198000e+02
3.335000e+02 3.288000e+02
3.370000e+02 3.378000e+02
3.390000e+02 3.414000e+02
3.415000e+02 3.486000e+02
3.440000e+02 3.546000e+02
3.450000e+02 3.576000e+02
3.465000e+02 3.618000e+02
3.480000e+02 3.654000e+02
3.485000e+02 3.684000e+02
3.485000e+02 3.690000e+02
3.490000e+02 3.702000e+02
3.490000e+02 3.720000e+02
3.490000e+02 3.726000e+02
3.485000e+02 3.738000e+02
3.480000e+02 3.750000e+02
3.470000e+02 3.756000e+02
3.460000e+02 3.756000e+02
3.440000e+02 3.762000e+02
3.410000e+02 3.768000e+02
3.390000e+02 3.774000e+02
3.350000e+02 3.780000e+02
3.300000e+02 3.792000e+02
3.275000e+02 3.798000e+02
3.210000e+02 3.810000e+02
3.140000e+02 3.822000e+02
3.025000e+02 3.864000e+02
2.950000e+02 3.900000e+02
2.910000e+02 3.918000e+02
2.835000e+02 3.954000e+02
2.760000e+02 3.996000e+02
2.725000e+02 4.020000e+02
2.660000e+02 4.062000e+02
2.595000e+02 4.098000e+02
2.570000e+02 4.116000e+02
2.520000e+02 4.140000e+02
2.480000e+02 4.164000e+02
2.460000e+02 4.170000e+02
2.430000e+02 4.176000e+02
2.410000e+02 4.176000e+02
2.395000e+02 4.164000e+02
2.385000e+02 4.146000e+02
2.385000e+02 4.128000e+02
2.395000e+02 4.092000e+02
2.405000e+02 4.074000e+02
2.415000e+02 4.020000e+02
2.435000e+02 3.960000e+02
2.460000e+02 3.894000e+02
2.495000e+02 3.816000e+02
2.530000e+02 3.732000e+02
2.545000e+02 3.690000e+02
2.590000e+02 3.594000e+02
2.630000e+02 3.492000e+02
2.655000e+02 3.438000e+02
2.705000e+02 3.324000e+02
2.730000e+02 3.270000e+02
2.780000e+02 3.150000e+02
2.840000e+02 3.030000e+02
2.890000e+02 2.916000e+02
2.955000e+02 2.790000e+02
3.015000e+02 2.664000e+02
3.050000e+02 2.598000e+02
3.085000e+02 2.538000e+02
3.150000e+02 2.412000e+02
3.225000e+02 2.280000e+02
3.260000e+02 2.220000e+02
3.335000e+02 2.082000e+02
3.420000e+02 1.950000e+02
3.500000e+02 1.812000e+02
3.540000e+02 1.746000e+02
3.580000e+02 1.686000e+02
3.655000e+02 1.566000e+02
3.730000e+02 1.452000e+02
3.765000e+02 1.404000e+02
3.800000e+02 1.362000e+02
3.860000e+02 1.272000e+02
3.920000e+02 1.194000e+02
3.950000e+02 1.158000e+02
3.975000e+02 1.122000e+02
4.025000e+02 1.062000e+02
4.045000e+02 1.032000e+02
4.085000e+02 9.840000e+01
4.115000e+02 9.420000e+01
4.140000e+02 9.120000e+01
4.145000e+02 9.000000e+01
4.160000e+02 8.760000e+01
4.170000e+02 8.580000e+01
4.175000e+02 8.400000e+01
4.180000e+02 8.400000e+01
4.180000e+02 8.280000e+01
4.180000e+02 8.280000e+01
4.180000e+02 8.220000e+01
4.175000e+02 8.220000e+01
4.165000e+02 8.280000e+01
4.165000e+02 8.280000e+01
