2.735000e+02 1.074000e+02
2.735000e+02 1.074000e+02
2.735000e+02 1.080000e+02
2.740000e+02 1.092000e+02
2.745000e+02 1.098000e+02
2.755000e+02 1.128000e+02
2.770000e+02 1.170000e+02
2.780000e+02 1.188000e+02
2.805000e+02 1.254000e+02
2.830000e+02 1.308000e+02
2.860000e+02 1.368000e+02
2.875000e+02 1.398000e+02
2.900000e+02 1.458000e+02
2.930000e+02 1.530000e+02
2.945000e+02 1.566000e+02
2.985000e+02 1.632000e+02
3.015000e+02 1.704000e+02
3.035000e+02 1.734000e+02
3.070000e+02 1.806000e+02
3.115000e+02 1.884000e+02
3.155000e+02 1.968000e+02
3.205000e+02 2.046000e+02
3.250000e+02 2.130000e+02
3.275000e+02 2.172000e+02
3.300000e+02 2.214000e+02
3.350000e+02 2.298000e+02
3.400000e+02 2.376000e+02
3.455000e+02 2.466000e+02
3.505000e+02 2.556000e+02
3.530000e+02 2.598000e+02
3.580000e+02 2.694000e+02
3.630000e+02 2.790000e+02
3.660000e+02 2.838000e+02
3.710000e+02 2.928000e+02
3.755000e+02 3.012000e+02
3.775000e+02 3.054000e+02
3.825000e+02 3.132000e+02
3.870000e+02 3.216000e+02
3.895000e+02 3.252000e+02
3.940000e+02 3.324000e+02
3.980000e+02 3.396000e+02
4.020000e+02 3.462000e+02
4.040000e+02 3.504000e+02
4.085000e+02 3.564000e+02
4.125000e+02 3.624000e+02
4.140000e+02 3.660000e+02
4.180000e+02 3.714000e+02
4.220000e+02 3.768000e+02
4.240000e+02 3.792000e+02
4.275000e+02 3.846000e+02
4.290000e+02 3.870000e+02
4.315000e+02 3.912000e+02
4.345000e+02 3.948000e+02
4.355000e+02 3.960000e+02
4.375000e+02 3.984000e+02
4.390000e+02 4.008000e+02
4.395000e+02 4.014000e+02
4.410000e+02 4.032000e+02
4.425000e+02 4.062000e+02
4.435000e+02 4.074000e+02
4.440000e+02 4.086000e+02
4.445000e+02 4.092000e+02
4.445000e+02 4.098000e+02
4.445000e+02 4.098000e+02
4.445000e+02 4.104000e+02
4.445000e+02 4.110000e+02
4.445000e+02 4.110000e+02
4.440000e+02 4.116000e+02
4.435000e+02 4.116000e+02
4.425000e+02 4.116000e+02
4.405000e+02 4.116000e+02
4.385000e+02 4.122000e+02
4.355000e+02 4.122000e+02
4.340000e+02 4.122000e+02
4.305000e+02 4.122000e+02
4.265000e+02 4.128000e+02
4.225000e+02 4.128000e+02
4.180000e+02 4.128000e+02
4.130000e+02 4.134000e+02
4.080000e+02 4.134000e+02
4.030000e+02 4.134000e+02
4.005000e+02 4.134000e+02
3.945000e+02 4.134000e+02
3.920000e+02 4.134000e+02
3.860000e+02 4.134000e+02
3.795000e+02 4.128000e+02
3.765000e+02 4.128000e+02
3.730000e+02 4.122000e+02
3.665000e+02 4.116000e+02
3.595000e+02 4.110000e+02
3.560000e+02 4.104000e+02
3.490000e+02 4.086000e+02
3.420000e+02 4.068000e+02
3.385000e+02 4.056000e+02
3.315000e+02 4.050000e+02
3.255000e+02 4.044000e+02
3.220000e+02 4.038000e+02
3.165000e+02 4.032000e+02
3.100000e+02 4.026000e+02
3.070000e+02 4.026000e+02
3.020000e+02 4.026000e+02
2.995000e+02 4.026000e+02
2.945000e+02 4.032000e+02
2.900000e+02 4.038000e+02
2.865000e+02 4.038000e+02
2.850000e+02 4.044000e+02
2.815000e+02 4.044000e+02
2.795000e+02 4.044000e+02
2.775000e+02 4.044000e+02
2.760000e+02 4.038000e+02
2.755000e+02 4.032000e+02
2.745000e+02 4.020000e+02
2.740000e+02 4.002000e+02
2.740000e+02 3.990000e+02
2.740000e+02 3.960000e+02
2.745000e+02 3.930000e+02
2.750000e+02 3.912000e+02
2.765000e+02 3.882000e+02
2.775000e+02 3.864000e+02
2.785000e+02 3.846000e+02
2.805000e+02 3.804000e+02
2.830000e+02 3.762000e+02
2.845000e+02 3.744000e+02
2.875000e+02 3.702000e+02
2.890000e+02 3.678000e+02
2.925000e+02 3.630000e+02
2.960000e+02 3.594000e+02
2.995000e+02 3.552000e+02
3.010000e+02 3.528000e+02
3.050000e+02 3.486000e+02
3.090000e+02 3.444000e+02
3.110000e+02 3.420000e+02
3.150000e+02 3.378000e+02
3.190000e+02 3.324000e+02
3.210000e+02 3.306000e+02
3.250000e+02 3.264000e+02
3.290000e+02 3.216000e+02
3.335000e+02 3.168000e+02
3.380000e+02 3.126000e+02
3.420000e+02 3.084000e+02
3.445000e+02 3.060000e+02
3.490000e+02 3.012000e+02
3.530000e+02 2.964000e+02
3.555000e+02 2.934000e+02
3.600000e+02 2.880000e+02
3.645000e+02 2.832000e+02
3.665000e+02 2.808000e+02
3.715000e+02 2.742000e+02
3.760000e+02 2.688000e+02
3.785000e+02 2.658000e+02
3.835000e+02 2.598000e+02
3.885000e+02 2.544000e+02
3.935000e+02 2.478000e+02
3.960000e+02 2.448000e+02
4.010000e+02 2.382000e+02
4.060000e+02 2.316000e+02
4.090000e+02 2.280000e+02
4.145000e+02 2.202000e+02
4.205000e+02 2.130000e+02
4.265000e+02 2.046000e+02
4.325000e+02 1.956000e+02
4.360000e+02 1.908000e+02
4.425000e+02 1.824000e+02
4.490000e+02 1.728000e+02
4.525000e+02 1.680000e+02
4.620000e+02 1.542000e+02
4.685000e+02 1.452000e+02
4.740000e+02 1.368000e+02
4.800000e+02 1.290000e+02
4.850000e+02 1.218000e+02
4.895000e+02 1.152000e+02
4.930000e+02 1.092000e+02
4.965000e+02 1.044000e+02
4.990000e+02 1.008000e+02
5.000000e+02 9.960000e+01
5.020000e+02 9.720000e+01
5.035000e+02 9.540000e+01
5.045000e+02 9.420000e+01
5.050000e+02 9.360000e+01
5.060000e+02 9.180000e+01
5.070000e+02 9.060000e+01
5.080000e+02 8.940000e+01
5.085000e+02 8.820000e+01
5.085000e+02 8.760000e+01
5.080000e+02 8.640000e+01
5.065000e+02 8.520000e+01
5.065000e+02 8.520000e+01
