2.115000e+02 3.342000e+02
2.115000e+02 3.342000e+02
2.115000e+02 3.336000e+02
2.110000e+02 3.324000e+02
2.105000e+02 3.300000e+02
2.105000e+02 3.276000e+02
2.105000e+02 3.234000e+02
2.105000e+02 3.168000e+02
2.110000e+02 3.120000e+02
2.115000e+02 3.060000e+02
2.120000e+02 3.000000e+02
2.120000e+02 2.922000e+02
2.125000e+02 2.844000e+02
2.125000e+02 2.760000e+02
2.130000e+02 2.676000e+02
2.130000e+02 2.592000e+02
2.130000e+02 2.502000e+02
2.125000e+02 2.424000e+02
2.120000e+02 2.298000e+02
2.115000e+02 2.208000e+02
2.105000e+02 2.106000e+02
2.095000e+02 1.950000e+02
2.095000e+02 1.794000e+02
2.090000e+02 1.704000e+02
2.090000e+02 1.614000e+02
2.090000e+02 1.536000e+02
2.085000e+02 1.476000e+02
2.080000e+02 1.386000e+02
2.075000e+02 1.362000e+02
2.075000e+02 1.308000e+02
2.070000e+02 1.260000e+02
2.065000e+02 1.218000e+02
2.060000e+02 1.158000e+02
2.055000e+02 1.110000e+02
2.050000e+02 1.062000e+02
2.050000e+02 1.038000e+02
2.045000e+02 1.014000e+02
2.045000e+02 1.002000e+02
2.040000e+02 9.840000e+01
2.040000e+02 9.780000e+01
2.040000e+02 9.720000e+01
2.040000e+02 9.720000e+01
2.040000e+02 9.720000e+01
2.040000e+02 9.780000e+01
2.040000e+02 9.780000e+01
2.040000e+02 9.780000e+01
