3.615000e+02 8.400000e+01
3.615000e+02 8.400000e+01
3.615000e+02 8.400000e+01
3.615000e+02 8.400000e+01
3.615000e+02 8.460000e+01
3.615000e+02 8.460000e+01
3.615000e+02 8.580000e+01
3.615000e+02 8.760000e+01
3.615000e+02 9.180000e+01
3.620000e+02 9.540000e+01
3.620000e+02 9.960000e+01
3.620000e+02 1.038000e+02
3.620000e+02 1.086000e+02
3.625000e+02 1.140000e+02
3.625000e+02 1.182000e+02
3.620000e+02 1.236000e+02
3.615000e+02 1.314000e+02
3.615000e+02 1.368000e+02
3.615000e+02 1.428000e+02
3.615000e+02 1.482000e+02
3.620000e+02 1.542000e+02
3.620000e+02 1.602000e+02
3.625000e+02 1.656000e+02
3.625000e+02 1.722000e+02
3.630000e+02 1.776000e+02
3.630000e+02 1.824000e+02
3.635000e+02 1.884000e+02
3.635000e+02 1.938000e+02
3.640000e+02 1.998000e+02
3.640000e+02 2.046000e+02
3.640000e+02 2.094000e+02
3.645000e+02 2.130000e+02
3.645000e+02 2.184000e+02
3.645000e+02 2.226000e+02
3.645000e+02 2.262000e+02
3.650000e+02 2.322000e+02
3.655000e+02 2.388000e+02
3.655000e+02 2.442000e+02
3.655000e+02 2.484000e+02
3.660000e+02 2.520000e+02
3.660000e+02 2.550000e+02
3.660000e+02 2.580000e+02
3.665000e+02 2.616000e+02
3.665000e+02 2.652000e+02
3.670000e+02 2.688000e+02
3.670000e+02 2.718000e+02
3.675000e+02 2.742000e+02
3.675000e+02 2.772000e+02
3.680000e+02 2.802000e+02
3.685000e+02 2.832000e+02
3.685000e+02 2.850000e+02
3.690000e+02 2.874000e+02
3.690000e+02 2.892000e+02
3.695000e+02 2.916000e+02
3.700000e+02 2.946000e+02
3.705000e+02 2.970000e+02
3.710000e+02 2.988000e+02
3.715000e+02 3.006000e+02
3.715000e+02 3.018000e+02
3.715000e+02 3.030000e+02
3.720000e+02 3.042000e+02
3.720000e+02 3.048000e+02
3.720000e+02 3.060000e+02
3.730000e+02 3.084000e+02
3.730000e+02 3.096000e+02
3.735000e+02 3.132000e+02
3.740000e+02 3.168000e+02
3.745000e+02 3.180000e+02
3.745000e+02 3.180000e+02
