4.350000e+02 2.166000e+02
4.350000e+02 2.166000e+02
4.330000e+02 2.160000e+02
4.310000e+02 2.160000e+02
4.260000e+02 2.154000e+02
4.200000e+02 2.148000e+02
4.135000e+02 2.148000e+02
4.085000e+02 2.148000e+02
4.040000e+02 2.142000e+02
3.980000e+02 2.142000e+02
3.920000e+02 2.142000e+02
3.855000e+02 2.142000e+02
3.795000e+02 2.142000e+02
3.730000e+02 2.142000e+02
3.665000e+02 2.148000e+02
3.595000e+02 2.148000e+02
3.540000e+02 2.154000e+02
3.475000e+02 2.154000e+02
3.420000e+02 2.154000e+02
3.360000e+02 2.154000e+02
3.310000e+02 2.154000e+02
3.235000e+02 2.160000e+02
3.190000e+02 2.160000e+02
3.150000e+02 2.160000e+02
3.105000e+02 2.160000e+02
3.065000e+02 2.160000e+02
3.035000e+02 2.160000e+02
2.995000e+02 2.166000e+02
2.965000e+02 2.166000e+02
2.935000e+02 2.166000e+02
2.915000e+02 2.166000e+02
2.895000e+02 2.172000e+02
2.875000e+02 2.172000e+02
2.860000e+02 2.172000e+02
2.845000e+02 2.172000e+02
2.835000e+02 2.172000e+02
2.825000e+02 2.172000e+02
2.820000e+02 2.172000e+02
2.815000e+02 2.172000e+02
2.810000e+02 2.172000e+02
2.810000e+02 2.172000e+02
2.810000e+02 2.172000e+02
2.810000e+02 2.172000e+02
