3.240000e+02 1.038000e+02
3.240000e+02 1.038000e+02
3.240000e+02 1.044000e+02
3.235000e+02 1.062000e+02
3.235000e+02 1.086000e+02
3.230000e+02 1.128000e+02
3.225000e+02 1.194000e+02
3.215000e+02 1.290000e+02
3.205000e+02 1.386000e+02
3.195000e+02 1.452000e+02
3.190000e+02 1.512000e+02
3.185000e+02 1.578000e+02
3.175000e+02 1.638000e+02
3.170000e+02 1.728000e+02
3.165000e+02 1.794000e+02
3.165000e+02 1.824000e+02
3.165000e+02 1.926000e+02
3.165000e+02 1.986000e+02
3.160000e+02 2.058000e+02
3.160000e+02 2.118000e+02
3.160000e+02 2.178000e+02
3.160000e+02 2.238000e+02
3.165000e+02 2.298000e+02
3.165000e+02 2.364000e+02
3.165000e+02 2.418000e+02
3.165000e+02 2.514000e+02
3.165000e+02 2.562000e+02
3.170000e+02 2.616000e+02
3.170000e+02 2.664000e+02
3.170000e+02 2.712000e+02
3.175000e+02 2.766000e+02
3.175000e+02 2.814000e+02
3.175000e+02 2.856000e+02
3.175000e+02 2.892000e+02
3.175000e+02 2.928000e+02
3.175000e+02 2.958000e+02
3.175000e+02 2.988000e+02
3.175000e+02 3.024000e+02
3.175000e+02 3.042000e+02
3.175000e+02 3.066000e+02
3.175000e+02 3.090000e+02
3.175000e+02 3.114000e+02
3.175000e+02 3.138000e+02
3.175000e+02 3.156000e+02
3.175000e+02 3.174000e+02
3.175000e+02 3.186000e+02
3.175000e+02 3.204000e+02
3.175000e+02 3.216000e+02
3.175000e+02 3.228000e+02
3.175000e+02 3.240000e+02
3.175000e+02 3.252000e+02
3.175000e+02 3.270000e+02
3.175000e+02 3.282000e+02
3.175000e+02 3.294000e+02
3.175000e+02 3.300000e+02
3.175000e+02 3.312000e+02
3.170000e+02 3.324000e+02
3.170000e+02 3.330000e+02
3.170000e+02 3.336000e+02
3.170000e+02 3.348000e+02
3.170000e+02 3.354000e+02
3.170000e+02 3.366000e+02
3.170000e+02 3.378000e+02
3.170000e+02 3.384000e+02
3.170000e+02 3.396000e+02
3.170000e+02 3.402000e+02
3.170000e+02 3.414000e+02
3.170000e+02 3.420000e+02
3.170000e+02 3.432000e+02
3.170000e+02 3.444000e+02
3.170000e+02 3.456000e+02
3.170000e+02 3.468000e+02
3.170000e+02 3.474000e+02
3.175000e+02 3.480000e+02
3.175000e+02 3.492000e+02
3.175000e+02 3.498000e+02
3.180000e+02 3.510000e+02
3.180000e+02 3.516000e+02
3.180000e+02 3.516000e+02
