4.410000e+02 3.570000e+02
4.410000e+02 3.570000e+02
4.405000e+02 3.564000e+02
4.405000e+02 3.564000e+02
4.400000e+02 3.558000e+02
4.395000e+02 3.546000e+02
4.385000e+02 3.528000e+02
4.375000e+02 3.510000e+02
4.375000e+02 3.504000e+02
4.365000e+02 3.480000e+02
4.360000e+02 3.438000e+02
4.355000e+02 3.402000e+02
4.350000e+02 3.360000e+02
4.350000e+02 3.318000e+02
4.345000e+02 3.270000e+02
4.345000e+02 3.216000e+02
4.340000e+02 3.168000e+02
4.340000e+02 3.108000e+02
4.335000e+02 3.054000e+02
4.335000e+02 2.988000e+02
4.330000e+02 2.928000e+02
4.325000e+02 2.832000e+02
4.320000e+02 2.730000e+02
4.320000e+02 2.628000e+02
4.325000e+02 2.556000e+02
4.325000e+02 2.484000e+02
4.330000e+02 2.412000e+02
4.335000e+02 2.328000e+02
4.340000e+02 2.256000e+02
4.345000e+02 2.184000e+02
4.350000e+02 2.118000e+02
4.350000e+02 2.046000e+02
4.355000e+02 1.980000e+02
4.355000e+02 1.914000e+02
4.360000e+02 1.848000e+02
4.360000e+02 1.788000e+02
4.365000e+02 1.728000e+02
4.365000e+02 1.662000e+02
4.370000e+02 1.584000e+02
4.370000e+02 1.554000e+02
4.375000e+02 1.500000e+02
4.375000e+02 1.452000e+02
4.375000e+02 1.398000e+02
4.380000e+02 1.356000e+02
4.380000e+02 1.314000e+02
4.380000e+02 1.278000e+02
4.380000e+02 1.236000e+02
4.380000e+02 1.200000e+02
4.380000e+02 1.182000e+02
4.380000e+02 1.146000e+02
4.380000e+02 1.116000e+02
4.380000e+02 1.080000e+02
4.380000e+02 1.050000e+02
4.380000e+02 1.026000e+02
4.380000e+02 1.002000e+02
4.380000e+02 9.780000e+01
4.380000e+02 9.600000e+01
4.375000e+02 9.480000e+01
4.375000e+02 9.360000e+01
4.375000e+02 9.300000e+01
4.375000e+02 9.240000e+01
4.375000e+02 9.240000e+01
4.375000e+02 9.180000e+01
4.380000e+02 9.240000e+01
4.380000e+02 9.240000e+01
4.380000e+02 9.240000e+01
