6.000000e+01 3.036000e+02
6.000000e+01 3.036000e+02
6.000000e+01 3.036000e+02
6.150000e+01 3.036000e+02
6.300000e+01 3.036000e+02
6.650000e+01 3.042000e+02
7.000000e+01 3.048000e+02
7.400000e+01 3.048000e+02
8.150000e+01 3.054000e+02
8.400000e+01 3.060000e+02
9.300000e+01 3.060000e+02
9.850000e+01 3.060000e+02
1.080000e+02 3.066000e+02
1.165000e+02 3.072000e+02
1.215000e+02 3.072000e+02
1.275000e+02 3.072000e+02
1.355000e+02 3.072000e+02
1.390000e+02 3.072000e+02
1.450000e+02 3.072000e+02
1.515000e+02 3.066000e+02
1.580000e+02 3.060000e+02
1.655000e+02 3.054000e+02
1.720000e+02 3.048000e+02
1.785000e+02 3.042000e+02
1.870000e+02 3.030000e+02
1.935000e+02 3.024000e+02
2.030000e+02 3.018000e+02
2.090000e+02 3.012000e+02
2.150000e+02 3.006000e+02
2.210000e+02 3.000000e+02
2.275000e+02 2.988000e+02
2.330000e+02 2.982000e+02
2.385000e+02 2.976000e+02
2.470000e+02 2.970000e+02
2.495000e+02 2.970000e+02
2.560000e+02 2.964000e+02
2.620000e+02 2.958000e+02
2.680000e+02 2.952000e+02
2.730000e+02 2.946000e+02
2.820000e+02 2.934000e+02
2.875000e+02 2.934000e+02
2.960000e+02 2.928000e+02
3.040000e+02 2.922000e+02
3.095000e+02 2.922000e+02
3.155000e+02 2.922000e+02
3.205000e+02 2.916000e+02
3.265000e+02 2.916000e+02
3.315000e+02 2.916000e+02
3.375000e+02 2.916000e+02
3.455000e+02 2.922000e+02
3.480000e+02 2.922000e+02
3.535000e+02 2.922000e+02
3.580000e+02 2.928000e+02
3.635000e+02 2.928000e+02
3.685000e+02 2.934000e+02
3.730000e+02 2.934000e+02
3.785000e+02 2.940000e+02
3.855000e+02 2.952000e+02
3.910000e+02 2.958000e+02
3.975000e+02 2.970000e+02
4.025000e+02 2.976000e+02
4.075000e+02 2.982000e+02
4.130000e+02 2.994000e+02
4.180000e+02 3.000000e+02
4.260000e+02 3.012000e+02
4.310000e+02 3.018000e+02
4.385000e+02 3.024000e+02
4.435000e+02 3.030000e+02
4.480000e+02 3.036000e+02
4.525000e+02 3.042000e+02
4.570000e+02 3.048000e+02
4.610000e+02 3.054000e+02
4.680000e+02 3.060000e+02
4.715000e+02 3.060000e+02
4.770000e+02 3.066000e+02
4.800000e+02 3.072000e+02
4.825000e+02 3.072000e+02
4.840000e+02 3.078000e+02
4.855000e+02 3.078000e+02
4.870000e+02 3.078000e+02
4.885000e+02 3.084000e+02
4.910000e+02 3.090000e+02
4.930000e+02 3.090000e+02
4.930000e+02 3.090000e+02
