4.170000e+02 2.466000e+02
4.170000e+02 2.466000e+02
4.165000e+02 2.466000e+02
4.165000e+02 2.466000e+02
4.160000e+02 2.460000e+02
4.150000e+02 2.460000e+02
4.140000e+02 2.460000e+02
4.125000e+02 2.454000e+02
4.105000e+02 2.454000e+02
4.080000e+02 2.448000e+02
4.045000e+02 2.448000e+02
4.035000e+02 2.442000e+02
4.005000e+02 2.442000e+02
3.970000e+02 2.436000e+02
3.940000e+02 2.436000e+02
3.905000e+02 2.436000e+02
3.870000e+02 2.430000e+02
3.840000e+02 2.430000e+02
3.810000e+02 2.430000e+02
3.780000e+02 2.430000e+02
3.750000e+02 2.424000e+02
3.715000e+02 2.424000e+02
3.685000e+02 2.424000e+02
3.630000e+02 2.424000e+02
3.610000e+02 2.424000e+02
3.535000e+02 2.424000e+02
3.490000e+02 2.424000e+02
3.450000e+02 2.424000e+02
3.415000e+02 2.424000e+02
3.375000e+02 2.424000e+02
3.340000e+02 2.430000e+02
3.305000e+02 2.430000e+02
3.250000e+02 2.430000e+02
3.215000e+02 2.430000e+02
3.170000e+02 2.430000e+02
3.140000e+02 2.430000e+02
3.110000e+02 2.430000e+02
3.080000e+02 2.430000e+02
3.050000e+02 2.430000e+02
3.020000e+02 2.424000e+02
2.985000e+02 2.424000e+02
2.960000e+02 2.424000e+02
2.935000e+02 2.418000e+02
2.910000e+02 2.418000e+02
2.870000e+02 2.412000e+02
2.860000e+02 2.412000e+02
2.825000e+02 2.412000e+02
2.805000e+02 2.412000e+02
2.785000e+02 2.412000e+02
2.765000e+02 2.412000e+02
2.745000e+02 2.412000e+02
2.725000e+02 2.412000e+02
2.705000e+02 2.406000e+02
2.685000e+02 2.406000e+02
2.670000e+02 2.406000e+02
2.650000e+02 2.406000e+02
2.640000e+02 2.406000e+02
2.615000e+02 2.406000e+02
2.610000e+02 2.406000e+02
2.600000e+02 2.406000e+02
2.590000e+02 2.406000e+02
2.580000e+02 2.400000e+02
2.570000e+02 2.400000e+02
2.560000e+02 2.400000e+02
2.555000e+02 2.400000e+02
2.550000e+02 2.400000e+02
2.545000e+02 2.394000e+02
2.540000e+02 2.394000e+02
2.540000e+02 2.394000e+02
2.535000e+02 2.394000e+02
2.535000e+02 2.394000e+02
2.530000e+02 2.394000e+02
2.530000e+02 2.394000e+02
2.525000e+02 2.394000e+02
2.525000e+02 2.394000e+02
2.525000e+02 2.394000e+02
2.525000e+02 2.394000e+02
2.525000e+02 2.394000e+02
