4.600000e+02 2.124000e+02
4.600000e+02 2.124000e+02
4.585000e+02 2.124000e+02
4.570000e+02 2.124000e+02
4.540000e+02 2.118000e+02
4.495000e+02 2.118000e+02
4.445000e+02 2.118000e+02
4.385000e+02 2.118000e+02
4.320000e+02 2.124000e+02
4.250000e+02 2.124000e+02
4.185000e+02 2.124000e+02
4.115000e+02 2.124000e+02
4.050000e+02 2.124000e+02
3.975000e+02 2.124000e+02
3.900000e+02 2.124000e+02
3.825000e+02 2.124000e+02
3.750000e+02 2.124000e+02
3.685000e+02 2.124000e+02
3.605000e+02 2.130000e+02
3.535000e+02 2.130000e+02
3.430000e+02 2.136000e+02
3.320000e+02 2.142000e+02
3.240000e+02 2.142000e+02
3.130000e+02 2.148000e+02
3.095000e+02 2.148000e+02
3.025000e+02 2.148000e+02
2.960000e+02 2.154000e+02
2.890000e+02 2.160000e+02
2.835000e+02 2.160000e+02
2.775000e+02 2.166000e+02
2.720000e+02 2.166000e+02
2.695000e+02 2.172000e+02
2.645000e+02 2.172000e+02
2.600000e+02 2.172000e+02
2.560000e+02 2.178000e+02
2.520000e+02 2.178000e+02
2.485000e+02 2.178000e+02
2.455000e+02 2.178000e+02
2.425000e+02 2.178000e+02
2.395000e+02 2.178000e+02
2.370000e+02 2.184000e+02
2.350000e+02 2.184000e+02
2.330000e+02 2.184000e+02
2.315000e+02 2.184000e+02
2.295000e+02 2.184000e+02
2.280000e+02 2.184000e+02
2.265000e+02 2.190000e+02
2.255000e+02 2.190000e+02
2.235000e+02 2.190000e+02
2.220000e+02 2.190000e+02
2.215000e+02 2.190000e+02
2.205000e+02 2.190000e+02
2.200000e+02 2.190000e+02
2.195000e+02 2.190000e+02
2.195000e+02 2.190000e+02
