2.410000e+02 3.546000e+02
2.410000e+02 3.546000e+02
2.415000e+02 3.516000e+02
2.420000e+02 3.498000e+02
2.425000e+02 3.450000e+02
2.435000e+02 3.390000e+02
2.440000e+02 3.360000e+02
2.445000e+02 3.282000e+02
2.455000e+02 3.198000e+02
2.460000e+02 3.144000e+02
2.475000e+02 3.042000e+02
2.485000e+02 2.934000e+02
2.495000e+02 2.874000e+02
2.515000e+02 2.754000e+02
2.535000e+02 2.622000e+02
2.545000e+02 2.556000e+02
2.555000e+02 2.490000e+02
2.585000e+02 2.352000e+02
2.615000e+02 2.214000e+02
2.650000e+02 2.076000e+02
2.680000e+02 1.938000e+02
2.690000e+02 1.878000e+02
2.725000e+02 1.746000e+02
2.755000e+02 1.626000e+02
2.780000e+02 1.524000e+02
2.790000e+02 1.470000e+02
2.810000e+02 1.374000e+02
2.835000e+02 1.284000e+02
2.860000e+02 1.206000e+02
2.880000e+02 1.128000e+02
2.885000e+02 1.098000e+02
2.900000e+02 1.038000e+02
2.910000e+02 9.900000e+01
2.915000e+02 9.660000e+01
2.920000e+02 9.240000e+01
2.925000e+02 8.880000e+01
2.930000e+02 8.760000e+01
2.935000e+02 8.520000e+01
2.935000e+02 8.400000e+01
2.935000e+02 8.340000e+01
2.940000e+02 8.280000e+01
2.940000e+02 8.160000e+01
2.940000e+02 8.160000e+01
2.940000e+02 8.100000e+01
2.945000e+02 8.100000e+01
2.950000e+02 8.160000e+01
2.960000e+02 8.220000e+01
2.970000e+02 8.340000e+01
2.980000e+02 8.460000e+01
3.000000e+02 8.760000e+01
3.015000e+02 8.940000e+01
3.040000e+02 9.300000e+01
3.070000e+02 9.780000e+01
3.090000e+02 1.008000e+02
3.130000e+02 1.062000e+02
3.145000e+02 1.098000e+02
3.190000e+02 1.164000e+02
3.235000e+02 1.242000e+02
3.280000e+02 1.320000e+02
3.305000e+02 1.362000e+02
3.355000e+02 1.446000e+02
3.405000e+02 1.542000e+02
3.435000e+02 1.596000e+02
3.490000e+02 1.698000e+02
3.515000e+02 1.746000e+02
3.575000e+02 1.854000e+02
3.630000e+02 1.968000e+02
3.660000e+02 2.022000e+02
3.720000e+02 2.142000e+02
3.785000e+02 2.262000e+02
3.840000e+02 2.376000e+02
3.870000e+02 2.430000e+02
3.935000e+02 2.544000e+02
3.990000e+02 2.652000e+02
4.050000e+02 2.760000e+02
4.100000e+02 2.856000e+02
4.145000e+02 2.952000e+02
4.185000e+02 3.036000e+02
4.220000e+02 3.114000e+02
4.240000e+02 3.150000e+02
4.270000e+02 3.222000e+02
4.295000e+02 3.282000e+02
4.315000e+02 3.330000e+02
4.325000e+02 3.348000e+02
4.340000e+02 3.384000e+02
4.350000e+02 3.414000e+02
4.355000e+02 3.426000e+02
4.365000e+02 3.444000e+02
4.365000e+02 3.456000e+02
4.375000e+02 3.462000e+02
4.380000e+02 3.468000e+02
4.385000e+02 3.468000e+02
4.390000e+02 3.468000e+02
4.395000e+02 3.462000e+02
4.400000e+02 3.456000e+02
4.390000e+02 3.456000e+02
4.370000e+02 3.456000e+02
4.370000e+02 3.456000e+02
2.410000e+02 3.546000e+02
2.410000e+02 3.546000e+02
2.415000e+02 3.516000e+02
2.420000e+02 3.498000e+02
2.425000e+02 3.450000e+02
2.435000e+02 3.390000e+02
2.440000e+02 3.360000e+02
2.445000e+02 3.282000e+02
2.455000e+02 3.198000e+02
2.460000e+02 3.144000e+02
2.475000e+02 3.042000e+02
2.485000e+02 2.934000e+02
2.495000e+02 2.874000e+02
2.515000e+02 2.754000e+02
2.535000e+02 2.622000e+02
2.545000e+02 2.556000e+02
2.555000e+02 2.490000e+02
2.585000e+02 2.352000e+02
2.615000e+02 2.214000e+02
2.650000e+02 2.076000e+02
2.680000e+02 1.938000e+02
2.690000e+02 1.878000e+02
2.725000e+02 1.746000e+02
2.755000e+02 1.626000e+02
2.780000e+02 1.524000e+02
2.790000e+02 1.470000e+02
2.810000e+02 1.374000e+02
2.835000e+02 1.284000e+02
2.860000e+02 1.206000e+02
2.880000e+02 1.128000e+02
2.885000e+02 1.098000e+02
2.900000e+02 1.038000e+02
2.910000e+02 9.900000e+01
2.915000e+02 9.660000e+01
2.920000e+02 9.240000e+01
2.925000e+02 8.880000e+01
2.930000e+02 8.760000e+01
2.935000e+02 8.520000e+01
2.935000e+02 8.400000e+01
2.935000e+02 8.340000e+01
2.940000e+02 8.280000e+01
2.940000e+02 8.160000e+01
2.940000e+02 8.160000e+01
2.940000e+02 8.100000e+01
2.945000e+02 8.100000e+01
2.950000e+02 8.160000e+01
2.960000e+02 8.220000e+01
2.970000e+02 8.340000e+01
2.980000e+02 8.460000e+01
3.000000e+02 8.760000e+01
3.015000e+02 8.940000e+01
3.040000e+02 9.300000e+01
3.070000e+02 9.780000e+01
3.090000e+02 1.008000e+02
3.130000e+02 1.062000e+02
3.145000e+02 1.098000e+02
3.190000e+02 1.164000e+02
3.235000e+02 1.242000e+02
3.280000e+02 1.320000e+02
3.305000e+02 1.362000e+02
3.355000e+02 1.446000e+02
3.405000e+02 1.542000e+02
3.435000e+02 1.596000e+02
3.490000e+02 1.698000e+02
3.515000e+02 1.746000e+02
3.575000e+02 1.854000e+02
3.630000e+02 1.968000e+02
3.660000e+02 2.022000e+02
3.720000e+02 2.142000e+02
3.785000e+02 2.262000e+02
3.840000e+02 2.376000e+02
3.870000e+02 2.430000e+02
3.935000e+02 2.544000e+02
3.990000e+02 2.652000e+02
4.050000e+02 2.760000e+02
4.100000e+02 2.856000e+02
4.145000e+02 2.952000e+02
4.185000e+02 3.036000e+02
4.220000e+02 3.114000e+02
4.240000e+02 3.150000e+02
4.270000e+02 3.222000e+02
4.295000e+02 3.282000e+02
4.315000e+02 3.330000e+02
4.325000e+02 3.348000e+02
4.340000e+02 3.384000e+02
4.350000e+02 3.414000e+02
4.355000e+02 3.426000e+02
4.365000e+02 3.444000e+02
4.365000e+02 3.456000e+02
4.375000e+02 3.462000e+02
4.380000e+02 3.468000e+02
4.385000e+02 3.468000e+02
4.390000e+02 3.468000e+02
4.395000e+02 3.462000e+02
4.400000e+02 3.456000e+02
4.390000e+02 3.456000e+02
4.370000e+02 3.456000e+02
4.370000e+02 3.456000e+02
