3.065000e+02 7.020000e+01
3.065000e+02 7.020000e+01
3.065000e+02 7.020000e+01
3.065000e+02 7.020000e+01
3.065000e+02 6.960000e+01
3.065000e+02 6.960000e+01
3.065000e+02 7.020000e+01
3.065000e+02 7.080000e+01
3.065000e+02 7.200000e+01
3.070000e+02 7.560000e+01
3.075000e+02 7.980000e+01
3.080000e+02 8.520000e+01
3.085000e+02 9.420000e+01
3.085000e+02 1.008000e+02
3.090000e+02 1.074000e+02
3.090000e+02 1.110000e+02
3.095000e+02 1.224000e+02
3.100000e+02 1.290000e+02
3.105000e+02 1.362000e+02
3.105000e+02 1.440000e+02
3.110000e+02 1.512000e+02
3.115000e+02 1.596000e+02
3.120000e+02 1.674000e+02
3.125000e+02 1.758000e+02
3.135000e+02 1.878000e+02
3.140000e+02 1.962000e+02
3.145000e+02 2.046000e+02
3.150000e+02 2.118000e+02
3.150000e+02 2.190000e+02
3.155000e+02 2.262000e+02
3.160000e+02 2.328000e+02
3.165000e+02 2.388000e+02
3.165000e+02 2.442000e+02
3.170000e+02 2.502000e+02
3.170000e+02 2.550000e+02
3.175000e+02 2.598000e+02
3.180000e+02 2.646000e+02
3.180000e+02 2.694000e+02
3.185000e+02 2.754000e+02
3.190000e+02 2.784000e+02
3.190000e+02 2.820000e+02
3.190000e+02 2.844000e+02
3.190000e+02 2.862000e+02
3.190000e+02 2.880000e+02
3.190000e+02 2.892000e+02
3.190000e+02 2.904000e+02
3.190000e+02 2.910000e+02
3.190000e+02 2.922000e+02
3.190000e+02 2.922000e+02
3.190000e+02 2.928000e+02
3.190000e+02 2.928000e+02
3.190000e+02 2.934000e+02
3.190000e+02 2.940000e+02
3.190000e+02 2.940000e+02
3.190000e+02 2.940000e+02
3.190000e+02 2.946000e+02
3.190000e+02 2.946000e+02
3.190000e+02 2.946000e+02
3.195000e+02 2.946000e+02
3.195000e+02 2.946000e+02
3.195000e+02 2.946000e+02
3.195000e+02 2.946000e+02
