3.250000e+02 3.036000e+02
3.250000e+02 3.036000e+02
3.250000e+02 3.030000e+02
3.250000e+02 3.024000e+02
3.250000e+02 3.012000e+02
3.250000e+02 3.000000e+02
3.250000e+02 2.988000e+02
3.255000e+02 2.970000e+02
3.255000e+02 2.952000e+02
3.255000e+02 2.934000e+02
3.255000e+02 2.904000e+02
3.255000e+02 2.874000e+02
3.255000e+02 2.856000e+02
3.255000e+02 2.820000e+02
3.255000e+02 2.778000e+02
3.255000e+02 2.700000e+02
3.260000e+02 2.652000e+02
3.260000e+02 2.622000e+02
3.260000e+02 2.556000e+02
3.265000e+02 2.496000e+02
3.265000e+02 2.436000e+02
3.265000e+02 2.376000e+02
3.270000e+02 2.322000e+02
3.275000e+02 2.262000e+02
3.280000e+02 2.178000e+02
3.280000e+02 2.124000e+02
3.285000e+02 2.034000e+02
3.285000e+02 1.980000e+02
3.285000e+02 1.920000e+02
3.280000e+02 1.866000e+02
3.280000e+02 1.824000e+02
3.275000e+02 1.776000e+02
3.275000e+02 1.728000e+02
3.275000e+02 1.686000e+02
3.270000e+02 1.650000e+02
3.270000e+02 1.590000e+02
3.270000e+02 1.578000e+02
3.270000e+02 1.542000e+02
3.265000e+02 1.494000e+02
3.265000e+02 1.470000e+02
3.265000e+02 1.446000e+02
3.265000e+02 1.422000e+02
3.265000e+02 1.404000e+02
3.265000e+02 1.386000e+02
3.260000e+02 1.374000e+02
3.260000e+02 1.356000e+02
3.260000e+02 1.344000e+02
3.260000e+02 1.332000e+02
3.255000e+02 1.326000e+02
3.255000e+02 1.326000e+02
3.255000e+02 1.326000e+02
