3.165000e+02 3.822000e+02
3.165000e+02 3.822000e+02
3.165000e+02 3.816000e+02
3.165000e+02 3.798000e+02
3.165000e+02 3.774000e+02
3.165000e+02 3.744000e+02
3.165000e+02 3.720000e+02
3.160000e+02 3.684000e+02
3.160000e+02 3.648000e+02
3.155000e+02 3.606000e+02
3.150000e+02 3.564000e+02
3.145000e+02 3.504000e+02
3.140000e+02 3.450000e+02
3.140000e+02 3.396000e+02
3.135000e+02 3.312000e+02
3.135000e+02 3.258000e+02
3.130000e+02 3.168000e+02
3.125000e+02 3.114000e+02
3.120000e+02 3.060000e+02
3.120000e+02 3.000000e+02
3.115000e+02 2.940000e+02
3.115000e+02 2.874000e+02
3.110000e+02 2.814000e+02
3.110000e+02 2.748000e+02
3.105000e+02 2.688000e+02
3.105000e+02 2.622000e+02
3.100000e+02 2.562000e+02
3.100000e+02 2.508000e+02
3.095000e+02 2.448000e+02
3.095000e+02 2.394000e+02
3.090000e+02 2.310000e+02
3.090000e+02 2.256000e+02
3.085000e+02 2.184000e+02
3.085000e+02 2.136000e+02
3.080000e+02 2.088000e+02
3.075000e+02 2.040000e+02
3.070000e+02 1.974000e+02
3.070000e+02 1.938000e+02
3.065000e+02 1.896000e+02
3.065000e+02 1.860000e+02
3.060000e+02 1.842000e+02
3.055000e+02 1.788000e+02
3.055000e+02 1.776000e+02
3.050000e+02 1.746000e+02
3.050000e+02 1.716000e+02
3.045000e+02 1.692000e+02
3.045000e+02 1.668000e+02
3.040000e+02 1.644000e+02
3.040000e+02 1.620000e+02
3.040000e+02 1.602000e+02
3.035000e+02 1.578000e+02
3.035000e+02 1.572000e+02
3.035000e+02 1.560000e+02
3.035000e+02 1.554000e+02
3.035000e+02 1.548000e+02
3.035000e+02 1.542000e+02
3.035000e+02 1.542000e+02
3.035000e+02 1.542000e+02
3.035000e+02 1.542000e+02
