2.455000e+02 3.468000e+02
2.455000e+02 3.468000e+02
2.460000e+02 3.444000e+02
2.465000e+02 3.432000e+02
2.480000e+02 3.390000e+02
2.500000e+02 3.336000e+02
2.510000e+02 3.312000e+02
2.530000e+02 3.246000e+02
2.555000e+02 3.180000e+02
2.565000e+02 3.138000e+02
2.585000e+02 3.066000e+02
2.610000e+02 2.982000e+02
2.620000e+02 2.940000e+02
2.645000e+02 2.844000e+02
2.665000e+02 2.748000e+02
2.680000e+02 2.694000e+02
2.690000e+02 2.646000e+02
2.715000e+02 2.550000e+02
2.745000e+02 2.454000e+02
2.760000e+02 2.406000e+02
2.785000e+02 2.304000e+02
2.815000e+02 2.208000e+02
2.845000e+02 2.112000e+02
2.860000e+02 2.064000e+02
2.885000e+02 1.974000e+02
2.900000e+02 1.932000e+02
2.925000e+02 1.842000e+02
2.945000e+02 1.758000e+02
2.960000e+02 1.722000e+02
2.980000e+02 1.644000e+02
3.000000e+02 1.572000e+02
3.015000e+02 1.506000e+02
3.035000e+02 1.440000e+02
3.045000e+02 1.380000e+02
3.050000e+02 1.356000e+02
3.060000e+02 1.314000e+02
3.070000e+02 1.272000e+02
3.075000e+02 1.248000e+02
3.085000e+02 1.212000e+02
3.090000e+02 1.182000e+02
3.095000e+02 1.164000e+02
3.100000e+02 1.152000e+02
3.105000e+02 1.140000e+02
3.110000e+02 1.128000e+02
3.115000e+02 1.128000e+02
3.125000e+02 1.122000e+02
3.130000e+02 1.122000e+02
3.140000e+02 1.128000e+02
3.155000e+02 1.134000e+02
3.160000e+02 1.146000e+02
3.175000e+02 1.164000e+02
3.195000e+02 1.194000e+02
3.205000e+02 1.206000e+02
3.230000e+02 1.230000e+02
3.245000e+02 1.248000e+02
3.275000e+02 1.296000e+02
3.310000e+02 1.338000e+02
3.325000e+02 1.362000e+02
3.365000e+02 1.410000e+02
3.405000e+02 1.464000e+02
3.455000e+02 1.524000e+02
3.475000e+02 1.560000e+02
3.525000e+02 1.626000e+02
3.580000e+02 1.698000e+02
3.605000e+02 1.734000e+02
3.655000e+02 1.806000e+02
3.710000e+02 1.890000e+02
3.765000e+02 1.968000e+02
3.790000e+02 2.010000e+02
3.850000e+02 2.094000e+02
3.905000e+02 2.178000e+02
3.935000e+02 2.220000e+02
3.985000e+02 2.310000e+02
4.045000e+02 2.400000e+02
4.075000e+02 2.448000e+02
4.125000e+02 2.532000e+02
4.180000e+02 2.622000e+02
4.235000e+02 2.706000e+02
4.285000e+02 2.796000e+02
4.310000e+02 2.838000e+02
4.340000e+02 2.880000e+02
4.385000e+02 2.958000e+02
4.405000e+02 2.994000e+02
4.455000e+02 3.072000e+02
4.495000e+02 3.138000e+02
4.515000e+02 3.174000e+02
4.560000e+02 3.240000e+02
4.595000e+02 3.300000e+02
4.610000e+02 3.324000e+02
4.645000e+02 3.372000e+02
4.675000e+02 3.420000e+02
4.700000e+02 3.456000e+02
4.715000e+02 3.486000e+02
4.735000e+02 3.504000e+02
4.750000e+02 3.522000e+02
4.760000e+02 3.528000e+02
4.765000e+02 3.540000e+02
4.775000e+02 3.546000e+02
4.780000e+02 3.546000e+02
4.785000e+02 3.552000e+02
4.790000e+02 3.552000e+02
4.790000e+02 3.558000e+02
4.775000e+02 3.558000e+02
4.775000e+02 3.558000e+02
