2.315000e+02 3.450000e+02
2.315000e+02 3.450000e+02
2.315000e+02 3.432000e+02
2.320000e+02 3.414000e+02
2.320000e+02 3.372000e+02
2.325000e+02 3.348000e+02
2.335000e+02 3.300000e+02
2.345000e+02 3.240000e+02
2.350000e+02 3.204000e+02
2.360000e+02 3.138000e+02
2.375000e+02 3.066000e+02
2.385000e+02 3.024000e+02
2.400000e+02 2.946000e+02
2.415000e+02 2.868000e+02
2.420000e+02 2.826000e+02
2.440000e+02 2.748000e+02
2.455000e+02 2.670000e+02
2.465000e+02 2.634000e+02
2.485000e+02 2.562000e+02
2.500000e+02 2.520000e+02
2.515000e+02 2.442000e+02
2.535000e+02 2.364000e+02
2.545000e+02 2.286000e+02
2.560000e+02 2.202000e+02
2.565000e+02 2.166000e+02
2.575000e+02 2.124000e+02
2.590000e+02 2.046000e+02
2.615000e+02 1.974000e+02
2.625000e+02 1.938000e+02
2.645000e+02 1.866000e+02
2.670000e+02 1.806000e+02
2.680000e+02 1.776000e+02
2.705000e+02 1.710000e+02
2.735000e+02 1.650000e+02
2.745000e+02 1.626000e+02
2.760000e+02 1.596000e+02
2.785000e+02 1.542000e+02
2.805000e+02 1.494000e+02
2.815000e+02 1.476000e+02
2.840000e+02 1.434000e+02
2.860000e+02 1.404000e+02
2.870000e+02 1.386000e+02
2.890000e+02 1.362000e+02
2.910000e+02 1.338000e+02
2.925000e+02 1.326000e+02
2.940000e+02 1.314000e+02
2.960000e+02 1.314000e+02
2.965000e+02 1.314000e+02
2.985000e+02 1.320000e+02
3.000000e+02 1.332000e+02
3.010000e+02 1.338000e+02
3.025000e+02 1.356000e+02
3.045000e+02 1.374000e+02
3.065000e+02 1.398000e+02
3.070000e+02 1.416000e+02
3.100000e+02 1.458000e+02
3.125000e+02 1.494000e+02
3.135000e+02 1.518000e+02
3.165000e+02 1.566000e+02
3.190000e+02 1.620000e+02
3.205000e+02 1.644000e+02
3.235000e+02 1.704000e+02
3.265000e+02 1.764000e+02
3.275000e+02 1.794000e+02
3.300000e+02 1.860000e+02
3.325000e+02 1.920000e+02
3.340000e+02 1.950000e+02
3.365000e+02 2.022000e+02
3.390000e+02 2.082000e+02
3.405000e+02 2.118000e+02
3.425000e+02 2.184000e+02
3.450000e+02 2.250000e+02
3.460000e+02 2.280000e+02
3.485000e+02 2.352000e+02
3.510000e+02 2.412000e+02
3.520000e+02 2.448000e+02
3.540000e+02 2.508000e+02
3.560000e+02 2.568000e+02
3.565000e+02 2.598000e+02
3.585000e+02 2.658000e+02
3.605000e+02 2.712000e+02
3.615000e+02 2.742000e+02
3.630000e+02 2.802000e+02
3.650000e+02 2.850000e+02
3.660000e+02 2.874000e+02
3.675000e+02 2.928000e+02
3.695000e+02 2.982000e+02
3.705000e+02 3.006000e+02
3.725000e+02 3.048000e+02
3.745000e+02 3.102000e+02
3.755000e+02 3.126000e+02
3.770000e+02 3.174000e+02
3.790000e+02 3.222000e+02
3.800000e+02 3.240000e+02
3.810000e+02 3.270000e+02
3.830000e+02 3.318000e+02
3.845000e+02 3.354000e+02
3.860000e+02 3.396000e+02
3.875000e+02 3.426000e+02
3.890000e+02 3.456000e+02
3.900000e+02 3.480000e+02
3.905000e+02 3.498000e+02
3.915000e+02 3.516000e+02
3.920000e+02 3.528000e+02
3.925000e+02 3.534000e+02
3.925000e+02 3.540000e+02
3.930000e+02 3.546000e+02
3.935000e+02 3.552000e+02
3.940000e+02 3.552000e+02
3.940000e+02 3.552000e+02
3.945000e+02 3.558000e+02
3.945000e+02 3.558000e+02
3.945000e+02 3.558000e+02
3.945000e+02 3.552000e+02
3.945000e+02 3.552000e+02
