4.150000e+01 2.760000e+02
4.150000e+01 2.760000e+02
4.250000e+01 2.754000e+02
4.350000e+01 2.754000e+02
4.550000e+01 2.742000e+02
4.750000e+01 2.736000e+02
4.900000e+01 2.730000e+02
5.350000e+01 2.718000e+02
5.700000e+01 2.706000e+02
6.100000e+01 2.700000e+02
6.500000e+01 2.694000e+02
7.000000e+01 2.688000e+02
7.450000e+01 2.682000e+02
8.200000e+01 2.676000e+02
8.900000e+01 2.670000e+02
9.450000e+01 2.664000e+02
1.000000e+02 2.664000e+02
1.060000e+02 2.664000e+02
1.115000e+02 2.658000e+02
1.150000e+02 2.658000e+02
1.185000e+02 2.658000e+02
1.285000e+02 2.652000e+02
1.345000e+02 2.652000e+02
1.415000e+02 2.652000e+02
1.475000e+02 2.652000e+02
1.575000e+02 2.652000e+02
1.605000e+02 2.652000e+02
1.710000e+02 2.652000e+02
1.740000e+02 2.652000e+02
1.845000e+02 2.652000e+02
1.890000e+02 2.652000e+02
1.955000e+02 2.652000e+02
2.030000e+02 2.652000e+02
2.095000e+02 2.652000e+02
2.205000e+02 2.652000e+02
2.240000e+02 2.652000e+02
2.315000e+02 2.652000e+02
2.385000e+02 2.652000e+02
2.450000e+02 2.652000e+02
2.520000e+02 2.652000e+02
2.585000e+02 2.652000e+02
2.660000e+02 2.658000e+02
2.720000e+02 2.658000e+02
2.790000e+02 2.658000e+02
2.890000e+02 2.658000e+02
2.990000e+02 2.658000e+02
3.085000e+02 2.658000e+02
3.155000e+02 2.652000e+02
3.215000e+02 2.652000e+02
3.280000e+02 2.652000e+02
3.335000e+02 2.652000e+02
3.400000e+02 2.652000e+02
3.455000e+02 2.652000e+02
3.515000e+02 2.652000e+02
3.570000e+02 2.652000e+02
3.625000e+02 2.646000e+02
3.680000e+02 2.646000e+02
3.730000e+02 2.646000e+02
3.795000e+02 2.640000e+02
3.825000e+02 2.640000e+02
3.885000e+02 2.634000e+02
3.970000e+02 2.634000e+02
4.035000e+02 2.628000e+02
4.090000e+02 2.628000e+02
4.160000e+02 2.622000e+02
4.215000e+02 2.622000e+02
4.275000e+02 2.616000e+02
4.330000e+02 2.616000e+02
4.390000e+02 2.610000e+02
4.450000e+02 2.610000e+02
4.505000e+02 2.610000e+02
4.560000e+02 2.604000e+02
4.605000e+02 2.604000e+02
4.650000e+02 2.604000e+02
4.695000e+02 2.604000e+02
4.750000e+02 2.604000e+02
4.800000e+02 2.604000e+02
4.820000e+02 2.604000e+02
4.835000e+02 2.604000e+02
4.860000e+02 2.598000e+02
4.875000e+02 2.598000e+02
4.890000e+02 2.598000e+02
4.905000e+02 2.598000e+02
4.920000e+02 2.598000e+02
4.940000e+02 2.598000e+02
4.950000e+02 2.598000e+02
4.965000e+02 2.598000e+02
4.965000e+02 2.598000e+02
4.975000e+02 2.598000e+02
4.980000e+02 2.598000e+02
4.985000e+02 2.598000e+02
4.990000e+02 2.592000e+02
4.995000e+02 2.592000e+02
5.000000e+02 2.592000e+02
5.010000e+02 2.592000e+02
5.015000e+02 2.592000e+02
5.020000e+02 2.592000e+02
5.025000e+02 2.592000e+02
5.030000e+02 2.592000e+02
5.035000e+02 2.592000e+02
5.035000e+02 2.592000e+02
5.035000e+02 2.592000e+02
5.045000e+02 2.598000e+02
5.045000e+02 2.598000e+02
