3.085000e+02 1.710000e+02
3.085000e+02 1.710000e+02
3.060000e+02 1.722000e+02
3.045000e+02 1.734000e+02
3.010000e+02 1.758000e+02
2.970000e+02 1.788000e+02
2.950000e+02 1.806000e+02
2.905000e+02 1.830000e+02
2.855000e+02 1.872000e+02
2.830000e+02 1.890000e+02
2.785000e+02 1.938000e+02
2.740000e+02 1.974000e+02
2.720000e+02 1.998000e+02
2.685000e+02 2.046000e+02
2.655000e+02 2.094000e+02
2.640000e+02 2.118000e+02
2.615000e+02 2.178000e+02
2.595000e+02 2.232000e+02
2.585000e+02 2.262000e+02
2.570000e+02 2.328000e+02
2.565000e+02 2.358000e+02
2.555000e+02 2.430000e+02
2.540000e+02 2.502000e+02
2.535000e+02 2.574000e+02
2.525000e+02 2.646000e+02
2.520000e+02 2.718000e+02
2.520000e+02 2.784000e+02
2.525000e+02 2.850000e+02
2.525000e+02 2.880000e+02
2.535000e+02 2.940000e+02
2.540000e+02 2.964000e+02
2.550000e+02 3.018000e+02
2.560000e+02 3.066000e+02
2.575000e+02 3.114000e+02
2.585000e+02 3.138000e+02
2.610000e+02 3.174000e+02
2.635000e+02 3.210000e+02
2.645000e+02 3.228000e+02
2.670000e+02 3.264000e+02
2.685000e+02 3.282000e+02
2.710000e+02 3.312000e+02
2.735000e+02 3.336000e+02
2.750000e+02 3.348000e+02
2.775000e+02 3.366000e+02
2.800000e+02 3.378000e+02
2.810000e+02 3.384000e+02
2.840000e+02 3.402000e+02
2.865000e+02 3.414000e+02
2.900000e+02 3.426000e+02
2.915000e+02 3.426000e+02
2.950000e+02 3.438000e+02
2.965000e+02 3.438000e+02
3.005000e+02 3.450000e+02
3.040000e+02 3.456000e+02
3.065000e+02 3.462000e+02
3.110000e+02 3.462000e+02
3.155000e+02 3.462000e+02
3.180000e+02 3.462000e+02
3.230000e+02 3.456000e+02
3.275000e+02 3.450000e+02
3.300000e+02 3.450000e+02
3.350000e+02 3.438000e+02
3.405000e+02 3.426000e+02
3.430000e+02 3.420000e+02
3.480000e+02 3.408000e+02
3.530000e+02 3.396000e+02
3.555000e+02 3.390000e+02
3.605000e+02 3.384000e+02
3.625000e+02 3.378000e+02
3.665000e+02 3.354000e+02
3.710000e+02 3.330000e+02
3.750000e+02 3.306000e+02
3.765000e+02 3.294000e+02
3.805000e+02 3.270000e+02
3.840000e+02 3.252000e+02
3.855000e+02 3.240000e+02
3.885000e+02 3.210000e+02
3.915000e+02 3.174000e+02
3.925000e+02 3.156000e+02
3.955000e+02 3.126000e+02
3.980000e+02 3.090000e+02
3.995000e+02 3.072000e+02
4.020000e+02 3.030000e+02
4.040000e+02 2.994000e+02
4.050000e+02 2.970000e+02
4.070000e+02 2.928000e+02
4.075000e+02 2.904000e+02
4.090000e+02 2.862000e+02
4.100000e+02 2.826000e+02
4.110000e+02 2.784000e+02
4.115000e+02 2.736000e+02
4.115000e+02 2.688000e+02
4.115000e+02 2.646000e+02
4.115000e+02 2.574000e+02
4.115000e+02 2.532000e+02
4.110000e+02 2.514000e+02
4.105000e+02 2.466000e+02
4.100000e+02 2.424000e+02
4.095000e+02 2.406000e+02
4.085000e+02 2.364000e+02
4.080000e+02 2.352000e+02
4.065000e+02 2.316000e+02
4.050000e+02 2.274000e+02
4.035000e+02 2.244000e+02
4.025000e+02 2.226000e+02
4.005000e+02 2.202000e+02
3.995000e+02 2.190000e+02
3.970000e+02 2.160000e+02
3.945000e+02 2.130000e+02
3.935000e+02 2.112000e+02
3.905000e+02 2.082000e+02
3.880000e+02 2.064000e+02
3.860000e+02 2.052000e+02
3.835000e+02 2.028000e+02
3.805000e+02 2.010000e+02
3.795000e+02 2.004000e+02
3.765000e+02 1.980000e+02
3.740000e+02 1.956000e+02
3.730000e+02 1.944000e+02
3.700000e+02 1.920000e+02
3.685000e+02 1.914000e+02
3.655000e+02 1.896000e+02
3.620000e+02 1.878000e+02
3.590000e+02 1.860000e+02
3.575000e+02 1.854000e+02
3.540000e+02 1.836000e+02
3.505000e+02 1.824000e+02
3.485000e+02 1.818000e+02
3.450000e+02 1.800000e+02
3.410000e+02 1.788000e+02
3.395000e+02 1.782000e+02
3.360000e+02 1.776000e+02
3.340000e+02 1.770000e+02
3.310000e+02 1.764000e+02
3.285000e+02 1.758000e+02
3.270000e+02 1.758000e+02
3.250000e+02 1.758000e+02
3.240000e+02 1.752000e+02
3.225000e+02 1.758000e+02
3.210000e+02 1.764000e+02
3.190000e+02 1.770000e+02
3.180000e+02 1.776000e+02
3.155000e+02 1.800000e+02
3.125000e+02 1.824000e+02
3.075000e+02 1.848000e+02
3.050000e+02 1.866000e+02
3.050000e+02 1.866000e+02
