1.020000e+02 2.094000e+02
1.020000e+02 2.094000e+02
1.020000e+02 2.088000e+02
1.020000e+02 2.088000e+02
1.035000e+02 2.076000e+02
1.050000e+02 2.070000e+02
1.065000e+02 2.064000e+02
1.075000e+02 2.064000e+02
1.110000e+02 2.052000e+02
1.150000e+02 2.046000e+02
1.190000e+02 2.040000e+02
1.235000e+02 2.040000e+02
1.285000e+02 2.034000e+02
1.335000e+02 2.034000e+02
1.420000e+02 2.028000e+02
1.480000e+02 2.028000e+02
1.545000e+02 2.028000e+02
1.605000e+02 2.028000e+02
1.675000e+02 2.028000e+02
1.735000e+02 2.028000e+02
1.815000e+02 2.028000e+02
1.885000e+02 2.028000e+02
1.960000e+02 2.028000e+02
2.040000e+02 2.028000e+02
2.110000e+02 2.028000e+02
2.230000e+02 2.034000e+02
2.315000e+02 2.034000e+02
2.395000e+02 2.034000e+02
2.470000e+02 2.040000e+02
2.560000e+02 2.040000e+02
2.645000e+02 2.046000e+02
2.685000e+02 2.046000e+02
2.760000e+02 2.046000e+02
2.885000e+02 2.052000e+02
2.930000e+02 2.052000e+02
3.060000e+02 2.052000e+02
3.175000e+02 2.052000e+02
3.250000e+02 2.058000e+02
3.325000e+02 2.058000e+02
3.410000e+02 2.058000e+02
3.480000e+02 2.058000e+02
3.555000e+02 2.064000e+02
3.660000e+02 2.064000e+02
3.695000e+02 2.064000e+02
3.770000e+02 2.064000e+02
3.870000e+02 2.064000e+02
3.935000e+02 2.058000e+02
4.000000e+02 2.058000e+02
4.065000e+02 2.052000e+02
4.130000e+02 2.046000e+02
4.190000e+02 2.040000e+02
4.255000e+02 2.034000e+02
4.315000e+02 2.034000e+02
4.380000e+02 2.022000e+02
4.440000e+02 2.022000e+02
4.495000e+02 2.016000e+02
4.550000e+02 2.016000e+02
4.595000e+02 2.010000e+02
4.675000e+02 2.004000e+02
4.695000e+02 2.004000e+02
4.755000e+02 1.998000e+02
4.815000e+02 1.998000e+02
4.855000e+02 1.992000e+02
4.900000e+02 1.992000e+02
4.940000e+02 1.992000e+02
4.980000e+02 1.986000e+02
5.020000e+02 1.986000e+02
5.055000e+02 1.986000e+02
5.075000e+02 1.986000e+02
5.100000e+02 1.980000e+02
5.115000e+02 1.980000e+02
5.135000e+02 1.980000e+02
5.160000e+02 1.974000e+02
5.180000e+02 1.974000e+02
5.195000e+02 1.974000e+02
5.215000e+02 1.974000e+02
5.220000e+02 1.980000e+02
5.230000e+02 1.980000e+02
5.235000e+02 1.980000e+02
5.240000e+02 1.986000e+02
5.245000e+02 1.986000e+02
5.245000e+02 1.992000e+02
5.245000e+02 1.992000e+02
