1.505000e+02 3.594000e+02
1.505000e+02 3.594000e+02
1.500000e+02 3.588000e+02
1.495000e+02 3.576000e+02
1.485000e+02 3.558000e+02
1.480000e+02 3.534000e+02
1.470000e+02 3.510000e+02
1.465000e+02 3.480000e+02
1.465000e+02 3.444000e+02
1.460000e+02 3.408000e+02
1.460000e+02 3.324000e+02
1.460000e+02 3.222000e+02
1.460000e+02 3.108000e+02
1.455000e+02 3.024000e+02
1.455000e+02 2.928000e+02
1.450000e+02 2.832000e+02
1.445000e+02 2.724000e+02
1.445000e+02 2.628000e+02
1.445000e+02 2.526000e+02
1.445000e+02 2.430000e+02
1.445000e+02 2.352000e+02
1.445000e+02 2.256000e+02
1.445000e+02 2.142000e+02
1.445000e+02 2.070000e+02
1.445000e+02 1.992000e+02
1.445000e+02 1.920000e+02
1.440000e+02 1.848000e+02
1.440000e+02 1.776000e+02
1.435000e+02 1.704000e+02
1.435000e+02 1.632000e+02
1.430000e+02 1.560000e+02
1.425000e+02 1.494000e+02
1.420000e+02 1.428000e+02
1.420000e+02 1.362000e+02
1.415000e+02 1.308000e+02
1.410000e+02 1.254000e+02
1.405000e+02 1.182000e+02
1.405000e+02 1.140000e+02
1.400000e+02 1.104000e+02
1.395000e+02 1.062000e+02
1.390000e+02 1.038000e+02
1.390000e+02 1.014000e+02
1.385000e+02 9.960000e+01
1.385000e+02 9.840000e+01
1.385000e+02 9.720000e+01
1.385000e+02 9.660000e+01
1.385000e+02 9.660000e+01
1.385000e+02 9.600000e+01
1.385000e+02 9.600000e+01
1.385000e+02 9.660000e+01
1.385000e+02 9.660000e+01
