2.830000e+02 1.704000e+02
2.830000e+02 1.704000e+02
2.825000e+02 1.704000e+02
2.795000e+02 1.710000e+02
2.760000e+02 1.716000e+02
2.740000e+02 1.722000e+02
2.685000e+02 1.734000e+02
2.655000e+02 1.740000e+02
2.585000e+02 1.764000e+02
2.495000e+02 1.800000e+02
2.455000e+02 1.818000e+02
2.360000e+02 1.848000e+02
2.265000e+02 1.890000e+02
2.225000e+02 1.914000e+02
2.135000e+02 1.962000e+02
2.060000e+02 2.010000e+02
1.985000e+02 2.070000e+02
1.955000e+02 2.094000e+02
1.900000e+02 2.142000e+02
1.855000e+02 2.190000e+02
1.835000e+02 2.220000e+02
1.800000e+02 2.268000e+02
1.770000e+02 2.316000e+02
1.760000e+02 2.346000e+02
1.745000e+02 2.394000e+02
1.735000e+02 2.454000e+02
1.730000e+02 2.484000e+02
1.730000e+02 2.538000e+02
1.730000e+02 2.598000e+02
1.740000e+02 2.664000e+02
1.745000e+02 2.688000e+02
1.765000e+02 2.754000e+02
1.770000e+02 2.784000e+02
1.790000e+02 2.844000e+02
1.810000e+02 2.910000e+02
1.835000e+02 2.970000e+02
1.865000e+02 3.024000e+02
1.885000e+02 3.054000e+02
1.915000e+02 3.108000e+02
1.935000e+02 3.132000e+02
1.980000e+02 3.180000e+02
2.025000e+02 3.222000e+02
2.050000e+02 3.240000e+02
2.100000e+02 3.282000e+02
2.155000e+02 3.318000e+02
2.185000e+02 3.330000e+02
2.245000e+02 3.354000e+02
2.305000e+02 3.372000e+02
2.340000e+02 3.378000e+02
2.405000e+02 3.396000e+02
2.440000e+02 3.402000e+02
2.515000e+02 3.408000e+02
2.585000e+02 3.414000e+02
2.625000e+02 3.414000e+02
2.705000e+02 3.414000e+02
2.785000e+02 3.408000e+02
2.830000e+02 3.408000e+02
2.915000e+02 3.396000e+02
3.000000e+02 3.384000e+02
3.040000e+02 3.378000e+02
3.125000e+02 3.354000e+02
3.170000e+02 3.336000e+02
3.255000e+02 3.312000e+02
3.345000e+02 3.282000e+02
3.390000e+02 3.270000e+02
3.470000e+02 3.246000e+02
3.550000e+02 3.210000e+02
3.590000e+02 3.192000e+02
3.660000e+02 3.150000e+02
3.725000e+02 3.114000e+02
3.760000e+02 3.090000e+02
3.820000e+02 3.048000e+02
3.875000e+02 3.000000e+02
3.900000e+02 2.982000e+02
3.950000e+02 2.928000e+02
3.990000e+02 2.874000e+02
4.010000e+02 2.850000e+02
4.040000e+02 2.802000e+02
4.065000e+02 2.748000e+02
4.075000e+02 2.724000e+02
4.095000e+02 2.676000e+02
4.100000e+02 2.652000e+02
4.110000e+02 2.604000e+02
4.115000e+02 2.556000e+02
4.120000e+02 2.532000e+02
4.115000e+02 2.484000e+02
4.110000e+02 2.436000e+02
4.105000e+02 2.418000e+02
4.090000e+02 2.370000e+02
4.075000e+02 2.322000e+02
4.070000e+02 2.292000e+02
4.050000e+02 2.250000e+02
4.035000e+02 2.232000e+02
4.010000e+02 2.184000e+02
3.980000e+02 2.136000e+02
3.965000e+02 2.118000e+02
3.930000e+02 2.076000e+02
3.885000e+02 2.034000e+02
3.840000e+02 1.992000e+02
3.815000e+02 1.968000e+02
3.760000e+02 1.926000e+02
3.700000e+02 1.896000e+02
3.670000e+02 1.878000e+02
3.605000e+02 1.836000e+02
3.530000e+02 1.794000e+02
3.485000e+02 1.776000e+02
3.395000e+02 1.740000e+02
3.300000e+02 1.710000e+02
3.245000e+02 1.698000e+02
3.130000e+02 1.668000e+02
3.005000e+02 1.650000e+02
2.930000e+02 1.644000e+02
2.780000e+02 1.650000e+02
2.635000e+02 1.662000e+02
2.635000e+02 1.662000e+02
