3.530000e+02 3.528000e+02
3.530000e+02 3.528000e+02
3.530000e+02 3.510000e+02
3.530000e+02 3.486000e+02
3.530000e+02 3.456000e+02
3.530000e+02 3.426000e+02
3.530000e+02 3.384000e+02
3.530000e+02 3.342000e+02
3.530000e+02 3.276000e+02
3.530000e+02 3.216000e+02
3.530000e+02 3.162000e+02
3.530000e+02 3.102000e+02
3.530000e+02 3.030000e+02
3.530000e+02 2.970000e+02
3.530000e+02 2.904000e+02
3.530000e+02 2.838000e+02
3.530000e+02 2.742000e+02
3.525000e+02 2.682000e+02
3.525000e+02 2.652000e+02
3.525000e+02 2.580000e+02
3.525000e+02 2.520000e+02
3.520000e+02 2.460000e+02
3.520000e+02 2.394000e+02
3.520000e+02 2.334000e+02
3.515000e+02 2.274000e+02
3.515000e+02 2.214000e+02
3.515000e+02 2.160000e+02
3.515000e+02 2.106000e+02
3.515000e+02 2.052000e+02
3.515000e+02 1.974000e+02
3.515000e+02 1.932000e+02
3.515000e+02 1.884000e+02
3.515000e+02 1.842000e+02
3.515000e+02 1.800000e+02
3.515000e+02 1.764000e+02
3.515000e+02 1.734000e+02
3.515000e+02 1.704000e+02
3.515000e+02 1.662000e+02
3.515000e+02 1.620000e+02
3.515000e+02 1.584000e+02
3.515000e+02 1.566000e+02
3.515000e+02 1.554000e+02
3.515000e+02 1.536000e+02
3.515000e+02 1.524000e+02
3.515000e+02 1.512000e+02
3.515000e+02 1.500000e+02
3.515000e+02 1.488000e+02
3.515000e+02 1.482000e+02
3.515000e+02 1.476000e+02
3.515000e+02 1.470000e+02
3.515000e+02 1.470000e+02
3.515000e+02 1.476000e+02
3.515000e+02 1.476000e+02
3.515000e+02 1.476000e+02
