3.155000e+02 7.860000e+01
3.155000e+02 7.860000e+01
3.155000e+02 7.920000e+01
3.150000e+02 8.040000e+01
3.145000e+02 8.220000e+01
3.145000e+02 8.520000e+01
3.140000e+02 8.820000e+01
3.140000e+02 9.240000e+01
3.140000e+02 9.720000e+01
3.140000e+02 1.020000e+02
3.140000e+02 1.092000e+02
3.145000e+02 1.140000e+02
3.145000e+02 1.164000e+02
3.150000e+02 1.242000e+02
3.155000e+02 1.290000e+02
3.155000e+02 1.338000e+02
3.155000e+02 1.392000e+02
3.155000e+02 1.446000e+02
3.155000e+02 1.524000e+02
3.155000e+02 1.560000e+02
3.155000e+02 1.614000e+02
3.160000e+02 1.662000e+02
3.160000e+02 1.716000e+02
3.165000e+02 1.764000e+02
3.170000e+02 1.824000e+02
3.170000e+02 1.890000e+02
3.175000e+02 1.926000e+02
3.180000e+02 1.956000e+02
3.180000e+02 2.010000e+02
3.185000e+02 2.046000e+02
3.185000e+02 2.082000e+02
3.190000e+02 2.112000e+02
3.190000e+02 2.136000e+02
3.195000e+02 2.166000e+02
3.195000e+02 2.202000e+02
3.200000e+02 2.232000e+02
3.200000e+02 2.256000e+02
3.200000e+02 2.280000e+02
3.205000e+02 2.304000e+02
3.205000e+02 2.334000e+02
3.210000e+02 2.370000e+02
3.210000e+02 2.394000e+02
3.210000e+02 2.424000e+02
3.210000e+02 2.436000e+02
3.210000e+02 2.460000e+02
3.210000e+02 2.478000e+02
3.210000e+02 2.508000e+02
3.210000e+02 2.532000e+02
3.210000e+02 2.556000e+02
3.210000e+02 2.574000e+02
3.210000e+02 2.592000e+02
3.210000e+02 2.610000e+02
3.215000e+02 2.652000e+02
3.215000e+02 2.682000e+02
3.220000e+02 2.706000e+02
3.220000e+02 2.724000e+02
3.225000e+02 2.748000e+02
3.225000e+02 2.772000e+02
3.230000e+02 2.808000e+02
3.235000e+02 2.838000e+02
3.235000e+02 2.868000e+02
3.235000e+02 2.886000e+02
3.240000e+02 2.904000e+02
3.245000e+02 2.934000e+02
3.250000e+02 2.970000e+02
3.255000e+02 3.012000e+02
3.255000e+02 3.030000e+02
3.260000e+02 3.042000e+02
3.260000e+02 3.060000e+02
3.265000e+02 3.078000e+02
3.265000e+02 3.102000e+02
3.270000e+02 3.132000e+02
3.275000e+02 3.150000e+02
3.275000e+02 3.174000e+02
3.280000e+02 3.186000e+02
3.285000e+02 3.204000e+02
3.285000e+02 3.222000e+02
3.290000e+02 3.258000e+02
3.290000e+02 3.258000e+02
