4.650000e+02 2.010000e+02
4.650000e+02 2.010000e+02
4.640000e+02 2.016000e+02
4.635000e+02 2.016000e+02
4.610000e+02 2.016000e+02
4.580000e+02 2.016000e+02
4.550000e+02 2.016000e+02
4.510000e+02 2.016000e+02
4.475000e+02 2.016000e+02
4.440000e+02 2.016000e+02
4.400000e+02 2.010000e+02
4.360000e+02 2.010000e+02
4.320000e+02 2.010000e+02
4.260000e+02 2.010000e+02
4.240000e+02 2.004000e+02
4.175000e+02 2.004000e+02
4.150000e+02 2.004000e+02
4.105000e+02 2.004000e+02
4.060000e+02 2.004000e+02
4.010000e+02 2.010000e+02
3.960000e+02 2.010000e+02
3.910000e+02 2.010000e+02
3.860000e+02 2.010000e+02
3.815000e+02 2.016000e+02
3.765000e+02 2.016000e+02
3.720000e+02 2.016000e+02
3.670000e+02 2.016000e+02
3.620000e+02 2.022000e+02
3.550000e+02 2.022000e+02
3.520000e+02 2.022000e+02
3.465000e+02 2.022000e+02
3.410000e+02 2.028000e+02
3.350000e+02 2.028000e+02
3.295000e+02 2.034000e+02
3.235000e+02 2.040000e+02
3.170000e+02 2.046000e+02
3.110000e+02 2.052000e+02
3.045000e+02 2.064000e+02
2.975000e+02 2.070000e+02
2.910000e+02 2.076000e+02
2.840000e+02 2.082000e+02
2.745000e+02 2.094000e+02
2.655000e+02 2.112000e+02
2.595000e+02 2.118000e+02
2.540000e+02 2.130000e+02
2.485000e+02 2.136000e+02
2.440000e+02 2.136000e+02
2.395000e+02 2.142000e+02
2.350000e+02 2.148000e+02
2.315000e+02 2.148000e+02
2.275000e+02 2.154000e+02
2.240000e+02 2.154000e+02
2.210000e+02 2.160000e+02
2.180000e+02 2.160000e+02
2.150000e+02 2.166000e+02
2.120000e+02 2.166000e+02
2.100000e+02 2.172000e+02
2.065000e+02 2.172000e+02
2.040000e+02 2.178000e+02
2.025000e+02 2.178000e+02
2.010000e+02 2.178000e+02
1.990000e+02 2.184000e+02
1.980000e+02 2.184000e+02
1.965000e+02 2.184000e+02
1.950000e+02 2.184000e+02
1.940000e+02 2.184000e+02
1.930000e+02 2.184000e+02
1.920000e+02 2.190000e+02
1.915000e+02 2.190000e+02
1.905000e+02 2.190000e+02
1.890000e+02 2.190000e+02
1.890000e+02 2.190000e+02
1.880000e+02 2.196000e+02
1.875000e+02 2.196000e+02
1.865000e+02 2.196000e+02
1.860000e+02 2.196000e+02
1.855000e+02 2.196000e+02
1.855000e+02 2.196000e+02
1.850000e+02 2.196000e+02
1.850000e+02 2.196000e+02
1.850000e+02 2.196000e+02
