1.685000e+02 3.798000e+02
1.685000e+02 3.798000e+02
1.685000e+02 3.798000e+02
1.685000e+02 3.792000e+02
1.685000e+02 3.792000e+02
1.685000e+02 3.786000e+02
1.685000e+02 3.780000e+02
1.690000e+02 3.756000e+02
1.705000e+02 3.702000e+02
1.725000e+02 3.636000e+02
1.750000e+02 3.558000e+02
1.770000e+02 3.462000e+02
1.800000e+02 3.360000e+02
1.830000e+02 3.240000e+02
1.865000e+02 3.114000e+02
1.895000e+02 2.976000e+02
1.945000e+02 2.766000e+02
1.985000e+02 2.622000e+02
2.020000e+02 2.478000e+02
2.065000e+02 2.310000e+02
2.105000e+02 2.172000e+02
2.135000e+02 2.040000e+02
2.170000e+02 1.908000e+02
2.205000e+02 1.776000e+02
2.240000e+02 1.638000e+02
2.265000e+02 1.524000e+02
2.295000e+02 1.404000e+02
2.325000e+02 1.290000e+02
2.360000e+02 1.170000e+02
2.390000e+02 1.068000e+02
2.410000e+02 9.840000e+01
2.435000e+02 9.120000e+01
2.450000e+02 8.580000e+01
2.465000e+02 8.040000e+01
2.475000e+02 7.620000e+01
2.485000e+02 7.260000e+01
2.500000e+02 6.960000e+01
2.505000e+02 6.840000e+01
2.505000e+02 6.780000e+01
2.510000e+02 6.720000e+01
2.515000e+02 6.720000e+01
2.525000e+02 6.780000e+01
2.540000e+02 6.900000e+01
2.565000e+02 7.260000e+01
2.595000e+02 7.680000e+01
2.625000e+02 8.280000e+01
2.660000e+02 8.940000e+01
2.700000e+02 9.780000e+01
2.745000e+02 1.074000e+02
2.795000e+02 1.176000e+02
2.850000e+02 1.278000e+02
2.900000e+02 1.392000e+02
2.960000e+02 1.512000e+02
3.025000e+02 1.644000e+02
3.090000e+02 1.776000e+02
3.150000e+02 1.902000e+02
3.215000e+02 2.040000e+02
3.275000e+02 2.172000e+02
3.375000e+02 2.382000e+02
3.440000e+02 2.520000e+02
3.500000e+02 2.646000e+02
3.560000e+02 2.778000e+02
3.615000e+02 2.892000e+02
3.670000e+02 3.024000e+02
3.720000e+02 3.132000e+02
3.765000e+02 3.234000e+02
3.805000e+02 3.336000e+02
3.845000e+02 3.420000e+02
3.875000e+02 3.498000e+02
3.915000e+02 3.600000e+02
3.945000e+02 3.672000e+02
3.955000e+02 3.708000e+02
3.965000e+02 3.744000e+02
3.970000e+02 3.768000e+02
3.975000e+02 3.774000e+02
3.970000e+02 3.774000e+02
3.960000e+02 3.774000e+02
3.940000e+02 3.774000e+02
3.895000e+02 3.756000e+02
3.845000e+02 3.726000e+02
3.785000e+02 3.696000e+02
3.710000e+02 3.660000e+02
3.630000e+02 3.618000e+02
3.545000e+02 3.576000e+02
3.445000e+02 3.528000e+02
3.335000e+02 3.474000e+02
3.230000e+02 3.426000e+02
3.120000e+02 3.372000e+02
2.955000e+02 3.288000e+02
2.840000e+02 3.228000e+02
2.710000e+02 3.150000e+02
2.595000e+02 3.090000e+02
2.480000e+02 3.018000e+02
2.365000e+02 2.952000e+02
2.255000e+02 2.880000e+02
2.135000e+02 2.802000e+02
2.035000e+02 2.730000e+02
1.940000e+02 2.658000e+02
1.845000e+02 2.580000e+02
1.755000e+02 2.514000e+02
1.665000e+02 2.436000e+02
1.590000e+02 2.376000e+02
1.515000e+02 2.316000e+02
1.450000e+02 2.256000e+02
1.390000e+02 2.202000e+02
1.335000e+02 2.154000e+02
1.290000e+02 2.112000e+02
1.250000e+02 2.070000e+02
1.205000e+02 2.022000e+02
1.180000e+02 1.998000e+02
1.160000e+02 1.974000e+02
1.150000e+02 1.962000e+02
1.145000e+02 1.956000e+02
1.140000e+02 1.950000e+02
1.140000e+02 1.944000e+02
1.140000e+02 1.944000e+02
1.145000e+02 1.944000e+02
1.170000e+02 1.938000e+02
1.215000e+02 1.938000e+02
1.275000e+02 1.932000e+02
1.345000e+02 1.920000e+02
1.440000e+02 1.908000e+02
1.540000e+02 1.890000e+02
1.660000e+02 1.872000e+02
1.780000e+02 1.848000e+02
1.905000e+02 1.818000e+02
2.040000e+02 1.788000e+02
2.175000e+02 1.752000e+02
2.320000e+02 1.716000e+02
2.540000e+02 1.668000e+02
2.685000e+02 1.632000e+02
2.760000e+02 1.614000e+02
2.905000e+02 1.584000e+02
3.050000e+02 1.554000e+02
3.265000e+02 1.518000e+02
3.395000e+02 1.500000e+02
3.515000e+02 1.482000e+02
3.635000e+02 1.464000e+02
3.755000e+02 1.446000e+02
3.855000e+02 1.434000e+02
3.950000e+02 1.428000e+02
4.045000e+02 1.416000e+02
4.125000e+02 1.410000e+02
4.200000e+02 1.404000e+02
4.260000e+02 1.404000e+02
4.310000e+02 1.404000e+02
4.345000e+02 1.404000e+02
4.375000e+02 1.404000e+02
4.400000e+02 1.404000e+02
4.415000e+02 1.410000e+02
4.425000e+02 1.410000e+02
4.430000e+02 1.416000e+02
4.435000e+02 1.422000e+02
4.440000e+02 1.422000e+02
4.440000e+02 1.428000e+02
4.440000e+02 1.434000e+02
4.425000e+02 1.458000e+02
4.405000e+02 1.488000e+02
4.370000e+02 1.530000e+02
4.325000e+02 1.572000e+02
4.275000e+02 1.626000e+02
4.215000e+02 1.680000e+02
4.140000e+02 1.752000e+02
4.020000e+02 1.860000e+02
3.880000e+02 1.992000e+02
3.780000e+02 2.082000e+02
3.610000e+02 2.244000e+02
3.495000e+02 2.346000e+02
3.380000e+02 2.454000e+02
3.265000e+02 2.562000e+02
3.140000e+02 2.676000e+02
3.005000e+02 2.802000e+02
2.890000e+02 2.910000e+02
2.775000e+02 3.012000e+02
2.660000e+02 3.120000e+02
2.550000e+02 3.216000e+02
2.430000e+02 3.324000e+02
2.275000e+02 3.462000e+02
2.125000e+02 3.582000e+02
1.995000e+02 3.696000e+02
1.925000e+02 3.756000e+02
1.855000e+02 3.810000e+02
1.795000e+02 3.858000e+02
1.740000e+02 3.900000e+02
1.695000e+02 3.930000e+02
1.665000e+02 3.954000e+02
1.630000e+02 3.972000e+02
1.610000e+02 3.984000e+02
1.590000e+02 3.990000e+02
1.580000e+02 4.002000e+02
1.570000e+02 4.002000e+02
1.565000e+02 4.008000e+02
1.560000e+02 4.008000e+02
1.555000e+02 4.008000e+02
1.555000e+02 4.008000e+02
1.550000e+02 4.008000e+02
1.550000e+02 4.008000e+02
1.550000e+02 4.008000e+02
1.545000e+02 4.008000e+02
1.545000e+02 4.014000e+02
1.545000e+02 4.014000e+02
1.545000e+02 4.014000e+02
1.545000e+02 4.014000e+02
1.545000e+02 4.014000e+02
1.545000e+02 4.014000e+02
1.540000e+02 4.014000e+02
1.540000e+02 4.014000e+02
1.540000e+02 4.014000e+02
1.540000e+02 4.014000e+02
1.540000e+02 4.014000e+02
1.540000e+02 4.014000e+02
1.540000e+02 4.014000e+02
1.540000e+02 4.014000e+02
1.540000e+02 4.014000e+02
1.540000e+02 4.014000e+02
1.540000e+02 4.014000e+02
1.540000e+02 4.014000e+02
1.540000e+02 4.014000e+02
1.540000e+02 4.014000e+02
1.540000e+02 4.014000e+02
1.540000e+02 4.014000e+02
1.540000e+02 4.014000e+02
1.540000e+02 4.014000e+02
1.540000e+02 4.014000e+02
1.540000e+02 4.014000e+02
1.540000e+02 4.014000e+02
1.540000e+02 4.014000e+02
1.540000e+02 4.014000e+02
1.545000e+02 4.014000e+02
1.545000e+02 4.014000e+02
1.545000e+02 4.014000e+02
