1.980000e+02 1.644000e+02
1.980000e+02 1.644000e+02
1.980000e+02 1.638000e+02
1.985000e+02 1.638000e+02
1.995000e+02 1.638000e+02
2.030000e+02 1.632000e+02
2.095000e+02 1.620000e+02
2.185000e+02 1.608000e+02
2.275000e+02 1.596000e+02
2.395000e+02 1.578000e+02
2.450000e+02 1.572000e+02
2.575000e+02 1.560000e+02
2.710000e+02 1.548000e+02
2.855000e+02 1.542000e+02
3.020000e+02 1.530000e+02
3.185000e+02 1.524000e+02
3.435000e+02 1.518000e+02
3.595000e+02 1.512000e+02
3.760000e+02 1.506000e+02
3.845000e+02 1.506000e+02
4.090000e+02 1.506000e+02
4.250000e+02 1.500000e+02
4.410000e+02 1.506000e+02
4.555000e+02 1.506000e+02
4.690000e+02 1.506000e+02
4.795000e+02 1.506000e+02
4.880000e+02 1.500000e+02
4.975000e+02 1.506000e+02
5.030000e+02 1.506000e+02
5.070000e+02 1.506000e+02
5.090000e+02 1.512000e+02
5.110000e+02 1.512000e+02
5.120000e+02 1.512000e+02
5.125000e+02 1.512000e+02
5.130000e+02 1.512000e+02
5.135000e+02 1.518000e+02
5.135000e+02 1.518000e+02
5.135000e+02 1.524000e+02
5.135000e+02 1.524000e+02
5.135000e+02 1.530000e+02
5.135000e+02 1.536000e+02
5.135000e+02 1.554000e+02
5.130000e+02 1.578000e+02
5.120000e+02 1.620000e+02
5.115000e+02 1.668000e+02
5.105000e+02 1.728000e+02
5.090000e+02 1.824000e+02
5.075000e+02 1.944000e+02
5.060000e+02 2.070000e+02
5.055000e+02 2.154000e+02
5.050000e+02 2.256000e+02
5.050000e+02 2.304000e+02
5.045000e+02 2.478000e+02
5.040000e+02 2.574000e+02
5.035000e+02 2.718000e+02
5.025000e+02 2.808000e+02
5.010000e+02 2.934000e+02
4.995000e+02 3.012000e+02
4.980000e+02 3.090000e+02
4.965000e+02 3.168000e+02
4.950000e+02 3.240000e+02
4.935000e+02 3.306000e+02
4.920000e+02 3.366000e+02
4.910000e+02 3.420000e+02
4.895000e+02 3.486000e+02
4.890000e+02 3.504000e+02
4.885000e+02 3.534000e+02
4.875000e+02 3.570000e+02
4.865000e+02 3.594000e+02
4.850000e+02 3.612000e+02
4.845000e+02 3.618000e+02
4.835000e+02 3.630000e+02
4.820000e+02 3.642000e+02
4.810000e+02 3.648000e+02
4.800000e+02 3.654000e+02
4.785000e+02 3.660000e+02
4.760000e+02 3.660000e+02
4.730000e+02 3.660000e+02
4.695000e+02 3.660000e+02
4.650000e+02 3.654000e+02
4.600000e+02 3.648000e+02
4.545000e+02 3.642000e+02
4.480000e+02 3.636000e+02
4.410000e+02 3.630000e+02
4.335000e+02 3.624000e+02
4.250000e+02 3.618000e+02
4.155000e+02 3.612000e+02
4.065000e+02 3.606000e+02
3.930000e+02 3.600000e+02
3.800000e+02 3.600000e+02
3.645000e+02 3.600000e+02
3.590000e+02 3.600000e+02
3.480000e+02 3.600000e+02
3.370000e+02 3.600000e+02
3.255000e+02 3.606000e+02
3.135000e+02 3.612000e+02
3.035000e+02 3.618000e+02
2.880000e+02 3.630000e+02
2.790000e+02 3.642000e+02
2.685000e+02 3.648000e+02
2.590000e+02 3.654000e+02
2.500000e+02 3.660000e+02
2.425000e+02 3.666000e+02
2.345000e+02 3.672000e+02
2.275000e+02 3.678000e+02
2.215000e+02 3.684000e+02
2.155000e+02 3.690000e+02
2.105000e+02 3.696000e+02
2.060000e+02 3.696000e+02
2.020000e+02 3.702000e+02
1.975000e+02 3.702000e+02
1.935000e+02 3.702000e+02
1.910000e+02 3.702000e+02
1.895000e+02 3.702000e+02
1.885000e+02 3.702000e+02
1.875000e+02 3.702000e+02
1.865000e+02 3.696000e+02
1.860000e+02 3.696000e+02
1.855000e+02 3.696000e+02
1.850000e+02 3.696000e+02
1.845000e+02 3.690000e+02
1.840000e+02 3.684000e+02
1.840000e+02 3.684000e+02
1.840000e+02 3.678000e+02
1.835000e+02 3.678000e+02
1.835000e+02 3.672000e+02
1.835000e+02 3.660000e+02
1.830000e+02 3.648000e+02
1.825000e+02 3.624000e+02
1.825000e+02 3.600000e+02
1.820000e+02 3.570000e+02
1.815000e+02 3.534000e+02
1.810000e+02 3.486000e+02
1.805000e+02 3.438000e+02
1.805000e+02 3.378000e+02
1.805000e+02 3.318000e+02
1.810000e+02 3.252000e+02
1.815000e+02 3.126000e+02
1.820000e+02 3.084000e+02
1.830000e+02 3.000000e+02
1.835000e+02 2.910000e+02
1.845000e+02 2.826000e+02
1.850000e+02 2.724000e+02
1.860000e+02 2.628000e+02
1.875000e+02 2.532000e+02
1.890000e+02 2.424000e+02
1.905000e+02 2.334000e+02
1.920000e+02 2.232000e+02
1.945000e+02 2.118000e+02
1.965000e+02 2.034000e+02
1.990000e+02 1.938000e+02
2.005000e+02 1.854000e+02
2.015000e+02 1.782000e+02
2.030000e+02 1.704000e+02
2.045000e+02 1.638000e+02
2.055000e+02 1.578000e+02
2.070000e+02 1.512000e+02
2.080000e+02 1.464000e+02
2.090000e+02 1.422000e+02
2.095000e+02 1.380000e+02
2.095000e+02 1.350000e+02
2.100000e+02 1.326000e+02
2.100000e+02 1.308000e+02
2.105000e+02 1.296000e+02
2.105000e+02 1.284000e+02
2.105000e+02 1.272000e+02
2.105000e+02 1.266000e+02
2.105000e+02 1.260000e+02
2.105000e+02 1.260000e+02
2.105000e+02 1.254000e+02
2.110000e+02 1.254000e+02
2.110000e+02 1.254000e+02
2.110000e+02 1.260000e+02
2.115000e+02 1.272000e+02
2.115000e+02 1.272000e+02
