2.135000e+02 9.120000e+01
2.135000e+02 9.120000e+01
2.130000e+02 9.060000e+01
2.125000e+02 9.060000e+01
2.120000e+02 9.060000e+01
2.115000e+02 9.120000e+01
2.115000e+02 9.120000e+01
2.115000e+02 9.180000e+01
2.115000e+02 9.240000e+01
2.120000e+02 9.300000e+01
2.125000e+02 9.420000e+01
2.130000e+02 9.420000e+01
2.145000e+02 9.600000e+01
2.155000e+02 9.780000e+01
2.160000e+02 9.900000e+01
2.175000e+02 1.020000e+02
2.190000e+02 1.056000e+02
2.200000e+02 1.074000e+02
2.225000e+02 1.128000e+02
2.250000e+02 1.176000e+02
2.275000e+02 1.236000e+02
2.290000e+02 1.272000e+02
2.305000e+02 1.302000e+02
2.340000e+02 1.374000e+02
2.370000e+02 1.434000e+02
2.405000e+02 1.500000e+02
2.440000e+02 1.560000e+02
2.455000e+02 1.590000e+02
2.485000e+02 1.650000e+02
2.520000e+02 1.722000e+02
2.550000e+02 1.782000e+02
2.580000e+02 1.848000e+02
2.595000e+02 1.878000e+02
2.645000e+02 1.962000e+02
2.675000e+02 2.022000e+02
2.710000e+02 2.076000e+02
2.730000e+02 2.106000e+02
2.765000e+02 2.166000e+02
2.800000e+02 2.220000e+02
2.820000e+02 2.250000e+02
2.860000e+02 2.304000e+02
2.900000e+02 2.364000e+02
2.925000e+02 2.394000e+02
2.945000e+02 2.424000e+02
2.990000e+02 2.490000e+02
3.040000e+02 2.556000e+02
3.065000e+02 2.586000e+02
3.110000e+02 2.652000e+02
3.155000e+02 2.712000e+02
3.175000e+02 2.748000e+02
3.225000e+02 2.808000e+02
3.245000e+02 2.838000e+02
3.290000e+02 2.892000e+02
3.335000e+02 2.952000e+02
3.360000e+02 2.982000e+02
3.405000e+02 3.042000e+02
3.455000e+02 3.102000e+02
3.475000e+02 3.126000e+02
3.515000e+02 3.174000e+02
3.560000e+02 3.222000e+02
3.580000e+02 3.252000e+02
3.625000e+02 3.306000e+02
3.670000e+02 3.378000e+02
3.720000e+02 3.456000e+02
3.745000e+02 3.498000e+02
3.800000e+02 3.576000e+02
3.850000e+02 3.660000e+02
3.875000e+02 3.696000e+02
3.915000e+02 3.762000e+02
3.960000e+02 3.828000e+02
3.975000e+02 3.858000e+02
4.010000e+02 3.906000e+02
4.040000e+02 3.948000e+02
4.065000e+02 3.990000e+02
4.085000e+02 4.026000e+02
4.095000e+02 4.050000e+02
4.100000e+02 4.062000e+02
4.110000e+02 4.080000e+02
4.110000e+02 4.098000e+02
4.110000e+02 4.104000e+02
4.110000e+02 4.122000e+02
4.105000e+02 4.134000e+02
4.100000e+02 4.146000e+02
4.085000e+02 4.170000e+02
4.070000e+02 4.194000e+02
4.060000e+02 4.206000e+02
4.030000e+02 4.224000e+02
4.015000e+02 4.236000e+02
3.970000e+02 4.254000e+02
3.920000e+02 4.272000e+02
3.890000e+02 4.278000e+02
3.835000e+02 4.302000e+02
3.790000e+02 4.326000e+02
3.765000e+02 4.338000e+02
3.715000e+02 4.362000e+02
3.655000e+02 4.392000e+02
3.585000e+02 4.410000e+02
3.505000e+02 4.428000e+02
3.470000e+02 4.440000e+02
3.410000e+02 4.458000e+02
3.350000e+02 4.482000e+02
3.290000e+02 4.506000e+02
3.230000e+02 4.530000e+02
3.165000e+02 4.548000e+02
3.090000e+02 4.560000e+02
3.025000e+02 4.572000e+02
2.955000e+02 4.584000e+02
2.920000e+02 4.584000e+02
2.885000e+02 4.590000e+02
2.815000e+02 4.602000e+02
2.780000e+02 4.602000e+02
2.715000e+02 4.608000e+02
2.645000e+02 4.608000e+02
2.610000e+02 4.608000e+02
2.535000e+02 4.602000e+02
2.470000e+02 4.602000e+02
2.405000e+02 4.602000e+02
2.370000e+02 4.602000e+02
2.305000e+02 4.608000e+02
2.270000e+02 4.608000e+02
2.210000e+02 4.614000e+02
2.150000e+02 4.626000e+02
2.095000e+02 4.626000e+02
2.050000e+02 4.626000e+02
2.010000e+02 4.626000e+02
1.990000e+02 4.620000e+02
1.960000e+02 4.614000e+02
1.935000e+02 4.602000e+02
1.915000e+02 4.584000e+02
1.905000e+02 4.566000e+02
1.890000e+02 4.530000e+02
1.880000e+02 4.494000e+02
1.880000e+02 4.470000e+02
1.875000e+02 4.422000e+02
1.885000e+02 4.374000e+02
1.890000e+02 4.344000e+02
1.900000e+02 4.278000e+02
1.910000e+02 4.248000e+02
1.925000e+02 4.176000e+02
1.950000e+02 4.098000e+02
1.965000e+02 4.056000e+02
1.995000e+02 3.972000e+02
2.030000e+02 3.870000e+02
2.055000e+02 3.810000e+02
2.075000e+02 3.756000e+02
2.120000e+02 3.648000e+02
2.170000e+02 3.540000e+02
2.195000e+02 3.486000e+02
2.250000e+02 3.384000e+02
2.315000e+02 3.276000e+02
2.340000e+02 3.222000e+02
2.410000e+02 3.120000e+02
2.475000e+02 3.012000e+02
2.515000e+02 2.958000e+02
2.550000e+02 2.904000e+02
2.635000e+02 2.784000e+02
2.680000e+02 2.724000e+02
2.765000e+02 2.604000e+02
2.855000e+02 2.478000e+02
2.950000e+02 2.346000e+02
3.005000e+02 2.274000e+02
3.115000e+02 2.124000e+02
3.165000e+02 2.052000e+02
3.275000e+02 1.902000e+02
3.385000e+02 1.758000e+02
3.440000e+02 1.686000e+02
3.550000e+02 1.548000e+02
3.665000e+02 1.410000e+02
3.725000e+02 1.338000e+02
3.835000e+02 1.218000e+02
3.940000e+02 1.116000e+02
4.035000e+02 1.020000e+02
4.135000e+02 9.240000e+01
4.235000e+02 8.280000e+01
4.330000e+02 7.500000e+01
4.415000e+02 6.840000e+01
4.455000e+02 6.540000e+01
4.530000e+02 5.940000e+01
4.595000e+02 5.520000e+01
4.625000e+02 5.280000e+01
4.660000e+02 5.100000e+01
4.710000e+02 4.800000e+01
4.735000e+02 4.680000e+01
4.760000e+02 4.560000e+01
4.795000e+02 4.320000e+01
4.825000e+02 4.140000e+01
4.845000e+02 4.020000e+01
4.860000e+02 3.960000e+01
4.870000e+02 3.900000e+01
4.875000e+02 3.840000e+01
4.880000e+02 3.840000e+01
4.885000e+02 3.840000e+01
4.880000e+02 3.780000e+01
4.875000e+02 3.780000e+01
4.870000e+02 3.720000e+01
4.870000e+02 3.720000e+01
