2.530000e+02 3.348000e+02
2.530000e+02 3.348000e+02
2.545000e+02 3.294000e+02
2.555000e+02 3.252000e+02
2.570000e+02 3.174000e+02
2.585000e+02 3.132000e+02
2.610000e+02 3.024000e+02
2.640000e+02 2.916000e+02
2.650000e+02 2.856000e+02
2.675000e+02 2.730000e+02
2.690000e+02 2.604000e+02
2.700000e+02 2.538000e+02
2.715000e+02 2.418000e+02
2.735000e+02 2.286000e+02
2.745000e+02 2.226000e+02
2.765000e+02 2.100000e+02
2.785000e+02 1.968000e+02
2.795000e+02 1.908000e+02
2.820000e+02 1.776000e+02
2.835000e+02 1.716000e+02
2.855000e+02 1.608000e+02
2.875000e+02 1.518000e+02
2.890000e+02 1.434000e+02
2.900000e+02 1.398000e+02
2.910000e+02 1.332000e+02
2.925000e+02 1.278000e+02
2.930000e+02 1.254000e+02
2.940000e+02 1.212000e+02
2.945000e+02 1.176000e+02
2.950000e+02 1.170000e+02
2.965000e+02 1.152000e+02
2.990000e+02 1.152000e+02
3.000000e+02 1.158000e+02
3.025000e+02 1.182000e+02
3.040000e+02 1.200000e+02
3.070000e+02 1.236000e+02
3.110000e+02 1.290000e+02
3.150000e+02 1.350000e+02
3.225000e+02 1.464000e+02
3.255000e+02 1.500000e+02
3.310000e+02 1.584000e+02
3.375000e+02 1.680000e+02
3.415000e+02 1.734000e+02
3.485000e+02 1.842000e+02
3.560000e+02 1.962000e+02
3.640000e+02 2.076000e+02
3.675000e+02 2.136000e+02
3.715000e+02 2.202000e+02
3.795000e+02 2.334000e+02
3.875000e+02 2.466000e+02
3.955000e+02 2.598000e+02
4.030000e+02 2.736000e+02
4.105000e+02 2.868000e+02
4.175000e+02 3.006000e+02
4.240000e+02 3.132000e+02
4.275000e+02 3.192000e+02
4.340000e+02 3.318000e+02
4.405000e+02 3.426000e+02
4.465000e+02 3.540000e+02
4.495000e+02 3.588000e+02
4.550000e+02 3.684000e+02
4.600000e+02 3.768000e+02
4.620000e+02 3.804000e+02
4.660000e+02 3.870000e+02
4.690000e+02 3.924000e+02
4.720000e+02 3.972000e+02
4.745000e+02 4.008000e+02
4.755000e+02 4.026000e+02
4.755000e+02 4.062000e+02
4.745000e+02 4.074000e+02
4.745000e+02 4.074000e+02
