2.345000e+02 3.600000e+02
2.345000e+02 3.600000e+02
2.350000e+02 3.564000e+02
2.355000e+02 3.540000e+02
2.365000e+02 3.474000e+02
2.375000e+02 3.396000e+02
2.390000e+02 3.300000e+02
2.405000e+02 3.180000e+02
2.415000e+02 3.042000e+02
2.430000e+02 2.904000e+02
2.440000e+02 2.832000e+02
2.460000e+02 2.682000e+02
2.490000e+02 2.526000e+02
2.520000e+02 2.364000e+02
2.540000e+02 2.286000e+02
2.555000e+02 2.214000e+02
2.585000e+02 2.076000e+02
2.620000e+02 1.944000e+02
2.635000e+02 1.884000e+02
2.670000e+02 1.764000e+02
2.710000e+02 1.650000e+02
2.730000e+02 1.590000e+02
2.775000e+02 1.494000e+02
2.835000e+02 1.404000e+02
2.860000e+02 1.368000e+02
2.920000e+02 1.308000e+02
2.950000e+02 1.278000e+02
3.010000e+02 1.242000e+02
3.075000e+02 1.230000e+02
3.140000e+02 1.230000e+02
3.175000e+02 1.236000e+02
3.235000e+02 1.266000e+02
3.300000e+02 1.314000e+02
3.325000e+02 1.338000e+02
3.385000e+02 1.404000e+02
3.435000e+02 1.470000e+02
3.460000e+02 1.518000e+02
3.510000e+02 1.602000e+02
3.555000e+02 1.710000e+02
3.575000e+02 1.770000e+02
3.615000e+02 1.884000e+02
3.655000e+02 2.010000e+02
3.670000e+02 2.076000e+02
3.705000e+02 2.208000e+02
3.740000e+02 2.334000e+02
3.760000e+02 2.400000e+02
3.795000e+02 2.526000e+02
3.835000e+02 2.652000e+02
3.855000e+02 2.712000e+02
3.895000e+02 2.838000e+02
3.940000e+02 2.958000e+02
3.960000e+02 3.018000e+02
4.005000e+02 3.132000e+02
4.045000e+02 3.240000e+02
4.060000e+02 3.294000e+02
4.105000e+02 3.396000e+02
4.140000e+02 3.486000e+02
4.160000e+02 3.528000e+02
4.195000e+02 3.600000e+02
4.230000e+02 3.672000e+02
4.245000e+02 3.702000e+02
4.275000e+02 3.756000e+02
4.300000e+02 3.792000e+02
4.325000e+02 3.816000e+02
4.340000e+02 3.834000e+02
4.350000e+02 3.846000e+02
4.355000e+02 3.852000e+02
4.350000e+02 3.852000e+02
4.345000e+02 3.846000e+02
4.345000e+02 3.846000e+02
2.345000e+02 3.600000e+02
2.345000e+02 3.600000e+02
2.350000e+02 3.564000e+02
2.355000e+02 3.540000e+02
2.365000e+02 3.474000e+02
2.375000e+02 3.396000e+02
2.390000e+02 3.300000e+02
2.405000e+02 3.180000e+02
2.415000e+02 3.042000e+02
2.430000e+02 2.904000e+02
2.440000e+02 2.832000e+02
2.460000e+02 2.682000e+02
2.490000e+02 2.526000e+02
2.520000e+02 2.364000e+02
2.540000e+02 2.286000e+02
2.555000e+02 2.214000e+02
2.585000e+02 2.076000e+02
2.620000e+02 1.944000e+02
2.635000e+02 1.884000e+02
2.670000e+02 1.764000e+02
2.710000e+02 1.650000e+02
2.730000e+02 1.590000e+02
2.775000e+02 1.494000e+02
2.835000e+02 1.404000e+02
2.860000e+02 1.368000e+02
2.920000e+02 1.308000e+02
2.950000e+02 1.278000e+02
3.010000e+02 1.242000e+02
3.075000e+02 1.230000e+02
3.140000e+02 1.230000e+02
3.175000e+02 1.236000e+02
3.235000e+02 1.266000e+02
3.300000e+02 1.314000e+02
3.325000e+02 1.338000e+02
3.385000e+02 1.404000e+02
3.435000e+02 1.470000e+02
3.460000e+02 1.518000e+02
3.510000e+02 1.602000e+02
3.555000e+02 1.710000e+02
3.575000e+02 1.770000e+02
3.615000e+02 1.884000e+02
3.655000e+02 2.010000e+02
3.670000e+02 2.076000e+02
3.705000e+02 2.208000e+02
3.740000e+02 2.334000e+02
3.760000e+02 2.400000e+02
3.795000e+02 2.526000e+02
3.835000e+02 2.652000e+02
3.855000e+02 2.712000e+02
3.895000e+02 2.838000e+02
3.940000e+02 2.958000e+02
3.960000e+02 3.018000e+02
4.005000e+02 3.132000e+02
4.045000e+02 3.240000e+02
4.060000e+02 3.294000e+02
4.105000e+02 3.396000e+02
4.140000e+02 3.486000e+02
4.160000e+02 3.528000e+02
4.195000e+02 3.600000e+02
4.230000e+02 3.672000e+02
4.245000e+02 3.702000e+02
4.275000e+02 3.756000e+02
4.300000e+02 3.792000e+02
4.325000e+02 3.816000e+02
4.340000e+02 3.834000e+02
4.350000e+02 3.846000e+02
4.355000e+02 3.852000e+02
4.350000e+02 3.852000e+02
4.345000e+02 3.846000e+02
4.345000e+02 3.846000e+02
