2.755000e+02 3.738000e+02
2.755000e+02 3.738000e+02
2.765000e+02 3.720000e+02
2.765000e+02 3.708000e+02
2.780000e+02 3.678000e+02
2.795000e+02 3.630000e+02
2.800000e+02 3.606000e+02
2.820000e+02 3.546000e+02
2.840000e+02 3.486000e+02
2.850000e+02 3.450000e+02
2.875000e+02 3.378000e+02
2.900000e+02 3.300000e+02
2.910000e+02 3.258000e+02
2.940000e+02 3.174000e+02
2.970000e+02 3.084000e+02
2.985000e+02 3.048000e+02
3.015000e+02 2.958000e+02
3.050000e+02 2.868000e+02
3.065000e+02 2.826000e+02
3.100000e+02 2.730000e+02
3.135000e+02 2.634000e+02
3.165000e+02 2.538000e+02
3.190000e+02 2.454000e+02
3.210000e+02 2.412000e+02
3.235000e+02 2.322000e+02
3.265000e+02 2.232000e+02
3.280000e+02 2.190000e+02
3.305000e+02 2.106000e+02
3.330000e+02 2.028000e+02
3.350000e+02 1.956000e+02
3.365000e+02 1.920000e+02
3.385000e+02 1.848000e+02
3.395000e+02 1.818000e+02
3.415000e+02 1.752000e+02
3.430000e+02 1.692000e+02
3.435000e+02 1.662000e+02
3.450000e+02 1.614000e+02
3.460000e+02 1.584000e+02
3.470000e+02 1.530000e+02
3.485000e+02 1.488000e+02
3.495000e+02 1.452000e+02
3.505000e+02 1.434000e+02
3.515000e+02 1.404000e+02
3.520000e+02 1.386000e+02
3.530000e+02 1.350000e+02
3.535000e+02 1.326000e+02
3.540000e+02 1.314000e+02
3.545000e+02 1.290000e+02
3.555000e+02 1.278000e+02
3.560000e+02 1.266000e+02
3.560000e+02 1.254000e+02
3.565000e+02 1.248000e+02
3.570000e+02 1.236000e+02
3.570000e+02 1.236000e+02
3.575000e+02 1.230000e+02
3.575000e+02 1.230000e+02
3.580000e+02 1.230000e+02
3.580000e+02 1.224000e+02
3.585000e+02 1.230000e+02
3.590000e+02 1.230000e+02
3.590000e+02 1.230000e+02
3.595000e+02 1.236000e+02
3.600000e+02 1.242000e+02
3.610000e+02 1.248000e+02
3.615000e+02 1.254000e+02
3.625000e+02 1.260000e+02
3.640000e+02 1.272000e+02
3.645000e+02 1.284000e+02
3.660000e+02 1.302000e+02
3.665000e+02 1.314000e+02
3.680000e+02 1.338000e+02
3.685000e+02 1.350000e+02
3.700000e+02 1.368000e+02
3.715000e+02 1.392000e+02
3.735000e+02 1.422000e+02
3.745000e+02 1.440000e+02
3.760000e+02 1.476000e+02
3.780000e+02 1.506000e+02
3.790000e+02 1.524000e+02
3.810000e+02 1.566000e+02
3.835000e+02 1.614000e+02
3.845000e+02 1.632000e+02
3.870000e+02 1.680000e+02
3.895000e+02 1.734000e+02
3.905000e+02 1.758000e+02
3.930000e+02 1.812000e+02
3.955000e+02 1.872000e+02
3.970000e+02 1.902000e+02
4.000000e+02 1.956000e+02
4.015000e+02 1.992000e+02
4.040000e+02 2.058000e+02
4.075000e+02 2.124000e+02
4.110000e+02 2.196000e+02
4.125000e+02 2.232000e+02
4.155000e+02 2.310000e+02
4.170000e+02 2.346000e+02
4.205000e+02 2.424000e+02
4.235000e+02 2.496000e+02
4.255000e+02 2.532000e+02
4.285000e+02 2.610000e+02
4.315000e+02 2.682000e+02
4.350000e+02 2.754000e+02
4.370000e+02 2.790000e+02
4.400000e+02 2.856000e+02
4.430000e+02 2.928000e+02
4.445000e+02 2.964000e+02
4.480000e+02 3.030000e+02
4.510000e+02 3.096000e+02
4.525000e+02 3.132000e+02
4.550000e+02 3.192000e+02
4.580000e+02 3.252000e+02
4.605000e+02 3.306000e+02
4.615000e+02 3.330000e+02
4.640000e+02 3.384000e+02
4.665000e+02 3.432000e+02
4.670000e+02 3.456000e+02
4.695000e+02 3.498000e+02
4.715000e+02 3.534000e+02
4.725000e+02 3.552000e+02
4.745000e+02 3.594000e+02
4.755000e+02 3.612000e+02
4.780000e+02 3.648000e+02
4.805000e+02 3.678000e+02
4.815000e+02 3.690000e+02
4.835000e+02 3.714000e+02
4.845000e+02 3.726000e+02
4.865000e+02 3.744000e+02
4.880000e+02 3.756000e+02
4.890000e+02 3.762000e+02
4.890000e+02 3.768000e+02
4.895000e+02 3.768000e+02
4.900000e+02 3.774000e+02
4.900000e+02 3.774000e+02
4.895000e+02 3.774000e+02
4.880000e+02 3.762000e+02
4.865000e+02 3.756000e+02
4.865000e+02 3.756000e+02
