4.250000e+01 4.332000e+02
4.250000e+01 4.332000e+02
4.250000e+01 4.332000e+02
4.250000e+01 4.332000e+02
4.250000e+01 4.332000e+02
4.250000e+01 4.308000e+02
4.400000e+01 4.260000e+02
4.650000e+01 4.188000e+02
4.950000e+01 4.092000e+02
5.250000e+01 4.002000e+02
5.500000e+01 3.900000e+02
5.800000e+01 3.786000e+02
6.050000e+01 3.666000e+02
6.300000e+01 3.528000e+02
6.500000e+01 3.408000e+02
6.700000e+01 3.270000e+02
6.900000e+01 3.138000e+02
7.150000e+01 2.940000e+02
7.350000e+01 2.808000e+02
7.500000e+01 2.682000e+02
7.650000e+01 2.562000e+02
7.850000e+01 2.442000e+02
8.000000e+01 2.334000e+02
8.450000e+01 2.118000e+02
8.600000e+01 2.034000e+02
8.800000e+01 1.956000e+02
8.950000e+01 1.902000e+02
9.100000e+01 1.854000e+02
9.150000e+01 1.818000e+02
9.250000e+01 1.794000e+02
9.300000e+01 1.782000e+02
9.400000e+01 1.776000e+02
9.450000e+01 1.770000e+02
9.600000e+01 1.764000e+02
9.750000e+01 1.776000e+02
1.000000e+02 1.794000e+02
1.025000e+02 1.824000e+02
1.060000e+02 1.878000e+02
1.090000e+02 1.932000e+02
1.140000e+02 2.040000e+02
1.190000e+02 2.166000e+02
1.230000e+02 2.262000e+02
1.285000e+02 2.394000e+02
1.325000e+02 2.496000e+02
1.360000e+02 2.586000e+02
1.390000e+02 2.700000e+02
1.425000e+02 2.802000e+02
1.465000e+02 2.904000e+02
1.500000e+02 3.000000e+02
1.530000e+02 3.102000e+02
1.570000e+02 3.204000e+02
1.605000e+02 3.300000e+02
1.635000e+02 3.390000e+02
1.680000e+02 3.522000e+02
1.725000e+02 3.648000e+02
1.750000e+02 3.726000e+02
1.785000e+02 3.828000e+02
1.810000e+02 3.918000e+02
1.830000e+02 3.990000e+02
1.840000e+02 4.026000e+02
1.845000e+02 4.050000e+02
1.850000e+02 4.068000e+02
1.855000e+02 4.080000e+02
1.855000e+02 4.086000e+02
1.855000e+02 4.092000e+02
1.855000e+02 4.098000e+02
1.850000e+02 4.098000e+02
1.840000e+02 4.092000e+02
1.815000e+02 4.080000e+02
1.780000e+02 4.056000e+02
1.735000e+02 4.026000e+02
1.685000e+02 3.990000e+02
1.625000e+02 3.942000e+02
1.530000e+02 3.876000e+02
1.465000e+02 3.828000e+02
1.390000e+02 3.774000e+02
1.325000e+02 3.720000e+02
1.240000e+02 3.648000e+02
1.170000e+02 3.588000e+02
1.095000e+02 3.522000e+02
1.020000e+02 3.450000e+02
9.500000e+01 3.384000e+02
8.700000e+01 3.306000e+02
8.050000e+01 3.240000e+02
7.050000e+01 3.138000e+02
6.100000e+01 3.048000e+02
5.200000e+01 2.958000e+02
4.650000e+01 2.904000e+02
4.150000e+01 2.862000e+02
3.700000e+01 2.814000e+02
3.300000e+01 2.778000e+02
3.000000e+01 2.748000e+02
2.700000e+01 2.718000e+02
2.500000e+01 2.700000e+02
2.350000e+01 2.682000e+02
2.250000e+01 2.664000e+02
2.200000e+01 2.658000e+02
2.200000e+01 2.640000e+02
2.250000e+01 2.622000e+02
2.500000e+01 2.592000e+02
2.900000e+01 2.550000e+02
3.450000e+01 2.508000e+02
4.150000e+01 2.466000e+02
4.900000e+01 2.424000e+02
5.750000e+01 2.382000e+02
6.600000e+01 2.340000e+02
7.650000e+01 2.298000e+02
8.600000e+01 2.262000e+02
9.650000e+01 2.220000e+02
1.070000e+02 2.184000e+02
1.230000e+02 2.130000e+02
1.380000e+02 2.076000e+02
1.485000e+02 2.046000e+02
1.635000e+02 2.004000e+02
1.690000e+02 1.986000e+02
1.845000e+02 1.938000e+02
1.940000e+02 1.908000e+02
2.030000e+02 1.884000e+02
2.110000e+02 1.860000e+02
2.195000e+02 1.836000e+02
2.265000e+02 1.818000e+02
2.330000e+02 1.806000e+02
2.385000e+02 1.788000e+02
2.440000e+02 1.782000e+02
2.475000e+02 1.776000e+02
2.520000e+02 1.770000e+02
2.540000e+02 1.764000e+02
2.550000e+02 1.770000e+02
2.560000e+02 1.770000e+02
2.565000e+02 1.770000e+02
2.575000e+02 1.776000e+02
2.575000e+02 1.782000e+02
2.580000e+02 1.788000e+02
2.580000e+02 1.794000e+02
2.565000e+02 1.830000e+02
2.540000e+02 1.866000e+02
2.510000e+02 1.914000e+02
2.465000e+02 1.962000e+02
2.420000e+02 2.016000e+02
2.360000e+02 2.088000e+02
2.295000e+02 2.154000e+02
2.220000e+02 2.232000e+02
2.140000e+02 2.316000e+02
2.055000e+02 2.412000e+02
1.950000e+02 2.520000e+02
1.860000e+02 2.628000e+02
1.710000e+02 2.784000e+02
1.615000e+02 2.892000e+02
1.520000e+02 3.006000e+02
1.435000e+02 3.114000e+02
1.345000e+02 3.210000e+02
1.260000e+02 3.324000e+02
1.175000e+02 3.432000e+02
1.085000e+02 3.540000e+02
1.015000e+02 3.636000e+02
9.400000e+01 3.732000e+02
8.700000e+01 3.822000e+02
8.100000e+01 3.900000e+02
7.400000e+01 3.984000e+02
6.650000e+01 4.080000e+02
6.150000e+01 4.140000e+02
5.750000e+01 4.194000e+02
5.500000e+01 4.230000e+02
5.250000e+01 4.260000e+02
5.100000e+01 4.278000e+02
5.000000e+01 4.290000e+02
4.950000e+01 4.296000e+02
4.900000e+01 4.302000e+02
4.850000e+01 4.308000e+02
4.800000e+01 4.308000e+02
4.800000e+01 4.314000e+02
4.750000e+01 4.314000e+02
4.750000e+01 4.320000e+02
4.750000e+01 4.320000e+02
4.750000e+01 4.320000e+02
4.700000e+01 4.320000e+02
4.700000e+01 4.320000e+02
4.700000e+01 4.326000e+02
4.700000e+01 4.326000e+02
4.700000e+01 4.326000e+02
4.700000e+01 4.326000e+02
4.700000e+01 4.326000e+02
4.700000e+01 4.326000e+02
4.700000e+01 4.326000e+02
4.700000e+01 4.326000e+02
4.700000e+01 4.326000e+02
4.700000e+01 4.326000e+02
4.700000e+01 4.326000e+02
4.700000e+01 4.326000e+02
4.700000e+01 4.326000e+02
4.700000e+01 4.326000e+02
4.700000e+01 4.326000e+02
4.700000e+01 4.326000e+02
4.700000e+01 4.326000e+02
4.700000e+01 4.326000e+02
4.700000e+01 4.326000e+02
4.700000e+01 4.326000e+02
4.700000e+01 4.326000e+02
4.700000e+01 4.326000e+02
4.700000e+01 4.326000e+02
4.700000e+01 4.326000e+02
4.750000e+01 4.320000e+02
4.750000e+01 4.320000e+02
