2.225000e+02 1.404000e+02
2.225000e+02 1.404000e+02
2.225000e+02 1.404000e+02
2.225000e+02 1.404000e+02
2.225000e+02 1.404000e+02
2.225000e+02 1.404000e+02
2.225000e+02 1.404000e+02
2.225000e+02 1.404000e+02
2.230000e+02 1.404000e+02
2.235000e+02 1.404000e+02
2.245000e+02 1.404000e+02
2.250000e+02 1.404000e+02
2.290000e+02 1.404000e+02
2.335000e+02 1.404000e+02
2.380000e+02 1.398000e+02
2.440000e+02 1.386000e+02
2.510000e+02 1.374000e+02
2.580000e+02 1.362000e+02
2.665000e+02 1.344000e+02
2.745000e+02 1.326000e+02
2.835000e+02 1.308000e+02
2.930000e+02 1.284000e+02
3.020000e+02 1.266000e+02
3.070000e+02 1.260000e+02
3.170000e+02 1.242000e+02
3.260000e+02 1.230000e+02
3.395000e+02 1.212000e+02
3.520000e+02 1.194000e+02
3.590000e+02 1.188000e+02
3.655000e+02 1.182000e+02
3.710000e+02 1.176000e+02
3.760000e+02 1.176000e+02
3.805000e+02 1.176000e+02
3.835000e+02 1.176000e+02
3.855000e+02 1.182000e+02
3.865000e+02 1.188000e+02
3.880000e+02 1.194000e+02
3.890000e+02 1.200000e+02
3.900000e+02 1.218000e+02
3.910000e+02 1.236000e+02
3.920000e+02 1.278000e+02
3.925000e+02 1.320000e+02
3.935000e+02 1.368000e+02
3.945000e+02 1.422000e+02
3.960000e+02 1.476000e+02
3.970000e+02 1.548000e+02
3.985000e+02 1.614000e+02
3.995000e+02 1.686000e+02
4.005000e+02 1.758000e+02
4.015000e+02 1.824000e+02
4.025000e+02 1.890000e+02
4.040000e+02 1.962000e+02
4.050000e+02 2.028000e+02
4.065000e+02 2.124000e+02
4.080000e+02 2.184000e+02
4.095000e+02 2.280000e+02
4.105000e+02 2.340000e+02
4.115000e+02 2.406000e+02
4.115000e+02 2.442000e+02
4.120000e+02 2.466000e+02
4.120000e+02 2.490000e+02
4.120000e+02 2.508000e+02
4.120000e+02 2.514000e+02
4.120000e+02 2.526000e+02
4.120000e+02 2.532000e+02
4.115000e+02 2.538000e+02
4.115000e+02 2.544000e+02
4.105000e+02 2.550000e+02
4.080000e+02 2.562000e+02
4.040000e+02 2.574000e+02
3.975000e+02 2.586000e+02
3.915000e+02 2.598000e+02
3.845000e+02 2.610000e+02
3.780000e+02 2.616000e+02
3.695000e+02 2.628000e+02
3.645000e+02 2.634000e+02
3.550000e+02 2.652000e+02
3.460000e+02 2.670000e+02
3.335000e+02 2.700000e+02
3.250000e+02 2.724000e+02
3.210000e+02 2.736000e+02
3.130000e+02 2.754000e+02
3.060000e+02 2.772000e+02
2.985000e+02 2.790000e+02
2.935000e+02 2.802000e+02
2.885000e+02 2.814000e+02
2.840000e+02 2.820000e+02
2.820000e+02 2.820000e+02
2.800000e+02 2.820000e+02
2.790000e+02 2.820000e+02
2.785000e+02 2.820000e+02
2.785000e+02 2.814000e+02
2.780000e+02 2.814000e+02
2.775000e+02 2.814000e+02
2.775000e+02 2.808000e+02
2.770000e+02 2.808000e+02
2.770000e+02 2.802000e+02
2.765000e+02 2.796000e+02
2.765000e+02 2.790000e+02
2.760000e+02 2.784000e+02
2.755000e+02 2.778000e+02
2.750000e+02 2.766000e+02
2.735000e+02 2.736000e+02
2.710000e+02 2.706000e+02
2.685000e+02 2.664000e+02
2.660000e+02 2.622000e+02
2.625000e+02 2.562000e+02
2.590000e+02 2.508000e+02
2.555000e+02 2.448000e+02
2.520000e+02 2.388000e+02
2.460000e+02 2.280000e+02
2.405000e+02 2.178000e+02
2.355000e+02 2.058000e+02
2.315000e+02 1.938000e+02
2.295000e+02 1.872000e+02
2.285000e+02 1.800000e+02
2.270000e+02 1.740000e+02
2.260000e+02 1.674000e+02
2.255000e+02 1.614000e+02
2.245000e+02 1.560000e+02
2.240000e+02 1.512000e+02
2.235000e+02 1.482000e+02
2.235000e+02 1.464000e+02
2.235000e+02 1.452000e+02
2.230000e+02 1.446000e+02
2.230000e+02 1.440000e+02
2.230000e+02 1.440000e+02
2.235000e+02 1.440000e+02
2.240000e+02 1.440000e+02
2.240000e+02 1.440000e+02
