1.425000e+02 3.540000e+02
1.425000e+02 3.540000e+02
1.425000e+02 3.516000e+02
1.430000e+02 3.474000e+02
1.430000e+02 3.456000e+02
1.440000e+02 3.396000e+02
1.455000e+02 3.336000e+02
1.465000e+02 3.294000e+02
1.485000e+02 3.216000e+02
1.510000e+02 3.126000e+02
1.520000e+02 3.078000e+02
1.545000e+02 2.976000e+02
1.570000e+02 2.868000e+02
1.585000e+02 2.814000e+02
1.620000e+02 2.694000e+02
1.655000e+02 2.574000e+02
1.670000e+02 2.514000e+02
1.705000e+02 2.400000e+02
1.735000e+02 2.286000e+02
1.755000e+02 2.226000e+02
1.785000e+02 2.112000e+02
1.810000e+02 2.004000e+02
1.825000e+02 1.950000e+02
1.840000e+02 1.896000e+02
1.870000e+02 1.794000e+02
1.895000e+02 1.704000e+02
1.910000e+02 1.650000e+02
1.930000e+02 1.560000e+02
1.960000e+02 1.464000e+02
1.990000e+02 1.374000e+02
2.005000e+02 1.332000e+02
2.030000e+02 1.260000e+02
2.040000e+02 1.224000e+02
2.070000e+02 1.158000e+02
2.105000e+02 1.098000e+02
2.120000e+02 1.074000e+02
2.150000e+02 1.026000e+02
2.175000e+02 9.960000e+01
2.190000e+02 9.840000e+01
2.225000e+02 9.660000e+01
2.255000e+02 9.600000e+01
2.280000e+02 9.660000e+01
2.310000e+02 9.780000e+01
2.325000e+02 9.900000e+01
2.360000e+02 1.020000e+02
2.375000e+02 1.038000e+02
2.405000e+02 1.074000e+02
2.440000e+02 1.110000e+02
2.480000e+02 1.158000e+02
2.500000e+02 1.182000e+02
2.540000e+02 1.242000e+02
2.585000e+02 1.302000e+02
2.610000e+02 1.332000e+02
2.660000e+02 1.404000e+02
2.710000e+02 1.470000e+02
2.740000e+02 1.506000e+02
2.790000e+02 1.584000e+02
2.845000e+02 1.668000e+02
2.870000e+02 1.710000e+02
2.920000e+02 1.800000e+02
2.970000e+02 1.890000e+02
2.995000e+02 1.944000e+02
3.045000e+02 2.052000e+02
3.095000e+02 2.154000e+02
3.120000e+02 2.208000e+02
3.165000e+02 2.310000e+02
3.205000e+02 2.418000e+02
3.225000e+02 2.466000e+02
3.265000e+02 2.574000e+02
3.285000e+02 2.628000e+02
3.320000e+02 2.736000e+02
3.360000e+02 2.838000e+02
3.400000e+02 2.934000e+02
3.440000e+02 3.036000e+02
3.480000e+02 3.126000e+02
3.500000e+02 3.168000e+02
3.535000e+02 3.252000e+02
3.565000e+02 3.324000e+02
3.585000e+02 3.366000e+02
3.615000e+02 3.432000e+02
3.645000e+02 3.498000e+02
3.660000e+02 3.528000e+02
3.685000e+02 3.588000e+02
3.710000e+02 3.630000e+02
3.730000e+02 3.672000e+02
3.750000e+02 3.708000e+02
3.765000e+02 3.738000e+02
3.770000e+02 3.750000e+02
3.785000e+02 3.774000e+02
3.795000e+02 3.786000e+02
3.795000e+02 3.792000e+02
3.805000e+02 3.798000e+02
3.800000e+02 3.798000e+02
