4.665000e+02 1.896000e+02
4.665000e+02 1.896000e+02
4.670000e+02 1.896000e+02
4.670000e+02 1.896000e+02
4.670000e+02 1.902000e+02
4.665000e+02 1.902000e+02
4.655000e+02 1.902000e+02
4.635000e+02 1.908000e+02
4.600000e+02 1.914000e+02
4.560000e+02 1.926000e+02
4.510000e+02 1.938000e+02
4.455000e+02 1.950000e+02
4.430000e+02 1.950000e+02
4.340000e+02 1.962000e+02
4.275000e+02 1.974000e+02
4.210000e+02 1.980000e+02
4.180000e+02 1.980000e+02
4.065000e+02 1.992000e+02
3.955000e+02 1.998000e+02
3.880000e+02 1.998000e+02
3.800000e+02 2.004000e+02
3.715000e+02 2.010000e+02
3.630000e+02 2.016000e+02
3.545000e+02 2.022000e+02
3.425000e+02 2.028000e+02
3.345000e+02 2.028000e+02
3.265000e+02 2.034000e+02
3.225000e+02 2.034000e+02
3.160000e+02 2.034000e+02
3.090000e+02 2.034000e+02
3.025000e+02 2.034000e+02
2.955000e+02 2.034000e+02
2.885000e+02 2.034000e+02
2.855000e+02 2.034000e+02
2.800000e+02 2.028000e+02
2.740000e+02 2.028000e+02
2.685000e+02 2.028000e+02
2.630000e+02 2.022000e+02
2.580000e+02 2.022000e+02
2.530000e+02 2.022000e+02
2.480000e+02 2.022000e+02
2.435000e+02 2.016000e+02
2.410000e+02 2.016000e+02
2.370000e+02 2.016000e+02
2.315000e+02 2.010000e+02
2.300000e+02 2.010000e+02
2.275000e+02 2.010000e+02
2.245000e+02 2.010000e+02
2.215000e+02 2.010000e+02
2.190000e+02 2.010000e+02
2.170000e+02 2.004000e+02
2.145000e+02 2.004000e+02
2.115000e+02 2.004000e+02
2.090000e+02 2.004000e+02
2.070000e+02 2.004000e+02
2.045000e+02 2.004000e+02
2.025000e+02 2.004000e+02
2.000000e+02 2.004000e+02
1.975000e+02 2.004000e+02
1.955000e+02 1.998000e+02
1.930000e+02 1.998000e+02
1.900000e+02 1.992000e+02
1.880000e+02 1.992000e+02
1.850000e+02 1.992000e+02
1.840000e+02 1.986000e+02
1.815000e+02 1.980000e+02
1.800000e+02 1.980000e+02
1.790000e+02 1.974000e+02
1.775000e+02 1.974000e+02
1.765000e+02 1.968000e+02
1.750000e+02 1.962000e+02
1.740000e+02 1.962000e+02
1.730000e+02 1.956000e+02
1.720000e+02 1.950000e+02
1.710000e+02 1.944000e+02
1.700000e+02 1.938000e+02
1.695000e+02 1.932000e+02
1.685000e+02 1.926000e+02
1.680000e+02 1.920000e+02
1.670000e+02 1.914000e+02
1.665000e+02 1.908000e+02
1.665000e+02 1.902000e+02
1.660000e+02 1.896000e+02
1.655000e+02 1.896000e+02
1.650000e+02 1.890000e+02
1.650000e+02 1.890000e+02
1.645000e+02 1.890000e+02
1.640000e+02 1.890000e+02
1.640000e+02 1.884000e+02
1.635000e+02 1.884000e+02
1.635000e+02 1.884000e+02
1.635000e+02 1.884000e+02
1.635000e+02 1.884000e+02
1.635000e+02 1.890000e+02
1.635000e+02 1.890000e+02
1.635000e+02 1.890000e+02
