1.950000e+02 2.520000e+02
1.950000e+02 2.520000e+02
1.960000e+02 2.520000e+02
1.975000e+02 2.514000e+02
1.990000e+02 2.514000e+02
1.995000e+02 2.508000e+02
2.025000e+02 2.508000e+02
2.040000e+02 2.508000e+02
2.060000e+02 2.502000e+02
2.085000e+02 2.502000e+02
2.110000e+02 2.502000e+02
2.135000e+02 2.502000e+02
2.165000e+02 2.496000e+02
2.195000e+02 2.496000e+02
2.225000e+02 2.496000e+02
2.255000e+02 2.496000e+02
2.290000e+02 2.490000e+02
2.325000e+02 2.490000e+02
2.360000e+02 2.484000e+02
2.395000e+02 2.484000e+02
2.435000e+02 2.478000e+02
2.475000e+02 2.472000e+02
2.515000e+02 2.466000e+02
2.560000e+02 2.460000e+02
2.620000e+02 2.454000e+02
2.675000e+02 2.448000e+02
2.720000e+02 2.442000e+02
2.745000e+02 2.436000e+02
2.820000e+02 2.424000e+02
2.870000e+02 2.424000e+02
2.925000e+02 2.418000e+02
2.980000e+02 2.412000e+02
3.035000e+02 2.406000e+02
3.090000e+02 2.400000e+02
3.150000e+02 2.388000e+02
3.200000e+02 2.382000e+02
3.265000e+02 2.376000e+02
3.315000e+02 2.370000e+02
3.405000e+02 2.358000e+02
3.460000e+02 2.352000e+02
3.555000e+02 2.346000e+02
3.605000e+02 2.340000e+02
3.690000e+02 2.328000e+02
3.770000e+02 2.328000e+02
3.845000e+02 2.316000e+02
3.905000e+02 2.316000e+02
3.955000e+02 2.310000e+02
4.000000e+02 2.310000e+02
4.055000e+02 2.304000e+02
4.105000e+02 2.304000e+02
4.180000e+02 2.304000e+02
4.220000e+02 2.304000e+02
4.290000e+02 2.310000e+02
4.310000e+02 2.310000e+02
4.345000e+02 2.316000e+02
4.385000e+02 2.316000e+02
4.420000e+02 2.322000e+02
4.450000e+02 2.328000e+02
4.475000e+02 2.328000e+02
4.505000e+02 2.334000e+02
4.540000e+02 2.340000e+02
4.570000e+02 2.346000e+02
4.590000e+02 2.346000e+02
4.605000e+02 2.352000e+02
4.645000e+02 2.358000e+02
4.670000e+02 2.358000e+02
4.695000e+02 2.358000e+02
4.715000e+02 2.364000e+02
4.735000e+02 2.364000e+02
4.765000e+02 2.364000e+02
4.790000e+02 2.364000e+02
4.815000e+02 2.364000e+02
4.840000e+02 2.364000e+02
4.865000e+02 2.370000e+02
4.895000e+02 2.370000e+02
4.935000e+02 2.370000e+02
4.950000e+02 2.370000e+02
4.970000e+02 2.370000e+02
4.985000e+02 2.370000e+02
5.010000e+02 2.370000e+02
5.040000e+02 2.370000e+02
5.070000e+02 2.370000e+02
5.095000e+02 2.370000e+02
5.125000e+02 2.370000e+02
5.155000e+02 2.370000e+02
5.185000e+02 2.364000e+02
5.210000e+02 2.364000e+02
5.235000e+02 2.358000e+02
5.260000e+02 2.352000e+02
5.290000e+02 2.346000e+02
5.320000e+02 2.346000e+02
5.340000e+02 2.340000e+02
5.360000e+02 2.334000e+02
5.380000e+02 2.334000e+02
5.405000e+02 2.334000e+02
5.425000e+02 2.334000e+02
5.450000e+02 2.328000e+02
5.460000e+02 2.328000e+02
5.470000e+02 2.328000e+02
5.485000e+02 2.328000e+02
5.495000e+02 2.328000e+02
5.505000e+02 2.328000e+02
5.520000e+02 2.334000e+02
5.520000e+02 2.334000e+02
