2.690000e+02 1.578000e+02
2.690000e+02 1.578000e+02
2.655000e+02 1.614000e+02
2.625000e+02 1.650000e+02
2.610000e+02 1.662000e+02
2.575000e+02 1.698000e+02
2.535000e+02 1.746000e+02
2.515000e+02 1.770000e+02
2.470000e+02 1.818000e+02
2.425000e+02 1.872000e+02
2.400000e+02 1.902000e+02
2.360000e+02 1.956000e+02
2.345000e+02 1.986000e+02
2.310000e+02 2.052000e+02
2.285000e+02 2.106000e+02
2.260000e+02 2.166000e+02
2.255000e+02 2.196000e+02
2.245000e+02 2.250000e+02
2.245000e+02 2.274000e+02
2.245000e+02 2.340000e+02
2.250000e+02 2.388000e+02
2.255000e+02 2.418000e+02
2.270000e+02 2.478000e+02
2.285000e+02 2.532000e+02
2.290000e+02 2.556000e+02
2.310000e+02 2.616000e+02
2.325000e+02 2.646000e+02
2.350000e+02 2.694000e+02
2.380000e+02 2.748000e+02
2.395000e+02 2.778000e+02
2.425000e+02 2.826000e+02
2.465000e+02 2.874000e+02
2.485000e+02 2.898000e+02
2.525000e+02 2.946000e+02
2.565000e+02 2.994000e+02
2.590000e+02 3.012000e+02
2.635000e+02 3.048000e+02
2.685000e+02 3.078000e+02
2.710000e+02 3.096000e+02
2.760000e+02 3.126000e+02
2.785000e+02 3.144000e+02
2.840000e+02 3.174000e+02
2.895000e+02 3.198000e+02
2.925000e+02 3.210000e+02
2.985000e+02 3.228000e+02
3.045000e+02 3.246000e+02
3.080000e+02 3.252000e+02
3.140000e+02 3.264000e+02
3.200000e+02 3.276000e+02
3.235000e+02 3.288000e+02
3.295000e+02 3.294000e+02
3.350000e+02 3.306000e+02
3.380000e+02 3.306000e+02
3.435000e+02 3.306000e+02
3.460000e+02 3.306000e+02
3.515000e+02 3.300000e+02
3.565000e+02 3.294000e+02
3.610000e+02 3.282000e+02
3.655000e+02 3.264000e+02
3.680000e+02 3.258000e+02
3.725000e+02 3.246000e+02
3.745000e+02 3.234000e+02
3.790000e+02 3.204000e+02
3.815000e+02 3.186000e+02
3.855000e+02 3.156000e+02
3.895000e+02 3.126000e+02
3.915000e+02 3.108000e+02
3.950000e+02 3.060000e+02
3.985000e+02 3.018000e+02
4.000000e+02 3.000000e+02
4.030000e+02 2.952000e+02
4.055000e+02 2.904000e+02
4.065000e+02 2.880000e+02
4.085000e+02 2.832000e+02
4.090000e+02 2.802000e+02
4.105000e+02 2.748000e+02
4.115000e+02 2.700000e+02
4.120000e+02 2.676000e+02
4.125000e+02 2.622000e+02
4.120000e+02 2.568000e+02
4.120000e+02 2.544000e+02
4.110000e+02 2.490000e+02
4.100000e+02 2.442000e+02
4.090000e+02 2.418000e+02
4.075000e+02 2.370000e+02
4.070000e+02 2.340000e+02
4.050000e+02 2.286000e+02
4.025000e+02 2.238000e+02
3.995000e+02 2.190000e+02
3.980000e+02 2.160000e+02
3.950000e+02 2.112000e+02
3.915000e+02 2.070000e+02
3.875000e+02 2.022000e+02
3.860000e+02 1.998000e+02
3.815000e+02 1.950000e+02
3.775000e+02 1.908000e+02
3.755000e+02 1.890000e+02
3.715000e+02 1.854000e+02
3.670000e+02 1.812000e+02
3.650000e+02 1.794000e+02
3.605000e+02 1.758000e+02
3.560000e+02 1.728000e+02
3.535000e+02 1.716000e+02
3.490000e+02 1.686000e+02
3.435000e+02 1.656000e+02
3.415000e+02 1.644000e+02
3.365000e+02 1.620000e+02
3.335000e+02 1.614000e+02
3.290000e+02 1.596000e+02
3.240000e+02 1.578000e+02
3.215000e+02 1.578000e+02
3.170000e+02 1.566000e+02
3.145000e+02 1.566000e+02
3.105000e+02 1.560000e+02
3.065000e+02 1.554000e+02
3.045000e+02 1.554000e+02
3.010000e+02 1.548000e+02
2.985000e+02 1.548000e+02
2.975000e+02 1.548000e+02
2.960000e+02 1.542000e+02
2.945000e+02 1.542000e+02
2.940000e+02 1.542000e+02
2.935000e+02 1.542000e+02
2.930000e+02 1.536000e+02
2.930000e+02 1.536000e+02
2.925000e+02 1.536000e+02
2.925000e+02 1.536000e+02
2.925000e+02 1.536000e+02
2.930000e+02 1.536000e+02
2.930000e+02 1.530000e+02
2.935000e+02 1.530000e+02
2.940000e+02 1.524000e+02
2.940000e+02 1.524000e+02
