1.310000e+02 7.260000e+01
1.310000e+02 7.260000e+01
1.310000e+02 7.260000e+01
1.310000e+02 7.200000e+01
1.310000e+02 7.200000e+01
1.310000e+02 7.260000e+01
1.335000e+02 7.320000e+01
1.385000e+02 7.440000e+01
1.475000e+02 7.620000e+01
1.615000e+02 7.680000e+01
1.765000e+02 7.680000e+01
2.010000e+02 7.620000e+01
2.180000e+02 7.560000e+01
2.360000e+02 7.440000e+01
2.545000e+02 7.380000e+01
2.730000e+02 7.320000e+01
2.915000e+02 7.260000e+01
3.105000e+02 7.260000e+01
3.300000e+02 7.260000e+01
3.505000e+02 7.260000e+01
3.695000e+02 7.200000e+01
3.885000e+02 7.200000e+01
4.070000e+02 7.140000e+01
4.265000e+02 7.140000e+01
4.440000e+02 7.140000e+01
4.605000e+02 7.080000e+01
4.750000e+02 7.080000e+01
4.880000e+02 7.020000e+01
4.990000e+02 7.020000e+01
5.115000e+02 6.960000e+01
5.150000e+02 6.960000e+01
5.230000e+02 6.960000e+01
5.270000e+02 6.900000e+01
5.295000e+02 6.900000e+01
5.315000e+02 6.900000e+01
5.330000e+02 6.960000e+01
5.335000e+02 7.020000e+01
5.345000e+02 7.080000e+01
5.355000e+02 7.260000e+01
5.360000e+02 7.620000e+01
5.360000e+02 8.040000e+01
5.350000e+02 9.000000e+01
5.335000e+02 9.840000e+01
5.325000e+02 1.074000e+02
5.320000e+02 1.170000e+02
5.315000e+02 1.278000e+02
5.310000e+02 1.392000e+02
5.310000e+02 1.518000e+02
5.305000e+02 1.644000e+02
5.290000e+02 1.830000e+02
5.275000e+02 1.956000e+02
5.260000e+02 2.082000e+02
5.255000e+02 2.226000e+02
5.240000e+02 2.352000e+02
5.230000e+02 2.478000e+02
5.210000e+02 2.592000e+02
5.190000e+02 2.700000e+02
5.170000e+02 2.802000e+02
5.160000e+02 2.874000e+02
5.145000e+02 2.946000e+02
5.135000e+02 3.000000e+02
5.130000e+02 3.066000e+02
5.115000e+02 3.120000e+02
5.110000e+02 3.144000e+02
5.100000e+02 3.168000e+02
5.090000e+02 3.186000e+02
5.075000e+02 3.204000e+02
5.060000e+02 3.216000e+02
5.045000e+02 3.228000e+02
5.020000e+02 3.240000e+02
4.980000e+02 3.246000e+02
4.935000e+02 3.258000e+02
4.875000e+02 3.258000e+02
4.810000e+02 3.258000e+02
4.720000e+02 3.252000e+02
4.625000e+02 3.252000e+02
4.505000e+02 3.246000e+02
4.390000e+02 3.240000e+02
4.200000e+02 3.234000e+02
4.060000e+02 3.234000e+02
3.920000e+02 3.240000e+02
3.840000e+02 3.246000e+02
3.685000e+02 3.252000e+02
3.530000e+02 3.264000e+02
3.370000e+02 3.282000e+02
3.220000e+02 3.300000e+02
3.140000e+02 3.306000e+02
2.905000e+02 3.342000e+02
2.830000e+02 3.348000e+02
2.685000e+02 3.372000e+02
2.610000e+02 3.378000e+02
2.470000e+02 3.402000e+02
2.255000e+02 3.432000e+02
2.190000e+02 3.438000e+02
2.075000e+02 3.456000e+02
1.965000e+02 3.474000e+02
1.860000e+02 3.492000e+02
1.745000e+02 3.504000e+02
1.645000e+02 3.522000e+02
1.560000e+02 3.534000e+02
1.435000e+02 3.558000e+02
1.390000e+02 3.564000e+02
1.240000e+02 3.594000e+02
1.185000e+02 3.606000e+02
1.135000e+02 3.618000e+02
1.095000e+02 3.624000e+02
1.065000e+02 3.624000e+02
1.040000e+02 3.624000e+02
1.020000e+02 3.624000e+02
1.000000e+02 3.618000e+02
9.850000e+01 3.612000e+02
9.700000e+01 3.600000e+02
9.600000e+01 3.588000e+02
9.550000e+01 3.564000e+02
9.450000e+01 3.534000e+02
9.400000e+01 3.480000e+02
9.400000e+01 3.426000e+02
9.600000e+01 3.312000e+02
9.750000e+01 3.234000e+02
9.900000e+01 3.156000e+02
1.010000e+02 3.054000e+02
1.020000e+02 2.964000e+02
1.040000e+02 2.856000e+02
1.080000e+02 2.682000e+02
1.110000e+02 2.538000e+02
1.145000e+02 2.364000e+02
1.185000e+02 2.172000e+02
1.210000e+02 2.046000e+02
1.235000e+02 1.908000e+02
1.255000e+02 1.788000e+02
1.280000e+02 1.668000e+02
1.310000e+02 1.542000e+02
1.340000e+02 1.428000e+02
1.365000e+02 1.314000e+02
1.385000e+02 1.212000e+02
1.405000e+02 1.122000e+02
1.425000e+02 1.032000e+02
1.440000e+02 9.540000e+01
1.460000e+02 8.760000e+01
1.475000e+02 8.040000e+01
1.485000e+02 7.200000e+01
1.490000e+02 7.020000e+01
1.495000e+02 6.660000e+01
1.495000e+02 6.420000e+01
1.495000e+02 6.240000e+01
1.495000e+02 6.120000e+01
1.495000e+02 6.000000e+01
1.495000e+02 6.000000e+01
1.495000e+02 5.940000e+01
1.500000e+02 5.940000e+01
1.500000e+02 5.940000e+01
1.505000e+02 6.120000e+01
1.505000e+02 6.120000e+01
