4.195000e+02 2.550000e+02
4.195000e+02 2.550000e+02
4.190000e+02 2.550000e+02
4.190000e+02 2.550000e+02
4.185000e+02 2.550000e+02
4.185000e+02 2.550000e+02
4.175000e+02 2.550000e+02
4.155000e+02 2.550000e+02
4.140000e+02 2.556000e+02
4.110000e+02 2.556000e+02
4.080000e+02 2.562000e+02
4.050000e+02 2.568000e+02
4.010000e+02 2.568000e+02
3.970000e+02 2.574000e+02
3.930000e+02 2.574000e+02
3.880000e+02 2.580000e+02
3.825000e+02 2.586000e+02
3.775000e+02 2.592000e+02
3.720000e+02 2.598000e+02
3.665000e+02 2.598000e+02
3.605000e+02 2.604000e+02
3.545000e+02 2.610000e+02
3.485000e+02 2.610000e+02
3.395000e+02 2.616000e+02
3.365000e+02 2.616000e+02
3.310000e+02 2.622000e+02
3.280000e+02 2.622000e+02
3.195000e+02 2.628000e+02
3.140000e+02 2.628000e+02
3.090000e+02 2.628000e+02
3.040000e+02 2.628000e+02
2.990000e+02 2.628000e+02
2.950000e+02 2.634000e+02
2.910000e+02 2.634000e+02
2.845000e+02 2.634000e+02
2.810000e+02 2.634000e+02
2.790000e+02 2.634000e+02
2.750000e+02 2.634000e+02
2.715000e+02 2.628000e+02
2.690000e+02 2.628000e+02
2.665000e+02 2.628000e+02
2.645000e+02 2.628000e+02
2.620000e+02 2.628000e+02
2.610000e+02 2.628000e+02
2.595000e+02 2.628000e+02
2.585000e+02 2.628000e+02
2.570000e+02 2.628000e+02
2.565000e+02 2.628000e+02
2.560000e+02 2.628000e+02
2.555000e+02 2.628000e+02
2.550000e+02 2.628000e+02
2.545000e+02 2.628000e+02
2.545000e+02 2.628000e+02
2.545000e+02 2.628000e+02
2.540000e+02 2.628000e+02
2.540000e+02 2.628000e+02
2.540000e+02 2.628000e+02
