2.650000e+02 3.726000e+02
2.650000e+02 3.726000e+02
2.650000e+02 3.714000e+02
2.650000e+02 3.702000e+02
2.650000e+02 3.666000e+02
2.660000e+02 3.612000e+02
2.675000e+02 3.492000e+02
2.700000e+02 3.384000e+02
2.725000e+02 3.276000e+02
2.745000e+02 3.156000e+02
2.765000e+02 3.024000e+02
2.790000e+02 2.892000e+02
2.820000e+02 2.736000e+02
2.850000e+02 2.592000e+02
2.880000e+02 2.448000e+02
2.910000e+02 2.298000e+02
2.940000e+02 2.148000e+02
2.980000e+02 1.992000e+02
3.010000e+02 1.860000e+02
3.065000e+02 1.668000e+02
3.100000e+02 1.560000e+02
3.135000e+02 1.452000e+02
3.175000e+02 1.344000e+02
3.205000e+02 1.272000e+02
3.235000e+02 1.212000e+02
3.260000e+02 1.164000e+02
3.285000e+02 1.128000e+02
3.310000e+02 1.104000e+02
3.340000e+02 1.086000e+02
3.395000e+02 1.074000e+02
3.435000e+02 1.086000e+02
3.455000e+02 1.098000e+02
3.530000e+02 1.158000e+02
3.575000e+02 1.212000e+02
3.615000e+02 1.284000e+02
3.660000e+02 1.368000e+02
3.710000e+02 1.470000e+02
3.750000e+02 1.572000e+02
3.795000e+02 1.674000e+02
3.845000e+02 1.788000e+02
3.890000e+02 1.902000e+02
3.945000e+02 2.028000e+02
3.995000e+02 2.142000e+02
4.040000e+02 2.262000e+02
4.090000e+02 2.382000e+02
4.155000e+02 2.568000e+02
4.205000e+02 2.694000e+02
4.245000e+02 2.802000e+02
4.280000e+02 2.916000e+02
4.315000e+02 3.018000e+02
4.345000e+02 3.126000e+02
4.370000e+02 3.228000e+02
4.390000e+02 3.312000e+02
4.410000e+02 3.402000e+02
4.425000e+02 3.468000e+02
4.435000e+02 3.534000e+02
4.445000e+02 3.594000e+02
4.450000e+02 3.642000e+02
4.450000e+02 3.684000e+02
4.440000e+02 3.714000e+02
4.435000e+02 3.732000e+02
4.430000e+02 3.750000e+02
4.425000e+02 3.756000e+02
4.420000e+02 3.762000e+02
4.410000e+02 3.768000e+02
4.385000e+02 3.756000e+02
4.310000e+02 3.714000e+02
4.235000e+02 3.672000e+02
4.195000e+02 3.642000e+02
4.075000e+02 3.558000e+02
3.980000e+02 3.486000e+02
3.885000e+02 3.420000e+02
3.785000e+02 3.348000e+02
3.685000e+02 3.276000e+02
3.580000e+02 3.198000e+02
3.460000e+02 3.108000e+02
3.360000e+02 3.030000e+02
3.260000e+02 2.952000e+02
3.160000e+02 2.874000e+02
3.065000e+02 2.790000e+02
2.955000e+02 2.700000e+02
2.860000e+02 2.622000e+02
2.770000e+02 2.538000e+02
2.650000e+02 2.424000e+02
2.575000e+02 2.358000e+02
2.505000e+02 2.286000e+02
2.450000e+02 2.226000e+02
2.405000e+02 2.172000e+02
2.365000e+02 2.112000e+02
2.335000e+02 2.070000e+02
2.315000e+02 2.028000e+02
2.305000e+02 1.986000e+02
2.300000e+02 1.944000e+02
2.305000e+02 1.914000e+02
2.325000e+02 1.872000e+02
2.365000e+02 1.818000e+02
2.430000e+02 1.770000e+02
2.535000e+02 1.704000e+02
2.615000e+02 1.674000e+02
2.710000e+02 1.656000e+02
2.810000e+02 1.638000e+02
2.910000e+02 1.620000e+02
3.015000e+02 1.608000e+02
3.130000e+02 1.602000e+02
3.255000e+02 1.590000e+02
3.450000e+02 1.572000e+02
3.645000e+02 1.554000e+02
3.780000e+02 1.542000e+02
3.915000e+02 1.524000e+02
4.055000e+02 1.512000e+02
4.180000e+02 1.500000e+02
4.300000e+02 1.482000e+02
4.410000e+02 1.470000e+02
4.515000e+02 1.464000e+02
4.605000e+02 1.458000e+02
4.720000e+02 1.458000e+02
4.785000e+02 1.458000e+02
4.830000e+02 1.464000e+02
4.865000e+02 1.476000e+02
4.895000e+02 1.488000e+02
4.910000e+02 1.500000e+02
4.925000e+02 1.512000e+02
4.935000e+02 1.536000e+02
4.935000e+02 1.566000e+02
4.925000e+02 1.620000e+02
4.895000e+02 1.674000e+02
4.845000e+02 1.746000e+02
4.780000e+02 1.818000e+02
4.690000e+02 1.908000e+02
4.605000e+02 1.986000e+02
4.510000e+02 2.064000e+02
4.415000e+02 2.148000e+02
4.300000e+02 2.238000e+02
4.175000e+02 2.340000e+02
4.000000e+02 2.478000e+02
3.885000e+02 2.580000e+02
3.770000e+02 2.682000e+02
3.655000e+02 2.784000e+02
3.545000e+02 2.886000e+02
3.440000e+02 2.988000e+02
3.340000e+02 3.090000e+02
3.250000e+02 3.186000e+02
3.165000e+02 3.288000e+02
3.090000e+02 3.372000e+02
3.030000e+02 3.450000e+02
2.940000e+02 3.570000e+02
2.900000e+02 3.630000e+02
2.845000e+02 3.720000e+02
2.810000e+02 3.780000e+02
2.795000e+02 3.804000e+02
2.785000e+02 3.828000e+02
2.780000e+02 3.840000e+02
2.780000e+02 3.852000e+02
2.775000e+02 3.858000e+02
2.775000e+02 3.864000e+02
2.775000e+02 3.870000e+02
2.775000e+02 3.870000e+02
2.780000e+02 3.876000e+02
2.780000e+02 3.876000e+02
