1.460000e+02 1.590000e+02
1.460000e+02 1.590000e+02
1.460000e+02 1.590000e+02
1.460000e+02 1.590000e+02
1.460000e+02 1.590000e+02
1.460000e+02 1.590000e+02
1.465000e+02 1.590000e+02
1.485000e+02 1.590000e+02
1.560000e+02 1.590000e+02
1.625000e+02 1.590000e+02
1.710000e+02 1.584000e+02
1.855000e+02 1.578000e+02
1.975000e+02 1.566000e+02
2.040000e+02 1.560000e+02
2.220000e+02 1.542000e+02
2.360000e+02 1.530000e+02
2.500000e+02 1.518000e+02
2.655000e+02 1.506000e+02
2.810000e+02 1.488000e+02
2.965000e+02 1.482000e+02
3.195000e+02 1.464000e+02
3.275000e+02 1.458000e+02
3.520000e+02 1.452000e+02
3.740000e+02 1.446000e+02
3.890000e+02 1.446000e+02
4.035000e+02 1.446000e+02
4.185000e+02 1.452000e+02
4.325000e+02 1.452000e+02
4.460000e+02 1.458000e+02
4.590000e+02 1.464000e+02
4.790000e+02 1.470000e+02
4.950000e+02 1.476000e+02
5.115000e+02 1.476000e+02
5.180000e+02 1.476000e+02
5.235000e+02 1.476000e+02
5.300000e+02 1.476000e+02
5.330000e+02 1.476000e+02
5.365000e+02 1.482000e+02
5.385000e+02 1.482000e+02
5.395000e+02 1.488000e+02
5.410000e+02 1.494000e+02
5.415000e+02 1.500000e+02
5.420000e+02 1.512000e+02
5.420000e+02 1.524000e+02
5.425000e+02 1.542000e+02
5.425000e+02 1.578000e+02
5.425000e+02 1.614000e+02
5.420000e+02 1.662000e+02
5.415000e+02 1.716000e+02
5.415000e+02 1.776000e+02
5.415000e+02 1.842000e+02
5.415000e+02 1.914000e+02
5.415000e+02 1.992000e+02
5.410000e+02 2.070000e+02
5.410000e+02 2.160000e+02
5.405000e+02 2.238000e+02
5.400000e+02 2.328000e+02
5.395000e+02 2.418000e+02
5.390000e+02 2.508000e+02
5.380000e+02 2.592000e+02
5.375000e+02 2.676000e+02
5.365000e+02 2.754000e+02
5.360000e+02 2.838000e+02
5.360000e+02 2.874000e+02
5.345000e+02 3.018000e+02
5.340000e+02 3.078000e+02
5.335000e+02 3.138000e+02
5.325000e+02 3.192000e+02
5.315000e+02 3.252000e+02
5.310000e+02 3.300000e+02
5.305000e+02 3.360000e+02
5.305000e+02 3.378000e+02
5.300000e+02 3.414000e+02
5.295000e+02 3.444000e+02
5.290000e+02 3.474000e+02
5.285000e+02 3.492000e+02
5.280000e+02 3.510000e+02
5.275000e+02 3.522000e+02
5.270000e+02 3.528000e+02
5.265000e+02 3.540000e+02
5.260000e+02 3.546000e+02
5.230000e+02 3.558000e+02
5.200000e+02 3.564000e+02
5.160000e+02 3.564000e+02
5.105000e+02 3.558000e+02
5.045000e+02 3.552000e+02
4.965000e+02 3.546000e+02
4.885000e+02 3.534000e+02
4.810000e+02 3.528000e+02
4.725000e+02 3.522000e+02
4.635000e+02 3.516000e+02
4.545000e+02 3.510000e+02
4.435000e+02 3.504000e+02
4.335000e+02 3.498000e+02
4.220000e+02 3.492000e+02
4.105000e+02 3.492000e+02
3.980000e+02 3.486000e+02
3.790000e+02 3.486000e+02
3.605000e+02 3.492000e+02
3.480000e+02 3.498000e+02
3.360000e+02 3.504000e+02
3.230000e+02 3.510000e+02
3.060000e+02 3.522000e+02
2.995000e+02 3.522000e+02
2.825000e+02 3.534000e+02
2.645000e+02 3.546000e+02
2.545000e+02 3.552000e+02
2.440000e+02 3.558000e+02
2.340000e+02 3.564000e+02
2.245000e+02 3.570000e+02
2.150000e+02 3.576000e+02
2.070000e+02 3.582000e+02
1.940000e+02 3.582000e+02
1.820000e+02 3.588000e+02
1.735000e+02 3.588000e+02
1.670000e+02 3.588000e+02
1.600000e+02 3.588000e+02
1.535000e+02 3.588000e+02
1.475000e+02 3.588000e+02
1.385000e+02 3.594000e+02
1.340000e+02 3.594000e+02
1.275000e+02 3.594000e+02
1.235000e+02 3.594000e+02
1.200000e+02 3.594000e+02
1.175000e+02 3.594000e+02
1.155000e+02 3.594000e+02
1.140000e+02 3.594000e+02
1.125000e+02 3.588000e+02
1.115000e+02 3.588000e+02
1.100000e+02 3.582000e+02
1.100000e+02 3.582000e+02
1.090000e+02 3.582000e+02
1.085000e+02 3.576000e+02
1.085000e+02 3.576000e+02
1.085000e+02 3.576000e+02
1.080000e+02 3.570000e+02
1.080000e+02 3.570000e+02
1.080000e+02 3.564000e+02
1.080000e+02 3.558000e+02
1.080000e+02 3.552000e+02
1.080000e+02 3.534000e+02
1.080000e+02 3.528000e+02
1.080000e+02 3.498000e+02
1.085000e+02 3.468000e+02
1.085000e+02 3.432000e+02
1.090000e+02 3.390000e+02
1.100000e+02 3.324000e+02
1.105000e+02 3.264000e+02
1.115000e+02 3.192000e+02
1.130000e+02 3.120000e+02
1.140000e+02 3.036000e+02
1.160000e+02 2.916000e+02
1.165000e+02 2.874000e+02
1.185000e+02 2.778000e+02
1.205000e+02 2.688000e+02
1.225000e+02 2.598000e+02
1.235000e+02 2.556000e+02
1.255000e+02 2.466000e+02
1.285000e+02 2.322000e+02
1.295000e+02 2.274000e+02
1.320000e+02 2.184000e+02
1.345000e+02 2.088000e+02
1.370000e+02 1.998000e+02
1.395000e+02 1.908000e+02
1.420000e+02 1.818000e+02
1.440000e+02 1.746000e+02
1.465000e+02 1.668000e+02
1.490000e+02 1.596000e+02
1.510000e+02 1.524000e+02
1.535000e+02 1.434000e+02
1.545000e+02 1.404000e+02
1.565000e+02 1.344000e+02
1.580000e+02 1.296000e+02
1.595000e+02 1.248000e+02
1.610000e+02 1.200000e+02
1.625000e+02 1.164000e+02
1.635000e+02 1.128000e+02
1.640000e+02 1.092000e+02
1.650000e+02 1.074000e+02
1.650000e+02 1.062000e+02
1.650000e+02 1.056000e+02
1.655000e+02 1.050000e+02
1.655000e+02 1.050000e+02
1.655000e+02 1.044000e+02
1.655000e+02 1.044000e+02
1.655000e+02 1.044000e+02
1.655000e+02 1.044000e+02
1.660000e+02 1.044000e+02
1.660000e+02 1.044000e+02
1.660000e+02 1.050000e+02
1.660000e+02 1.050000e+02
1.660000e+02 1.056000e+02
1.665000e+02 1.062000e+02
1.665000e+02 1.074000e+02
1.665000e+02 1.074000e+02
