4.920000e+02 1.404000e+02
4.920000e+02 1.404000e+02
4.915000e+02 1.368000e+02
4.910000e+02 1.332000e+02
4.905000e+02 1.308000e+02
4.900000e+02 1.284000e+02
4.895000e+02 1.272000e+02
4.890000e+02 1.260000e+02
4.890000e+02 1.254000e+02
4.890000e+02 1.248000e+02
4.885000e+02 1.242000e+02
4.885000e+02 1.242000e+02
4.880000e+02 1.248000e+02
4.880000e+02 1.272000e+02
4.875000e+02 1.308000e+02
4.870000e+02 1.380000e+02
4.870000e+02 1.440000e+02
4.870000e+02 1.470000e+02
4.870000e+02 1.530000e+02
4.870000e+02 1.602000e+02
4.875000e+02 1.692000e+02
4.875000e+02 1.722000e+02
4.875000e+02 1.782000e+02
4.875000e+02 1.866000e+02
4.875000e+02 1.926000e+02
4.875000e+02 1.980000e+02
4.880000e+02 2.034000e+02
4.880000e+02 2.088000e+02
4.880000e+02 2.142000e+02
4.880000e+02 2.196000e+02
4.885000e+02 2.244000e+02
4.885000e+02 2.298000e+02
4.890000e+02 2.352000e+02
4.890000e+02 2.400000e+02
4.895000e+02 2.454000e+02
4.895000e+02 2.526000e+02
4.900000e+02 2.574000e+02
4.900000e+02 2.622000e+02
4.905000e+02 2.676000e+02
4.910000e+02 2.724000e+02
4.910000e+02 2.766000e+02
4.915000e+02 2.814000e+02
4.915000e+02 2.856000e+02
4.920000e+02 2.892000e+02
4.920000e+02 2.940000e+02
4.920000e+02 2.970000e+02
4.920000e+02 3.000000e+02
4.920000e+02 3.030000e+02
4.920000e+02 3.054000e+02
4.925000e+02 3.078000e+02
4.925000e+02 3.102000e+02
4.925000e+02 3.120000e+02
4.930000e+02 3.138000e+02
4.930000e+02 3.156000e+02
4.930000e+02 3.174000e+02
4.935000e+02 3.186000e+02
4.935000e+02 3.198000e+02
4.935000e+02 3.204000e+02
4.935000e+02 3.210000e+02
4.935000e+02 3.216000e+02
4.935000e+02 3.216000e+02
4.935000e+02 3.222000e+02
4.935000e+02 3.222000e+02
4.935000e+02 3.222000e+02
4.935000e+02 3.222000e+02
4.935000e+02 3.222000e+02
4.930000e+02 3.222000e+02
4.925000e+02 3.228000e+02
4.925000e+02 3.228000e+02
