4.255000e+02 2.640000e+02
4.255000e+02 2.640000e+02
4.255000e+02 2.634000e+02
4.250000e+02 2.634000e+02
4.250000e+02 2.628000e+02
4.245000e+02 2.622000e+02
4.240000e+02 2.622000e+02
4.235000e+02 2.616000e+02
4.225000e+02 2.616000e+02
4.210000e+02 2.610000e+02
4.185000e+02 2.604000e+02
4.160000e+02 2.604000e+02
4.125000e+02 2.598000e+02
4.090000e+02 2.598000e+02
4.050000e+02 2.598000e+02
3.990000e+02 2.598000e+02
3.945000e+02 2.598000e+02
3.900000e+02 2.604000e+02
3.875000e+02 2.604000e+02
3.830000e+02 2.610000e+02
3.790000e+02 2.610000e+02
3.745000e+02 2.616000e+02
3.705000e+02 2.616000e+02
3.660000e+02 2.622000e+02
3.600000e+02 2.622000e+02
3.580000e+02 2.628000e+02
3.545000e+02 2.628000e+02
3.515000e+02 2.628000e+02
3.480000e+02 2.634000e+02
3.450000e+02 2.634000e+02
3.420000e+02 2.634000e+02
3.380000e+02 2.640000e+02
3.365000e+02 2.640000e+02
3.325000e+02 2.640000e+02
3.315000e+02 2.640000e+02
3.295000e+02 2.646000e+02
3.275000e+02 2.646000e+02
3.250000e+02 2.646000e+02
3.230000e+02 2.640000e+02
3.210000e+02 2.640000e+02
3.190000e+02 2.640000e+02
3.165000e+02 2.640000e+02
3.145000e+02 2.640000e+02
3.120000e+02 2.634000e+02
3.095000e+02 2.634000e+02
3.060000e+02 2.634000e+02
3.050000e+02 2.634000e+02
3.040000e+02 2.634000e+02
3.015000e+02 2.634000e+02
2.980000e+02 2.640000e+02
2.960000e+02 2.640000e+02
2.945000e+02 2.640000e+02
2.930000e+02 2.640000e+02
2.915000e+02 2.646000e+02
2.905000e+02 2.646000e+02
2.895000e+02 2.646000e+02
2.885000e+02 2.646000e+02
2.880000e+02 2.646000e+02
2.875000e+02 2.646000e+02
2.875000e+02 2.646000e+02
2.870000e+02 2.646000e+02
2.865000e+02 2.646000e+02
2.865000e+02 2.646000e+02
2.865000e+02 2.646000e+02
2.865000e+02 2.640000e+02
2.865000e+02 2.640000e+02
