1.420000e+02 3.660000e+02
1.420000e+02 3.660000e+02
1.420000e+02 3.618000e+02
1.420000e+02 3.552000e+02
1.420000e+02 3.510000e+02
1.425000e+02 3.426000e+02
1.430000e+02 3.318000e+02
1.430000e+02 3.258000e+02
1.435000e+02 3.138000e+02
1.440000e+02 3.018000e+02
1.445000e+02 2.892000e+02
1.450000e+02 2.772000e+02
1.455000e+02 2.646000e+02
1.465000e+02 2.514000e+02
1.470000e+02 2.448000e+02
1.480000e+02 2.388000e+02
1.495000e+02 2.262000e+02
1.515000e+02 2.142000e+02
1.525000e+02 2.082000e+02
1.545000e+02 1.962000e+02
1.570000e+02 1.860000e+02
1.580000e+02 1.806000e+02
1.610000e+02 1.704000e+02
1.640000e+02 1.608000e+02
1.670000e+02 1.524000e+02
1.705000e+02 1.440000e+02
1.735000e+02 1.374000e+02
1.750000e+02 1.344000e+02
1.780000e+02 1.290000e+02
1.790000e+02 1.260000e+02
1.820000e+02 1.212000e+02
1.855000e+02 1.176000e+02
1.885000e+02 1.146000e+02
1.905000e+02 1.122000e+02
1.930000e+02 1.110000e+02
1.935000e+02 1.104000e+02
1.960000e+02 1.104000e+02
1.975000e+02 1.098000e+02
2.005000e+02 1.104000e+02
2.030000e+02 1.122000e+02
2.045000e+02 1.134000e+02
2.080000e+02 1.170000e+02
2.095000e+02 1.188000e+02
2.135000e+02 1.230000e+02
2.170000e+02 1.290000e+02
2.185000e+02 1.314000e+02
2.225000e+02 1.374000e+02
2.260000e+02 1.440000e+02
2.280000e+02 1.470000e+02
2.315000e+02 1.548000e+02
2.335000e+02 1.584000e+02
2.370000e+02 1.674000e+02
2.405000e+02 1.758000e+02
2.425000e+02 1.806000e+02
2.480000e+02 1.950000e+02
2.515000e+02 2.052000e+02
2.550000e+02 2.154000e+02
2.590000e+02 2.262000e+02
2.610000e+02 2.310000e+02
2.645000e+02 2.418000e+02
2.665000e+02 2.466000e+02
2.700000e+02 2.574000e+02
2.735000e+02 2.670000e+02
2.765000e+02 2.772000e+02
2.780000e+02 2.814000e+02
2.810000e+02 2.910000e+02
2.820000e+02 2.958000e+02
2.850000e+02 3.048000e+02
2.875000e+02 3.126000e+02
2.890000e+02 3.168000e+02
2.910000e+02 3.246000e+02
2.925000e+02 3.276000e+02
2.945000e+02 3.348000e+02
2.960000e+02 3.384000e+02
2.970000e+02 3.420000e+02
2.990000e+02 3.480000e+02
3.015000e+02 3.540000e+02
3.025000e+02 3.564000e+02
3.040000e+02 3.612000e+02
3.060000e+02 3.654000e+02
3.070000e+02 3.678000e+02
3.085000e+02 3.720000e+02
3.105000e+02 3.762000e+02
3.115000e+02 3.774000e+02
3.130000e+02 3.804000e+02
3.145000e+02 3.828000e+02
3.150000e+02 3.840000e+02
3.160000e+02 3.846000e+02
3.165000e+02 3.858000e+02
3.180000e+02 3.870000e+02
3.180000e+02 3.870000e+02
3.180000e+02 3.870000e+02
1.420000e+02 3.660000e+02
1.420000e+02 3.660000e+02
1.420000e+02 3.618000e+02
1.420000e+02 3.552000e+02
1.420000e+02 3.510000e+02
1.425000e+02 3.426000e+02
1.430000e+02 3.318000e+02
1.430000e+02 3.258000e+02
1.435000e+02 3.138000e+02
1.440000e+02 3.018000e+02
1.445000e+02 2.892000e+02
1.450000e+02 2.772000e+02
1.455000e+02 2.646000e+02
1.465000e+02 2.514000e+02
1.470000e+02 2.448000e+02
1.480000e+02 2.388000e+02
1.495000e+02 2.262000e+02
1.515000e+02 2.142000e+02
1.525000e+02 2.082000e+02
1.545000e+02 1.962000e+02
1.570000e+02 1.860000e+02
1.580000e+02 1.806000e+02
1.610000e+02 1.704000e+02
1.640000e+02 1.608000e+02
1.670000e+02 1.524000e+02
1.705000e+02 1.440000e+02
1.735000e+02 1.374000e+02
1.750000e+02 1.344000e+02
1.780000e+02 1.290000e+02
1.790000e+02 1.260000e+02
1.820000e+02 1.212000e+02
1.855000e+02 1.176000e+02
1.885000e+02 1.146000e+02
1.905000e+02 1.122000e+02
1.930000e+02 1.110000e+02
1.935000e+02 1.104000e+02
1.960000e+02 1.104000e+02
1.975000e+02 1.098000e+02
2.005000e+02 1.104000e+02
2.030000e+02 1.122000e+02
2.045000e+02 1.134000e+02
2.080000e+02 1.170000e+02
2.095000e+02 1.188000e+02
2.135000e+02 1.230000e+02
2.170000e+02 1.290000e+02
2.185000e+02 1.314000e+02
2.225000e+02 1.374000e+02
2.260000e+02 1.440000e+02
2.280000e+02 1.470000e+02
2.315000e+02 1.548000e+02
2.335000e+02 1.584000e+02
2.370000e+02 1.674000e+02
2.405000e+02 1.758000e+02
2.425000e+02 1.806000e+02
2.480000e+02 1.950000e+02
2.515000e+02 2.052000e+02
2.550000e+02 2.154000e+02
2.590000e+02 2.262000e+02
2.610000e+02 2.310000e+02
2.645000e+02 2.418000e+02
2.665000e+02 2.466000e+02
2.700000e+02 2.574000e+02
2.735000e+02 2.670000e+02
2.765000e+02 2.772000e+02
2.780000e+02 2.814000e+02
2.810000e+02 2.910000e+02
2.820000e+02 2.958000e+02
2.850000e+02 3.048000e+02
2.875000e+02 3.126000e+02
2.890000e+02 3.168000e+02
2.910000e+02 3.246000e+02
2.925000e+02 3.276000e+02
2.945000e+02 3.348000e+02
2.960000e+02 3.384000e+02
2.970000e+02 3.420000e+02
2.990000e+02 3.480000e+02
3.015000e+02 3.540000e+02
3.025000e+02 3.564000e+02
3.040000e+02 3.612000e+02
3.060000e+02 3.654000e+02
3.070000e+02 3.678000e+02
3.085000e+02 3.720000e+02
3.105000e+02 3.762000e+02
3.115000e+02 3.774000e+02
3.130000e+02 3.804000e+02
3.145000e+02 3.828000e+02
3.150000e+02 3.840000e+02
3.160000e+02 3.846000e+02
3.165000e+02 3.858000e+02
3.180000e+02 3.870000e+02
3.180000e+02 3.870000e+02
3.180000e+02 3.870000e+02
