4.810000e+02 1.542000e+02
4.810000e+02 1.542000e+02
4.810000e+02 1.542000e+02
4.810000e+02 1.536000e+02
4.805000e+02 1.536000e+02
4.805000e+02 1.536000e+02
4.805000e+02 1.536000e+02
4.800000e+02 1.548000e+02
4.795000e+02 1.572000e+02
4.790000e+02 1.608000e+02
4.785000e+02 1.656000e+02
4.785000e+02 1.716000e+02
4.785000e+02 1.788000e+02
4.785000e+02 1.866000e+02
4.785000e+02 1.938000e+02
4.785000e+02 2.004000e+02
4.785000e+02 2.118000e+02
4.785000e+02 2.190000e+02
4.780000e+02 2.262000e+02
4.775000e+02 2.328000e+02
4.775000e+02 2.394000e+02
4.765000e+02 2.454000e+02
4.765000e+02 2.514000e+02
4.760000e+02 2.568000e+02
4.755000e+02 2.628000e+02
4.745000e+02 2.688000e+02
4.740000e+02 2.760000e+02
4.735000e+02 2.844000e+02
4.730000e+02 2.904000e+02
4.730000e+02 2.958000e+02
4.725000e+02 3.012000e+02
4.720000e+02 3.066000e+02
4.715000e+02 3.120000e+02
4.710000e+02 3.174000e+02
4.710000e+02 3.222000e+02
4.710000e+02 3.276000e+02
4.705000e+02 3.318000e+02
4.705000e+02 3.360000e+02
4.705000e+02 3.426000e+02
4.705000e+02 3.462000e+02
4.705000e+02 3.474000e+02
4.705000e+02 3.510000e+02
4.705000e+02 3.558000e+02
4.710000e+02 3.588000e+02
4.710000e+02 3.612000e+02
4.710000e+02 3.642000e+02
4.710000e+02 3.666000e+02
4.710000e+02 3.684000e+02
4.710000e+02 3.708000e+02
4.710000e+02 3.726000e+02
4.710000e+02 3.750000e+02
4.710000e+02 3.762000e+02
4.710000e+02 3.768000e+02
4.710000e+02 3.774000e+02
4.715000e+02 3.780000e+02
4.715000e+02 3.780000e+02
4.715000e+02 3.786000e+02
4.715000e+02 3.786000e+02
4.715000e+02 3.780000e+02
4.715000e+02 3.780000e+02
4.715000e+02 3.780000e+02
