3.220000e+02 3.660000e+02
3.220000e+02 3.660000e+02
3.205000e+02 3.600000e+02
3.190000e+02 3.522000e+02
3.180000e+02 3.426000e+02
3.170000e+02 3.318000e+02
3.170000e+02 3.198000e+02
3.170000e+02 3.072000e+02
3.175000e+02 2.940000e+02
3.175000e+02 2.718000e+02
3.175000e+02 2.574000e+02
3.180000e+02 2.424000e+02
3.180000e+02 2.268000e+02
3.180000e+02 2.112000e+02
3.180000e+02 1.944000e+02
3.185000e+02 1.794000e+02
3.185000e+02 1.650000e+02
3.190000e+02 1.506000e+02
3.195000e+02 1.368000e+02
3.200000e+02 1.224000e+02
3.205000e+02 1.098000e+02
3.210000e+02 9.840000e+01
3.225000e+02 8.280000e+01
3.225000e+02 7.800000e+01
3.240000e+02 6.480000e+01
3.250000e+02 5.760000e+01
3.260000e+02 5.220000e+01
3.265000e+02 4.800000e+01
3.270000e+02 4.500000e+01
3.280000e+02 4.260000e+01
3.285000e+02 4.140000e+01
3.290000e+02 4.020000e+01
3.300000e+02 4.020000e+01
3.320000e+02 4.020000e+01
3.350000e+02 4.140000e+01
3.390000e+02 4.440000e+01
3.440000e+02 4.800000e+01
3.485000e+02 5.340000e+01
3.540000e+02 6.060000e+01
3.590000e+02 6.780000e+01
3.680000e+02 8.100000e+01
3.775000e+02 9.480000e+01
3.885000e+02 1.110000e+02
3.960000e+02 1.218000e+02
4.030000e+02 1.326000e+02
4.105000e+02 1.446000e+02
4.185000e+02 1.566000e+02
4.255000e+02 1.686000e+02
4.325000e+02 1.800000e+02
4.390000e+02 1.920000e+02
4.460000e+02 2.046000e+02
4.520000e+02 2.160000e+02
4.585000e+02 2.280000e+02
4.635000e+02 2.382000e+02
4.690000e+02 2.490000e+02
4.735000e+02 2.580000e+02
4.780000e+02 2.676000e+02
4.830000e+02 2.772000e+02
4.880000e+02 2.880000e+02
4.910000e+02 2.946000e+02
4.935000e+02 3.006000e+02
4.955000e+02 3.054000e+02
4.970000e+02 3.090000e+02
4.980000e+02 3.120000e+02
4.985000e+02 3.144000e+02
4.985000e+02 3.162000e+02
4.980000e+02 3.174000e+02
4.970000e+02 3.192000e+02
4.945000e+02 3.204000e+02
4.900000e+02 3.216000e+02
4.830000e+02 3.222000e+02
4.730000e+02 3.222000e+02
4.630000e+02 3.204000e+02
4.525000e+02 3.192000e+02
4.415000e+02 3.168000e+02
4.305000e+02 3.144000e+02
4.115000e+02 3.096000e+02
4.060000e+02 3.084000e+02
3.940000e+02 3.048000e+02
3.745000e+02 2.988000e+02
3.615000e+02 2.952000e+02
3.475000e+02 2.910000e+02
3.415000e+02 2.886000e+02
3.215000e+02 2.826000e+02
3.090000e+02 2.784000e+02
2.965000e+02 2.748000e+02
2.825000e+02 2.706000e+02
2.710000e+02 2.676000e+02
2.595000e+02 2.646000e+02
2.485000e+02 2.616000e+02
2.380000e+02 2.598000e+02
2.275000e+02 2.574000e+02
2.190000e+02 2.556000e+02
2.105000e+02 2.544000e+02
2.035000e+02 2.526000e+02
1.970000e+02 2.520000e+02
1.915000e+02 2.508000e+02
1.850000e+02 2.490000e+02
1.825000e+02 2.484000e+02
1.810000e+02 2.478000e+02
1.795000e+02 2.466000e+02
1.790000e+02 2.460000e+02
1.785000e+02 2.454000e+02
1.785000e+02 2.442000e+02
1.790000e+02 2.424000e+02
1.830000e+02 2.382000e+02
1.875000e+02 2.340000e+02
1.935000e+02 2.292000e+02
2.005000e+02 2.238000e+02
2.090000e+02 2.190000e+02
2.190000e+02 2.130000e+02
2.290000e+02 2.070000e+02
2.400000e+02 2.004000e+02
2.505000e+02 1.944000e+02
2.620000e+02 1.878000e+02
2.755000e+02 1.794000e+02
2.870000e+02 1.728000e+02
2.990000e+02 1.650000e+02
3.110000e+02 1.578000e+02
3.225000e+02 1.512000e+02
3.355000e+02 1.440000e+02
3.470000e+02 1.374000e+02
3.645000e+02 1.272000e+02
3.760000e+02 1.212000e+02
3.815000e+02 1.176000e+02
3.935000e+02 1.116000e+02
4.040000e+02 1.062000e+02
4.185000e+02 9.840000e+01
4.225000e+02 9.600000e+01
4.310000e+02 9.240000e+01
4.395000e+02 8.760000e+01
4.510000e+02 8.160000e+01
4.575000e+02 7.860000e+01
4.635000e+02 7.620000e+01
4.685000e+02 7.380000e+01
4.720000e+02 7.200000e+01
4.750000e+02 7.080000e+01
4.770000e+02 7.020000e+01
4.780000e+02 6.960000e+01
4.790000e+02 6.960000e+01
4.790000e+02 6.960000e+01
4.795000e+02 6.960000e+01
4.795000e+02 6.960000e+01
4.795000e+02 7.080000e+01
4.790000e+02 7.260000e+01
4.775000e+02 7.680000e+01
4.755000e+02 8.280000e+01
4.720000e+02 8.940000e+01
4.680000e+02 9.780000e+01
4.635000e+02 1.062000e+02
4.555000e+02 1.200000e+02
4.475000e+02 1.356000e+02
4.385000e+02 1.518000e+02
4.310000e+02 1.644000e+02
4.250000e+02 1.752000e+02
4.215000e+02 1.812000e+02
4.115000e+02 1.986000e+02
4.050000e+02 2.106000e+02
3.980000e+02 2.238000e+02
3.915000e+02 2.352000e+02
3.850000e+02 2.466000e+02
3.785000e+02 2.580000e+02
3.720000e+02 2.694000e+02
3.655000e+02 2.820000e+02
3.595000e+02 2.910000e+02
3.540000e+02 3.012000e+02
3.490000e+02 3.108000e+02
3.435000e+02 3.192000e+02
3.385000e+02 3.282000e+02
3.335000e+02 3.360000e+02
3.290000e+02 3.432000e+02
3.255000e+02 3.498000e+02
3.215000e+02 3.552000e+02
3.190000e+02 3.600000e+02
3.155000e+02 3.648000e+02
3.140000e+02 3.678000e+02
3.130000e+02 3.696000e+02
3.125000e+02 3.708000e+02
3.115000e+02 3.720000e+02
3.115000e+02 3.726000e+02
3.110000e+02 3.726000e+02
3.110000e+02 3.732000e+02
3.110000e+02 3.732000e+02
3.105000e+02 3.738000e+02
3.105000e+02 3.738000e+02
3.105000e+02 3.738000e+02
3.105000e+02 3.738000e+02
3.105000e+02 3.738000e+02
3.105000e+02 3.738000e+02
3.100000e+02 3.738000e+02
3.100000e+02 3.738000e+02
