1.535000e+02 1.638000e+02
1.535000e+02 1.638000e+02
1.535000e+02 1.638000e+02
1.535000e+02 1.638000e+02
1.535000e+02 1.638000e+02
1.535000e+02 1.638000e+02
1.535000e+02 1.644000e+02
1.535000e+02 1.644000e+02
1.540000e+02 1.656000e+02
1.565000e+02 1.698000e+02
1.585000e+02 1.740000e+02
1.605000e+02 1.788000e+02
1.635000e+02 1.842000e+02
1.660000e+02 1.914000e+02
1.690000e+02 1.986000e+02
1.725000e+02 2.064000e+02
1.755000e+02 2.142000e+02
1.795000e+02 2.226000e+02
1.835000e+02 2.310000e+02
1.875000e+02 2.400000e+02
1.915000e+02 2.484000e+02
1.975000e+02 2.610000e+02
2.010000e+02 2.700000e+02
2.050000e+02 2.784000e+02
2.105000e+02 2.904000e+02
2.150000e+02 3.018000e+02
2.185000e+02 3.090000e+02
2.220000e+02 3.162000e+02
2.245000e+02 3.222000e+02
2.270000e+02 3.276000e+02
2.295000e+02 3.324000e+02
2.320000e+02 3.366000e+02
2.350000e+02 3.420000e+02
2.360000e+02 3.444000e+02
2.370000e+02 3.462000e+02
2.380000e+02 3.480000e+02
2.385000e+02 3.486000e+02
2.390000e+02 3.498000e+02
2.395000e+02 3.504000e+02
2.395000e+02 3.510000e+02
2.400000e+02 3.510000e+02
2.400000e+02 3.516000e+02
2.400000e+02 3.516000e+02
2.400000e+02 3.516000e+02
2.405000e+02 3.522000e+02
2.405000e+02 3.522000e+02
2.405000e+02 3.522000e+02
2.405000e+02 3.522000e+02
2.405000e+02 3.522000e+02
2.410000e+02 3.522000e+02
2.410000e+02 3.516000e+02
2.415000e+02 3.516000e+02
2.425000e+02 3.510000e+02
2.440000e+02 3.498000e+02
2.460000e+02 3.480000e+02
2.505000e+02 3.432000e+02
2.555000e+02 3.378000e+02
2.605000e+02 3.318000e+02
2.660000e+02 3.246000e+02
2.720000e+02 3.168000e+02
2.785000e+02 3.078000e+02
2.865000e+02 2.988000e+02
2.975000e+02 2.850000e+02
3.100000e+02 2.712000e+02
3.175000e+02 2.628000e+02
3.310000e+02 2.484000e+02
3.400000e+02 2.388000e+02
3.485000e+02 2.298000e+02
3.570000e+02 2.208000e+02
3.660000e+02 2.106000e+02
3.740000e+02 2.022000e+02
3.825000e+02 1.938000e+02
3.905000e+02 1.866000e+02
3.985000e+02 1.788000e+02
4.075000e+02 1.710000e+02
4.160000e+02 1.638000e+02
4.240000e+02 1.572000e+02
4.315000e+02 1.506000e+02
4.385000e+02 1.452000e+02
4.460000e+02 1.398000e+02
4.560000e+02 1.326000e+02
4.660000e+02 1.254000e+02
4.700000e+02 1.230000e+02
4.735000e+02 1.212000e+02
4.760000e+02 1.194000e+02
4.780000e+02 1.182000e+02
4.795000e+02 1.170000e+02
4.805000e+02 1.164000e+02
4.815000e+02 1.158000e+02
4.820000e+02 1.152000e+02
4.825000e+02 1.152000e+02
4.825000e+02 1.152000e+02
4.830000e+02 1.152000e+02
4.830000e+02 1.152000e+02
4.830000e+02 1.158000e+02
4.830000e+02 1.158000e+02
4.830000e+02 1.158000e+02
