3.775000e+02 7.920000e+01
3.775000e+02 7.920000e+01
3.775000e+02 7.920000e+01
3.770000e+02 7.920000e+01
3.770000e+02 7.920000e+01
3.770000e+02 7.980000e+01
3.770000e+02 8.100000e+01
3.765000e+02 8.340000e+01
3.760000e+02 8.820000e+01
3.760000e+02 9.300000e+01
3.750000e+02 9.900000e+01
3.740000e+02 1.080000e+02
3.735000e+02 1.140000e+02
3.730000e+02 1.218000e+02
3.725000e+02 1.290000e+02
3.720000e+02 1.368000e+02
3.715000e+02 1.452000e+02
3.710000e+02 1.530000e+02
3.705000e+02 1.620000e+02
3.700000e+02 1.710000e+02
3.695000e+02 1.836000e+02
3.695000e+02 1.926000e+02
3.690000e+02 2.034000e+02
3.690000e+02 2.130000e+02
3.690000e+02 2.232000e+02
3.685000e+02 2.340000e+02
3.680000e+02 2.424000e+02
3.675000e+02 2.520000e+02
3.675000e+02 2.592000e+02
3.670000e+02 2.670000e+02
3.665000e+02 2.736000e+02
3.665000e+02 2.808000e+02
3.665000e+02 2.880000e+02
3.665000e+02 2.952000e+02
3.665000e+02 3.018000e+02
3.670000e+02 3.072000e+02
3.675000e+02 3.120000e+02
3.675000e+02 3.156000e+02
3.675000e+02 3.180000e+02
3.680000e+02 3.210000e+02
3.680000e+02 3.222000e+02
3.685000e+02 3.234000e+02
3.685000e+02 3.240000e+02
3.685000e+02 3.246000e+02
3.685000e+02 3.252000e+02
3.685000e+02 3.258000e+02
3.690000e+02 3.258000e+02
3.690000e+02 3.264000e+02
3.690000e+02 3.264000e+02
3.690000e+02 3.270000e+02
3.690000e+02 3.270000e+02
3.690000e+02 3.270000e+02
