1.280000e+02 2.574000e+02
1.280000e+02 2.574000e+02
1.285000e+02 2.568000e+02
1.295000e+02 2.568000e+02
1.310000e+02 2.562000e+02
1.330000e+02 2.562000e+02
1.355000e+02 2.562000e+02
1.385000e+02 2.562000e+02
1.420000e+02 2.562000e+02
1.460000e+02 2.562000e+02
1.495000e+02 2.568000e+02
1.540000e+02 2.568000e+02
1.590000e+02 2.568000e+02
1.635000e+02 2.568000e+02
1.690000e+02 2.568000e+02
1.740000e+02 2.568000e+02
1.795000e+02 2.568000e+02
1.850000e+02 2.562000e+02
1.910000e+02 2.556000e+02
1.965000e+02 2.556000e+02
2.025000e+02 2.550000e+02
2.080000e+02 2.544000e+02
2.145000e+02 2.538000e+02
2.230000e+02 2.532000e+02
2.290000e+02 2.526000e+02
2.375000e+02 2.520000e+02
2.440000e+02 2.520000e+02
2.495000e+02 2.514000e+02
2.555000e+02 2.514000e+02
2.610000e+02 2.508000e+02
2.670000e+02 2.508000e+02
2.730000e+02 2.502000e+02
2.790000e+02 2.502000e+02
2.880000e+02 2.496000e+02
2.910000e+02 2.490000e+02
2.995000e+02 2.490000e+02
3.090000e+02 2.484000e+02
3.150000e+02 2.484000e+02
3.210000e+02 2.484000e+02
3.275000e+02 2.478000e+02
3.340000e+02 2.478000e+02
3.410000e+02 2.484000e+02
3.465000e+02 2.484000e+02
3.525000e+02 2.490000e+02
3.575000e+02 2.490000e+02
3.635000e+02 2.490000e+02
3.685000e+02 2.496000e+02
3.775000e+02 2.496000e+02
3.800000e+02 2.496000e+02
3.885000e+02 2.502000e+02
3.915000e+02 2.502000e+02
3.985000e+02 2.502000e+02
4.060000e+02 2.502000e+02
4.110000e+02 2.508000e+02
4.165000e+02 2.508000e+02
4.210000e+02 2.508000e+02
4.260000e+02 2.508000e+02
4.330000e+02 2.508000e+02
4.355000e+02 2.508000e+02
4.405000e+02 2.508000e+02
4.450000e+02 2.508000e+02
4.500000e+02 2.508000e+02
4.545000e+02 2.508000e+02
4.585000e+02 2.502000e+02
4.660000e+02 2.502000e+02
4.680000e+02 2.502000e+02
4.715000e+02 2.502000e+02
4.755000e+02 2.502000e+02
4.800000e+02 2.502000e+02
4.840000e+02 2.496000e+02
4.880000e+02 2.496000e+02
4.920000e+02 2.496000e+02
4.960000e+02 2.496000e+02
4.995000e+02 2.496000e+02
5.035000e+02 2.496000e+02
5.055000e+02 2.496000e+02
5.085000e+02 2.496000e+02
5.115000e+02 2.496000e+02
5.170000e+02 2.496000e+02
5.210000e+02 2.496000e+02
5.260000e+02 2.496000e+02
5.295000e+02 2.496000e+02
5.320000e+02 2.496000e+02
5.350000e+02 2.496000e+02
5.365000e+02 2.502000e+02
5.375000e+02 2.502000e+02
5.385000e+02 2.502000e+02
5.390000e+02 2.502000e+02
5.395000e+02 2.502000e+02
5.400000e+02 2.502000e+02
5.405000e+02 2.502000e+02
5.410000e+02 2.502000e+02
5.415000e+02 2.502000e+02
5.430000e+02 2.502000e+02
5.440000e+02 2.502000e+02
5.440000e+02 2.502000e+02
