2.500000e+02 3.540000e+02
2.500000e+02 3.540000e+02
2.500000e+02 3.534000e+02
2.500000e+02 3.528000e+02
2.505000e+02 3.504000e+02
2.505000e+02 3.474000e+02
2.510000e+02 3.414000e+02
2.515000e+02 3.372000e+02
2.520000e+02 3.348000e+02
2.525000e+02 3.306000e+02
2.530000e+02 3.252000e+02
2.535000e+02 3.192000e+02
2.535000e+02 3.126000e+02
2.540000e+02 3.012000e+02
2.545000e+02 2.970000e+02
2.545000e+02 2.874000e+02
2.550000e+02 2.790000e+02
2.555000e+02 2.694000e+02
2.560000e+02 2.598000e+02
2.560000e+02 2.502000e+02
2.565000e+02 2.406000e+02
2.570000e+02 2.310000e+02
2.580000e+02 2.220000e+02
2.585000e+02 2.136000e+02
2.590000e+02 2.046000e+02
2.595000e+02 1.956000e+02
2.595000e+02 1.830000e+02
2.600000e+02 1.758000e+02
2.600000e+02 1.680000e+02
2.600000e+02 1.614000e+02
2.600000e+02 1.554000e+02
2.605000e+02 1.506000e+02
2.605000e+02 1.458000e+02
2.605000e+02 1.422000e+02
2.605000e+02 1.392000e+02
2.600000e+02 1.362000e+02
2.600000e+02 1.338000e+02
2.595000e+02 1.314000e+02
2.595000e+02 1.296000e+02
2.595000e+02 1.284000e+02
2.595000e+02 1.278000e+02
2.595000e+02 1.272000e+02
2.595000e+02 1.266000e+02
2.595000e+02 1.266000e+02
2.600000e+02 1.266000e+02
2.600000e+02 1.266000e+02
