5.530000e+02 3.636000e+02
5.530000e+02 3.636000e+02
5.530000e+02 3.630000e+02
5.530000e+02 3.612000e+02
5.530000e+02 3.588000e+02
5.540000e+02 3.540000e+02
5.540000e+02 3.522000e+02
5.545000e+02 3.474000e+02
5.555000e+02 3.420000e+02
5.560000e+02 3.360000e+02
5.565000e+02 3.288000e+02
5.570000e+02 3.210000e+02
5.570000e+02 3.168000e+02
5.565000e+02 3.072000e+02
5.565000e+02 2.982000e+02
5.560000e+02 2.886000e+02
5.555000e+02 2.784000e+02
5.555000e+02 2.688000e+02
5.545000e+02 2.532000e+02
5.540000e+02 2.436000e+02
5.540000e+02 2.340000e+02
5.535000e+02 2.292000e+02
5.530000e+02 2.148000e+02
5.525000e+02 2.100000e+02
5.520000e+02 2.016000e+02
5.515000e+02 1.932000e+02
5.510000e+02 1.848000e+02
5.505000e+02 1.770000e+02
5.500000e+02 1.680000e+02
5.495000e+02 1.608000e+02
5.490000e+02 1.542000e+02
5.485000e+02 1.476000e+02
5.485000e+02 1.410000e+02
5.485000e+02 1.344000e+02
5.480000e+02 1.284000e+02
5.480000e+02 1.200000e+02
5.480000e+02 1.158000e+02
5.480000e+02 1.122000e+02
5.480000e+02 1.086000e+02
5.480000e+02 1.056000e+02
5.480000e+02 1.032000e+02
5.480000e+02 1.020000e+02
5.480000e+02 1.008000e+02
5.480000e+02 1.002000e+02
5.480000e+02 9.960000e+01
5.480000e+02 9.900000e+01
5.480000e+02 9.900000e+01
5.480000e+02 9.960000e+01
5.480000e+02 1.002000e+02
5.475000e+02 1.020000e+02
5.475000e+02 1.020000e+02
