3.920000e+02 8.520000e+01
3.920000e+02 8.400000e+01
3.920000e+02 8.400000e+01
3.920000e+02 8.400000e+01
3.920000e+02 8.460000e+01
3.925000e+02 8.520000e+01
3.935000e+02 8.640000e+01
3.940000e+02 8.760000e+01
3.950000e+02 8.940000e+01
3.970000e+02 9.180000e+01
3.985000e+02 9.300000e+01
4.010000e+02 9.720000e+01
4.035000e+02 1.020000e+02
4.065000e+02 1.074000e+02
4.085000e+02 1.110000e+02
4.120000e+02 1.176000e+02
4.160000e+02 1.254000e+02
4.180000e+02 1.290000e+02
4.245000e+02 1.422000e+02
4.295000e+02 1.518000e+02
4.315000e+02 1.560000e+02
4.360000e+02 1.650000e+02
4.385000e+02 1.692000e+02
4.430000e+02 1.782000e+02
4.470000e+02 1.872000e+02
4.490000e+02 1.914000e+02
4.530000e+02 2.010000e+02
4.570000e+02 2.112000e+02
4.610000e+02 2.226000e+02
4.635000e+02 2.274000e+02
4.670000e+02 2.376000e+02
4.730000e+02 2.520000e+02
4.750000e+02 2.568000e+02
4.785000e+02 2.652000e+02
4.825000e+02 2.742000e+02
4.845000e+02 2.778000e+02
4.885000e+02 2.868000e+02
4.920000e+02 2.946000e+02
4.960000e+02 3.030000e+02
5.000000e+02 3.114000e+02
5.020000e+02 3.156000e+02
5.050000e+02 3.240000e+02
5.085000e+02 3.318000e+02
5.100000e+02 3.354000e+02
5.135000e+02 3.426000e+02
5.150000e+02 3.468000e+02
5.165000e+02 3.504000e+02
5.200000e+02 3.576000e+02
5.215000e+02 3.618000e+02
5.245000e+02 3.690000e+02
5.275000e+02 3.762000e+02
5.300000e+02 3.828000e+02
5.320000e+02 3.882000e+02
5.340000e+02 3.924000e+02
5.355000e+02 3.954000e+02
5.365000e+02 3.978000e+02
5.380000e+02 4.002000e+02
5.380000e+02 4.008000e+02
5.385000e+02 4.020000e+02
5.390000e+02 4.020000e+02
5.390000e+02 4.020000e+02
5.390000e+02 4.026000e+02
5.390000e+02 4.026000e+02
5.380000e+02 4.026000e+02
5.375000e+02 4.026000e+02
5.360000e+02 4.026000e+02
5.345000e+02 4.026000e+02
5.325000e+02 4.026000e+02
5.300000e+02 4.026000e+02
5.275000e+02 4.020000e+02
5.245000e+02 4.020000e+02
5.210000e+02 4.020000e+02
5.170000e+02 4.020000e+02
5.150000e+02 4.014000e+02
5.110000e+02 4.014000e+02
5.065000e+02 4.014000e+02
5.020000e+02 4.020000e+02
4.975000e+02 4.020000e+02
4.925000e+02 4.026000e+02
4.900000e+02 4.026000e+02
4.850000e+02 4.032000e+02
4.825000e+02 4.038000e+02
4.770000e+02 4.050000e+02
4.710000e+02 4.062000e+02
4.655000e+02 4.068000e+02
4.620000e+02 4.074000e+02
4.590000e+02 4.074000e+02
4.490000e+02 4.086000e+02
4.425000e+02 4.092000e+02
4.360000e+02 4.092000e+02
4.330000e+02 4.098000e+02
4.300000e+02 4.098000e+02
4.235000e+02 4.092000e+02
4.170000e+02 4.086000e+02
4.140000e+02 4.086000e+02
4.080000e+02 4.080000e+02
4.025000e+02 4.080000e+02
4.000000e+02 4.074000e+02
3.940000e+02 4.074000e+02
3.890000e+02 4.068000e+02
3.865000e+02 4.062000e+02
3.815000e+02 4.056000e+02
3.775000e+02 4.050000e+02
3.755000e+02 4.050000e+02
3.725000e+02 4.050000e+02
3.700000e+02 4.044000e+02
3.690000e+02 4.038000e+02
3.670000e+02 4.038000e+02
3.655000e+02 4.026000e+02
3.645000e+02 4.026000e+02
3.635000e+02 4.014000e+02
3.625000e+02 4.002000e+02
3.625000e+02 3.996000e+02
3.620000e+02 3.984000e+02
3.620000e+02 3.972000e+02
3.625000e+02 3.960000e+02
3.630000e+02 3.936000e+02
3.635000e+02 3.918000e+02
3.645000e+02 3.894000e+02
3.660000e+02 3.864000e+02
3.675000e+02 3.834000e+02
3.685000e+02 3.810000e+02
3.705000e+02 3.768000e+02
3.730000e+02 3.732000e+02
3.740000e+02 3.708000e+02
3.770000e+02 3.666000e+02
3.795000e+02 3.624000e+02
3.825000e+02 3.582000e+02
3.845000e+02 3.558000e+02
3.875000e+02 3.516000e+02
3.910000e+02 3.468000e+02
3.925000e+02 3.444000e+02
3.960000e+02 3.396000e+02
3.995000e+02 3.342000e+02
4.015000e+02 3.318000e+02
4.050000e+02 3.270000e+02
4.065000e+02 3.246000e+02
4.105000e+02 3.192000e+02
4.145000e+02 3.138000e+02
4.165000e+02 3.108000e+02
4.215000e+02 3.048000e+02
4.260000e+02 2.982000e+02
4.310000e+02 2.910000e+02
4.340000e+02 2.874000e+02
4.395000e+02 2.790000e+02
4.450000e+02 2.718000e+02
4.510000e+02 2.634000e+02
4.565000e+02 2.562000e+02
4.590000e+02 2.520000e+02
4.650000e+02 2.436000e+02
4.715000e+02 2.352000e+02
4.745000e+02 2.310000e+02
4.805000e+02 2.226000e+02
4.865000e+02 2.148000e+02
4.895000e+02 2.112000e+02
4.960000e+02 2.028000e+02
4.985000e+02 1.986000e+02
5.045000e+02 1.920000e+02
5.100000e+02 1.842000e+02
5.125000e+02 1.812000e+02
5.180000e+02 1.746000e+02
5.230000e+02 1.680000e+02
5.255000e+02 1.650000e+02
5.295000e+02 1.596000e+02
5.315000e+02 1.566000e+02
5.355000e+02 1.512000e+02
5.390000e+02 1.458000e+02
5.410000e+02 1.428000e+02
5.445000e+02 1.374000e+02
5.480000e+02 1.326000e+02
5.505000e+02 1.290000e+02
5.520000e+02 1.266000e+02
5.530000e+02 1.254000e+02
5.540000e+02 1.236000e+02
5.550000e+02 1.224000e+02
5.555000e+02 1.218000e+02
5.560000e+02 1.212000e+02
5.565000e+02 1.200000e+02
5.570000e+02 1.194000e+02
5.570000e+02 1.182000e+02
5.565000e+02 1.158000e+02
5.565000e+02 1.146000e+02
5.560000e+02 1.122000e+02
5.555000e+02 1.104000e+02
5.555000e+02 1.104000e+02
