3.065000e+02 2.286000e+02
3.065000e+02 2.286000e+02
3.060000e+02 2.280000e+02
3.060000e+02 2.280000e+02
3.055000e+02 2.280000e+02
3.045000e+02 2.274000e+02
3.040000e+02 2.274000e+02
3.035000e+02 2.274000e+02
3.020000e+02 2.268000e+02
3.005000e+02 2.268000e+02
2.990000e+02 2.262000e+02
2.970000e+02 2.262000e+02
2.945000e+02 2.256000e+02
2.915000e+02 2.256000e+02
2.885000e+02 2.250000e+02
2.865000e+02 2.250000e+02
2.830000e+02 2.250000e+02
2.790000e+02 2.250000e+02
2.745000e+02 2.244000e+02
2.700000e+02 2.244000e+02
2.655000e+02 2.244000e+02
2.605000e+02 2.250000e+02
2.525000e+02 2.250000e+02
2.450000e+02 2.244000e+02
2.370000e+02 2.244000e+02
2.325000e+02 2.238000e+02
2.275000e+02 2.238000e+02
2.210000e+02 2.232000e+02
2.165000e+02 2.226000e+02
2.120000e+02 2.220000e+02
2.085000e+02 2.220000e+02
2.045000e+02 2.214000e+02
2.010000e+02 2.208000e+02
1.975000e+02 2.208000e+02
1.930000e+02 2.202000e+02
1.915000e+02 2.202000e+02
1.880000e+02 2.202000e+02
1.845000e+02 2.202000e+02
1.815000e+02 2.202000e+02
1.785000e+02 2.202000e+02
1.755000e+02 2.208000e+02
1.740000e+02 2.208000e+02
1.710000e+02 2.208000e+02
1.685000e+02 2.214000e+02
1.660000e+02 2.214000e+02
1.635000e+02 2.220000e+02
1.600000e+02 2.226000e+02
1.585000e+02 2.226000e+02
1.565000e+02 2.226000e+02
1.550000e+02 2.226000e+02
1.540000e+02 2.232000e+02
1.525000e+02 2.232000e+02
1.515000e+02 2.232000e+02
1.505000e+02 2.232000e+02
1.495000e+02 2.232000e+02
1.490000e+02 2.232000e+02
1.475000e+02 2.238000e+02
1.470000e+02 2.238000e+02
1.460000e+02 2.238000e+02
1.460000e+02 2.238000e+02
1.450000e+02 2.238000e+02
1.440000e+02 2.244000e+02
1.435000e+02 2.244000e+02
1.430000e+02 2.244000e+02
1.425000e+02 2.244000e+02
1.420000e+02 2.250000e+02
1.415000e+02 2.250000e+02
1.415000e+02 2.256000e+02
1.415000e+02 2.256000e+02
