2.580000e+02 9.660000e+01
2.580000e+02 9.660000e+01
2.580000e+02 9.660000e+01
2.580000e+02 9.720000e+01
2.585000e+02 9.780000e+01
2.585000e+02 9.900000e+01
2.600000e+02 1.014000e+02
2.615000e+02 1.044000e+02
2.625000e+02 1.062000e+02
2.645000e+02 1.098000e+02
2.670000e+02 1.140000e+02
2.685000e+02 1.164000e+02
2.720000e+02 1.218000e+02
2.740000e+02 1.254000e+02
2.780000e+02 1.314000e+02
2.825000e+02 1.392000e+02
2.865000e+02 1.464000e+02
2.910000e+02 1.542000e+02
2.935000e+02 1.578000e+02
2.985000e+02 1.656000e+02
3.010000e+02 1.692000e+02
3.055000e+02 1.764000e+02
3.100000e+02 1.836000e+02
3.145000e+02 1.902000e+02
3.165000e+02 1.938000e+02
3.210000e+02 2.016000e+02
3.255000e+02 2.088000e+02
3.275000e+02 2.124000e+02
3.320000e+02 2.202000e+02
3.365000e+02 2.274000e+02
3.380000e+02 2.310000e+02
3.425000e+02 2.376000e+02
3.465000e+02 2.454000e+02
3.485000e+02 2.484000e+02
3.525000e+02 2.562000e+02
3.545000e+02 2.598000e+02
3.585000e+02 2.676000e+02
3.625000e+02 2.766000e+02
3.645000e+02 2.802000e+02
3.665000e+02 2.844000e+02
3.705000e+02 2.928000e+02
3.740000e+02 3.012000e+02
3.760000e+02 3.054000e+02
3.795000e+02 3.132000e+02
3.830000e+02 3.216000e+02
3.845000e+02 3.252000e+02
3.875000e+02 3.324000e+02
3.895000e+02 3.390000e+02
3.910000e+02 3.420000e+02
3.930000e+02 3.480000e+02
3.945000e+02 3.528000e+02
3.955000e+02 3.552000e+02
3.970000e+02 3.594000e+02
3.980000e+02 3.630000e+02
3.985000e+02 3.642000e+02
3.995000e+02 3.666000e+02
4.000000e+02 3.678000e+02
4.005000e+02 3.696000e+02
4.010000e+02 3.708000e+02
4.010000e+02 3.714000e+02
4.010000e+02 3.720000e+02
4.010000e+02 3.720000e+02
4.010000e+02 3.726000e+02
4.005000e+02 3.732000e+02
3.995000e+02 3.738000e+02
3.980000e+02 3.744000e+02
3.960000e+02 3.750000e+02
3.945000e+02 3.756000e+02
3.915000e+02 3.762000e+02
3.880000e+02 3.768000e+02
3.860000e+02 3.768000e+02
3.820000e+02 3.774000e+02
3.800000e+02 3.774000e+02
3.760000e+02 3.780000e+02
3.715000e+02 3.780000e+02
3.690000e+02 3.786000e+02
3.645000e+02 3.786000e+02
3.595000e+02 3.786000e+02
3.565000e+02 3.786000e+02
3.515000e+02 3.792000e+02
3.485000e+02 3.792000e+02
3.425000e+02 3.804000e+02
3.360000e+02 3.810000e+02
3.295000e+02 3.816000e+02
3.265000e+02 3.822000e+02
3.190000e+02 3.828000e+02
3.115000e+02 3.834000e+02
3.080000e+02 3.840000e+02
3.010000e+02 3.858000e+02
2.935000e+02 3.870000e+02
2.900000e+02 3.876000e+02
2.825000e+02 3.894000e+02
2.790000e+02 3.906000e+02
2.720000e+02 3.924000e+02
2.655000e+02 3.936000e+02
2.620000e+02 3.948000e+02
2.560000e+02 3.954000e+02
2.495000e+02 3.966000e+02
2.470000e+02 3.966000e+02
2.440000e+02 3.972000e+02
2.390000e+02 3.978000e+02
2.350000e+02 3.978000e+02
2.310000e+02 3.984000e+02
2.270000e+02 3.984000e+02
2.240000e+02 3.984000e+02
2.220000e+02 3.978000e+02
2.200000e+02 3.978000e+02
2.195000e+02 3.972000e+02
2.185000e+02 3.966000e+02
2.175000e+02 3.948000e+02
2.175000e+02 3.942000e+02
2.170000e+02 3.918000e+02
2.170000e+02 3.894000e+02
2.175000e+02 3.882000e+02
2.180000e+02 3.858000e+02
2.185000e+02 3.846000e+02
2.195000e+02 3.810000e+02
2.210000e+02 3.774000e+02
2.220000e+02 3.756000e+02
2.240000e+02 3.726000e+02
2.265000e+02 3.690000e+02
2.280000e+02 3.666000e+02
2.310000e+02 3.624000e+02
2.345000e+02 3.582000e+02
2.380000e+02 3.534000e+02
2.415000e+02 3.486000e+02
2.435000e+02 3.462000e+02
2.475000e+02 3.414000e+02
2.500000e+02 3.384000e+02
2.540000e+02 3.330000e+02
2.590000e+02 3.276000e+02
2.610000e+02 3.246000e+02
2.660000e+02 3.186000e+02
2.715000e+02 3.126000e+02
2.745000e+02 3.090000e+02
2.800000e+02 3.030000e+02
2.855000e+02 2.970000e+02
2.910000e+02 2.904000e+02
2.940000e+02 2.874000e+02
3.000000e+02 2.808000e+02
3.035000e+02 2.772000e+02
3.090000e+02 2.706000e+02
3.155000e+02 2.634000e+02
3.210000e+02 2.568000e+02
3.240000e+02 2.532000e+02
3.310000e+02 2.460000e+02
3.365000e+02 2.394000e+02
3.400000e+02 2.358000e+02
3.460000e+02 2.286000e+02
3.515000e+02 2.220000e+02
3.545000e+02 2.190000e+02
3.605000e+02 2.124000e+02
3.660000e+02 2.070000e+02
3.690000e+02 2.034000e+02
3.745000e+02 1.974000e+02
3.800000e+02 1.926000e+02
3.825000e+02 1.902000e+02
3.875000e+02 1.848000e+02
3.930000e+02 1.794000e+02
3.955000e+02 1.770000e+02
4.000000e+02 1.722000e+02
4.050000e+02 1.668000e+02
4.075000e+02 1.644000e+02
4.125000e+02 1.602000e+02
4.175000e+02 1.554000e+02
4.200000e+02 1.530000e+02
4.245000e+02 1.488000e+02
4.285000e+02 1.452000e+02
4.305000e+02 1.440000e+02
4.340000e+02 1.410000e+02
4.360000e+02 1.398000e+02
4.385000e+02 1.380000e+02
4.405000e+02 1.368000e+02
4.410000e+02 1.362000e+02
4.425000e+02 1.356000e+02
4.435000e+02 1.350000e+02
4.440000e+02 1.344000e+02
4.440000e+02 1.320000e+02
4.435000e+02 1.296000e+02
4.435000e+02 1.296000e+02
