9.050000e+01 2.736000e+02
9.050000e+01 2.736000e+02
9.050000e+01 2.736000e+02
9.050000e+01 2.736000e+02
9.050000e+01 2.736000e+02
9.050000e+01 2.736000e+02
9.100000e+01 2.742000e+02
9.100000e+01 2.748000e+02
9.150000e+01 2.760000e+02
9.250000e+01 2.784000e+02
9.400000e+01 2.814000e+02
9.550000e+01 2.850000e+02
9.700000e+01 2.880000e+02
9.900000e+01 2.922000e+02
1.010000e+02 2.970000e+02
1.045000e+02 3.030000e+02
1.055000e+02 3.060000e+02
1.090000e+02 3.126000e+02
1.115000e+02 3.174000e+02
1.135000e+02 3.216000e+02
1.160000e+02 3.264000e+02
1.185000e+02 3.318000e+02
1.210000e+02 3.360000e+02
1.240000e+02 3.414000e+02
1.270000e+02 3.480000e+02
1.295000e+02 3.522000e+02
1.325000e+02 3.570000e+02
1.350000e+02 3.606000e+02
1.370000e+02 3.642000e+02
1.385000e+02 3.672000e+02
1.405000e+02 3.708000e+02
1.415000e+02 3.732000e+02
1.430000e+02 3.762000e+02
1.450000e+02 3.786000e+02
1.460000e+02 3.810000e+02
1.470000e+02 3.822000e+02
1.475000e+02 3.828000e+02
1.475000e+02 3.834000e+02
1.480000e+02 3.840000e+02
1.480000e+02 3.846000e+02
1.485000e+02 3.846000e+02
1.485000e+02 3.846000e+02
1.485000e+02 3.852000e+02
1.490000e+02 3.852000e+02
1.490000e+02 3.852000e+02
1.490000e+02 3.852000e+02
1.495000e+02 3.852000e+02
1.495000e+02 3.846000e+02
1.505000e+02 3.840000e+02
1.510000e+02 3.822000e+02
1.530000e+02 3.798000e+02
1.555000e+02 3.762000e+02
1.580000e+02 3.726000e+02
1.605000e+02 3.696000e+02
1.630000e+02 3.648000e+02
1.665000e+02 3.594000e+02
1.725000e+02 3.510000e+02
1.765000e+02 3.450000e+02
1.810000e+02 3.390000e+02
1.855000e+02 3.324000e+02
1.905000e+02 3.258000e+02
1.955000e+02 3.186000e+02
2.000000e+02 3.114000e+02
2.060000e+02 3.036000e+02
2.105000e+02 2.970000e+02
2.170000e+02 2.880000e+02
2.255000e+02 2.772000e+02
2.320000e+02 2.694000e+02
2.380000e+02 2.616000e+02
2.460000e+02 2.532000e+02
2.520000e+02 2.460000e+02
2.585000e+02 2.388000e+02
2.640000e+02 2.322000e+02
2.705000e+02 2.250000e+02
2.765000e+02 2.178000e+02
2.825000e+02 2.106000e+02
2.880000e+02 2.046000e+02
2.940000e+02 1.974000e+02
2.990000e+02 1.920000e+02
3.055000e+02 1.854000e+02
3.105000e+02 1.794000e+02
3.160000e+02 1.740000e+02
3.210000e+02 1.692000e+02
3.250000e+02 1.644000e+02
3.315000e+02 1.584000e+02
3.345000e+02 1.548000e+02
3.375000e+02 1.518000e+02
3.395000e+02 1.494000e+02
3.410000e+02 1.476000e+02
3.425000e+02 1.464000e+02
3.435000e+02 1.452000e+02
3.440000e+02 1.446000e+02
3.445000e+02 1.440000e+02
3.450000e+02 1.440000e+02
3.455000e+02 1.440000e+02
3.460000e+02 1.440000e+02
3.460000e+02 1.440000e+02
