1.140000e+02 2.004000e+02
1.140000e+02 2.004000e+02
1.140000e+02 2.004000e+02
1.140000e+02 2.004000e+02
1.140000e+02 2.004000e+02
1.140000e+02 2.004000e+02
1.140000e+02 2.010000e+02
1.140000e+02 2.010000e+02
1.140000e+02 2.010000e+02
1.145000e+02 2.022000e+02
1.150000e+02 2.028000e+02
1.165000e+02 2.058000e+02
1.170000e+02 2.070000e+02
1.195000e+02 2.124000e+02
1.220000e+02 2.166000e+02
1.240000e+02 2.208000e+02
1.265000e+02 2.250000e+02
1.285000e+02 2.298000e+02
1.320000e+02 2.352000e+02
1.350000e+02 2.406000e+02
1.380000e+02 2.460000e+02
1.425000e+02 2.550000e+02
1.440000e+02 2.574000e+02
1.490000e+02 2.664000e+02
1.520000e+02 2.718000e+02
1.555000e+02 2.778000e+02
1.585000e+02 2.832000e+02
1.610000e+02 2.880000e+02
1.640000e+02 2.928000e+02
1.665000e+02 2.976000e+02
1.685000e+02 3.012000e+02
1.705000e+02 3.048000e+02
1.720000e+02 3.078000e+02
1.735000e+02 3.108000e+02
1.750000e+02 3.132000e+02
1.765000e+02 3.150000e+02
1.775000e+02 3.174000e+02
1.790000e+02 3.204000e+02
1.805000e+02 3.222000e+02
1.815000e+02 3.240000e+02
1.825000e+02 3.258000e+02
1.835000e+02 3.276000e+02
1.840000e+02 3.288000e+02
1.845000e+02 3.300000e+02
1.855000e+02 3.312000e+02
1.855000e+02 3.318000e+02
1.860000e+02 3.324000e+02
1.860000e+02 3.324000e+02
1.865000e+02 3.330000e+02
1.865000e+02 3.336000e+02
1.865000e+02 3.336000e+02
1.865000e+02 3.336000e+02
1.865000e+02 3.336000e+02
1.870000e+02 3.336000e+02
1.870000e+02 3.336000e+02
1.870000e+02 3.336000e+02
1.870000e+02 3.336000e+02
1.870000e+02 3.330000e+02
1.870000e+02 3.330000e+02
1.870000e+02 3.330000e+02
1.875000e+02 3.324000e+02
1.875000e+02 3.324000e+02
1.875000e+02 3.318000e+02
1.880000e+02 3.318000e+02
1.885000e+02 3.306000e+02
1.890000e+02 3.294000e+02
1.915000e+02 3.264000e+02
1.935000e+02 3.234000e+02
1.960000e+02 3.204000e+02
1.990000e+02 3.174000e+02
2.015000e+02 3.138000e+02
2.055000e+02 3.102000e+02
2.090000e+02 3.066000e+02
2.125000e+02 3.018000e+02
2.170000e+02 2.970000e+02
2.210000e+02 2.922000e+02
2.270000e+02 2.850000e+02
2.315000e+02 2.802000e+02
2.360000e+02 2.748000e+02
2.405000e+02 2.694000e+02
2.460000e+02 2.634000e+02
2.510000e+02 2.580000e+02
2.570000e+02 2.520000e+02
2.625000e+02 2.460000e+02
2.715000e+02 2.364000e+02
2.780000e+02 2.298000e+02
2.845000e+02 2.238000e+02
2.975000e+02 2.112000e+02
3.050000e+02 2.034000e+02
3.115000e+02 1.974000e+02
3.190000e+02 1.908000e+02
3.255000e+02 1.842000e+02
3.330000e+02 1.776000e+02
3.405000e+02 1.704000e+02
3.475000e+02 1.638000e+02
3.540000e+02 1.578000e+02
3.605000e+02 1.518000e+02
3.670000e+02 1.452000e+02
3.740000e+02 1.392000e+02
3.840000e+02 1.308000e+02
3.905000e+02 1.248000e+02
3.965000e+02 1.200000e+02
4.025000e+02 1.158000e+02
4.085000e+02 1.110000e+02
4.150000e+02 1.062000e+02
4.210000e+02 1.020000e+02
4.270000e+02 9.780000e+01
4.320000e+02 9.480000e+01
4.365000e+02 9.180000e+01
4.410000e+02 8.820000e+01
4.445000e+02 8.580000e+01
4.465000e+02 8.400000e+01
4.495000e+02 8.220000e+01
4.505000e+02 8.160000e+01
4.510000e+02 8.100000e+01
4.515000e+02 8.040000e+01
4.520000e+02 8.040000e+01
4.525000e+02 7.980000e+01
4.525000e+02 7.980000e+01
4.525000e+02 7.980000e+01
4.525000e+02 7.980000e+01
4.525000e+02 7.980000e+01
4.525000e+02 7.980000e+01
4.525000e+02 7.980000e+01
