2.525000e+02 7.500000e+01
2.525000e+02 7.500000e+01
2.535000e+02 7.620000e+01
2.545000e+02 7.680000e+01
2.565000e+02 7.920000e+01
2.595000e+02 8.220000e+01
2.610000e+02 8.400000e+01
2.640000e+02 8.820000e+01
2.675000e+02 9.240000e+01
2.710000e+02 9.780000e+01
2.730000e+02 1.002000e+02
2.770000e+02 1.050000e+02
2.810000e+02 1.110000e+02
2.835000e+02 1.140000e+02
2.870000e+02 1.194000e+02
2.910000e+02 1.254000e+02
2.930000e+02 1.278000e+02
2.965000e+02 1.332000e+02
2.985000e+02 1.356000e+02
3.005000e+02 1.386000e+02
3.045000e+02 1.446000e+02
3.090000e+02 1.506000e+02
3.110000e+02 1.542000e+02
3.155000e+02 1.608000e+02
3.200000e+02 1.680000e+02
3.225000e+02 1.716000e+02
3.270000e+02 1.794000e+02
3.325000e+02 1.878000e+02
3.350000e+02 1.926000e+02
3.395000e+02 2.010000e+02
3.440000e+02 2.088000e+02
3.465000e+02 2.136000e+02
3.510000e+02 2.214000e+02
3.560000e+02 2.298000e+02
3.610000e+02 2.388000e+02
3.660000e+02 2.472000e+02
3.710000e+02 2.556000e+02
3.735000e+02 2.598000e+02
3.775000e+02 2.670000e+02
3.820000e+02 2.742000e+02
3.860000e+02 2.808000e+02
3.875000e+02 2.832000e+02
3.910000e+02 2.886000e+02
3.945000e+02 2.946000e+02
3.960000e+02 2.976000e+02
3.995000e+02 3.036000e+02
4.030000e+02 3.096000e+02
4.045000e+02 3.126000e+02
4.075000e+02 3.180000e+02
4.105000e+02 3.240000e+02
4.120000e+02 3.264000e+02
4.145000e+02 3.312000e+02
4.165000e+02 3.348000e+02
4.180000e+02 3.372000e+02
4.200000e+02 3.414000e+02
4.220000e+02 3.456000e+02
4.230000e+02 3.474000e+02
4.245000e+02 3.498000e+02
4.255000e+02 3.522000e+02
4.260000e+02 3.528000e+02
4.265000e+02 3.552000e+02
4.270000e+02 3.570000e+02
4.275000e+02 3.576000e+02
4.275000e+02 3.582000e+02
4.275000e+02 3.600000e+02
4.265000e+02 3.612000e+02
4.265000e+02 3.618000e+02
4.250000e+02 3.624000e+02
4.240000e+02 3.636000e+02
4.230000e+02 3.636000e+02
4.210000e+02 3.642000e+02
4.180000e+02 3.648000e+02
4.165000e+02 3.654000e+02
4.130000e+02 3.660000e+02
4.085000e+02 3.672000e+02
4.060000e+02 3.672000e+02
4.035000e+02 3.672000e+02
3.980000e+02 3.684000e+02
3.915000e+02 3.690000e+02
3.885000e+02 3.696000e+02
3.815000e+02 3.708000e+02
3.735000e+02 3.720000e+02
3.660000e+02 3.738000e+02
3.620000e+02 3.750000e+02
3.545000e+02 3.768000e+02
3.460000e+02 3.786000e+02
3.425000e+02 3.792000e+02
3.345000e+02 3.804000e+02
3.265000e+02 3.822000e+02
3.190000e+02 3.834000e+02
3.115000e+02 3.852000e+02
3.040000e+02 3.876000e+02
3.010000e+02 3.888000e+02
2.940000e+02 3.918000e+02
2.875000e+02 3.942000e+02
2.840000e+02 3.954000e+02
2.775000e+02 3.972000e+02
2.710000e+02 3.990000e+02
2.655000e+02 4.002000e+02
2.630000e+02 4.008000e+02
2.580000e+02 4.014000e+02
2.560000e+02 4.020000e+02
2.520000e+02 4.032000e+02
2.485000e+02 4.038000e+02
2.470000e+02 4.038000e+02
2.445000e+02 4.038000e+02
2.440000e+02 4.038000e+02
2.420000e+02 4.032000e+02
2.415000e+02 4.032000e+02
2.405000e+02 4.026000e+02
2.395000e+02 4.014000e+02
2.395000e+02 4.008000e+02
2.390000e+02 4.002000e+02
2.395000e+02 3.984000e+02
2.400000e+02 3.978000e+02
2.405000e+02 3.954000e+02
2.415000e+02 3.924000e+02
2.420000e+02 3.912000e+02
2.435000e+02 3.882000e+02
2.450000e+02 3.852000e+02
2.460000e+02 3.834000e+02
2.480000e+02 3.798000e+02
2.500000e+02 3.762000e+02
2.515000e+02 3.744000e+02
2.525000e+02 3.726000e+02
2.545000e+02 3.690000e+02
2.560000e+02 3.672000e+02
2.585000e+02 3.630000e+02
2.615000e+02 3.588000e+02
2.645000e+02 3.546000e+02
2.660000e+02 3.522000e+02
2.675000e+02 3.492000e+02
2.705000e+02 3.450000e+02
2.740000e+02 3.408000e+02
2.760000e+02 3.378000e+02
2.795000e+02 3.330000e+02
2.830000e+02 3.288000e+02
2.850000e+02 3.264000e+02
2.885000e+02 3.210000e+02
2.925000e+02 3.156000e+02
2.950000e+02 3.132000e+02
2.990000e+02 3.072000e+02
3.030000e+02 3.018000e+02
3.050000e+02 2.988000e+02
3.095000e+02 2.928000e+02
3.140000e+02 2.868000e+02
3.165000e+02 2.838000e+02
3.210000e+02 2.772000e+02
3.235000e+02 2.742000e+02
3.280000e+02 2.682000e+02
3.325000e+02 2.616000e+02
3.350000e+02 2.586000e+02
3.400000e+02 2.520000e+02
3.450000e+02 2.448000e+02
3.500000e+02 2.394000e+02
3.525000e+02 2.358000e+02
3.575000e+02 2.292000e+02
3.625000e+02 2.232000e+02
3.650000e+02 2.202000e+02
3.700000e+02 2.136000e+02
3.755000e+02 2.076000e+02
3.780000e+02 2.040000e+02
3.830000e+02 1.980000e+02
3.855000e+02 1.950000e+02
3.905000e+02 1.890000e+02
3.935000e+02 1.860000e+02
3.985000e+02 1.800000e+02
4.035000e+02 1.740000e+02
4.065000e+02 1.710000e+02
4.120000e+02 1.644000e+02
4.150000e+02 1.620000e+02
4.205000e+02 1.554000e+02
4.260000e+02 1.494000e+02
4.290000e+02 1.470000e+02
4.345000e+02 1.416000e+02
4.395000e+02 1.362000e+02
4.425000e+02 1.338000e+02
4.500000e+02 1.272000e+02
4.545000e+02 1.224000e+02
4.590000e+02 1.182000e+02
4.610000e+02 1.164000e+02
4.645000e+02 1.134000e+02
4.685000e+02 1.104000e+02
4.715000e+02 1.074000e+02
4.735000e+02 1.062000e+02
4.760000e+02 1.032000e+02
4.785000e+02 1.008000e+02
4.795000e+02 9.960000e+01
4.810000e+02 9.900000e+01
4.825000e+02 9.720000e+01
4.845000e+02 9.600000e+01
4.850000e+02 9.540000e+01
4.860000e+02 9.480000e+01
4.870000e+02 9.480000e+01
4.875000e+02 9.420000e+01
4.880000e+02 9.360000e+01
4.885000e+02 9.360000e+01
4.890000e+02 9.300000e+01
4.890000e+02 9.300000e+01
4.890000e+02 9.300000e+01
4.890000e+02 9.300000e+01
4.885000e+02 9.240000e+01
4.870000e+02 9.180000e+01
4.860000e+02 9.120000e+01
4.860000e+02 9.120000e+01
