3.825000e+02 1.614000e+02
3.825000e+02 1.614000e+02
3.795000e+02 1.614000e+02
3.760000e+02 1.626000e+02
3.720000e+02 1.638000e+02
3.695000e+02 1.650000e+02
3.650000e+02 1.662000e+02
3.625000e+02 1.674000e+02
3.570000e+02 1.686000e+02
3.515000e+02 1.710000e+02
3.490000e+02 1.722000e+02
3.440000e+02 1.752000e+02
3.390000e+02 1.782000e+02
3.370000e+02 1.794000e+02
3.325000e+02 1.830000e+02
3.290000e+02 1.860000e+02
3.270000e+02 1.878000e+02
3.240000e+02 1.914000e+02
3.225000e+02 1.932000e+02
3.195000e+02 1.974000e+02
3.170000e+02 2.010000e+02
3.145000e+02 2.058000e+02
3.135000e+02 2.076000e+02
3.115000e+02 2.118000e+02
3.105000e+02 2.136000e+02
3.090000e+02 2.178000e+02
3.080000e+02 2.220000e+02
3.070000e+02 2.262000e+02
3.060000e+02 2.328000e+02
3.060000e+02 2.352000e+02
3.055000e+02 2.394000e+02
3.050000e+02 2.430000e+02
3.050000e+02 2.454000e+02
3.050000e+02 2.496000e+02
3.050000e+02 2.532000e+02
3.045000e+02 2.550000e+02
3.045000e+02 2.586000e+02
3.045000e+02 2.604000e+02
3.050000e+02 2.640000e+02
3.055000e+02 2.676000e+02
3.060000e+02 2.712000e+02
3.070000e+02 2.754000e+02
3.070000e+02 2.772000e+02
3.080000e+02 2.808000e+02
3.095000e+02 2.844000e+02
3.100000e+02 2.856000e+02
3.110000e+02 2.886000e+02
3.130000e+02 2.916000e+02
3.135000e+02 2.928000e+02
3.155000e+02 2.958000e+02
3.175000e+02 2.988000e+02
3.190000e+02 3.018000e+02
3.205000e+02 3.030000e+02
3.230000e+02 3.054000e+02
3.240000e+02 3.066000e+02
3.265000e+02 3.084000e+02
3.290000e+02 3.114000e+02
3.305000e+02 3.126000e+02
3.335000e+02 3.150000e+02
3.370000e+02 3.180000e+02
3.385000e+02 3.192000e+02
3.415000e+02 3.216000e+02
3.435000e+02 3.222000e+02
3.470000e+02 3.240000e+02
3.505000e+02 3.258000e+02
3.520000e+02 3.264000e+02
3.555000e+02 3.282000e+02
3.590000e+02 3.300000e+02
3.610000e+02 3.312000e+02
3.645000e+02 3.324000e+02
3.680000e+02 3.336000e+02
3.700000e+02 3.342000e+02
3.735000e+02 3.348000e+02
3.775000e+02 3.348000e+02
3.795000e+02 3.348000e+02
3.830000e+02 3.348000e+02
3.865000e+02 3.342000e+02
3.885000e+02 3.342000e+02
3.915000e+02 3.330000e+02
3.935000e+02 3.324000e+02
3.965000e+02 3.312000e+02
4.000000e+02 3.294000e+02
4.030000e+02 3.276000e+02
4.055000e+02 3.264000e+02
4.085000e+02 3.246000e+02
4.115000e+02 3.228000e+02
4.140000e+02 3.198000e+02
4.155000e+02 3.186000e+02
4.175000e+02 3.162000e+02
4.185000e+02 3.144000e+02
4.210000e+02 3.120000e+02
4.240000e+02 3.090000e+02
4.250000e+02 3.078000e+02
4.280000e+02 3.036000e+02
4.305000e+02 3.000000e+02
4.320000e+02 2.982000e+02
4.340000e+02 2.946000e+02
4.365000e+02 2.910000e+02
4.370000e+02 2.886000e+02
4.385000e+02 2.850000e+02
4.400000e+02 2.814000e+02
4.405000e+02 2.790000e+02
4.415000e+02 2.748000e+02
4.415000e+02 2.730000e+02
4.420000e+02 2.688000e+02
4.425000e+02 2.652000e+02
4.425000e+02 2.616000e+02
4.425000e+02 2.598000e+02
4.420000e+02 2.562000e+02
4.420000e+02 2.526000e+02
4.415000e+02 2.508000e+02
4.410000e+02 2.472000e+02
4.405000e+02 2.424000e+02
4.405000e+02 2.406000e+02
4.395000e+02 2.370000e+02
4.390000e+02 2.352000e+02
4.385000e+02 2.310000e+02
4.375000e+02 2.268000e+02
4.365000e+02 2.250000e+02
4.355000e+02 2.214000e+02
4.340000e+02 2.178000e+02
4.330000e+02 2.160000e+02
4.315000e+02 2.124000e+02
4.295000e+02 2.088000e+02
4.285000e+02 2.070000e+02
4.260000e+02 2.034000e+02
4.235000e+02 2.004000e+02
4.220000e+02 1.986000e+02
4.195000e+02 1.950000e+02
4.170000e+02 1.920000e+02
4.155000e+02 1.902000e+02
4.130000e+02 1.878000e+02
4.105000e+02 1.848000e+02
4.090000e+02 1.830000e+02
4.070000e+02 1.806000e+02
4.045000e+02 1.776000e+02
4.030000e+02 1.764000e+02
4.000000e+02 1.740000e+02
3.975000e+02 1.722000e+02
3.965000e+02 1.716000e+02
3.940000e+02 1.698000e+02
3.915000e+02 1.686000e+02
3.905000e+02 1.680000e+02
3.885000e+02 1.674000e+02
3.860000e+02 1.662000e+02
3.845000e+02 1.656000e+02
3.840000e+02 1.650000e+02
3.825000e+02 1.644000e+02
3.815000e+02 1.638000e+02
3.810000e+02 1.632000e+02
3.805000e+02 1.632000e+02
3.795000e+02 1.626000e+02
3.790000e+02 1.626000e+02
3.785000e+02 1.620000e+02
3.785000e+02 1.620000e+02
3.780000e+02 1.620000e+02
3.770000e+02 1.620000e+02
3.770000e+02 1.620000e+02
3.765000e+02 1.620000e+02
3.760000e+02 1.620000e+02
3.760000e+02 1.620000e+02
3.755000e+02 1.620000e+02
3.750000e+02 1.620000e+02
3.750000e+02 1.620000e+02
3.750000e+02 1.620000e+02
3.750000e+02 1.620000e+02
3.750000e+02 1.626000e+02
3.765000e+02 1.626000e+02
3.765000e+02 1.626000e+02
