3.300000e+02 3.816000e+02
3.300000e+02 3.816000e+02
3.300000e+02 3.810000e+02
3.300000e+02 3.804000e+02
3.300000e+02 3.804000e+02
3.300000e+02 3.792000e+02
3.300000e+02 3.780000e+02
3.300000e+02 3.768000e+02
3.300000e+02 3.762000e+02
3.295000e+02 3.732000e+02
3.290000e+02 3.714000e+02
3.290000e+02 3.690000e+02
3.290000e+02 3.666000e+02
3.285000e+02 3.630000e+02
3.280000e+02 3.600000e+02
3.280000e+02 3.570000e+02
3.275000e+02 3.540000e+02
3.275000e+02 3.498000e+02
3.275000e+02 3.462000e+02
3.270000e+02 3.426000e+02
3.270000e+02 3.378000e+02
3.270000e+02 3.336000e+02
3.270000e+02 3.294000e+02
3.270000e+02 3.252000e+02
3.270000e+02 3.174000e+02
3.270000e+02 3.132000e+02
3.270000e+02 3.078000e+02
3.270000e+02 3.024000e+02
3.270000e+02 2.976000e+02
3.270000e+02 2.922000e+02
3.270000e+02 2.862000e+02
3.270000e+02 2.808000e+02
3.270000e+02 2.748000e+02
3.270000e+02 2.670000e+02
3.270000e+02 2.646000e+02
3.270000e+02 2.592000e+02
3.270000e+02 2.544000e+02
3.270000e+02 2.502000e+02
3.270000e+02 2.454000e+02
3.270000e+02 2.412000e+02
3.270000e+02 2.370000e+02
3.270000e+02 2.328000e+02
3.270000e+02 2.268000e+02
3.270000e+02 2.232000e+02
3.265000e+02 2.208000e+02
3.265000e+02 2.172000e+02
3.265000e+02 2.118000e+02
3.265000e+02 2.082000e+02
3.265000e+02 2.052000e+02
3.260000e+02 2.016000e+02
3.260000e+02 1.986000e+02
3.260000e+02 1.956000e+02
3.260000e+02 1.926000e+02
3.255000e+02 1.896000e+02
3.255000e+02 1.854000e+02
3.255000e+02 1.836000e+02
3.255000e+02 1.812000e+02
3.255000e+02 1.788000e+02
3.255000e+02 1.758000e+02
3.250000e+02 1.740000e+02
3.250000e+02 1.716000e+02
3.250000e+02 1.692000e+02
3.250000e+02 1.674000e+02
3.245000e+02 1.650000e+02
3.245000e+02 1.632000e+02
3.240000e+02 1.602000e+02
3.240000e+02 1.596000e+02
3.240000e+02 1.572000e+02
3.235000e+02 1.548000e+02
3.235000e+02 1.536000e+02
3.235000e+02 1.524000e+02
3.235000e+02 1.518000e+02
3.230000e+02 1.506000e+02
3.230000e+02 1.500000e+02
3.230000e+02 1.500000e+02
3.225000e+02 1.494000e+02
3.225000e+02 1.494000e+02
3.225000e+02 1.494000e+02
3.225000e+02 1.500000e+02
3.225000e+02 1.500000e+02
