2.915000e+02 9.780000e+01
2.915000e+02 9.780000e+01
2.915000e+02 9.600000e+01
2.915000e+02 9.420000e+01
2.915000e+02 9.240000e+01
2.915000e+02 9.180000e+01
2.915000e+02 9.120000e+01
2.910000e+02 9.060000e+01
2.910000e+02 9.000000e+01
2.910000e+02 9.000000e+01
2.910000e+02 9.000000e+01
2.910000e+02 9.000000e+01
2.910000e+02 9.060000e+01
2.910000e+02 9.120000e+01
2.910000e+02 9.240000e+01
2.910000e+02 9.480000e+01
2.910000e+02 9.780000e+01
2.910000e+02 1.008000e+02
2.910000e+02 1.038000e+02
2.910000e+02 1.092000e+02
2.910000e+02 1.152000e+02
2.910000e+02 1.206000e+02
2.910000e+02 1.248000e+02
2.910000e+02 1.296000e+02
2.910000e+02 1.320000e+02
2.910000e+02 1.386000e+02
2.910000e+02 1.434000e+02
2.910000e+02 1.482000e+02
2.910000e+02 1.524000e+02
2.910000e+02 1.578000e+02
2.910000e+02 1.626000e+02
2.910000e+02 1.674000e+02
2.915000e+02 1.728000e+02
2.915000e+02 1.776000e+02
2.920000e+02 1.830000e+02
2.925000e+02 1.884000e+02
2.925000e+02 1.932000e+02
2.925000e+02 1.980000e+02
2.930000e+02 2.028000e+02
2.930000e+02 2.076000e+02
2.930000e+02 2.118000e+02
2.930000e+02 2.190000e+02
2.930000e+02 2.262000e+02
2.925000e+02 2.340000e+02
2.925000e+02 2.388000e+02
2.920000e+02 2.430000e+02
2.915000e+02 2.478000e+02
2.910000e+02 2.526000e+02
2.910000e+02 2.574000e+02
2.905000e+02 2.616000e+02
2.900000e+02 2.682000e+02
2.900000e+02 2.742000e+02
2.900000e+02 2.808000e+02
2.900000e+02 2.850000e+02
2.900000e+02 2.886000e+02
2.905000e+02 2.928000e+02
2.905000e+02 2.970000e+02
2.910000e+02 3.006000e+02
2.910000e+02 3.042000e+02
2.915000e+02 3.090000e+02
2.920000e+02 3.150000e+02
2.920000e+02 3.180000e+02
2.925000e+02 3.210000e+02
2.925000e+02 3.228000e+02
2.925000e+02 3.258000e+02
2.930000e+02 3.276000e+02
2.930000e+02 3.300000e+02
2.930000e+02 3.318000e+02
2.935000e+02 3.336000e+02
2.935000e+02 3.354000e+02
2.935000e+02 3.378000e+02
2.940000e+02 3.384000e+02
2.940000e+02 3.402000e+02
2.940000e+02 3.408000e+02
2.940000e+02 3.420000e+02
2.940000e+02 3.426000e+02
2.940000e+02 3.432000e+02
2.940000e+02 3.432000e+02
2.945000e+02 3.438000e+02
2.945000e+02 3.444000e+02
2.945000e+02 3.444000e+02
2.945000e+02 3.444000e+02
