2.825000e+02 1.422000e+02
2.825000e+02 1.422000e+02
2.815000e+02 1.422000e+02
2.790000e+02 1.428000e+02
2.760000e+02 1.440000e+02
2.740000e+02 1.446000e+02
2.705000e+02 1.464000e+02
2.655000e+02 1.488000e+02
2.630000e+02 1.500000e+02
2.580000e+02 1.524000e+02
2.530000e+02 1.554000e+02
2.505000e+02 1.572000e+02
2.460000e+02 1.608000e+02
2.435000e+02 1.632000e+02
2.390000e+02 1.668000e+02
2.350000e+02 1.704000e+02
2.330000e+02 1.728000e+02
2.295000e+02 1.776000e+02
2.260000e+02 1.812000e+02
2.245000e+02 1.830000e+02
2.220000e+02 1.878000e+02
2.195000e+02 1.920000e+02
2.175000e+02 1.962000e+02
2.145000e+02 2.034000e+02
2.135000e+02 2.058000e+02
2.120000e+02 2.106000e+02
2.105000e+02 2.154000e+02
2.090000e+02 2.232000e+02
2.085000e+02 2.274000e+02
2.085000e+02 2.304000e+02
2.080000e+02 2.358000e+02
2.075000e+02 2.376000e+02
2.075000e+02 2.424000e+02
2.075000e+02 2.472000e+02
2.080000e+02 2.526000e+02
2.085000e+02 2.544000e+02
2.090000e+02 2.592000e+02
2.095000e+02 2.622000e+02
2.105000e+02 2.670000e+02
2.120000e+02 2.718000e+02
2.135000e+02 2.760000e+02
2.160000e+02 2.826000e+02
2.175000e+02 2.868000e+02
2.185000e+02 2.886000e+02
2.200000e+02 2.922000e+02
2.220000e+02 2.964000e+02
2.235000e+02 2.982000e+02
2.255000e+02 3.024000e+02
2.275000e+02 3.060000e+02
2.290000e+02 3.078000e+02
2.310000e+02 3.114000e+02
2.320000e+02 3.138000e+02
2.345000e+02 3.174000e+02
2.360000e+02 3.186000e+02
2.385000e+02 3.222000e+02
2.415000e+02 3.252000e+02
2.440000e+02 3.288000e+02
2.455000e+02 3.306000e+02
2.485000e+02 3.336000e+02
2.500000e+02 3.348000e+02
2.535000e+02 3.378000e+02
2.570000e+02 3.408000e+02
2.590000e+02 3.420000e+02
2.625000e+02 3.444000e+02
2.665000e+02 3.474000e+02
2.680000e+02 3.480000e+02
2.720000e+02 3.504000e+02
2.755000e+02 3.522000e+02
2.770000e+02 3.528000e+02
2.810000e+02 3.540000e+02
2.850000e+02 3.552000e+02
2.870000e+02 3.558000e+02
2.915000e+02 3.570000e+02
2.965000e+02 3.582000e+02
2.985000e+02 3.588000e+02
3.035000e+02 3.594000e+02
3.090000e+02 3.600000e+02
3.165000e+02 3.600000e+02
3.195000e+02 3.600000e+02
3.245000e+02 3.594000e+02
3.295000e+02 3.588000e+02
3.320000e+02 3.582000e+02
3.370000e+02 3.570000e+02
3.395000e+02 3.564000e+02
3.445000e+02 3.552000e+02
3.490000e+02 3.534000e+02
3.515000e+02 3.528000e+02
3.560000e+02 3.504000e+02
3.610000e+02 3.474000e+02
3.630000e+02 3.462000e+02
3.675000e+02 3.432000e+02
3.715000e+02 3.408000e+02
3.755000e+02 3.378000e+02
3.775000e+02 3.360000e+02
3.815000e+02 3.330000e+02
3.830000e+02 3.312000e+02
3.860000e+02 3.282000e+02
3.885000e+02 3.252000e+02
3.900000e+02 3.228000e+02
3.920000e+02 3.192000e+02
3.940000e+02 3.156000e+02
3.945000e+02 3.138000e+02
3.965000e+02 3.108000e+02
3.980000e+02 3.072000e+02
3.995000e+02 3.030000e+02
4.010000e+02 2.994000e+02
4.020000e+02 2.964000e+02
4.030000e+02 2.928000e+02
4.035000e+02 2.910000e+02
4.040000e+02 2.874000e+02
4.040000e+02 2.838000e+02
4.045000e+02 2.826000e+02
4.045000e+02 2.790000e+02
4.045000e+02 2.754000e+02
4.045000e+02 2.718000e+02
4.045000e+02 2.700000e+02
4.045000e+02 2.664000e+02
4.045000e+02 2.652000e+02
4.045000e+02 2.622000e+02
4.045000e+02 2.586000e+02
4.045000e+02 2.550000e+02
4.045000e+02 2.538000e+02
4.045000e+02 2.508000e+02
4.045000e+02 2.496000e+02
4.040000e+02 2.466000e+02
4.040000e+02 2.424000e+02
4.035000e+02 2.394000e+02
4.030000e+02 2.382000e+02
4.025000e+02 2.352000e+02
4.020000e+02 2.340000e+02
4.010000e+02 2.304000e+02
4.000000e+02 2.268000e+02
3.995000e+02 2.238000e+02
3.990000e+02 2.220000e+02
3.980000e+02 2.196000e+02
3.975000e+02 2.184000e+02
3.965000e+02 2.148000e+02
3.955000e+02 2.118000e+02
3.950000e+02 2.100000e+02
3.940000e+02 2.070000e+02
3.925000e+02 2.046000e+02
3.910000e+02 2.016000e+02
3.905000e+02 2.004000e+02
3.895000e+02 1.986000e+02
3.880000e+02 1.956000e+02
3.870000e+02 1.938000e+02
3.855000e+02 1.914000e+02
3.845000e+02 1.902000e+02
3.825000e+02 1.878000e+02
3.810000e+02 1.860000e+02
3.800000e+02 1.842000e+02
3.780000e+02 1.818000e+02
3.760000e+02 1.788000e+02
3.750000e+02 1.776000e+02
3.730000e+02 1.758000e+02
3.720000e+02 1.746000e+02
3.700000e+02 1.728000e+02
3.680000e+02 1.710000e+02
3.655000e+02 1.692000e+02
3.615000e+02 1.662000e+02
3.600000e+02 1.650000e+02
3.570000e+02 1.626000e+02
3.535000e+02 1.608000e+02
3.520000e+02 1.596000e+02
3.490000e+02 1.584000e+02
3.455000e+02 1.572000e+02
3.435000e+02 1.566000e+02
3.400000e+02 1.554000e+02
3.365000e+02 1.542000e+02
3.350000e+02 1.536000e+02
3.315000e+02 1.524000e+02
3.280000e+02 1.518000e+02
3.265000e+02 1.512000e+02
3.230000e+02 1.500000e+02
3.195000e+02 1.494000e+02
3.175000e+02 1.488000e+02
3.140000e+02 1.476000e+02
3.125000e+02 1.476000e+02
3.090000e+02 1.464000e+02
3.055000e+02 1.458000e+02
3.035000e+02 1.458000e+02
3.005000e+02 1.452000e+02
2.970000e+02 1.446000e+02
2.940000e+02 1.440000e+02
2.920000e+02 1.440000e+02
2.890000e+02 1.434000e+02
2.860000e+02 1.428000e+02
2.850000e+02 1.428000e+02
2.825000e+02 1.428000e+02
2.810000e+02 1.428000e+02
2.785000e+02 1.422000e+02
2.765000e+02 1.422000e+02
2.745000e+02 1.422000e+02
2.735000e+02 1.422000e+02
2.720000e+02 1.416000e+02
2.710000e+02 1.422000e+02
2.705000e+02 1.422000e+02
2.695000e+02 1.416000e+02
2.690000e+02 1.422000e+02
2.690000e+02 1.422000e+02
2.685000e+02 1.416000e+02
2.685000e+02 1.416000e+02
2.685000e+02 1.416000e+02
2.685000e+02 1.422000e+02
2.685000e+02 1.422000e+02
2.685000e+02 1.422000e+02
2.685000e+02 1.422000e+02
2.685000e+02 1.422000e+02
2.685000e+02 1.422000e+02
2.690000e+02 1.416000e+02
2.690000e+02 1.416000e+02
