2.950000e+02 1.404000e+02
2.950000e+02 1.404000e+02
2.935000e+02 1.404000e+02
2.890000e+02 1.422000e+02
2.830000e+02 1.446000e+02
2.800000e+02 1.458000e+02
2.715000e+02 1.494000e+02
2.625000e+02 1.530000e+02
2.585000e+02 1.548000e+02
2.490000e+02 1.584000e+02
2.410000e+02 1.626000e+02
2.375000e+02 1.638000e+02
2.315000e+02 1.668000e+02
2.290000e+02 1.680000e+02
2.245000e+02 1.698000e+02
2.215000e+02 1.716000e+02
2.200000e+02 1.728000e+02
2.180000e+02 1.746000e+02
2.160000e+02 1.776000e+02
2.150000e+02 1.788000e+02
2.135000e+02 1.818000e+02
2.120000e+02 1.842000e+02
2.115000e+02 1.860000e+02
2.100000e+02 1.896000e+02
2.090000e+02 1.938000e+02
2.090000e+02 1.956000e+02
2.090000e+02 1.986000e+02
2.090000e+02 2.004000e+02
2.100000e+02 2.034000e+02
2.120000e+02 2.064000e+02
2.135000e+02 2.094000e+02
2.145000e+02 2.112000e+02
2.160000e+02 2.142000e+02
2.165000e+02 2.178000e+02
2.170000e+02 2.202000e+02
2.175000e+02 2.244000e+02
2.175000e+02 2.286000e+02
2.170000e+02 2.310000e+02
2.165000e+02 2.358000e+02
2.160000e+02 2.406000e+02
2.150000e+02 2.424000e+02
2.140000e+02 2.478000e+02
2.130000e+02 2.526000e+02
2.125000e+02 2.544000e+02
2.120000e+02 2.586000e+02
2.120000e+02 2.622000e+02
2.120000e+02 2.640000e+02
2.125000e+02 2.676000e+02
2.125000e+02 2.694000e+02
2.130000e+02 2.724000e+02
2.135000e+02 2.760000e+02
2.140000e+02 2.772000e+02
2.150000e+02 2.814000e+02
2.160000e+02 2.850000e+02
2.175000e+02 2.886000e+02
2.180000e+02 2.898000e+02
2.195000e+02 2.934000e+02
2.215000e+02 2.976000e+02
2.230000e+02 2.994000e+02
2.255000e+02 3.030000e+02
2.275000e+02 3.060000e+02
2.290000e+02 3.078000e+02
2.320000e+02 3.108000e+02
2.335000e+02 3.126000e+02
2.365000e+02 3.156000e+02
2.400000e+02 3.186000e+02
2.430000e+02 3.210000e+02
2.480000e+02 3.246000e+02
2.515000e+02 3.276000e+02
2.530000e+02 3.288000e+02
2.560000e+02 3.318000e+02
2.595000e+02 3.348000e+02
2.610000e+02 3.354000e+02
2.650000e+02 3.372000e+02
2.690000e+02 3.390000e+02
2.735000e+02 3.408000e+02
2.800000e+02 3.432000e+02
2.820000e+02 3.444000e+02
2.860000e+02 3.462000e+02
2.895000e+02 3.486000e+02
2.915000e+02 3.498000e+02
2.950000e+02 3.516000e+02
2.990000e+02 3.534000e+02
3.010000e+02 3.540000e+02
3.055000e+02 3.552000e+02
3.100000e+02 3.558000e+02
3.125000e+02 3.558000e+02
3.170000e+02 3.558000e+02
3.215000e+02 3.552000e+02
3.235000e+02 3.552000e+02
3.285000e+02 3.546000e+02
3.330000e+02 3.540000e+02
3.355000e+02 3.534000e+02
3.405000e+02 3.522000e+02
3.455000e+02 3.504000e+02
3.480000e+02 3.498000e+02
3.530000e+02 3.486000e+02
3.575000e+02 3.474000e+02
3.615000e+02 3.468000e+02
3.630000e+02 3.462000e+02
3.665000e+02 3.450000e+02
3.700000e+02 3.444000e+02
3.715000e+02 3.438000e+02
3.745000e+02 3.432000e+02
3.770000e+02 3.426000e+02
3.785000e+02 3.426000e+02
3.800000e+02 3.426000e+02
3.820000e+02 3.426000e+02
3.825000e+02 3.420000e+02
3.840000e+02 3.408000e+02
3.855000e+02 3.396000e+02
3.865000e+02 3.378000e+02
3.865000e+02 3.372000e+02
3.875000e+02 3.342000e+02
3.880000e+02 3.330000e+02
3.890000e+02 3.300000e+02
3.905000e+02 3.276000e+02
3.920000e+02 3.246000e+02
3.930000e+02 3.228000e+02
3.955000e+02 3.192000e+02
3.975000e+02 3.156000e+02
3.985000e+02 3.138000e+02
4.000000e+02 3.108000e+02
4.015000e+02 3.078000e+02
4.015000e+02 3.060000e+02
4.020000e+02 3.030000e+02
4.020000e+02 3.000000e+02
4.015000e+02 2.988000e+02
4.005000e+02 2.970000e+02
3.990000e+02 2.952000e+02
3.980000e+02 2.946000e+02
3.965000e+02 2.934000e+02
3.950000e+02 2.910000e+02
3.945000e+02 2.898000e+02
3.935000e+02 2.868000e+02
3.925000e+02 2.838000e+02
3.925000e+02 2.820000e+02
3.925000e+02 2.784000e+02
3.925000e+02 2.742000e+02
3.930000e+02 2.724000e+02
3.935000e+02 2.688000e+02
3.940000e+02 2.670000e+02
3.940000e+02 2.658000e+02
3.935000e+02 2.640000e+02
3.925000e+02 2.628000e+02
3.905000e+02 2.610000e+02
3.890000e+02 2.598000e+02
3.860000e+02 2.574000e+02
3.825000e+02 2.550000e+02
3.810000e+02 2.538000e+02
3.775000e+02 2.514000e+02
3.750000e+02 2.490000e+02
3.740000e+02 2.478000e+02
3.730000e+02 2.454000e+02
3.725000e+02 2.424000e+02
3.720000e+02 2.406000e+02
3.720000e+02 2.382000e+02
3.725000e+02 2.352000e+02
3.725000e+02 2.328000e+02
3.715000e+02 2.286000e+02
3.705000e+02 2.268000e+02
3.690000e+02 2.238000e+02
3.675000e+02 2.214000e+02
3.665000e+02 2.202000e+02
3.645000e+02 2.178000e+02
3.630000e+02 2.148000e+02
3.620000e+02 2.136000e+02
3.610000e+02 2.106000e+02
3.595000e+02 2.076000e+02
3.590000e+02 2.064000e+02
3.585000e+02 2.040000e+02
3.575000e+02 2.004000e+02
3.570000e+02 1.986000e+02
3.560000e+02 1.950000e+02
3.555000e+02 1.932000e+02
3.545000e+02 1.908000e+02
3.530000e+02 1.884000e+02
3.520000e+02 1.872000e+02
3.505000e+02 1.842000e+02
3.485000e+02 1.806000e+02
3.475000e+02 1.788000e+02
3.460000e+02 1.758000e+02
3.440000e+02 1.734000e+02
3.435000e+02 1.716000e+02
3.420000e+02 1.686000e+02
3.405000e+02 1.656000e+02
3.395000e+02 1.638000e+02
3.380000e+02 1.614000e+02
3.360000e+02 1.590000e+02
3.345000e+02 1.572000e+02
3.335000e+02 1.560000e+02
3.310000e+02 1.542000e+02
3.285000e+02 1.512000e+02
3.275000e+02 1.500000e+02
3.250000e+02 1.476000e+02
3.235000e+02 1.464000e+02
3.210000e+02 1.446000e+02
3.185000e+02 1.434000e+02
3.165000e+02 1.428000e+02
3.135000e+02 1.428000e+02
3.100000e+02 1.428000e+02
3.085000e+02 1.434000e+02
3.040000e+02 1.458000e+02
3.025000e+02 1.470000e+02
3.005000e+02 1.476000e+02
3.005000e+02 1.476000e+02
