1.910000e+02 3.342000e+02
1.910000e+02 3.342000e+02
1.905000e+02 3.312000e+02
1.900000e+02 3.282000e+02
1.900000e+02 3.240000e+02
1.895000e+02 3.204000e+02
1.895000e+02 3.156000e+02
1.895000e+02 3.114000e+02
1.895000e+02 3.060000e+02
1.900000e+02 2.994000e+02
1.900000e+02 2.928000e+02
1.910000e+02 2.862000e+02
1.915000e+02 2.790000e+02
1.920000e+02 2.712000e+02
1.930000e+02 2.634000e+02
1.935000e+02 2.562000e+02
1.940000e+02 2.496000e+02
1.940000e+02 2.424000e+02
1.940000e+02 2.364000e+02
1.940000e+02 2.286000e+02
1.935000e+02 2.184000e+02
1.935000e+02 2.082000e+02
1.940000e+02 2.022000e+02
1.940000e+02 1.956000e+02
1.945000e+02 1.896000e+02
1.945000e+02 1.836000e+02
1.950000e+02 1.776000e+02
1.950000e+02 1.728000e+02
1.950000e+02 1.674000e+02
1.955000e+02 1.632000e+02
1.955000e+02 1.608000e+02
1.955000e+02 1.578000e+02
1.960000e+02 1.542000e+02
1.960000e+02 1.518000e+02
1.960000e+02 1.494000e+02
1.960000e+02 1.470000e+02
1.960000e+02 1.452000e+02
1.960000e+02 1.428000e+02
1.955000e+02 1.422000e+02
1.955000e+02 1.410000e+02
1.955000e+02 1.398000e+02
1.955000e+02 1.392000e+02
1.955000e+02 1.386000e+02
1.950000e+02 1.380000e+02
1.950000e+02 1.374000e+02
1.955000e+02 1.374000e+02
1.955000e+02 1.374000e+02
1.955000e+02 1.374000e+02
