2.020000e+02 9.960000e+01
2.020000e+02 9.960000e+01
2.030000e+02 9.960000e+01
2.035000e+02 1.002000e+02
2.055000e+02 1.020000e+02
2.085000e+02 1.044000e+02
2.120000e+02 1.074000e+02
2.135000e+02 1.086000e+02
2.180000e+02 1.128000e+02
2.225000e+02 1.170000e+02
2.250000e+02 1.194000e+02
2.305000e+02 1.242000e+02
2.360000e+02 1.296000e+02
2.390000e+02 1.326000e+02
2.455000e+02 1.386000e+02
2.525000e+02 1.452000e+02
2.560000e+02 1.476000e+02
2.630000e+02 1.536000e+02
2.700000e+02 1.602000e+02
2.740000e+02 1.632000e+02
2.815000e+02 1.704000e+02
2.895000e+02 1.776000e+02
2.935000e+02 1.812000e+02
3.015000e+02 1.890000e+02
3.090000e+02 1.968000e+02
3.130000e+02 2.010000e+02
3.205000e+02 2.100000e+02
3.245000e+02 2.148000e+02
3.315000e+02 2.232000e+02
3.390000e+02 2.322000e+02
3.425000e+02 2.364000e+02
3.485000e+02 2.454000e+02
3.520000e+02 2.496000e+02
3.580000e+02 2.580000e+02
3.635000e+02 2.658000e+02
3.690000e+02 2.724000e+02
3.740000e+02 2.784000e+02
3.790000e+02 2.838000e+02
3.810000e+02 2.862000e+02
3.850000e+02 2.898000e+02
3.880000e+02 2.928000e+02
3.890000e+02 2.940000e+02
3.910000e+02 2.964000e+02
3.925000e+02 2.976000e+02
3.925000e+02 2.988000e+02
3.935000e+02 3.000000e+02
3.930000e+02 3.012000e+02
3.915000e+02 3.024000e+02
3.890000e+02 3.036000e+02
3.850000e+02 3.048000e+02
3.805000e+02 3.066000e+02
3.750000e+02 3.078000e+02
3.720000e+02 3.084000e+02
3.655000e+02 3.090000e+02
3.615000e+02 3.096000e+02
3.530000e+02 3.114000e+02
3.440000e+02 3.132000e+02
3.340000e+02 3.150000e+02
3.240000e+02 3.168000e+02
3.190000e+02 3.180000e+02
3.080000e+02 3.204000e+02
2.965000e+02 3.222000e+02
2.850000e+02 3.246000e+02
2.735000e+02 3.276000e+02
2.615000e+02 3.312000e+02
2.560000e+02 3.330000e+02
2.440000e+02 3.360000e+02
2.330000e+02 3.384000e+02
2.275000e+02 3.396000e+02
2.180000e+02 3.426000e+02
2.085000e+02 3.456000e+02
2.045000e+02 3.468000e+02
1.960000e+02 3.486000e+02
1.895000e+02 3.504000e+02
1.865000e+02 3.504000e+02
1.815000e+02 3.510000e+02
1.775000e+02 3.510000e+02
1.760000e+02 3.510000e+02
1.735000e+02 3.498000e+02
1.725000e+02 3.480000e+02
1.720000e+02 3.456000e+02
1.720000e+02 3.444000e+02
1.735000e+02 3.414000e+02
1.745000e+02 3.402000e+02
1.775000e+02 3.354000e+02
1.815000e+02 3.312000e+02
1.840000e+02 3.282000e+02
1.895000e+02 3.222000e+02
1.960000e+02 3.162000e+02
2.000000e+02 3.120000e+02
2.090000e+02 3.042000e+02
2.190000e+02 2.940000e+02
2.300000e+02 2.844000e+02
2.360000e+02 2.790000e+02
2.490000e+02 2.676000e+02
2.550000e+02 2.622000e+02
2.690000e+02 2.496000e+02
2.835000e+02 2.376000e+02
2.975000e+02 2.256000e+02
3.045000e+02 2.190000e+02
3.185000e+02 2.076000e+02
3.335000e+02 1.950000e+02
3.405000e+02 1.890000e+02
3.545000e+02 1.776000e+02
3.685000e+02 1.662000e+02
3.750000e+02 1.608000e+02
3.875000e+02 1.500000e+02
4.000000e+02 1.398000e+02
4.060000e+02 1.356000e+02
4.170000e+02 1.260000e+02
4.220000e+02 1.224000e+02
4.310000e+02 1.146000e+02
4.390000e+02 1.080000e+02
4.425000e+02 1.056000e+02
4.485000e+02 1.002000e+02
4.540000e+02 9.600000e+01
4.565000e+02 9.420000e+01
4.600000e+02 9.060000e+01
4.630000e+02 8.760000e+01
4.645000e+02 8.700000e+01
4.655000e+02 8.700000e+01
4.655000e+02 8.700000e+01
