5.600000e+01 1.500000e+02
5.600000e+01 1.500000e+02
5.650000e+01 1.500000e+02
5.700000e+01 1.500000e+02
5.950000e+01 1.494000e+02
6.150000e+01 1.494000e+02
6.450000e+01 1.494000e+02
6.900000e+01 1.488000e+02
7.350000e+01 1.482000e+02
7.600000e+01 1.482000e+02
8.150000e+01 1.470000e+02
8.650000e+01 1.464000e+02
9.300000e+01 1.458000e+02
9.600000e+01 1.452000e+02
1.020000e+02 1.446000e+02
1.110000e+02 1.434000e+02
1.185000e+02 1.428000e+02
1.290000e+02 1.416000e+02
1.395000e+02 1.410000e+02
1.465000e+02 1.404000e+02
1.535000e+02 1.398000e+02
1.645000e+02 1.392000e+02
1.720000e+02 1.386000e+02
1.795000e+02 1.380000e+02
1.870000e+02 1.374000e+02
1.950000e+02 1.368000e+02
2.030000e+02 1.362000e+02
2.135000e+02 1.356000e+02
2.245000e+02 1.356000e+02
2.320000e+02 1.350000e+02
2.440000e+02 1.344000e+02
2.510000e+02 1.338000e+02
2.580000e+02 1.332000e+02
2.650000e+02 1.332000e+02
2.715000e+02 1.326000e+02
2.785000e+02 1.320000e+02
2.885000e+02 1.314000e+02
2.985000e+02 1.308000e+02
3.055000e+02 1.302000e+02
3.150000e+02 1.296000e+02
3.180000e+02 1.296000e+02
3.235000e+02 1.290000e+02
3.300000e+02 1.290000e+02
3.370000e+02 1.284000e+02
3.440000e+02 1.284000e+02
3.505000e+02 1.278000e+02
3.565000e+02 1.278000e+02
3.615000e+02 1.272000e+02
3.675000e+02 1.272000e+02
3.725000e+02 1.266000e+02
3.805000e+02 1.260000e+02
3.825000e+02 1.260000e+02
3.900000e+02 1.254000e+02
3.965000e+02 1.254000e+02
4.010000e+02 1.248000e+02
4.055000e+02 1.248000e+02
4.090000e+02 1.248000e+02
4.135000e+02 1.248000e+02
4.180000e+02 1.242000e+02
4.230000e+02 1.242000e+02
4.250000e+02 1.236000e+02
4.285000e+02 1.236000e+02
4.325000e+02 1.230000e+02
4.340000e+02 1.230000e+02
4.365000e+02 1.230000e+02
4.395000e+02 1.230000e+02
4.410000e+02 1.230000e+02
4.435000e+02 1.224000e+02
4.460000e+02 1.224000e+02
4.475000e+02 1.224000e+02
4.490000e+02 1.224000e+02
4.500000e+02 1.224000e+02
4.515000e+02 1.224000e+02
4.525000e+02 1.224000e+02
4.535000e+02 1.224000e+02
4.545000e+02 1.224000e+02
4.555000e+02 1.218000e+02
4.565000e+02 1.218000e+02
4.575000e+02 1.218000e+02
4.585000e+02 1.218000e+02
4.590000e+02 1.218000e+02
4.595000e+02 1.212000e+02
4.600000e+02 1.212000e+02
4.605000e+02 1.212000e+02
4.610000e+02 1.212000e+02
4.610000e+02 1.212000e+02
4.615000e+02 1.212000e+02
4.615000e+02 1.218000e+02
4.620000e+02 1.218000e+02
4.620000e+02 1.224000e+02
4.620000e+02 1.224000e+02
