3.885000e+02 2.604000e+02
3.885000e+02 2.604000e+02
3.880000e+02 2.604000e+02
3.870000e+02 2.604000e+02
3.855000e+02 2.598000e+02
3.835000e+02 2.598000e+02
3.815000e+02 2.598000e+02
3.795000e+02 2.598000e+02
3.770000e+02 2.598000e+02
3.740000e+02 2.592000e+02
3.710000e+02 2.592000e+02
3.680000e+02 2.598000e+02
3.630000e+02 2.598000e+02
3.610000e+02 2.604000e+02
3.535000e+02 2.604000e+02
3.490000e+02 2.598000e+02
3.445000e+02 2.598000e+02
3.370000e+02 2.592000e+02
3.310000e+02 2.586000e+02
3.275000e+02 2.586000e+02
3.240000e+02 2.580000e+02
3.205000e+02 2.580000e+02
3.175000e+02 2.580000e+02
3.135000e+02 2.574000e+02
3.100000e+02 2.574000e+02
3.065000e+02 2.574000e+02
3.035000e+02 2.574000e+02
3.005000e+02 2.580000e+02
2.975000e+02 2.580000e+02
2.935000e+02 2.586000e+02
2.915000e+02 2.592000e+02
2.900000e+02 2.598000e+02
2.890000e+02 2.598000e+02
2.880000e+02 2.598000e+02
2.870000e+02 2.598000e+02
2.865000e+02 2.598000e+02
2.855000e+02 2.604000e+02
2.840000e+02 2.604000e+02
2.835000e+02 2.604000e+02
2.815000e+02 2.610000e+02
2.795000e+02 2.610000e+02
2.780000e+02 2.616000e+02
2.765000e+02 2.616000e+02
2.740000e+02 2.622000e+02
2.720000e+02 2.622000e+02
2.690000e+02 2.628000e+02
2.685000e+02 2.628000e+02
2.670000e+02 2.628000e+02
2.655000e+02 2.628000e+02
2.645000e+02 2.628000e+02
2.640000e+02 2.628000e+02
2.630000e+02 2.628000e+02
2.620000e+02 2.628000e+02
2.610000e+02 2.628000e+02
2.595000e+02 2.628000e+02
2.580000e+02 2.628000e+02
2.565000e+02 2.628000e+02
2.555000e+02 2.628000e+02
2.545000e+02 2.634000e+02
2.535000e+02 2.634000e+02
2.530000e+02 2.634000e+02
2.525000e+02 2.634000e+02
2.520000e+02 2.634000e+02
2.515000e+02 2.634000e+02
2.515000e+02 2.634000e+02
2.515000e+02 2.634000e+02
2.515000e+02 2.634000e+02
