2.420000e+02 1.410000e+02
2.410000e+02 1.428000e+02
2.395000e+02 1.446000e+02
2.385000e+02 1.464000e+02
2.365000e+02 1.500000e+02
2.340000e+02 1.542000e+02
2.305000e+02 1.596000e+02
2.270000e+02 1.650000e+02
2.235000e+02 1.722000e+02
2.195000e+02 1.788000e+02
2.170000e+02 1.824000e+02
2.130000e+02 1.902000e+02
2.085000e+02 1.992000e+02
2.065000e+02 2.040000e+02
2.025000e+02 2.130000e+02
1.995000e+02 2.214000e+02
1.985000e+02 2.256000e+02
1.965000e+02 2.334000e+02
1.955000e+02 2.412000e+02
1.955000e+02 2.448000e+02
1.950000e+02 2.520000e+02
1.955000e+02 2.592000e+02
1.960000e+02 2.628000e+02
1.970000e+02 2.688000e+02
1.985000e+02 2.754000e+02
1.995000e+02 2.784000e+02
2.015000e+02 2.838000e+02
2.035000e+02 2.892000e+02
2.050000e+02 2.922000e+02
2.075000e+02 2.970000e+02
2.110000e+02 3.018000e+02
2.125000e+02 3.036000e+02
2.155000e+02 3.084000e+02
2.195000e+02 3.126000e+02
2.215000e+02 3.144000e+02
2.255000e+02 3.180000e+02
2.295000e+02 3.204000e+02
2.320000e+02 3.222000e+02
2.365000e+02 3.240000e+02
2.420000e+02 3.264000e+02
2.450000e+02 3.276000e+02
2.505000e+02 3.294000e+02
2.565000e+02 3.318000e+02
2.595000e+02 3.324000e+02
2.660000e+02 3.342000e+02
2.725000e+02 3.354000e+02
2.765000e+02 3.360000e+02
2.830000e+02 3.366000e+02
2.900000e+02 3.372000e+02
3.010000e+02 3.378000e+02
3.080000e+02 3.378000e+02
3.115000e+02 3.372000e+02
3.190000e+02 3.366000e+02
3.255000e+02 3.354000e+02
3.290000e+02 3.342000e+02
3.355000e+02 3.330000e+02
3.420000e+02 3.306000e+02
3.450000e+02 3.294000e+02
3.510000e+02 3.270000e+02
3.540000e+02 3.258000e+02
3.600000e+02 3.234000e+02
3.660000e+02 3.186000e+02
3.685000e+02 3.168000e+02
3.740000e+02 3.126000e+02
3.790000e+02 3.084000e+02
3.810000e+02 3.060000e+02
3.850000e+02 3.018000e+02
3.865000e+02 3.000000e+02
3.900000e+02 2.964000e+02
3.925000e+02 2.928000e+02
3.940000e+02 2.898000e+02
3.965000e+02 2.856000e+02
3.990000e+02 2.808000e+02
4.000000e+02 2.784000e+02
4.015000e+02 2.736000e+02
4.030000e+02 2.688000e+02
4.035000e+02 2.670000e+02
4.040000e+02 2.628000e+02
4.040000e+02 2.586000e+02
4.040000e+02 2.568000e+02
4.040000e+02 2.526000e+02
4.030000e+02 2.478000e+02
4.025000e+02 2.454000e+02
4.010000e+02 2.406000e+02
3.995000e+02 2.364000e+02
3.985000e+02 2.334000e+02
3.960000e+02 2.292000e+02
3.950000e+02 2.268000e+02
3.925000e+02 2.232000e+02
3.900000e+02 2.196000e+02
3.885000e+02 2.178000e+02
3.860000e+02 2.136000e+02
3.830000e+02 2.100000e+02
3.815000e+02 2.082000e+02
3.780000e+02 2.052000e+02
3.745000e+02 2.016000e+02
3.715000e+02 1.980000e+02
3.690000e+02 1.962000e+02
3.655000e+02 1.926000e+02
3.620000e+02 1.890000e+02
3.600000e+02 1.878000e+02
3.560000e+02 1.836000e+02
3.520000e+02 1.800000e+02
3.505000e+02 1.782000e+02
3.460000e+02 1.752000e+02
3.420000e+02 1.722000e+02
3.400000e+02 1.704000e+02
3.355000e+02 1.674000e+02
3.335000e+02 1.656000e+02
3.290000e+02 1.620000e+02
3.250000e+02 1.602000e+02
3.210000e+02 1.578000e+02
3.185000e+02 1.566000e+02
3.145000e+02 1.542000e+02
3.125000e+02 1.530000e+02
3.080000e+02 1.506000e+02
3.040000e+02 1.482000e+02
3.020000e+02 1.470000e+02
2.975000e+02 1.452000e+02
2.930000e+02 1.434000e+02
2.910000e+02 1.428000e+02
2.860000e+02 1.416000e+02
2.840000e+02 1.410000e+02
2.790000e+02 1.404000e+02
2.745000e+02 1.398000e+02
2.700000e+02 1.392000e+02
2.675000e+02 1.392000e+02
2.630000e+02 1.392000e+02
2.605000e+02 1.392000e+02
2.555000e+02 1.392000e+02
2.505000e+02 1.398000e+02
2.450000e+02 1.398000e+02
2.425000e+02 1.404000e+02
2.395000e+02 1.404000e+02
2.345000e+02 1.410000e+02
2.295000e+02 1.416000e+02
2.275000e+02 1.422000e+02
2.230000e+02 1.428000e+02
2.190000e+02 1.434000e+02
2.165000e+02 1.434000e+02
2.130000e+02 1.446000e+02
2.095000e+02 1.464000e+02
2.080000e+02 1.476000e+02
2.045000e+02 1.494000e+02
2.015000e+02 1.512000e+02
2.005000e+02 1.524000e+02
1.985000e+02 1.536000e+02
1.970000e+02 1.548000e+02
1.960000e+02 1.554000e+02
1.950000e+02 1.572000e+02
1.945000e+02 1.584000e+02
1.940000e+02 1.602000e+02
1.935000e+02 1.626000e+02
1.925000e+02 1.656000e+02
1.915000e+02 1.686000e+02
1.915000e+02 1.698000e+02
1.905000e+02 1.728000e+02
1.900000e+02 1.740000e+02
1.895000e+02 1.770000e+02
1.890000e+02 1.794000e+02
1.890000e+02 1.806000e+02
1.890000e+02 1.824000e+02
1.890000e+02 1.842000e+02
1.885000e+02 1.854000e+02
1.885000e+02 1.860000e+02
1.890000e+02 1.878000e+02
1.890000e+02 1.884000e+02
1.890000e+02 1.896000e+02
1.895000e+02 1.908000e+02
1.895000e+02 1.914000e+02
1.895000e+02 1.920000e+02
1.895000e+02 1.920000e+02
