2.650000e+02 2.904000e+02
2.650000e+02 2.904000e+02
2.655000e+02 2.904000e+02
2.665000e+02 2.898000e+02
2.685000e+02 2.892000e+02
2.715000e+02 2.880000e+02
2.755000e+02 2.874000e+02
2.810000e+02 2.862000e+02
2.860000e+02 2.856000e+02
2.915000e+02 2.844000e+02
2.970000e+02 2.838000e+02
3.030000e+02 2.832000e+02
3.090000e+02 2.826000e+02
3.180000e+02 2.820000e+02
3.205000e+02 2.820000e+02
3.295000e+02 2.814000e+02
3.385000e+02 2.808000e+02
3.445000e+02 2.808000e+02
3.515000e+02 2.808000e+02
3.575000e+02 2.802000e+02
3.635000e+02 2.802000e+02
3.705000e+02 2.796000e+02
3.770000e+02 2.790000e+02
3.830000e+02 2.790000e+02
3.895000e+02 2.784000e+02
3.955000e+02 2.784000e+02
4.030000e+02 2.778000e+02
4.085000e+02 2.778000e+02
4.155000e+02 2.778000e+02
4.210000e+02 2.772000e+02
4.310000e+02 2.772000e+02
4.370000e+02 2.772000e+02
4.460000e+02 2.778000e+02
4.525000e+02 2.778000e+02
4.585000e+02 2.778000e+02
4.655000e+02 2.784000e+02
4.715000e+02 2.784000e+02
4.815000e+02 2.790000e+02
4.885000e+02 2.796000e+02
4.950000e+02 2.802000e+02
4.985000e+02 2.802000e+02
5.055000e+02 2.808000e+02
5.115000e+02 2.814000e+02
5.205000e+02 2.826000e+02
5.235000e+02 2.826000e+02
5.300000e+02 2.832000e+02
5.355000e+02 2.838000e+02
5.415000e+02 2.850000e+02
5.470000e+02 2.856000e+02
5.530000e+02 2.862000e+02
5.585000e+02 2.868000e+02
5.645000e+02 2.868000e+02
5.715000e+02 2.874000e+02
5.770000e+02 2.880000e+02
5.795000e+02 2.880000e+02
5.865000e+02 2.886000e+02
5.885000e+02 2.892000e+02
5.930000e+02 2.898000e+02
5.965000e+02 2.904000e+02
6.000000e+02 2.904000e+02
6.040000e+02 2.910000e+02
6.070000e+02 2.910000e+02
6.095000e+02 2.916000e+02
6.115000e+02 2.916000e+02
6.135000e+02 2.922000e+02
6.155000e+02 2.922000e+02
6.180000e+02 2.928000e+02
6.195000e+02 2.928000e+02
6.205000e+02 2.928000e+02
6.215000e+02 2.934000e+02
6.220000e+02 2.934000e+02
6.225000e+02 2.934000e+02
6.230000e+02 2.934000e+02
6.230000e+02 2.934000e+02
