2.415000e+02 3.282000e+02
2.415000e+02 3.282000e+02
2.425000e+02 3.246000e+02
2.430000e+02 3.222000e+02
2.445000e+02 3.168000e+02
2.465000e+02 3.096000e+02
2.475000e+02 3.054000e+02
2.495000e+02 2.970000e+02
2.510000e+02 2.868000e+02
2.520000e+02 2.814000e+02
2.525000e+02 2.754000e+02
2.535000e+02 2.634000e+02
2.550000e+02 2.514000e+02
2.555000e+02 2.448000e+02
2.565000e+02 2.328000e+02
2.585000e+02 2.202000e+02
2.600000e+02 2.142000e+02
2.625000e+02 2.028000e+02
2.645000e+02 1.914000e+02
2.655000e+02 1.860000e+02
2.680000e+02 1.746000e+02
2.700000e+02 1.632000e+02
2.715000e+02 1.584000e+02
2.740000e+02 1.488000e+02
2.760000e+02 1.398000e+02
2.770000e+02 1.362000e+02
2.790000e+02 1.284000e+02
2.810000e+02 1.218000e+02
2.820000e+02 1.188000e+02
2.845000e+02 1.134000e+02
2.865000e+02 1.086000e+02
2.885000e+02 1.050000e+02
2.900000e+02 1.020000e+02
2.915000e+02 9.960000e+01
2.935000e+02 9.840000e+01
2.950000e+02 9.780000e+01
2.960000e+02 9.780000e+01
2.985000e+02 9.900000e+01
3.010000e+02 1.008000e+02
3.035000e+02 1.032000e+02
3.050000e+02 1.050000e+02
3.065000e+02 1.062000e+02
3.095000e+02 1.098000e+02
3.110000e+02 1.116000e+02
3.150000e+02 1.164000e+02
3.185000e+02 1.212000e+02
3.230000e+02 1.272000e+02
3.250000e+02 1.302000e+02
3.290000e+02 1.368000e+02
3.340000e+02 1.440000e+02
3.385000e+02 1.524000e+02
3.435000e+02 1.608000e+02
3.485000e+02 1.704000e+02
3.535000e+02 1.800000e+02
3.560000e+02 1.848000e+02
3.610000e+02 1.956000e+02
3.655000e+02 2.052000e+02
3.685000e+02 2.100000e+02
3.735000e+02 2.202000e+02
3.760000e+02 2.256000e+02
3.810000e+02 2.352000e+02
3.860000e+02 2.454000e+02
3.880000e+02 2.496000e+02
3.925000e+02 2.592000e+02
3.945000e+02 2.634000e+02
3.985000e+02 2.718000e+02
4.025000e+02 2.796000e+02
4.060000e+02 2.868000e+02
4.075000e+02 2.910000e+02
4.110000e+02 2.976000e+02
4.135000e+02 3.036000e+02
4.160000e+02 3.096000e+02
4.170000e+02 3.120000e+02
4.190000e+02 3.162000e+02
4.210000e+02 3.198000e+02
4.220000e+02 3.216000e+02
4.235000e+02 3.234000e+02
4.255000e+02 3.258000e+02
4.260000e+02 3.264000e+02
4.270000e+02 3.270000e+02
4.280000e+02 3.276000e+02
4.285000e+02 3.276000e+02
4.285000e+02 3.282000e+02
4.285000e+02 3.282000e+02
4.285000e+02 3.276000e+02
4.285000e+02 3.276000e+02
