2.215000e+02 2.046000e+02
2.215000e+02 2.046000e+02
2.215000e+02 2.046000e+02
2.215000e+02 2.046000e+02
2.215000e+02 2.046000e+02
2.215000e+02 2.052000e+02
2.215000e+02 2.058000e+02
2.220000e+02 2.070000e+02
2.220000e+02 2.094000e+02
2.225000e+02 2.124000e+02
2.235000e+02 2.190000e+02
2.240000e+02 2.244000e+02
2.245000e+02 2.274000e+02
2.260000e+02 2.376000e+02
2.270000e+02 2.412000e+02
2.285000e+02 2.526000e+02
2.305000e+02 2.598000e+02
2.330000e+02 2.712000e+02
2.340000e+02 2.760000e+02
2.355000e+02 2.844000e+02
2.375000e+02 2.928000e+02
2.390000e+02 3.000000e+02
2.415000e+02 3.114000e+02
2.440000e+02 3.216000e+02
2.460000e+02 3.276000e+02
2.470000e+02 3.324000e+02
2.485000e+02 3.366000e+02
2.495000e+02 3.408000e+02
2.505000e+02 3.444000e+02
2.515000e+02 3.468000e+02
2.520000e+02 3.486000e+02
2.525000e+02 3.504000e+02
2.530000e+02 3.516000e+02
2.535000e+02 3.522000e+02
2.540000e+02 3.534000e+02
2.545000e+02 3.540000e+02
2.560000e+02 3.546000e+02
2.600000e+02 3.558000e+02
2.645000e+02 3.564000e+02
2.695000e+02 3.570000e+02
2.760000e+02 3.570000e+02
2.830000e+02 3.564000e+02
2.925000e+02 3.552000e+02
3.010000e+02 3.540000e+02
3.110000e+02 3.528000e+02
3.210000e+02 3.510000e+02
3.330000e+02 3.492000e+02
3.455000e+02 3.462000e+02
3.570000e+02 3.438000e+02
3.690000e+02 3.420000e+02
3.855000e+02 3.384000e+02
3.980000e+02 3.366000e+02
4.095000e+02 3.342000e+02
4.205000e+02 3.324000e+02
4.310000e+02 3.300000e+02
4.410000e+02 3.276000e+02
4.515000e+02 3.252000e+02
4.605000e+02 3.234000e+02
4.700000e+02 3.216000e+02
4.790000e+02 3.198000e+02
4.865000e+02 3.180000e+02
4.935000e+02 3.168000e+02
5.025000e+02 3.144000e+02
5.075000e+02 3.132000e+02
5.115000e+02 3.120000e+02
5.150000e+02 3.108000e+02
5.180000e+02 3.102000e+02
5.195000e+02 3.096000e+02
5.210000e+02 3.090000e+02
5.220000e+02 3.090000e+02
5.230000e+02 3.090000e+02
5.235000e+02 3.084000e+02
5.240000e+02 3.084000e+02
5.240000e+02 3.084000e+02
5.245000e+02 3.084000e+02
5.245000e+02 3.084000e+02
5.250000e+02 3.078000e+02
5.250000e+02 3.078000e+02
5.255000e+02 3.078000e+02
5.255000e+02 3.078000e+02
5.255000e+02 3.078000e+02
5.255000e+02 3.078000e+02
5.255000e+02 3.078000e+02
5.255000e+02 3.078000e+02
5.255000e+02 3.078000e+02
5.255000e+02 3.078000e+02
5.255000e+02 3.078000e+02
5.255000e+02 3.078000e+02
5.255000e+02 3.078000e+02
5.255000e+02 3.078000e+02
5.255000e+02 3.078000e+02
5.255000e+02 3.078000e+02
5.255000e+02 3.078000e+02
5.255000e+02 3.078000e+02
5.250000e+02 3.078000e+02
5.245000e+02 3.078000e+02
5.245000e+02 3.078000e+02
