3.295000e+02 3.804000e+02
3.295000e+02 3.804000e+02
3.290000e+02 3.786000e+02
3.290000e+02 3.780000e+02
3.285000e+02 3.744000e+02
3.280000e+02 3.696000e+02
3.280000e+02 3.624000e+02
3.295000e+02 3.492000e+02
3.330000e+02 3.318000e+02
3.365000e+02 3.126000e+02
3.390000e+02 3.000000e+02
3.435000e+02 2.802000e+02
3.480000e+02 2.574000e+02
3.505000e+02 2.430000e+02
3.525000e+02 2.286000e+02
3.550000e+02 2.148000e+02
3.575000e+02 2.010000e+02
3.600000e+02 1.872000e+02
3.625000e+02 1.740000e+02
3.665000e+02 1.500000e+02
3.685000e+02 1.398000e+02
3.710000e+02 1.296000e+02
3.730000e+02 1.212000e+02
3.745000e+02 1.134000e+02
3.765000e+02 1.038000e+02
3.770000e+02 1.014000e+02
3.785000e+02 9.600000e+01
3.790000e+02 9.420000e+01
3.790000e+02 9.300000e+01
3.795000e+02 9.240000e+01
3.800000e+02 9.180000e+01
3.805000e+02 9.180000e+01
3.815000e+02 9.240000e+01
3.830000e+02 9.420000e+01
3.860000e+02 9.840000e+01
3.890000e+02 1.050000e+02
3.925000e+02 1.134000e+02
3.960000e+02 1.224000e+02
3.995000e+02 1.320000e+02
4.060000e+02 1.482000e+02
4.105000e+02 1.602000e+02
4.150000e+02 1.722000e+02
4.205000e+02 1.842000e+02
4.255000e+02 1.962000e+02
4.310000e+02 2.088000e+02
4.365000e+02 2.214000e+02
4.420000e+02 2.334000e+02
4.475000e+02 2.448000e+02
4.525000e+02 2.574000e+02
4.580000e+02 2.688000e+02
4.635000e+02 2.808000e+02
4.685000e+02 2.922000e+02
4.735000e+02 3.024000e+02
4.800000e+02 3.168000e+02
4.820000e+02 3.210000e+02
4.880000e+02 3.342000e+02
4.945000e+02 3.492000e+02
4.970000e+02 3.546000e+02
4.990000e+02 3.600000e+02
5.005000e+02 3.636000e+02
5.015000e+02 3.660000e+02
5.020000e+02 3.678000e+02
5.025000e+02 3.690000e+02
5.025000e+02 3.696000e+02
5.030000e+02 3.696000e+02
5.030000e+02 3.702000e+02
5.025000e+02 3.696000e+02
5.015000e+02 3.672000e+02
4.985000e+02 3.618000e+02
4.945000e+02 3.552000e+02
4.900000e+02 3.480000e+02
4.845000e+02 3.408000e+02
4.790000e+02 3.324000e+02
4.715000e+02 3.234000e+02
4.645000e+02 3.150000e+02
4.570000e+02 3.066000e+02
4.490000e+02 2.976000e+02
4.410000e+02 2.880000e+02
4.285000e+02 2.736000e+02
4.210000e+02 2.646000e+02
4.095000e+02 2.514000e+02
3.980000e+02 2.382000e+02
3.905000e+02 2.286000e+02
3.835000e+02 2.202000e+02
3.765000e+02 2.118000e+02
3.700000e+02 2.034000e+02
3.635000e+02 1.956000e+02
3.575000e+02 1.878000e+02
3.495000e+02 1.776000e+02
3.405000e+02 1.656000e+02
3.365000e+02 1.602000e+02
3.335000e+02 1.566000e+02
3.315000e+02 1.530000e+02
3.300000e+02 1.506000e+02
3.290000e+02 1.488000e+02
3.280000e+02 1.470000e+02
3.275000e+02 1.464000e+02
3.275000e+02 1.458000e+02
3.275000e+02 1.452000e+02
3.275000e+02 1.446000e+02
3.280000e+02 1.446000e+02
3.300000e+02 1.440000e+02
3.340000e+02 1.434000e+02
3.405000e+02 1.434000e+02
3.470000e+02 1.434000e+02
3.555000e+02 1.434000e+02
3.640000e+02 1.434000e+02
3.725000e+02 1.434000e+02
3.870000e+02 1.428000e+02
3.920000e+02 1.428000e+02
4.070000e+02 1.422000e+02
4.210000e+02 1.416000e+02
4.355000e+02 1.404000e+02
4.450000e+02 1.398000e+02
4.555000e+02 1.392000e+02
4.590000e+02 1.386000e+02
4.720000e+02 1.374000e+02
4.795000e+02 1.368000e+02
4.860000e+02 1.368000e+02
4.925000e+02 1.362000e+02
4.975000e+02 1.362000e+02
5.020000e+02 1.362000e+02
5.055000e+02 1.362000e+02
5.075000e+02 1.362000e+02
5.090000e+02 1.362000e+02
5.110000e+02 1.368000e+02
5.115000e+02 1.368000e+02
5.115000e+02 1.368000e+02
5.120000e+02 1.374000e+02
5.120000e+02 1.374000e+02
5.125000e+02 1.380000e+02
5.125000e+02 1.380000e+02
5.125000e+02 1.392000e+02
5.115000e+02 1.404000e+02
5.105000e+02 1.422000e+02
5.090000e+02 1.452000e+02
5.070000e+02 1.488000e+02
5.045000e+02 1.530000e+02
5.000000e+02 1.608000e+02
4.945000e+02 1.692000e+02
4.885000e+02 1.794000e+02
4.835000e+02 1.866000e+02
4.785000e+02 1.950000e+02
4.725000e+02 2.040000e+02
4.670000e+02 2.124000e+02
4.570000e+02 2.274000e+02
4.535000e+02 2.322000e+02
4.450000e+02 2.436000e+02
4.345000e+02 2.586000e+02
4.280000e+02 2.688000e+02
4.210000e+02 2.796000e+02
4.140000e+02 2.898000e+02
4.065000e+02 3.000000e+02
4.000000e+02 3.102000e+02
3.935000e+02 3.198000e+02
3.870000e+02 3.294000e+02
3.800000e+02 3.390000e+02
3.740000e+02 3.474000e+02
3.685000e+02 3.546000e+02
3.635000e+02 3.618000e+02
3.560000e+02 3.720000e+02
3.520000e+02 3.774000e+02
3.485000e+02 3.828000e+02
3.445000e+02 3.870000e+02
3.420000e+02 3.912000e+02
3.400000e+02 3.942000e+02
3.380000e+02 3.966000e+02
3.365000e+02 3.984000e+02
3.350000e+02 4.002000e+02
3.340000e+02 4.014000e+02
3.335000e+02 4.026000e+02
3.330000e+02 4.026000e+02
3.320000e+02 4.032000e+02
3.315000e+02 4.038000e+02
3.315000e+02 4.044000e+02
3.310000e+02 4.044000e+02
3.310000e+02 4.044000e+02
3.310000e+02 4.044000e+02
3.310000e+02 4.050000e+02
3.305000e+02 4.050000e+02
3.305000e+02 4.050000e+02
3.305000e+02 4.050000e+02
3.305000e+02 4.050000e+02
3.305000e+02 4.050000e+02
3.305000e+02 4.050000e+02
3.305000e+02 4.050000e+02
3.305000e+02 4.050000e+02
3.305000e+02 4.056000e+02
3.305000e+02 4.056000e+02
3.310000e+02 4.056000e+02
3.310000e+02 4.062000e+02
3.310000e+02 4.062000e+02
