1.840000e+02 3.312000e+02
1.840000e+02 3.312000e+02
1.840000e+02 3.294000e+02
1.835000e+02 3.270000e+02
1.835000e+02 3.240000e+02
1.835000e+02 3.204000e+02
1.835000e+02 3.174000e+02
1.835000e+02 3.132000e+02
1.840000e+02 3.090000e+02
1.845000e+02 3.012000e+02
1.845000e+02 2.958000e+02
1.855000e+02 2.892000e+02
1.860000e+02 2.820000e+02
1.860000e+02 2.754000e+02
1.865000e+02 2.682000e+02
1.870000e+02 2.610000e+02
1.875000e+02 2.544000e+02
1.880000e+02 2.466000e+02
1.885000e+02 2.394000e+02
1.895000e+02 2.322000e+02
1.900000e+02 2.256000e+02
1.910000e+02 2.190000e+02
1.915000e+02 2.124000e+02
1.930000e+02 2.028000e+02
1.935000e+02 1.956000e+02
1.940000e+02 1.890000e+02
1.950000e+02 1.818000e+02
1.950000e+02 1.776000e+02
1.960000e+02 1.668000e+02
1.965000e+02 1.596000e+02
1.975000e+02 1.500000e+02
1.975000e+02 1.440000e+02
1.980000e+02 1.392000e+02
1.980000e+02 1.344000e+02
1.985000e+02 1.308000e+02
1.985000e+02 1.278000e+02
1.985000e+02 1.248000e+02
1.990000e+02 1.218000e+02
1.990000e+02 1.194000e+02
1.990000e+02 1.170000e+02
1.985000e+02 1.152000e+02
1.985000e+02 1.134000e+02
1.980000e+02 1.122000e+02
1.980000e+02 1.116000e+02
1.980000e+02 1.110000e+02
1.980000e+02 1.104000e+02
1.980000e+02 1.104000e+02
1.980000e+02 1.104000e+02
1.980000e+02 1.104000e+02
