1.565000e+02 2.316000e+02
1.565000e+02 2.316000e+02
1.565000e+02 2.316000e+02
1.565000e+02 2.316000e+02
1.560000e+02 2.316000e+02
1.560000e+02 2.316000e+02
1.560000e+02 2.316000e+02
1.560000e+02 2.322000e+02
1.565000e+02 2.328000e+02
1.575000e+02 2.352000e+02
1.595000e+02 2.382000e+02
1.615000e+02 2.418000e+02
1.640000e+02 2.460000e+02
1.685000e+02 2.538000e+02
1.735000e+02 2.628000e+02
1.770000e+02 2.688000e+02
1.805000e+02 2.760000e+02
1.840000e+02 2.832000e+02
1.875000e+02 2.904000e+02
1.905000e+02 2.976000e+02
1.935000e+02 3.042000e+02
1.970000e+02 3.120000e+02
2.000000e+02 3.186000e+02
2.030000e+02 3.264000e+02
2.080000e+02 3.366000e+02
2.110000e+02 3.432000e+02
2.135000e+02 3.486000e+02
2.165000e+02 3.546000e+02
2.195000e+02 3.600000e+02
2.220000e+02 3.648000e+02
2.240000e+02 3.696000e+02
2.260000e+02 3.738000e+02
2.280000e+02 3.780000e+02
2.300000e+02 3.816000e+02
2.315000e+02 3.846000e+02
2.330000e+02 3.870000e+02
2.350000e+02 3.894000e+02
2.350000e+02 3.900000e+02
2.360000e+02 3.912000e+02
2.365000e+02 3.918000e+02
2.370000e+02 3.924000e+02
2.370000e+02 3.930000e+02
2.375000e+02 3.930000e+02
2.380000e+02 3.930000e+02
2.385000e+02 3.930000e+02
2.395000e+02 3.918000e+02
2.415000e+02 3.888000e+02
2.450000e+02 3.828000e+02
2.485000e+02 3.768000e+02
2.520000e+02 3.696000e+02
2.560000e+02 3.618000e+02
2.600000e+02 3.534000e+02
2.640000e+02 3.438000e+02
2.685000e+02 3.336000e+02
2.730000e+02 3.234000e+02
2.775000e+02 3.126000e+02
2.830000e+02 3.000000e+02
2.885000e+02 2.868000e+02
2.940000e+02 2.754000e+02
2.995000e+02 2.640000e+02
3.085000e+02 2.460000e+02
3.155000e+02 2.328000e+02
3.225000e+02 2.202000e+02
3.295000e+02 2.070000e+02
3.365000e+02 1.950000e+02
3.435000e+02 1.830000e+02
3.520000e+02 1.698000e+02
3.595000e+02 1.584000e+02
3.675000e+02 1.476000e+02
3.745000e+02 1.380000e+02
3.850000e+02 1.230000e+02
3.885000e+02 1.182000e+02
3.980000e+02 1.056000e+02
4.040000e+02 9.840000e+01
4.090000e+02 9.180000e+01
4.140000e+02 8.520000e+01
4.180000e+02 7.980000e+01
4.220000e+02 7.500000e+01
4.255000e+02 7.080000e+01
4.285000e+02 6.720000e+01
4.305000e+02 6.480000e+01
4.320000e+02 6.240000e+01
4.335000e+02 6.120000e+01
4.340000e+02 6.000000e+01
4.345000e+02 5.940000e+01
4.350000e+02 5.940000e+01
4.355000e+02 5.880000e+01
4.355000e+02 5.880000e+01
4.355000e+02 5.880000e+01
4.360000e+02 5.880000e+01
4.360000e+02 5.880000e+01
4.360000e+02 5.880000e+01
4.365000e+02 5.940000e+01
4.365000e+02 6.000000e+01
4.365000e+02 6.060000e+01
4.365000e+02 6.120000e+01
4.365000e+02 6.120000e+01
