7.300000e+01 3.522000e+02
7.300000e+01 3.522000e+02
7.350000e+01 3.522000e+02
7.400000e+01 3.522000e+02
7.450000e+01 3.516000e+02
7.600000e+01 3.510000e+02
8.050000e+01 3.498000e+02
8.400000e+01 3.486000e+02
8.850000e+01 3.480000e+02
9.450000e+01 3.474000e+02
1.010000e+02 3.468000e+02
1.075000e+02 3.456000e+02
1.145000e+02 3.450000e+02
1.215000e+02 3.444000e+02
1.300000e+02 3.438000e+02
1.375000e+02 3.426000e+02
1.455000e+02 3.420000e+02
1.585000e+02 3.402000e+02
1.675000e+02 3.396000e+02
1.725000e+02 3.384000e+02
1.865000e+02 3.372000e+02
1.960000e+02 3.366000e+02
2.055000e+02 3.354000e+02
2.150000e+02 3.348000e+02
2.245000e+02 3.342000e+02
2.390000e+02 3.330000e+02
2.480000e+02 3.324000e+02
2.575000e+02 3.318000e+02
2.675000e+02 3.312000e+02
2.760000e+02 3.306000e+02
2.845000e+02 3.306000e+02
2.930000e+02 3.300000e+02
3.015000e+02 3.300000e+02
3.100000e+02 3.300000e+02
3.190000e+02 3.300000e+02
3.270000e+02 3.294000e+02
3.390000e+02 3.294000e+02
3.460000e+02 3.294000e+02
3.540000e+02 3.288000e+02
3.570000e+02 3.288000e+02
3.640000e+02 3.288000e+02
3.705000e+02 3.288000e+02
3.775000e+02 3.282000e+02
3.840000e+02 3.282000e+02
3.905000e+02 3.276000e+02
3.965000e+02 3.276000e+02
4.025000e+02 3.276000e+02
4.080000e+02 3.270000e+02
4.140000e+02 3.270000e+02
4.190000e+02 3.270000e+02
4.235000e+02 3.270000e+02
4.285000e+02 3.270000e+02
4.325000e+02 3.270000e+02
4.360000e+02 3.270000e+02
4.400000e+02 3.270000e+02
4.445000e+02 3.270000e+02
4.460000e+02 3.270000e+02
4.485000e+02 3.270000e+02
4.505000e+02 3.270000e+02
4.525000e+02 3.270000e+02
4.540000e+02 3.276000e+02
4.560000e+02 3.276000e+02
4.575000e+02 3.276000e+02
4.590000e+02 3.276000e+02
4.605000e+02 3.276000e+02
4.620000e+02 3.276000e+02
4.640000e+02 3.276000e+02
4.650000e+02 3.276000e+02
4.660000e+02 3.282000e+02
4.665000e+02 3.282000e+02
4.665000e+02 3.282000e+02
4.675000e+02 3.282000e+02
4.680000e+02 3.282000e+02
4.690000e+02 3.288000e+02
4.695000e+02 3.288000e+02
4.695000e+02 3.288000e+02
