4.520000e+02 2.460000e+02
4.520000e+02 2.460000e+02
4.515000e+02 2.460000e+02
4.510000e+02 2.454000e+02
4.500000e+02 2.448000e+02
4.485000e+02 2.442000e+02
4.465000e+02 2.436000e+02
4.440000e+02 2.430000e+02
4.410000e+02 2.430000e+02
4.375000e+02 2.424000e+02
4.340000e+02 2.424000e+02
4.300000e+02 2.424000e+02
4.255000e+02 2.418000e+02
4.210000e+02 2.412000e+02
4.160000e+02 2.412000e+02
4.100000e+02 2.400000e+02
4.040000e+02 2.400000e+02
3.965000e+02 2.394000e+02
3.895000e+02 2.400000e+02
3.815000e+02 2.406000e+02
3.730000e+02 2.412000e+02
3.650000e+02 2.424000e+02
3.560000e+02 2.430000e+02
3.470000e+02 2.436000e+02
3.350000e+02 2.448000e+02
3.310000e+02 2.448000e+02
3.235000e+02 2.448000e+02
3.155000e+02 2.454000e+02
3.085000e+02 2.454000e+02
3.015000e+02 2.460000e+02
2.955000e+02 2.460000e+02
2.890000e+02 2.460000e+02
2.830000e+02 2.466000e+02
2.775000e+02 2.466000e+02
2.720000e+02 2.466000e+02
2.650000e+02 2.460000e+02
2.625000e+02 2.460000e+02
2.535000e+02 2.460000e+02
2.495000e+02 2.460000e+02
2.460000e+02 2.460000e+02
2.425000e+02 2.460000e+02
2.390000e+02 2.466000e+02
2.360000e+02 2.466000e+02
2.325000e+02 2.466000e+02
2.310000e+02 2.472000e+02
2.290000e+02 2.472000e+02
2.280000e+02 2.472000e+02
2.265000e+02 2.472000e+02
2.260000e+02 2.478000e+02
2.250000e+02 2.478000e+02
2.245000e+02 2.478000e+02
2.240000e+02 2.478000e+02
2.240000e+02 2.478000e+02
2.235000e+02 2.472000e+02
2.235000e+02 2.472000e+02
