4.775000e+02 9.540000e+01
4.775000e+02 9.540000e+01
4.775000e+02 9.540000e+01
4.775000e+02 9.540000e+01
4.775000e+02 9.540000e+01
4.770000e+02 9.540000e+01
4.770000e+02 9.600000e+01
4.765000e+02 9.780000e+01
4.765000e+02 1.020000e+02
4.760000e+02 1.050000e+02
4.760000e+02 1.068000e+02
4.750000e+02 1.134000e+02
4.750000e+02 1.182000e+02
4.745000e+02 1.206000e+02
4.740000e+02 1.278000e+02
4.740000e+02 1.326000e+02
4.735000e+02 1.374000e+02
4.735000e+02 1.434000e+02
4.730000e+02 1.488000e+02
4.730000e+02 1.542000e+02
4.730000e+02 1.590000e+02
4.725000e+02 1.638000e+02
4.725000e+02 1.686000e+02
4.725000e+02 1.740000e+02
4.720000e+02 1.812000e+02
4.720000e+02 1.872000e+02
4.720000e+02 1.920000e+02
4.720000e+02 1.968000e+02
4.720000e+02 2.016000e+02
4.720000e+02 2.064000e+02
4.720000e+02 2.106000e+02
4.715000e+02 2.142000e+02
4.715000e+02 2.196000e+02
4.715000e+02 2.238000e+02
4.715000e+02 2.274000e+02
4.715000e+02 2.322000e+02
4.715000e+02 2.364000e+02
4.715000e+02 2.406000e+02
4.715000e+02 2.466000e+02
4.715000e+02 2.508000e+02
4.715000e+02 2.538000e+02
4.715000e+02 2.568000e+02
4.720000e+02 2.598000e+02
4.720000e+02 2.628000e+02
4.725000e+02 2.664000e+02
4.725000e+02 2.688000e+02
4.725000e+02 2.712000e+02
4.730000e+02 2.730000e+02
4.730000e+02 2.748000e+02
4.730000e+02 2.772000e+02
4.730000e+02 2.790000e+02
4.735000e+02 2.832000e+02
4.735000e+02 2.850000e+02
4.735000e+02 2.868000e+02
4.735000e+02 2.886000e+02
4.735000e+02 2.898000e+02
4.735000e+02 2.910000e+02
4.735000e+02 2.922000e+02
4.735000e+02 2.928000e+02
4.735000e+02 2.934000e+02
4.735000e+02 2.940000e+02
4.735000e+02 2.946000e+02
4.735000e+02 2.952000e+02
4.740000e+02 2.958000e+02
4.740000e+02 2.958000e+02
4.740000e+02 2.964000e+02
4.740000e+02 2.964000e+02
4.740000e+02 2.964000e+02
4.740000e+02 2.964000e+02
4.740000e+02 2.964000e+02
4.745000e+02 2.964000e+02
4.750000e+02 2.958000e+02
4.750000e+02 2.958000e+02
