3.300000e+02 3.498000e+02
3.300000e+02 3.498000e+02
3.300000e+02 3.498000e+02
3.300000e+02 3.486000e+02
3.295000e+02 3.480000e+02
3.295000e+02 3.462000e+02
3.290000e+02 3.450000e+02
3.290000e+02 3.426000e+02
3.290000e+02 3.402000e+02
3.290000e+02 3.366000e+02
3.285000e+02 3.324000e+02
3.285000e+02 3.282000e+02
3.285000e+02 3.240000e+02
3.285000e+02 3.192000e+02
3.285000e+02 3.138000e+02
3.285000e+02 3.090000e+02
3.285000e+02 3.066000e+02
3.285000e+02 3.018000e+02
3.285000e+02 2.970000e+02
3.285000e+02 2.916000e+02
3.280000e+02 2.868000e+02
3.280000e+02 2.790000e+02
3.280000e+02 2.736000e+02
3.280000e+02 2.682000e+02
3.275000e+02 2.622000e+02
3.275000e+02 2.562000e+02
3.275000e+02 2.514000e+02
3.280000e+02 2.484000e+02
3.280000e+02 2.430000e+02
3.280000e+02 2.376000e+02
3.285000e+02 2.322000e+02
3.285000e+02 2.274000e+02
3.285000e+02 2.220000e+02
3.285000e+02 2.172000e+02
3.285000e+02 2.118000e+02
3.290000e+02 2.064000e+02
3.290000e+02 2.016000e+02
3.290000e+02 1.968000e+02
3.290000e+02 1.920000e+02
3.290000e+02 1.878000e+02
3.290000e+02 1.830000e+02
3.290000e+02 1.788000e+02
3.290000e+02 1.752000e+02
3.285000e+02 1.710000e+02
3.285000e+02 1.668000e+02
3.285000e+02 1.632000e+02
3.285000e+02 1.590000e+02
3.285000e+02 1.560000e+02
3.280000e+02 1.524000e+02
3.280000e+02 1.482000e+02
3.280000e+02 1.458000e+02
3.280000e+02 1.434000e+02
3.280000e+02 1.410000e+02
3.280000e+02 1.392000e+02
3.280000e+02 1.368000e+02
3.280000e+02 1.344000e+02
3.280000e+02 1.326000e+02
3.280000e+02 1.314000e+02
3.280000e+02 1.302000e+02
3.280000e+02 1.296000e+02
3.280000e+02 1.290000e+02
3.280000e+02 1.284000e+02
3.280000e+02 1.284000e+02
3.280000e+02 1.284000e+02
3.280000e+02 1.284000e+02
3.280000e+02 1.284000e+02
