2.515000e+02 1.368000e+02
2.510000e+02 1.362000e+02
2.510000e+02 1.356000e+02
2.510000e+02 1.356000e+02
2.510000e+02 1.356000e+02
2.510000e+02 1.350000e+02
2.510000e+02 1.350000e+02
2.510000e+02 1.350000e+02
2.510000e+02 1.350000e+02
2.515000e+02 1.350000e+02
2.530000e+02 1.350000e+02
2.585000e+02 1.362000e+02
2.665000e+02 1.368000e+02
2.750000e+02 1.368000e+02
2.845000e+02 1.368000e+02
2.950000e+02 1.368000e+02
3.150000e+02 1.362000e+02
3.240000e+02 1.362000e+02
3.330000e+02 1.362000e+02
3.425000e+02 1.362000e+02
3.565000e+02 1.362000e+02
3.705000e+02 1.362000e+02
3.795000e+02 1.356000e+02
3.865000e+02 1.356000e+02
3.940000e+02 1.356000e+02
4.010000e+02 1.356000e+02
4.065000e+02 1.356000e+02
4.110000e+02 1.356000e+02
4.145000e+02 1.356000e+02
4.165000e+02 1.362000e+02
4.185000e+02 1.362000e+02
4.195000e+02 1.368000e+02
4.200000e+02 1.368000e+02
4.205000e+02 1.374000e+02
4.205000e+02 1.374000e+02
4.210000e+02 1.374000e+02
4.210000e+02 1.380000e+02
4.210000e+02 1.386000e+02
4.205000e+02 1.392000e+02
4.205000e+02 1.398000e+02
4.200000e+02 1.404000e+02
4.195000e+02 1.422000e+02
4.190000e+02 1.440000e+02
4.185000e+02 1.464000e+02
4.185000e+02 1.494000e+02
4.180000e+02 1.524000e+02
4.180000e+02 1.584000e+02
4.185000e+02 1.626000e+02
4.185000e+02 1.692000e+02
4.190000e+02 1.740000e+02
4.195000e+02 1.794000e+02
4.195000e+02 1.854000e+02
4.200000e+02 1.908000e+02
4.200000e+02 1.962000e+02
4.200000e+02 2.022000e+02
4.200000e+02 2.076000e+02
4.200000e+02 2.124000e+02
4.205000e+02 2.202000e+02
4.205000e+02 2.220000e+02
4.205000e+02 2.262000e+02
4.205000e+02 2.310000e+02
4.205000e+02 2.352000e+02
4.205000e+02 2.370000e+02
4.200000e+02 2.406000e+02
4.200000e+02 2.430000e+02
4.200000e+02 2.454000e+02
4.195000e+02 2.478000e+02
4.195000e+02 2.502000e+02
4.190000e+02 2.520000e+02
4.190000e+02 2.532000e+02
4.190000e+02 2.544000e+02
4.190000e+02 2.550000e+02
4.185000e+02 2.556000e+02
4.185000e+02 2.556000e+02
4.185000e+02 2.562000e+02
4.180000e+02 2.562000e+02
4.175000e+02 2.562000e+02
4.170000e+02 2.568000e+02
4.165000e+02 2.568000e+02
4.155000e+02 2.562000e+02
4.115000e+02 2.556000e+02
4.055000e+02 2.550000e+02
3.940000e+02 2.544000e+02
3.855000e+02 2.544000e+02
3.770000e+02 2.556000e+02
3.640000e+02 2.562000e+02
3.565000e+02 2.562000e+02
3.480000e+02 2.568000e+02
3.395000e+02 2.568000e+02
3.305000e+02 2.574000e+02
3.215000e+02 2.574000e+02
3.130000e+02 2.580000e+02
3.050000e+02 2.580000e+02
2.965000e+02 2.586000e+02
2.880000e+02 2.592000e+02
2.760000e+02 2.604000e+02
2.685000e+02 2.616000e+02
2.605000e+02 2.622000e+02
2.540000e+02 2.634000e+02
2.470000e+02 2.640000e+02
2.420000e+02 2.646000e+02
2.370000e+02 2.652000e+02
2.335000e+02 2.658000e+02
2.300000e+02 2.664000e+02
2.275000e+02 2.664000e+02
2.250000e+02 2.670000e+02
2.230000e+02 2.670000e+02
2.215000e+02 2.670000e+02
2.195000e+02 2.676000e+02
2.190000e+02 2.676000e+02
2.180000e+02 2.676000e+02
2.170000e+02 2.676000e+02
2.160000e+02 2.676000e+02
2.155000e+02 2.676000e+02
2.150000e+02 2.676000e+02
2.145000e+02 2.676000e+02
2.140000e+02 2.676000e+02
2.135000e+02 2.670000e+02
2.135000e+02 2.664000e+02
2.135000e+02 2.664000e+02
2.135000e+02 2.658000e+02
2.130000e+02 2.646000e+02
2.130000e+02 2.640000e+02
2.130000e+02 2.628000e+02
2.130000e+02 2.610000e+02
2.135000e+02 2.562000e+02
2.135000e+02 2.544000e+02
2.145000e+02 2.502000e+02
2.155000e+02 2.454000e+02
2.165000e+02 2.394000e+02
2.185000e+02 2.334000e+02
2.205000e+02 2.268000e+02
2.235000e+02 2.172000e+02
2.240000e+02 2.136000e+02
2.265000e+02 2.040000e+02
2.270000e+02 2.010000e+02
2.285000e+02 1.950000e+02
2.295000e+02 1.896000e+02
2.310000e+02 1.836000e+02
2.325000e+02 1.782000e+02
2.350000e+02 1.692000e+02
2.355000e+02 1.662000e+02
2.370000e+02 1.608000e+02
2.385000e+02 1.560000e+02
2.400000e+02 1.500000e+02
2.415000e+02 1.452000e+02
2.435000e+02 1.404000e+02
2.450000e+02 1.368000e+02
2.465000e+02 1.332000e+02
2.470000e+02 1.314000e+02
2.475000e+02 1.296000e+02
2.480000e+02 1.290000e+02
2.480000e+02 1.284000e+02
2.480000e+02 1.278000e+02
2.485000e+02 1.278000e+02
2.485000e+02 1.278000e+02
2.485000e+02 1.284000e+02
2.485000e+02 1.284000e+02
