1.230000e+02 2.076000e+02
1.230000e+02 2.076000e+02
1.230000e+02 2.076000e+02
1.225000e+02 2.076000e+02
1.225000e+02 2.076000e+02
1.225000e+02 2.076000e+02
1.225000e+02 2.076000e+02
1.230000e+02 2.082000e+02
1.235000e+02 2.082000e+02
1.240000e+02 2.094000e+02
1.260000e+02 2.118000e+02
1.280000e+02 2.142000e+02
1.300000e+02 2.172000e+02
1.325000e+02 2.208000e+02
1.350000e+02 2.250000e+02
1.375000e+02 2.286000e+02
1.410000e+02 2.334000e+02
1.445000e+02 2.382000e+02
1.500000e+02 2.442000e+02
1.555000e+02 2.520000e+02
1.610000e+02 2.598000e+02
1.650000e+02 2.646000e+02
1.690000e+02 2.700000e+02
1.725000e+02 2.748000e+02
1.765000e+02 2.802000e+02
1.805000e+02 2.856000e+02
1.840000e+02 2.898000e+02
1.875000e+02 2.940000e+02
1.910000e+02 2.982000e+02
1.940000e+02 3.024000e+02
1.970000e+02 3.060000e+02
2.010000e+02 3.108000e+02
2.040000e+02 3.144000e+02
2.060000e+02 3.168000e+02
2.085000e+02 3.192000e+02
2.095000e+02 3.204000e+02
2.105000e+02 3.216000e+02
2.110000e+02 3.222000e+02
2.115000e+02 3.228000e+02
2.120000e+02 3.234000e+02
2.125000e+02 3.234000e+02
2.130000e+02 3.240000e+02
2.130000e+02 3.240000e+02
2.135000e+02 3.240000e+02
2.135000e+02 3.240000e+02
2.135000e+02 3.240000e+02
2.140000e+02 3.240000e+02
2.150000e+02 3.228000e+02
2.155000e+02 3.228000e+02
2.190000e+02 3.186000e+02
2.205000e+02 3.168000e+02
2.255000e+02 3.096000e+02
2.280000e+02 3.072000e+02
2.365000e+02 2.958000e+02
2.430000e+02 2.874000e+02
2.490000e+02 2.796000e+02
2.560000e+02 2.718000e+02
2.625000e+02 2.640000e+02
2.705000e+02 2.544000e+02
2.775000e+02 2.460000e+02
2.850000e+02 2.376000e+02
2.920000e+02 2.292000e+02
2.995000e+02 2.214000e+02
3.075000e+02 2.118000e+02
3.145000e+02 2.040000e+02
3.250000e+02 1.926000e+02
3.320000e+02 1.848000e+02
3.400000e+02 1.764000e+02
3.470000e+02 1.692000e+02
3.540000e+02 1.620000e+02
3.605000e+02 1.548000e+02
3.675000e+02 1.482000e+02
3.735000e+02 1.422000e+02
3.795000e+02 1.362000e+02
3.850000e+02 1.308000e+02
3.930000e+02 1.230000e+02
3.955000e+02 1.212000e+02
3.995000e+02 1.170000e+02
4.055000e+02 1.116000e+02
4.070000e+02 1.104000e+02
4.105000e+02 1.068000e+02
4.125000e+02 1.050000e+02
4.140000e+02 1.032000e+02
4.150000e+02 1.026000e+02
4.160000e+02 1.014000e+02
4.165000e+02 1.014000e+02
4.170000e+02 1.008000e+02
4.170000e+02 1.002000e+02
4.175000e+02 1.002000e+02
4.175000e+02 1.002000e+02
4.175000e+02 1.002000e+02
4.180000e+02 1.002000e+02
4.180000e+02 1.002000e+02
4.180000e+02 1.002000e+02
4.180000e+02 1.008000e+02
4.180000e+02 1.008000e+02
4.180000e+02 1.008000e+02
