8.000000e+01 1.362000e+02
8.000000e+01 1.362000e+02
8.050000e+01 1.362000e+02
8.050000e+01 1.356000e+02
8.150000e+01 1.350000e+02
8.350000e+01 1.344000e+02
8.550000e+01 1.332000e+02
8.900000e+01 1.326000e+02
9.150000e+01 1.320000e+02
9.600000e+01 1.308000e+02
1.020000e+02 1.302000e+02
1.080000e+02 1.302000e+02
1.145000e+02 1.296000e+02
1.210000e+02 1.290000e+02
1.315000e+02 1.290000e+02
1.385000e+02 1.284000e+02
1.430000e+02 1.284000e+02
1.500000e+02 1.278000e+02
1.540000e+02 1.278000e+02
1.620000e+02 1.266000e+02
1.705000e+02 1.260000e+02
1.745000e+02 1.260000e+02
1.865000e+02 1.248000e+02
1.955000e+02 1.242000e+02
2.040000e+02 1.236000e+02
2.080000e+02 1.230000e+02
2.165000e+02 1.218000e+02
2.240000e+02 1.218000e+02
2.325000e+02 1.206000e+02
2.415000e+02 1.200000e+02
2.505000e+02 1.194000e+02
2.625000e+02 1.182000e+02
2.665000e+02 1.182000e+02
2.780000e+02 1.176000e+02
2.890000e+02 1.170000e+02
2.960000e+02 1.170000e+02
2.995000e+02 1.170000e+02
3.105000e+02 1.164000e+02
3.145000e+02 1.158000e+02
3.215000e+02 1.158000e+02
3.295000e+02 1.158000e+02
3.365000e+02 1.152000e+02
3.435000e+02 1.152000e+02
3.500000e+02 1.152000e+02
3.565000e+02 1.158000e+02
3.660000e+02 1.164000e+02
3.725000e+02 1.164000e+02
3.795000e+02 1.164000e+02
3.860000e+02 1.158000e+02
3.960000e+02 1.158000e+02
4.085000e+02 1.158000e+02
4.145000e+02 1.158000e+02
4.230000e+02 1.158000e+02
4.285000e+02 1.158000e+02
4.340000e+02 1.158000e+02
4.395000e+02 1.164000e+02
4.445000e+02 1.164000e+02
4.475000e+02 1.164000e+02
4.555000e+02 1.170000e+02
4.620000e+02 1.170000e+02
4.660000e+02 1.176000e+02
4.680000e+02 1.176000e+02
4.740000e+02 1.182000e+02
4.765000e+02 1.182000e+02
4.810000e+02 1.182000e+02
4.850000e+02 1.182000e+02
4.890000e+02 1.182000e+02
4.925000e+02 1.182000e+02
4.955000e+02 1.182000e+02
4.975000e+02 1.176000e+02
5.005000e+02 1.176000e+02
5.020000e+02 1.176000e+02
5.060000e+02 1.182000e+02
5.070000e+02 1.182000e+02
5.070000e+02 1.182000e+02
