3.000000e+02 3.444000e+02
3.000000e+02 3.444000e+02
3.000000e+02 3.438000e+02
2.995000e+02 3.438000e+02
2.995000e+02 3.432000e+02
2.995000e+02 3.426000e+02
2.995000e+02 3.414000e+02
2.995000e+02 3.384000e+02
2.995000e+02 3.360000e+02
2.995000e+02 3.324000e+02
2.990000e+02 3.288000e+02
2.990000e+02 3.246000e+02
2.990000e+02 3.198000e+02
2.990000e+02 3.156000e+02
2.985000e+02 3.108000e+02
2.985000e+02 3.060000e+02
2.985000e+02 3.006000e+02
2.985000e+02 2.958000e+02
2.990000e+02 2.904000e+02
2.990000e+02 2.820000e+02
2.990000e+02 2.790000e+02
2.995000e+02 2.736000e+02
2.995000e+02 2.676000e+02
2.995000e+02 2.616000e+02
3.000000e+02 2.556000e+02
3.000000e+02 2.502000e+02
3.005000e+02 2.436000e+02
3.005000e+02 2.352000e+02
3.005000e+02 2.322000e+02
3.010000e+02 2.268000e+02
3.010000e+02 2.238000e+02
3.010000e+02 2.184000e+02
3.015000e+02 2.112000e+02
3.015000e+02 2.064000e+02
3.020000e+02 2.022000e+02
3.020000e+02 1.974000e+02
3.020000e+02 1.926000e+02
3.020000e+02 1.884000e+02
3.020000e+02 1.842000e+02
3.020000e+02 1.806000e+02
3.020000e+02 1.770000e+02
3.020000e+02 1.734000e+02
3.020000e+02 1.704000e+02
3.020000e+02 1.674000e+02
3.020000e+02 1.632000e+02
3.020000e+02 1.620000e+02
3.020000e+02 1.590000e+02
3.025000e+02 1.566000e+02
3.025000e+02 1.548000e+02
3.025000e+02 1.524000e+02
3.025000e+02 1.500000e+02
3.025000e+02 1.482000e+02
3.025000e+02 1.464000e+02
3.025000e+02 1.452000e+02
3.025000e+02 1.428000e+02
3.025000e+02 1.422000e+02
3.025000e+02 1.416000e+02
3.025000e+02 1.404000e+02
3.025000e+02 1.398000e+02
3.025000e+02 1.392000e+02
3.025000e+02 1.386000e+02
3.030000e+02 1.386000e+02
3.030000e+02 1.380000e+02
3.030000e+02 1.380000e+02
3.030000e+02 1.386000e+02
3.030000e+02 1.386000e+02
