2.380000e+02 1.086000e+02
2.380000e+02 1.086000e+02
2.405000e+02 1.134000e+02
2.420000e+02 1.182000e+02
2.430000e+02 1.212000e+02
2.450000e+02 1.278000e+02
2.465000e+02 1.314000e+02
2.495000e+02 1.404000e+02
2.510000e+02 1.458000e+02
2.540000e+02 1.572000e+02
2.575000e+02 1.686000e+02
2.610000e+02 1.818000e+02
2.625000e+02 1.884000e+02
2.655000e+02 2.022000e+02
2.670000e+02 2.088000e+02
2.705000e+02 2.214000e+02
2.745000e+02 2.334000e+02
2.765000e+02 2.400000e+02
2.810000e+02 2.520000e+02
2.860000e+02 2.652000e+02
2.905000e+02 2.784000e+02
2.975000e+02 2.994000e+02
2.995000e+02 3.060000e+02
3.035000e+02 3.198000e+02
3.075000e+02 3.336000e+02
3.095000e+02 3.402000e+02
3.130000e+02 3.516000e+02
3.165000e+02 3.636000e+02
3.180000e+02 3.684000e+02
3.205000e+02 3.792000e+02
3.215000e+02 3.840000e+02
3.235000e+02 3.924000e+02
3.245000e+02 3.996000e+02
3.245000e+02 4.026000e+02
3.245000e+02 4.068000e+02
3.240000e+02 4.086000e+02
3.235000e+02 4.110000e+02
3.230000e+02 4.122000e+02
3.215000e+02 4.128000e+02
3.200000e+02 4.134000e+02
3.185000e+02 4.134000e+02
3.155000e+02 4.134000e+02
3.120000e+02 4.134000e+02
3.105000e+02 4.128000e+02
3.065000e+02 4.128000e+02
3.015000e+02 4.116000e+02
2.970000e+02 4.104000e+02
2.940000e+02 4.098000e+02
2.885000e+02 4.092000e+02
2.820000e+02 4.074000e+02
2.790000e+02 4.068000e+02
2.755000e+02 4.062000e+02
2.685000e+02 4.044000e+02
2.645000e+02 4.038000e+02
2.575000e+02 4.026000e+02
2.505000e+02 4.020000e+02
2.465000e+02 4.020000e+02
2.395000e+02 4.014000e+02
2.320000e+02 4.014000e+02
2.290000e+02 4.014000e+02
2.215000e+02 4.020000e+02
2.150000e+02 4.026000e+02
2.120000e+02 4.032000e+02
2.060000e+02 4.038000e+02
2.015000e+02 4.044000e+02
1.975000e+02 4.044000e+02
1.955000e+02 4.044000e+02
1.920000e+02 4.044000e+02
1.910000e+02 4.038000e+02
1.885000e+02 4.032000e+02
1.880000e+02 4.026000e+02
1.865000e+02 4.020000e+02
1.860000e+02 4.014000e+02
1.860000e+02 4.008000e+02
1.860000e+02 3.996000e+02
1.865000e+02 3.984000e+02
1.880000e+02 3.966000e+02
1.900000e+02 3.930000e+02
1.910000e+02 3.912000e+02
1.935000e+02 3.870000e+02
1.950000e+02 3.840000e+02
1.985000e+02 3.786000e+02
2.020000e+02 3.726000e+02
2.060000e+02 3.660000e+02
2.105000e+02 3.588000e+02
2.155000e+02 3.510000e+02
2.180000e+02 3.462000e+02
2.235000e+02 3.372000e+02
2.300000e+02 3.270000e+02
2.330000e+02 3.222000e+02
2.395000e+02 3.114000e+02
2.470000e+02 3.012000e+02
2.505000e+02 2.958000e+02
2.585000e+02 2.856000e+02
2.660000e+02 2.760000e+02
2.700000e+02 2.706000e+02
2.785000e+02 2.598000e+02
2.870000e+02 2.490000e+02
2.915000e+02 2.442000e+02
3.000000e+02 2.334000e+02
3.090000e+02 2.232000e+02
3.135000e+02 2.178000e+02
3.230000e+02 2.076000e+02
3.325000e+02 1.968000e+02
3.375000e+02 1.908000e+02
3.520000e+02 1.746000e+02
3.615000e+02 1.644000e+02
3.660000e+02 1.584000e+02
3.765000e+02 1.476000e+02
3.870000e+02 1.368000e+02
3.925000e+02 1.308000e+02
4.025000e+02 1.206000e+02
4.125000e+02 1.104000e+02
4.215000e+02 1.020000e+02
4.335000e+02 9.000000e+01
4.395000e+02 8.460000e+01
4.450000e+02 7.920000e+01
4.475000e+02 7.620000e+01
4.515000e+02 7.260000e+01
4.545000e+02 6.960000e+01
4.575000e+02 6.720000e+01
4.590000e+02 6.540000e+01
4.595000e+02 6.480000e+01
4.605000e+02 6.420000e+01
4.610000e+02 6.360000e+01
4.610000e+02 6.360000e+01
4.615000e+02 6.300000e+01
4.620000e+02 6.300000e+01
4.620000e+02 6.240000e+01
4.620000e+02 6.240000e+01
4.620000e+02 6.240000e+01
4.620000e+02 6.240000e+01
4.615000e+02 6.240000e+01
4.615000e+02 6.240000e+01
4.615000e+02 6.240000e+01
4.615000e+02 6.240000e+01
4.615000e+02 6.240000e+01
4.615000e+02 6.240000e+01
4.615000e+02 6.240000e+01
4.610000e+02 6.240000e+01
4.610000e+02 6.240000e+01
4.610000e+02 6.180000e+01
4.610000e+02 6.180000e+01
