1.184000e+02 2.248000e+02
1.216000e+02 2.256000e+02
1.296000e+02 2.256000e+02
1.440000e+02 2.256000e+02
1.584000e+02 2.256000e+02
1.672000e+02 2.256000e+02
1.696000e+02 2.256000e+02
1.736000e+02 2.256000e+02
1.848000e+02 2.256000e+02
2.032000e+02 2.256000e+02
2.128000e+02 2.264000e+02
2.176000e+02 2.264000e+02
2.272000e+02 2.264000e+02
2.456000e+02 2.264000e+02
2.616000e+02 2.264000e+02
2.728000e+02 2.264000e+02
2.808000e+02 2.264000e+02
2.920000e+02 2.264000e+02
2.992000e+02 2.264000e+02
3.072000e+02 2.264000e+02
3.240000e+02 2.272000e+02
3.376000e+02 2.272000e+02
3.480000e+02 2.288000e+02
3.616000e+02 2.288000e+02
3.752000e+02 2.288000e+02
3.856000e+02 2.288000e+02
3.952000e+02 2.288000e+02
4.016000e+02 2.288000e+02
4.128000e+02 2.288000e+02
4.256000e+02 2.288000e+02
4.336000e+02 2.288000e+02
4.440000e+02 2.288000e+02
4.536000e+02 2.288000e+02
4.600000e+02 2.288000e+02
4.680000e+02 2.288000e+02
4.768000e+02 2.288000e+02
4.872000e+02 2.288000e+02
4.896000e+02 2.288000e+02
4.920000e+02 2.288000e+02
4.952000e+02 2.288000e+02
4.968000e+02 2.288000e+02
5.040000e+02 2.288000e+02
5.176000e+02 2.288000e+02
5.272000e+02 2.288000e+02
5.288000e+02 2.288000e+02
5.312000e+02 2.288000e+02
5.328000e+02 2.288000e+02
